   0.0000000e+00   2.6908511e+02   3.3720638e+01
   1.0000000e-01   4.5085106e+01   8.0680638e+01
   2.0000000e-01   2.1008511e+02   1.8608064e+02
   3.0000000e-01   1.8808511e+02   9.2960638e+01
   4.0000000e-01   1.4208511e+02   4.1800638e+01
   5.0000000e-01   3.8708511e+02   5.8000638e+01
   6.0000000e-01   2.0308511e+02   8.6360638e+01
   7.0000000e-01   2.4908511e+02   1.5252064e+02
   8.0000000e-01   3.2408511e+02  -7.1479362e+01
   9.0000000e-01   2.8108511e+02   7.0240638e+01
   1.0000000e+00   1.6608511e+02   4.3840638e+01
   1.1000000e+00   3.6508511e+02   9.0880638e+01
   1.2000000e+00   1.6708511e+02   2.9800638e+01
   1.3000000e+00   1.9608511e+02   1.0064064e+02
   1.4000000e+00   1.3408511e+02  -8.7936170e-01
   1.5000000e+00   2.0808511e+02   1.8160638e+01
   1.6000000e+00   3.4108511e+02   4.9840638e+01
   1.7000000e+00   1.4708511e+02   5.9600638e+01
   1.8000000e+00   1.3408511e+02   9.0120638e+01
   1.9000000e+00   2.1508511e+02   5.6880638e+01
   2.0000000e+00   8.7085106e+01   1.9200064e+02
   2.1000000e+00   1.3408511e+02   9.0120638e+01
   2.2000000e+00   8.6085106e+01   1.2004064e+02
   2.3000000e+00   1.7408511e+02   4.9520638e+01
   2.4000000e+00   8.8085106e+01   5.4960638e+01
   2.5000000e+00   2.9608511e+02   5.3640638e+01
   2.6000000e+00   1.5508511e+02   1.2728064e+02
   2.7000000e+00   1.4308511e+02   7.3760638e+01
   2.8000000e+00   2.3808511e+02   1.0596064e+02
   2.9000000e+00   2.8308511e+02   2.6160638e+01
   3.0000000e+00   2.9408511e+02  -1.5279362e+01
   3.1000000e+00   3.0851064e+00   3.0360638e+01
   3.2000000e+00   1.3908511e+02   1.4492064e+02
   3.3000000e+00   2.1208511e+02   5.9000638e+01
   3.4000000e+00   2.6808511e+02   1.2876064e+02
   3.5000000e+00   2.4308511e+02  -1.8239362e+01
   3.6000000e+00   5.7085106e+01   1.1820064e+02
   3.7000000e+00   2.7608511e+02   2.1440638e+01
   3.8000000e+00   9.6085106e+01   1.2664064e+02
   3.9000000e+00   2.1508511e+02   1.0088064e+02
   4.0000000e+00   2.7108511e+02   6.8640638e+01
   4.1000000e+00   2.3008511e+02   1.0328064e+02
   4.2000000e+00   2.3208511e+02   3.2200638e+01
   4.3000000e+00   2.1108511e+02   1.3004064e+02
   4.4000000e+00   1.8508511e+02  -2.4919362e+01
   4.5000000e+00   1.1608511e+02  -2.2159362e+01
   4.6000000e+00   1.7108511e+02   2.7640638e+01
   4.7000000e+00   9.9085106e+01   1.0252064e+02
   4.8000000e+00   1.7408511e+02   1.0252064e+02
   4.9000000e+00   1.8008511e+02   3.2280638e+01
   5.0000000e+00   4.0851064e+00   1.1332064e+02
   5.1000000e+00   3.3408511e+02   1.5312064e+02
   5.2000000e+00   8.7085106e+01   1.3300064e+02
   5.3000000e+00   3.3008511e+02  -2.6719362e+01
   5.4000000e+00   4.8085106e+01   1.1656064e+02
   5.5000000e+00   2.6808511e+02   1.4176064e+02
   5.6000000e+00   1.3308511e+02   1.0160638e+01
   5.7000000e+00   1.4908511e+02  -3.4793617e+00
   5.8000000e+00   4.6085106e+01   9.1640638e+01
   5.9000000e+00   9.4085106e+01   9.5720638e+01
   6.0000000e+00   7.2085106e+01   1.2660064e+02
   6.1000000e+00   1.1708511e+02   5.8006383e+00
   6.2000000e+00   1.7608511e+02   2.6440638e+01
   6.3000000e+00   1.2408511e+02   1.1052064e+02
   6.4000000e+00   3.2008511e+02   7.4680638e+01
   6.5000000e+00   2.2308511e+02   6.8560638e+01
   6.6000000e+00   9.9085106e+01   1.4652064e+02
   6.7000000e+00   1.7808511e+02   7.5360638e+01
   6.8000000e+00   1.5608511e+02   7.5240638e+01
   6.9000000e+00   1.2008511e+02   3.9680638e+01
   7.0000000e+00   2.3908511e+02   2.3192064e+02
   7.1000000e+00   2.4208511e+02   8.1800638e+01
   7.2000000e+00   3.9085106e+01   1.8992064e+02
   7.3000000e+00   1.2108511e+02   5.3640638e+01
   7.4000000e+00   1.4808511e+02   6.2560638e+01
   7.5000000e+00   3.6085106e+01   6.8040638e+01
   7.6000000e+00   2.9208511e+02  -2.1993617e+00
   7.7000000e+00   4.2408511e+02   1.7520638e+01
   7.8000000e+00   1.5708511e+02   1.1220064e+02
   7.9000000e+00   1.7408511e+02   8.0520638e+01
   8.0000000e+00   9.3085106e+01   1.7676064e+02
   8.1000000e+00   1.7508511e+02   1.2348064e+02
   8.2000000e+00   2.7508511e+02   1.5748064e+02
   8.3000000e+00   9.1085106e+01   1.3884064e+02
   8.4000000e+00   2.2508511e+02   1.8480638e+01
   8.5000000e+00   2.2908511e+02   6.1320638e+01
   8.6000000e+00   1.7708511e+02   1.2940064e+02
   8.7000000e+00   2.8108511e+02   4.1240638e+01
   8.8000000e+00   2.8708511e+02   1.2200064e+02
   8.9000000e+00   1.7108511e+02  -2.2359362e+01
   9.0000000e+00   1.5408511e+02   3.4320638e+01
   9.1000000e+00   3.0808511e+02   1.7516064e+02
   9.2000000e+00   2.3108511e+02   2.4024064e+02
   9.3000000e+00   1.8308511e+02   6.1160638e+01
   9.4000000e+00   1.7208511e+02   1.3260064e+02
   9.5000000e+00   2.2408511e+02   1.2552064e+02
   9.6000000e+00   2.6708511e+02   1.1480064e+02
   9.7000000e+00   3.4085106e+01   1.4120638e+01
   9.8000000e+00   7.1085106e+01   2.1640638e+01
   9.9000000e+00   1.3708511e+02   1.5200064e+02
   1.0000000e+01   2.4408511e+02   4.3720638e+01
   1.0100000e+01   1.4908511e+02  -6.6479362e+01
   1.0200000e+01   9.1085106e+01   1.7484064e+02
   1.0300000e+01   8.8085106e+01   8.9606383e+00
   1.0400000e+01   8.5106383e-02   8.6480638e+01
   1.0500000e+01   1.2808511e+02   6.9360638e+01
   1.0600000e+01   1.0608511e+02   4.5240638e+01
   1.0700000e+01   7.3085106e+01   1.6056064e+02
   1.0800000e+01   1.8408511e+02   1.0112064e+02
   1.0900000e+01   1.8208511e+02   6.7200638e+01
   1.1000000e+01   3.7508511e+02   3.2480638e+01
   1.1100000e+01   1.0408511e+02   1.4732064e+02
   1.1200000e+01   1.7608511e+02   1.1644064e+02
   1.1300000e+01   3.9208511e+02   1.6780064e+02
   1.1400000e+01   1.2308511e+02   1.2556064e+02
   1.1500000e+01   4.2208511e+02   2.2600638e+01
   1.1600000e+01   2.9508511e+02   1.1168064e+02
   1.1700000e+01   1.3008511e+02   8.4280638e+01
   1.1800000e+01   6.3085106e+01   6.8960638e+01
   1.1900000e+01   2.5008511e+02   5.5480638e+01
   1.2000000e+01   7.7085106e+01   1.4840064e+02
   1.2100000e+01   3.3008511e+02   1.1428064e+02
   1.2200000e+01   1.9008511e+02   1.6488064e+02
   1.2300000e+01   8.9085106e+01   6.4920638e+01
   1.2400000e+01   1.7408511e+02   9.2520638e+01
   1.2500000e+01   8.9085106e+01   3.0920638e+01
   1.2600000e+01   9.8085106e+01   2.0856064e+02
   1.2700000e+01   1.8308511e+02   9.6160638e+01
   1.2800000e+01   1.1808511e+02   1.1376064e+02
   1.2900000e+01   2.2408511e+02   1.9652064e+02
   1.3000000e+01   1.6708511e+02   1.1780064e+02
   1.3100000e+01   1.4208511e+02  -9.1993617e+00
   1.3200000e+01   7.1085106e+01   1.8264064e+02
   1.3300000e+01   1.3808511e+02   1.3196064e+02
   1.3400000e+01   3.4708511e+02   9.7600638e+01
   1.3500000e+01   3.1708511e+02   1.4780064e+02
   1.3600000e+01   1.4508511e+02   3.6680638e+01
   1.3700000e+01   1.8208511e+02   5.7200638e+01
   1.3800000e+01   1.2308511e+02   1.0056064e+02
   1.3900000e+01   2.3808511e+02   1.1396064e+02
   1.4000000e+01   6.5085106e+01   1.2388064e+02
   1.4100000e+01   2.4808511e+02   1.9560638e+01
   1.4200000e+01   2.3208511e+02  -2.7993617e+00
   1.4300000e+01   1.2808511e+02   2.2436064e+02
   1.4400000e+01   8.3085106e+01   6.4160638e+01
   1.4500000e+01   1.1708511e+02   6.9800638e+01
   1.4600000e+01   2.9608511e+02   3.1640638e+01
   1.4700000e+01   8.6085106e+01   1.3040638e+01
   1.4800000e+01   1.1708511e+02   1.0780064e+02
   1.4900000e+01  -9.1489362e-01   1.6520638e+01
   1.5000000e+01   8.6085106e+01   6.8040638e+01
   1.5100000e+01   1.2508511e+02   4.3480638e+01
   1.5200000e+01   1.5908511e+02   1.1012064e+02
   1.5300000e+01   2.2408511e+02   8.0520638e+01
   1.5400000e+01   9.0085106e+01   2.7088064e+02
   1.5500000e+01   1.4808511e+02   4.4560638e+01
   1.5600000e+01   1.2908511e+02   4.3320638e+01
   1.5700000e+01   1.1208511e+02   1.3400064e+02
   1.5800000e+01   2.5808511e+02   1.0616064e+02
   1.5900000e+01   2.2708511e+02   1.6740064e+02
   1.6000000e+01   1.9608511e+02   2.5964064e+02
   1.6100000e+01   1.6208511e+02   2.1000638e+01
   1.6200000e+01   7.6085106e+01  -4.5593617e+00
   1.6300000e+01   2.6908511e+02   2.5720638e+01
   1.6400000e+01   5.5085106e+01   6.2280638e+01
   1.6500000e+01   1.2908511e+02   1.0432064e+02
   1.6600000e+01   3.4008511e+02   4.7880638e+01
   1.6700000e+01   1.6808511e+02   1.1176064e+02
   1.6800000e+01   3.4085106e+01   8.6120638e+01
   1.6900000e+01   1.1708511e+02   9.4800638e+01
   1.7000000e+01   2.5208511e+02   6.2400638e+01
   1.7100000e+01   3.9085106e+01   9.2063830e-01
   1.7200000e+01   2.0808511e+02  -2.7839362e+01
   1.7300000e+01   2.6208511e+02   7.1000638e+01
   1.7400000e+01   2.0308511e+02   1.7936064e+02
   1.7500000e+01   2.4908511e+02   2.0452064e+02
   1.7600000e+01   7.9085106e+01   7.2320638e+01
   1.7700000e+01   1.4508511e+02   9.3680638e+01
   1.7800000e+01   1.7608511e+02   7.3440638e+01
   1.7900000e+01   2.2608511e+02   1.5544064e+02
   1.8000000e+01   4.3085106e+01   7.6063830e-01
   1.8100000e+01   2.9208511e+02   1.1680064e+02
   1.8200000e+01   1.5608511e+02   1.2224064e+02
   1.8300000e+01   1.9608511e+02   8.6640638e+01
   1.8400000e+01   1.4608511e+02   7.7640638e+01
   1.8500000e+01   2.2108511e+02   1.7364064e+02
   1.8600000e+01   3.0908511e+02   7.4120638e+01
   1.8700000e+01   2.4608511e+02   6.3640638e+01
   1.8800000e+01   1.8008511e+02   1.8828064e+02
   1.8900000e+01   2.3508511e+02   6.0806383e+00
   1.9000000e+01   1.6008511e+02   1.2708064e+02
   1.9100000e+01   1.5508511e+02   2.2028064e+02
   1.9200000e+01   1.0508511e+02   5.6280638e+01
   1.9300000e+01   1.8408511e+02   8.4120638e+01
   1.9400000e+01   1.4508511e+02   9.3680638e+01
   1.9500000e+01   5.6085106e+01   1.0624064e+02
   1.9600000e+01   1.2008511e+02   2.0168064e+02
   1.9700000e+01   2.3308511e+02   6.2160638e+01
   1.9800000e+01   5.6085106e+01   9.3240638e+01
   1.9900000e+01   1.2608511e+02   2.8440638e+01
   2.0000000e+01   9.0085106e+01   7.6880638e+01
   2.0100000e+01   7.1085106e+01   3.9640638e+01
   2.0200000e+01   1.7508511e+02   6.8480638e+01
   2.0300000e+01   2.5108511e+02   1.4444064e+02
   2.0400000e+01   1.2308511e+02   1.2456064e+02
   2.0500000e+01   1.0508511e+02   7.3280638e+01
   2.0600000e+01   1.3808511e+02   6.1960638e+01
   2.0700000e+01   2.1008511e+02   4.1080638e+01
   2.0800000e+01   1.1208511e+02   1.0800064e+02
   2.0900000e+01   1.8908511e+02   8.9920638e+01
   2.1000000e+01   4.7085106e+01   9.5600638e+01
   2.1100000e+01   1.3208511e+02   1.0920064e+02
   2.1200000e+01   1.4608511e+02   1.9864064e+02
   2.1300000e+01   2.4608511e+02   1.2264064e+02
   2.1400000e+01   1.5908511e+02  -1.0879362e+01
   2.1500000e+01   2.3408511e+02   2.9120638e+01
   2.1600000e+01   1.3308511e+02   1.6616064e+02
   2.1700000e+01   6.0085106e+01   1.1408064e+02
   2.1800000e+01   8.1085106e+01   4.9240638e+01
   2.1900000e+01  -6.9914894e+01   1.8328064e+02
   2.2000000e+01   1.3708511e+02   2.1100064e+02
   2.2100000e+01   1.7008511e+02   5.9680638e+01
   2.2200000e+01   1.2708511e+02   8.5400638e+01
   2.2300000e+01   1.1008511e+02   1.6208064e+02
   2.2400000e+01   1.6608511e+02   6.8840638e+01
   2.2500000e+01   1.7508511e+02   4.3480638e+01
   2.2600000e+01   1.4108511e+02   1.7284064e+02
   2.2700000e+01   2.8608511e+02   1.6304064e+02
   2.2800000e+01   2.1408511e+02   1.3292064e+02
   2.2900000e+01   1.6808511e+02   6.4760638e+01
   2.3000000e+01   6.1085106e+01   2.0204064e+02
   2.3100000e+01  -3.3914894e+01   1.0184064e+02
   2.3200000e+01   2.5308511e+02   3.9360638e+01
   2.3300000e+01   1.2085106e+01   7.7000638e+01
   2.3400000e+01   1.2308511e+02   3.6560638e+01
   2.3500000e+01   1.8308511e+02   4.3160638e+01
   2.3600000e+01   1.8208511e+02   9.8200638e+01
   2.3700000e+01   1.8508511e+02  -5.9919362e+01
   2.3800000e+01   8.7085106e+01   1.5900064e+02
   2.3900000e+01   1.5908511e+02   6.6120638e+01
   2.4000000e+01   1.2308511e+02   1.1856064e+02
   2.4100000e+01   1.6608511e+02   2.8840638e+01
   2.4200000e+01   2.9808511e+02  -2.6439362e+01
   2.4300000e+01   8.4085106e+01   1.0212064e+02
   2.4400000e+01   1.9008511e+02   1.6288064e+02
   2.4500000e+01   4.9085106e+01   1.2252064e+02
   2.4600000e+01   1.4008511e+02   9.9880638e+01
   2.4700000e+01   8.5085106e+01   1.4108064e+02
   2.4800000e+01   2.1408511e+02   1.2392064e+02
   2.4900000e+01   9.8085106e+01   1.2560638e+01
   2.5000000e+01   2.4608511e+02   1.1064064e+02
   2.5100000e+01   2.9508511e+02   3.1680638e+01
   2.5200000e+01   1.0708511e+02   1.2420064e+02
   2.5300000e+01   1.4608511e+02   7.0640638e+01
   2.5400000e+01   1.0908511e+02   1.5212064e+02
   2.5500000e+01   2.0308511e+02   1.0636064e+02
   2.5600000e+01   1.8108511e+02   1.4224064e+02
   2.5700000e+01   8.1085106e+01   1.4124064e+02
   2.5800000e+01   3.1308511e+02   3.5960638e+01
   2.5900000e+01   4.0808511e+02  -6.4839362e+01
   2.6000000e+01   2.9208511e+02   2.9800638e+01
   2.6100000e+01   3.7085106e+01   1.5700064e+02
   2.6200000e+01   2.2208511e+02   1.8660064e+02
   2.6300000e+01   1.3608511e+02   1.3904064e+02
   2.6400000e+01   1.4308511e+02  -7.2393617e+00
   2.6500000e+01   3.4108511e+02   7.7840638e+01
   2.6600000e+01   1.3008511e+02   1.6628064e+02
   2.6700000e+01   2.0308511e+02   1.6336064e+02
   2.6800000e+01   2.1708511e+02   1.5280064e+02
   2.6900000e+01   1.4408511e+02   1.0572064e+02
   2.7000000e+01   8.2085106e+01  -3.0799362e+01
   2.7100000e+01   2.0608511e+02   4.0240638e+01
   2.7200000e+01   3.4308511e+02   6.8760638e+01
   2.7300000e+01   5.9085106e+01   4.4120638e+01
   2.7400000e+01   1.6208511e+02   1.1700064e+02
   2.7500000e+01   1.2308511e+02   1.2656064e+02
   2.7600000e+01   8.5085106e+01   9.6080638e+01
   2.7700000e+01   6.3085106e+01   1.4096064e+02
   2.7800000e+01   1.3008511e+02   1.1428064e+02
   2.7900000e+01   2.4008511e+02   2.3488064e+02
   2.8000000e+01   9.9085106e+01   5.1520638e+01
   2.8100000e+01   6.7085106e+01   8.7800638e+01
   2.8200000e+01   2.9308511e+02   1.0476064e+02
   2.8300000e+01   1.0908511e+02   7.1120638e+01
   2.8400000e+01   1.8308511e+02   7.0160638e+01
   2.8500000e+01   8.4085106e+01   1.1412064e+02
   2.8600000e+01   1.4208511e+02   8.3800638e+01
   2.8700000e+01   2.6508511e+02   6.7880638e+01
   2.8800000e+01   2.4308511e+02   8.5760638e+01
   2.8900000e+01   2.4908511e+02   1.0652064e+02
   2.9000000e+01   2.8208511e+02   2.2920064e+02
   2.9100000e+01   3.3608511e+02   1.3104064e+02
   2.9200000e+01   3.3908511e+02   2.5092064e+02
   2.9300000e+01   2.7408511e+02   1.4452064e+02
   2.9400000e+01   2.2508511e+02   1.1148064e+02
   2.9500000e+01   3.0108511e+02   4.1440638e+01
   2.9600000e+01   1.6908511e+02   1.4720638e+01
   2.9700000e+01   1.3808511e+02   9.0960638e+01
   2.9800000e+01   2.8708511e+02   9.4000638e+01
   2.9900000e+01   1.8308511e+02   8.5160638e+01
   3.0000000e+01   1.5608511e+02   1.4324064e+02
   3.0100000e+01   2.2208511e+02   7.2600638e+01
   3.0200000e+01   6.0085106e+01   7.8080638e+01
   3.0300000e+01   1.6608511e+02   2.2184064e+02
   3.0400000e+01   2.3108511e+02   8.3240638e+01
   3.0500000e+01   1.5208511e+02   6.2400638e+01
   3.0600000e+01   3.6108511e+02  -6.2959362e+01
   3.0700000e+01   3.2108511e+02   1.6664064e+02
   3.0800000e+01   3.1508511e+02   2.2188064e+02
   3.0900000e+01   9.4085106e+01   6.4720638e+01
   3.1000000e+01   4.1085106e+01   7.0840638e+01
   3.1100000e+01   9.3085106e+01  -2.6239362e+01
   3.1200000e+01   1.8908511e+02   1.3992064e+02
   3.1300000e+01   1.7208511e+02   4.6600638e+01
   3.1400000e+01   9.5085106e+01   1.5368064e+02
   3.1500000e+01   2.5908511e+02   2.8120638e+01
   3.1600000e+01   1.3008511e+02   2.5280638e+01
   3.1700000e+01   3.6085106e+01   1.5104064e+02
   3.1800000e+01   1.0108511e+02   1.3440638e+01
   3.1900000e+01   1.3608511e+02   2.1304064e+02
   3.2000000e+01   2.2508511e+02   1.6348064e+02
   3.2100000e+01   1.6808511e+02   1.4376064e+02
   3.2200000e+01   2.2708511e+02   1.3400638e+01
   3.2300000e+01   4.1608511e+02   9.1840638e+01
   3.2400000e+01   2.1408511e+02  -4.1079362e+01
   3.2500000e+01   1.1008511e+02   1.3508064e+02
   3.2600000e+01   1.7008511e+02   1.7368064e+02
   3.2700000e+01   2.9408511e+02   1.7372064e+02
   3.2800000e+01   7.5085106e+01   1.4648064e+02
   3.2900000e+01   2.8085106e+01   1.1636064e+02
   3.3000000e+01   2.3108511e+02   1.3824064e+02
   3.3100000e+01   1.4508511e+02   3.9680638e+01
   3.3200000e+01   1.9508511e+02   1.4680638e+01
   3.3300000e+01   1.9808511e+02   4.0560638e+01
   3.3400000e+01   2.2608511e+02   3.0440638e+01
   3.3500000e+01   5.8085106e+01   2.3016064e+02
   3.3600000e+01   1.2208511e+02   1.2600638e+01
   3.3700000e+01   1.3608511e+02   2.3040638e+01
   3.3800000e+01   4.7308511e+02   8.7560638e+01
   3.3900000e+01   7.5085106e+01   1.2448064e+02
   3.4000000e+01   3.3508511e+02   1.3408064e+02
   3.4100000e+01   2.2008511e+02   1.3768064e+02
   3.4200000e+01   1.2308511e+02   3.7560638e+01
   3.4300000e+01   1.4408511e+02   1.5572064e+02
   3.4400000e+01   1.7908511e+02  -3.8679362e+01
   3.4500000e+01   3.5308511e+02   1.1036064e+02
   3.4600000e+01   1.9708511e+02   8.7600638e+01
   3.4700000e+01   9.5085106e+01   1.1368064e+02
   3.4800000e+01   2.1708511e+02   1.7680064e+02
   3.4900000e+01   2.4308511e+02   1.6276064e+02
   3.5000000e+01   1.2608511e+02   1.0344064e+02
   3.5100000e+01   1.9708511e+02   8.4600638e+01
   3.5200000e+01   8.8085106e+01   8.4960638e+01
   3.5300000e+01   7.9085106e+01   8.8320638e+01
   3.5400000e+01  -6.9148936e+00   3.0760638e+01
   3.5500000e+01   1.3908511e+02   3.0092064e+02
   3.5600000e+01   6.2085106e+01   2.7700064e+02
   3.5700000e+01   9.9085106e+01   1.0252064e+02
   3.5800000e+01   1.5808511e+02   1.7160638e+01
   3.5900000e+01   2.0008511e+02   1.4806383e+00
   3.6000000e+01   1.1008511e+02   7.2080638e+01
   3.6100000e+01   1.8108511e+02   6.2240638e+01
   3.6200000e+01   2.2308511e+02   6.9560638e+01
   3.6300000e+01   2.2608511e+02   1.6844064e+02
   3.6400000e+01   3.0308511e+02  -5.0639362e+01
   3.6500000e+01   3.3308511e+02   7.4160638e+01
   3.6600000e+01   1.2908511e+02   1.5832064e+02
   3.6700000e+01   2.1708511e+02  -4.8199362e+01
   3.6800000e+01   1.6108511e+02   1.0204064e+02
   3.6900000e+01   7.6085106e+01   2.2244064e+02
   3.7000000e+01   1.2408511e+02   8.7520638e+01
   3.7100000e+01   1.6508511e+02   1.2088064e+02
   3.7200000e+01   3.2008511e+02   1.9768064e+02
   3.7300000e+01   1.2008511e+02   7.3680638e+01
   3.7400000e+01   8.7085106e+01   7.1000638e+01
   3.7500000e+01   2.3908511e+02   1.1992064e+02
   3.7600000e+01   1.9508511e+02   1.7268064e+02
   3.7700000e+01   2.1008511e+02  -1.4919362e+01
   3.7800000e+01   1.8508511e+02   1.3008064e+02
   3.7900000e+01   3.3608511e+02   8.5040638e+01
   3.8000000e+01   6.9085106e+01   5.6720638e+01
   3.8100000e+01   2.9908511e+02   1.6552064e+02
   3.8200000e+01   6.4085106e+01   5.0920638e+01
   3.8300000e+01   1.2908511e+02   1.4732064e+02
   3.8400000e+01   1.6408511e+02   1.9492064e+02
   3.8500000e+01   2.0008511e+02   2.4480638e+01
   3.8600000e+01   7.9085106e+01   1.1732064e+02
   3.8700000e+01   3.3508511e+02   7.2080638e+01
   3.8800000e+01   1.9508511e+02   2.7868064e+02
   3.8900000e+01   2.6808511e+02   1.2676064e+02
   3.9000000e+01   1.6908511e+02   3.5720638e+01
   3.9100000e+01   1.4108511e+02   9.1840638e+01
   3.9200000e+01   1.6708511e+02   1.6880064e+02
   3.9300000e+01   3.5308511e+02   5.4360638e+01
   3.9400000e+01   2.9108511e+02   6.5840638e+01
   3.9500000e+01   2.9008511e+02  -1.0119362e+01
   3.9600000e+01   4.7085106e+01   1.4460064e+02
   3.9700000e+01   1.3608511e+02   1.6040638e+01
   3.9800000e+01   1.5308511e+02   1.8036064e+02
   3.9900000e+01   3.8085106e+01   7.9960638e+01
   4.0000000e+01   1.5208511e+02   2.7140064e+02
   4.0100000e+01   3.2208511e+02   1.3460064e+02
   4.0200000e+01   1.5708511e+02   1.3120064e+02
   4.0300000e+01   1.1308511e+02   1.6496064e+02
   4.0400000e+01   1.6808511e+02  -3.2239362e+01
   4.0500000e+01   1.5808511e+02   3.3160638e+01
   4.0600000e+01   3.0908511e+02   5.1120638e+01
   4.0700000e+01   2.7408511e+02  -5.4793617e+00
   4.0800000e+01   4.3208511e+02   2.0200638e+01
   4.0900000e+01   1.8608511e+02   1.1004064e+02
   4.1000000e+01   1.9908511e+02   1.9652064e+02
   4.1100000e+01   3.4308511e+02   2.4076064e+02
   4.1200000e+01   9.3085106e+01   1.7476064e+02
   4.1300000e+01   3.2508511e+02   1.1248064e+02
   4.1400000e+01   1.3208511e+02   2.2020064e+02
   4.1500000e+01   2.1708511e+02   2.1480064e+02
   4.1600000e+01   1.3308511e+02   2.9916064e+02
   4.1700000e+01   1.2408511e+02   8.9520638e+01
   4.1800000e+01   3.2008511e+02   1.1768064e+02
   4.1900000e+01   2.8608511e+02   1.6004064e+02
   4.2000000e+01   1.6708511e+02   4.7800638e+01
   4.2100000e+01   1.8808511e+02   1.1196064e+02
   4.2200000e+01   4.1008511e+02   1.5208064e+02
   4.2300000e+01   1.7108511e+02   2.3664064e+02
   4.2400000e+01   1.3708511e+02   3.4000638e+01
   4.2500000e+01   2.3408511e+02   8.5120638e+01
   4.2600000e+01   1.2408511e+02   2.3852064e+02
   4.2700000e+01   8.5085106e+01   2.2708064e+02
   4.2800000e+01   4.2308511e+02   1.5606383e+00
   4.2900000e+01   1.5508511e+02   2.5728064e+02
   4.3000000e+01   1.6208511e+02   1.3400064e+02
   4.3100000e+01   1.2608511e+02   6.1440638e+01
   4.3200000e+01   1.7508511e+02   1.1548064e+02
   4.3300000e+01   3.0308511e+02   1.0936064e+02
   4.3400000e+01   2.1408511e+02   2.8292064e+02
   4.3500000e+01   1.6708511e+02   1.5180064e+02
   4.3600000e+01   1.9908511e+02   7.2520638e+01
   4.3700000e+01   2.8108511e+02   1.4624064e+02
   4.3800000e+01   2.6508511e+02   2.7880638e+01
   4.3900000e+01   1.5108511e+02  -2.9559362e+01
   4.4000000e+01   1.7908511e+02   9.3320638e+01
   4.4100000e+01   8.4085106e+01  -2.5879362e+01
   4.4200000e+01   8.3085106e+01   9.5160638e+01
   4.4300000e+01   1.1108511e+02   9.1040638e+01
   4.4400000e+01   2.0808511e+02   8.8160638e+01
   4.4500000e+01   1.9108511e+02   6.0840638e+01
   4.4600000e+01   1.5208511e+02   7.5400638e+01
   4.4700000e+01   1.8608511e+02   1.9604064e+02
   4.4800000e+01   2.2408511e+02   1.1852064e+02
   4.4900000e+01   5.0085106e+01  -2.5519362e+01
   4.5000000e+01   1.6808511e+02  -1.7239362e+01
   4.5100000e+01   1.1408511e+02   1.1192064e+02
   4.5200000e+01   2.2008511e+02   1.3868064e+02
   4.5300000e+01   7.2085106e+01   5.5600638e+01
   4.5400000e+01   3.2108511e+02   8.6640638e+01
   4.5500000e+01   5.9085106e+01   1.3512064e+02
   4.5600000e+01   1.6008511e+02   1.2208064e+02
   4.5700000e+01   1.0308511e+02   1.0036064e+02
   4.5800000e+01   1.5208511e+02   1.4140064e+02
   4.5900000e+01   1.7908511e+02   2.7320638e+01
   4.6000000e+01   1.8808511e+02   1.3896064e+02
   4.6100000e+01   2.5408511e+02   1.5832064e+02
   4.6200000e+01   2.6608511e+02   1.6084064e+02
   4.6300000e+01   3.0608511e+02   1.3124064e+02
   4.6400000e+01   1.8108511e+02   1.1024064e+02
   4.6500000e+01   1.7108511e+02   1.4764064e+02
   4.6600000e+01   1.8108511e+02   4.2406383e+00
   4.6700000e+01   1.6308511e+02   1.4496064e+02
   4.6800000e+01   1.2408511e+02   1.7520638e+01
   4.6900000e+01   2.3085106e+01   5.7560638e+01
   4.7000000e+01   1.4208511e+02   9.0800638e+01
   4.7100000e+01   2.0008511e+02   1.3480638e+01
   4.7200000e+01   1.3508511e+02   6.6080638e+01
   4.7300000e+01   9.5085106e+01   4.5680638e+01
   4.7400000e+01   2.4808511e+02   9.5560638e+01
   4.7500000e+01   1.6008511e+02   6.1080638e+01
   4.7600000e+01   3.5508511e+02  -1.7719362e+01
   4.7700000e+01   1.7208511e+02  -1.3993617e+00
   4.7800000e+01  -9.9148936e+00   1.4688064e+02
   4.7900000e+01   1.8808511e+02  -3.0393617e+00
   4.8000000e+01   2.1608511e+02   5.0840638e+01
   4.8100000e+01   1.6608511e+02   1.4284064e+02
   4.8200000e+01   3.5708511e+02   1.0020064e+02
   4.8300000e+01   7.0851064e+00   1.4920064e+02
   4.8400000e+01   4.1708511e+02   1.3080064e+02
   4.8500000e+01   1.5508511e+02  -1.6719362e+01
   4.8600000e+01   2.0808511e+02   1.3316064e+02
   4.8700000e+01   6.7085106e+01   1.4680064e+02
   4.8800000e+01   1.5208511e+02   1.2240064e+02
   4.8900000e+01   1.2708511e+02   1.5640064e+02
   4.9000000e+01   2.2208511e+02   1.5600638e+01
   4.9100000e+01   1.3508511e+02   1.7308064e+02
   4.9200000e+01   2.4708511e+02   6.0063830e-01
   4.9300000e+01   1.1908511e+02   2.4072064e+02
   4.9400000e+01   1.2208511e+02  -1.0399362e+01
   4.9500000e+01   9.2085106e+01   5.6800638e+01
   4.9600000e+01   3.3008511e+02   1.4128064e+02
   4.9700000e+01   2.1308511e+02   2.0960638e+01
   4.9800000e+01   8.7085106e+01   5.9000638e+01
   4.9900000e+01   1.7508511e+02   9.2480638e+01
   5.0000000e+01   1.1408511e+02   7.2920638e+01
   5.0100000e+01   1.4408511e+02   1.6720638e+01
   5.0200000e+01   1.2508511e+02   1.6480638e+01
   5.0300000e+01   2.8808511e+02   3.9960638e+01
   5.0400000e+01   1.6908511e+02   7.6720638e+01
   5.0500000e+01   3.2208511e+02   1.4960064e+02
   5.0600000e+01   1.1508511e+02   5.6880638e+01
   5.0700000e+01   3.3208511e+02   4.2200638e+01
   5.0800000e+01   3.3008511e+02  -2.0719362e+01
   5.0900000e+01   2.3708511e+02  -3.9993617e+00
   5.1000000e+01   2.6908511e+02   4.3720638e+01
   5.1100000e+01   1.7408511e+02   1.2252064e+02
   5.1200000e+01   1.4508511e+02   6.4680638e+01
   5.1300000e+01   1.7108511e+02   2.6406383e+00
   5.1400000e+01   2.7108511e+02   9.0640638e+01
   5.1500000e+01   1.1308511e+02   5.7960638e+01
   5.1600000e+01   2.6108511e+02   2.8040638e+01
   5.1700000e+01   2.6508511e+02   8.5880638e+01
   5.1800000e+01   1.2408511e+02   1.5652064e+02
   5.1900000e+01   2.4808511e+02   3.1156064e+02
   5.2000000e+01   1.7308511e+02   8.4560638e+01
   5.2100000e+01   2.3008511e+02   2.1128064e+02
   5.2200000e+01   1.5008511e+02   1.0448064e+02
   5.2300000e+01   1.2208511e+02   7.8600638e+01
   5.2400000e+01   5.9085106e+01   1.0812064e+02
   5.2500000e+01   8.1085106e+01   2.9240638e+01
   5.2600000e+01   2.5085106e+01   9.5480638e+01
   5.2700000e+01   8.3085106e+01  -2.9839362e+01
   5.2800000e+01   2.1108511e+02   7.1040638e+01
   5.2900000e+01   2.4008511e+02   9.9880638e+01
   5.3000000e+01   2.9008511e+02   3.3880638e+01
   5.3100000e+01   1.8508511e+02   3.2080638e+01
   5.3200000e+01   2.0208511e+02   2.4440064e+02
   5.3300000e+01   1.0308511e+02   7.9360638e+01
   5.3400000e+01   1.6908511e+02   1.4072064e+02
   5.3500000e+01   8.3085106e+01   5.1160638e+01
   5.3600000e+01   1.7408511e+02  -3.7479362e+01
   5.3700000e+01   1.6708511e+02   1.1980064e+02
   5.3800000e+01   1.6608511e+02   4.1840638e+01
   5.3900000e+01   1.8508511e+02  -6.1919362e+01
   5.4000000e+01   3.2708511e+02   4.9400638e+01
   5.4100000e+01   1.0408511e+02   1.2232064e+02
   5.4200000e+01   1.6408511e+02   7.0920638e+01
   5.4300000e+01   2.1408511e+02   1.4920638e+01
   5.4400000e+01   3.5085106e+01   5.6080638e+01
   5.4500000e+01   1.9208511e+02   8.5800638e+01
   5.4600000e+01   2.3008511e+02   3.1280638e+01
   5.4700000e+01   3.4808511e+02   8.7560638e+01
   5.4800000e+01   1.1808511e+02  -2.8239362e+01
   5.4900000e+01   2.5608511e+02  -1.9759362e+01
   5.5000000e+01   1.0508511e+02   2.2628064e+02
   5.5100000e+01   1.4908511e+02  -2.6479362e+01
   5.5200000e+01   2.0908511e+02   1.3812064e+02
   5.5300000e+01   4.9085106e+01   1.3152064e+02
   5.5400000e+01   3.2708511e+02   8.5400638e+01
   5.5500000e+01   1.5308511e+02   1.0036064e+02
   5.5600000e+01   2.2108511e+02   8.4640638e+01
   5.5700000e+01   1.9208511e+02   5.2800638e+01
   5.5800000e+01   3.1108511e+02   6.0040638e+01
   5.5900000e+01   3.3085106e+01   2.0716064e+02
   5.6000000e+01   2.8808511e+02   5.6960638e+01
   5.6100000e+01   2.2708511e+02   5.1400638e+01
   5.6200000e+01   1.9008511e+02   7.8806383e+00
   5.6300000e+01   2.2508511e+02   4.1480638e+01
   5.6400000e+01   1.4108511e+02   1.3684064e+02
   5.6500000e+01   1.6408511e+02   6.5920638e+01
   5.6600000e+01   1.5708511e+02   1.4220064e+02
   5.6700000e+01   1.6708511e+02   1.3080064e+02
   5.6800000e+01   1.2008511e+02   6.3680638e+01
   5.6900000e+01   3.3085106e+01   4.6160638e+01
   5.7000000e+01   1.6508511e+02   8.9880638e+01
   5.7100000e+01   2.5808511e+02  -5.8393617e+00
   5.7200000e+01   2.2508511e+02   1.8480638e+01
   5.7300000e+01   1.6208511e+02   3.0006383e+00
   5.7400000e+01   1.1208511e+02   6.3829787e-04
   5.7500000e+01   1.6008511e+02   3.9080638e+01
   5.7600000e+01   2.6108511e+02   4.2040638e+01
   5.7700000e+01   1.5208511e+02   5.8400638e+01
   5.7800000e+01   1.1608511e+02   1.0084064e+02
   5.7900000e+01   4.1085106e+01   2.2840638e+01
   5.8000000e+01   7.4085106e+01   1.6252064e+02
   5.8100000e+01   8.4085106e+01   6.6120638e+01
   5.8200000e+01   1.8808511e+02   2.2996064e+02
   5.8300000e+01   3.0108511e+02   7.4406383e+00
   5.8400000e+01   3.5408511e+02  -2.6793617e+00
   5.8500000e+01   1.5908511e+02   1.6112064e+02
   5.8600000e+01   9.2085106e+01   1.2480064e+02
   5.8700000e+01   1.5908511e+02   8.9120638e+01
   5.8800000e+01   1.1608511e+02   1.0284064e+02
   5.8900000e+01   6.9085106e+01   2.4720638e+01
   5.9000000e+01   1.0808511e+02   7.1160638e+01
   5.9100000e+01   1.1608511e+02   6.5840638e+01
   5.9200000e+01   2.3308511e+02   2.3016064e+02
   5.9300000e+01   8.0085106e+01   1.1328064e+02
   5.9400000e+01   1.4908511e+02   4.9520638e+01
   5.9500000e+01   1.7308511e+02   1.1356064e+02
   5.9600000e+01   9.3085106e+01   4.6760638e+01
   5.9700000e+01  -5.1914894e+01   1.2560638e+01
   5.9800000e+01   2.3708511e+02   1.5400064e+02
   5.9900000e+01   2.4908511e+02   1.5552064e+02
   6.0000000e+01   1.4708511e+02   3.9600638e+01
   6.0100000e+01   1.3308511e+02  -6.0839362e+01
   6.0200000e+01   1.2308511e+02   1.2656064e+02
   6.0300000e+01   4.1085106e+01   5.5840638e+01
   6.0400000e+01   1.4508511e+02   5.6806383e+00
   6.0500000e+01   2.1408511e+02   2.4920638e+01
   6.0600000e+01   6.2085106e+01  -2.6999362e+01
   6.0700000e+01   1.4085106e+01   8.7920638e+01
   6.0800000e+01   3.5085106e+01   2.0806383e+00
   6.0900000e+01   2.4508511e+02  -3.1319362e+01
   6.1000000e+01   1.5308511e+02  -3.6393617e+00
   6.1100000e+01   4.5085106e+01   1.3680638e+01
   6.1200000e+01   1.9308511e+02   7.6760638e+01
   6.1300000e+01   1.0408511e+02   7.2320638e+01
   6.1400000e+01   9.6085106e+01   5.9640638e+01
   6.1500000e+01   2.9508511e+02  -6.7319362e+01
   6.1600000e+01   1.1808511e+02   1.3976064e+02
   6.1700000e+01   1.4808511e+02   8.3560638e+01
   6.1800000e+01   1.7508511e+02   9.9480638e+01
   6.1900000e+01   2.3208511e+02  -1.3979936e+02
   6.2000000e+01   8.5085106e+01   7.6080638e+01
   6.2100000e+01   8.5085106e+01   8.5080638e+01
   6.2200000e+01   7.6085106e+01   6.0440638e+01
   6.2300000e+01   1.3108511e+02   1.7024064e+02
   6.2400000e+01   2.6608511e+02   8.4063830e-01
   6.2500000e+01   1.7508511e+02   6.8480638e+01
   6.2600000e+01   1.4208511e+02   2.9800638e+01
   6.2700000e+01   2.6308511e+02   8.0960638e+01
   6.2800000e+01   3.3408511e+02   1.5612064e+02
   6.2900000e+01   1.3008511e+02   8.1280638e+01
   6.3000000e+01   2.5708511e+02  -3.2799362e+01
   6.3100000e+01   1.5108511e+02   5.9440638e+01
   6.3200000e+01   6.0085106e+01   4.7080638e+01
   6.3300000e+01   1.9208511e+02   5.0800638e+01
   6.3400000e+01   2.8408511e+02  -5.0879362e+01
   6.3500000e+01   2.2708511e+02   6.6400638e+01
   6.3600000e+01   1.2108511e+02  -7.8359362e+01
   6.3700000e+01   1.0808511e+02   1.6616064e+02
   6.3800000e+01   2.1108511e+02   1.1504064e+02
   6.3900000e+01   6.6085106e+01   1.7284064e+02
   6.4000000e+01   2.1908511e+02   1.7720638e+01
   6.4100000e+01   1.9608511e+02   1.6164064e+02
   6.4200000e+01  -1.1914894e+01   4.5960638e+01
   6.4300000e+01   2.9408511e+02   8.2720638e+01
   6.4400000e+01   1.3708511e+02   1.4400064e+02
   6.4500000e+01   2.5708511e+02   7.1200638e+01
   6.4600000e+01   5.2085106e+01   3.7400638e+01
   6.4700000e+01   1.0085106e+01   1.2308064e+02
   6.4800000e+01   1.9308511e+02   1.6760638e+01
   6.4900000e+01   1.9208511e+02  -1.7199362e+01
   6.5000000e+01   1.6108511e+02   1.1104064e+02
   6.5100000e+01  -7.4914894e+01   7.5480638e+01
   6.5200000e+01   4.2085106e+01   1.4880064e+02
   6.5300000e+01   9.7085106e+01   8.0600638e+01
   6.5400000e+01   1.6608511e+02   8.5840638e+01
   6.5500000e+01   6.4085106e+01   8.5920638e+01
   6.5600000e+01   9.2085106e+01   2.1780064e+02
   6.5700000e+01   3.5408511e+02   1.1032064e+02
   6.5800000e+01   1.9908511e+02   1.1352064e+02
   6.5900000e+01   2.4108511e+02   1.4784064e+02
   6.6000000e+01   9.0851064e+00   5.2120638e+01
   6.6100000e+01   2.0085106e+01   1.3168064e+02
   6.6200000e+01   1.2008511e+02   5.0680638e+01
   6.6300000e+01   2.9708511e+02   6.7600638e+01
   6.6400000e+01   9.4085106e+01  -2.4279362e+01
   6.6500000e+01   1.7708511e+02   9.1400638e+01
   6.6600000e+01   4.8085106e+01   4.5606383e+00
   6.6700000e+01   1.1408511e+02   1.1920638e+01
   6.6800000e+01   1.5708511e+02   1.5820064e+02
   6.6900000e+01   2.2308511e+02   1.6560638e+01
   6.7000000e+01   2.2508511e+02  -3.0519362e+01
   6.7100000e+01   1.8608511e+02   1.7040638e+01
   6.7200000e+01   5.9085106e+01   1.3120638e+01
   6.7300000e+01   2.4908511e+02   2.0452064e+02
   6.7400000e+01   5.9085106e+01   1.0712064e+02
   6.7500000e+01   1.1208511e+02  -3.0999362e+01
   6.7600000e+01   9.6085106e+01   6.6640638e+01
   6.7700000e+01   1.7608511e+02   1.0744064e+02
   6.7800000e+01   7.0851064e+00  -2.4799362e+01
   6.7900000e+01   2.1108511e+02   1.1404064e+02
   6.8000000e+01   1.2085106e+01   1.3200064e+02
   6.8100000e+01   6.6085106e+01  -2.7159362e+01
   6.8200000e+01   1.4908511e+02  -3.1479362e+01
   6.8300000e+01   1.3408511e+02   8.3120638e+01
   6.8400000e+01   2.1408511e+02   6.6920638e+01
   6.8500000e+01   2.9408511e+02   2.9720638e+01
   6.8600000e+01   1.4208511e+02   1.8800638e+01
   6.8700000e+01  -1.6914894e+01  -1.8839362e+01
   6.8800000e+01   2.5308511e+02   4.3360638e+01
   6.8900000e+01   1.2308511e+02  -6.4439362e+01
   6.9000000e+01   1.0808511e+02   4.0160638e+01
   6.9100000e+01   7.3085106e+01   6.8560638e+01
   6.9200000e+01   2.3608511e+02   7.5040638e+01
   6.9300000e+01   9.1085106e+01   6.8840638e+01
   6.9400000e+01   1.0208511e+02   1.5940064e+02
   6.9500000e+01  -6.2914894e+01  -2.8999362e+01
   6.9600000e+01   6.6085106e+01   4.0840638e+01
   6.9700000e+01   3.0085106e+01   3.1280638e+01
   6.9800000e+01   8.2085106e+01   1.9520064e+02
   6.9900000e+01   2.1608511e+02   1.7684064e+02
   7.0000000e+01   1.6908511e+02   1.2672064e+02
   7.0100000e+01   7.6085106e+01   8.5440638e+01
   7.0200000e+01   5.7085106e+01   6.7200638e+01
   7.0300000e+01   4.8085106e+01   4.2560638e+01
   7.0400000e+01   2.6008511e+02   4.6080638e+01
   7.0500000e+01   4.0808511e+02   9.3160638e+01
   7.0600000e+01   1.4908511e+02   1.1952064e+02
   7.0700000e+01  -1.7914894e+01   7.5200638e+01
   7.0800000e+01   1.0108511e+02   2.3644064e+02
   7.0900000e+01   2.8008511e+02   1.5928064e+02
   7.1000000e+01   2.3708511e+02   1.0800064e+02
   7.1100000e+01   1.1408511e+02   4.1920638e+01
   7.1200000e+01   8.5085106e+01   1.0308064e+02
   7.1300000e+01   2.3108511e+02   1.2240638e+01
   7.1400000e+01   2.4108511e+02   7.2840638e+01
   7.1500000e+01   4.1808511e+02   3.9760638e+01
   7.1600000e+01   1.8008511e+02  -2.5719362e+01
   7.1700000e+01   1.4108511e+02   1.9384064e+02
   7.1800000e+01   1.4008511e+02   5.1880638e+01
   7.1900000e+01   1.7308511e+02  -3.4393617e+00
   7.2000000e+01   1.9508511e+02   4.3680638e+01
   7.2100000e+01   1.9108511e+02   1.2384064e+02
   7.2200000e+01   1.5708511e+02   8.6200638e+01
   7.2300000e+01   2.4085106e+01   9.9520638e+01
   7.2400000e+01   1.4908511e+02   7.6520638e+01
   7.2500000e+01   3.3208511e+02   4.2006383e+00
   7.2600000e+01   1.1408511e+02   8.0920638e+01
   7.2700000e+01   2.8008511e+02   9.0280638e+01
   7.2800000e+01   1.8008511e+02   8.1280638e+01
   7.2900000e+01   8.4085106e+01   1.3312064e+02
   7.3000000e+01   2.3308511e+02   8.9160638e+01
   7.3100000e+01   1.7008511e+02   1.1368064e+02
   7.3200000e+01   2.2808511e+02   1.7636064e+02
   7.3300000e+01   1.8108511e+02   2.5724064e+02
   7.3400000e+01   1.1908511e+02   8.1720638e+01
   7.3500000e+01   1.6108511e+02   1.5004064e+02
   7.3600000e+01   2.8708511e+02   2.4900064e+02
   7.3700000e+01   2.0608511e+02   1.4124064e+02
   7.3800000e+01   6.3085106e+01   1.1396064e+02
   7.3900000e+01   1.7908511e+02   1.8932064e+02
   7.4000000e+01   1.5008511e+02   2.3448064e+02
   7.4100000e+01   1.1508511e+02   1.7788064e+02
   7.4200000e+01   1.5508511e+02   3.2806383e+00
   7.4300000e+01   4.8085106e+01  -1.9439362e+01
   7.4400000e+01   2.0208511e+02   6.8400638e+01
   7.4500000e+01   1.9008511e+02   1.1088064e+02
   7.4600000e+01   1.5108511e+02   2.4440638e+01
   7.4700000e+01   1.7608511e+02   1.6444064e+02
   7.4800000e+01   9.6085106e+01   9.6640638e+01
   7.4900000e+01   4.9085106e+01   3.9520638e+01
   7.5000000e+01   7.6085106e+01   1.2344064e+02
   7.5100000e+01   1.6008511e+02   2.7080638e+01
   7.5200000e+01   2.0608511e+02  -5.7593617e+00
   7.5300000e+01   3.9085106e+01   5.3920638e+01
   7.5400000e+01   1.3208511e+02   3.5200638e+01
   7.5500000e+01   2.7808511e+02   9.3360638e+01
   7.5600000e+01   2.2708511e+02   2.5400638e+01
   7.5700000e+01   1.0008511e+02   4.4806383e+00
   7.5800000e+01   1.6508511e+02   7.2880638e+01
   7.5900000e+01   1.8308511e+02   7.6160638e+01
   7.6000000e+01   1.3408511e+02   3.3120638e+01
   7.6100000e+01   4.4108511e+02   8.6840638e+01
   7.6200000e+01   1.8508511e+02   1.9080638e+01
   7.6300000e+01   1.2508511e+02   1.0748064e+02
   7.6400000e+01   1.8308511e+02  -1.2839362e+01
   7.6500000e+01   1.9108511e+02   2.1840638e+01
   7.6600000e+01   2.6408511e+02   4.7920638e+01
   7.6700000e+01   1.7508511e+02   1.8148064e+02
   7.6800000e+01   1.8708511e+02   1.1500064e+02
   7.6900000e+01   2.0508511e+02   2.8280638e+01
   7.7000000e+01   2.2208511e+02  -1.8399362e+01
   7.7100000e+01   3.1008511e+02   3.0806383e+00
   7.7200000e+01   2.0908511e+02   7.1120638e+01
   7.7300000e+01   2.5908511e+02   7.8120638e+01
   7.7400000e+01   1.7508511e+02   6.2480638e+01
   7.7500000e+01   1.6108511e+02   9.4040638e+01
   7.7600000e+01   2.2708511e+02   1.4340064e+02
   7.7700000e+01   4.1708511e+02  -3.6199362e+01
   7.7800000e+01   1.9008511e+02  -1.0119362e+01
   7.7900000e+01   1.9408511e+02   1.1972064e+02
   7.8000000e+01   2.2008511e+02  -3.3193617e+00
   7.8100000e+01   2.3408511e+02   9.5120638e+01
   7.8200000e+01   3.0408511e+02  -5.6793617e+00
   7.8300000e+01   2.6208511e+02   5.1000638e+01
   7.8400000e+01   1.8508511e+02   6.2080638e+01
   7.8500000e+01   1.6308511e+02   7.9606383e+00
   7.8600000e+01   2.4508511e+02  -5.9319362e+01
   7.8700000e+01   2.4808511e+02   1.0956064e+02
   7.8800000e+01   2.0208511e+02   2.0400638e+01
   7.8900000e+01   3.0308511e+02   1.9360638e+01
   7.9000000e+01   3.7708511e+02   2.4400638e+01
   7.9100000e+01   1.4508511e+02   8.7680638e+01
   7.9200000e+01   3.2008511e+02  -2.8319362e+01
   7.9300000e+01   3.0708511e+02  -1.2799362e+01
   7.9400000e+01   1.8708511e+02   1.0800064e+02
   7.9500000e+01   2.3808511e+02   3.3960638e+01
   7.9600000e+01   3.7608511e+02  -5.2559362e+01
   7.9700000e+01   1.2508511e+02  -2.2519362e+01
   7.9800000e+01   1.4008511e+02   9.4880638e+01
   7.9900000e+01   6.7085106e+01  -1.0219936e+02
   8.0000000e+01   3.3108511e+02   4.8240638e+01
   8.0100000e+01   7.8085106e+01  -9.1639362e+01
   8.0200000e+01   3.3808511e+02   1.1960638e+01
   8.0300000e+01   1.5908511e+02  -4.3879362e+01
   8.0400000e+01   1.4808511e+02   6.7560638e+01
   8.0500000e+01   1.3808511e+02   9.9606383e+00
   8.0600000e+01   3.6708511e+02   2.8006383e+00
   8.0700000e+01   1.3308511e+02  -3.6839362e+01
   8.0800000e+01   2.3085106e+01   7.4560638e+01
   8.0900000e+01   1.0708511e+02  -3.0799362e+01
   8.1000000e+01   1.5008511e+02  -3.9519362e+01
   8.1100000e+01   7.5085106e+01   1.3480638e+01
   8.1200000e+01   1.5908511e+02  -6.7879362e+01
   8.1300000e+01   2.7408511e+02   2.0520638e+01
   8.1400000e+01   3.5008511e+02   8.2480638e+01
   8.1500000e+01   1.5508511e+02   3.9280638e+01
   8.1600000e+01   1.8608511e+02  -5.8959362e+01
   8.1700000e+01   2.2408511e+02  -4.0479362e+01
   8.1800000e+01   3.7708511e+02  -5.2599362e+01
   8.1900000e+01   2.2085106e+01   1.6360064e+02
   8.2000000e+01   1.4508511e+02   6.5680638e+01
   8.2100000e+01   2.8085106e+01  -2.5639362e+01
   8.2200000e+01   3.1808511e+02   6.3760638e+01
   8.2300000e+01   1.5008511e+02   4.0480638e+01
   8.2400000e+01   3.9008511e+02   2.3880638e+01
   8.2500000e+01   3.5508511e+02   6.7280638e+01
   8.2600000e+01   2.6608511e+02  -1.1159362e+01
   8.2700000e+01   1.4808511e+02  -1.0439362e+01
   8.2800000e+01   1.7408511e+02  -4.3479362e+01
   8.2900000e+01   1.7008511e+02  -2.6319362e+01
   8.3000000e+01   1.8908511e+02  -6.0793617e+00
   8.3100000e+01   1.7708511e+02   2.8400638e+01
   8.3200000e+01   1.3808511e+02   1.3796064e+02
   8.3300000e+01   1.9085106e+01   2.8720638e+01
   8.3400000e+01   2.3508511e+02  -7.9193617e+00
   8.3500000e+01   2.8308511e+02  -7.5839362e+01
   8.3600000e+01   7.1085106e+01  -3.5936170e-01
   8.3700000e+01   1.4008511e+02   9.8806383e+00
   8.3800000e+01   2.6508511e+02   6.1880638e+01
   8.3900000e+01   2.9008511e+02   3.2880638e+01
   8.4000000e+01   3.6008511e+02  -3.8919362e+01
   8.4100000e+01   1.1808511e+02   1.7606383e+00
   8.4200000e+01   2.4008511e+02  -2.9119362e+01
   8.4300000e+01   2.9908511e+02  -1.6479362e+01
   8.4400000e+01   1.4508511e+02   7.3680638e+01
   8.4500000e+01   1.8508511e+02  -9.2919362e+01
   8.4600000e+01   1.0708511e+02   1.1220064e+02
   8.4700000e+01   3.9108511e+02   8.0840638e+01
   8.4800000e+01   1.8508511e+02   8.5080638e+01
   8.4900000e+01   2.6908511e+02  -9.3279362e+01
   8.5000000e+01   3.2208511e+02  -1.0139936e+02
   8.5100000e+01   2.2708511e+02  -2.6599362e+01
   8.5200000e+01   3.0608511e+02  -1.1675936e+02
   8.5300000e+01   1.7808511e+02  -2.2639362e+01
   8.5400000e+01   1.9808511e+02   6.7560638e+01
   8.5500000e+01   2.7408511e+02  -6.3479362e+01
   8.5600000e+01   2.4808511e+02   2.5560638e+01
   8.5700000e+01   3.0708511e+02  -1.8799362e+01
   8.5800000e+01   6.9085106e+01   1.1172064e+02
   8.5900000e+01   3.3708511e+02  -1.9999362e+01
   8.6000000e+01   3.9908511e+02  -4.6479362e+01
   8.6100000e+01   2.5108511e+02  -3.7559362e+01
   8.6200000e+01   2.2308511e+02   8.2560638e+01
   8.6300000e+01   1.6008511e+02  -1.0391936e+02
   8.6400000e+01  -2.8914894e+01  -5.3593617e+00
   8.6500000e+01   1.5008511e+02   6.4806383e+00
   8.6600000e+01   1.6508511e+02   6.2880638e+01
   8.6700000e+01   1.3308511e+02   6.7160638e+01
   8.6800000e+01   9.1085106e+01   3.7840638e+01
   8.6900000e+01   2.5308511e+02  -3.7639362e+01
   8.7000000e+01   2.4008511e+02  -2.3119362e+01
   8.7100000e+01   3.7308511e+02  -4.4393617e+00
   8.7200000e+01   2.5908511e+02   1.5812064e+02
   8.7300000e+01   2.0108511e+02  -3.1559362e+01
   8.7400000e+01   3.1408511e+02  -2.5079362e+01
   8.7500000e+01   8.7085106e+01   6.6000638e+01
   8.7600000e+01   5.5085106e+01   2.4280638e+01
   8.7700000e+01   2.5508511e+02   7.6280638e+01
   8.7800000e+01   1.3408511e+02   4.3120638e+01
   8.7900000e+01   2.5508511e+02   6.2806383e+00
   8.8000000e+01   2.0408511e+02   6.3206383e+00
   8.8100000e+01   2.6408511e+02  -1.1407936e+02
   8.8200000e+01   2.9108511e+02  -2.3159362e+01
   8.8300000e+01   3.0108511e+02   3.0440638e+01
   8.8400000e+01   2.5408511e+02   1.7320638e+01
   8.8500000e+01   2.8108511e+02   1.2240638e+01
   8.8600000e+01   1.0908511e+02   5.5120638e+01
   8.8700000e+01   3.3208511e+02  -2.5799362e+01
   8.8800000e+01   1.3808511e+02  -7.6039362e+01
   8.8900000e+01   6.4085106e+01  -4.3079362e+01
   8.9000000e+01   2.2708511e+02   2.0400638e+01
   8.9100000e+01   3.1408511e+02   1.2920638e+01
   8.9200000e+01  -9.1489362e-01  -5.4793617e+00
   8.9300000e+01   6.9085106e+01  -1.4279362e+01
   8.9400000e+01   2.8408511e+02  -4.1879362e+01
   8.9500000e+01   2.6108511e+02   1.7704064e+02
   8.9600000e+01   1.3008511e+02   2.2280638e+01
   8.9700000e+01   5.4808511e+02  -6.6439362e+01
   8.9800000e+01   6.3085106e+01  -1.3039362e+01
   8.9900000e+01   9.5085106e+01  -2.6319362e+01
   9.0000000e+01   2.0308511e+02  -1.0463936e+02
   9.0100000e+01   1.2908511e+02   7.8320638e+01
   9.0200000e+01   1.5808511e+02  -1.0283936e+02
   9.0300000e+01   8.8085106e+01  -8.2039362e+01
   9.0400000e+01   2.8208511e+02  -9.3799362e+01
   9.0500000e+01   1.5808511e+02  -6.9839362e+01
   9.0600000e+01   1.4908511e+02   7.9520638e+01
   9.0700000e+01   2.3208511e+02  -4.4799362e+01
   9.0800000e+01   2.4908511e+02  -6.7479362e+01
   9.0900000e+01   3.7085106e+01  -6.6999362e+01
   9.1000000e+01   7.1085106e+01  -4.3359362e+01
   9.1100000e+01   2.8308511e+02  -3.0839362e+01
   9.1200000e+01   1.8008511e+02  -4.2719362e+01
   9.1300000e+01   1.3208511e+02  -5.4799362e+01
   9.1400000e+01   1.5608511e+02   3.1240638e+01
   9.1500000e+01   1.6408511e+02   1.6920638e+01
   9.1600000e+01   2.6708511e+02   6.4800638e+01
   9.1700000e+01   1.6008511e+02  -2.0919362e+01
   9.1800000e+01   2.7308511e+02   1.8560638e+01
   9.1900000e+01   3.7008511e+02  -2.7319362e+01
   9.2000000e+01   1.6608511e+02  -2.0159362e+01
   9.2100000e+01   2.7408511e+02  -1.4647936e+02
   9.2200000e+01   1.5308511e+02   7.3606383e+00
   9.2300000e+01   2.1108511e+02   7.9040638e+01
   9.2400000e+01   2.1908511e+02   7.2063830e-01
   9.2500000e+01   1.1308511e+02   5.8960638e+01
   9.2600000e+01   2.0608511e+02   2.0240638e+01
   9.2700000e+01   2.6808511e+02   6.3760638e+01
   9.2800000e+01   1.3208511e+02  -3.3799362e+01
   9.2900000e+01   2.5408511e+02  -6.1679362e+01
   9.3000000e+01   4.6708511e+02  -7.3199362e+01
   9.3100000e+01   5.9008511e+02   3.4880638e+01
   9.3200000e+01   2.2408511e+02  -3.3479362e+01
   9.3300000e+01   3.4008511e+02  -1.7119362e+01
   9.3400000e+01   1.9508511e+02   7.6806383e+00
   9.3500000e+01   3.5308511e+02   2.0360638e+01
   9.3600000e+01   2.4008511e+02   2.6880638e+01
   9.3700000e+01   2.3808511e+02  -5.2039362e+01
   9.3800000e+01   2.2408511e+02   2.0520638e+01
   9.3900000e+01   4.8808511e+02   6.7960638e+01
   9.4000000e+01   2.4308511e+02   1.3760638e+01
   9.4100000e+01   2.2308511e+02   2.4560638e+01
   9.4200000e+01   3.0008511e+02   7.4480638e+01
   9.4300000e+01   2.6908511e+02   1.1720638e+01
   9.4400000e+01   2.9208511e+02   4.3800638e+01
   9.4500000e+01   1.7008511e+02   1.2680638e+01
   9.4600000e+01   1.8908511e+02   1.5192064e+02
   9.4700000e+01   2.6108511e+02  -4.2959362e+01
   9.4800000e+01   3.1208511e+02   1.6000638e+01
   9.4900000e+01   2.0308511e+02   9.9360638e+01
   9.5000000e+01   1.3008511e+02   8.2806383e+00
   9.5100000e+01   2.7408511e+02   6.5206383e+00
   9.5200000e+01   2.2008511e+02   9.6806383e+00
   9.5300000e+01   3.8908511e+02   3.3920638e+01
   9.5400000e+01   2.3508511e+02   1.3108064e+02
   9.5500000e+01   2.5808511e+02  -1.5839362e+01
   9.5600000e+01   2.6608511e+02  -3.2159362e+01
   9.5700000e+01   1.8208511e+02  -6.1799362e+01
   9.5800000e+01   2.4408511e+02  -4.6279362e+01
   9.5900000e+01   1.4208511e+02   7.8006383e+00
   9.6000000e+01   2.0208511e+02  -4.5599362e+01
   9.6100000e+01   2.3408511e+02   2.5120638e+01
   9.6200000e+01   5.5085106e+01  -7.9719362e+01
   9.6300000e+01   1.3708511e+02  -1.0999362e+01
   9.6400000e+01   2.9808511e+02   4.5560638e+01
   9.6500000e+01   1.7308511e+02   6.2560638e+01
   9.6600000e+01   1.5908511e+02   5.4120638e+01
   9.6700000e+01   2.5408511e+02  -1.3967936e+02
   9.6800000e+01   2.7808511e+02   7.3606383e+00
   9.6900000e+01   1.6008511e+02   8.9080638e+01
   9.7000000e+01   2.8808511e+02  -5.5039362e+01
   9.7100000e+01   2.1408511e+02  -9.0793617e+00
   9.7200000e+01   1.2508511e+02   4.8063830e-01
   9.7300000e+01   2.3108511e+02  -7.3759362e+01
   9.7400000e+01   2.7608511e+02  -3.1559362e+01
   9.7500000e+01   1.6808511e+02   4.8760638e+01
   9.7600000e+01   1.0508511e+02   3.1280638e+01
   9.7700000e+01   2.4408511e+02  -7.8279362e+01
   9.7800000e+01   1.5108511e+02   2.4406383e+00
   9.7900000e+01   3.0608511e+02   3.3240638e+01
   9.8000000e+01   5.2085106e+01   5.4006383e+00
   9.8100000e+01   1.8708511e+02   3.9000638e+01
   9.8200000e+01   1.4708511e+02   1.2600638e+01
   9.8300000e+01   2.6608511e+02   2.2840638e+01
   9.8400000e+01   4.2085106e+01   1.2380064e+02
   9.8500000e+01   4.1308511e+02  -1.5039362e+01
   9.8600000e+01   8.3085106e+01   3.7160638e+01
   9.8700000e+01   2.3208511e+02  -5.7993617e+00
   9.8800000e+01   1.2908511e+02   6.7320638e+01
   9.8900000e+01   9.9085106e+01  -6.0479362e+01
   9.9000000e+01   1.7508511e+02  -3.1519362e+01
   9.9100000e+01   3.1608511e+02   3.2840638e+01
   9.9200000e+01   2.4108511e+02  -3.3159362e+01
   9.9300000e+01   3.5408511e+02   3.3206383e+00
   9.9400000e+01   1.2108511e+02   1.2640638e+01
   9.9500000e+01   2.4908511e+02  -1.9479362e+01
   9.9600000e+01   1.2408511e+02   1.9520638e+01
   9.9700000e+01   1.6708511e+02  -8.1993617e+00
   9.9800000e+01   1.5608511e+02  -2.3759362e+01
   9.9900000e+01   2.4108511e+02  -2.9159362e+01
   1.0000000e+02   1.0308511e+02  -4.0639362e+01
   1.0010000e+02   1.1408511e+02   1.2920638e+01
   1.0020000e+02   1.6108511e+02   7.0040638e+01
   1.0030000e+02   1.3308511e+02  -5.6839362e+01
   1.0040000e+02   1.6508511e+02   1.3880638e+01
   1.0050000e+02   4.4708511e+02   6.0063830e-01
   1.0060000e+02   2.1908511e+02  -1.9279362e+01
   1.0070000e+02   1.3308511e+02   7.7160638e+01
   1.0080000e+02   2.9208511e+02  -3.7199362e+01
   1.0090000e+02   1.4108511e+02   2.3840638e+01
   1.0100000e+02   2.0608511e+02   2.2406383e+00
   1.0110000e+02   6.7085106e+01  -6.1199362e+01
   1.0120000e+02   3.6708511e+02   3.8800638e+01
   1.0130000e+02   3.3608511e+02  -1.5959362e+01
   1.0140000e+02   8.9085106e+01   4.9206383e+00
   1.0150000e+02   3.1608511e+02  -1.7159362e+01
   1.0160000e+02   1.8608511e+02   2.6040638e+01
   1.0170000e+02   4.1708511e+02   2.6800638e+01
   1.0180000e+02   1.5008511e+02  -1.9519362e+01
   1.0190000e+02   1.9708511e+02   3.2600638e+01
   1.0200000e+02   1.7608511e+02  -2.2559362e+01
   1.0210000e+02   2.4108511e+02  -1.1515936e+02
   1.0220000e+02   1.3508511e+02   8.0638298e-02
   1.0230000e+02   3.3308511e+02   1.6160638e+01
   1.0240000e+02   3.0008511e+02   1.4806383e+00
   1.0250000e+02   3.3808511e+02  -2.0039362e+01
   1.0260000e+02   3.5708511e+02  -5.3799362e+01
   1.0270000e+02   2.3508511e+02  -3.8919362e+01
   1.0280000e+02   2.4708511e+02  -5.9399362e+01
   1.0290000e+02   8.9085106e+01  -1.3079362e+01
   1.0300000e+02   1.7908511e+02  -3.4679362e+01
   1.0310000e+02   4.9908511e+02  -5.4793617e+00
   1.0320000e+02   2.4108511e+02   8.4840638e+01
   1.0330000e+02   4.4108511e+02  -4.4159362e+01
   1.0340000e+02   1.4508511e+02  -9.3193617e+00
   1.0350000e+02   1.2308511e+02   2.1560638e+01
   1.0360000e+02   4.2608511e+02  -2.8559362e+01
   1.0370000e+02   1.4308511e+02  -1.8239362e+01
   1.0380000e+02   2.7308511e+02   4.6560638e+01
   1.0390000e+02   1.4208511e+02   4.1800638e+01
   1.0400000e+02   2.1008511e+02   9.0806383e+00
   1.0410000e+02   4.0608511e+02   1.2224064e+02
   1.0420000e+02   2.6108511e+02   2.5040638e+01
   1.0430000e+02   3.0508511e+02  -1.1719362e+01
   1.0440000e+02   1.1808511e+02   9.7606383e+00
   1.0450000e+02   2.5908511e+02  -2.5879362e+01
   1.0460000e+02   6.7085106e+01   6.8800638e+01
   1.0470000e+02   2.7108511e+02   8.8640638e+01
   1.0480000e+02   1.6908511e+02   4.7720638e+01
   1.0490000e+02   2.2008511e+02  -1.0831936e+02
   1.0500000e+02   2.3208511e+02  -4.1799362e+01
   1.0510000e+02   9.6085106e+01   3.6640638e+01
   1.0520000e+02   1.6708511e+02  -4.3199362e+01
   1.0530000e+02   3.6308511e+02   3.3960638e+01
   1.0540000e+02   2.5008511e+02   3.4806383e+00
   1.0550000e+02   2.2608511e+02   4.7440638e+01
   1.0560000e+02   3.0608511e+02   8.5240638e+01
   1.0570000e+02   1.7008511e+02  -7.5319362e+01
   1.0580000e+02   1.2408511e+02  -2.1479362e+01
   1.0590000e+02   7.4085106e+01   8.2520638e+01
   1.0600000e+02   1.8408511e+02   1.2612064e+02
   1.0610000e+02   1.7508511e+02   1.4480638e+01
   1.0620000e+02   1.4108511e+02   7.8406383e+00
   1.0630000e+02   2.8808511e+02   1.4696064e+02
   1.0640000e+02   3.9408511e+02   8.8720638e+01
   1.0650000e+02   3.1508511e+02  -1.4119362e+01
   1.0660000e+02   2.7008511e+02   8.6806383e+00
   1.0670000e+02   2.3208511e+02  -5.4799362e+01
   1.0680000e+02   1.5508511e+02  -8.7193617e+00
   1.0690000e+02   3.0508511e+02   6.8280638e+01
   1.0700000e+02   2.9308511e+02  -1.9239362e+01
   1.0710000e+02   1.3608511e+02  -4.5959362e+01
   1.0720000e+02   3.6408511e+02  -1.0079362e+01
   1.0730000e+02   3.1808511e+02   3.5760638e+01
   1.0740000e+02   2.1708511e+02   7.9800638e+01
   1.0750000e+02   1.3408511e+02   3.5120638e+01
   1.0760000e+02   1.0408511e+02   3.4320638e+01
   1.0770000e+02   2.9008511e+02  -1.7119362e+01
   1.0780000e+02   1.7908511e+02  -5.5679362e+01
   1.0790000e+02   2.4708511e+02   1.3960064e+02
   1.0800000e+02   1.6008511e+02  -3.9193617e+00
   1.0810000e+02   3.0808511e+02  -6.6839362e+01
   1.0820000e+02   2.4708511e+02  -2.3993617e+00
   1.0830000e+02   1.4008511e+02  -5.9119362e+01
   1.0840000e+02   3.8085106e+01   3.0960638e+01
   1.0850000e+02   3.9008511e+02  -5.1193617e+00
   1.0860000e+02   2.8408511e+02   3.1120638e+01
   1.0870000e+02   3.2408511e+02   5.0520638e+01
   1.0880000e+02   1.9508511e+02   2.9680638e+01
   1.0890000e+02   1.1408511e+02  -3.1079362e+01
   1.0900000e+02   3.7208511e+02   3.1600638e+01
   1.0910000e+02   1.8508511e+02  -7.9919362e+01
   1.0920000e+02   2.7808511e+02  -3.5639362e+01
   1.0930000e+02   2.3608511e+02   1.8040638e+01
   1.0940000e+02   2.8108511e+02   4.0240638e+01
   1.0950000e+02   2.2708511e+02  -2.8599362e+01
   1.0960000e+02   3.2208511e+02   1.5260064e+02
   1.0970000e+02   2.3508511e+02   1.2908064e+02
   1.0980000e+02   3.6308511e+02   2.2960638e+01
   1.0990000e+02   2.5508511e+02   7.4280638e+01
   1.1000000e+02   2.6008511e+02  -5.9193617e+00
   1.1010000e+02   1.2908511e+02   1.2320638e+01
   1.1020000e+02   2.8108511e+02  -1.6759362e+01
   1.1030000e+02   2.0808511e+02   9.1606383e+00
   1.1040000e+02   4.1085106e+01   9.8840638e+01
   1.1050000e+02   1.2008511e+02   9.2680638e+01
   1.1060000e+02   1.9708511e+02   3.3600638e+01
   1.1070000e+02   6.9085106e+01  -8.8279362e+01
   1.1080000e+02   1.1308511e+02   5.3960638e+01
   1.1090000e+02   2.4808511e+02   3.7560638e+01
   1.1100000e+02   2.3508511e+02  -8.7919362e+01
   1.1110000e+02   9.6085106e+01   8.2640638e+01
   1.1120000e+02   2.4108511e+02   5.3840638e+01
   1.1130000e+02   2.0308511e+02  -3.7639362e+01
   1.1140000e+02   8.8085106e+01   1.7096064e+02
   1.1150000e+02   1.7408511e+02   3.5520638e+01
   1.1160000e+02   2.8508511e+02  -9.0919362e+01
   1.1170000e+02   2.6108511e+02  -3.1959362e+01
   1.1180000e+02  -3.9914894e+01  -2.6919362e+01
   1.1190000e+02   2.5108511e+02  -7.4559362e+01
   1.1200000e+02   2.0908511e+02  -6.9879362e+01
   1.1210000e+02   1.4508511e+02  -1.2319362e+01
   1.1220000e+02   9.1085106e+01  -2.8159362e+01
   1.1230000e+02   1.2908511e+02  -5.4679362e+01
   1.1240000e+02   1.5508511e+02  -9.0719362e+01
   1.1250000e+02   1.9808511e+02   9.5606383e+00
   1.1260000e+02   1.4008511e+02  -1.3119362e+01
   1.1270000e+02   4.2108511e+02  -9.2359362e+01
   1.1280000e+02   2.4608511e+02   2.1640638e+01
   1.1290000e+02   2.5108511e+02  -2.8559362e+01
   1.1300000e+02   8.5085106e+01   4.0806383e+00
   1.1310000e+02   1.8208511e+02   1.9920064e+02
   1.1320000e+02   3.1408511e+02   2.5920638e+01
   1.1330000e+02   1.6708511e+02  -9.8199362e+01
   1.1340000e+02   1.7208511e+02  -2.4399362e+01
   1.1350000e+02   2.1108511e+02   9.5040638e+01
   1.1360000e+02   1.9308511e+02  -2.9239362e+01
   1.1370000e+02   1.6808511e+02  -7.2393617e+00
   1.1380000e+02   3.2208511e+02   5.2600638e+01
   1.1390000e+02   3.6908511e+02   3.7720638e+01
   1.1400000e+02   1.2508511e+02  -3.5519362e+01
   1.1410000e+02   5.1085106e+01  -9.5593617e+00
   1.1420000e+02   3.0808511e+02   1.1216064e+02
   1.1430000e+02   2.2408511e+02   1.2652064e+02
   1.1440000e+02   3.2708511e+02   4.0063830e-01
   1.1450000e+02   1.2408511e+02   3.2520638e+01
   1.1460000e+02   2.2308511e+02   4.5560638e+01
   1.1470000e+02   2.2808511e+02   5.3606383e+00
   1.1480000e+02   1.7108511e+02  -2.9359362e+01
   1.1490000e+02   1.6508511e+02   3.0880638e+01
   1.1500000e+02   1.4608511e+02   8.1640638e+01
   1.1510000e+02   1.2708511e+02  -1.8599362e+01
   1.1520000e+02   1.3108511e+02   6.0240638e+01
   1.1530000e+02   2.1908511e+02   5.8720638e+01
   1.1540000e+02   4.7085106e+01   6.0063830e-01
   1.1550000e+02   5.3085106e+01   2.3360638e+01
   1.1560000e+02   1.2308511e+02  -6.0439362e+01
   1.1570000e+02   2.4908511e+02   8.5520638e+01
   1.1580000e+02   4.6085106e+01  -3.3359362e+01
   1.1590000e+02   3.2808511e+02  -1.1263936e+02
   1.1600000e+02   1.5008511e+02   7.4806383e+00
   1.1610000e+02   2.4308511e+02   2.7760638e+01
   1.1620000e+02   2.2808511e+02   2.1360638e+01
   1.1630000e+02   1.0308511e+02  -1.0639362e+01
   1.1640000e+02   1.3808511e+02  -5.0393617e+00
   1.1650000e+02   5.9085106e+01   4.0120638e+01
   1.1660000e+02   1.4108511e+02  -6.2159362e+01
   1.1670000e+02   1.9208511e+02  -5.1199362e+01
   1.1680000e+02   7.5085106e+01  -1.1519362e+01
   1.1690000e+02   1.9408511e+02  -5.9279362e+01
   1.1700000e+02   2.3208511e+02  -2.7993617e+00
   1.1710000e+02   2.7708511e+02  -5.3599362e+01
   1.1720000e+02   2.1508511e+02  -2.3119362e+01
   1.1730000e+02   1.3208511e+02   6.4200638e+01
   1.1740000e+02   6.6085106e+01   8.8406383e+00
   1.1750000e+02   2.2708511e+02  -8.3599362e+01
   1.1760000e+02   1.4408511e+02  -5.1279362e+01
   1.1770000e+02   2.3808511e+02  -6.5039362e+01
   1.1780000e+02   2.0108511e+02   3.8440638e+01
   1.1790000e+02   2.1608511e+02  -9.3159362e+01
   1.1800000e+02   5.3085106e+01   2.5360638e+01
   1.1810000e+02   1.4708511e+02  -4.3993617e+00
   1.1820000e+02   1.2208511e+02   6.5600638e+01
   1.1830000e+02   1.7508511e+02   6.9480638e+01
   1.1840000e+02   1.7408511e+02  -1.7479362e+01
   1.1850000e+02   3.8508511e+02  -6.7919362e+01
   1.1860000e+02   1.6208511e+02  -2.6999362e+01
   1.1870000e+02   1.0608511e+02  -3.5759362e+01
   1.1880000e+02   2.6808511e+02  -5.9239362e+01
   1.1890000e+02   1.7508511e+02   4.2480638e+01
   1.1900000e+02   1.4408511e+02   2.9720638e+01
   1.1910000e+02   2.4308511e+02   7.7606383e+00
   1.1920000e+02   6.9085106e+01  -1.0927936e+02
   1.1930000e+02   2.3608511e+02  -2.6959362e+01
   1.1940000e+02   1.8208511e+02  -2.5799362e+01
   1.1950000e+02   9.9085106e+01  -7.4793617e+00
   1.1960000e+02   1.5608511e+02  -3.7593617e+00
   1.1970000e+02   1.8808511e+02  -9.0393617e+00
   1.1980000e+02   3.4308511e+02  -6.6239362e+01
   1.1990000e+02   1.0508511e+02   1.1280638e+01
   1.2000000e+02   7.4085106e+01  -8.7479362e+01
   1.2010000e+02   3.8408511e+02   1.9512064e+02
   1.2020000e+02   1.2908511e+02  -5.8679362e+01
   1.2030000e+02   2.5108511e+02  -2.5593617e+00
   1.2040000e+02   1.1608511e+02   1.0284064e+02
   1.2050000e+02   1.7208511e+02  -4.0399362e+01
   1.2060000e+02   3.0008511e+02   3.3480638e+01
   1.2070000e+02   3.1085106e+01  -1.7593617e+00
   1.2080000e+02   1.6808511e+02  -5.1239362e+01
   1.2090000e+02   1.2108511e+02  -5.3593617e+00
   1.2100000e+02   1.7408511e+02  -6.7479362e+01
   1.2110000e+02   1.4708511e+02  -1.9399362e+01
   1.2120000e+02   3.2108511e+02  -1.5359362e+01
   1.2130000e+02   1.6808511e+02   4.6760638e+01
   1.2140000e+02   5.0085106e+01   4.0480638e+01
   1.2150000e+02   1.2008511e+02   2.7680638e+01
   1.2160000e+02  -7.9148936e+00   7.2800638e+01
   1.2170000e+02  -7.9148936e+00   1.2800638e+01
   1.2180000e+02   2.0851064e+00   2.4006383e+00
   1.2190000e+02   1.1008511e+02  -2.1919362e+01
   1.2200000e+02   1.1508511e+02   8.8063830e-01
   1.2210000e+02  -1.5914894e+01   7.2120638e+01
   1.2220000e+02   1.1085106e+01   2.9040638e+01
   1.2230000e+02   1.9708511e+02   6.7600638e+01
   1.2240000e+02   4.5085106e+01  -4.3193617e+00
   1.2250000e+02   2.2085106e+01   1.4160064e+02
   1.2260000e+02   1.0108511e+02  -7.5593617e+00
   1.2270000e+02  -2.1914894e+01  -4.6639362e+01
   1.2280000e+02   4.3085106e+01   3.4760638e+01
   1.2290000e+02   5.0851064e+00   1.1028064e+02
   1.2300000e+02   1.5708511e+02   4.3200638e+01
   1.2310000e+02  -4.0914894e+01  -1.1879362e+01
   1.2320000e+02  -1.7914894e+01   7.1200638e+01
   1.2330000e+02   1.8808511e+02  -2.2039362e+01
   1.2340000e+02  -7.9148936e+00   1.8006383e+00
   1.2350000e+02   7.0085106e+01  -3.1936170e-01
   1.2360000e+02   8.6085106e+01   6.2040638e+01
   1.2370000e+02  -3.7914894e+01   5.0000638e+01
   1.2380000e+02   9.0851064e+00   3.7120638e+01
   1.2390000e+02   4.2085106e+01   6.2800638e+01
   1.2400000e+02  -7.4914894e+01   3.0480638e+01
   1.2410000e+02  -1.9148936e+00  -1.3439362e+01
   1.2420000e+02   5.7085106e+01   8.8200638e+01
   1.2430000e+02  -2.9914894e+01   5.5680638e+01
   1.2440000e+02  -1.0914894e+01  -2.4079362e+01
   1.2450000e+02   1.2608511e+02  -6.4559362e+01
   1.2460000e+02   8.0085106e+01   5.6280638e+01
   1.2470000e+02   5.9085106e+01   3.9120638e+01
   1.2480000e+02   1.4908511e+02   2.6520638e+01
   1.2490000e+02   3.1085106e+01  -3.1759362e+01
   1.2500000e+02   1.1085106e+01   1.4040638e+01
   1.2510000e+02  -7.3914894e+01   1.7440638e+01
   1.2520000e+02  -5.0914894e+01   1.4520638e+01
   1.2530000e+02   1.8085106e+01  -2.1239362e+01
   1.2540000e+02   7.1085106e+01  -6.9359362e+01
   1.2550000e+02   1.6308511e+02   4.9960638e+01
   1.2560000e+02   1.9085106e+01   2.7206383e+00
   1.2570000e+02   8.9085106e+01   5.2920638e+01
   1.2580000e+02   1.3208511e+02   5.7200638e+01
   1.2590000e+02   1.4808511e+02   8.5606383e+00
   1.2600000e+02   1.4808511e+02   5.6560638e+01
   1.2610000e+02   2.0851064e+00  -6.8599362e+01
   1.2620000e+02  -3.2914894e+01  -1.0199362e+01
   1.2630000e+02  -1.1914894e+01   1.0296064e+02
   1.2640000e+02   2.0908511e+02  -4.7879362e+01
   1.2650000e+02  -1.8914894e+01   7.5240638e+01
   1.2660000e+02   2.5085106e+01   2.5480638e+01
   1.2670000e+02   4.1085106e+01  -1.9159362e+01
   1.2680000e+02   1.6108511e+02  -7.4959362e+01
   1.2690000e+02   7.5085106e+01  -6.4519362e+01
   1.2700000e+02   3.0851064e+00   4.3360638e+01
   1.2710000e+02   8.1085106e+01  -5.8759362e+01
   1.2720000e+02   6.9085106e+01  -1.8279362e+01
   1.2730000e+02   8.1085106e+01   4.6240638e+01
   1.2740000e+02   8.5085106e+01   2.0080638e+01
   1.2750000e+02   2.3308511e+02  -4.8839362e+01
   1.2760000e+02  -7.0914894e+01  -1.6679362e+01
   1.2770000e+02   1.8808511e+02  -4.3039362e+01
   1.2780000e+02   2.4085106e+01  -3.6479362e+01
   1.2790000e+02   2.7085106e+01   1.4400638e+01
   1.2800000e+02  -8.7914894e+01   6.3829787e-04
   1.2810000e+02   8.4085106e+01  -4.1879362e+01
   1.2820000e+02   3.8085106e+01  -6.8039362e+01
   1.2830000e+02   7.7085106e+01  -9.5599362e+01
   1.2840000e+02   1.0208511e+02   2.0400638e+01
   1.2850000e+02  -6.9148936e+00   3.2760638e+01
   1.2860000e+02   2.8085106e+01   5.9360638e+01
   1.2870000e+02   3.9085106e+01  -9.0079362e+01
   1.2880000e+02   2.1085106e+01   5.7640638e+01
   1.2890000e+02  -1.2914894e+01   7.1000638e+01
   1.2900000e+02  -5.2914894e+01  -4.1399362e+01
   1.2910000e+02  -9.1489362e-01  -2.7479362e+01
   1.2920000e+02  -2.5914894e+01   1.9152064e+02
   1.2930000e+02   7.8085106e+01  -6.6639362e+01
   1.2940000e+02   1.9085106e+01   1.8720638e+01
   1.2950000e+02  -8.8914894e+01   3.8040638e+01
   1.2960000e+02  -6.2914894e+01   9.8000638e+01
   1.2970000e+02  -4.9914894e+01  -4.2519362e+01
   1.2980000e+02   4.9085106e+01  -1.0247936e+02
   1.2990000e+02   7.0851064e+00  -1.4799362e+01
   1.3000000e+02   1.2308511e+02   2.6560638e+01
   1.3010000e+02   8.5085106e+01   2.2080638e+01
   1.3020000e+02   7.4085106e+01  -7.8479362e+01
   1.3030000e+02   3.0851064e+00  -2.2639362e+01
   1.3040000e+02   1.3085106e+01  -8.0393617e+00
   1.3050000e+02   5.4085106e+01   5.5320638e+01
   1.3060000e+02   6.0851064e+00  -3.9759362e+01
   1.3070000e+02  -5.1914894e+01  -2.2439362e+01
   1.3080000e+02   2.5085106e+01   1.6480638e+01
   1.3090000e+02   8.5106383e-02  -3.0519362e+01
   1.3100000e+02  -1.4914894e+01   5.6080638e+01
   1.3110000e+02   1.4108511e+02   6.8406383e+00
   1.3120000e+02   3.0851064e+00   1.9360638e+01
   1.3130000e+02   8.5085106e+01  -9.1936170e-01
   1.3140000e+02   5.6085106e+01  -5.5759362e+01
   1.3150000e+02   2.5085106e+01   8.4806383e+00
   1.3160000e+02   8.9085106e+01   7.9920638e+01
   1.3170000e+02   9.7085106e+01   1.2600638e+01
   1.3180000e+02   4.9085106e+01  -1.0479362e+01
   1.3190000e+02  -5.2914894e+01   2.8600638e+01
   1.3200000e+02   1.4208511e+02  -3.1993617e+00
   1.3210000e+02  -5.6914894e+01   2.0760638e+01
   1.3220000e+02   1.4008511e+02  -7.6119362e+01
   1.3230000e+02   1.1008511e+02  -5.5919362e+01
   1.3240000e+02  -1.9914894e+01  -5.3719362e+01
   1.3250000e+02  -1.8914894e+01   3.4240638e+01
   1.3260000e+02   1.5208511e+02  -3.7599362e+01
   1.3270000e+02   3.5085106e+01  -3.0919362e+01
   1.3280000e+02  -2.3914894e+01   8.0440638e+01
   1.3290000e+02  -8.1914894e+01  -4.2393617e+00
   1.3300000e+02  -4.5914894e+01  -1.0467936e+02
   1.3310000e+02   1.5908511e+02   1.0120638e+01
   1.3320000e+02   8.3085106e+01   7.5160638e+01
   1.3330000e+02   7.8085106e+01  -4.3639362e+01
   1.3340000e+02  -4.2914894e+01   2.3200638e+01
   1.3350000e+02   1.1308511e+02   3.2960638e+01
   1.3360000e+02   5.9085106e+01   8.0120638e+01
   1.3370000e+02   1.3908511e+02   2.4920638e+01
   1.3380000e+02   4.9085106e+01  -1.7479362e+01
   1.3390000e+02   4.6085106e+01   2.4640638e+01
   1.3400000e+02  -5.0914894e+01   4.3520638e+01
   1.3410000e+02   3.7085106e+01  -5.9993617e+00
   1.3420000e+02   6.2085106e+01   8.0006383e+00
   1.3430000e+02  -2.6914894e+01  -4.6439362e+01
   1.3440000e+02   1.2608511e+02   4.4440638e+01
   1.3450000e+02   8.0085106e+01  -3.4719362e+01
   1.3460000e+02   5.3085106e+01  -3.5639362e+01
   1.3470000e+02  -1.0914894e+01  -2.3079362e+01
   1.3480000e+02   2.9085106e+01   2.1320638e+01
   1.3490000e+02  -6.9148936e+00  -1.7239362e+01
   1.3500000e+02  -5.9148936e+00  -3.7279362e+01
   1.3510000e+02   7.5085106e+01  -2.3519362e+01
   1.3520000e+02   1.7108511e+02  -2.7359362e+01
   1.3530000e+02   3.6085106e+01  -6.8959362e+01
   1.3540000e+02   1.7085106e+01   1.1800638e+01
   1.3550000e+02   1.5208511e+02  -5.5993617e+00
   1.3560000e+02   1.9108511e+02   1.4284064e+02
   1.3570000e+02  -4.0914894e+01   1.9120638e+01
   1.3580000e+02   2.7085106e+01   5.5400638e+01
   1.3590000e+02   2.9085106e+01  -2.5679362e+01
   1.3600000e+02   1.1908511e+02   4.8720638e+01
   1.3610000e+02   7.2085106e+01  -4.3399362e+01
   1.3620000e+02   1.6908511e+02  -2.1279362e+01
   1.3630000e+02  -7.7914894e+01   3.3600638e+01
   1.3640000e+02   3.7085106e+01  -2.9999362e+01
   1.3650000e+02   1.3808511e+02   3.1960638e+01
   1.3660000e+02   1.1908511e+02   1.7720638e+01
   1.3670000e+02  -3.5914894e+01  -9.2079362e+01
   1.3680000e+02  -4.6914894e+01  -2.7639362e+01
   1.3690000e+02   7.6085106e+01  -6.8559362e+01
   1.3700000e+02   1.2085106e+01   3.7000638e+01
   1.3710000e+02   2.5085106e+01  -1.9519362e+01
   1.3720000e+02   1.3208511e+02   5.0200638e+01
   1.3730000e+02   7.0851064e+00   2.2200638e+01
   1.3740000e+02  -8.1914894e+01  -4.7239362e+01
   1.3750000e+02   1.7408511e+02  -5.1479362e+01
   1.3760000e+02   1.3808511e+02  -1.4039362e+01
   1.3770000e+02   9.5085106e+01   7.8680638e+01
   1.3780000e+02   1.5308511e+02  -4.3639362e+01
   1.3790000e+02   1.2508511e+02   1.1048064e+02
   1.3800000e+02   1.2085106e+01   6.0006383e+00
   1.3810000e+02   1.3608511e+02  -2.4959362e+01
   1.3820000e+02   1.2308511e+02  -6.5439362e+01
   1.3830000e+02   2.5085106e+01   8.4806383e+00
   1.3840000e+02  -2.0914894e+01  -3.6679362e+01
   1.3850000e+02  -2.3914894e+01  -3.5593617e+00
   1.3860000e+02   4.6085106e+01  -7.3593617e+00
   1.3870000e+02   5.0085106e+01   5.5480638e+01
   1.3880000e+02   1.4085106e+01   5.1920638e+01
   1.3890000e+02   9.9085106e+01   6.0520638e+01
   1.3900000e+02  -4.7914894e+01  -6.3599362e+01
   1.3910000e+02   1.3808511e+02  -1.9039362e+01
   1.3920000e+02  -1.7914894e+01   3.9200638e+01
   1.3930000e+02   1.0108511e+02  -6.9559362e+01
   1.3940000e+02   7.0851064e+00  -6.0799362e+01
   1.3950000e+02   1.0085106e+01   4.4080638e+01
   1.3960000e+02  -6.9148936e+00  -2.3936170e-01
   1.3970000e+02   1.4908511e+02   3.8520638e+01
   1.3980000e+02  -3.6914894e+01  -2.4039362e+01
   1.3990000e+02   8.5106383e-02  -6.1519362e+01
   1.4000000e+02  -1.1914894e+01   3.3960638e+01
   1.4010000e+02   1.9508511e+02  -4.4319362e+01
   1.4020000e+02   1.2208511e+02   9.6006383e+00
   1.4030000e+02  -8.9914894e+01   3.6080638e+01
   1.4040000e+02  -7.6914894e+01  -2.1439362e+01
   1.4050000e+02  -8.8914894e+01   4.6040638e+01
   1.4060000e+02   3.8085106e+01  -9.4039362e+01
   1.4070000e+02  -2.9148936e+00  -5.1399362e+01
   1.4080000e+02   5.6085106e+01  -3.0759362e+01
   1.4090000e+02   8.3085106e+01  -4.9839362e+01
   1.4100000e+02  -3.2914894e+01   1.7800638e+01
   1.4110000e+02  -4.3914894e+01  -1.0475936e+02
   1.4120000e+02   8.8085106e+01  -2.9039362e+01
   1.4130000e+02   4.2085106e+01  -7.7199362e+01
   1.4140000e+02  -1.9914894e+01  -6.4719362e+01
   1.4150000e+02  -7.1914894e+01  -9.6393617e+00
   1.4160000e+02  -4.2914894e+01  -2.7799362e+01
   1.4170000e+02   8.8085106e+01  -5.4039362e+01
   1.4180000e+02   3.5085106e+01   1.1808064e+02
   1.4190000e+02   1.3308511e+02  -9.6839362e+01
   1.4200000e+02   5.6085106e+01   5.0240638e+01
   1.4210000e+02   7.4085106e+01  -1.2347936e+02
   1.4220000e+02   2.4085106e+01  -3.2479362e+01
   1.4230000e+02   1.5208511e+02   9.9400638e+01
   1.4240000e+02  -6.4914894e+01  -8.2919362e+01
   1.4250000e+02   5.5085106e+01   4.8280638e+01
   1.4260000e+02   3.4085106e+01  -4.6879362e+01
   1.4270000e+02  -5.7914894e+01   7.8006383e+00
   1.4280000e+02   1.3085106e+01   1.6960638e+01
   1.4290000e+02   3.7085106e+01  -5.2999362e+01
   1.4300000e+02   6.0851064e+00   1.2406383e+00
   1.4310000e+02   2.0085106e+01   5.5680638e+01
   1.4320000e+02  -9.1489362e-01  -8.0479362e+01
   1.4330000e+02   1.6085106e+01  -1.0815936e+02
   1.4340000e+02   1.0085106e+01  -9.9919362e+01
   1.4350000e+02  -3.7914894e+01   7.4000638e+01
   1.4360000e+02   2.8085106e+01   2.0360638e+01
   1.4370000e+02  -5.4914894e+01   1.3680638e+01
   1.4380000e+02   2.4085106e+01  -6.4479362e+01
   1.4390000e+02   3.3085106e+01   3.1160638e+01
   1.4400000e+02  -2.0914894e+01   6.7320638e+01
   1.4410000e+02  -4.9914894e+01  -5.5519362e+01
   1.4420000e+02   1.4708511e+02  -5.8399362e+01
   1.4430000e+02  -7.1914894e+01  -9.6393617e+00
   1.4440000e+02   5.5085106e+01  -2.7193617e+00
   1.4450000e+02   8.9085106e+01   6.9920638e+01
   1.4460000e+02   9.9085106e+01  -3.7479362e+01
   1.4470000e+02   8.5106383e-02  -9.5193617e+00
   1.4480000e+02  -1.2914894e+01   2.8000638e+01
   1.4490000e+02  -1.2914894e+01   8.0006383e+00
   1.4500000e+02   8.9085106e+01   6.9206383e+00
   1.4510000e+02   1.2408511e+02  -3.4793617e+00
   1.4520000e+02   4.4085106e+01  -4.5279362e+01
   1.4530000e+02   7.4085106e+01   7.8520638e+01
   1.4540000e+02  -3.7914894e+01  -8.3999362e+01
   1.4550000e+02  -7.3914894e+01  -7.5559362e+01
   1.4560000e+02   8.5085106e+01  -3.4919362e+01
   1.4570000e+02   3.1085106e+01  -5.3759362e+01
   1.4580000e+02   7.4085106e+01  -9.0479362e+01
   1.4590000e+02   5.0085106e+01   7.1480638e+01
   1.4600000e+02  -6.5914894e+01   7.3120638e+01
   1.4610000e+02  -1.3914894e+01  -1.4959362e+01
   1.4620000e+02   6.8085106e+01   9.7606383e+00
   1.4630000e+02   4.6085106e+01  -1.3593617e+00
   1.4640000e+02  -1.0591489e+02  -1.0279362e+01
   1.4650000e+02   1.2208511e+02  -3.3993617e+00
   1.4660000e+02  -9.9148936e+00  -3.4119362e+01
   1.4670000e+02  -5.5914894e+01   1.3272064e+02
   1.4680000e+02   1.4085106e+01   2.3920638e+01
   1.4690000e+02   1.1308511e+02   5.8960638e+01
   1.4700000e+02   1.1808511e+02   7.6063830e-01
   1.4710000e+02   7.0085106e+01   3.4680638e+01
   1.4720000e+02  -6.5914894e+01  -5.2879362e+01
   1.4730000e+02   9.0085106e+01   1.5880638e+01
   1.4740000e+02   9.8085106e+01  -2.9439362e+01
   1.4750000e+02   5.3085106e+01  -5.6393617e+00
   1.4760000e+02  -2.3914894e+01   4.2440638e+01
   1.4770000e+02   6.9085106e+01   2.0720638e+01
   1.4780000e+02   1.4508511e+02  -5.1319362e+01
   1.4790000e+02  -1.9914894e+01  -8.0719362e+01
   1.4800000e+02  -1.6914894e+01   1.1160638e+01
   1.4810000e+02  -8.3914894e+01  -4.0159362e+01
   1.4820000e+02  -1.3914894e+01  -5.9593617e+00
   1.4830000e+02   3.5085106e+01  -3.2919362e+01
   1.4840000e+02  -2.9148936e+00  -6.5399362e+01
   1.4850000e+02  -2.8914894e+01  -3.3593617e+00
   1.4860000e+02   8.4085106e+01  -8.0879362e+01
   1.4870000e+02  -5.2914894e+01   2.7600638e+01
   1.4880000e+02   1.4085106e+01   2.7920638e+01
   1.4890000e+02  -6.9148936e+00  -2.1239362e+01
   1.4900000e+02   4.7085106e+01  -1.0339936e+02
   1.4910000e+02  -4.5914894e+01   1.1320638e+01
   1.4920000e+02   4.9085106e+01  -8.3479362e+01
   1.4930000e+02  -2.6914894e+01  -1.7439362e+01
   1.4940000e+02   3.3085106e+01  -6.6839362e+01
   1.4950000e+02  -2.4914894e+01  -4.2519362e+01
   1.4960000e+02  -6.0914894e+01   1.3920638e+01
   1.4970000e+02  -7.2914894e+01   7.4006383e+00
   1.4980000e+02  -2.5914894e+01  -8.8479362e+01
   1.4990000e+02   4.3085106e+01  -2.3936170e-01
   1.5000000e+02   2.7085106e+01  -6.7599362e+01
   1.5010000e+02  -6.7914894e+01   1.3200638e+01
   1.5020000e+02   7.0851064e+00  -9.2799362e+01
   1.5030000e+02   4.6085106e+01   1.4640638e+01
   1.5040000e+02   7.6085106e+01  -2.9559362e+01
   1.5050000e+02  -9.6914894e+01  -7.6393617e+00
   1.5060000e+02   1.0085106e+01  -1.6919362e+01
   1.5070000e+02  -2.3914894e+01  -9.5593617e+00
   1.5080000e+02   1.3408511e+02   4.7120638e+01
   1.5090000e+02   8.5085106e+01  -1.4919362e+01
   1.5100000e+02  -9.9148936e+00  -8.6119362e+01
   1.5110000e+02  -4.3914894e+01   1.2924064e+02
   1.5120000e+02  -4.2914894e+01  -2.0799362e+01
   1.5130000e+02   2.8085106e+01  -1.2639362e+01
   1.5140000e+02  -5.5914894e+01   5.0720638e+01
   1.5150000e+02   4.0085106e+01  -7.5119362e+01
   1.5160000e+02  -4.4914894e+01  -4.0719362e+01
   1.5170000e+02  -9.9148936e+00   3.7880638e+01
   1.5180000e+02   1.8085106e+01  -2.6239362e+01
   1.5190000e+02   5.0851064e+00  -4.7193617e+00
   1.5200000e+02  -2.1914894e+01  -1.9639362e+01
   1.5210000e+02  -3.0914894e+01   2.7720638e+01
   1.5220000e+02   8.1085106e+01  -1.0375936e+02
   1.5230000e+02  -5.5914894e+01  -2.8279362e+01
   1.5240000e+02   6.2085106e+01  -6.9999362e+01
   1.5250000e+02   3.9085106e+01  -9.4079362e+01
   1.5260000e+02   1.6408511e+02  -3.6079362e+01
   1.5270000e+02   1.3208511e+02  -5.4799362e+01
   1.5280000e+02   8.5085106e+01  -4.6919362e+01
   1.5290000e+02   2.4085106e+01  -1.6479362e+01
   1.5300000e+02  -9.1489362e-01   7.6520638e+01
   1.5310000e+02  -7.9148936e+00  -4.1199362e+01
   1.5320000e+02   1.0851064e+00  -9.2559362e+01
   1.5330000e+02   2.7085106e+01  -3.2599362e+01
   1.5340000e+02   2.1085106e+01  -2.5359362e+01
   1.5350000e+02   9.2085106e+01   8.6800638e+01
   1.5360000e+02   1.3208511e+02   7.5200638e+01
   1.5370000e+02  -4.1914894e+01   2.9160638e+01
   1.5380000e+02   5.9085106e+01   7.5120638e+01
   1.5390000e+02   8.0085106e+01   5.7280638e+01
   1.5400000e+02  -8.0914894e+01   3.2720638e+01
   1.5410000e+02   2.1085106e+01  -8.7359362e+01
   1.5420000e+02   1.5808511e+02   8.3160638e+01
   1.5430000e+02   8.9085106e+01   6.3920638e+01
   1.5440000e+02   8.5085106e+01   5.0080638e+01
   1.5450000e+02   9.0851064e+00   4.6120638e+01
   1.5460000e+02   2.1085106e+01   1.3640638e+01
   1.5470000e+02  -3.0914894e+01   1.1720638e+01
   1.5480000e+02   1.0808511e+02   7.2160638e+01
   1.5490000e+02   1.3708511e+02  -2.3999362e+01
   1.5500000e+02  -8.1914894e+01   7.9760638e+01
   1.5510000e+02   1.4085106e+01   3.6920638e+01
   1.5520000e+02  -2.4914894e+01  -2.2519362e+01
   1.5530000e+02  -2.8914894e+01   1.5640638e+01
   1.5540000e+02   4.6085106e+01  -2.6359362e+01
   1.5550000e+02   1.0408511e+02  -6.7936170e-01
   1.5560000e+02   1.1085106e+01  -3.9593617e+00
   1.5570000e+02  -3.9148936e+00  -6.8359362e+01
   1.5580000e+02   7.1085106e+01   3.6406383e+00
   1.5590000e+02  -1.9148936e+00   2.4560638e+01
   1.5600000e+02  -6.8914894e+01   4.4240638e+01
   1.5610000e+02   2.5085106e+01   1.7480638e+01
   1.5620000e+02  -2.8914894e+01  -2.6359362e+01
   1.5630000e+02   1.2908511e+02  -3.4679362e+01
   1.5640000e+02  -8.0914894e+01  -8.2793617e+00
   1.5650000e+02   1.4108511e+02   3.2840638e+01
   1.5660000e+02  -2.0914894e+01   1.0320638e+01
   1.5670000e+02   1.7808511e+02  -7.0639362e+01
   1.5680000e+02  -4.4914894e+01  -9.7193617e+00
   1.5690000e+02  -6.5914894e+01   1.6012064e+02
   1.5700000e+02   4.5085106e+01   1.7680638e+01
   1.5710000e+02   6.5085106e+01   2.9880638e+01
   1.5720000e+02   6.2085106e+01  -1.6999362e+01
   1.5730000e+02  -5.9148936e+00   1.9720638e+01
   1.5740000e+02   2.4085106e+01  -9.4479362e+01
   1.5750000e+02   3.8085106e+01   1.6960638e+01
   1.5760000e+02   7.2085106e+01  -5.3399362e+01
   1.5770000e+02   7.9085106e+01   1.7320638e+01
   1.5780000e+02  -2.9914894e+01  -7.5319362e+01
   1.5790000e+02   4.4085106e+01   7.7206383e+00
   1.5800000e+02  -4.1914894e+01   1.2916064e+02
   1.5810000e+02   6.2085106e+01   7.0006383e+00
   1.5820000e+02   1.9085106e+01   7.3720638e+01
   1.5830000e+02   7.2085106e+01   9.3600638e+01
   1.5840000e+02   6.3085106e+01   5.9606383e+00
   1.5850000e+02   5.0851064e+00  -1.1719362e+01
   1.5860000e+02   2.8085106e+01  -2.8639362e+01
   1.5870000e+02   2.4085106e+01  -1.7479362e+01
   1.5880000e+02   2.2085106e+01   3.2600638e+01
   1.5890000e+02  -4.2914894e+01  -9.7799362e+01
   1.5900000e+02  -1.9914894e+01  -3.8719362e+01
   1.5910000e+02  -2.9914894e+01  -2.9319362e+01
   1.5920000e+02   4.1085106e+01  -2.2159362e+01
   1.5930000e+02  -4.3914894e+01   2.8240638e+01
   1.5940000e+02  -4.8914894e+01   3.7440638e+01
   1.5950000e+02   1.1508511e+02   1.7880638e+01
   1.5960000e+02   1.3808511e+02   7.7960638e+01
   1.5970000e+02   4.6085106e+01   7.8640638e+01
   1.5980000e+02  -4.1914894e+01  -1.0783936e+02
   1.5990000e+02  -5.9148936e+00  -3.1279362e+01
   1.6000000e+02  -1.1914894e+01   1.8996064e+02
   1.6010000e+02   9.2085106e+01   2.5800638e+01
   1.6020000e+02  -7.1914894e+01   1.3606383e+00
   1.6030000e+02   5.7085106e+01   6.8200638e+01
   1.6040000e+02   5.0851064e+00  -1.3719362e+01
   1.6050000e+02   8.9085106e+01   1.2592064e+02
   1.6060000e+02   1.0608511e+02  -1.8759362e+01
   1.6070000e+02  -3.8914894e+01  -2.3959362e+01
   1.6080000e+02  -2.3914894e+01  -8.6559362e+01
   1.6090000e+02  -4.0914894e+01   6.1206383e+00
   1.6100000e+02  -5.0914894e+01   2.8520638e+01
   1.6110000e+02   1.0851064e+00   4.2440638e+01
   1.6120000e+02  -6.8914894e+01   1.0824064e+02
   1.6130000e+02  -5.8914894e+01   2.4840638e+01
   1.6140000e+02   8.7085106e+01   1.0100064e+02
   1.6150000e+02  -5.2914894e+01  -5.5399362e+01
   1.6160000e+02  -2.3914894e+01  -1.5559362e+01
   1.6170000e+02  -1.4914894e+01  -3.4919362e+01
   1.6180000e+02  -4.9914894e+01   1.1148064e+02
   1.6190000e+02  -1.2391489e+02  -5.5593617e+00
   1.6200000e+02  -7.0914894e+01   6.3320638e+01
   1.6210000e+02   8.9085106e+01  -1.1079362e+01
   1.6220000e+02  -2.3914894e+01  -1.1755936e+02
   1.6230000e+02  -1.3914894e+01  -5.9593617e+00
   1.6240000e+02   6.0085106e+01  -4.8919362e+01
   1.6250000e+02   1.2708511e+02   5.7400638e+01
   1.6260000e+02  -3.8914894e+01  -4.5959362e+01
   1.6270000e+02  -9.9914894e+01  -3.5193617e+00
   1.6280000e+02  -6.4914894e+01  -2.0919362e+01
   1.6290000e+02   3.3085106e+01  -4.7839362e+01
   1.6300000e+02   2.6085106e+01  -7.3559362e+01
   1.6310000e+02  -1.6914894e+01  -1.0839362e+01
   1.6320000e+02   7.5085106e+01   4.2480638e+01
   1.6330000e+02  -2.1914894e+01  -7.2639362e+01
   1.6340000e+02  -2.7914894e+01   1.8600638e+01
   1.6350000e+02  -2.6914894e+01   7.5606383e+00
   1.6360000e+02  -2.1914894e+01   1.2936064e+02
   1.6370000e+02  -1.2591489e+02   8.7520638e+01
   1.6380000e+02   2.1808511e+02  -1.2239362e+01
   1.6390000e+02  -4.3914894e+01  -2.1759362e+01
   1.6400000e+02   4.6085106e+01   1.0364064e+02
   1.6410000e+02   2.0085106e+01  -1.3193617e+00
   1.6420000e+02   3.8085106e+01   6.0960638e+01
   1.6430000e+02   3.2085106e+01   5.9200638e+01
   1.6440000e+02  -5.5914894e+01   2.7720638e+01
   1.6450000e+02   1.1208511e+02  -7.4999362e+01
   1.6460000e+02   8.7085106e+01  -1.0999362e+01
   1.6470000e+02   1.9608511e+02  -8.5359362e+01
   1.6480000e+02  -8.4914894e+01   2.0880638e+01
   1.6490000e+02  -6.8914894e+01  -4.5759362e+01
   1.6500000e+02   3.5085106e+01   4.9080638e+01
   1.6510000e+02  -1.1914894e+01  -3.0039362e+01
   1.6520000e+02  -2.3914894e+01  -4.8559362e+01
   1.6530000e+02   2.4508511e+02   4.7680638e+01
   1.6540000e+02  -1.3914894e+01   9.7040638e+01
   1.6550000e+02  -6.3914894e+01   7.4040638e+01
   1.6560000e+02  -6.9148936e+00  -2.2239362e+01
   1.6570000e+02   1.8085106e+01   8.7606383e+00
   1.6580000e+02   1.8085106e+01   2.5760638e+01
   1.6590000e+02  -4.2914894e+01   5.6200638e+01
   1.6600000e+02   1.1208511e+02  -7.2999362e+01
   1.6610000e+02  -1.0914894e+01  -4.0793617e+00
   1.6620000e+02   6.4085106e+01  -1.5079362e+01
   1.6630000e+02   4.0851064e+00  -8.5679362e+01
   1.6640000e+02  -4.8914894e+01  -4.5593617e+00
   1.6650000e+02  -8.8914894e+01   2.2040638e+01
   1.6660000e+02  -8.8914894e+01  -2.9593617e+00
   1.6670000e+02   4.0851064e+00   3.1320638e+01
   1.6680000e+02   2.9085106e+01   7.0320638e+01
   1.6690000e+02   2.6085106e+01  -1.3559362e+01
   1.6700000e+02  -3.1914894e+01   1.7760638e+01
   1.6710000e+02   1.3085106e+01   5.0960638e+01
   1.6720000e+02  -3.4914894e+01   5.8806383e+00
   1.6730000e+02   9.2085106e+01  -3.1993617e+00
   1.6740000e+02   6.4085106e+01   3.5920638e+01
   1.6750000e+02   7.0851064e+00   5.8200638e+01
   1.6760000e+02   7.0851064e+00   1.2006383e+00
   1.6770000e+02   3.5085106e+01  -4.9919362e+01
   1.6780000e+02   6.4085106e+01  -3.4079362e+01
   1.6790000e+02   3.2085106e+01   3.1200638e+01
   1.6800000e+02   9.1085106e+01   8.9840638e+01
   1.6810000e+02   1.1008511e+02  -1.3919362e+01
   1.6820000e+02   1.7008511e+02   9.9680638e+01
   1.6830000e+02   2.1085106e+01   9.1640638e+01
   1.6840000e+02  -1.2691489e+02   6.6560638e+01
   1.6850000e+02  -1.1914894e+01   8.9606383e+00
   1.6860000e+02   9.0085106e+01   4.0880638e+01
   1.6870000e+02   2.6085106e+01  -5.1559362e+01
   1.6880000e+02  -1.2914894e+01   9.5000638e+01
   1.6890000e+02  -6.2914894e+01  -4.6999362e+01
   1.6900000e+02  -2.6914894e+01   5.1560638e+01
   1.6910000e+02  -2.0914894e+01   1.9320638e+01
   1.6920000e+02   1.0008511e+02  -1.7519362e+01
   1.6930000e+02   1.8085106e+01  -3.8239362e+01
   1.6940000e+02   1.0085106e+01   1.5080638e+01
   1.6950000e+02   4.0085106e+01   1.4888064e+02
   1.6960000e+02  -3.1914894e+01   8.0760638e+01
   1.6970000e+02  -3.9914894e+01   6.5080638e+01
   1.6980000e+02   6.0851064e+00  -5.6759362e+01
   1.6990000e+02  -3.4914894e+01   1.4288064e+02
   1.7000000e+02  -3.7914894e+01   5.4000638e+01
   1.7010000e+02   9.3085106e+01  -4.1239362e+01
   1.7020000e+02  -5.3914894e+01  -5.3593617e+00
   1.7030000e+02   3.9085106e+01   6.7920638e+01
   1.7040000e+02  -6.0914894e+01   7.5920638e+01
   1.7050000e+02   2.2085106e+01   7.5600638e+01
   1.7060000e+02  -4.9914894e+01  -4.2519362e+01
   1.7070000e+02   8.0851064e+00   8.6160638e+01
   1.7080000e+02  -4.6914894e+01  -4.6393617e+00
   1.7090000e+02  -7.8914894e+01  -1.8359362e+01
   1.7100000e+02   4.7085106e+01  -6.9399362e+01
   1.7110000e+02   9.0085106e+01   2.7880638e+01
   1.7120000e+02  -3.9914894e+01  -6.8919362e+01
   1.7130000e+02   5.9085106e+01  -5.4879362e+01
   1.7140000e+02   7.8085106e+01  -2.1639362e+01
   1.7150000e+02   8.8085106e+01   2.0896064e+02
   1.7160000e+02   5.0851064e+00  -2.8719362e+01
   1.7170000e+02   7.9085106e+01   1.8320638e+01
   1.7180000e+02   8.5085106e+01   1.1408064e+02
   1.7190000e+02  -3.3914894e+01  -4.6159362e+01
   1.7200000e+02   1.1085106e+01   9.0406383e+00
   1.7210000e+02   3.3085106e+01   4.5160638e+01
   1.7220000e+02   4.1085106e+01   1.9840638e+01
   1.7230000e+02   9.5085106e+01  -3.8319362e+01
   1.7240000e+02  -2.5914894e+01   3.8520638e+01
   1.7250000e+02   8.5085106e+01   1.6080638e+01
   1.7260000e+02  -3.9148936e+00   1.2640638e+01
   1.7270000e+02  -4.1914894e+01   3.7160638e+01
   1.7280000e+02  -6.4914894e+01  -7.0919362e+01
   1.7290000e+02   8.2085106e+01  -5.4799362e+01
   1.7300000e+02   1.3085106e+01   6.9960638e+01
   1.7310000e+02   9.8085106e+01  -9.4393617e+00
   1.7320000e+02   4.0851064e+00   7.3320638e+01
   1.7330000e+02  -9.9148936e+00   1.9880638e+01
   1.7340000e+02  -3.8914894e+01   4.4040638e+01
   1.7350000e+02  -7.6914894e+01   1.6560638e+01
   1.7360000e+02   2.9808511e+02   8.0560638e+01
   1.7370000e+02  -6.7914894e+01   3.1200638e+01
   1.7380000e+02  -3.9148936e+00   8.6406383e+00
   1.7390000e+02  -3.6914894e+01   5.4960638e+01
   1.7400000e+02  -1.8914894e+01   1.7024064e+02
   1.7410000e+02  -3.9914894e+01   1.7080638e+01
   1.7420000e+02   7.0085106e+01   7.6806383e+00
   1.7430000e+02  -4.2914894e+01  -1.2799362e+01
   1.7440000e+02   1.6708511e+02  -7.9199362e+01
   1.7450000e+02   6.4085106e+01   1.6920638e+01
   1.7460000e+02  -2.6914894e+01   1.1560638e+01
   1.7470000e+02   4.1085106e+01   1.2684064e+02
   1.7480000e+02   6.4085106e+01  -5.2079362e+01
   1.7490000e+02  -2.9914894e+01  -7.1319362e+01
   1.7500000e+02   1.8085106e+01  -5.6239362e+01
   1.7510000e+02  -9.4914894e+01   9.5280638e+01
   1.7520000e+02   3.6085106e+01   7.2040638e+01
   1.7530000e+02   4.0085106e+01   2.2880638e+01
   1.7540000e+02  -9.9148936e+00   5.7880638e+01
   1.7550000e+02   4.5085106e+01  -3.3193617e+00
   1.7560000e+02   1.7085106e+01   1.0380064e+02
   1.7570000e+02   3.2085106e+01  -3.3799362e+01
   1.7580000e+02  -3.8914894e+01  -5.7959362e+01
   1.7590000e+02   8.2085106e+01  -2.0799362e+01
   1.7600000e+02   6.9085106e+01  -8.8279362e+01
   1.7610000e+02   1.0308511e+02  -3.0639362e+01
   1.7620000e+02  -1.8914894e+01  -9.7593617e+00
   1.7630000e+02   4.9085106e+01  -6.1479362e+01
   1.7640000e+02  -3.9914894e+01  -8.1919362e+01
   1.7650000e+02  -4.6914894e+01   1.9360638e+01
   1.7660000e+02   8.5085106e+01   2.0806383e+00
   1.7670000e+02   2.0085106e+01  -7.3319362e+01
   1.7680000e+02   4.1085106e+01   1.7840638e+01
   1.7690000e+02   9.7085106e+01  -3.0399362e+01
   1.7700000e+02   3.4085106e+01   2.6120638e+01
   1.7710000e+02   4.7085106e+01  -2.1399362e+01
   1.7720000e+02  -1.9914894e+01  -5.6719362e+01
   1.7730000e+02   2.8085106e+01  -1.6639362e+01
   1.7740000e+02   8.9085106e+01   2.1920638e+01
   1.7750000e+02  -8.0914894e+01  -6.2279362e+01
   1.7760000e+02  -4.5914894e+01   1.6320638e+01
   1.7770000e+02   9.6085106e+01   5.3640638e+01
   1.7780000e+02   1.5608511e+02   9.2406383e+00
   1.7790000e+02  -5.1914894e+01   6.2560638e+01
   1.7800000e+02   1.6085106e+01  -1.9159362e+01
   1.7810000e+02   4.3085106e+01  -1.0423936e+02
   1.7820000e+02   1.8808511e+02   4.6960638e+01
   1.7830000e+02   8.1085106e+01   6.8240638e+01
   1.7840000e+02   5.3085106e+01   3.5360638e+01
   1.7850000e+02   1.3808511e+02  -4.5039362e+01
   1.7860000e+02   8.6085106e+01  -2.3959362e+01
   1.7870000e+02  -4.9148936e+00  -4.9319362e+01
   1.7880000e+02  -3.0914894e+01   7.4720638e+01
   1.7890000e+02   1.0008511e+02  -3.6519362e+01
   1.7900000e+02   1.7085106e+01   7.8006383e+00
   1.7910000e+02  -3.0914894e+01   4.9720638e+01
   1.7920000e+02  -5.5914894e+01  -1.9279362e+01
   1.7930000e+02  -2.4914894e+01  -4.3519362e+01
   1.7940000e+02  -3.3914894e+01   7.8406383e+00
   1.7950000e+02  -5.1914894e+01  -7.0439362e+01
   1.7960000e+02  -1.8914894e+01  -7.5936170e-01
   1.7970000e+02  -5.3914894e+01  -9.1359362e+01
   1.7980000e+02  -5.0914894e+01  -2.4793617e+00
   1.7990000e+02  -6.9148936e+00  -6.8239362e+01
   1.8000000e+02  -1.9914894e+01   6.2280638e+01
   1.8010000e+02   8.9085106e+01   9.2063830e-01
   1.8020000e+02   1.2208511e+02   3.7600638e+01
   1.8030000e+02  -7.7914894e+01  -1.1399362e+01
   1.8040000e+02   2.8085106e+01  -4.5639362e+01
   1.8050000e+02  -3.4914894e+01  -5.5119362e+01
   1.8060000e+02  -3.0914894e+01  -5.1279362e+01
   1.8070000e+02   2.9085106e+01   2.4320638e+01
   1.8080000e+02  -1.7914894e+01   4.4200638e+01
   1.8090000e+02   8.6085106e+01   9.8040638e+01
   1.8100000e+02   8.3085106e+01   1.4316064e+02
   1.8110000e+02   1.9085106e+01  -2.5279362e+01
   1.8120000e+02  -9.1489362e-01   5.1520638e+01
   1.8130000e+02   9.4085106e+01   1.1872064e+02
   1.8140000e+02  -9.9914894e+01  -1.0451936e+02
   1.8150000e+02   4.9085106e+01   1.0520638e+01
   1.8160000e+02  -4.1914894e+01   2.4160638e+01
   1.8170000e+02   9.4085106e+01   1.0720638e+01
   1.8180000e+02   1.8085106e+01  -1.4239362e+01
   1.8190000e+02  -6.6914894e+01   2.3160638e+01
   1.8200000e+02  -6.3914894e+01   4.4040638e+01
   1.8210000e+02   3.6085106e+01   1.1040638e+01
   1.8220000e+02   1.9085106e+01  -2.3279362e+01
   1.8230000e+02  -2.8914894e+01  -8.2359362e+01
   1.8240000e+02   2.4085106e+01   1.7520638e+01
   1.8250000e+02   4.0085106e+01  -4.1193617e+00
   1.8260000e+02   2.0908511e+02   1.5120638e+01
   1.8270000e+02   4.5085106e+01   3.4680638e+01
   1.8280000e+02  -4.4914894e+01  -3.7193617e+00
   1.8290000e+02  -3.0914894e+01  -1.7279362e+01
   1.8300000e+02   7.0851064e+00   2.5200638e+01
   1.8310000e+02  -2.8914894e+01   1.1640638e+01
   1.8320000e+02  -5.7914894e+01  -5.3199362e+01
   1.8330000e+02   1.0851064e+00   8.4440638e+01
   1.8340000e+02  -1.4914894e+01  -6.9193617e+00
   1.8350000e+02  -3.0914894e+01   7.7206383e+00
   1.8360000e+02  -5.9914894e+01  -2.4119362e+01
   1.8370000e+02   2.3085106e+01  -8.4439362e+01
   1.8380000e+02  -3.5914894e+01  -1.0793617e+00
   1.8390000e+02   7.1085106e+01  -7.9359362e+01
   1.8400000e+02  -3.5914894e+01   3.5920638e+01
   1.8410000e+02  -6.4914894e+01   1.6080638e+01
   1.8420000e+02  -2.2914894e+01  -6.0599362e+01
   1.8430000e+02   4.0085106e+01  -3.3119362e+01
   1.8440000e+02   7.8085106e+01   1.7360638e+01
   1.8450000e+02   6.0085106e+01   7.8080638e+01
   1.8460000e+02  -5.8914894e+01   7.5840638e+01
   1.8470000e+02   3.3085106e+01  -8.8839362e+01
   1.8480000e+02   3.4085106e+01  -1.8793617e+00
   1.8490000e+02  -8.1914894e+01   3.7606383e+00
   1.8500000e+02  -4.6914894e+01  -3.4639362e+01
   1.8510000e+02  -7.9914894e+01  -4.0319362e+01
   1.8520000e+02  -1.0391489e+02   7.8640638e+01
   1.8530000e+02   3.4085106e+01  -4.1879362e+01
   1.8540000e+02  -5.2914894e+01   9.6006383e+00
   1.8550000e+02  -7.8914894e+01  -5.1359362e+01
   1.8560000e+02   6.0085106e+01   1.0908064e+02
   1.8570000e+02  -2.8914894e+01  -3.3359362e+01
   1.8580000e+02  -7.3914894e+01  -1.2559362e+01
   1.8590000e+02  -5.2914894e+01   4.0600638e+01
   1.8600000e+02  -3.9914894e+01  -5.9193617e+00
   1.8610000e+02  -6.9914894e+01   2.8063830e-01
   1.8620000e+02  -1.0891489e+02   8.0840638e+01
   1.8630000e+02  -2.9914894e+01  -6.4319362e+01
   1.8640000e+02  -2.6914894e+01   1.5560638e+01
   1.8650000e+02   9.5085106e+01  -3.9319362e+01
   1.8660000e+02   2.7085106e+01   2.7400638e+01
   1.8670000e+02  -1.2591489e+02  -7.4793617e+00
   1.8680000e+02  -1.7914894e+01   1.2200638e+01
   1.8690000e+02  -4.4914894e+01  -1.4719362e+01
   1.8700000e+02   1.5085106e+01  -6.7119362e+01
   1.8710000e+02  -6.4914894e+01  -9.9193617e+00
   1.8720000e+02   8.0851064e+00   3.5160638e+01
   1.8730000e+02   1.0708511e+02  -3.1799362e+01
   1.8740000e+02  -3.4914894e+01  -1.1119362e+01
   1.8750000e+02   6.0851064e+00  -7.5936170e-01
   1.8760000e+02   4.0085106e+01  -2.6119362e+01
   1.8770000e+02   2.1085106e+01  -2.6359362e+01
   1.8780000e+02  -1.1914894e+01  -1.0403936e+02
   1.8790000e+02  -5.2914894e+01   2.4600638e+01
   1.8800000e+02  -2.9914894e+01   6.2680638e+01
   1.8810000e+02   2.7085106e+01   2.0400638e+01
   1.8820000e+02  -3.4914894e+01   9.1880638e+01
   1.8830000e+02   2.9085106e+01  -7.3679362e+01
   1.8840000e+02   3.3085106e+01   1.1316064e+02
   1.8850000e+02   4.0085106e+01  -3.3119362e+01
   1.8860000e+02  -2.1914894e+01   1.2736064e+02
   1.8870000e+02   8.9085106e+01  -4.7079362e+01
   1.8880000e+02   5.7085106e+01   2.6200638e+01
   1.8890000e+02  -4.2914894e+01  -1.8799362e+01
   1.8900000e+02  -6.7914894e+01  -4.2799362e+01
   1.8910000e+02  -4.5914894e+01  -6.7936170e-01
   1.8920000e+02   9.8085106e+01  -2.2439362e+01
   1.8930000e+02   1.3085106e+01   1.1096064e+02
   1.8940000e+02  -8.7914894e+01  -1.0999362e+01
   1.8950000e+02   3.0085106e+01   1.4228064e+02
   1.8960000e+02   4.8085106e+01  -5.4393617e+00
   1.8970000e+02  -6.1914894e+01   7.9606383e+00
   1.8980000e+02   6.1085106e+01   8.3040638e+01
   1.8990000e+02   1.2208511e+02  -7.3993617e+00
   1.9000000e+02   1.8085106e+01  -2.9239362e+01
   1.9010000e+02   6.0851064e+00  -8.3759362e+01
   1.9020000e+02   4.8085106e+01  -6.4439362e+01
   1.9030000e+02  -3.2914894e+01   8.2800638e+01
   1.9040000e+02  -7.6914894e+01  -2.4393617e+00
   1.9050000e+02  -1.9148936e+00  -3.6439362e+01
   1.9060000e+02   8.4085106e+01   1.5120638e+01
   1.9070000e+02   9.0851064e+00   2.5120638e+01
   1.9080000e+02   4.2085106e+01   1.4580064e+02
   1.9090000e+02  -9.9148936e+00   1.3388064e+02
   1.9100000e+02  -8.0914894e+01   6.7720638e+01
   1.9110000e+02  -1.9148936e+00  -2.2439362e+01
   1.9120000e+02  -5.0914894e+01   8.0520638e+01
   1.9130000e+02   2.4085106e+01   7.5206383e+00
   1.9140000e+02  -7.1914894e+01   6.6360638e+01
   1.9150000e+02   6.0851064e+00   8.7240638e+01
   1.9160000e+02  -3.8914894e+01  -7.8959362e+01
   1.9170000e+02   1.6085106e+01   1.6684064e+02
   1.9180000e+02  -5.6914894e+01  -6.7239362e+01
   1.9190000e+02   4.3085106e+01   1.3576064e+02
   1.9200000e+02  -3.6914894e+01  -1.0203936e+02
   1.9210000e+02  -1.4914894e+01   5.0806383e+00
   1.9220000e+02  -5.9148936e+00  -1.0279362e+01
   1.9230000e+02   1.1708511e+02  -1.3199362e+01
   1.9240000e+02   1.0608511e+02   3.2406383e+00
   1.9250000e+02   1.7085106e+01  -1.9199362e+01
   1.9260000e+02   7.7085106e+01   5.4006383e+00
   1.9270000e+02   5.0085106e+01  -1.4519362e+01
   1.9280000e+02   6.0085106e+01  -9.6919362e+01
   1.9290000e+02   7.0851064e+00  -3.3799362e+01
   1.9300000e+02  -1.1791489e+02   5.3200638e+01
   1.9310000e+02   2.6085106e+01  -3.0559362e+01
   1.9320000e+02   4.7085106e+01   2.0600638e+01
   1.9330000e+02   8.0851064e+00   3.1606383e+00
   1.9340000e+02   2.0851064e+00  -4.4599362e+01
   1.9350000e+02   2.9085106e+01  -2.9679362e+01
   1.9360000e+02  -7.3914894e+01  -2.4559362e+01
   1.9370000e+02   1.9085106e+01  -3.7279362e+01
   1.9380000e+02  -1.9148936e+00  -4.0439362e+01
   1.9390000e+02   4.8085106e+01   3.3560638e+01
   1.9400000e+02  -4.8914894e+01   7.4406383e+00
   1.9410000e+02  -1.8914894e+01  -1.3759362e+01
   1.9420000e+02   1.5408511e+02   8.3206383e+00
   1.9430000e+02  -2.2914894e+01  -3.2599362e+01
   1.9440000e+02  -8.9148936e+00   8.4063830e-01
   1.9450000e+02   6.9085106e+01   1.2672064e+02
   1.9460000e+02   4.8085106e+01   3.9560638e+01
   1.9470000e+02   1.2085106e+01  -1.5999362e+01
   1.9480000e+02   1.1808511e+02  -4.8239362e+01
   1.9490000e+02   1.1508511e+02  -2.7119362e+01
   1.9500000e+02  -2.5914894e+01   1.7520638e+01
   1.9510000e+02   6.0851064e+00   4.3240638e+01
   1.9520000e+02  -8.9148936e+00   2.9840638e+01
   1.9530000e+02  -6.9914894e+01   1.0280638e+01
   1.9540000e+02   1.8085106e+01  -5.1239362e+01
   1.9550000e+02  -6.3914894e+01  -5.9593617e+00
   1.9560000e+02  -4.8914894e+01   7.2440638e+01
   1.9570000e+02  -5.8914894e+01  -5.1159362e+01
   1.9580000e+02  -4.1914894e+01   3.1160638e+01
   1.9590000e+02   7.3085106e+01  -1.0243936e+02
   1.9600000e+02  -2.9914894e+01  -9.3193617e+00
   1.9610000e+02   3.9085106e+01  -5.8079362e+01
   1.9620000e+02   1.7085106e+01   1.6800638e+01
   1.9630000e+02  -9.1914894e+01  -8.6839362e+01
   1.9640000e+02  -4.0914894e+01  -4.6879362e+01
   1.9650000e+02   5.9085106e+01   4.8120638e+01
   1.9660000e+02  -9.9148936e+00  -1.0611936e+02
   1.9670000e+02   5.7085106e+01  -5.4799362e+01
   1.9680000e+02  -3.8914894e+01   2.2040638e+01
   1.9690000e+02   8.7085106e+01  -2.6999362e+01
   1.9700000e+02  -4.8914894e+01  -1.3559362e+01
   1.9710000e+02  -6.1914894e+01   1.0960638e+01
   1.9720000e+02   1.1408511e+02  -4.2079362e+01
   1.9730000e+02  -1.1291489e+02  -6.1999362e+01
   1.9740000e+02  -6.9148936e+00   8.6760638e+01
   1.9750000e+02  -9.9148936e+00   4.5880638e+01
   1.9760000e+02  -6.9148936e+00  -7.1239362e+01
   1.9770000e+02  -1.3914894e+01   1.2040638e+01
   1.9780000e+02   7.0085106e+01   5.6806383e+00
   1.9790000e+02   6.0085106e+01  -1.1919362e+01
   1.9800000e+02  -8.4914894e+01   3.6880638e+01
   1.9810000e+02   4.6085106e+01   1.9640638e+01
   1.9820000e+02  -4.2914894e+01   2.4200638e+01
   1.9830000e+02   3.1085106e+01  -5.0759362e+01
   1.9840000e+02  -3.5914894e+01   5.9206383e+00
   1.9850000e+02   1.1208511e+02  -2.7999362e+01
   1.9860000e+02  -4.9914894e+01  -9.2519362e+01
   1.9870000e+02   9.1085106e+01   1.1840638e+01
   1.9880000e+02   7.0085106e+01   8.7680638e+01
   1.9890000e+02   4.1085106e+01   6.8840638e+01
   1.9900000e+02  -4.9914894e+01  -1.1951936e+02
   1.9910000e+02  -2.9914894e+01  -4.4319362e+01
   1.9920000e+02  -5.7914894e+01  -8.3199362e+01
   1.9930000e+02  -8.1914894e+01  -6.2393617e+00
   1.9940000e+02  -8.2914894e+01  -5.1993617e+00
   1.9950000e+02  -6.3914894e+01  -4.1959362e+01
   1.9960000e+02   8.5085106e+01  -5.6919362e+01
   1.9970000e+02   1.2208511e+02   2.0600638e+01
   1.9980000e+02  -6.0914894e+01  -2.1079362e+01
   1.9990000e+02  -4.6914894e+01  -4.8639362e+01
