   0.0000000e+00   1.9902692e+02   1.0550495e+02
   1.0000000e-01   3.5902692e+02   9.1104949e+01
   2.0000000e-01   2.0202692e+02   9.1384949e+01
   3.0000000e-01   2.2002692e+02   1.9866495e+02
   4.0000000e-01   3.7902692e+02   4.6304949e+01
   5.0000000e-01   2.3302692e+02   1.1014495e+02
   6.0000000e-01   2.8602692e+02   8.1024949e+01
   7.0000000e-01   2.1302692e+02   1.7794495e+02
   8.0000000e-01   2.8702692e+02   2.1998495e+02
   9.0000000e-01   1.6502692e+02   8.9864949e+01
   1.0000000e+00   1.8502692e+02   1.6606495e+02
   1.1000000e+00   2.6502692e+02   2.5586495e+02
   1.2000000e+00   2.0702692e+02   5.6184949e+01
   1.3000000e+00   2.6602692e+02   5.7824949e+01
   1.4000000e+00   2.0002692e+02   1.1646495e+02
   1.5000000e+00   1.8002692e+02   2.1126495e+02
   1.6000000e+00   2.5402692e+02   1.2130495e+02
   1.7000000e+00   3.3502692e+02   1.8206495e+02
   1.8000000e+00   2.6602692e+02   2.1082495e+02
   1.9000000e+00   1.7902692e+02   9.8304949e+01
   2.0000000e+00   1.9102692e+02   6.0824949e+01
   2.1000000e+00   1.5902692e+02   1.5710495e+02
   2.2000000e+00   2.8902692e+02   9.4904949e+01
   2.3000000e+00   2.4502692e+02   2.0766495e+02
   2.4000000e+00   7.1026923e+01   8.7624949e+01
   2.5000000e+00   1.8602692e+02   1.0902495e+02
   2.6000000e+00   1.8802692e+02   1.1794495e+02
   2.7000000e+00   3.3402692e+02   8.9104949e+01
   2.8000000e+00   5.0026923e+01   1.9546495e+02
   2.9000000e+00   1.9002692e+02   1.5386495e+02
   3.0000000e+00   6.3026923e+01   1.5794495e+02
   3.1000000e+00   3.1802692e+02   4.0744949e+01
   3.2000000e+00   4.5026923e+01   3.6664949e+01
   3.3000000e+00   5.2026923e+01   1.2538495e+02
   3.4000000e+00   2.3502692e+02   1.8606495e+02
   3.5000000e+00   3.7802692e+02   7.3344949e+01
   3.6000000e+00   2.5502692e+02   1.2426495e+02
   3.7000000e+00   1.2802692e+02   2.3234495e+02
   3.8000000e+00   2.4002692e+02   2.4286495e+02
   3.9000000e+00   2.7602692e+02   7.4424949e+01
   4.0000000e+00   3.0802692e+02   2.2714495e+02
   4.1000000e+00   2.5702692e+02   1.5184949e+01
   4.2000000e+00   1.9002692e+02   4.6864949e+01
   4.3000000e+00   1.3002692e+02   9.3264949e+01
   4.4000000e+00   3.3502692e+02   1.1706495e+02
   4.5000000e+00   2.5302692e+02   2.7344949e+01
   4.6000000e+00   2.4602692e+02   4.6249487e+00
   4.7000000e+00   1.2202692e+02   4.3584949e+01
   4.8000000e+00   2.2002692e+02  -1.3335051e+01
   4.9000000e+00   2.4302692e+02  -2.5255051e+01
   5.0000000e+00   1.9402692e+02   6.8704949e+01
   5.1000000e+00   1.8502692e+02   1.3406495e+02
   5.2000000e+00   2.5202692e+02   9.6384949e+01
   5.3000000e+00   1.5902692e+02   3.5104949e+01
   5.4000000e+00   1.8402692e+02   2.3104949e+01
   5.5000000e+00   3.0602692e+02   2.9022495e+02
   5.6000000e+00   2.7502692e+02   9.0464949e+01
   5.7000000e+00   3.1102692e+02   3.0249487e+00
   5.8000000e+00   2.2802692e+02   9.8344949e+01
   5.9000000e+00   2.5202692e+02   1.0538495e+02
   6.0000000e+00   1.0302692e+02   8.2344949e+01
   6.1000000e+00   1.2802692e+02   2.1134495e+02
   6.2000000e+00   2.4502692e+02   3.1664949e+01
   6.3000000e+00   1.3002692e+02   2.5826495e+02
   6.4000000e+00   5.2026923e+01   1.4238495e+02
   6.5000000e+00   3.1702692e+02   8.7784949e+01
   6.6000000e+00   2.7002692e+02   8.8664949e+01
   6.7000000e+00   1.0602692e+02   1.3222495e+02
   6.8000000e+00   2.3902692e+02   5.6904949e+01
   6.9000000e+00   1.0602692e+02   5.1224949e+01
   7.0000000e+00   2.5602692e+02   2.8922495e+02
   7.1000000e+00   1.0502692e+02   1.1826495e+02
   7.2000000e+00   2.8202692e+02   1.0218495e+02
   7.3000000e+00   8.7026923e+01   1.5498495e+02
   7.4000000e+00   3.2002692e+02   4.2664949e+01
   7.5000000e+00   1.0402692e+02   1.0330495e+02
   7.6000000e+00   6.7026923e+01   7.5784949e+01
   7.7000000e+00   9.9026923e+01   1.3450495e+02
   7.8000000e+00   1.5802692e+02   2.6414495e+02
   7.9000000e+00   1.4802692e+02   1.9154495e+02
   8.0000000e+00   2.4502692e+02   7.9664949e+01
   8.1000000e+00   2.7302692e+02   1.9554495e+02
   8.2000000e+00   6.3026923e+01  -2.2055051e+01
   8.3000000e+00   2.3902692e+02   6.0904949e+01
   8.4000000e+00   4.0802692e+02   7.4144949e+01
   8.5000000e+00   7.3026923e+01   5.8544949e+01
   8.6000000e+00   2.4402692e+02   8.7704949e+01
   8.7000000e+00   2.2802692e+02  -1.7655051e+01
   8.8000000e+00   2.7602692e+02   5.4424949e+01
   8.9000000e+00   2.4102692e+02   2.3182495e+02
   9.0000000e+00  -2.5973077e+01   1.2450495e+02
   9.1000000e+00   1.7202692e+02   1.0958495e+02
   9.2000000e+00   1.2502692e+02   8.4464949e+01
   9.3000000e+00   1.6902692e+02   7.4704949e+01
   9.4000000e+00   1.2902692e+02   5.3304949e+01
   9.5000000e+00   1.9802692e+02   8.2544949e+01
   9.6000000e+00   5.3026923e+01   2.0034495e+02
   9.7000000e+00   1.9302692e+02   7.2744949e+01
   9.8000000e+00   1.6402692e+02   5.3904949e+01
   9.9000000e+00   1.1602692e+02   8.6824949e+01
   1.0000000e+01   3.4026923e+01   6.2104949e+01
   1.0100000e+01   8.3026923e+01   5.7144949e+01
   1.0200000e+01   2.5402692e+02   5.6304949e+01
   1.0300000e+01   4.7026923e+01   7.1584949e+01
   1.0400000e+01   8.7026923e+01   8.7984949e+01
   1.0500000e+01   4.3102692e+02   1.0122495e+02
   1.0600000e+01   1.3402692e+02   9.0104949e+01
   1.0700000e+01   3.7402692e+02   1.5650495e+02
   1.0800000e+01   2.9402692e+02   6.6704949e+01
   1.0900000e+01   2.2502692e+02   3.1464949e+01
   1.1000000e+01   2.0102692e+02   6.4249487e+00
   1.1100000e+01   2.5102692e+02   9.5424949e+01
   1.1200000e+01   2.2902692e+02   3.0304949e+01
   1.1300000e+01   2.1002692e+02   1.6706495e+02
   1.1400000e+01   2.1102692e+02   1.1302495e+02
   1.1500000e+01   2.0902692e+02   1.3010495e+02
   1.1600000e+01   3.1502692e+02   1.1886495e+02
   1.1700000e+01   2.3202692e+02   6.3184949e+01
   1.1800000e+01   2.1026923e+01  -3.0375051e+01
   1.1900000e+01   1.3302692e+02   2.8314495e+02
   1.2000000e+01   1.4802692e+02  -3.1455051e+01
   1.2100000e+01   1.3202692e+02   3.6184949e+01
   1.2200000e+01   2.3702692e+02   1.4998495e+02
   1.2300000e+01   2.5602692e+02   1.3622495e+02
   1.2400000e+01   2.4602692e+02   1.8624949e+01
   1.2500000e+01   1.8102692e+02   6.9224949e+01
   1.2600000e+01   2.7502692e+02   1.2046495e+02
   1.2700000e+01   2.6102692e+02   1.9102495e+02
   1.2800000e+01   1.6502692e+02   1.6886495e+02
   1.2900000e+01   1.6602692e+02   2.4824949e+01
   1.3000000e+01   2.4502692e+02   1.8664949e+01
   1.3100000e+01   1.0502692e+02  -4.7735051e+01
   1.3200000e+01   1.8802692e+02   1.1594495e+02
   1.3300000e+01   8.1026923e+01   1.1622495e+02
   1.3400000e+01   1.2102692e+02   1.2162495e+02
   1.3500000e+01   2.3202692e+02   1.3318495e+02
   1.3600000e+01   1.4402692e+02   3.0970495e+02
   1.3700000e+01   1.7502692e+02   2.4464949e+01
   1.3800000e+01   3.6402692e+02   2.7904949e+01
   1.3900000e+01   2.3202692e+02   3.6184949e+01
   1.4000000e+01   1.4502692e+02   1.3366495e+02
   1.4100000e+01   8.1026923e+01   2.4522495e+02
   1.4200000e+01   1.3602692e+02   9.7024949e+01
   1.4300000e+01   2.3302692e+02   8.6144949e+01
   1.4400000e+01   2.1902692e+02   9.1704949e+01
   1.4500000e+01   3.7502692e+02   2.3464949e+01
   1.4600000e+01   2.1302692e+02   1.4944949e+01
   1.4700000e+01   1.9202692e+02   7.3784949e+01
   1.4800000e+01   8.2026923e+01   1.4718495e+02
   1.4900000e+01   2.4202692e+02   1.8178495e+02
   1.5000000e+01   2.9102692e+02   1.0882495e+02
   1.5100000e+01   2.4602692e+02   1.3562495e+02
   1.5200000e+01   7.8026923e+01   1.3934495e+02
   1.5300000e+01   1.5902692e+02   2.0610495e+02
   1.5400000e+01   1.2102692e+02   1.7762495e+02
   1.5500000e+01   4.0269231e+00   1.5030495e+02
   1.5600000e+01   1.4702692e+02   1.2058495e+02
   1.5700000e+01   2.6402692e+02   1.4390495e+02
   1.5800000e+01   1.5802692e+02   2.2314495e+02
   1.5900000e+01   1.5502692e+02   1.0526495e+02
   1.6000000e+01   3.6302692e+02   1.4994495e+02
   1.6100000e+01   1.3502692e+02   1.4506495e+02
   1.6200000e+01   2.8702692e+02   8.2984949e+01
   1.6300000e+01   2.7502692e+02   2.1346495e+02
   1.6400000e+01   1.5002692e+02   1.4046495e+02
   1.6500000e+01   2.2602692e+02   1.5342495e+02
   1.6600000e+01   1.7302692e+02   1.3954495e+02
   1.6700000e+01   1.2902692e+02   1.3130495e+02
   1.6800000e+01   4.1902692e+02   9.8704949e+01
   1.6900000e+01   4.6202692e+02   1.2998495e+02
   1.7000000e+01   4.1302692e+02   1.3594495e+02
   1.7100000e+01   3.9102692e+02   1.2482495e+02
   1.7200000e+01   8.6026923e+01   1.0502495e+02
   1.7300000e+01   2.2002692e+02  -1.3350513e+00
   1.7400000e+01   6.9026923e+01   2.8970495e+02
   1.7500000e+01   2.3502692e+02   1.5206495e+02
   1.7600000e+01   3.0802692e+02   2.1414495e+02
   1.7700000e+01   1.0026923e+01   1.2906495e+02
   1.7800000e+01   2.5902692e+02   8.1104949e+01
   1.7900000e+01   3.1702692e+02   6.1784949e+01
   1.8000000e+01   3.3802692e+02   1.1094495e+02
   1.8100000e+01   1.9902692e+02   1.1750495e+02
   1.8200000e+01   2.3202692e+02   2.3818495e+02
   1.8300000e+01   2.3102692e+02   2.3224949e+01
   1.8400000e+01   3.6602692e+02   1.6882495e+02
   1.8500000e+01   2.2302692e+02   6.9544949e+01
   1.8600000e+01   1.0002692e+02   5.4649487e+00
   1.8700000e+01   1.9902692e+02   1.1750495e+02
   1.8800000e+01   2.4802692e+02   2.0954495e+02
   1.8900000e+01   3.5502692e+02   1.9264949e+01
   1.9000000e+01   2.2902692e+02   1.1430495e+02
   1.9100000e+01   2.7602692e+02   1.3342495e+02
   1.9200000e+01   2.3002692e+02   5.8264949e+01
   1.9300000e+01   2.6302692e+02  -3.1055051e+01
   1.9400000e+01   2.9302692e+02   6.9744949e+01
   1.9500000e+01   3.5902692e+02   2.0210495e+02
   1.9600000e+01   1.9902692e+02   1.2650495e+02
   1.9700000e+01   9.2026923e+01   4.7784949e+01
   1.9800000e+01   1.5202692e+02   1.0438495e+02
   1.9900000e+01   3.8102692e+02   9.7224949e+01
   2.0000000e+01   1.0102692e+02   2.5042495e+02
   2.0100000e+01   3.2602692e+02   1.1942495e+02
   2.0200000e+01   7.8026923e+01   2.4834495e+02
   2.0300000e+01   3.9302692e+02   7.4744949e+01
   2.0400000e+01   2.1602692e+02   1.1282495e+02
   2.0500000e+01   1.5402692e+02  -3.3695051e+01
   2.0600000e+01   2.5702692e+02   5.7184949e+01
   2.0700000e+01   2.3202692e+02  -2.5815051e+01
   2.0800000e+01   3.5602692e+02  -4.3775051e+01
   2.0900000e+01   4.6802692e+02   5.5744949e+01
   2.1000000e+01   2.9902692e+02   2.5504949e+01
   2.1100000e+01   3.4202692e+02  -3.0215051e+01
   2.1200000e+01   3.3802692e+02   3.3944949e+01
   2.1300000e+01   4.1902692e+02   2.7704949e+01
   2.1400000e+01   4.0402692e+02   2.8304949e+01
   2.1500000e+01   4.4202692e+02  -9.2150513e+00
   2.1600000e+01   4.5402692e+02   1.3304949e+01
   2.1700000e+01   2.7302692e+02   1.1454495e+02
   2.1800000e+01   4.1702692e+02   5.8784949e+01
   2.1900000e+01   2.2502692e+02   5.4649487e+00
   2.2000000e+01   1.2302692e+02   1.6054495e+02
   2.2100000e+01   3.1002692e+02   1.9064949e+01
   2.2200000e+01   2.4502692e+02  -2.0335051e+01
   2.2300000e+01   4.6302692e+02   1.6944949e+01
   2.2400000e+01   3.4802692e+02   1.4544949e+01
   2.2500000e+01   2.5102692e+02   4.3424949e+01
   2.2600000e+01   2.7802692e+02   1.9344949e+01
   2.2700000e+01   3.8602692e+02   3.0024949e+01
   2.2800000e+01   2.6002692e+02   2.1064949e+01
   2.2900000e+01   2.1302692e+02  -1.1055051e+01
   2.3000000e+01   1.6102692e+02  -2.9750513e+00
   2.3100000e+01   4.1802692e+02   9.4744949e+01
   2.3200000e+01   4.3902692e+02  -3.9095051e+01
   2.3300000e+01   3.0302692e+02   5.8344949e+01
   2.3400000e+01   3.7802692e+02  -3.7655051e+01
   2.3500000e+01   1.9702692e+02  -1.3415051e+01
   2.3600000e+01   2.9702692e+02  -5.7415051e+01
   2.3700000e+01   3.1202692e+02  -2.5015051e+01
   2.3800000e+01   2.6002692e+02   1.1706495e+02
   2.3900000e+01   4.8702692e+02  -9.0150513e+00
   2.4000000e+01   3.9402692e+02   3.0704949e+01
   2.4100000e+01   3.2602692e+02   1.5942495e+02
   2.4200000e+01   2.9502692e+02   2.7664949e+01
   2.4300000e+01   2.6802692e+02   1.1744949e+01
   2.4400000e+01   3.4802692e+02  -7.4550513e+00
   2.4500000e+01   2.2402692e+02  -3.8495051e+01
   2.4600000e+01   4.5502692e+02  -1.9735051e+01
   2.4700000e+01   3.4902692e+02   5.4504949e+01
   2.4800000e+01   2.7402692e+02  -5.4950513e+00
   2.4900000e+01   5.3902692e+02  -2.8095051e+01
   2.5000000e+01   3.1102692e+02  -5.2975051e+01
   2.5100000e+01   1.7302692e+02  -4.9455051e+01
   2.5200000e+01   2.9302692e+02   1.0744949e+01
   2.5300000e+01   3.6202692e+02   4.7984949e+01
   2.5400000e+01   2.5802692e+02  -5.8550513e+00
   2.5500000e+01   4.0602692e+02   6.7224949e+01
   2.5600000e+01   4.0602692e+02  -1.5775051e+01
   2.5700000e+01   2.8902692e+02   3.9904949e+01
   2.5800000e+01   3.1602692e+02   7.1824949e+01
   2.5900000e+01   3.5002692e+02  -5.1535051e+01
   2.6000000e+01   2.8802692e+02   1.1944949e+01
   2.6100000e+01   1.4202692e+02   5.1784949e+01
   2.6200000e+01   3.5302692e+02  -6.0655051e+01
   2.6300000e+01   2.8302692e+02   8.1144949e+01
   2.6400000e+01   5.2802692e+02   5.3449487e+00
   2.6500000e+01   2.0702692e+02  -4.0815051e+01
   2.6600000e+01   2.8602692e+02   5.6024949e+01
   2.6700000e+01   2.2602692e+02   2.8424949e+01
   2.6800000e+01   2.0102692e+02  -5.7575051e+01
   2.6900000e+01   3.8302692e+02  -1.9855051e+01
   2.7000000e+01   2.2102692e+02   6.1624949e+01
   2.7100000e+01   4.0802692e+02   3.1144949e+01
   2.7200000e+01   3.2802692e+02   2.3344949e+01
   2.7300000e+01   3.9802692e+02   3.5544949e+01
   2.7400000e+01   5.0102692e+02   2.1424949e+01
   2.7500000e+01   2.1902692e+02  -5.1295051e+01
   2.7600000e+01   5.2102692e+02   1.3624949e+01
   2.7700000e+01   2.7502692e+02  -6.9535051e+01
   2.7800000e+01   2.7202692e+02   3.0584949e+01
   2.7900000e+01   3.9102692e+02  -2.4175051e+01
   2.8000000e+01   2.5902692e+02  -2.2895051e+01
   2.8100000e+01   4.7202692e+02  -3.3415051e+01
   2.8200000e+01   1.1902692e+02   4.8704949e+01
   2.8300000e+01   6.2302692e+02  -1.4550513e+00
   2.8400000e+01   1.7202692e+02  -1.9415051e+01
   2.8500000e+01   3.8102692e+02   3.8224949e+01
   2.8600000e+01   2.1902692e+02  -3.2295051e+01
   2.8700000e+01   4.1602692e+02  -2.1175051e+01
   2.8800000e+01   4.1802692e+02   1.6744949e+01
   2.8900000e+01   4.2202692e+02   9.5849487e+00
   2.9000000e+01   2.0902692e+02  -1.2895051e+01
   2.9100000e+01   4.3202692e+02   2.5184949e+01
   2.9200000e+01   3.0602692e+02   3.1224949e+01
   2.9300000e+01   4.1802692e+02  -9.2550513e+00
   2.9400000e+01   3.6502692e+02   6.6864949e+01
   2.9500000e+01   3.5602692e+02  -1.1775051e+01
   2.9600000e+01   2.6102692e+02   2.0249487e+00
   2.9700000e+01   4.1402692e+02  -2.1095051e+01
   2.9800000e+01   2.8902692e+02  -1.0950513e+00
   2.9900000e+01   6.4302692e+02   6.1744949e+01
   3.0000000e+01   2.6302692e+02   2.5944949e+01
   3.0100000e+01   3.8002692e+02   8.2649487e+00
   3.0200000e+01   3.0302692e+02   1.5234495e+02
   3.0300000e+01   3.5502692e+02  -5.0735051e+01
   3.0400000e+01   5.0402692e+02   6.3304949e+01
   3.0500000e+01   2.2102692e+02  -1.3750513e+00
   3.0600000e+01   3.2902692e+02  -1.2695051e+01
   3.0700000e+01   1.6602692e+02   1.3824949e+01
   3.0800000e+01   1.8502692e+02   3.8064949e+01
   3.0900000e+01   3.2402692e+02   6.8504949e+01
   3.1000000e+01   2.6502692e+02  -5.9135051e+01
   3.1100000e+01   3.5502692e+02   2.2649487e+00
   3.1200000e+01   1.2402692e+02   8.0504949e+01
   3.1300000e+01   3.6602692e+02  -1.7505128e-01
   3.1400000e+01   4.3302692e+02  -1.0855051e+01
   3.1500000e+01   1.7802692e+02   6.3449487e+00
   3.1600000e+01   2.6502692e+02   7.5864949e+01
   3.1700000e+01   2.4002692e+02  -2.7135051e+01
   3.1800000e+01   3.3402692e+02   6.0104949e+01
   3.1900000e+01   3.6602692e+02  -1.5175051e+01
   3.2000000e+01   1.7602692e+02   9.4249487e+00
   3.2100000e+01   2.2702692e+02   4.8384949e+01
   3.2200000e+01   2.8902692e+02  -1.6095051e+01
   3.2300000e+01   2.9102692e+02  -1.1175051e+01
   3.2400000e+01   1.9702692e+02  -6.4415051e+01
   3.2500000e+01   2.2002692e+02   1.1664949e+01
   3.2600000e+01   1.8102692e+02   3.7224949e+01
   3.2700000e+01   2.5802692e+02  -4.0855051e+01
   3.2800000e+01   2.2402692e+02  -3.4495051e+01
   3.2900000e+01   2.1302692e+02  -2.2055051e+01
   3.3000000e+01   3.8402692e+02  -4.0895051e+01
   3.3100000e+01   2.3402692e+02   3.1104949e+01
   3.3200000e+01   3.7502692e+02  -1.6535051e+01
   3.3300000e+01   1.4802692e+02   5.5449487e+00
   3.3400000e+01   2.4902692e+02   3.1504949e+01
   3.3500000e+01   2.9002692e+02   3.1864949e+01
   3.3600000e+01   2.7002692e+02   1.0666495e+02
   3.3700000e+01   2.2402692e+02  -2.7495051e+01
   3.3800000e+01   1.4002692e+02  -3.4135051e+01
   3.3900000e+01   2.4002692e+02  -4.6135051e+01
   3.4000000e+01   3.8202692e+02   3.9184949e+01
   3.4100000e+01   1.2702692e+02  -3.7615051e+01
   3.4200000e+01   3.2302692e+02  -5.6455051e+01
   3.4300000e+01   2.7902692e+02   1.1830495e+02
   3.4400000e+01   8.7026923e+01  -2.8015051e+01
   3.4500000e+01   2.3102692e+02   2.2224949e+01
   3.4600000e+01   3.4902692e+02  -6.4950513e+00
   3.4700000e+01   1.7702692e+02  -2.8615051e+01
   3.4800000e+01   4.0702692e+02   9.1849487e+00
   3.4900000e+01   3.2902692e+02   3.5304949e+01
   3.5000000e+01   3.2302692e+02   1.4544949e+01
   3.5100000e+01   2.8902692e+02   4.1904949e+01
   3.5200000e+01   2.8902692e+02  -6.6095051e+01
   3.5300000e+01   2.3402692e+02  -1.6895051e+01
   3.5400000e+01   2.9102692e+02   1.0982495e+02
   3.5500000e+01   3.1102692e+02  -1.0975051e+01
   3.5600000e+01   4.5902692e+02   1.2910495e+02
   3.5700000e+01   1.3402692e+02   1.0494872e-01
   3.5800000e+01   6.0702692e+02   3.8184949e+01
   3.5900000e+01   2.7502692e+02   2.5464949e+01
   3.6000000e+01   4.1902692e+02   4.9704949e+01
   3.6100000e+01   2.4602692e+02   1.4362495e+02
   3.6200000e+01   1.6402692e+02   2.4904949e+01
   3.6300000e+01   1.8802692e+02  -7.0055051e+01
   3.6400000e+01   2.7802692e+02  -4.6550513e+00
   3.6500000e+01   4.4302692e+02   1.3474495e+02
   3.6600000e+01   4.1702692e+02   6.9784949e+01
   3.6700000e+01   3.8402692e+02  -5.0895051e+01
   3.6800000e+01   4.4402692e+02   7.0494872e-01
   3.6900000e+01   4.2102692e+02   7.8624949e+01
   3.7000000e+01   4.4002692e+02   2.0864949e+01
   3.7100000e+01   3.3402692e+02   2.0104949e+01
   3.7200000e+01   3.3502692e+02  -2.1935051e+01
   3.7300000e+01   2.0502692e+02  -1.5735051e+01
   3.7400000e+01   1.6102692e+02   3.0249487e+00
   3.7500000e+01   3.8002692e+02  -4.0735051e+01
   3.7600000e+01   2.3102692e+02   1.1224949e+01
   3.7700000e+01   3.0702692e+02   8.1849487e+00
   3.7800000e+01   3.0402692e+02   1.6304949e+01
   3.7900000e+01   3.2002692e+02   3.6664949e+01
   3.8000000e+01   2.9602692e+02  -2.3750513e+00
   3.8100000e+01   1.5702692e+02   1.8184949e+01
   3.8200000e+01   2.4302692e+02   7.4494872e-01
   3.8300000e+01   4.0026923e+01   1.7864949e+01
   3.8400000e+01   4.2302692e+02   2.5449487e+00
   3.8500000e+01   4.4802692e+02   4.9544949e+01
   3.8600000e+01   2.4302692e+02   1.7744949e+01
   3.8700000e+01   2.1202692e+02  -3.4015051e+01
   3.8800000e+01   2.3302692e+02  -5.2855051e+01
   3.8900000e+01   3.2902692e+02   1.3304949e+01
   3.9000000e+01   1.7902692e+02   4.0304949e+01
   3.9100000e+01   3.6002692e+02   2.4064949e+01
   3.9200000e+01   6.7026923e+01   3.0784949e+01
   3.9300000e+01   1.7102692e+02   9.0624949e+01
   3.9400000e+01   2.7102692e+02  -2.8375051e+01
   3.9500000e+01   9.2026923e+01   1.0784949e+01
   3.9600000e+01   3.2502692e+02   3.9464949e+01
   3.9700000e+01   3.2902692e+02   8.6304949e+01
   3.9800000e+01   2.5002692e+02  -5.8535051e+01
   3.9900000e+01   1.8002692e+02   4.4264949e+01
   4.0000000e+01   3.3902692e+02   3.9904949e+01
   4.0100000e+01   9.7026923e+01  -7.1415051e+01
   4.0200000e+01   4.1302692e+02   3.1944949e+01
   4.0300000e+01   1.9602692e+02   4.1624949e+01
   4.0400000e+01   2.7202692e+02  -1.3415051e+01
   4.0500000e+01   1.7502692e+02   3.5464949e+01
   4.0600000e+01   1.2902692e+02   6.4304949e+01
   4.0700000e+01   1.9802692e+02  -9.2455051e+01
   4.0800000e+01   3.3102692e+02  -4.0775051e+01
   4.0900000e+01   1.2602692e+02  -3.4575051e+01
   4.1000000e+01   2.9202692e+02  -6.1215051e+01
   4.1100000e+01   2.4602692e+02   1.0162495e+02
   4.1200000e+01   2.2202692e+02   1.0584949e+01
   4.1300000e+01   1.8802692e+02   3.8944949e+01
   4.1400000e+01   4.8102692e+02  -1.9775051e+01
   4.1500000e+01   2.9502692e+02  -5.6335051e+01
   4.1600000e+01   2.7402692e+02  -3.8495051e+01
   4.1700000e+01   3.3202692e+02   3.5184949e+01
   4.1800000e+01   8.4026923e+01  -6.4895051e+01
   4.1900000e+01   1.7202692e+02  -3.5415051e+01
   4.2000000e+01   3.8402692e+02   1.0110495e+02
   4.2100000e+01   2.0702692e+02   5.6184949e+01
   4.2200000e+01   3.8402692e+02  -3.8950513e+00
   4.2300000e+01   2.0202692e+02  -2.3615051e+01
   4.2400000e+01   1.5202692e+02  -4.6150513e+00
   4.2500000e+01   1.4102692e+02   8.8249487e+00
   4.2600000e+01   1.9802692e+02  -9.4550513e+00
   4.2700000e+01   3.4402692e+02   5.2704949e+01
   4.2800000e+01   2.6202692e+02  -2.4015051e+01
   4.2900000e+01   2.8202692e+02   5.7184949e+01
   4.3000000e+01   3.3202692e+02  -1.1815051e+01
   4.3100000e+01   1.4502692e+02   3.9664949e+01
   4.3200000e+01   3.8402692e+02  -6.8950513e+00
   4.3300000e+01   1.8002692e+02   1.5426495e+02
   4.3400000e+01   2.7802692e+02   1.3344949e+01
   4.3500000e+01   3.0302692e+02   5.1344949e+01
   4.3600000e+01   2.5702692e+02   1.2918495e+02
   4.3700000e+01   3.8702692e+02   3.0984949e+01
   4.3800000e+01   2.1402692e+02  -7.8095051e+01
   4.3900000e+01   3.9902692e+02   3.5049487e+00
   4.4000000e+01   4.4902692e+02   2.0504949e+01
   4.4100000e+01   2.6202692e+02  -3.4015051e+01
   4.4200000e+01   2.3602692e+02   1.3902495e+02
   4.4300000e+01   2.1202692e+02  -1.9015051e+01
   4.4400000e+01   2.5902692e+02   8.8104949e+01
   4.4500000e+01   2.0002692e+02   3.4464949e+01
   4.4600000e+01   3.3702692e+02   5.8984949e+01
   4.4700000e+01   2.4702692e+02  -2.6415051e+01
   4.4800000e+01   3.6802692e+02   1.8744949e+01
   4.4900000e+01   3.8902692e+02  -4.9095051e+01
   4.5000000e+01   2.9502692e+02   1.0366495e+02
   4.5100000e+01   4.2302692e+02  -2.2455051e+01
   4.5200000e+01   1.5602692e+02  -3.6775051e+01
   4.5300000e+01   5.8026923e+01   7.2144949e+01
   4.5400000e+01   3.7502692e+02   2.5464949e+01
   4.5500000e+01   2.8502692e+02  -1.4935051e+01
   4.5600000e+01   1.7602692e+02   2.7424949e+01
   4.5700000e+01   7.5026923e+01   5.1464949e+01
   4.5800000e+01   2.4502692e+02   6.5664949e+01
   4.5900000e+01   1.3502692e+02   3.1064949e+01
   4.6000000e+01   1.2002692e+02   9.9664949e+01
   4.6100000e+01   3.1026923e+01  -4.9775051e+01
   4.6200000e+01   4.3026923e+01  -2.4255051e+01
   4.6300000e+01   9.0269231e+00   9.2104949e+01
   4.6400000e+01  -2.0973077e+01  -1.2695051e+01
   4.6500000e+01   3.6026923e+01  -1.9750513e+00
   4.6600000e+01  -5.1973077e+01  -9.1455051e+01
   4.6700000e+01   4.7026923e+01   2.1584949e+01
   4.6800000e+01   1.0002692e+02   8.0464949e+01
   4.6900000e+01   5.4026923e+01   7.9304949e+01
   4.7000000e+01  -2.5973077e+01   6.8504949e+01
   4.7100000e+01  -2.9730769e+00   5.0584949e+01
   4.7200000e+01  -7.3973077e+01   8.9424949e+01
   4.7300000e+01  -8.9730769e+00  -4.4175051e+01
   4.7400000e+01  -4.2973077e+01  -8.1505128e-01
   4.7500000e+01   1.4702692e+02  -7.0415051e+01
   4.7600000e+01  -7.0973077e+01   8.4304949e+01
   4.7700000e+01   1.6302692e+02  -2.3055051e+01
   4.7800000e+01   8.5026923e+01   7.6064949e+01
   4.7900000e+01   1.5502692e+02  -3.3735051e+01
   4.8000000e+01   2.6923077e-02   9.0464949e+01
   4.8100000e+01  -5.3973077e+01   3.8624949e+01
   4.8200000e+01  -3.9730769e+00   4.4624949e+01
   4.8300000e+01   1.1026923e+01   8.1024949e+01
   4.8400000e+01   4.4026923e+01   5.6704949e+01
   4.8500000e+01   1.2802692e+02   2.2344949e+01
   4.8600000e+01   4.5026923e+01   3.4664949e+01
   4.8700000e+01   6.5026923e+01   4.7864949e+01
   4.8800000e+01  -9.9730769e+00   6.3864949e+01
   4.8900000e+01  -9.7307692e-01   1.3650495e+02
   4.9000000e+01   4.7026923e+01  -1.3415051e+01
   4.9100000e+01  -6.6973077e+01   9.9144949e+01
   4.9200000e+01  -1.2973077e+01   9.1984949e+01
   4.9300000e+01  -1.8973077e+01   4.2249487e+00
   4.9400000e+01  -2.1973077e+01   3.5344949e+01
   4.9500000e+01   1.8502692e+02   1.0649487e+00
   4.9600000e+01  -1.0973077e+01   6.8904949e+01
   4.9700000e+01  -2.4973077e+01   6.4464949e+01
   4.9800000e+01  -6.3973077e+01  -3.0975051e+01
   4.9900000e+01   1.9026923e+01   5.1704949e+01
   5.0000000e+01   6.0269231e+00   1.1224949e+01
   5.0100000e+01   3.0026923e+01   1.2264949e+01
   5.0200000e+01   4.5026923e+01   6.2664949e+01
   5.0300000e+01   3.3026923e+01  -6.1855051e+01
   5.0400000e+01   2.0026923e+01  -2.3335051e+01
   5.0500000e+01   2.9026923e+01   6.7304949e+01
   5.0600000e+01   1.6026923e+01   1.1282495e+02
   5.0700000e+01   1.7002692e+02   5.2664949e+01
   5.0800000e+01   1.0202692e+02   2.2384949e+01
   5.0900000e+01   4.0269231e+00  -2.4695051e+01
   5.1000000e+01   7.4026923e+01   1.9504949e+01
   5.1100000e+01   5.9026923e+01   1.7104949e+01
   5.1200000e+01   1.2402692e+02   7.0504949e+01
   5.1300000e+01   6.4026923e+01  -4.9095051e+01
   5.1400000e+01  -1.0973077e+01   3.1904949e+01
   5.1500000e+01   6.0269231e+00   9.2249487e+00
   5.1600000e+01   3.0026923e+01   1.5264949e+01
   5.1700000e+01   8.8026923e+01   1.2944949e+01
   5.1800000e+01   5.6026923e+01   1.7224949e+01
   5.1900000e+01  -2.3973077e+01   5.3424949e+01
   5.2000000e+01   2.1026923e+01   2.9624949e+01
   5.2100000e+01   5.0026923e+01   4.6464949e+01
   5.2200000e+01  -1.3973077e+01   3.6024949e+01
   5.2300000e+01  -5.3973077e+01   1.5162495e+02
   5.2400000e+01   5.1026923e+01   2.2142495e+02
   5.2500000e+01  -3.9973077e+01  -2.8935051e+01
   5.2600000e+01  -1.3973077e+01  -1.9750513e+00
   5.2700000e+01   2.0026923e+01   8.6649487e+00
   5.2800000e+01  -4.7973077e+01   5.7384949e+01
   5.2900000e+01   5.0269231e+00   1.5264949e+01
   5.3000000e+01  -3.3973077e+01   5.6824949e+01
   5.3100000e+01  -4.3973077e+01   3.2224949e+01
   5.3200000e+01   9.6026923e+01   2.7624949e+01
   5.3300000e+01   7.3026923e+01   3.1544949e+01
   5.3400000e+01  -7.9730769e+00  -8.2215051e+01
   5.3500000e+01   1.1202692e+02  -1.4201505e+02
   5.3600000e+01   2.1026923e+01  -1.0375051e+01
   5.3700000e+01   7.3026923e+01   6.9544949e+01
   5.3800000e+01  -8.9730769e+00  -7.1750513e+00
   5.3900000e+01   3.3026923e+01  -2.8550513e+00
   5.4000000e+01  -1.9730769e+00  -1.8455051e+01
   5.4100000e+01  -7.6973077e+01  -4.7455051e+01
   5.4200000e+01  -1.9973077e+01  -1.7735051e+01
   5.4300000e+01  -3.8973077e+01  -2.2975051e+01
   5.4400000e+01   5.1026923e+01  -1.0575051e+01
   5.4500000e+01   2.0269231e+00   1.0384949e+01
   5.4600000e+01  -4.5973077e+01  -3.6950513e+00
   5.4700000e+01   6.4026923e+01  -2.5095051e+01
   5.4800000e+01   4.0269231e+00  -3.7695051e+01
   5.4900000e+01  -6.9973077e+01  -4.8735051e+01
   5.5000000e+01  -1.5973077e+01   2.5104949e+01
   5.5100000e+01   5.4026923e+01   9.5304949e+01
   5.5200000e+01  -2.5973077e+01   1.0450495e+02
   5.5300000e+01   2.3026923e+01   6.7544949e+01
   5.5400000e+01  -9.6973077e+01  -2.4655051e+01
   5.5500000e+01   3.0026923e+01   1.3264949e+01
   5.5600000e+01  -4.5973077e+01   8.3049487e+00
   5.5700000e+01  -1.1973077e+01  -2.0550513e+00
   5.5800000e+01  -6.5973077e+01  -3.8950513e+00
   5.5900000e+01   7.4026923e+01   7.5504949e+01
   5.6000000e+01  -4.2973077e+01   5.4184949e+01
   5.6100000e+01   3.0026923e+01   6.6264949e+01
   5.6200000e+01   3.6026923e+01  -8.9750513e+00
   5.6300000e+01   9.0269231e+00   1.2104949e+01
   5.6400000e+01  -5.8973077e+01   2.5824949e+01
   5.6500000e+01   3.2026923e+01   2.8184949e+01
   5.6600000e+01   1.1902692e+02  -2.5295051e+01
   5.6700000e+01   1.1026923e+01  -5.1975051e+01
   5.6800000e+01  -4.7973077e+01   2.0384949e+01
   5.6900000e+01  -9.7307692e-01   1.9504949e+01
   5.7000000e+01  -9.7973077e+01  -3.6150513e+00
   5.7100000e+01   4.7026923e+01  -1.2415051e+01
   5.7200000e+01  -9.3973077e+01  -1.0775051e+01
   5.7300000e+01   5.9026923e+01  -2.8895051e+01
   5.7400000e+01   1.0202692e+02  -4.8615051e+01
   5.7500000e+01  -4.3973077e+01   1.1922495e+02
   5.7600000e+01   1.1302692e+02  -6.1055051e+01
   5.7700000e+01   1.4102692e+02   5.1824949e+01
   5.7800000e+01   3.5026923e+01  -6.8935051e+01
   5.7900000e+01  -2.9730769e+00   5.8584949e+01
   5.8000000e+01   7.6026923e+01  -7.5575051e+01
   5.8100000e+01   1.5026923e+01  -8.3135051e+01
   5.8200000e+01   4.5026923e+01  -1.3350513e+00
   5.8300000e+01  -1.1973077e+01   1.1944949e+01
   5.8400000e+01   1.5202692e+02  -1.1615051e+01
   5.8500000e+01  -3.9730769e+00   1.2662495e+02
   5.8600000e+01   3.3026923e+01   1.2514495e+02
   5.8700000e+01   3.6026923e+01  -3.5975051e+01
   5.8800000e+01  -1.1697308e+02   4.6144949e+01
   5.8900000e+01   1.3402692e+02   5.0104949e+01
   5.9000000e+01   2.0502692e+02   6.2264949e+01
   5.9100000e+01   7.3026923e+01  -1.4550513e+00
   5.9200000e+01  -7.2973077e+01  -2.0615051e+01
   5.9300000e+01   4.4026923e+01  -3.5295051e+01
   5.9400000e+01  -2.9973077e+01  -3.9335051e+01
   5.9500000e+01  -6.0973077e+01   1.1904949e+01
   5.9600000e+01   1.3026923e+01  -3.2055051e+01
   5.9700000e+01   8.7026923e+01  -1.1015051e+01
   5.9800000e+01   1.0026923e+01  -3.5935051e+01
   5.9900000e+01  -3.2973077e+01   6.3784949e+01
   6.0000000e+01  -3.3973077e+01   3.0824949e+01
   6.0100000e+01   6.0026923e+01  -5.8935051e+01
   6.0200000e+01   1.3026923e+01   4.4944949e+01
   6.0300000e+01  -5.1973077e+01   1.0954495e+02
   6.0400000e+01   2.2026923e+01  -1.4415051e+01
   6.0500000e+01   7.3026923e+01  -2.7455051e+01
   6.0600000e+01  -8.1973077e+01  -5.1255051e+01
   6.0700000e+01  -2.5973077e+01  -3.3495051e+01
   6.0800000e+01  -1.6973077e+01  -2.6855051e+01
   6.0900000e+01   1.4026923e+01   2.9049487e+00
   6.1000000e+01  -6.6973077e+01  -1.9855051e+01
   6.1100000e+01   2.0026923e+01  -4.3335051e+01
   6.1200000e+01  -5.7973077e+01  -6.8215051e+01
   6.1300000e+01  -7.8973077e+01  -7.3750513e+00
   6.1400000e+01  -5.1973077e+01  -1.5455051e+01
   6.1500000e+01  -1.2973077e+01  -2.3015051e+01
   6.1600000e+01   1.4026923e+01  -2.4095051e+01
   6.1700000e+01   9.9026923e+01  -1.7495051e+01
   6.1800000e+01   2.6923077e-02  -2.9535051e+01
   6.1900000e+01  -8.1973077e+01   1.7744949e+01
   6.2000000e+01   1.2026923e+01  -6.1015051e+01
   6.2100000e+01   1.0269231e+00  -4.1575051e+01
   6.2200000e+01   9.0026923e+01  -2.3135051e+01
   6.2300000e+01  -8.6973077e+01   2.9449487e+00
   6.2400000e+01   1.1302692e+02   4.6944949e+01
   6.2500000e+01   9.8026923e+01  -1.3455051e+01
   6.2600000e+01   4.3026923e+01  -2.1255051e+01
   6.2700000e+01  -3.1973077e+01   3.8744949e+01
   6.2800000e+01   9.8026923e+01  -3.9455051e+01
   6.2900000e+01  -5.1973077e+01   1.1154495e+02
   6.3000000e+01   2.4026923e+01  -1.3495051e+01
   6.3100000e+01   1.1102692e+02  -2.0975051e+01
   6.3200000e+01   2.8026923e+01   4.1344949e+01
   6.3300000e+01   9.0026923e+01  -2.1350513e+00
   6.3400000e+01   7.4026923e+01  -6.8495051e+01
   6.3500000e+01  -1.0197308e+02  -1.4455051e+01
   6.3600000e+01   1.7026923e+01   6.8784949e+01
   6.3700000e+01   5.8026923e+01   7.9144949e+01
   6.3800000e+01   7.5026923e+01  -3.7535051e+01
   6.3900000e+01   1.0026923e+01  -4.9935051e+01
   6.4000000e+01   1.2502692e+02  -3.6535051e+01
   6.4100000e+01  -1.0797308e+02   4.7849487e+00
   6.4200000e+01  -7.7973077e+01   9.9584949e+01
   6.4300000e+01   2.5026923e+01   1.9464949e+01
   6.4400000e+01  -4.0973077e+01   8.5104949e+01
   6.4500000e+01  -3.8973077e+01  -9.3975051e+01
   6.4600000e+01   1.2602692e+02   3.3424949e+01
   6.4700000e+01  -3.8973077e+01   1.7024949e+01
   6.4800000e+01   8.0269231e+00  -2.8855051e+01
   6.4900000e+01   7.8026923e+01   3.5344949e+01
   6.5000000e+01  -4.3973077e+01  -1.4775051e+01
   6.5100000e+01  -1.8973077e+01  -2.1775051e+01
   6.5200000e+01  -2.1973077e+01  -2.2655051e+01
   6.5300000e+01  -4.2973077e+01  -5.5815051e+01
   6.5400000e+01  -6.9973077e+01   2.4264949e+01
   6.5500000e+01   1.4302692e+02   2.4744949e+01
   6.5600000e+01  -5.3973077e+01  -3.7505128e-01
   6.5700000e+01   1.2702692e+02   3.3384949e+01
   6.5800000e+01  -1.5973077e+01   3.0104949e+01
   6.5900000e+01   1.3702692e+02  -2.0015051e+01
   6.6000000e+01   1.0026923e+01  -5.1935051e+01
   6.6100000e+01  -4.1973077e+01   6.1144949e+01
   6.6200000e+01   5.8026923e+01  -5.2855051e+01
   6.6300000e+01  -2.7973077e+01   1.3358495e+02
   6.6400000e+01  -1.0797308e+02   6.4784949e+01
   6.6500000e+01   1.5026923e+01  -6.7135051e+01
   6.6600000e+01  -5.8973077e+01  -3.5175051e+01
   6.6700000e+01  -7.9730769e+00  -6.9215051e+01
   6.6800000e+01   1.0026923e+01  -2.3935051e+01
   6.6900000e+01   1.2602692e+02  -4.9575051e+01
   6.7000000e+01   2.6026923e+01  -3.2575051e+01
   6.7100000e+01  -1.5097308e+02   3.5049487e+00
   6.7200000e+01   9.1026923e+01   3.4824949e+01
   6.7300000e+01   1.3026923e+01   8.5944949e+01
   6.7400000e+01  -1.1973077e+01   6.8944949e+01
   6.7500000e+01  -2.9973077e+01  -2.2335051e+01
   6.7600000e+01   1.1602692e+02   1.1824949e+01
   6.7700000e+01  -1.4973077e+01  -8.4935051e+01
   6.7800000e+01   3.0269231e+00   1.0344949e+01
   6.7900000e+01  -9.9730769e+00   6.4864949e+01
   6.8000000e+01  -1.0797308e+02  -1.4215051e+01
   6.8100000e+01  -1.9730769e+00   1.8544949e+01
   6.8200000e+01  -8.1973077e+01   7.7744949e+01
   6.8300000e+01   4.2026923e+01   1.7784949e+01
   6.8400000e+01  -3.7973077e+01  -1.5015051e+01
   6.8500000e+01  -2.0973077e+01  -6.9505128e-01
   6.8600000e+01   1.0502692e+02  -4.8735051e+01
   6.8700000e+01   9.6026923e+01   5.8624949e+01
   6.8800000e+01  -4.9730769e+00  -3.3350513e+00
   6.8900000e+01  -2.8973077e+01   1.8624949e+01
   6.9000000e+01  -7.8973077e+01  -9.3750513e+00
   6.9100000e+01   1.8602692e+02  -4.1975051e+01
   6.9200000e+01  -3.7973077e+01  -2.2015051e+01
   6.9300000e+01   7.1026923e+01  -6.9375051e+01
   6.9400000e+01  -1.0697308e+02   7.4744949e+01
   6.9500000e+01  -4.4973077e+01   2.0264949e+01
   6.9600000e+01  -1.8973077e+01  -1.9775051e+01
   6.9700000e+01   1.4502692e+02  -5.1335051e+01
   6.9800000e+01  -1.7973077e+01  -5.0815051e+01
   6.9900000e+01  -1.0997308e+02   1.2864949e+01
   7.0000000e+01  -4.9973077e+01  -1.1535051e+01
   7.0100000e+01   1.2702692e+02   2.4384949e+01
   7.0200000e+01  -1.3973077e+01  -7.0975051e+01
   7.0300000e+01  -4.4973077e+01   1.8264949e+01
   7.0400000e+01  -8.3973077e+01   6.7824949e+01
   7.0500000e+01  -1.1097308e+02  -6.0095051e+01
   7.0600000e+01  -5.9973077e+01  -2.8135051e+01
   7.0700000e+01   3.6026923e+01  -3.4975051e+01
   7.0800000e+01  -7.6973077e+01   1.1544949e+01
   7.0900000e+01   8.4026923e+01  -2.9895051e+01
   7.1000000e+01  -2.9730769e+00  -4.5415051e+01
   7.1100000e+01   8.7026923e+01  -2.0150513e+00
   7.1200000e+01  -9.9730769e+00  -5.6135051e+01
   7.1300000e+01  -4.6973077e+01  -7.6550513e+00
   7.1400000e+01   1.1702692e+02  -1.9215051e+01
   7.1500000e+01   4.6026923e+01  -6.5375051e+01
   7.1600000e+01   1.5026923e+01   7.3864949e+01
   7.1700000e+01   7.4026923e+01   7.4504949e+01
   7.1800000e+01   1.6402692e+02  -2.3095051e+01
   7.1900000e+01   5.1026923e+01   8.4249487e+00
   7.2000000e+01  -1.0697308e+02   3.6744949e+01
   7.2100000e+01  -4.3973077e+01   1.0224949e+01
   7.2200000e+01  -5.2973077e+01  -1.0415051e+01
   7.2300000e+01   3.6026923e+01  -1.2975051e+01
   7.2400000e+01  -3.4973077e+01  -1.8135051e+01
   7.2500000e+01   2.0026923e+01   6.6649487e+00
   7.2600000e+01  -2.4973077e+01  -6.5350513e+00
   7.2700000e+01  -1.5973077e+01  -2.6895051e+01
   7.2800000e+01   8.7026923e+01   1.6984949e+01
   7.2900000e+01   2.9026923e+01  -1.1695051e+01
   7.3000000e+01  -7.6973077e+01  -4.8455051e+01
   7.3100000e+01  -2.9973077e+01  -4.0335051e+01
   7.3200000e+01  -1.0897308e+02  -4.6175051e+01
   7.3300000e+01   6.7026923e+01   1.8784949e+01
   7.3400000e+01   8.2026923e+01  -3.5815051e+01
   7.3500000e+01   1.2702692e+02   5.1384949e+01
   7.3600000e+01   4.3026923e+01   4.6744949e+01
   7.3700000e+01   6.9026923e+01  -5.9295051e+01
   7.3800000e+01   4.0269231e+00  -2.6695051e+01
   7.3900000e+01   1.2502692e+02   2.8464949e+01
   7.4000000e+01   2.7026923e+01  -8.6150513e+00
   7.4100000e+01   6.2026923e+01   4.9849487e+00
   7.4200000e+01   2.1026923e+01  -8.3750513e+00
   7.4300000e+01   4.0269231e+00   2.4304949e+01
   7.4400000e+01  -5.7973077e+01   4.8784949e+01
   7.4500000e+01   6.2026923e+01  -1.9015051e+01
   7.4600000e+01  -4.1973077e+01   8.0144949e+01
   7.4700000e+01  -4.2973077e+01  -4.8150513e+00
   7.4800000e+01   3.1026923e+01  -4.2775051e+01
   7.4900000e+01  -1.5797308e+02  -2.7215051e+01
   7.5000000e+01   2.9026923e+01  -4.6950513e+00
   7.5100000e+01  -8.2973077e+01  -2.2150513e+00
   7.5200000e+01  -1.0973077e+01  -2.7095051e+01
   7.5300000e+01   1.7002692e+02  -3.6335051e+01
   7.5400000e+01   1.0102692e+02  -9.5750513e+00
   7.5500000e+01   6.1026923e+01   6.7024949e+01
   7.5600000e+01   6.3026923e+01   1.0794495e+02
   7.5700000e+01   5.0269231e+00   4.8264949e+01
   7.5800000e+01  -4.6973077e+01   4.1344949e+01
   7.5900000e+01  -4.9730769e+00   2.1664949e+01
   7.6000000e+01  -2.2973077e+01  -3.6615051e+01
   7.6100000e+01   1.3302692e+02  -6.8550513e+00
   7.6200000e+01  -9.7307692e-01   3.4504949e+01
   7.6300000e+01   1.2202692e+02   3.3584949e+01
   7.6400000e+01   5.5026923e+01   2.3264949e+01
   7.6500000e+01  -3.8973077e+01   2.4948718e-02
   7.6600000e+01   5.3026923e+01   1.9344949e+01
   7.6700000e+01  -2.6973077e+01  -2.7455051e+01
   7.6800000e+01  -1.1973077e+01  -1.0055051e+01
   7.6900000e+01  -3.5973077e+01   7.7904949e+01
   7.7000000e+01   2.4026923e+01  -2.7495051e+01
   7.7100000e+01  -8.3973077e+01  -5.4175051e+01
   7.7200000e+01   1.8402692e+02  -3.9895051e+01
   7.7300000e+01  -6.9730769e+00   7.7449487e+00
   7.7400000e+01  -3.2973077e+01  -3.2215051e+01
   7.7500000e+01  -7.3973077e+01   3.2424949e+01
   7.7600000e+01   8.2026923e+01  -4.7815051e+01
   7.7700000e+01   5.8026923e+01  -5.3855051e+01
   7.7800000e+01  -9.9730769e+00  -3.8135051e+01
   7.7900000e+01  -3.8973077e+01  -3.4975051e+01
   7.8000000e+01   1.6026923e+01  -2.1175051e+01
   7.8100000e+01   1.0026923e+01   4.0064949e+01
   7.8200000e+01   1.1002692e+02  -1.7935051e+01
   7.8300000e+01   2.5026923e+01  -3.3535051e+01
   7.8400000e+01   1.6026923e+01   1.4824949e+01
   7.8500000e+01  -2.7973077e+01   8.3584949e+01
   7.8600000e+01  -1.1697308e+02  -6.6855051e+01
   7.8700000e+01  -4.4973077e+01  -1.4735051e+01
   7.8800000e+01  -1.2973077e+01   7.9984949e+01
   7.8900000e+01  -6.9973077e+01  -1.0273505e+02
   7.9000000e+01   3.3026923e+01   1.8144949e+01
   7.9100000e+01   1.2026923e+01  -5.0150513e+00
   7.9200000e+01   9.6026923e+01  -8.6375051e+01
   7.9300000e+01   4.7026923e+01  -5.3415051e+01
   7.9400000e+01  -1.4297308e+02   4.8184949e+01
   7.9500000e+01   1.8026923e+01  -4.0255051e+01
   7.9600000e+01   2.6026923e+01  -1.6575051e+01
   7.9700000e+01   7.2026923e+01  -1.3415051e+01
   7.9800000e+01  -6.0973077e+01   1.3904949e+01
   7.9900000e+01  -1.4973077e+01  -1.0935051e+01
   8.0000000e+01  -8.6973077e+01  -5.2055051e+01
   8.0100000e+01   9.0269231e+00  -2.1895051e+01
   8.0200000e+01   7.2026923e+01  -2.6415051e+01
   8.0300000e+01   3.5026923e+01  -2.9350513e+00
   8.0400000e+01  -1.2097308e+02  -3.6695051e+01
   8.0500000e+01   3.1026923e+01   4.2224949e+01
   8.0600000e+01  -1.9973077e+01  -6.4735051e+01
   8.0700000e+01  -6.2973077e+01  -4.1015051e+01
   8.0800000e+01   2.7026923e+01  -3.2615051e+01
   8.0900000e+01   4.0269231e+00  -9.1695051e+01
   8.1000000e+01  -2.6973077e+01  -4.1455051e+01
   8.1100000e+01   3.6026923e+01  -2.1975051e+01
   8.1200000e+01  -4.0973077e+01  -5.7895051e+01
   8.1300000e+01  -1.9730769e+00  -3.7455051e+01
   8.1400000e+01   9.0269231e+00   1.1710495e+02
   8.1500000e+01   1.0269231e+00   3.4424949e+01
   8.1600000e+01  -4.1973077e+01  -2.1855051e+01
   8.1700000e+01   2.3026923e+01  -3.6455051e+01
   8.1800000e+01   5.7026923e+01  -5.2815051e+01
   8.1900000e+01  -1.2973077e+01  -3.0015051e+01
   8.2000000e+01  -4.5973077e+01   2.5304949e+01
   8.2100000e+01  -1.2697308e+02  -3.9455051e+01
   8.2200000e+01  -8.9730769e+00   3.7824949e+01
   8.2300000e+01   1.4102692e+02  -8.4175051e+01
   8.2400000e+01  -1.9973077e+01   1.7264949e+01
   8.2500000e+01  -2.6973077e+01  -7.1455051e+01
   8.2600000e+01   3.2026923e+01  -4.0815051e+01
   8.2700000e+01   8.0269231e+00   2.5144949e+01
   8.2800000e+01   7.7026923e+01   1.3849487e+00
   8.2900000e+01  -2.1973077e+01   9.9344949e+01
   8.3000000e+01  -1.0497308e+02  -2.1335051e+01
   8.3100000e+01   6.6026923e+01   5.8249487e+00
   8.3200000e+01   5.9026923e+01   4.1049487e+00
   8.3300000e+01  -2.9730769e+00  -1.3415051e+01
   8.3400000e+01   4.4026923e+01   8.7049487e+00
   8.3500000e+01  -3.0973077e+01  -7.1295051e+01
   8.3600000e+01  -9.7973077e+01   1.0384949e+01
   8.3700000e+01  -9.0973077e+01  -2.6895051e+01
   8.3800000e+01  -3.7973077e+01  -1.9015051e+01
   8.3900000e+01   6.6026923e+01  -5.9175051e+01
   8.4000000e+01   1.9026923e+01   3.9704949e+01
   8.4100000e+01   3.0269231e+00   3.3449487e+00
   8.4200000e+01  -3.9973077e+01  -2.7935051e+01
   8.4300000e+01   4.0269231e+00   1.6330495e+02
   8.4400000e+01   9.0026923e+01  -2.4135051e+01
   8.4500000e+01   6.0269231e+00   3.3224949e+01
   8.4600000e+01  -4.2973077e+01   5.8184949e+01
   8.4700000e+01  -9.7973077e+01  -6.2615051e+01
   8.4800000e+01  -5.1973077e+01  -2.0455051e+01
   8.4900000e+01   8.8026923e+01   4.3944949e+01
   8.5000000e+01  -2.6973077e+01   5.2544949e+01
   8.5100000e+01  -4.3973077e+01  -3.8775051e+01
   8.5200000e+01  -6.2973077e+01  -2.3015051e+01
   8.5300000e+01  -4.0973077e+01   5.6104949e+01
   8.5400000e+01  -4.0973077e+01   2.7104949e+01
   8.5500000e+01   4.7026923e+01  -4.6415051e+01
   8.5600000e+01  -2.9730769e+00  -3.8415051e+01
   8.5700000e+01  -1.9973077e+01  -4.7735051e+01
   8.5800000e+01   8.8026923e+01  -3.7055051e+01
   8.5900000e+01   7.9026923e+01  -5.4695051e+01
   8.6000000e+01   1.7026923e+01  -4.1215051e+01
   8.6100000e+01   2.4026923e+01   2.1504949e+01
   8.6200000e+01  -5.2973077e+01   2.2584949e+01
   8.6300000e+01   2.1302692e+02   1.6944949e+01
   8.6400000e+01  -8.8973077e+01  -2.7975051e+01
   8.6500000e+01  -7.2973077e+01   3.5384949e+01
   8.6600000e+01   5.6026923e+01  -3.7750513e+00
   8.6700000e+01  -7.1973077e+01   2.6344949e+01
   8.6800000e+01  -9.0973077e+01  -3.8950513e+00
   8.6900000e+01   3.0026923e+01  -3.3735051e+01
   8.7000000e+01   5.9026923e+01   9.1049487e+00
   8.7100000e+01   1.1602692e+02   1.0582495e+02
   8.7200000e+01   1.3026923e+01   6.1944949e+01
   8.7300000e+01  -8.9730769e+00   1.3182495e+02
   8.7400000e+01  -1.0097308e+02  -2.5495051e+01
   8.7500000e+01   1.8026923e+01   2.4744949e+01
   8.7600000e+01   3.0269231e+00   5.0344949e+01
   8.7700000e+01   8.0269231e+00  -4.3855051e+01
   8.7800000e+01   2.1026923e+01  -6.6375051e+01
   8.7900000e+01  -5.0973077e+01   5.5504949e+01
   8.8000000e+01   8.0269231e+00   3.9144949e+01
   8.8100000e+01  -1.0097308e+02  -8.7495051e+01
   8.8200000e+01  -5.5973077e+01  -1.1295051e+01
   8.8300000e+01   4.5026923e+01   4.6649487e+00
   8.8400000e+01   4.0269231e+00   9.0304949e+01
   8.8500000e+01   2.7026923e+01   9.7384949e+01
   8.8600000e+01   9.0269231e+00   2.7104949e+01
   8.8700000e+01  -2.9730769e+00   2.4584949e+01
   8.8800000e+01  -3.3973077e+01  -1.9175051e+01
   8.8900000e+01  -6.0973077e+01   1.3904949e+01
   8.9000000e+01  -5.5973077e+01  -9.2950513e+00
   8.9100000e+01  -4.0973077e+01  -8.9505128e-01
   8.9200000e+01  -6.9973077e+01   2.2649487e+00
   8.9300000e+01  -6.3973077e+01  -5.2975051e+01
   8.9400000e+01  -1.2797308e+02  -4.0415051e+01
   8.9500000e+01  -1.1397308e+02  -7.9750513e+00
   8.9600000e+01  -3.4973077e+01   1.6864949e+01
   8.9700000e+01   4.0269231e+00  -4.3695051e+01
   8.9800000e+01  -9.2973077e+01   4.3184949e+01
   8.9900000e+01   1.3026923e+01  -1.7055051e+01
   9.0000000e+01   9.0026923e+01  -2.4135051e+01
   9.0100000e+01  -7.0973077e+01  -1.5695051e+01
   9.0200000e+01  -5.9730769e+00   2.7704949e+01
   9.0300000e+01   1.5026923e+01   3.3864949e+01
   9.0400000e+01  -2.0973077e+01  -7.6950513e+00
   9.0500000e+01  -9.6973077e+01   3.5344949e+01
   9.0600000e+01   1.7902692e+02   6.3049487e+00
   9.0700000e+01   5.0026923e+01  -1.2535051e+01
   9.0800000e+01   1.0802692e+02   3.6144949e+01
   9.0900000e+01   8.4026923e+01  -4.8895051e+01
   9.1000000e+01  -4.3973077e+01  -2.7775051e+01
   9.1100000e+01   1.0302692e+02  -5.7655051e+01
   9.1200000e+01  -9.4973077e+01  -4.6735051e+01
   9.1300000e+01  -1.1973077e+01  -4.4055051e+01
   9.1400000e+01  -1.1397308e+02   1.3024949e+01
   9.1500000e+01   7.0269231e+00  -8.0815051e+01
   9.1600000e+01   1.7602692e+02   2.8424949e+01
   9.1700000e+01  -1.9730769e+00   1.9854495e+02
   9.1800000e+01  -8.4973077e+01  -7.7135051e+01
   9.1900000e+01   1.5802692e+02  -4.3855051e+01
   9.2000000e+01   7.8026923e+01  -9.1655051e+01
   9.2100000e+01  -7.3973077e+01  -3.5575051e+01
   9.2200000e+01  -1.2897308e+02   8.2624949e+01
   9.2300000e+01  -7.9730769e+00   7.5784949e+01
   9.2400000e+01  -1.1897308e+02  -7.4775051e+01
   9.2500000e+01  -5.9973077e+01  -5.6135051e+01
   9.2600000e+01  -5.4973077e+01  -1.5335051e+01
   9.2700000e+01  -1.2973077e+01  -2.8015051e+01
   9.2800000e+01  -9.2973077e+01  -9.8150513e+00
   9.2900000e+01   2.1002692e+02  -1.4935051e+01
   9.3000000e+01  -2.5973077e+01  -1.4495051e+01
   9.3100000e+01   6.5026923e+01   1.3864949e+01
   9.3200000e+01  -1.0397308e+02   2.6624949e+01
   9.3300000e+01  -9.9973077e+01   3.8464949e+01
   9.3400000e+01   2.9026923e+01  -1.1695051e+01
   9.3500000e+01   2.2026923e+01   7.7584949e+01
   9.3600000e+01  -7.0973077e+01  -3.1695051e+01
   9.3700000e+01  -6.3973077e+01  -1.9975051e+01
   9.3800000e+01  -1.2697308e+02   7.9544949e+01
   9.3900000e+01   8.0269231e+00   1.4314495e+02
   9.4000000e+01   5.3026923e+01  -6.5505128e-01
   9.4100000e+01   1.8026923e+01   1.5744949e+01
   9.4200000e+01   3.4026923e+01  -9.8950513e+00
   9.4300000e+01  -5.3973077e+01   2.0624949e+01
   9.4400000e+01  -5.7973077e+01   6.1784949e+01
   9.4500000e+01  -1.0097308e+02  -5.1495051e+01
   9.4600000e+01   4.5026923e+01   3.9664949e+01
   9.4700000e+01  -6.4973077e+01  -1.9935051e+01
   9.4800000e+01   1.8026923e+01  -3.0255051e+01
   9.4900000e+01  -6.1973077e+01  -2.6055051e+01
   9.5000000e+01  -2.2973077e+01  -1.3615051e+01
   9.5100000e+01  -3.2973077e+01  -4.6215051e+01
   9.5200000e+01  -1.0797308e+02  -3.2150513e+00
   9.5300000e+01   8.5026923e+01  -9.6935051e+01
   9.5400000e+01  -9.6973077e+01  -8.3655051e+01
   9.5500000e+01   4.3026923e+01   5.7449487e+00
   9.5600000e+01  -7.0973077e+01   1.0230495e+02
   9.5700000e+01  -1.5297308e+02  -2.1415051e+01
   9.5800000e+01  -5.9730769e+00   5.1704949e+01
   9.5900000e+01  -5.8973077e+01   5.8249487e+00
   9.6000000e+01  -5.0973077e+01  -3.1495051e+01
   9.6100000e+01   7.4026923e+01   1.5049487e+00
   9.6200000e+01  -2.4973077e+01   3.0464949e+01
   9.6300000e+01  -4.5973077e+01   4.2304949e+01
   9.6400000e+01  -7.3973077e+01   6.4424949e+01
   9.6500000e+01  -8.9730769e+00  -5.1750513e+00
   9.6600000e+01  -4.2973077e+01   6.1184949e+01
   9.6700000e+01   4.0026923e+01  -3.2135051e+01
   9.6800000e+01  -1.9973077e+01  -6.7350513e+00
   9.6900000e+01   5.2026923e+01  -7.5615051e+01
   9.7000000e+01   8.0269231e+00   5.1144949e+01
   9.7100000e+01   1.4026923e+01   5.5904949e+01
   9.7200000e+01   5.3026923e+01  -1.6550513e+00
   9.7300000e+01  -2.5973077e+01  -7.4950513e+00
   9.7400000e+01   3.3026923e+01  -9.2855051e+01
   9.7500000e+01  -4.4973077e+01   9.2649487e+00
   9.7600000e+01   6.0026923e+01  -5.1935051e+01
   9.7700000e+01   2.8026923e+01  -2.3655051e+01
   9.7800000e+01   2.6923077e-02   2.4649487e+00
   9.7900000e+01   4.8026923e+01   1.7054495e+02
   9.8000000e+01  -9.3973077e+01  -7.7505128e-01
   9.8100000e+01   8.6026923e+01  -7.1975051e+01
   9.8200000e+01   1.2502692e+02  -8.5350513e+00
   9.8300000e+01  -9.5973077e+01  -1.2695051e+01
   9.8400000e+01   2.0902692e+02   7.5104949e+01
   9.8500000e+01   3.1026923e+01  -2.9775051e+01
   9.8600000e+01   1.5026923e+01  -3.4135051e+01
   9.8700000e+01  -5.3973077e+01  -4.8375051e+01
   9.8800000e+01   1.2602692e+02   4.1424949e+01
   9.8900000e+01  -1.4297308e+02  -4.1815051e+01
   9.9000000e+01  -3.6973077e+01   1.2994495e+02
   9.9100000e+01  -1.9730769e+00   1.7154495e+02
   9.9200000e+01  -4.4973077e+01  -4.0735051e+01
   9.9300000e+01   2.3026923e+01  -7.2455051e+01
   9.9400000e+01   1.5402692e+02  -2.6950513e+00
   9.9500000e+01  -1.4973077e+01  -1.9350513e+00
   9.9600000e+01  -7.9730769e+00   8.7849487e+00
   9.9700000e+01  -3.9730769e+00   4.1624949e+01
   9.9800000e+01  -1.7973077e+01  -1.1815051e+01
   9.9900000e+01  -7.2973077e+01   1.9384949e+01
   1.0000000e+02  -7.9973077e+01  -9.3350513e+00
   1.0010000e+02   8.0026923e+01  -1.0735051e+01
   1.0020000e+02   3.9026923e+01   4.7904949e+01
   1.0030000e+02   1.7026923e+01  -1.0021505e+02
   1.0040000e+02  -5.1973077e+01   5.3544949e+01
   1.0050000e+02  -1.1797308e+02  -7.8150513e+00
   1.0060000e+02   1.2902692e+02  -6.1695051e+01
   1.0070000e+02  -1.9973077e+01  -5.8735051e+01
   1.0080000e+02  -1.5973077e+01  -7.2895051e+01
   1.0090000e+02  -6.7973077e+01  -8.1505128e-01
   1.0100000e+02  -6.4973077e+01  -1.2935051e+01
   1.0110000e+02   1.5102692e+02  -2.5575051e+01
   1.0120000e+02   9.0269231e+00   3.1049487e+00
   1.0130000e+02   1.4102692e+02   1.0682495e+02
   1.0140000e+02   7.5026923e+01   8.3464949e+01
   1.0150000e+02   8.8026923e+01   2.4944949e+01
   1.0160000e+02   4.1026923e+01   1.7824949e+01
   1.0170000e+02   6.5026923e+01  -1.4135051e+01
   1.0180000e+02   1.3026923e+01   7.9449487e+00
   1.0190000e+02  -1.7973077e+01  -8.7815051e+01
   1.0200000e+02  -3.3973077e+01   2.2824949e+01
   1.0210000e+02   2.1026923e+01   4.0624949e+01
   1.0220000e+02  -3.6973077e+01   1.6944949e+01
   1.0230000e+02   4.8026923e+01  -2.4455051e+01
   1.0240000e+02  -1.9730769e+00   3.6544949e+01
   1.0250000e+02  -5.0973077e+01   4.7504949e+01
   1.0260000e+02  -7.9730769e+00   2.3784949e+01
   1.0270000e+02  -1.2973077e+01   7.3984949e+01
   1.0280000e+02  -3.0973077e+01   9.3704949e+01
   1.0290000e+02   3.0026923e+01  -2.9735051e+01
   1.0300000e+02   6.6026923e+01  -9.1750513e+00
   1.0310000e+02   1.5026923e+01   5.2864949e+01
   1.0320000e+02  -1.0097308e+02   8.4504949e+01
   1.0330000e+02   2.0269231e+00  -1.9615051e+01
   1.0340000e+02   5.2026923e+01  -9.3615051e+01
   1.0350000e+02  -5.4973077e+01   3.7664949e+01
   1.0360000e+02   1.7026923e+01  -6.2215051e+01
   1.0370000e+02  -1.1297308e+02  -3.0150513e+00
   1.0380000e+02   2.6923077e-02   1.6846495e+02
   1.0390000e+02  -6.2973077e+01   9.9849487e+00
   1.0400000e+02   5.1026923e+01   7.4249487e+00
   1.0410000e+02  -4.2973077e+01  -8.8150513e+00
   1.0420000e+02   7.0269231e+00   8.4184949e+01
   1.0430000e+02   7.9026923e+01   1.3049487e+00
   1.0440000e+02  -6.4973077e+01   3.4064949e+01
   1.0450000e+02  -5.9973077e+01  -1.4135051e+01
   1.0460000e+02  -3.7973077e+01  -4.3015051e+01
   1.0470000e+02  -4.7973077e+01  -1.7615051e+01
   1.0480000e+02  -9.3973077e+01  -7.7750513e+00
   1.0490000e+02   5.0269231e+00   9.8264949e+01
   1.0500000e+02  -4.3973077e+01   3.5224949e+01
   1.0510000e+02  -9.1973077e+01  -6.2855051e+01
   1.0520000e+02  -3.9730769e+00   7.8624949e+01
   1.0530000e+02   2.6923077e-02   3.3464949e+01
   1.0540000e+02  -9.1973077e+01   3.9144949e+01
   1.0550000e+02  -7.9730769e+00   1.0784949e+01
   1.0560000e+02  -5.4973077e+01  -1.3335051e+01
   1.0570000e+02  -5.9973077e+01   4.0864949e+01
   1.0580000e+02   1.7602692e+02  -5.7505128e-01
   1.0590000e+02   8.0026923e+01  -3.1735051e+01
   1.0600000e+02   1.1602692e+02  -6.4175051e+01
   1.0610000e+02   8.0269231e+00  -4.7855051e+01
   1.0620000e+02  -6.0973077e+01  -1.3095051e+01
   1.0630000e+02   6.0269231e+00   3.2224949e+01
   1.0640000e+02   8.0026923e+01  -1.0373505e+02
   1.0650000e+02   3.9026923e+01   3.4904949e+01
   1.0660000e+02   1.5026923e+01  -2.8135051e+01
   1.0670000e+02  -4.2973077e+01   1.3818495e+02
   1.0680000e+02  -6.8973077e+01   5.9224949e+01
   1.0690000e+02   1.6026923e+01  -1.6175051e+01
   1.0700000e+02  -4.4973077e+01  -1.7735051e+01
   1.0710000e+02   3.4026923e+01   4.1049487e+00
   1.0720000e+02  -6.0973077e+01   1.7904949e+01
   1.0730000e+02   3.6026923e+01   2.9024949e+01
   1.0740000e+02  -7.9730769e+00   1.0784949e+01
   1.0750000e+02  -1.1997308e+02  -6.3735051e+01
   1.0760000e+02  -2.0973077e+01  -2.3695051e+01
   1.0770000e+02  -4.2973077e+01  -1.3815051e+01
   1.0780000e+02  -2.7973077e+01   1.0584949e+01
   1.0790000e+02  -5.6973077e+01   2.6744949e+01
   1.0800000e+02   3.0269231e+00   2.9344949e+01
   1.0810000e+02   1.4702692e+02  -2.4150513e+00
   1.0820000e+02  -1.4973077e+01   8.9064949e+01
   1.0830000e+02   1.2026923e+01  -2.0015051e+01
   1.0840000e+02  -1.3973077e+01  -1.3975051e+01
   1.0850000e+02  -5.9730769e+00   7.3704949e+01
   1.0860000e+02  -2.7973077e+01   7.7584949e+01
   1.0870000e+02   3.4026923e+01  -8.8950513e+00
   1.0880000e+02   3.7026923e+01   7.7984949e+01
   1.0890000e+02  -4.7973077e+01  -3.6615051e+01
   1.0900000e+02  -2.3973077e+01   4.7424949e+01
   1.0910000e+02   5.3026923e+01   4.7344949e+01
   1.0920000e+02  -1.6973077e+01   5.7144949e+01
   1.0930000e+02  -3.1973077e+01   1.4744949e+01
   1.0940000e+02   2.8026923e+01  -1.8655051e+01
   1.0950000e+02   3.3026923e+01   4.2144949e+01
   1.0960000e+02   6.0269231e+00  -5.5775051e+01
   1.0970000e+02   1.4702692e+02   1.8584949e+01
   1.0980000e+02   1.6026923e+01   1.0382495e+02
   1.0990000e+02  -1.0973077e+01   9.5904949e+01
   1.1000000e+02  -1.6973077e+01   1.1449487e+00
   1.1010000e+02   4.0026923e+01  -7.9135051e+01
   1.1020000e+02   1.2702692e+02  -4.9615051e+01
   1.1030000e+02   4.2026923e+01  -1.5215051e+01
   1.1040000e+02  -5.7973077e+01   5.7784949e+01
   1.1050000e+02   1.0026923e+01  -5.9350513e+00
   1.1060000e+02   9.0269231e+00  -3.2895051e+01
   1.1070000e+02   1.0269231e+00  -1.4575051e+01
   1.1080000e+02   1.2026923e+01  -6.0015051e+01
   1.1090000e+02   1.2202692e+02  -2.9415051e+01
   1.1100000e+02   1.3026923e+01   6.9449487e+00
   1.1110000e+02  -9.8973077e+01   1.4424949e+01
   1.1120000e+02   2.5026923e+01  -2.0535051e+01
   1.1130000e+02  -6.9973077e+01  -4.4735051e+01
   1.1140000e+02   9.6026923e+01   2.8624949e+01
   1.1150000e+02   8.2026923e+01  -6.8150513e+00
   1.1160000e+02  -2.8973077e+01   2.6624949e+01
   1.1170000e+02   2.3026923e+01  -3.5455051e+01
   1.1180000e+02  -7.9973077e+01  -1.7335051e+01
   1.1190000e+02  -9.3973077e+01   6.2249487e+00
   1.1200000e+02   3.7026923e+01  -4.2015051e+01
   1.1210000e+02  -6.7973077e+01  -7.1815051e+01
   1.1220000e+02   3.1026923e+01   1.5224949e+01
   1.1230000e+02   9.0269231e+00  -4.4895051e+01
   1.1240000e+02  -3.2973077e+01  -3.3215051e+01
   1.1250000e+02  -2.7973077e+01   9.0584949e+01
   1.1260000e+02   4.4026923e+01  -2.0295051e+01
   1.1270000e+02   4.5026923e+01   2.4664949e+01
   1.1280000e+02   6.3026923e+01  -4.3055051e+01
   1.1290000e+02  -5.1973077e+01   3.8544949e+01
   1.1300000e+02   3.9026923e+01  -3.8095051e+01
   1.1310000e+02  -9.0973077e+01  -9.8950513e+00
   1.1320000e+02   1.1102692e+02  -4.1975051e+01
   1.1330000e+02  -1.4097308e+02   3.1049487e+00
   1.1340000e+02  -5.0973077e+01   3.6504949e+01
   1.1350000e+02  -5.3973077e+01  -6.4375051e+01
   1.1360000e+02   7.6026923e+01   1.4249487e+00
   1.1370000e+02   8.0026923e+01  -2.6735051e+01
   1.1380000e+02  -6.4973077e+01  -9.3505128e-01
   1.1390000e+02   1.1302692e+02  -5.8055051e+01
   1.1400000e+02   1.1202692e+02  -9.0150513e+00
   1.1410000e+02   8.6026923e+01  -3.5975051e+01
   1.1420000e+02  -5.7973077e+01   1.6784949e+01
   1.1430000e+02   3.5026923e+01   7.0649487e+00
   1.1440000e+02  -8.4973077e+01   5.5864949e+01
   1.1450000e+02  -1.4973077e+01   5.9064949e+01
   1.1460000e+02  -3.0973077e+01   4.7704949e+01
   1.1470000e+02  -3.9730769e+00  -1.0375051e+01
   1.1480000e+02  -7.6973077e+01  -5.8455051e+01
   1.1490000e+02   5.3026923e+01   5.9344949e+01
   1.1500000e+02  -4.7973077e+01  -7.3615051e+01
   1.1510000e+02   6.2026923e+01   1.0698495e+02
   1.1520000e+02   2.4026923e+01   3.6504949e+01
   1.1530000e+02   6.5026923e+01  -5.0135051e+01
   1.1540000e+02   1.6026923e+01   9.8249487e+00
   1.1550000e+02   1.4602692e+02  -2.5375051e+01
   1.1560000e+02  -1.1297308e+02   4.2984949e+01
   1.1570000e+02  -3.9730769e+00  -7.4375051e+01
   1.1580000e+02   1.1026923e+01  -2.6975051e+01
   1.1590000e+02  -4.3973077e+01   2.2494872e-01
   1.1600000e+02  -4.4973077e+01   2.8264949e+01
   1.1610000e+02   1.2026923e+01  -1.9015051e+01
   1.1620000e+02  -3.6973077e+01   2.4944949e+01
   1.1630000e+02   7.9026923e+01  -3.7695051e+01
   1.1640000e+02  -1.1973077e+01   3.1944949e+01
   1.1650000e+02   1.4502692e+02   1.1664949e+01
   1.1660000e+02   2.1026923e+01   3.1624949e+01
   1.1670000e+02  -9.9973077e+01   2.4649487e+00
   1.1680000e+02  -5.0973077e+01   8.4504949e+01
   1.1690000e+02   3.7026923e+01   1.9849487e+00
   1.1700000e+02  -1.2973077e+01  -4.8015051e+01
   1.1710000e+02   6.5026923e+01   1.1864949e+01
   1.1720000e+02  -4.4973077e+01   2.5264949e+01
   1.1730000e+02  -1.0497308e+02   1.6664949e+01
   1.1740000e+02   2.6026923e+01  -3.6575051e+01
   1.1750000e+02  -7.3973077e+01   1.5424949e+01
   1.1760000e+02   1.4026923e+01   1.9049487e+00
   1.1770000e+02   6.0269231e+00   2.5224949e+01
   1.1780000e+02  -4.8973077e+01  -2.3575051e+01
   1.1790000e+02   4.9026923e+01  -5.2495051e+01
   1.1800000e+02  -6.8973077e+01  -2.0775051e+01
   1.1810000e+02   6.7026923e+01  -2.0215051e+01
   1.1820000e+02   1.2902692e+02   7.3049487e+00
   1.1830000e+02  -4.4973077e+01   4.2649487e+00
   1.1840000e+02  -7.2973077e+01  -4.8615051e+01
   1.1850000e+02  -1.0697308e+02  -6.4255051e+01
   1.1860000e+02   1.0502692e+02   2.2264949e+01
   1.1870000e+02   4.0269231e+00   1.1230495e+02
   1.1880000e+02  -1.5973077e+01   3.7104949e+01
   1.1890000e+02   5.0026923e+01  -4.8535051e+01
   1.1900000e+02   6.9026923e+01   5.1704949e+01
   1.1910000e+02  -7.5973077e+01   6.2504949e+01
   1.1920000e+02   3.4026923e+01   1.0710495e+02
   1.1930000e+02   1.6702692e+02  -2.8215051e+01
   1.1940000e+02  -9.9730769e+00   4.1864949e+01
   1.1950000e+02   6.0269231e+00   2.9224949e+01
   1.1960000e+02   1.4026923e+01   1.8904949e+01
   1.1970000e+02   1.3902692e+02   2.9904949e+01
   1.1980000e+02  -8.9730769e+00   6.7824949e+01
   1.1990000e+02  -3.3973077e+01   2.9824949e+01
   1.2000000e+02   4.0269231e+00   5.9304949e+01
   1.2010000e+02  -2.2973077e+01  -4.9615051e+01
   1.2020000e+02  -2.1973077e+01  -2.7655051e+01
   1.2030000e+02  -7.6973077e+01  -8.8455051e+01
   1.2040000e+02   1.5102692e+02  -6.0575051e+01
   1.2050000e+02  -5.5973077e+01   7.0494872e-01
   1.2060000e+02  -1.3097308e+02  -6.9295051e+01
   1.2070000e+02   3.2026923e+01  -7.3815051e+01
   1.2080000e+02  -7.9730769e+00   2.9784949e+01
   1.2090000e+02  -2.0973077e+01   1.3049487e+00
   1.2100000e+02  -1.0097308e+02   2.4504949e+01
   1.2110000e+02  -7.2973077e+01  -3.0615051e+01
   1.2120000e+02  -4.8973077e+01  -1.5750513e+00
   1.2130000e+02  -1.0197308e+02  -4.7455051e+01
   1.2140000e+02  -4.6973077e+01  -3.8655051e+01
   1.2150000e+02   2.5026923e+01  -8.2535051e+01
   1.2160000e+02  -6.4973077e+01  -8.0935051e+01
   1.2170000e+02  -4.0973077e+01  -7.8895051e+01
   1.2180000e+02  -5.6973077e+01  -3.7255051e+01
   1.2190000e+02  -2.9730769e+00  -1.9415051e+01
   1.2200000e+02  -1.3973077e+01   4.0249487e+00
   1.2210000e+02  -5.5973077e+01  -1.6295051e+01
   1.2220000e+02  -4.6973077e+01  -1.7655051e+01
   1.2230000e+02   2.2026923e+01  -5.8415051e+01
   1.2240000e+02   1.0702692e+02   1.7184949e+01
   1.2250000e+02  -1.9730769e+00  -4.3455051e+01
   1.2260000e+02  -2.9730769e+00  -6.0415051e+01
   1.2270000e+02   3.9026923e+01  -1.0095051e+01
   1.2280000e+02  -1.5973077e+01  -5.4895051e+01
   1.2290000e+02  -1.9730769e+00  -4.1455051e+01
   1.2300000e+02  -2.7973077e+01   2.6584949e+01
   1.2310000e+02   7.5026923e+01   9.4649487e+00
   1.2320000e+02  -7.8973077e+01  -6.9375051e+01
   1.2330000e+02  -1.5797308e+02  -3.3215051e+01
   1.2340000e+02   2.0026923e+01  -2.8335051e+01
   1.2350000e+02  -1.1097308e+02   8.0904949e+01
   1.2360000e+02  -1.0997308e+02  -8.0135051e+01
   1.2370000e+02  -1.2397308e+02  -5.5750513e+00
   1.2380000e+02  -4.2973077e+01   5.1849487e+00
   1.2390000e+02  -9.4973077e+01   2.8264949e+01
   1.2400000e+02   4.5026923e+01  -7.9335051e+01
   1.2410000e+02  -1.2197308e+02  -3.3655051e+01
   1.2420000e+02   4.3026923e+01  -4.3255051e+01
   1.2430000e+02  -5.6973077e+01  -1.5255051e+01
   1.2440000e+02   3.0269231e+00   1.0934495e+02
   1.2450000e+02  -1.0497308e+02  -3.2335051e+01
   1.2460000e+02   4.0269231e+00  -3.5695051e+01
   1.2470000e+02  -5.8973077e+01  -1.9175051e+01
   1.2480000e+02  -1.3397308e+02  -6.5175051e+01
   1.2490000e+02  -7.8973077e+01  -9.3750513e+00
   1.2500000e+02  -3.9730769e+00  -4.3375051e+01
   1.2510000e+02  -8.2973077e+01  -1.9215051e+01
   1.2520000e+02   9.0269231e+00   1.8104949e+01
   1.2530000e+02  -8.3973077e+01  -2.5175051e+01
   1.2540000e+02  -7.2973077e+01   2.4384949e+01
   1.2550000e+02   5.0026923e+01  -6.8535051e+01
   1.2560000e+02   2.3026923e+01   3.0544949e+01
   1.2570000e+02   1.1026923e+01   5.0249487e+00
   1.2580000e+02  -3.2973077e+01  -4.7215051e+01
   1.2590000e+02   8.7026923e+01   1.9849487e+00
   1.2600000e+02  -9.7973077e+01  -2.6150513e+00
   1.2610000e+02  -2.0973077e+01   2.3304949e+01
   1.2620000e+02   1.3026923e+01  -2.0055051e+01
   1.2630000e+02  -1.7973077e+01   1.0184949e+01
   1.2640000e+02   3.0269231e+00   1.4234495e+02
   1.2650000e+02  -2.7973077e+01   3.0584949e+01
   1.2660000e+02  -5.4973077e+01  -3.8335051e+01
   1.2670000e+02  -3.8973077e+01   1.8024949e+01
   1.2680000e+02  -9.4973077e+01  -2.3735051e+01
   1.2690000e+02  -4.6973077e+01  -3.8655051e+01
   1.2700000e+02   4.6026923e+01  -4.2375051e+01
   1.2710000e+02  -7.9730769e+00   5.5784949e+01
   1.2720000e+02  -9.9730769e+00   4.8649487e+00
   1.2730000e+02   6.8026923e+01  -7.2255051e+01
   1.2740000e+02   2.3026923e+01   2.9544949e+01
   1.2750000e+02   4.2026923e+01   8.9784949e+01
   1.2760000e+02  -1.2973077e+01  -7.0015051e+01
   1.2770000e+02   8.0269231e+00  -6.8855051e+01
   1.2780000e+02   2.9026923e+01  -6.6950513e+00
   1.2790000e+02   6.1026923e+01   3.3024949e+01
   1.2800000e+02  -3.9730769e+00   3.4624949e+01
   1.2810000e+02  -8.0973077e+01  -1.3295051e+01
   1.2820000e+02  -7.1973077e+01  -4.5655051e+01
   1.2830000e+02   8.9026923e+01   9.4904949e+01
   1.2840000e+02   1.0602692e+02  -3.1775051e+01
   1.2850000e+02  -3.4973077e+01   6.1864949e+01
   1.2860000e+02   6.8026923e+01  -1.7255051e+01
   1.2870000e+02   3.4026923e+01   1.0494872e-01
   1.2880000e+02  -6.9973077e+01  -6.3735051e+01
   1.2890000e+02   1.3602692e+02   6.5024949e+01
   1.2900000e+02  -5.6973077e+01   5.0744949e+01
   1.2910000e+02   6.0026923e+01  -4.3935051e+01
   1.2920000e+02  -6.0973077e+01  -1.7095051e+01
   1.2930000e+02  -1.0797308e+02   5.7784949e+01
   1.2940000e+02   1.6902692e+02   2.7049487e+00
   1.2950000e+02   1.2102692e+02  -3.9375051e+01
   1.2960000e+02  -3.3973077e+01   1.7824949e+01
   1.2970000e+02  -4.2973077e+01  -6.8150513e+00
   1.2980000e+02   1.0302692e+02  -5.2655051e+01
   1.2990000e+02  -1.5497308e+02  -1.5335051e+01
   1.3000000e+02   5.5026923e+01   1.3264949e+01
   1.3010000e+02  -3.6973077e+01  -6.8055051e+01
   1.3020000e+02   3.2026923e+01   5.1184949e+01
   1.3030000e+02  -4.3973077e+01  -1.7775051e+01
   1.3040000e+02   1.3502692e+02   1.8064949e+01
   1.3050000e+02  -3.1973077e+01  -3.8255051e+01
   1.3060000e+02  -7.4973077e+01   6.9464949e+01
   1.3070000e+02  -8.4973077e+01   2.9864949e+01
   1.3080000e+02   3.7026923e+01   1.2984949e+01
   1.3090000e+02   5.7026923e+01  -1.1815051e+01
   1.3100000e+02  -6.1973077e+01   1.1894495e+02
   1.3110000e+02  -1.3973077e+01  -1.8975051e+01
   1.3120000e+02   2.8502692e+02   4.7064949e+01
   1.3130000e+02  -2.2973077e+01   3.4384949e+01
   1.3140000e+02  -4.3973077e+01   1.0722495e+02
   1.3150000e+02   8.1026923e+01   1.9224949e+01
   1.3160000e+02   7.1026923e+01   3.7624949e+01
   1.3170000e+02  -2.7973077e+01  -1.5415051e+01
   1.3180000e+02   5.9026923e+01   1.2104949e+01
   1.3190000e+02   2.0026923e+01   2.6649487e+00
   1.3200000e+02   5.0269231e+00  -4.4735051e+01
   1.3210000e+02  -1.0697308e+02  -5.2550513e+00
   1.3220000e+02  -2.0973077e+01   1.6304949e+01
   1.3230000e+02  -4.5973077e+01  -7.1695051e+01
   1.3240000e+02  -6.9973077e+01   3.2649487e+00
   1.3250000e+02  -3.5973077e+01   1.2190495e+02
   1.3260000e+02  -9.5973077e+01  -4.6950513e+00
   1.3270000e+02   9.9026923e+01   4.2504949e+01
   1.3280000e+02   1.8026923e+01   1.4744949e+01
   1.3290000e+02  -1.2397308e+02  -2.5750513e+00
   1.3300000e+02  -1.1997308e+02   1.2649487e+00
   1.3310000e+02   1.6026923e+01  -7.1175051e+01
   1.3320000e+02   5.9026923e+01   7.1049487e+00
   1.3330000e+02  -6.3973077e+01  -1.9975051e+01
   1.3340000e+02   1.1202692e+02   3.7984949e+01
   1.3350000e+02   5.8026923e+01  -2.0855051e+01
   1.3360000e+02   4.6026923e+01  -6.7375051e+01
   1.3370000e+02  -1.8973077e+01  -1.5775051e+01
   1.3380000e+02   6.3026923e+01   2.9449487e+00
   1.3390000e+02   4.7026923e+01   1.5584949e+01
   1.3400000e+02   1.6002692e+02   4.0649487e+00
   1.3410000e+02   9.6026923e+01  -3.6375051e+01
   1.3420000e+02   2.7026923e+01  -1.3615051e+01
   1.3430000e+02  -1.0997308e+02  -3.9135051e+01
   1.3440000e+02  -1.6973077e+01  -2.9855051e+01
   1.3450000e+02  -8.6973077e+01   1.6944949e+01
   1.3460000e+02   3.3026923e+01  -7.3855051e+01
   1.3470000e+02  -2.9973077e+01   7.8664949e+01
   1.3480000e+02  -1.3897308e+02  -7.9750513e+00
   1.3490000e+02   8.2026923e+01  -9.8150513e+00
   1.3500000e+02   5.8026923e+01  -4.7855051e+01
   1.3510000e+02   2.3026923e+01   5.5544949e+01
   1.3520000e+02   2.9026923e+01  -6.6950513e+00
   1.3530000e+02  -8.3973077e+01  -6.9175051e+01
   1.3540000e+02  -1.2097308e+02  -5.5695051e+01
   1.3550000e+02  -6.4973077e+01   4.9064949e+01
   1.3560000e+02  -1.0397308e+02   5.8624949e+01
   1.3570000e+02  -3.0973077e+01   1.9704949e+01
   1.3580000e+02   2.9026923e+01  -2.9695051e+01
   1.3590000e+02  -7.7973077e+01  -9.4150513e+00
   1.3600000e+02  -5.3973077e+01  -2.4375051e+01
   1.3610000e+02   7.0269231e+00  -2.5815051e+01
   1.3620000e+02  -2.4973077e+01   5.3464949e+01
   1.3630000e+02  -1.9973077e+01  -2.7350513e+00
   1.3640000e+02  -8.0973077e+01  -1.7295051e+01
   1.3650000e+02  -2.9973077e+01  -1.9335051e+01
   1.3660000e+02  -7.7973077e+01   6.5584949e+01
   1.3670000e+02  -3.8973077e+01   4.0249487e+00
   1.3680000e+02  -7.1973077e+01  -2.6655051e+01
   1.3690000e+02  -9.1973077e+01   2.8144949e+01
   1.3700000e+02  -6.8973077e+01   3.2249487e+00
   1.3710000e+02  -4.8973077e+01  -6.0575051e+01
   1.3720000e+02  -2.9973077e+01   2.2664949e+01
   1.3730000e+02   3.7026923e+01   5.0984949e+01
   1.3740000e+02   1.0402692e+02  -3.1695051e+01
   1.3750000e+02  -1.5973077e+01  -5.7895051e+01
   1.3760000e+02  -7.2973077e+01   2.0384949e+01
   1.3770000e+02  -4.0973077e+01   1.9104949e+01
   1.3780000e+02   1.3026923e+01  -3.7055051e+01
   1.3790000e+02  -5.3973077e+01  -7.9375051e+01
   1.3800000e+02  -9.4973077e+01  -2.7735051e+01
   1.3810000e+02  -2.6973077e+01  -3.2455051e+01
   1.3820000e+02  -3.8973077e+01  -9.9750513e+00
   1.3830000e+02  -1.3973077e+01  -4.1975051e+01
   1.3840000e+02  -6.4973077e+01   4.4064949e+01
   1.3850000e+02  -2.0973077e+01  -2.0695051e+01
   1.3860000e+02   4.0269231e+00  -3.6695051e+01
   1.3870000e+02   2.5026923e+01  -1.7535051e+01
   1.3880000e+02  -5.6973077e+01  -6.2550513e+00
   1.3890000e+02   6.0269231e+00  -3.4775051e+01
   1.3900000e+02   1.1302692e+02   7.1944949e+01
   1.3910000e+02   6.8026923e+01  -1.2550513e+00
   1.3920000e+02  -7.6973077e+01   2.7544949e+01
   1.3930000e+02   9.1026923e+01   2.0824949e+01
   1.3940000e+02  -2.0973077e+01   7.8304949e+01
   1.3950000e+02  -1.1973077e+01   2.1944949e+01
   1.3960000e+02  -1.5973077e+01  -2.8895051e+01
   1.3970000e+02  -3.7973077e+01  -3.6015051e+01
   1.3980000e+02   6.0269231e+00  -9.3775051e+01
   1.3990000e+02  -7.0973077e+01   7.2304949e+01
   1.4000000e+02  -1.3973077e+01  -1.5975051e+01
   1.4010000e+02   1.5902692e+02  -3.6895051e+01
   1.4020000e+02  -4.1973077e+01   3.1449487e+00
   1.4030000e+02   8.0269231e+00  -7.8855051e+01
   1.4040000e+02  -3.6973077e+01  -3.5055051e+01
   1.4050000e+02  -8.0973077e+01  -2.2950513e+00
   1.4060000e+02  -7.8973077e+01   7.5624949e+01
   1.4070000e+02  -9.9973077e+01   8.4649487e+00
   1.4080000e+02   1.3302692e+02  -7.8855051e+01
   1.4090000e+02  -4.3973077e+01  -9.7775051e+01
   1.4100000e+02   3.6026923e+01  -1.8975051e+01
   1.4110000e+02  -2.0973077e+01  -1.0695051e+01
   1.4120000e+02  -6.7973077e+01   2.8184949e+01
   1.4130000e+02  -1.5997308e+02   1.1864949e+01
   1.4140000e+02   1.1202692e+02  -5.7015051e+01
   1.4150000e+02  -1.6973077e+01  -1.1855051e+01
   1.4160000e+02   1.2026923e+01  -7.9015051e+01
   1.4170000e+02  -5.2973077e+01   1.7584949e+01
   1.4180000e+02   7.8026923e+01  -1.7655051e+01
   1.4190000e+02   1.0269231e+00  -3.0575051e+01
   1.4200000e+02   1.1202692e+02  -7.6015051e+01
   1.4210000e+02  -7.3973077e+01   4.6424949e+01
   1.4220000e+02   7.3026923e+01  -5.4550513e+00
   1.4230000e+02  -7.5973077e+01   7.0504949e+01
   1.4240000e+02   2.0026923e+01   1.1664949e+01
   1.4250000e+02  -2.2973077e+01  -5.2615051e+01
   1.4260000e+02  -4.5973077e+01  -7.6950513e+00
   1.4270000e+02   8.3026923e+01  -5.7855051e+01
   1.4280000e+02   9.5026923e+01  -4.0335051e+01
   1.4290000e+02  -5.7973077e+01   1.1778495e+02
   1.4300000e+02   2.5026923e+01  -1.4535051e+01
   1.4310000e+02  -5.3973077e+01   9.3624949e+01
   1.4320000e+02  -2.7973077e+01  -4.8415051e+01
   1.4330000e+02  -2.1973077e+01  -8.6550513e+00
   1.4340000e+02  -1.4597308e+02   3.2304949e+01
   1.4350000e+02   6.2026923e+01  -9.4015051e+01
   1.4360000e+02  -1.5973077e+01   5.0104949e+01
   1.4370000e+02  -8.4973077e+01  -3.4135051e+01
   1.4380000e+02   7.1026923e+01   8.5624949e+01
   1.4390000e+02  -9.4973077e+01  -2.8735051e+01
   1.4400000e+02  -1.3597308e+02  -6.6095051e+01
   1.4410000e+02   2.0026923e+01   2.3664949e+01
   1.4420000e+02  -3.7973077e+01  -5.4015051e+01
   1.4430000e+02  -7.9730769e+00  -4.3215051e+01
   1.4440000e+02  -1.3973077e+01  -3.7975051e+01
   1.4450000e+02  -1.0297308e+02  -1.8415051e+01
   1.4460000e+02  -3.8973077e+01  -1.9975051e+01
   1.4470000e+02  -1.8973077e+01   2.9224949e+01
   1.4480000e+02   4.0026923e+01   5.4864949e+01
   1.4490000e+02  -2.6973077e+01  -6.1455051e+01
   1.4500000e+02   1.3802692e+02   5.9944949e+01
   1.4510000e+02  -7.6973077e+01  -5.0455051e+01
   1.4520000e+02  -1.3973077e+01  -2.5975051e+01
   1.4530000e+02  -4.0973077e+01   7.1049487e+00
   1.4540000e+02  -9.3973077e+01   5.2224949e+01
   1.4550000e+02   9.0269231e+00  -7.3895051e+01
   1.4560000e+02   3.6026923e+01  -3.5975051e+01
   1.4570000e+02  -7.7973077e+01  -3.4150513e+00
   1.4580000e+02  -7.9730769e+00  -5.2150513e+00
   1.4590000e+02  -1.2497308e+02   1.1446495e+02
   1.4600000e+02  -1.9730769e+00  -6.2455051e+01
   1.4610000e+02  -8.0973077e+01  -2.8295051e+01
   1.4620000e+02   2.0269231e+00  -3.0615051e+01
   1.4630000e+02   8.4026923e+01  -1.8950513e+00
   1.4640000e+02  -2.2973077e+01   6.6384949e+01
   1.4650000e+02   3.8026923e+01  -1.3055051e+01
   1.4660000e+02  -3.1973077e+01   2.1744949e+01
   1.4670000e+02  -6.1973077e+01   6.6944949e+01
   1.4680000e+02   8.0269231e+00   2.0144949e+01
   1.4690000e+02   2.0269231e+00   3.1384949e+01
   1.4700000e+02  -1.9730769e+00  -4.1455051e+01
   1.4710000e+02   5.2026923e+01   2.0384949e+01
   1.4720000e+02   7.0269231e+00  -2.2815051e+01
   1.4730000e+02  -3.9973077e+01  -1.9350513e+00
   1.4740000e+02   3.0269231e+00   4.0344949e+01
   1.4750000e+02   7.0026923e+01   4.9664949e+01
   1.4760000e+02   8.1026923e+01  -2.1775051e+01
   1.4770000e+02   8.7026923e+01  -1.3015051e+01
   1.4780000e+02   4.1026923e+01  -3.4175051e+01
   1.4790000e+02  -3.7973077e+01   5.6984949e+01
   1.4800000e+02   8.0269231e+00   1.4494872e-01
   1.4810000e+02  -7.2973077e+01  -4.7615051e+01
   1.4820000e+02   2.4026923e+01   9.5049487e+00
   1.4830000e+02  -2.7973077e+01   2.4584949e+01
   1.4840000e+02   7.0269231e+00   1.0184949e+01
   1.4850000e+02  -1.7973077e+01  -3.8815051e+01
   1.4860000e+02  -2.9973077e+01   1.0166495e+02
   1.4870000e+02   1.3026923e+01  -7.7055051e+01
   1.4880000e+02   1.9026923e+01  -4.8295051e+01
   1.4890000e+02  -9.0973077e+01   5.2104949e+01
   1.4900000e+02   3.9026923e+01  -7.7095051e+01
   1.4910000e+02   1.2026923e+01   5.3984949e+01
   1.4920000e+02  -5.9730769e+00   2.9704949e+01
   1.4930000e+02   9.0026923e+01   1.8864949e+01
   1.4940000e+02  -1.4097308e+02   4.3104949e+01
   1.4950000e+02   4.6026923e+01  -3.7505128e-01
   1.4960000e+02  -3.5973077e+01  -2.3095051e+01
   1.4970000e+02   1.2026923e+01  -5.7015051e+01
   1.4980000e+02   1.0402692e+02  -5.7695051e+01
   1.4990000e+02  -7.6973077e+01  -1.1455051e+01
   1.5000000e+02   9.0026923e+01  -7.5135051e+01
   1.5010000e+02  -6.0973077e+01  -1.6095051e+01
   1.5020000e+02   5.0269231e+00   1.7264949e+01
   1.5030000e+02   3.0026923e+01   1.2264949e+01
   1.5040000e+02  -3.4973077e+01  -6.1135051e+01
   1.5050000e+02   1.0202692e+02  -4.3615051e+01
   1.5060000e+02   4.5026923e+01   8.2664949e+01
   1.5070000e+02  -4.0973077e+01   1.0494872e-01
   1.5080000e+02   1.0026923e+01   5.0064949e+01
   1.5090000e+02   3.5026923e+01  -3.0935051e+01
   1.5100000e+02  -8.6973077e+01  -7.4055051e+01
   1.5110000e+02   4.3026923e+01   2.4744949e+01
   1.5120000e+02  -8.9730769e+00   5.8249487e+00
   1.5130000e+02   2.7026923e+01  -6.6615051e+01
   1.5140000e+02  -3.4973077e+01  -1.9135051e+01
   1.5150000e+02  -7.9973077e+01  -6.3350513e+00
   1.5160000e+02  -4.1973077e+01  -6.4855051e+01
   1.5170000e+02  -5.5973077e+01   5.2704949e+01
   1.5180000e+02   2.2026923e+01   2.6584949e+01
   1.5190000e+02  -7.1973077e+01  -2.7655051e+01
   1.5200000e+02  -5.5973077e+01  -5.8295051e+01
   1.5210000e+02  -5.8973077e+01  -3.3175051e+01
   1.5220000e+02   1.5026923e+01   9.9864949e+01
   1.5230000e+02  -7.7973077e+01   4.1584949e+01
   1.5240000e+02   1.6302692e+02  -4.7055051e+01
   1.5250000e+02  -5.1973077e+01   7.2544949e+01
   1.5260000e+02  -7.1973077e+01   2.9344949e+01
   1.5270000e+02  -1.1973077e+01  -6.8055051e+01
   1.5280000e+02   3.5026923e+01   3.4064949e+01
   1.5290000e+02  -1.1973077e+01  -2.5055051e+01
   1.5300000e+02  -1.6297308e+02   4.0984949e+01
   1.5310000e+02  -9.6973077e+01  -1.2655051e+01
   1.5320000e+02  -2.2973077e+01   7.1384949e+01
   1.5330000e+02   1.3026923e+01   9.2944949e+01
   1.5340000e+02  -4.9730769e+00   8.1664949e+01
   1.5350000e+02  -1.0897308e+02   2.2824949e+01
   1.5360000e+02  -7.9973077e+01   1.6649487e+00
   1.5370000e+02  -4.9730769e+00  -4.3335051e+01
   1.5380000e+02  -1.2897308e+02  -5.0375051e+01
   1.5390000e+02  -8.3973077e+01  -2.1175051e+01
   1.5400000e+02  -1.2097308e+02  -8.6950513e+00
   1.5410000e+02   6.0026923e+01  -6.3935051e+01
   1.5420000e+02   4.9026923e+01   3.2504949e+01
   1.5430000e+02   1.6026923e+01  -2.3175051e+01
   1.5440000e+02   1.5202692e+02   5.8384949e+01
   1.5450000e+02  -1.4597308e+02   3.0494872e-01
   1.5460000e+02   2.6026923e+01  -2.9575051e+01
   1.5470000e+02  -8.2973077e+01   2.7849487e+00
   1.5480000e+02   8.1026923e+01  -5.9775051e+01
   1.5490000e+02  -7.3973077e+01   2.0424949e+01
   1.5500000e+02   3.0269231e+00  -3.6655051e+01
   1.5510000e+02  -1.3097308e+02  -1.3295051e+01
   1.5520000e+02   6.4026923e+01  -5.3095051e+01
   1.5530000e+02   2.3026923e+01  -6.9455051e+01
   1.5540000e+02   4.9026923e+01  -3.4495051e+01
   1.5550000e+02  -4.2973077e+01  -5.8150513e+00
   1.5560000e+02   8.0269231e+00  -5.8550513e+00
   1.5570000e+02   3.9026923e+01  -1.1095051e+01
   1.5580000e+02   9.3026923e+01  -2.9255051e+01
   1.5590000e+02  -1.0997308e+02   2.4864949e+01
   1.5600000e+02  -1.3097308e+02  -2.6295051e+01
   1.5610000e+02  -4.3973077e+01   2.7224949e+01
   1.5620000e+02  -4.7973077e+01  -1.6615051e+01
   1.5630000e+02   1.1026923e+01   8.3024949e+01
   1.5640000e+02   9.0269231e+00  -2.8950513e+00
   1.5650000e+02   1.9026923e+01   2.7704949e+01
   1.5660000e+02   1.4026923e+01  -2.9095051e+01
   1.5670000e+02   5.3026923e+01   4.3449487e+00
   1.5680000e+02   1.2102692e+02  -1.6375051e+01
   1.5690000e+02   1.5902692e+02  -7.8950513e+00
   1.5700000e+02  -8.4973077e+01   5.6864949e+01
   1.5710000e+02  -6.9973077e+01   2.7264949e+01
   1.5720000e+02  -7.2973077e+01  -2.8615051e+01
   1.5730000e+02   4.0269231e+00  -2.5695051e+01
   1.5740000e+02  -6.6973077e+01   4.4144949e+01
   1.5750000e+02  -1.3973077e+01   1.4024949e+01
   1.5760000e+02   4.7026923e+01   3.4584949e+01
   1.5770000e+02  -4.1973077e+01   2.6144949e+01
   1.5780000e+02  -9.7307692e-01  -2.9495051e+01
   1.5790000e+02   1.8026923e+01  -7.2550513e+00
   1.5800000e+02  -7.8973077e+01  -2.4375051e+01
   1.5810000e+02   7.0269231e+00  -1.9815051e+01
   1.5820000e+02  -5.1973077e+01   3.5449487e+00
   1.5830000e+02   6.7026923e+01  -3.2150513e+00
   1.5840000e+02   1.5802692e+02  -2.2855051e+01
   1.5850000e+02  -2.6973077e+01  -9.4550513e+00
   1.5860000e+02  -4.8973077e+01  -3.9575051e+01
   1.5870000e+02   4.2026923e+01  -2.1505128e-01
   1.5880000e+02  -7.9973077e+01  -6.7335051e+01
   1.5890000e+02  -2.5973077e+01   1.5049487e+00
   1.5900000e+02  -3.2973077e+01  -3.2150513e+00
   1.5910000e+02   9.2026923e+01   2.5784949e+01
   1.5920000e+02   5.7026923e+01   1.8184949e+01
   1.5930000e+02  -9.0973077e+01  -3.7895051e+01
   1.5940000e+02  -7.6973077e+01   9.8544949e+01
   1.5950000e+02  -5.8973077e+01  -2.4175051e+01
   1.5960000e+02  -1.4973077e+01  -4.9935051e+01
   1.5970000e+02   4.1026923e+01  -4.8175051e+01
   1.5980000e+02   5.5026923e+01   1.3264949e+01
   1.5990000e+02  -2.9730769e+00   5.9584949e+01
   1.6000000e+02   6.3026923e+01   2.6944949e+01
   1.6010000e+02  -2.3973077e+01  -6.2575051e+01
   1.6020000e+02   3.4026923e+01  -1.1895051e+01
   1.6030000e+02  -8.4973077e+01   8.6494872e-01
   1.6040000e+02   3.4026923e+01  -2.2895051e+01
   1.6050000e+02  -1.1597308e+02  -7.9895051e+01
   1.6060000e+02  -1.2397308e+02  -1.6575051e+01
   1.6070000e+02   9.6026923e+01   7.4624949e+01
   1.6080000e+02   1.1602692e+02  -6.8175051e+01
   1.6090000e+02  -9.4973077e+01   5.5264949e+01
   1.6100000e+02  -1.2973077e+01  -5.4015051e+01
   1.6110000e+02  -8.1973077e+01   1.5744949e+01
   1.6120000e+02   8.0269231e+00  -6.3855051e+01
   1.6130000e+02   1.9602692e+02  -2.5375051e+01
   1.6140000e+02  -1.1497308e+02   3.8064949e+01
   1.6150000e+02  -3.2973077e+01  -2.3215051e+01
   1.6160000e+02  -3.3973077e+01   3.6824949e+01
   1.6170000e+02  -4.6973077e+01   2.6344949e+01
   1.6180000e+02  -5.9973077e+01  -3.7135051e+01
   1.6190000e+02   5.5026923e+01   2.6494872e-01
   1.6200000e+02  -9.9730769e+00  -7.1135051e+01
   1.6210000e+02  -1.4797308e+02  -3.2615051e+01
   1.6220000e+02   2.2026923e+01  -7.7415051e+01
   1.6230000e+02   3.0026923e+01  -5.1735051e+01
   1.6240000e+02  -9.9973077e+01   4.3464949e+01
   1.6250000e+02  -3.9730769e+00   5.5624949e+01
   1.6260000e+02  -4.2973077e+01  -7.0815051e+01
   1.6270000e+02   1.0302692e+02  -8.9655051e+01
   1.6280000e+02   7.1026923e+01   3.7624949e+01
   1.6290000e+02  -5.9973077e+01  -4.8135051e+01
   1.6300000e+02  -4.1973077e+01   3.1144949e+01
   1.6310000e+02   2.7026923e+01  -4.6615051e+01
   1.6320000e+02   4.3026923e+01   1.2744949e+01
   1.6330000e+02   6.6026923e+01  -5.6175051e+01
   1.6340000e+02  -3.2973077e+01   2.4784949e+01
   1.6350000e+02  -1.2397308e+02  -5.5575051e+01
   1.6360000e+02  -3.3973077e+01  -4.8175051e+01
   1.6370000e+02  -8.9973077e+01   4.4064949e+01
   1.6380000e+02  -6.2973077e+01  -2.7015051e+01
   1.6390000e+02  -7.8973077e+01   8.4624949e+01
   1.6400000e+02  -1.7973077e+01   4.8184949e+01
   1.6410000e+02   7.5026923e+01   4.6464949e+01
   1.6420000e+02  -5.1973077e+01   5.1544949e+01
   1.6430000e+02  -5.4973077e+01   2.2664949e+01
   1.6440000e+02   5.7026923e+01  -4.5815051e+01
   1.6450000e+02  -3.1973077e+01   7.7449487e+00
   1.6460000e+02   1.1026923e+01   9.0249487e+00
   1.6470000e+02  -3.3973077e+01  -7.7175051e+01
   1.6480000e+02  -6.4973077e+01   1.7064949e+01
   1.6490000e+02  -4.9973077e+01   1.9464949e+01
   1.6500000e+02  -1.9730769e+00  -5.7455051e+01
   1.6510000e+02  -3.8973077e+01  -3.7975051e+01
   1.6520000e+02  -2.2973077e+01   2.3849487e+00
   1.6530000e+02  -1.0597308e+02   3.5704949e+01
   1.6540000e+02  -9.0973077e+01   4.7104949e+01
   1.6550000e+02   1.4026923e+01  -9.4095051e+01
   1.6560000e+02   3.8026923e+01   7.4944949e+01
   1.6570000e+02  -1.3497308e+02  -3.8135051e+01
   1.6580000e+02   6.7026923e+01   1.2784949e+01
   1.6590000e+02   5.2026923e+01   7.3849487e+00
   1.6600000e+02   1.0026923e+01   3.7064949e+01
   1.6610000e+02  -1.2897308e+02   2.9624949e+01
   1.6620000e+02   5.9026923e+01  -5.2895051e+01
   1.6630000e+02   5.2026923e+01  -5.0615051e+01
   1.6640000e+02  -6.7973077e+01   7.1849487e+00
   1.6650000e+02   1.4102692e+02  -3.2175051e+01
   1.6660000e+02  -2.9730769e+00   5.8494872e-01
   1.6670000e+02  -6.8973077e+01  -7.9775051e+01
   1.6680000e+02   9.7026923e+01   5.7584949e+01
   1.6690000e+02   1.0502692e+02   5.2649487e+00
   1.6700000e+02  -3.2973077e+01  -4.3215051e+01
   1.6710000e+02  -1.1897308e+02   4.9224949e+01
   1.6720000e+02   2.6026923e+01   1.1642495e+02
   1.6730000e+02  -4.0973077e+01  -7.3895051e+01
   1.6740000e+02  -1.9973077e+01  -4.0735051e+01
   1.6750000e+02   8.6026923e+01   5.2024949e+01
   1.6760000e+02   3.3026923e+01   6.1144949e+01
   1.6770000e+02  -1.6397308e+02  -3.3975051e+01
   1.6780000e+02  -8.7973077e+01   4.9849487e+00
   1.6790000e+02   2.3702692e+02  -8.0015051e+01
   1.6800000e+02   1.1602692e+02  -7.2175051e+01
   1.6810000e+02  -1.3973077e+01  -4.2975051e+01
   1.6820000e+02   7.6026923e+01   3.0424949e+01
   1.6830000e+02  -6.2973077e+01  -3.3015051e+01
   1.6840000e+02   4.9026923e+01   2.7504949e+01
   1.6850000e+02   4.8026923e+01   4.5449487e+00
   1.6860000e+02  -5.4973077e+01   6.7664949e+01
   1.6870000e+02   1.1802692e+02   9.7449487e+00
   1.6880000e+02  -1.0797308e+02   5.6784949e+01
   1.6890000e+02   4.1026923e+01   6.4824949e+01
   1.6900000e+02  -1.4697308e+02  -3.0655051e+01
   1.6910000e+02   4.0026923e+01  -1.9135051e+01
   1.6920000e+02   8.0269231e+00  -3.8550513e+00
   1.6930000e+02  -6.9973077e+01  -4.7350513e+00
   1.6940000e+02   7.2026923e+01   2.3584949e+01
   1.6950000e+02  -5.2973077e+01  -1.5415051e+01
   1.6960000e+02  -4.9973077e+01  -3.1535051e+01
   1.6970000e+02  -5.4973077e+01  -3.1335051e+01
   1.6980000e+02   1.1026923e+01  -2.2975051e+01
   1.6990000e+02  -1.2297308e+02   1.1384949e+01
   1.7000000e+02   3.6026923e+01   3.0249487e+00
   1.7010000e+02   9.5026923e+01   7.5664949e+01
   1.7020000e+02  -2.3973077e+01  -3.8575051e+01
   1.7030000e+02  -3.8973077e+01  -2.2975051e+01
   1.7040000e+02   8.8026923e+01   3.9449487e+00
   1.7050000e+02  -6.7973077e+01   1.8184949e+01
   1.7060000e+02   8.0269231e+00   8.2144949e+01
   1.7070000e+02  -1.2997308e+02   9.1664949e+01
   1.7080000e+02  -5.9973077e+01   4.0864949e+01
   1.7090000e+02   5.5026923e+01  -1.9735051e+01
   1.7100000e+02  -6.4973077e+01  -4.7935051e+01
   1.7110000e+02  -1.6973077e+01  -2.8855051e+01
   1.7120000e+02  -9.9973077e+01  -2.5535051e+01
   1.7130000e+02   5.5026923e+01   4.6264949e+01
   1.7140000e+02   9.0026923e+01   8.6494872e-01
   1.7150000e+02  -5.6973077e+01   8.7449487e+00
   1.7160000e+02   3.0269231e+00  -2.0655051e+01
   1.7170000e+02  -7.9973077e+01   4.6649487e+00
   1.7180000e+02   8.5026923e+01  -8.9350513e+00
   1.7190000e+02   9.6026923e+01   4.6624949e+01
   1.7200000e+02   8.0026923e+01   1.9264949e+01
   1.7210000e+02   9.0269231e+00   4.1049487e+00
   1.7220000e+02   4.9026923e+01   1.4504949e+01
   1.7230000e+02   4.4026923e+01  -4.5295051e+01
   1.7240000e+02   4.7026923e+01  -1.2415051e+01
   1.7250000e+02   1.4502692e+02  -4.3350513e+00
   1.7260000e+02  -6.7973077e+01  -2.0815051e+01
   1.7270000e+02  -5.9973077e+01  -1.6135051e+01
   1.7280000e+02  -9.9730769e+00  -8.1350513e+00
   1.7290000e+02  -9.3973077e+01   2.7224949e+01
   1.7300000e+02  -1.0697308e+02  -1.4255051e+01
   1.7310000e+02   1.4026923e+01  -2.2095051e+01
   1.7320000e+02   7.0026923e+01  -6.0335051e+01
   1.7330000e+02  -1.1097308e+02  -3.5095051e+01
   1.7340000e+02  -3.5973077e+01  -8.6095051e+01
   1.7350000e+02   4.9026923e+01  -4.4950513e+00
   1.7360000e+02   3.9026923e+01  -3.8095051e+01
   1.7370000e+02  -1.2497308e+02  -3.2535051e+01
   1.7380000e+02  -1.0697308e+02   1.5744949e+01
   1.7390000e+02   1.6802692e+02   2.5744949e+01
   1.7400000e+02   1.3002692e+02  -5.5735051e+01
   1.7410000e+02  -5.3973077e+01   3.6249487e+00
   1.7420000e+02   2.3026923e+01  -7.6455051e+01
   1.7430000e+02  -3.9730769e+00  -2.4375051e+01
   1.7440000e+02   4.6026923e+01   5.2624949e+01
   1.7450000e+02   3.2026923e+01   8.1849487e+00
   1.7460000e+02  -3.0973077e+01  -5.4295051e+01
   1.7470000e+02  -5.1973077e+01   2.0544949e+01
   1.7480000e+02  -2.5973077e+01  -5.5495051e+01
   1.7490000e+02   4.0269231e+00  -4.4695051e+01
   1.7500000e+02  -1.1697308e+02  -1.8550513e+00
   1.7510000e+02   2.1026923e+01   6.3624949e+01
   1.7520000e+02   5.9026923e+01  -3.8895051e+01
   1.7530000e+02  -2.6973077e+01   2.2544949e+01
   1.7540000e+02   7.7026923e+01   1.4384949e+01
   1.7550000e+02   1.0269231e+00   1.8424949e+01
   1.7560000e+02   1.7202692e+02  -4.1505128e-01
   1.7570000e+02   1.4702692e+02  -4.1505128e-01
   1.7580000e+02   3.8026923e+01  -2.3055051e+01
   1.7590000e+02  -1.9730769e+00   1.4544949e+01
   1.7600000e+02  -1.0497308e+02  -2.5335051e+01
   1.7610000e+02   6.0026923e+01   3.6064949e+01
   1.7620000e+02  -3.1973077e+01  -6.9255051e+01
   1.7630000e+02  -6.2973077e+01   2.7984949e+01
   1.7640000e+02   1.9026923e+01  -3.4295051e+01
   1.7650000e+02   1.9026923e+01  -8.2950513e+00
   1.7660000e+02   1.0502692e+02  -4.6735051e+01
   1.7670000e+02  -9.2973077e+01  -2.1815051e+01
   1.7680000e+02   1.0202692e+02  -7.0615051e+01
   1.7690000e+02  -7.9730769e+00  -7.8215051e+01
   1.7700000e+02  -1.4973077e+01  -6.1935051e+01
   1.7710000e+02  -1.1697308e+02   2.9144949e+01
   1.7720000e+02   1.3702692e+02  -4.8015051e+01
   1.7730000e+02  -1.2897308e+02   2.5624949e+01
   1.7740000e+02  -4.1973077e+01  -3.4855051e+01
   1.7750000e+02  -5.6973077e+01   8.7449487e+00
   1.7760000e+02  -1.3297308e+02  -4.2150513e+00
   1.7770000e+02   3.3026923e+01  -5.9855051e+01
   1.7780000e+02  -5.9973077e+01  -5.7135051e+01
   1.7790000e+02  -9.2973077e+01  -4.2815051e+01
   1.7800000e+02   1.3026923e+01  -2.5055051e+01
   1.7810000e+02  -5.1973077e+01  -5.5455051e+01
   1.7820000e+02  -5.7973077e+01   1.8784949e+01
   1.7830000e+02  -7.3973077e+01   4.4424949e+01
   1.7840000e+02  -8.8973077e+01   6.1024949e+01
   1.7850000e+02  -6.9973077e+01  -8.1735051e+01
   1.7860000e+02  -6.8973077e+01   7.2249487e+00
   1.7870000e+02  -6.9973077e+01   7.8264949e+01
   1.7880000e+02   2.2026923e+01  -6.2415051e+01
   1.7890000e+02   6.0026923e+01  -5.0935051e+01
   1.7900000e+02  -1.6597308e+02   8.9104949e+01
   1.7910000e+02  -5.9973077e+01   2.2864949e+01
   1.7920000e+02  -1.5197308e+02  -7.7455051e+01
   1.7930000e+02   3.3026923e+01   7.0144949e+01
   1.7940000e+02  -1.4973077e+01  -1.9935051e+01
   1.7950000e+02  -1.2397308e+02   8.8424949e+01
   1.7960000e+02  -2.1973077e+01  -1.6655051e+01
   1.7970000e+02  -3.6973077e+01  -8.0550513e+00
   1.7980000e+02  -1.0197308e+02  -1.1455051e+01
   1.7990000e+02  -4.9973077e+01   7.4649487e+00
   1.8000000e+02   1.0602692e+02  -2.8775051e+01
   1.8010000e+02  -6.1973077e+01   2.6944949e+01
   1.8020000e+02   1.5026923e+01  -5.0135051e+01
   1.8030000e+02   1.1026923e+01   4.1024949e+01
   1.8040000e+02   9.1026923e+01   5.1824949e+01
   1.8050000e+02  -6.1973077e+01   2.6944949e+01
   1.8060000e+02   1.7902692e+02   8.4304949e+01
   1.8070000e+02  -9.1973077e+01   4.1449487e+00
   1.8080000e+02  -5.0973077e+01   1.0504949e+01
   1.8090000e+02  -8.5973077e+01  -5.6095051e+01
   1.8100000e+02   5.1026923e+01   1.2424949e+01
   1.8110000e+02  -6.8973077e+01   1.8224949e+01
   1.8120000e+02  -2.6973077e+01  -8.7455051e+01
   1.8130000e+02   2.1026923e+01   1.0624949e+01
   1.8140000e+02   3.4026923e+01  -5.3895051e+01
   1.8150000e+02   4.1026923e+01  -2.1175051e+01
   1.8160000e+02   1.3102692e+02  -1.7775051e+01
   1.8170000e+02   9.1026923e+01   6.4824949e+01
   1.8180000e+02  -1.0973077e+01   1.1904949e+01
   1.8190000e+02  -1.7973077e+01  -4.0815051e+01
   1.8200000e+02   5.0269231e+00   1.0726495e+02
   1.8210000e+02  -2.7973077e+01  -1.5415051e+01
   1.8220000e+02  -5.9730769e+00   2.3704949e+01
   1.8230000e+02  -7.1973077e+01   2.4344949e+01
   1.8240000e+02   1.3502692e+02  -4.3935051e+01
   1.8250000e+02  -5.8973077e+01   1.3824949e+01
   1.8260000e+02   6.5026923e+01  -5.3135051e+01
   1.8270000e+02   5.0269231e+00   7.4264949e+01
   1.8280000e+02   7.0269231e+00  -1.6815051e+01
   1.8290000e+02   6.1026923e+01   1.0249487e+00
   1.8300000e+02   8.7026923e+01  -4.2015051e+01
   1.8310000e+02   7.1026923e+01  -5.7375051e+01
   1.8320000e+02  -2.0973077e+01   3.8304949e+01
   1.8330000e+02   1.0902692e+02   1.0494872e-01
   1.8340000e+02   5.0026923e+01   1.7464949e+01
   1.8350000e+02  -9.1973077e+01   1.5144949e+01
   1.8360000e+02   6.0269231e+00  -4.4775051e+01
   1.8370000e+02  -8.1973077e+01  -2.3255051e+01
   1.8380000e+02  -1.0973077e+01  -7.0950513e+00
   1.8390000e+02  -1.1597308e+02  -2.6895051e+01
   1.8400000e+02   1.0026923e+01   5.4064949e+01
   1.8410000e+02   1.2402692e+02   1.2450495e+02
   1.8420000e+02   1.5102692e+02   4.6424949e+01
   1.8430000e+02  -1.9973077e+01  -7.4735051e+01
   1.8440000e+02  -5.2973077e+01  -1.9415051e+01
   1.8450000e+02  -9.9973077e+01  -1.6535051e+01
   1.8460000e+02  -1.2973077e+01  -7.4015051e+01
   1.8470000e+02  -8.7973077e+01  -6.2015051e+01
   1.8480000e+02  -2.2973077e+01   2.7384949e+01
   1.8490000e+02   1.0802692e+02  -9.8550513e+00
   1.8500000e+02   5.1026923e+01  -3.6575051e+01
   1.8510000e+02   3.5026923e+01  -3.8935051e+01
   1.8520000e+02  -6.7973077e+01   8.8184949e+01
   1.8530000e+02  -1.3397308e+02   6.7824949e+01
   1.8540000e+02  -4.6973077e+01   5.2344949e+01
   1.8550000e+02   9.0269231e+00   5.1049487e+00
   1.8560000e+02   3.3026923e+01  -3.8550513e+00
   1.8570000e+02  -2.5973077e+01  -1.7495051e+01
   1.8580000e+02  -2.3973077e+01   3.4249487e+00
   1.8590000e+02  -6.8973077e+01  -2.0775051e+01
   1.8600000e+02  -1.7973077e+01   1.5184949e+01
   1.8610000e+02  -1.1973077e+01  -3.7055051e+01
   1.8620000e+02   1.5026923e+01  -4.9135051e+01
   1.8630000e+02  -7.2973077e+01   1.1384949e+01
   1.8640000e+02  -2.0973077e+01   5.1304949e+01
   1.8650000e+02  -9.9730769e+00  -5.1350513e+00
   1.8660000e+02  -3.9973077e+01  -1.5935051e+01
   1.8670000e+02  -9.0973077e+01   8.0104949e+01
   1.8680000e+02   1.8026923e+01  -2.8255051e+01
   1.8690000e+02  -1.8973077e+01   3.4224949e+01
   1.8700000e+02  -2.7973077e+01   2.8584949e+01
   1.8710000e+02  -4.6973077e+01   1.6344949e+01
   1.8720000e+02   7.7026923e+01  -2.4615051e+01
   1.8730000e+02   2.0026923e+01   5.6649487e+00
   1.8740000e+02  -6.2973077e+01   3.5984949e+01
   1.8750000e+02  -4.3973077e+01   4.7224949e+01
   1.8760000e+02  -2.1973077e+01  -5.1655051e+01
   1.8770000e+02   6.3026923e+01  -1.5055051e+01
   1.8780000e+02  -4.4973077e+01  -6.3735051e+01
   1.8790000e+02  -2.4973077e+01   4.1464949e+01
   1.8800000e+02  -3.5973077e+01   4.5904949e+01
   1.8810000e+02  -6.8973077e+01  -6.0775051e+01
   1.8820000e+02  -8.6973077e+01  -4.1055051e+01
   1.8830000e+02   5.5026923e+01  -3.7735051e+01
   1.8840000e+02   2.6026923e+01   4.2494872e-01
   1.8850000e+02   5.4026923e+01   8.3049487e+00
   1.8860000e+02  -1.7397308e+02   3.3424949e+01
   1.8870000e+02  -4.3973077e+01   1.2622495e+02
   1.8880000e+02   1.0902692e+02  -2.1895051e+01
   1.8890000e+02  -1.8973077e+01  -1.0775051e+01
   1.8900000e+02  -9.1973077e+01   9.6144949e+01
   1.8910000e+02   5.5026923e+01   3.2264949e+01
   1.8920000e+02   2.1026923e+01  -6.5375051e+01
   1.8930000e+02  -5.9730769e+00   1.0704949e+01
   1.8940000e+02  -6.9730769e+00  -3.4255051e+01
   1.8950000e+02   7.7026923e+01  -7.2615051e+01
   1.8960000e+02   3.8026923e+01   8.0944949e+01
   1.8970000e+02  -1.4973077e+01  -5.9350513e+00
   1.8980000e+02   5.5026923e+01  -2.8735051e+01
   1.8990000e+02   4.5026923e+01   1.3664949e+01
   1.9000000e+02   1.4402692e+02   6.2704949e+01
   1.9010000e+02  -4.3973077e+01   1.3422495e+02
   1.9020000e+02   1.3402692e+02   2.4104949e+01
   1.9030000e+02  -3.8973077e+01  -2.0975051e+01
   1.9040000e+02  -5.6973077e+01  -7.8255051e+01
   1.9050000e+02   8.4026923e+01  -4.5895051e+01
   1.9060000e+02  -2.7973077e+01  -3.3415051e+01
   1.9070000e+02   7.1026923e+01   6.7624949e+01
   1.9080000e+02  -7.3973077e+01   1.1424949e+01
   1.9090000e+02   1.7026923e+01  -1.9215051e+01
   1.9100000e+02   3.0269231e+00  -1.5655051e+01
   1.9110000e+02  -9.4973077e+01   5.3264949e+01
   1.9120000e+02  -3.0973077e+01  -4.0295051e+01
   1.9130000e+02  -4.5973077e+01  -3.8695051e+01
   1.9140000e+02   5.0269231e+00   2.0264949e+01
   1.9150000e+02   5.4026923e+01   6.8304949e+01
   1.9160000e+02  -4.4973077e+01   1.4264949e+01
   1.9170000e+02  -4.1973077e+01  -5.6855051e+01
   1.9180000e+02  -6.4973077e+01  -6.1935051e+01
   1.9190000e+02   9.0269231e+00   1.6104949e+01
   1.9200000e+02   1.0902692e+02   1.6104949e+01
   1.9210000e+02  -1.6397308e+02  -4.4975051e+01
   1.9220000e+02  -4.1973077e+01  -4.5855051e+01
   1.9230000e+02   7.8026923e+01   3.2344949e+01
   1.9240000e+02   2.5026923e+01  -8.5350513e+00
   1.9250000e+02  -7.1973077e+01   3.0344949e+01
   1.9260000e+02  -1.3397308e+02   6.8249487e+00
   1.9270000e+02  -9.0973077e+01  -4.1895051e+01
   1.9280000e+02  -1.9973077e+01   3.2649487e+00
   1.9290000e+02  -8.9730769e+00  -4.9175051e+01
   1.9300000e+02  -4.6973077e+01  -1.5655051e+01
   1.9310000e+02  -3.3973077e+01   1.0824949e+01
   1.9320000e+02  -9.0973077e+01  -6.3895051e+01
   1.9330000e+02   1.3026923e+01  -1.0550513e+00
   1.9340000e+02  -6.9973077e+01  -5.2735051e+01
   1.9350000e+02  -5.2973077e+01  -6.0415051e+01
   1.9360000e+02  -1.9973077e+01  -9.8735051e+01
   1.9370000e+02   5.4026923e+01   9.5304949e+01
   1.9380000e+02  -7.3973077e+01  -6.4575051e+01
   1.9390000e+02  -5.9973077e+01  -7.0135051e+01
   1.9400000e+02  -4.4973077e+01  -2.7735051e+01
   1.9410000e+02  -5.8973077e+01  -4.0175051e+01
   1.9420000e+02  -3.9973077e+01  -1.3935051e+01
   1.9430000e+02  -5.7973077e+01  -5.7215051e+01
   1.9440000e+02   4.5026923e+01   2.9664949e+01
   1.9450000e+02   2.4026923e+01   2.3504949e+01
   1.9460000e+02  -1.0197308e+02  -5.5455051e+01
   1.9470000e+02   1.4026923e+01   2.6904949e+01
   1.9480000e+02  -1.9973077e+01   8.3264949e+01
   1.9490000e+02   4.0026923e+01  -3.1350513e+00
   1.9500000e+02  -1.2973077e+01  -8.0150513e+00
   1.9510000e+02  -3.9730769e+00   3.1624949e+01
   1.9520000e+02   4.0269231e+00  -1.6950513e+00
   1.9530000e+02  -1.1697308e+02  -1.6855051e+01
   1.9540000e+02  -6.1973077e+01   6.9449487e+00
   1.9550000e+02  -3.1973077e+01   2.0744949e+01
   1.9560000e+02   2.9026923e+01  -5.3695051e+01
   1.9570000e+02   2.8026923e+01  -6.6550513e+00
   1.9580000e+02   1.0302692e+02  -3.5655051e+01
   1.9590000e+02   3.1026923e+01  -4.4775051e+01
   1.9600000e+02   1.1102692e+02   7.3024949e+01
   1.9610000e+02   7.1026923e+01  -1.8375051e+01
   1.9620000e+02   8.9026923e+01  -8.0950513e+00
   1.9630000e+02   6.5026923e+01   1.7864949e+01
   1.9640000e+02  -9.7973077e+01   2.1384949e+01
   1.9650000e+02  -9.5973077e+01   1.3049487e+00
   1.9660000e+02  -3.0973077e+01   2.6704949e+01
   1.9670000e+02  -4.6973077e+01   4.3344949e+01
   1.9680000e+02  -7.0973077e+01  -3.6950513e+00
   1.9690000e+02  -1.5973077e+01   4.6104949e+01
   1.9700000e+02  -3.0973077e+01  -1.7295051e+01
   1.9710000e+02  -4.0973077e+01  -1.6895051e+01
   1.9720000e+02   1.0026923e+01  -1.4935051e+01
   1.9730000e+02  -1.1973077e+01  -5.0550513e+00
   1.9740000e+02  -1.8973077e+01  -6.7750513e+00
   1.9750000e+02   1.0202692e+02   3.0384949e+01
   1.9760000e+02   5.0269231e+00   6.8264949e+01
   1.9770000e+02  -2.3973077e+01   8.4249487e+00
   1.9780000e+02  -1.0897308e+02  -7.1750513e+00
   1.9790000e+02  -7.1973077e+01   4.6344949e+01
   1.9800000e+02  -1.3973077e+01  -5.6975051e+01
   1.9810000e+02  -9.1973077e+01  -5.7855051e+01
   1.9820000e+02  -2.3973077e+01  -1.1657505e+02
   1.9830000e+02   7.4026923e+01  -6.3495051e+01
   1.9840000e+02   9.7026923e+01  -1.4150513e+00
   1.9850000e+02   6.1026923e+01  -5.6975051e+01
   1.9860000e+02  -5.2973077e+01   1.7584949e+01
   1.9870000e+02  -6.4973077e+01  -5.0935051e+01
   1.9880000e+02  -3.3973077e+01   3.6824949e+01
   1.9890000e+02  -7.9973077e+01  -1.9335051e+01
   1.9900000e+02  -4.4973077e+01  -1.7735051e+01
   1.9910000e+02   2.3026923e+01   5.4544949e+01
   1.9920000e+02   4.5026923e+01  -5.6335051e+01
   1.9930000e+02  -9.7973077e+01   4.8384949e+01
   1.9940000e+02  -6.0973077e+01  -4.0950513e+00
   1.9950000e+02  -5.4973077e+01  -4.4335051e+01
   1.9960000e+02  -2.3973077e+01  -2.2575051e+01
   1.9970000e+02  -3.2973077e+01  -7.5215051e+01
   1.9980000e+02   6.7026923e+01  -9.2215051e+01
   1.9990000e+02   6.1026923e+01   3.0024949e+01
