   0.0000000e+00   7.9640862e+00   1.9895518e+02
   1.0000000e-01   2.8796409e+02   2.3575518e+02
   2.0000000e-01   1.4396409e+02   1.9751518e+02
   3.0000000e-01   2.8896409e+02   2.8071518e+02
   4.0000000e-01   1.2296409e+02   3.7335518e+02
   5.0000000e-01   1.7796409e+02   3.4815518e+02
   6.0000000e-01   9.9964086e+01   2.3327518e+02
   7.0000000e-01   2.7096409e+02   1.3343518e+02
   8.0000000e-01   8.7964086e+01   2.5875518e+02
   9.0000000e-01   3.9496409e+02   2.3247518e+02
   1.0000000e+00   3.1496409e+02   3.5367518e+02
   1.1000000e+00   1.6696409e+02   2.8659518e+02
   1.2000000e+00   2.5996409e+02   3.9587518e+02
   1.3000000e+00   1.1964086e+01   3.4179518e+02
   1.4000000e+00   1.9996409e+02   2.8827518e+02
   1.5000000e+00   5.8964086e+01   3.7991518e+02
   1.6000000e+00   1.7296409e+02   3.9435518e+02
   1.7000000e+00   2.6296409e+02   3.5375518e+02
   1.8000000e+00   1.9596409e+02   3.1443518e+02
   1.9000000e+00   1.7396409e+02   3.5331518e+02
   2.0000000e+00   2.5996409e+02   4.1487518e+02
   2.1000000e+00   1.2896409e+02   3.6611518e+02
   2.2000000e+00   4.2796409e+02   4.7815518e+02
   2.3000000e+00   2.2396409e+02   2.8231518e+02
   2.4000000e+00   2.4096409e+02   2.6563518e+02
   2.5000000e+00   7.2964086e+01   2.6035518e+02
   2.6000000e+00   1.8496409e+02   3.4387518e+02
   2.7000000e+00   9.0964086e+01   3.7363518e+02
   2.8000000e+00   2.4796409e+02   2.8135518e+02
   2.9000000e+00   2.1496409e+02   2.1867518e+02
   3.0000000e+00   2.1896409e+02   4.4051518e+02
   3.1000000e+00   1.4596409e+02   3.0343518e+02
   3.2000000e+00   1.6796409e+02   5.8155518e+02
   3.3000000e+00   2.8096409e+02   1.8903518e+02
   3.4000000e+00   1.4396409e+02   3.5751518e+02
   3.5000000e+00   3.2796409e+02   3.4015518e+02
   3.6000000e+00   1.6596409e+02   1.4363518e+02
   3.7000000e+00   1.0296409e+02   2.5815518e+02
   3.8000000e+00   9.2964086e+01   3.7855518e+02
   3.9000000e+00   1.4696409e+02   5.4639518e+02
   4.0000000e+00   1.3696409e+02   2.8579518e+02
   4.1000000e+00   9.6964086e+01   2.1539518e+02
   4.2000000e+00   1.0964086e+01   3.2083518e+02
   4.3000000e+00   1.4896409e+02   3.0531518e+02
   4.4000000e+00  -3.0035914e+01   3.0947518e+02
   4.5000000e+00   1.8196409e+02   3.4199518e+02
   4.6000000e+00   1.5696409e+02   4.9599518e+02
   4.7000000e+00   8.7964086e+01   1.9775518e+02
   4.8000000e+00   2.4896409e+02   2.8631518e+02
   4.9000000e+00   1.1964086e+01   2.5779518e+02
   5.0000000e+00   1.9596409e+02   2.6743518e+02
   5.1000000e+00   1.7496409e+02   2.8627518e+02
   5.2000000e+00   2.4796409e+02   3.0235518e+02
   5.3000000e+00   2.4196409e+02   3.2859518e+02
   5.4000000e+00   1.2296409e+02   2.7035518e+02
   5.5000000e+00   2.4296409e+02   1.7255518e+02
   5.6000000e+00   5.5964086e+01   4.1103518e+02
   5.7000000e+00   2.6896409e+02   4.9551518e+02
   5.8000000e+00   3.7964086e+01   4.1375518e+02
   5.9000000e+00   2.0896409e+02   2.9591518e+02
   6.0000000e+00   2.8496409e+02   3.5687518e+02
   6.1000000e+00   3.8964086e+01   2.9071518e+02
   6.2000000e+00   1.7096409e+02   3.7643518e+02
   6.3000000e+00   2.2096409e+02   5.6043518e+02
   6.4000000e+00   2.3596409e+02   2.5483518e+02
   6.5000000e+00   1.9896409e+02   3.6631518e+02
   6.6000000e+00   1.5896409e+02   2.7191518e+02
   6.7000000e+00   4.5964086e+01   6.3143518e+02
   6.8000000e+00   2.0496409e+02   2.6807518e+02
   6.9000000e+00   9.0964086e+01   1.8963518e+02
   7.0000000e+00   3.5964086e+01   4.8483518e+02
   7.1000000e+00   4.8964086e+01   2.3831518e+02
   7.2000000e+00   1.4696409e+02   3.0439518e+02
   7.3000000e+00   2.9296409e+02   1.1355518e+02
   7.4000000e+00   2.9096409e+02   2.3563518e+02
   7.5000000e+00   1.8796409e+02   3.9275518e+02
   7.6000000e+00   2.1796409e+02   4.4855518e+02
   7.7000000e+00   7.1964086e+01   4.0239518e+02
   7.8000000e+00   5.5964086e+01   4.2103518e+02
   7.9000000e+00   2.1396409e+02   2.7271518e+02
   8.0000000e+00   1.4996409e+02   2.0927518e+02
   8.1000000e+00   2.0496409e+02   2.8707518e+02
   8.2000000e+00   3.5596409e+02   4.3603518e+02
   8.3000000e+00   2.5196409e+02   3.8919518e+02
   8.4000000e+00   2.9964086e+01   4.0907518e+02
   8.5000000e+00   3.0196409e+02   3.0419518e+02
   8.6000000e+00   1.1696409e+02   3.4959518e+02
   8.7000000e+00   2.3296409e+02   2.8595518e+02
   8.8000000e+00   2.3696409e+02   4.2779518e+02
   8.9000000e+00   2.9696409e+02   3.3239518e+02
   9.0000000e+00   1.0396409e+02   4.6211518e+02
   9.1000000e+00   1.0196409e+02   2.0919518e+02
   9.2000000e+00   1.3496409e+02   3.8087518e+02
   9.3000000e+00   1.8196409e+02   3.4799518e+02
   9.4000000e+00   2.6496409e+02   3.6667518e+02
   9.5000000e+00   1.2296409e+02   2.6935518e+02
   9.6000000e+00   2.2796409e+02   3.6115518e+02
   9.7000000e+00   2.1796409e+02   2.7155518e+02
   9.8000000e+00   2.5396409e+02   2.4611518e+02
   9.9000000e+00   3.4964086e+01   3.2587518e+02
   1.0000000e+01   7.3964086e+01   2.4931518e+02
   1.0100000e+01   1.8196409e+02   4.1699518e+02
   1.0200000e+01   1.0696409e+02   2.5799518e+02
   1.0300000e+01   8.8964086e+01   4.6171518e+02
   1.0400000e+01   8.9964086e+01   3.5167518e+02
   1.0500000e+01   2.5796409e+02   3.4095518e+02
   1.0600000e+01   1.2396409e+02   3.8531518e+02
   1.0700000e+01   2.3496409e+02   3.5087518e+02
   1.0800000e+01   3.3596409e+02   4.7835180e+01
   1.0900000e+01   3.9096409e+02  -2.8364820e+01
   1.1000000e+01   3.0296409e+02   2.9155180e+01
   1.1100000e+01   2.8396409e+02   4.3915180e+01
   1.1200000e+01   6.2696409e+02   3.7195180e+01
   1.1300000e+01   1.9496409e+02  -9.5248204e+00
   1.1400000e+01   4.2096409e+02  -3.5564820e+01
   1.1500000e+01   3.9296409e+02   7.5555180e+01
   1.1600000e+01   5.9996409e+02  -2.7248204e+00
   1.1700000e+01   1.7696409e+02  -1.3804820e+01
   1.1800000e+01   2.7996409e+02   2.6075180e+01
   1.1900000e+01   3.1696409e+02   5.4595180e+01
   1.2000000e+01   2.0696409e+02   7.8995180e+01
   1.2100000e+01   3.8696409e+02  -5.2048204e+00
   1.2200000e+01   6.3096409e+02   5.2035180e+01
   1.2300000e+01   7.2096409e+02  -3.0564820e+01
   1.2400000e+01   6.8196409e+02   6.3995180e+01
   1.2500000e+01   1.6996409e+02  -2.2524820e+01
   1.2600000e+01   5.7596409e+02   7.1235180e+01
   1.2700000e+01   3.5096409e+02   1.7235180e+01
   1.2800000e+01   5.0596409e+02  -2.2964820e+01
   1.2900000e+01   4.5496409e+02   1.2307518e+02
   1.3000000e+01   4.6896409e+02   1.5151796e+00
   1.3100000e+01   3.0896409e+02   1.0191518e+02
   1.3200000e+01   4.9396409e+02  -8.4848204e+00
   1.3300000e+01   3.4596409e+02   5.8435180e+01
   1.3400000e+01   3.4296409e+02   1.3555180e+01
   1.3500000e+01   2.2796409e+02   4.4155180e+01
   1.3600000e+01   2.7596409e+02   1.3235180e+01
   1.3700000e+01   1.1496409e+02   7.6675180e+01
   1.3800000e+01   3.2696409e+02   4.4195180e+01
   1.3900000e+01   1.4696409e+02   7.8395180e+01
   1.4000000e+01   2.8396409e+02   6.2915180e+01
   1.4100000e+01   3.7696409e+02  -5.8048204e+00
   1.4200000e+01   4.9596409e+02   2.1435180e+01
   1.4300000e+01   1.7796409e+02   1.0155180e+01
   1.4400000e+01   3.1396409e+02   3.7151796e+00
   1.4500000e+01   3.5496409e+02   2.5075180e+01
   1.4600000e+01   3.2396409e+02  -1.1684820e+01
   1.4700000e+01   2.3896409e+02   3.5715180e+01
   1.4800000e+01   4.5996409e+02  -3.8124820e+01
   1.4900000e+01   1.5796409e+02  -2.5044820e+01
   1.5000000e+01   3.6996409e+02  -4.9524820e+01
   1.5100000e+01   1.9296409e+02   9.4555180e+01
   1.5200000e+01   2.9896409e+02  -3.7684820e+01
   1.5300000e+01   2.8096409e+02   7.6035180e+01
   1.5400000e+01   3.4396409e+02  -2.8484820e+01
   1.5500000e+01   2.8396409e+02   3.4915180e+01
   1.5600000e+01   3.2396409e+02   9.3151796e+00
   1.5700000e+01   2.2996409e+02   2.9075180e+01
   1.5800000e+01   5.4396409e+02  -1.0484820e+01
   1.5900000e+01   6.9696409e+02   6.6395180e+01
   1.6000000e+01   4.9896409e+02   1.7315180e+01
   1.6100000e+01   2.4696409e+02   1.0395180e+01
   1.6200000e+01   4.2196409e+02   5.0395180e+01
   1.6300000e+01   3.2196409e+02  -2.7604820e+01
   1.6400000e+01   2.2896409e+02   7.9115180e+01
   1.6500000e+01   2.3196409e+02   4.3995180e+01
   1.6600000e+01   1.2596409e+02   2.9235180e+01
   1.6700000e+01   1.2796409e+02  -4.8448204e+00
   1.6800000e+01   1.1296409e+02   1.0755180e+01
   1.6900000e+01   1.2396409e+02  -2.7684820e+01
   1.7000000e+01   3.3296409e+02   7.5955180e+01
   1.7100000e+01   1.4896409e+02   1.5315180e+01
   1.7200000e+01   1.1196409e+02   5.4795180e+01
   1.7300000e+01   2.5964086e+01  -4.9764820e+01
   1.7400000e+01   2.8964086e+01   1.1151796e+00
   1.7500000e+01   4.2964086e+01   2.4555180e+01
   1.7600000e+01   6.7964086e+01   1.9555180e+01
   1.7700000e+01   8.3964086e+01   6.8915180e+01
   1.7800000e+01   1.5596409e+02   9.1035180e+01
   1.7900000e+01   8.3964086e+01  -4.4084820e+01
   1.8000000e+01   1.1796409e+02  -4.4444820e+01
   1.8100000e+01   9.9640862e+00  -2.7124820e+01
   1.8200000e+01   1.7496409e+02   2.0275180e+01
   1.8300000e+01   5.0964086e+01  -1.2764820e+01
   1.8400000e+01   7.5964086e+01  -6.8764820e+01
   1.8500000e+01   1.7396409e+02   1.3531518e+02
   1.8600000e+01   4.5964086e+01  -4.8564820e+01
   1.8700000e+01   1.5496409e+02  -1.9924820e+01
   1.8800000e+01   6.3964086e+01   1.4715180e+01
   1.8900000e+01   7.9964086e+01   6.1075180e+01
   1.9000000e+01   8.2964086e+01   5.9955180e+01
   1.9100000e+01   5.3964086e+01   9.3115180e+01
   1.9200000e+01   5.9964086e+01   1.2875180e+01
   1.9300000e+01   1.4096409e+02  -1.5364820e+01
   1.9400000e+01   1.6696409e+02   1.8595180e+01
   1.9500000e+01   4.9640862e+00   4.2075180e+01
   1.9600000e+01  -6.1035914e+01   8.4715180e+01
   1.9700000e+01   7.6964086e+01   7.2195180e+01
   1.9800000e+01   9.2964086e+01  -1.0444820e+01
   1.9900000e+01   4.9640862e+00   4.8075180e+01
   2.0000000e+01   8.9964086e+01   3.3675180e+01
   2.0100000e+01   2.7896409e+02  -9.8884820e+01
   2.0200000e+01   6.3964086e+01   1.3371518e+02
   2.0300000e+01   1.9640862e+00  -4.5804820e+01
   2.0400000e+01   1.6596409e+02  -3.2364820e+01
   2.0500000e+01   3.0196409e+02   2.3195180e+01
   2.0600000e+01   1.0096409e+02   5.4235180e+01
   2.0700000e+01   2.0996409e+02  -5.4124820e+01
   2.0800000e+01   1.1296409e+02   3.9755180e+01
   2.0900000e+01   3.3796409e+02   3.3755180e+01
   2.1000000e+01   2.3596409e+02   5.0835180e+01
   2.1100000e+01   2.4296409e+02  -1.0444820e+01
   2.1200000e+01   3.3296409e+02   1.8955180e+01
   2.1300000e+01   2.2796409e+02   3.4155180e+01
   2.1400000e+01   2.5096409e+02   5.1235180e+01
   2.1500000e+01   3.5196409e+02  -4.5804820e+01
   2.1600000e+01   2.3296409e+02  -2.0044820e+01
   2.1700000e+01   3.1096409e+02   6.5835180e+01
   2.1800000e+01   2.9396409e+02  -1.2484820e+01
   2.1900000e+01   1.3596409e+02   1.0835180e+01
   2.2000000e+01   2.4396409e+02   4.0515180e+01
   2.2100000e+01   3.4996409e+02   2.2327518e+02
   2.2200000e+01   3.7396409e+02   3.3151796e+00
   2.2300000e+01   2.2696409e+02   6.0195180e+01
   2.2400000e+01   2.3596409e+02   1.4835180e+01
   2.2500000e+01   2.3996409e+02   4.6751796e+00
   2.2600000e+01   2.0096409e+02   2.8235180e+01
   2.2700000e+01   1.3196409e+02   4.5995180e+01
   2.2800000e+01   3.4596409e+02   6.7435180e+01
   2.2900000e+01   3.1496409e+02   9.6751796e+00
   2.3000000e+01   2.4096409e+02   3.4635180e+01
   2.3100000e+01   2.7396409e+02   2.8315180e+01
   2.3200000e+01   2.5596409e+02   3.0351796e+00
   2.3300000e+01   2.0196409e+02   8.9195180e+01
   2.3400000e+01   2.5096409e+02  -4.0764820e+01
   2.3500000e+01   4.4596409e+02   5.9435180e+01
   2.3600000e+01   2.6196409e+02   7.1795180e+01
   2.3700000e+01   3.7196409e+02   5.6395180e+01
   2.3800000e+01   2.3496409e+02  -4.1248204e+00
   2.3900000e+01   1.5696409e+02   1.3995180e+01
   2.4000000e+01   9.6964086e+01   1.2339518e+02
   2.4100000e+01   5.0596409e+02   4.6035180e+01
   2.4200000e+01   3.3696409e+02  -8.5204820e+01
   2.4300000e+01   3.3096409e+02   1.3035180e+01
   2.4400000e+01   1.4196409e+02   1.1859518e+02
   2.4500000e+01   3.8796409e+02  -1.1244820e+01
   2.4600000e+01   2.8996409e+02   1.6751796e+00
   2.4700000e+01   1.6596409e+02   5.4635180e+01
   2.4800000e+01   2.2496409e+02   9.7275180e+01
   2.4900000e+01   2.0396409e+02   1.6115180e+01
   2.5000000e+01   1.5196409e+02   1.0519518e+02
   2.5100000e+01   4.5996409e+02  -4.6124820e+01
   2.5200000e+01   3.2796409e+02   1.5115518e+02
   2.5300000e+01   3.1796409e+02   2.8555180e+01
   2.5400000e+01   3.2996409e+02   1.8075180e+01
   2.5500000e+01   3.6396409e+02   3.4715180e+01
   2.5600000e+01   3.4596409e+02   4.2435180e+01
   2.5700000e+01   2.5796409e+02   7.3955180e+01
   2.5800000e+01   3.0096409e+02   8.0235180e+01
   2.5900000e+01   2.0696409e+02   1.6699518e+02
   2.6000000e+01   2.5696409e+02  -4.3004820e+01
   2.6100000e+01   3.4396409e+02  -5.4848204e+00
   2.6200000e+01   1.6096409e+02   3.6835180e+01
   2.6300000e+01   1.0396409e+02   5.1151796e+00
   2.6400000e+01   1.5196409e+02   3.7195180e+01
   2.6500000e+01   3.6996409e+02   4.4751796e+00
   2.6600000e+01   2.6196409e+02   2.5795180e+01
   2.6700000e+01   2.8996409e+02  -1.5324820e+01
   2.6800000e+01   3.0796409e+02  -1.6044820e+01
   2.6900000e+01   2.2196409e+02  -8.6048204e+00
   2.7000000e+01   2.3596409e+02   2.4835180e+01
   2.7100000e+01   3.1696409e+02   6.5951796e+00
   2.7200000e+01   3.5796409e+02  -4.4044820e+01
   2.7300000e+01   1.8196409e+02   1.0899518e+02
   2.7400000e+01   1.9396409e+02   1.5151796e+00
   2.7500000e+01   2.9096409e+02  -6.1364820e+01
   2.7600000e+01   1.0696409e+02   8.8995180e+01
   2.7700000e+01   2.4796409e+02   1.0135518e+02
   2.7800000e+01   2.0496409e+02   1.0107518e+02
   2.7900000e+01   1.9996409e+02   5.3275180e+01
   2.8000000e+01   3.0696409e+02   3.4995180e+01
   2.8100000e+01   3.1496409e+02   2.4675180e+01
   2.8200000e+01   3.8496409e+02   1.8875180e+01
   2.8300000e+01   3.6796409e+02   2.1555180e+01
   2.8400000e+01   3.7296409e+02  -5.0644820e+01
   2.8500000e+01   2.2896409e+02   3.6115180e+01
   2.8600000e+01   2.9496409e+02  -4.0524820e+01
   2.8700000e+01   2.6096409e+02  -1.0164820e+01
   2.8800000e+01   2.5496409e+02  -4.9248204e+00
   2.8900000e+01   1.9796409e+02   3.7355180e+01
   2.9000000e+01   1.5096409e+02   7.8235180e+01
   2.9100000e+01   2.9496409e+02  -3.0524820e+01
   2.9200000e+01   3.5096409e+02  -4.3764820e+01
   2.9300000e+01   4.0196409e+02   6.9195180e+01
   2.9400000e+01   1.4496409e+02   1.9475180e+01
   2.9500000e+01   1.2596409e+02   1.1223518e+02
   2.9600000e+01   1.9096409e+02   6.9635180e+01
   2.9700000e+01   1.9296409e+02   4.8555180e+01
   2.9800000e+01   3.0496409e+02   9.0751796e+00
   2.9900000e+01   2.3696409e+02   1.8979518e+02
   3.0000000e+01  -6.4035914e+01   1.4183518e+02
   3.0100000e+01   1.2096409e+02   8.4351796e+00
   3.0200000e+01   3.0896409e+02  -5.0848204e+00
   3.0300000e+01   2.2996409e+02   2.4075180e+01
   3.0400000e+01   3.6896409e+02   7.5151796e+00
   3.0500000e+01   2.8996409e+02  -2.3324820e+01
   3.0600000e+01   3.9296409e+02   1.5551796e+00
   3.0700000e+01   3.0496409e+02   2.3075180e+01
   3.0800000e+01   4.1696409e+02   7.6595180e+01
   3.0900000e+01   3.6296409e+02   3.3755180e+01
   3.1000000e+01   2.1196409e+02   5.8795180e+01
   3.1100000e+01   4.1796409e+02  -2.9444820e+01
   3.1200000e+01   2.2596409e+02   3.8235180e+01
   3.1300000e+01   9.6964086e+01  -2.2604820e+01
   3.1400000e+01   1.8096409e+02   9.0035180e+01
   3.1500000e+01   1.7896409e+02   1.2011518e+02
   3.1600000e+01   1.4996409e+02  -3.2724820e+01
   3.1700000e+01   1.9096409e+02   1.7635180e+01
   3.1800000e+01   3.1596409e+02   6.3635180e+01
   3.1900000e+01   1.5396409e+02   1.3711518e+02
   3.2000000e+01   1.4696409e+02  -1.1604820e+01
   3.2100000e+01   3.0296409e+02   3.9155180e+01
   3.2200000e+01   1.7496409e+02   1.2627518e+02
   3.2300000e+01   3.3596409e+02   1.0835180e+01
   3.2400000e+01   1.9196409e+02   5.6595180e+01
   3.2500000e+01   2.6696409e+02  -1.2404820e+01
   3.2600000e+01   9.9964086e+01   1.3275180e+01
   3.2700000e+01   3.2596409e+02   1.2351796e+00
   3.2800000e+01   7.9964086e+01   7.8075180e+01
   3.2900000e+01   1.6596409e+02   1.6635180e+01
   3.3000000e+01   2.1096409e+02  -5.1164820e+01
   3.3100000e+01   2.9296409e+02  -5.3444820e+01
   3.3200000e+01   4.5964086e+01   1.1143518e+02
   3.3300000e+01   2.3896409e+02   3.3715180e+01
   3.3400000e+01   1.0896409e+02   6.9915180e+01
   3.3500000e+01   1.9640862e+00   1.8195180e+01
   3.3600000e+01   1.0296409e+02  -5.8448204e+00
   3.3700000e+01   6.1964086e+01   5.4795180e+01
   3.3800000e+01   3.2796409e+02  -2.8448204e+00
   3.3900000e+01   1.6596409e+02   7.2635180e+01
   3.4000000e+01   2.2896409e+02   1.1411518e+02
   3.4100000e+01   1.8496409e+02   4.9875180e+01
   3.4200000e+01   8.8964086e+01   2.8715180e+01
   3.4300000e+01   2.0396409e+02   5.7115180e+01
   3.4400000e+01   1.6396409e+02   3.7715180e+01
   3.4500000e+01   2.0896409e+02   1.3915180e+01
   3.4600000e+01   3.7096409e+02   4.6435180e+01
   3.4700000e+01   1.0696409e+02   8.9951796e+00
   3.4800000e+01   1.5396409e+02   2.6115180e+01
   3.4900000e+01   2.2996409e+02  -3.3924820e+01
   3.5000000e+01   1.4096409e+02  -8.3364820e+01
   3.5100000e+01   1.6196409e+02   3.3795180e+01
   3.5200000e+01   1.4196409e+02  -4.1404820e+01
   3.5300000e+01   3.8296409e+02  -5.0448204e+00
   3.5400000e+01   1.9196409e+02   6.3595180e+01
   3.5500000e+01   1.8196409e+02  -4.2004820e+01
   3.5600000e+01   1.9796409e+02   6.7355180e+01
   3.5700000e+01   1.4896409e+02   5.2315180e+01
   3.5800000e+01   2.9996409e+02  -4.1724820e+01
   3.5900000e+01   1.2396409e+02   4.8315180e+01
   3.6000000e+01   2.6696409e+02   3.4595180e+01
   3.6100000e+01   1.7096409e+02   1.6543518e+02
   3.6200000e+01   8.4964086e+01   9.5875180e+01
   3.6300000e+01   2.6996409e+02  -1.5524820e+01
   3.6400000e+01   7.6964086e+01   6.8195180e+01
   3.6500000e+01   1.5896409e+02   2.0915180e+01
   3.6600000e+01   1.8896409e+02   7.9715180e+01
   3.6700000e+01   1.2096409e+02   1.1435180e+01
   3.6800000e+01   1.3896409e+02   9.2715180e+01
   3.6900000e+01   9.8964086e+01   4.2315180e+01
   3.7000000e+01   1.2096409e+02   6.2435180e+01
   3.7100000e+01   2.2796409e+02  -2.6844820e+01
   3.7200000e+01   2.4596409e+02   3.1435180e+01
   3.7300000e+01   1.3096409e+02   1.6035180e+01
   3.7400000e+01   1.9796409e+02  -8.6448204e+00
   3.7500000e+01   2.0996409e+02   3.7875180e+01
   3.7600000e+01   1.8996409e+02   3.0675180e+01
   3.7700000e+01   1.8596409e+02   3.4835180e+01
   3.7800000e+01   2.2796409e+02  -3.0844820e+01
   3.7900000e+01   2.6096409e+02   4.7835180e+01
   3.8000000e+01   1.8096409e+02  -4.6964820e+01
   3.8100000e+01   1.8596409e+02   3.8835180e+01
   3.8200000e+01   1.6996409e+02  -6.3524820e+01
   3.8300000e+01   3.3096409e+02  -2.8964820e+01
   3.8400000e+01   1.2996409e+02  -5.1924820e+01
   3.8500000e+01   2.2496409e+02  -1.9724820e+01
   3.8600000e+01   1.5596409e+02  -3.1964820e+01
   3.8700000e+01   2.7296409e+02   6.3551796e+00
   3.8800000e+01   3.3096409e+02   7.0351796e+00
   3.8900000e+01   1.9996409e+02  -4.7724820e+01
   3.9000000e+01   1.9796409e+02  -5.8644820e+01
   3.9100000e+01   2.5896409e+02   4.2915180e+01
   3.9200000e+01   3.2496409e+02   4.2751796e+00
   3.9300000e+01  -1.0035914e+01  -8.3248204e+00
   3.9400000e+01   2.0196409e+02  -2.5804820e+01
   3.9500000e+01   1.1496409e+02   2.7675180e+01
   3.9600000e+01   6.8964086e+01   1.7515180e+01
   3.9700000e+01   2.9396409e+02  -1.9484820e+01
   3.9800000e+01   1.0796409e+02   4.5955180e+01
   3.9900000e+01   1.1396409e+02   1.5071518e+02
   4.0000000e+01   1.8596409e+02  -2.4164820e+01
   4.0100000e+01   1.1196409e+02   4.0795180e+01
   4.0200000e+01   1.5696409e+02   2.5995180e+01
   4.0300000e+01   8.0964086e+01  -3.0964820e+01
   4.0400000e+01   2.8696409e+02   3.2795180e+01
   4.0500000e+01   6.8964086e+01  -4.0484820e+01
   4.0600000e+01   1.9196409e+02   1.7595180e+01
   4.0700000e+01   1.1296409e+02  -1.0244820e+01
   4.0800000e+01   2.4296409e+02   5.1555180e+01
   4.0900000e+01   1.2696409e+02   2.0195180e+01
   4.1000000e+01   1.7896409e+02   9.0115180e+01
   4.1100000e+01   2.5496409e+02   6.0075180e+01
   4.1200000e+01   7.4964086e+01   9.2751796e+00
   4.1300000e+01   5.5964086e+01   4.2035180e+01
   4.1400000e+01   2.1196409e+02  -4.2048204e+00
   4.1500000e+01   1.1696409e+02   1.3859518e+02
   4.1600000e+01   1.9796409e+02  -6.6448204e+00
   4.1700000e+01   2.5096409e+02   6.6235180e+01
   4.1800000e+01   2.9396409e+02  -5.7484820e+01
   4.1900000e+01   2.1596409e+02  -2.2364820e+01
   4.2000000e+01   2.1296409e+02  -4.4244820e+01
   4.2100000e+01   1.2496409e+02   3.1275180e+01
   4.2200000e+01   1.2996409e+02   2.7075180e+01
   4.2300000e+01   1.7096409e+02  -5.7564820e+01
   4.2400000e+01   2.2496409e+02   3.4275180e+01
   4.2500000e+01   1.8596409e+02   3.8351796e+00
   4.2600000e+01   1.2996409e+02  -1.3924820e+01
   4.2700000e+01   1.4396409e+02   4.9515180e+01
   4.2800000e+01   1.4196409e+02   5.9595180e+01
   4.2900000e+01   1.0496409e+02  -4.2924820e+01
   4.3000000e+01   3.1964086e+01   4.3995180e+01
   4.3100000e+01   1.8396409e+02   4.8915180e+01
   4.3200000e+01   2.6296409e+02  -7.5244820e+01
   4.3300000e+01   1.0996409e+02   5.5875180e+01
   4.3400000e+01   1.8996409e+02   4.3675180e+01
   4.3500000e+01   2.7596409e+02   3.2351796e+00
   4.3600000e+01   1.4796409e+02   5.3355180e+01
   4.3700000e+01   1.9696409e+02   6.7395180e+01
   4.3800000e+01   1.3996409e+02   6.7517957e-01
   4.3900000e+01   2.8196409e+02  -2.7004820e+01
   4.4000000e+01   1.5796409e+02   2.5955180e+01
   4.4100000e+01   2.5396409e+02   1.8115180e+01
   4.4200000e+01   9.1964086e+01   6.2595180e+01
   4.4300000e+01   4.4964086e+01   7.1475180e+01
   4.4400000e+01   2.9296409e+02   8.8555180e+01
   4.4500000e+01   1.4696409e+02   4.0395180e+01
   4.4600000e+01   1.5896409e+02   7.9151796e+00
   4.4700000e+01   1.5096409e+02   1.3423518e+02
   4.4800000e+01   2.8796409e+02   6.7551796e+00
   4.4900000e+01   1.0096409e+02   3.4235180e+01
   4.5000000e+01   1.3696409e+02  -4.5204820e+01
   4.5100000e+01   1.8896409e+02  -2.4284820e+01
   4.5200000e+01   1.6096409e+02   1.4283518e+02
   4.5300000e+01   2.4896409e+02   6.5315180e+01
   4.5400000e+01   2.7296409e+02   1.5355180e+01
   4.5500000e+01   1.0896409e+02   4.9915180e+01
   4.5600000e+01   2.9596409e+02   4.3517957e-01
   4.5700000e+01   1.0396409e+02  -2.8848204e+00
   4.5800000e+01   4.3964086e+01   4.0515180e+01
   4.5900000e+01   2.5796409e+02   1.7895518e+02
   4.6000000e+01   2.2996409e+02  -4.9248204e+00
   4.6100000e+01   1.0596409e+02  -3.0964820e+01
   4.6200000e+01   1.2796409e+02  -8.7844820e+01
   4.6300000e+01   2.6696409e+02  -5.4404820e+01
   4.6400000e+01   2.2696409e+02  -1.1804820e+01
   4.6500000e+01   1.0196409e+02   1.1719518e+02
   4.6600000e+01   9.9964086e+01   1.1275180e+01
   4.6700000e+01   1.3096409e+02   5.8035180e+01
   4.6800000e+01   1.4696409e+02   5.3395180e+01
   4.6900000e+01   3.2496409e+02   1.4275180e+01
   4.7000000e+01   2.3396409e+02  -1.7084820e+01
   4.7100000e+01   7.5964086e+01   3.8235180e+01
   4.7200000e+01   1.6096409e+02  -1.6164820e+01
   4.7300000e+01   9.2964086e+01   1.0955518e+02
   4.7400000e+01   8.7964086e+01   2.5755180e+01
   4.7500000e+01   5.7696409e+02   4.9195180e+01
   4.7600000e+01   2.7196409e+02  -2.5604820e+01
   4.7700000e+01   1.2696409e+02   9.7195180e+01
   4.7800000e+01   1.1396409e+02   1.7151796e+00
   4.7900000e+01   2.3496409e+02   1.2187518e+02
   4.8000000e+01   1.1396409e+02   8.7715180e+01
   4.8100000e+01   1.2196409e+02   9.4395180e+01
   4.8200000e+01   4.0496409e+02   2.4075180e+01
   4.8300000e+01   2.8296409e+02  -4.4044820e+01
   4.8400000e+01   3.6496409e+02   2.0675180e+01
   4.8500000e+01   2.2396409e+02   4.3151796e+00
   4.8600000e+01   1.8496409e+02   3.7875180e+01
   4.8700000e+01   1.1796409e+02   2.2555180e+01
   4.8800000e+01   9.9964086e+01  -5.6724820e+01
   4.8900000e+01   2.1964086e+01   3.9395180e+01
   4.9000000e+01   2.5696409e+02  -2.0004820e+01
   4.9100000e+01   7.9964086e+01   9.5075180e+01
   4.9200000e+01   1.9796409e+02   3.5517957e-01
   4.9300000e+01   2.4196409e+02   4.5951796e+00
   4.9400000e+01   1.1596409e+02   2.6635180e+01
   4.9500000e+01   5.1964086e+01   9.1951796e+00
   4.9600000e+01   1.6896409e+02   1.5851518e+02
   4.9700000e+01   1.1196409e+02   7.5795180e+01
   4.9800000e+01   2.6196409e+02  -4.3204820e+01
   4.9900000e+01   2.8496409e+02   6.6875180e+01
   5.0000000e+01   2.2896409e+02   1.1511518e+02
   5.0100000e+01   1.1296409e+02   1.0275518e+02
   5.0200000e+01   7.4964086e+01   5.0275180e+01
   5.0300000e+01   2.7596409e+02   1.0423518e+02
   5.0400000e+01   1.2896409e+02   4.4115180e+01
   5.0500000e+01   2.6496409e+02   5.6751796e+00
   5.0600000e+01   6.6964086e+01   1.0159518e+02
   5.0700000e+01   5.0964086e+01   1.8235180e+01
   5.0800000e+01   8.8964086e+01   1.4715180e+01
   5.0900000e+01   9.9964086e+01   1.9275180e+01
   5.1000000e+01   2.1696409e+02   4.3595180e+01
   5.1100000e+01   1.8896409e+02  -2.0284820e+01
   5.1200000e+01   1.1796409e+02   5.5555180e+01
   5.1300000e+01   3.8964086e+01   6.8715180e+01
   5.1400000e+01   2.1296409e+02  -5.9244820e+01
   5.1500000e+01   2.6964086e+01  -2.9804820e+01
   5.1600000e+01   1.4896409e+02   1.7431518e+02
   5.1700000e+01   6.3964086e+01  -1.9284820e+01
   5.1800000e+01   1.8696409e+02   5.7951796e+00
   5.1900000e+01   1.7964086e+01  -1.8444820e+01
   5.2000000e+01   2.8596409e+02   4.2835180e+01
   5.2100000e+01   9.4964086e+01  -1.3524820e+01
   5.2200000e+01   2.3396409e+02   3.5915180e+01
   5.2300000e+01   1.5396409e+02   1.6115180e+01
   5.2400000e+01   3.7596409e+02   9.5235180e+01
   5.2500000e+01   3.7096409e+02   3.9435180e+01
   5.2600000e+01   2.3896409e+02   1.5271518e+02
   5.2700000e+01   1.6296409e+02   2.0755180e+01
   5.2800000e+01   1.4896409e+02   7.2315180e+01
   5.2900000e+01   4.7896409e+02  -3.4884820e+01
   5.3000000e+01   1.3696409e+02   8.7951796e+00
   5.3100000e+01   3.1596409e+02   4.8635180e+01
   5.3200000e+01   3.2964086e+01   2.6955180e+01
   5.3300000e+01   6.7964086e+01   7.0555180e+01
   5.3400000e+01   2.2496409e+02  -8.3724820e+01
   5.3500000e+01   3.1796409e+02   3.5551796e+00
   5.3600000e+01   1.2396409e+02  -2.8684820e+01
   5.3700000e+01   1.7796409e+02   1.3915518e+02
   5.3800000e+01   1.5996409e+02   3.8751796e+00
   5.3900000e+01   2.4496409e+02   4.4475180e+01
   5.4000000e+01   1.9196409e+02   5.7595180e+01
   5.4100000e+01   5.7964086e+01   1.5955180e+01
   5.4200000e+01   1.1396409e+02  -2.4284820e+01
   5.4300000e+01   5.7964086e+01   4.9955180e+01
   5.4400000e+01   5.9964086e+01   3.6875180e+01
   5.4500000e+01   1.9964086e+01  -2.0524820e+01
   5.4600000e+01   1.3496409e+02   4.3875180e+01
   5.4700000e+01   1.5596409e+02   5.8035180e+01
   5.4800000e+01   2.1696409e+02  -3.1404820e+01
   5.4900000e+01   9.8964086e+01   3.8315180e+01
   5.5000000e+01   1.7096409e+02   1.4843518e+02
   5.5100000e+01   2.8596409e+02  -7.3164820e+01
   5.5200000e+01   4.8964086e+01  -3.1684820e+01
   5.5300000e+01   4.9964086e+01  -2.1724820e+01
   5.5400000e+01   1.4496409e+02   4.7517957e-01
   5.5500000e+01   2.3796409e+02  -5.5244820e+01
   5.5600000e+01   2.4996409e+02  -3.2724820e+01
   5.5700000e+01   3.0196409e+02   1.0419518e+02
   5.5800000e+01   1.2696409e+02   5.9195180e+01
   5.5900000e+01   1.2996409e+02   3.5075180e+01
   5.6000000e+01   1.5496409e+02  -6.7924820e+01
   5.6100000e+01   1.5396409e+02  -4.4884820e+01
   5.6200000e+01   2.2996409e+02  -3.9924820e+01
   5.6300000e+01   1.2196409e+02   3.9395180e+01
   5.6400000e+01   4.9640862e+00   8.0751796e+00
   5.6500000e+01   1.8964086e+01   9.5151796e+00
   5.6600000e+01   2.8396409e+02   5.6915180e+01
   5.6700000e+01   1.0296409e+02   2.3155180e+01
   5.6800000e+01   3.3964086e+01   6.8915180e+01
   5.6900000e+01   1.9096409e+02   1.2163518e+02
   5.7000000e+01   5.1964086e+01   1.3195180e+01
   5.7100000e+01   1.9596409e+02   1.9435180e+01
   5.7200000e+01   1.1396409e+02  -2.0284820e+01
   5.7300000e+01  -2.2035914e+01   7.3155180e+01
   5.7400000e+01  -2.6035914e+01   1.4231518e+02
   5.7500000e+01   9.9964086e+01   4.2751796e+00
   5.7600000e+01  -5.9035914e+01   8.6351796e+00
   5.7700000e+01   1.1964086e+01   2.0795180e+01
   5.7800000e+01  -2.1035914e+01   2.2115180e+01
   5.7900000e+01   1.1964086e+01   1.1279518e+02
   5.8000000e+01   6.9640862e+00   4.2995180e+01
   5.8100000e+01   1.0096409e+02  -3.8764820e+01
   5.8200000e+01   1.9964086e+01  -5.6524820e+01
   5.8300000e+01   1.4596409e+02   9.0435180e+01
   5.8400000e+01  -4.0035914e+01   5.7875180e+01
   5.8500000e+01   1.3696409e+02  -5.0204820e+01
   5.8600000e+01  -4.2035914e+01   7.4955180e+01
   5.8700000e+01  -1.2503591e+02  -1.6724820e+01
   5.8800000e+01   4.6964086e+01   4.3395180e+01
   5.8900000e+01   1.2596409e+02   2.7235180e+01
   5.9000000e+01   6.0964086e+01   1.2835180e+01
   5.9100000e+01   7.4964086e+01   1.0227518e+02
   5.9200000e+01  -6.8035914e+01   8.2995180e+01
   5.9300000e+01  -1.1003591e+02   6.1675180e+01
   5.9400000e+01   6.9640862e+00   2.8995180e+01
   5.9500000e+01  -6.7035914e+01   1.1295518e+02
   5.9600000e+01  -1.6035914e+01  -3.9084820e+01
   5.9700000e+01  -8.4035914e+01   1.9635180e+01
   5.9800000e+01   1.5696409e+02  -1.8004820e+01
   5.9900000e+01  -3.6035914e+01   7.2715180e+01
   6.0000000e+01  -3.4035914e+01  -4.7364820e+01
   6.0100000e+01   1.2996409e+02   1.4075180e+01
   6.0200000e+01   3.9640862e+00   8.5115180e+01
   6.0300000e+01  -4.8035914e+01  -1.8048204e+00
   6.0400000e+01   1.9640862e+00   3.5195180e+01
   6.0500000e+01   1.1964086e+01  -3.5204820e+01
   6.0600000e+01   1.3396409e+02   5.1915180e+01
   6.0700000e+01   1.9096409e+02  -8.1364820e+01
   6.0800000e+01  -3.6035914e+01   5.7151796e+00
   6.0900000e+01  -8.6035914e+01   2.1715180e+01
   6.1000000e+01   2.9640862e+00   4.4155180e+01
   6.1100000e+01   3.3964086e+01  -2.4084820e+01
   6.1200000e+01   1.7964086e+01   4.5551796e+00
   6.1300000e+01  -8.6035914e+01  -1.5284820e+01
   6.1400000e+01  -2.3035914e+01   2.1195180e+01
   6.1500000e+01   9.7964086e+01   5.5355180e+01
   6.1600000e+01  -3.7035914e+01   5.3755180e+01
   6.1700000e+01   5.2964086e+01  -6.0844820e+01
   6.1800000e+01  -1.3035914e+01   3.8795180e+01
   6.1900000e+01  -3.3035914e+01   5.7595180e+01
   6.2000000e+01   3.3964086e+01  -1.9084820e+01
   6.2100000e+01  -7.7035914e+01  -2.1644820e+01
   6.2200000e+01   1.7396409e+02   3.7315180e+01
   6.2300000e+01   9.2964086e+01   5.1555180e+01
   6.2400000e+01  -3.9035914e+01   7.8351796e+00
   6.2500000e+01  -5.8035914e+01   4.1595180e+01
   6.2600000e+01   9.6408619e-01  -3.3764820e+01
   6.2700000e+01   4.3964086e+01   7.1515180e+01
   6.2800000e+01   1.4996409e+02   9.2751796e+00
   6.2900000e+01   3.2964086e+01   2.9955180e+01
   6.3000000e+01   8.1964086e+01   3.1995180e+01
   6.3100000e+01   1.6196409e+02   2.4795180e+01
   6.3200000e+01  -2.1035914e+01   7.0115180e+01
   6.3300000e+01   3.9964086e+01   2.4675180e+01
   6.3400000e+01  -3.7035914e+01  -3.9244820e+01
   6.3500000e+01  -3.0359138e+00   4.3951796e+00
   6.3600000e+01  -5.6035914e+01  -1.4484820e+01
   6.3700000e+01   2.9640862e+00   1.1155180e+01
   6.3800000e+01   7.1964086e+01   7.3951796e+00
   6.3900000e+01  -4.3035914e+01   1.1995180e+01
   6.4000000e+01   1.2296409e+02  -4.4644820e+01
   6.4100000e+01   4.9964086e+01   4.7275180e+01
   6.4200000e+01  -5.8035914e+01  -1.0404820e+01
   6.4300000e+01   6.5964086e+01  -4.3364820e+01
   6.4400000e+01  -1.4703591e+02  -3.0844820e+01
   6.4500000e+01  -1.0003591e+02   6.2275180e+01
   6.4600000e+01  -3.1035914e+01   3.5151796e+00
   6.4700000e+01   1.1964086e+01  -2.5204820e+01
   6.4800000e+01  -8.2035914e+01  -5.4448204e+00
   6.4900000e+01  -2.6035914e+01  -1.5684820e+01
   6.5000000e+01   4.2964086e+01   3.8555180e+01
   6.5100000e+01  -6.1035914e+01  -4.3284820e+01
   6.5200000e+01  -1.2003591e+02  -1.2924820e+01
   6.5300000e+01   4.9964086e+01   6.8275180e+01
   6.5400000e+01  -3.0359138e+00   6.3951796e+00
   6.5500000e+01   1.5996409e+02  -1.4124820e+01
   6.5600000e+01  -3.5913807e-02  -9.2724820e+01
   6.5700000e+01  -1.1703591e+02   9.5517957e-01
   6.5800000e+01  -8.7035914e+01   5.8755180e+01
   6.5900000e+01  -1.1003591e+02   3.3675180e+01
   6.6000000e+01  -3.9035914e+01   9.6835180e+01
   6.6100000e+01   9.1964086e+01   8.2595180e+01
   6.6200000e+01  -4.4035914e+01  -2.4964820e+01
   6.6300000e+01  -9.2035914e+01   1.6495518e+02
   6.6400000e+01   1.6964086e+01  -5.2404820e+01
   6.6500000e+01   8.5964086e+01  -2.9164820e+01
   6.6600000e+01   4.6964086e+01   2.3395180e+01
   6.6700000e+01   1.1496409e+02  -3.3324820e+01
   6.6800000e+01  -1.0903591e+02  -7.3364820e+01
   6.6900000e+01   1.3496409e+02  -1.9124820e+01
   6.7000000e+01  -2.4035914e+01  -2.2764820e+01
   6.7100000e+01   9.6408619e-01  -5.7648204e+00
   6.7200000e+01   6.0964086e+01   4.9835180e+01
   6.7300000e+01  -1.5035914e+01  -4.3124820e+01
   6.7400000e+01   1.1096409e+02  -6.8164820e+01
   6.7500000e+01  -1.0403591e+02  -5.6482043e-01
   6.7600000e+01  -7.0359138e+00   2.9555180e+01
   6.7700000e+01   5.9964086e+01  -2.0124820e+01
   6.7800000e+01  -4.1035914e+01  -3.0848204e+00
   6.7900000e+01  -6.6035914e+01   1.1491518e+02
   6.8000000e+01  -5.4035914e+01   6.8435180e+01
   6.8100000e+01   1.3796409e+02   4.5755180e+01
   6.8200000e+01  -6.0359138e+00  -1.0484820e+01
   6.8300000e+01   6.1964086e+01   7.1795180e+01
   6.8400000e+01   1.0496409e+02  -6.9248204e+00
   6.8500000e+01   3.7964086e+01   4.6755180e+01
   6.8600000e+01  -7.0359138e+00   3.4555180e+01
   6.8700000e+01  -3.0359138e+00   1.3951796e+00
   6.8800000e+01   2.9640862e+00  -2.3844820e+01
   6.8900000e+01  -1.3035914e+01  -2.3204820e+01
   6.9000000e+01  -1.0359138e+00   3.6315180e+01
   6.9100000e+01   6.9640862e+00   2.9995180e+01
   6.9200000e+01  -3.2035914e+01  -3.9444820e+01
   6.9300000e+01  -1.0303591e+02   6.8395180e+01
   6.9400000e+01  -2.1035914e+01   3.1115180e+01
   6.9500000e+01   9.8964086e+01  -5.2684820e+01
   6.9600000e+01   2.3964086e+01  -4.4684820e+01
   6.9700000e+01  -4.0359138e+00  -5.5648204e+00
   6.9800000e+01   1.0696409e+02   7.2995180e+01
   6.9900000e+01   1.0296409e+02   7.8155180e+01
   7.0000000e+01   9.3964086e+01   8.0515180e+01
   7.0100000e+01  -8.7035914e+01  -3.5244820e+01
   7.0200000e+01  -9.0035914e+01  -1.1124820e+01
   7.0300000e+01  -3.0035914e+01   1.0447518e+02
   7.0400000e+01   2.7196409e+02  -5.6604820e+01
   7.0500000e+01  -6.0359138e+00  -7.6484820e+01
   7.0600000e+01  -8.2035914e+01   9.5551796e+00
   7.0700000e+01   6.9964086e+01   6.7475180e+01
   7.0800000e+01   4.0964086e+01   4.9635180e+01
   7.0900000e+01   1.0964086e+01  -3.3164820e+01
   7.1000000e+01   6.1964086e+01  -9.2048204e+00
   7.1100000e+01  -7.4035914e+01   1.4235180e+01
   7.1200000e+01   8.9964086e+01  -1.6324820e+01
   7.1300000e+01  -8.3035914e+01   7.9595180e+01
   7.1400000e+01  -1.5035914e+01  -3.0124820e+01
   7.1500000e+01   9.3964086e+01   2.5515180e+01
   7.1600000e+01  -5.0359138e+00   2.4751796e+00
   7.1700000e+01  -4.3035914e+01  -1.0004820e+01
   7.1800000e+01   3.9964086e+01  -2.3248204e+00
   7.1900000e+01   2.4964086e+01  -7.2482043e-01
   7.2000000e+01  -1.8035914e+01  -3.5004820e+01
   7.2100000e+01   6.5964086e+01  -1.4364820e+01
   7.2200000e+01   8.9640862e+00   3.4915180e+01
   7.2300000e+01   7.6964086e+01   6.3195180e+01
   7.2400000e+01  -3.2035914e+01   4.6555180e+01
   7.2500000e+01   1.1964086e+01   6.9795180e+01
   7.2600000e+01   8.8964086e+01  -1.1928482e+02
   7.2700000e+01   9.9964086e+01   9.9275180e+01
   7.2800000e+01  -1.0203591e+02  -1.6644820e+01
   7.2900000e+01  -3.0035914e+01  -3.3524820e+01
   7.3000000e+01   5.1964086e+01  -2.9804820e+01
   7.3100000e+01  -1.1603591e+02   3.1915180e+01
   7.3200000e+01   1.4964086e+01  -8.3248204e+00
   7.3300000e+01  -8.4035914e+01  -3.3364820e+01
   7.3400000e+01  -1.1003591e+02   6.7675180e+01
   7.3500000e+01  -7.1035914e+01   5.1115180e+01
   7.3600000e+01  -3.4035914e+01  -3.6364820e+01
   7.3700000e+01   2.5964086e+01  -4.1764820e+01
   7.3800000e+01  -3.9035914e+01  -9.1648204e+00
   7.3900000e+01  -5.9035914e+01   2.6635180e+01
   7.4000000e+01   1.3196409e+02   9.8995180e+01
   7.4100000e+01  -6.7035914e+01   3.9955180e+01
   7.4200000e+01  -4.5035914e+01   3.0075180e+01
   7.4300000e+01   1.6596409e+02  -1.2736482e+02
   7.4400000e+01   3.5964086e+01  -3.2164820e+01
   7.4500000e+01   1.1296409e+02  -9.7244820e+01
   7.4600000e+01   2.4964086e+01  -6.4724820e+01
   7.4700000e+01  -2.4035914e+01   9.4235180e+01
   7.4800000e+01   2.7964086e+01  -2.2844820e+01
   7.4900000e+01  -1.2003591e+02  -2.9924820e+01
   7.5000000e+01   1.2964086e+01  -4.0244820e+01
   7.5100000e+01   5.2964086e+01  -7.3844820e+01
   7.5200000e+01  -2.7035914e+01  -1.6644820e+01
   7.5300000e+01   9.2964086e+01   5.8555180e+01
   7.5400000e+01  -2.4035914e+01  -4.9764820e+01
   7.5500000e+01  -3.7035914e+01   1.5755180e+01
   7.5600000e+01  -8.2035914e+01   4.5551796e+00
   7.5700000e+01  -7.9035914e+01  -5.2564820e+01
   7.5800000e+01   6.9640862e+00  -1.0048204e+00
   7.5900000e+01   1.4496409e+02  -3.5248204e+00
   7.6000000e+01   4.9964086e+01  -2.8724820e+01
   7.6100000e+01   7.3964086e+01   2.8315180e+01
   7.6200000e+01   7.6964086e+01  -3.2804820e+01
   7.6300000e+01  -3.4035914e+01   4.4635180e+01
   7.6400000e+01   5.3964086e+01   2.6115180e+01
   7.6500000e+01  -2.6035914e+01   1.6315180e+01
   7.6600000e+01   6.2964086e+01   7.6755180e+01
   7.6700000e+01  -9.3035914e+01   6.9951796e+00
   7.6800000e+01   4.9964086e+01   3.2751796e+00
   7.6900000e+01   2.4964086e+01  -1.8724820e+01
   7.7000000e+01   1.9640862e+00  -4.3804820e+01
   7.7100000e+01  -7.5035914e+01   1.2751796e+00
   7.7200000e+01  -8.0359138e+00   1.7595180e+01
   7.7300000e+01   9.9640862e+00  -3.4124820e+01
   7.7400000e+01   8.1964086e+01   1.5995180e+01
   7.7500000e+01   1.9196409e+02   2.5595180e+01
   7.7600000e+01   1.0096409e+02   4.6235180e+01
   7.7700000e+01   7.0964086e+01   2.4435180e+01
   7.7800000e+01  -1.0603591e+02   1.1451518e+02
   7.7900000e+01   1.3396409e+02  -7.7084820e+01
   7.8000000e+01   1.6296409e+02   3.0755180e+01
   7.8100000e+01  -7.6035914e+01   7.3151796e+00
   7.8200000e+01   9.6964086e+01  -1.2604820e+01
   7.8300000e+01  -7.2035914e+01  -6.0844820e+01
   7.8400000e+01   1.1096409e+02  -4.6164820e+01
   7.8500000e+01  -2.7035914e+01  -9.1644820e+01
   7.8600000e+01  -5.0359138e+00   4.4475180e+01
   7.8700000e+01  -1.1035914e+01  -5.3284820e+01
   7.8800000e+01  -2.6035914e+01  -1.0684820e+01
   7.8900000e+01  -9.0359138e+00  -3.5364820e+01
   7.9000000e+01  -4.0359138e+00   1.3443518e+02
   7.9100000e+01  -1.1803591e+02  -1.0004820e+01
   7.9200000e+01   1.9964086e+01  -1.5524820e+01
   7.9300000e+01  -4.1035914e+01   9.7915180e+01
   7.9400000e+01  -5.4035914e+01  -1.2564820e+01
   7.9500000e+01   2.2964086e+01   3.3551796e+00
   7.9600000e+01   2.9964086e+01   2.0207518e+02
   7.9700000e+01  -3.6035914e+01  -2.8284820e+01
   7.9800000e+01  -2.0359138e+00  -1.0644820e+01
   7.9900000e+01   1.8696409e+02   5.1795180e+01
   8.0000000e+01   1.3964086e+01  -5.3284820e+01
   8.0100000e+01  -2.8035914e+01   5.2395180e+01
   8.0200000e+01   6.6964086e+01  -2.8404820e+01
   8.0300000e+01   4.9640862e+00   7.9075180e+01
   8.0400000e+01  -6.6035914e+01  -3.6084820e+01
   8.0500000e+01   6.9640862e+00  -2.6004820e+01
   8.0600000e+01  -5.0359138e+00  -1.6524820e+01
   8.0700000e+01  -1.8903591e+02  -5.1164820e+01
   8.0800000e+01   1.6396409e+02  -3.8284820e+01
   8.0900000e+01  -3.6035914e+01  -1.2848204e+00
   8.1000000e+01   6.9964086e+01   5.0475180e+01
   8.1100000e+01  -5.6035914e+01   1.3251518e+02
   8.1200000e+01   1.6896409e+02  -2.6484820e+01
   8.1300000e+01   5.7964086e+01   1.7955180e+01
   8.1400000e+01   5.6964086e+01   2.5995180e+01
   8.1500000e+01   1.8964086e+01  -4.4484820e+01
   8.1600000e+01   5.5964086e+01  -3.9964820e+01
   8.1700000e+01   1.1596409e+02  -4.3364820e+01
   8.1800000e+01  -1.0203591e+02  -4.0644820e+01
   8.1900000e+01  -8.5035914e+01   1.2675180e+01
   8.2000000e+01  -7.0035914e+01  -5.5924820e+01
   8.2100000e+01   2.9964086e+01  -7.9924820e+01
   8.2200000e+01  -1.2903591e+02   4.1435180e+01
   8.2300000e+01  -7.4035914e+01  -4.7764820e+01
   8.2400000e+01  -4.4035914e+01   6.1035180e+01
   8.2500000e+01  -9.1035914e+01   6.5915180e+01
   8.2600000e+01  -5.4035914e+01   5.0435180e+01
   8.2700000e+01   1.6964086e+01   1.3595180e+01
   8.2800000e+01  -4.1035914e+01  -3.7084820e+01
   8.2900000e+01   8.9640862e+00  -5.4084820e+01
   8.3000000e+01  -7.0035914e+01   5.3075180e+01
   8.3100000e+01   3.4964086e+01  -1.9124820e+01
   8.3200000e+01  -1.2603591e+02  -6.6848204e+00
   8.3300000e+01   1.5964086e+01   5.1635180e+01
   8.3400000e+01  -3.8035914e+01  -3.2204820e+01
   8.3500000e+01   1.9964086e+01  -5.1524820e+01
   8.3600000e+01   4.9640862e+00   4.0751796e+00
   8.3700000e+01  -5.0359138e+00   3.5475180e+01
   8.3800000e+01   1.2964086e+01  -1.8244820e+01
   8.3900000e+01   5.3964086e+01   2.3115180e+01
   8.4000000e+01  -6.0359138e+00   5.1517957e-01
   8.4100000e+01   4.9964086e+01   5.2751796e+00
   8.4200000e+01  -1.8603591e+02  -1.1284820e+01
   8.4300000e+01  -2.5035914e+01   4.9275180e+01
   8.4400000e+01  -5.9035914e+01  -6.1364820e+01
   8.4500000e+01  -1.1003591e+02  -4.2324820e+01
   8.4600000e+01   5.1964086e+01   2.4195180e+01
   8.4700000e+01   6.4964086e+01   2.7675180e+01
   8.4800000e+01   1.2964086e+01   2.1755180e+01
   8.4900000e+01  -1.0359138e+00  -8.2684820e+01
   8.5000000e+01  -5.0359138e+00  -5.5248204e+00
   8.5100000e+01  -9.9035914e+01   6.7235180e+01
   8.5200000e+01  -5.2035914e+01  -1.4644820e+01
   8.5300000e+01  -1.1103591e+02  -8.2848204e+00
   8.5400000e+01  -7.5035914e+01   5.2751796e+00
   8.5500000e+01  -6.3035914e+01  -9.2048204e+00
   8.5600000e+01   4.0964086e+01  -1.7364820e+01
   8.5700000e+01  -1.2503591e+02   4.7275180e+01
   8.5800000e+01   3.7964086e+01  -5.2244820e+01
   8.5900000e+01  -4.0359138e+00   6.4435180e+01
   8.6000000e+01  -4.6035914e+01  -8.8482043e-01
   8.6100000e+01  -4.7035914e+01  -1.5844820e+01
   8.6200000e+01   6.4964086e+01  -9.3248204e+00
   8.6300000e+01   4.5964086e+01   3.4435180e+01
   8.6400000e+01  -3.3035914e+01  -4.0482043e-01
   8.6500000e+01  -4.9035914e+01  -6.7648204e+00
   8.6600000e+01  -4.6035914e+01  -1.5884820e+01
   8.6700000e+01  -8.0359138e+00   2.5951796e+00
   8.6800000e+01  -7.1035914e+01   3.5115180e+01
   8.6900000e+01   3.4964086e+01   1.8751796e+00
   8.7000000e+01   5.9640862e+00   3.4035180e+01
   8.7100000e+01  -2.4035914e+01   6.1235180e+01
   8.7200000e+01   1.0996409e+02  -6.0124820e+01
   8.7300000e+01   2.8964086e+01   1.1411518e+02
   8.7400000e+01   1.5096409e+02   2.9235180e+01
   8.7500000e+01   7.9640862e+00  -7.4044820e+01
   8.7600000e+01  -3.5913807e-02   1.3275180e+01
   8.7700000e+01   5.4964086e+01   2.2075180e+01
   8.7800000e+01   1.8964086e+01  -4.8482043e-01
   8.7900000e+01  -4.4035914e+01  -4.1964820e+01
   8.8000000e+01   5.9640862e+00   8.0351796e+00
   8.8100000e+01  -4.9035914e+01   4.2235180e+01
   8.8200000e+01   6.3964086e+01   2.5715180e+01
   8.8300000e+01  -4.1035914e+01   1.3915180e+01
   8.8400000e+01   6.1964086e+01   4.7795180e+01
   8.8500000e+01  -4.7035914e+01  -2.4844820e+01
   8.8600000e+01  -3.7035914e+01   2.3755180e+01
   8.8700000e+01  -1.9035914e+01   4.2035180e+01
   8.8800000e+01  -1.3003591e+02  -6.4524820e+01
   8.8900000e+01   5.7964086e+01   7.4955180e+01
   8.9000000e+01  -8.7035914e+01  -4.2244820e+01
   8.9100000e+01  -2.0035914e+01  -6.7924820e+01
   8.9200000e+01   1.3596409e+02   1.0835180e+01
   8.9300000e+01  -5.9035914e+01  -7.6364820e+01
   8.9400000e+01   6.3964086e+01  -8.4284820e+01
   8.9500000e+01  -4.8035914e+01   7.1951796e+00
   8.9600000e+01  -3.0359138e+00   2.8395180e+01
   8.9700000e+01  -6.0359138e+00  -3.4848204e+00
   8.9800000e+01  -5.1035914e+01   7.3151796e+00
   8.9900000e+01  -3.3035914e+01  -3.4048204e+00
   9.0000000e+01   1.2964086e+01   1.2755180e+01
   9.0100000e+01  -3.1035914e+01  -2.5484820e+01
   9.0200000e+01   1.1396409e+02   3.7715180e+01
   9.0300000e+01   2.1696409e+02   3.5951796e+00
   9.0400000e+01  -1.8035914e+01  -2.4004820e+01
   9.0500000e+01  -8.0035914e+01   4.4751796e+00
   9.0600000e+01  -1.3403591e+02  -3.3364820e+01
   9.0700000e+01  -5.7035914e+01  -5.4444820e+01
   9.0800000e+01   1.3096409e+02   2.3035180e+01
   9.0900000e+01  -1.6203591e+02  -4.0244820e+01
   9.1000000e+01  -7.0359138e+00  -6.1444820e+01
   9.1100000e+01  -1.2303591e+02  -7.0804820e+01
   9.1200000e+01   9.5964086e+01   5.7435180e+01
   9.1300000e+01  -1.0035914e+01   2.0675180e+01
   9.1400000e+01   1.8964086e+01  -6.4848204e+00
   9.1500000e+01  -3.2035914e+01  -8.4448204e+00
   9.1600000e+01  -1.7035914e+01   3.4955180e+01
   9.1700000e+01  -1.5503591e+02   8.9475180e+01
   9.1800000e+01  -7.5035914e+01  -3.0724820e+01
   9.1900000e+01   8.3964086e+01   4.9915180e+01
   9.2000000e+01   6.2964086e+01   9.7551796e+00
   9.2100000e+01  -3.6035914e+01   4.6715180e+01
   9.2200000e+01  -3.2035914e+01   5.0555180e+01
   9.2300000e+01  -4.9035914e+01  -8.5764820e+01
   9.2400000e+01   7.2964086e+01   4.6355180e+01
   9.2500000e+01   6.1964086e+01  -3.4204820e+01
   9.2600000e+01   9.9640862e+00  -4.4124820e+01
   9.2700000e+01  -6.5035914e+01   9.7875180e+01
   9.2800000e+01   3.7964086e+01  -2.6244820e+01
   9.2900000e+01  -2.9035914e+01  -4.0564820e+01
   9.3000000e+01   3.0964086e+01  -6.8964820e+01
   9.3100000e+01   6.8964086e+01  -2.5484820e+01
   9.3200000e+01   5.0964086e+01  -7.5764820e+01
   9.3300000e+01   1.0996409e+02   6.9875180e+01
   9.3400000e+01  -7.3035914e+01   8.5195180e+01
   9.3500000e+01  -4.5035914e+01  -6.9248204e+00
   9.3600000e+01  -3.9035914e+01   5.9835180e+01
   9.3700000e+01  -6.4035914e+01   4.5835180e+01
   9.3800000e+01   4.1964086e+01  -1.5404820e+01
   9.3900000e+01  -7.5035914e+01  -5.8724820e+01
   9.4000000e+01   8.3964086e+01   3.8915180e+01
   9.4100000e+01   6.7964086e+01  -1.0444820e+01
   9.4200000e+01   5.5964086e+01   8.0351796e+00
   9.4300000e+01  -2.6035914e+01  -1.9684820e+01
   9.4400000e+01   8.1964086e+01  -2.9004820e+01
   9.4500000e+01  -4.9035914e+01   1.2623518e+02
   9.4600000e+01  -7.4035914e+01  -6.9764820e+01
   9.4700000e+01   4.2964086e+01  -3.6444820e+01
   9.4800000e+01   1.0964086e+01  -6.3164820e+01
   9.4900000e+01  -3.6035914e+01   4.5715180e+01
   9.5000000e+01  -8.2035914e+01   5.8555180e+01
   9.5100000e+01   7.5964086e+01  -2.7648204e+00
   9.5200000e+01  -9.3035914e+01  -4.2004820e+01
   9.5300000e+01   2.7964086e+01  -1.7844820e+01
   9.5400000e+01   8.9640862e+00  -3.9084820e+01
   9.5500000e+01   2.8964086e+01  -2.5884820e+01
   9.5600000e+01   3.9640862e+00   7.6115180e+01
   9.5700000e+01   1.5964086e+01   1.7635180e+01
   9.5800000e+01   1.0196409e+02   1.0119518e+02
   9.5900000e+01  -9.2035914e+01  -2.9044820e+01
   9.6000000e+01  -3.0359138e+00   1.0395180e+01
   9.6100000e+01   2.4964086e+01   2.6275180e+01
   9.6200000e+01   7.5964086e+01  -5.2764820e+01
   9.6300000e+01   1.5196409e+02   1.9195180e+01
   9.6400000e+01  -5.4035914e+01  -3.0564820e+01
   9.6500000e+01   3.9964086e+01   1.0467518e+02
   9.6600000e+01  -1.9035914e+01  -1.0596482e+02
   9.6700000e+01  -2.7035914e+01  -8.6448204e+00
   9.6800000e+01  -1.0359138e+00  -3.8684820e+01
   9.6900000e+01  -1.4203591e+02  -5.7044820e+01
   9.7000000e+01   9.6964086e+01  -1.4604820e+01
   9.7100000e+01   4.6964086e+01   1.2395180e+01
   9.7200000e+01   5.6964086e+01   2.2995180e+01
   9.7300000e+01  -8.8035914e+01   6.0795180e+01
   9.7400000e+01   5.1964086e+01   1.9195180e+01
   9.7500000e+01  -6.0359138e+00  -3.7484820e+01
   9.7600000e+01   2.6964086e+01   9.1195180e+01
   9.7700000e+01  -3.5913807e-02  -8.9724820e+01
   9.7800000e+01  -7.3035914e+01  -2.0804820e+01
   9.7900000e+01  -2.8035914e+01   7.6395180e+01
   9.8000000e+01  -5.8035914e+01  -1.8404820e+01
   9.8100000e+01   5.2964086e+01   4.7155180e+01
   9.8200000e+01   1.2496409e+02  -7.2482043e-01
   9.8300000e+01  -5.7035914e+01   2.4555180e+01
   9.8400000e+01   7.4964086e+01  -1.8724820e+01
   9.8500000e+01   1.2596409e+02   3.3235180e+01
   9.8600000e+01   1.3964086e+01   4.9715180e+01
   9.8700000e+01   1.1396409e+02  -5.2848204e+00
   9.8800000e+01  -4.3035914e+01   9.1995180e+01
   9.8900000e+01   5.2964086e+01   4.1551796e+00
   9.9000000e+01  -1.4303591e+02  -7.8004820e+01
   9.9100000e+01   3.7964086e+01  -2.2244820e+01
   9.9200000e+01   1.3964086e+01   4.6715180e+01
   9.9300000e+01  -4.3035914e+01  -1.7004820e+01
   9.9400000e+01  -1.6303591e+02   2.8795180e+01
   9.9500000e+01  -9.1035914e+01  -1.5084820e+01
   9.9600000e+01  -2.0035914e+01   8.8075180e+01
   9.9700000e+01  -8.3035914e+01   3.3595180e+01
   9.9800000e+01   4.9964086e+01   4.1275180e+01
   9.9900000e+01  -4.9035914e+01   2.2235180e+01
   1.0000000e+02  -5.2035914e+01  -6.4482043e-01
   1.0010000e+02   9.1964086e+01  -6.0404820e+01
   1.0020000e+02   1.7964086e+01  -5.4444820e+01
   1.0030000e+02   5.9640862e+00   5.2035180e+01
   1.0040000e+02   3.3964086e+01  -4.5084820e+01
   1.0050000e+02  -8.0035914e+01  -4.1524820e+01
   1.0060000e+02   1.9640862e+00  -2.9804820e+01
   1.0070000e+02  -5.9035914e+01   8.8635180e+01
   1.0080000e+02   3.9964086e+01  -3.5324820e+01
   1.0090000e+02   1.6964086e+01  -2.6404820e+01
   1.0100000e+02   5.9964086e+01   7.8751796e+00
   1.0110000e+02   9.6408619e-01   4.4235180e+01
   1.0120000e+02   1.1996409e+02  -5.5248204e+00
   1.0130000e+02  -1.0803591e+02   8.5951796e+00
   1.0140000e+02  -7.4035914e+01   1.8235180e+01
   1.0150000e+02  -3.5035914e+01  -1.3248204e+00
   1.0160000e+02   4.2964086e+01   1.5555180e+01
   1.0170000e+02  -5.9035914e+01   5.7635180e+01
   1.0180000e+02   5.7964086e+01   1.4955180e+01
   1.0190000e+02  -1.3035914e+01  -5.3204820e+01
   1.0200000e+02   4.5964086e+01   2.4351796e+00
   1.0210000e+02   1.0596409e+02  -3.8964820e+01
   1.0220000e+02   5.0964086e+01   3.3235180e+01
   1.0230000e+02   6.4964086e+01  -6.9324820e+01
   1.0240000e+02  -1.2203591e+02   3.1551796e+00
   1.0250000e+02  -1.6403591e+02  -3.2164820e+01
   1.0260000e+02   8.0964086e+01   4.8035180e+01
   1.0270000e+02   8.7964086e+01  -1.4244820e+01
   1.0280000e+02  -1.0703591e+02  -3.6444820e+01
   1.0290000e+02   4.7964086e+01   2.6355180e+01
   1.0300000e+02  -6.5035914e+01   6.2875180e+01
   1.0310000e+02  -1.6503591e+02   5.9875180e+01
   1.0320000e+02   1.0196409e+02  -1.8048204e+00
   1.0330000e+02  -2.5035914e+01  -1.1724820e+01
   1.0340000e+02   6.2964086e+01  -2.5244820e+01
   1.0350000e+02  -1.4603591e+02   5.1151796e+00
   1.0360000e+02  -4.4035914e+01  -2.8964820e+01
   1.0370000e+02  -3.0359138e+00  -4.3604820e+01
   1.0380000e+02  -6.3035914e+01   1.1795180e+01
   1.0390000e+02   1.3296409e+02  -1.8044820e+01
   1.0400000e+02  -1.1103591e+02   4.3715180e+01
   1.0410000e+02  -4.7035914e+01  -4.8448204e+00
   1.0420000e+02  -1.1035914e+01   4.9715180e+01
   1.0430000e+02  -6.3035914e+01  -1.6204820e+01
   1.0440000e+02  -1.5003591e+02   7.8275180e+01
   1.0450000e+02   1.2196409e+02  -2.4604820e+01
   1.0460000e+02  -1.0303591e+02  -2.2604820e+01
   1.0470000e+02   4.3964086e+01  -1.0548482e+02
   1.0480000e+02   4.0964086e+01  -4.7364820e+01
   1.0490000e+02  -1.3035914e+01  -9.6204820e+01
   1.0500000e+02  -1.1503591e+02  -5.4124820e+01
   1.0510000e+02  -3.3035914e+01   5.3595180e+01
   1.0520000e+02  -9.6035914e+01  -2.8848204e+00
   1.0530000e+02  -7.0035914e+01  -9.2482043e-01
   1.0540000e+02   7.6964086e+01  -2.3804820e+01
   1.0550000e+02   3.6964086e+01   3.4795180e+01
   1.0560000e+02   1.1396409e+02  -4.1284820e+01
   1.0570000e+02   6.8964086e+01   1.2515180e+01
   1.0580000e+02   3.3964086e+01  -1.0084820e+01
   1.0590000e+02   8.9964086e+01   3.6675180e+01
   1.0600000e+02   4.8964086e+01   5.6315180e+01
   1.0610000e+02  -1.0203591e+02  -5.8644820e+01
   1.0620000e+02  -5.8035914e+01  -3.1404820e+01
   1.0630000e+02  -6.7035914e+01  -4.8044820e+01
   1.0640000e+02  -5.7035914e+01  -5.4448204e+00
   1.0650000e+02  -3.3035914e+01   4.5951796e+00
   1.0660000e+02   8.5964086e+01   1.4083518e+02
   1.0670000e+02  -2.4035914e+01  -1.3764820e+01
   1.0680000e+02   1.3396409e+02  -4.8084820e+01
   1.0690000e+02   3.2964086e+01   2.2955180e+01
   1.0700000e+02   5.3964086e+01   3.0115180e+01
   1.0710000e+02   3.3964086e+01  -1.0848204e+00
   1.0720000e+02   5.6964086e+01   1.5995180e+01
   1.0730000e+02  -3.3035914e+01  -1.8404820e+01
   1.0740000e+02  -1.6035914e+01  -5.4084820e+01
   1.0750000e+02   1.7396409e+02   1.2331518e+02
   1.0760000e+02  -3.8035914e+01  -1.2048204e+00
   1.0770000e+02   2.4964086e+01   1.4127518e+02
   1.0780000e+02  -8.9035914e+01  -1.7164820e+01
   1.0790000e+02   1.4964086e+01   5.0675180e+01
   1.0800000e+02  -3.4035914e+01   8.1635180e+01
   1.0810000e+02   5.4964086e+01   1.0207518e+02
   1.0820000e+02   1.1396409e+02  -2.0284820e+01
   1.0830000e+02   1.2396409e+02   4.7315180e+01
   1.0840000e+02  -7.5035914e+01  -2.6724820e+01
   1.0850000e+02  -4.0035914e+01  -5.2124820e+01
   1.0860000e+02   7.3964086e+01   1.2315180e+01
   1.0870000e+02   1.9640862e+00  -7.8048204e+00
   1.0880000e+02  -9.8035914e+01   5.1195180e+01
   1.0890000e+02   9.1964086e+01   5.5951796e+00
   1.0900000e+02  -3.8035914e+01   1.1795180e+01
   1.0910000e+02   9.9640862e+00  -4.7124820e+01
   1.0920000e+02  -5.0035914e+01   2.9275180e+01
   1.0930000e+02  -4.2035914e+01  -4.7044820e+01
   1.0940000e+02   7.2964086e+01  -1.7644820e+01
   1.0950000e+02  -2.0035914e+01   3.8075180e+01
   1.0960000e+02   4.2964086e+01  -7.2444820e+01
   1.0970000e+02   2.5964086e+01   5.1235180e+01
   1.0980000e+02   4.4964086e+01   5.7475180e+01
   1.0990000e+02  -8.3035914e+01  -3.5404820e+01
   1.1000000e+02   9.7964086e+01   2.6355180e+01
   1.1010000e+02  -2.7035914e+01   1.8355180e+01
   1.1020000e+02   5.8964086e+01  -1.8084820e+01
   1.1030000e+02   3.8964086e+01  -5.3284820e+01
   1.1040000e+02  -7.1035914e+01   1.5311518e+02
   1.1050000e+02   5.7964086e+01   4.9551796e+00
   1.1060000e+02  -2.4035914e+01   4.4235180e+01
   1.1070000e+02   4.1964086e+01  -4.8404820e+01
   1.1080000e+02  -1.5035914e+01  -5.0124820e+01
   1.1090000e+02  -2.2035914e+01  -1.8448204e+00
   1.1100000e+02  -3.5035914e+01  -2.8324820e+01
   1.1110000e+02  -5.9035914e+01  -5.9364820e+01
   1.1120000e+02   1.0196409e+02  -3.0804820e+01
   1.1130000e+02  -3.2035914e+01   4.3555180e+01
   1.1140000e+02  -1.2703591e+02  -2.4644820e+01
   1.1150000e+02   4.4964086e+01  -4.8524820e+01
   1.1160000e+02  -8.1035914e+01   4.9515180e+01
   1.1170000e+02   2.0964086e+01   5.5435180e+01
   1.1180000e+02   1.2596409e+02  -4.7764820e+01
   1.1190000e+02  -1.1035914e+01   1.3715180e+01
   1.1200000e+02  -4.0359138e+00  -6.1564820e+01
   1.1210000e+02   1.3964086e+01  -7.5284820e+01
   1.1220000e+02   6.5964086e+01   8.6351796e+00
   1.1230000e+02  -4.8035914e+01  -7.8048204e+00
   1.1240000e+02   7.9640862e+00  -5.2044820e+01
   1.1250000e+02   3.1964086e+01  -5.4004820e+01
   1.1260000e+02   2.0496409e+02   1.0107518e+02
   1.1270000e+02   5.9640862e+00   1.0035180e+01
   1.1280000e+02  -3.1035914e+01   6.2515180e+01
   1.1290000e+02  -8.8035914e+01  -2.1204820e+01
   1.1300000e+02  -3.7035914e+01   5.0755180e+01
   1.1310000e+02  -7.4035914e+01   2.3235180e+01
   1.1320000e+02   3.7964086e+01  -9.2448204e+00
   1.1330000e+02   1.1696409e+02  -4.3404820e+01
   1.1340000e+02   1.6596409e+02  -7.0364820e+01
   1.1350000e+02  -6.0359138e+00   4.6515180e+01
   1.1360000e+02   4.7964086e+01   4.6355180e+01
   1.1370000e+02   3.0964086e+01   4.3035180e+01
   1.1380000e+02   6.4964086e+01  -6.9324820e+01
   1.1390000e+02   5.4964086e+01  -1.1992482e+02
   1.1400000e+02  -2.2035914e+01   3.6155180e+01
   1.1410000e+02   2.4964086e+01  -3.0724820e+01
   1.1420000e+02   8.1964086e+01   2.6995180e+01
   1.1430000e+02  -1.9035914e+01  -3.9964820e+01
   1.1440000e+02   3.4964086e+01  -6.1124820e+01
   1.1450000e+02  -1.6203591e+02  -2.3244820e+01
   1.1460000e+02  -5.1035914e+01   9.3151796e+00
   1.1470000e+02  -7.1035914e+01   6.1115180e+01
   1.1480000e+02   4.5964086e+01  -7.1564820e+01
   1.1490000e+02   1.2096409e+02   1.3435180e+01
   1.1500000e+02  -8.6035914e+01  -2.7284820e+01
   1.1510000e+02  -5.0035914e+01  -1.2724820e+01
   1.1520000e+02  -3.6035914e+01  -1.1284820e+01
   1.1530000e+02  -1.0103591e+02  -1.7684820e+01
   1.1540000e+02   3.4964086e+01   5.8875180e+01
   1.1550000e+02   1.1296409e+02   7.5517957e-01
   1.1560000e+02  -2.0035914e+01  -1.7924820e+01
   1.1570000e+02   3.9640862e+00  -2.6884820e+01
   1.1580000e+02   4.9964086e+01  -2.2724820e+01
   1.1590000e+02   1.2964086e+01  -4.4244820e+01
   1.1600000e+02  -9.6035914e+01  -3.2884820e+01
   1.1610000e+02   1.6964086e+01   4.1595180e+01
   1.1620000e+02  -2.4035914e+01  -2.4764820e+01
   1.1630000e+02  -1.1035914e+01   1.9715180e+01
   1.1640000e+02  -2.0035914e+01   1.9075180e+01
   1.1650000e+02  -8.1035914e+01  -3.0484820e+01
   1.1660000e+02   2.5896409e+02   3.2915180e+01
   1.1670000e+02  -3.6035914e+01   3.2715180e+01
   1.1680000e+02   3.1964086e+01   4.3995180e+01
   1.1690000e+02  -4.7035914e+01  -2.0844820e+01
   1.1700000e+02  -5.0359138e+00   1.4751796e+00
   1.1710000e+02   5.4964086e+01  -1.7924820e+01
   1.1720000e+02   1.2796409e+02   5.6155180e+01
   1.1730000e+02  -3.2035914e+01   6.1555180e+01
   1.1740000e+02  -2.0359138e+00  -8.0644820e+01
   1.1750000e+02  -1.4035914e+01  -1.0164820e+01
   1.1760000e+02  -3.7035914e+01  -6.1244820e+01
   1.1770000e+02  -8.4035914e+01  -6.3364820e+01
   1.1780000e+02   4.6964086e+01   6.4395180e+01
   1.1790000e+02  -1.8035914e+01   6.1995180e+01
   1.1800000e+02  -2.0359138e+00  -3.3644820e+01
   1.1810000e+02  -1.7035914e+01  -2.0044820e+01
   1.1820000e+02  -2.2035914e+01   5.1551796e+00
   1.1830000e+02  -9.4035914e+01  -5.9964820e+01
   1.1840000e+02   1.9196409e+02  -1.3140482e+02
   1.1850000e+02  -5.0359138e+00  -3.7524820e+01
   1.1860000e+02   3.7964086e+01   6.2755180e+01
   1.1870000e+02  -1.3903591e+02   2.2835180e+01
   1.1880000e+02  -7.0035914e+01  -1.9924820e+01
   1.1890000e+02   3.7964086e+01  -8.2448204e+00
   1.1900000e+02   3.0964086e+01  -6.4964820e+01
   1.1910000e+02  -7.0035914e+01   1.0007518e+02
   1.1920000e+02   1.0696409e+02   2.1995180e+01
   1.1930000e+02   1.9964086e+01  -4.5248204e+00
   1.1940000e+02   5.5964086e+01  -3.2964820e+01
   1.1950000e+02   6.6964086e+01   6.1595180e+01
   1.1960000e+02   5.9640862e+00  -4.1964820e+01
   1.1970000e+02   6.5964086e+01  -6.8364820e+01
   1.1980000e+02  -9.2035914e+01   8.3955180e+01
   1.1990000e+02   2.9964086e+01  -6.0924820e+01
   1.2000000e+02  -6.9035914e+01   5.5035180e+01
   1.2010000e+02  -2.4035914e+01   6.2235180e+01
   1.2020000e+02  -5.1035914e+01  -1.8684820e+01
   1.2030000e+02   2.7964086e+01   6.1551796e+00
   1.2040000e+02   1.5396409e+02  -4.1884820e+01
   1.2050000e+02   2.4964086e+01  -2.7248204e+00
   1.2060000e+02  -5.0035914e+01  -5.7724820e+01
   1.2070000e+02  -1.2403591e+02   6.6235180e+01
   1.2080000e+02  -3.5035914e+01   4.1675180e+01
   1.2090000e+02   4.2964086e+01  -5.4448204e+00
   1.2100000e+02   3.0964086e+01  -2.5964820e+01
   1.2110000e+02  -4.7035914e+01  -4.1844820e+01
   1.2120000e+02  -5.0359138e+00  -1.0524820e+01
   1.2130000e+02  -7.9035914e+01   1.3435180e+01
   1.2140000e+02   1.4964086e+01   1.0675180e+01
   1.2150000e+02   6.8964086e+01   2.9515180e+01
   1.2160000e+02   2.0964086e+01   1.5435180e+01
   1.2170000e+02  -1.7035914e+01   3.5955180e+01
   1.2180000e+02   9.9640862e+00  -5.5124820e+01
   1.2190000e+02  -1.7035914e+01  -2.3044820e+01
   1.2200000e+02  -5.0359138e+00  -1.5524820e+01
   1.2210000e+02  -8.9035914e+01   3.0835180e+01
   1.2220000e+02   5.9964086e+01  -1.5124820e+01
   1.2230000e+02   6.9640862e+00  -8.3004820e+01
   1.2240000e+02  -2.1035914e+01   6.4115180e+01
   1.2250000e+02   6.9964086e+01  -5.1524820e+01
   1.2260000e+02  -8.7035914e+01  -8.2448204e+00
   1.2270000e+02   2.4964086e+01   3.2275180e+01
   1.2280000e+02  -1.2035914e+01  -1.1024482e+02
   1.2290000e+02  -6.6035914e+01  -5.3084820e+01
   1.2300000e+02   6.4964086e+01  -4.3324820e+01
   1.2310000e+02  -1.8403591e+02   7.6351796e+00
   1.2320000e+02  -1.7035914e+01  -6.1044820e+01
   1.2330000e+02  -7.6035914e+01   2.3151796e+00
   1.2340000e+02   7.8964086e+01  -8.9884820e+01
   1.2350000e+02  -1.4903591e+02   2.2235180e+01
   1.2360000e+02  -5.0359138e+00   7.3475180e+01
   1.2370000e+02  -7.0035914e+01   6.4075180e+01
   1.2380000e+02  -6.8035914e+01  -4.2004820e+01
   1.2390000e+02   7.2964086e+01   5.4355180e+01
   1.2400000e+02  -1.3403591e+02  -3.7364820e+01
   1.2410000e+02   1.8964086e+01  -9.6484820e+01
   1.2420000e+02   9.0964086e+01  -1.5364820e+01
   1.2430000e+02   9.3964086e+01  -6.3484820e+01
   1.2440000e+02  -2.8035914e+01  -1.9604820e+01
   1.2450000e+02  -2.3035914e+01   3.2195180e+01
   1.2460000e+02   4.0964086e+01  -5.2364820e+01
   1.2470000e+02   6.9640862e+00  -4.8204310e-03
   1.2480000e+02   1.0996409e+02   4.9875180e+01
   1.2490000e+02   8.8964086e+01   2.7151796e+00
   1.2500000e+02  -7.5035914e+01  -7.2482043e-01
   1.2510000e+02  -3.1035914e+01   5.7515180e+01
   1.2520000e+02   1.5964086e+01   6.7635180e+01
   1.2530000e+02  -5.4035914e+01  -9.5648204e+00
   1.2540000e+02  -5.5035914e+01   2.5475180e+01
   1.2550000e+02  -3.3035914e+01  -1.6404820e+01
   1.2560000e+02  -1.1703591e+02  -1.9044820e+01
   1.2570000e+02  -1.0903591e+02  -2.6364820e+01
   1.2580000e+02   1.0964086e+01  -1.8164820e+01
   1.2590000e+02  -1.1103591e+02  -2.8482043e-01
   1.2600000e+02  -1.0035914e+01  -2.4324820e+01
   1.2610000e+02  -2.8035914e+01   2.5395180e+01
   1.2620000e+02   4.8964086e+01  -1.7684820e+01
   1.2630000e+02   2.8964086e+01   4.1151796e+00
   1.2640000e+02   9.9640862e+00  -5.7124820e+01
   1.2650000e+02  -7.0359138e+00   1.5555180e+01
   1.2660000e+02  -1.2403591e+02   6.1235180e+01
   1.2670000e+02   7.0964086e+01   1.0435180e+01
   1.2680000e+02  -9.7035914e+01  -1.9844820e+01
   1.2690000e+02   7.9964086e+01  -1.1924820e+01
   1.2700000e+02   8.3964086e+01  -1.8084820e+01
   1.2710000e+02  -2.7035914e+01   1.9355180e+01
   1.2720000e+02   1.5896409e+02  -2.1084820e+01
   1.2730000e+02  -2.8035914e+01  -1.9604820e+01
   1.2740000e+02  -1.2103591e+02   1.8115180e+01
   1.2750000e+02  -7.8035914e+01   4.5395180e+01
   1.2760000e+02  -2.8035914e+01  -2.7604820e+01
   1.2770000e+02   1.1196409e+02  -2.4204820e+01
   1.2780000e+02   4.1964086e+01   1.0059518e+02
   1.2790000e+02  -7.2035914e+01   1.6815518e+02
   1.2800000e+02   2.4964086e+01  -6.0724820e+01
   1.2810000e+02  -8.6035914e+01   2.7151796e+00
   1.2820000e+02  -2.5035914e+01  -1.7248204e+00
   1.2830000e+02   3.4964086e+01   4.5875180e+01
   1.2840000e+02  -3.5913807e-02  -2.4724820e+01
   1.2850000e+02   6.9640862e+00  -1.5004820e+01
   1.2860000e+02  -8.6035914e+01   1.6715180e+01
   1.2870000e+02  -9.1035914e+01  -4.6084820e+01
   1.2880000e+02   4.6964086e+01   6.3951796e+00
   1.2890000e+02  -4.0359138e+00  -6.9564820e+01
   1.2900000e+02   2.4964086e+01   5.2275180e+01
   1.2910000e+02   6.6964086e+01   8.5951796e+00
   1.2920000e+02  -9.4035914e+01  -9.9648204e+00
   1.2930000e+02   2.4964086e+01   8.8275180e+01
   1.2940000e+02  -6.2035914e+01   4.7755180e+01
   1.2950000e+02  -6.3035914e+01   2.6795180e+01
   1.2960000e+02   3.2964086e+01  -4.3044820e+01
   1.2970000e+02  -7.0359138e+00   1.9555180e+01
   1.2980000e+02   6.0964086e+01   1.0835180e+01
   1.2990000e+02  -3.1035914e+01   5.1515180e+01
   1.3000000e+02   9.6408619e-01  -1.1764820e+01
   1.3010000e+02  -2.9035914e+01  -5.4564820e+01
   1.3020000e+02  -7.0359138e+00  -2.7444820e+01
   1.3030000e+02  -6.5035914e+01   8.8751796e+00
   1.3040000e+02   2.5964086e+01   4.4235180e+01
   1.3050000e+02  -2.6035914e+01  -3.3684820e+01
   1.3060000e+02   1.3596409e+02  -3.5164820e+01
   1.3070000e+02  -1.0035914e+01  -5.8324820e+01
   1.3080000e+02  -4.3035914e+01   5.3995180e+01
   1.3090000e+02  -9.7035914e+01   4.9155180e+01
   1.3100000e+02  -5.2035914e+01   7.2355180e+01
   1.3110000e+02   4.0964086e+01  -2.1364820e+01
   1.3120000e+02  -1.8035914e+01   5.2995180e+01
   1.3130000e+02   1.6964086e+01  -1.7404820e+01
   1.3140000e+02  -1.1035914e+01  -5.6284820e+01
   1.3150000e+02  -9.1035914e+01   9.6915180e+01
   1.3160000e+02   3.7964086e+01  -4.7244820e+01
   1.3170000e+02   1.0196409e+02  -1.9804820e+01
   1.3180000e+02  -2.9035914e+01  -4.8564820e+01
   1.3190000e+02  -3.0359138e+00  -2.2604820e+01
   1.3200000e+02   7.9964086e+01   2.0751796e+00
   1.3210000e+02   7.9640862e+00  -4.1044820e+01
   1.3220000e+02  -3.7035914e+01   3.8755180e+01
   1.3230000e+02   3.9964086e+01  -5.4324820e+01
   1.3240000e+02  -1.1503591e+02   5.9875180e+01
   1.3250000e+02  -1.2303591e+02   1.5919518e+02
   1.3260000e+02  -4.2035914e+01  -5.1044820e+01
   1.3270000e+02   2.9640862e+00  -1.7844820e+01
   1.3280000e+02  -6.5035914e+01  -6.6124820e+01
   1.3290000e+02   1.1196409e+02  -3.6204820e+01
   1.3300000e+02  -1.7703591e+02  -3.0644820e+01
   1.3310000e+02   1.3796409e+02  -4.3244820e+01
   1.3320000e+02   2.5964086e+01   3.2235180e+01
   1.3330000e+02  -1.5903591e+02  -4.6364820e+01
   1.3340000e+02   6.3964086e+01   1.0715180e+01
   1.3350000e+02   3.3964086e+01   1.4915180e+01
   1.3360000e+02   7.0964086e+01   4.3435180e+01
   1.3370000e+02   7.6964086e+01  -1.0680482e+02
   1.3380000e+02  -6.9035914e+01  -3.4964820e+01
   1.3390000e+02   7.8964086e+01   9.1115180e+01
   1.3400000e+02  -2.8035914e+01  -5.2604820e+01
   1.3410000e+02  -3.9035914e+01   9.8351796e+00
   1.3420000e+02  -2.6035914e+01  -1.9684820e+01
   1.3430000e+02   2.1964086e+01  -2.0604820e+01
   1.3440000e+02  -1.4603591e+02   3.7115180e+01
   1.3450000e+02   5.0964086e+01  -5.3764820e+01
   1.3460000e+02  -4.5035914e+01  -2.3924820e+01
   1.3470000e+02  -1.6035914e+01  -4.4084820e+01
   1.3480000e+02  -1.0103591e+02  -1.6684820e+01
   1.3490000e+02  -1.5035914e+01  -1.1112482e+02
   1.3500000e+02  -7.0359138e+00  -2.6444820e+01
   1.3510000e+02  -1.0603591e+02   1.7515180e+01
   1.3520000e+02  -8.0359138e+00   5.5595180e+01
   1.3530000e+02  -7.5035914e+01  -1.9724820e+01
   1.3540000e+02  -1.4703591e+02  -5.4844820e+01
   1.3550000e+02   9.5964086e+01  -6.9564820e+01
   1.3560000e+02  -1.1403591e+02  -3.1164820e+01
   1.3570000e+02  -2.8035914e+01   5.3951796e+00
   1.3580000e+02  -1.1003591e+02  -8.2324820e+01
   1.3590000e+02  -3.1035914e+01  -6.2484820e+01
   1.3600000e+02   3.4964086e+01  -1.4124820e+01
   1.3610000e+02  -7.9035914e+01   1.3435180e+01
   1.3620000e+02  -6.0035914e+01   8.2675180e+01
   1.3630000e+02  -5.9035914e+01   9.6351796e+00
   1.3640000e+02   1.3396409e+02  -4.7084820e+01
   1.3650000e+02  -5.3035914e+01  -5.7604820e+01
   1.3660000e+02   5.4964086e+01  -6.3924820e+01
   1.3670000e+02   5.9640862e+00  -6.5964820e+01
   1.3680000e+02  -4.4035914e+01   1.6035180e+01
   1.3690000e+02   5.5964086e+01  -1.9964820e+01
   1.3700000e+02   5.9640862e+00   3.0351796e+00
   1.3710000e+02  -1.4603591e+02   1.8611518e+02
   1.3720000e+02   9.2964086e+01   1.7555180e+01
   1.3730000e+02  -4.3035914e+01   2.4995180e+01
   1.3740000e+02  -7.0359138e+00   5.5555180e+01
   1.3750000e+02  -6.1035914e+01  -4.0284820e+01
   1.3760000e+02   1.1696409e+02   1.3595180e+01
   1.3770000e+02  -1.0703591e+02  -5.4444820e+01
   1.3780000e+02  -3.0035914e+01   6.5475180e+01
   1.3790000e+02   4.4964086e+01  -2.3524820e+01
   1.3800000e+02  -6.5035914e+01  -6.1124820e+01
   1.3810000e+02  -3.4035914e+01  -3.4364820e+01
   1.3820000e+02   3.9640862e+00   6.1151796e+00
   1.3830000e+02  -3.6035914e+01  -4.1284820e+01
   1.3840000e+02   5.7964086e+01   1.2295518e+02
   1.3850000e+02  -1.0035914e+01  -2.0324820e+01
   1.3860000e+02   2.9964086e+01  -4.5924820e+01
   1.3870000e+02   4.7964086e+01  -7.6448204e+00
   1.3880000e+02   5.6964086e+01   9.9517957e-01
   1.3890000e+02  -8.7035914e+01  -3.6244820e+01
   1.3900000e+02   1.2196409e+02  -5.6048204e+00
   1.3910000e+02  -4.5035914e+01   3.7075180e+01
   1.3920000e+02  -7.0035914e+01   2.3075180e+01
   1.3930000e+02   1.1796409e+02   6.5551796e+00
   1.3940000e+02  -1.7035914e+01  -4.0448204e+00
   1.3950000e+02   6.9640862e+00   5.6995180e+01
   1.3960000e+02   8.9964086e+01  -2.3248204e+00
   1.3970000e+02   1.0196409e+02   1.8195180e+01
   1.3980000e+02   7.3964086e+01   4.2315180e+01
   1.3990000e+02   8.6964086e+01  -4.7204820e+01
   1.4000000e+02   3.8964086e+01  -3.4284820e+01
   1.4010000e+02   1.1896409e+02  -4.4848204e+00
   1.4020000e+02  -1.2035914e+01   5.7551796e+00
   1.4030000e+02  -1.6035914e+01   3.5915180e+01
   1.4040000e+02   7.8964086e+01   1.5115180e+01
   1.4050000e+02   5.9640862e+00  -3.8964820e+01
   1.4060000e+02   1.0964086e+01   3.9835180e+01
   1.4070000e+02  -2.8035914e+01  -1.1604820e+01
   1.4080000e+02  -5.0035914e+01   4.9275180e+01
   1.4090000e+02  -7.0359138e+00   6.5551796e+00
   1.4100000e+02  -9.8035914e+01   1.5819518e+02
   1.4110000e+02  -7.5035914e+01  -3.9724820e+01
   1.4120000e+02   2.1964086e+01  -2.0604820e+01
   1.4130000e+02   5.1964086e+01  -1.7804820e+01
   1.4140000e+02   4.7964086e+01   2.4355180e+01
   1.4150000e+02  -3.4035914e+01   2.3635180e+01
   1.4160000e+02  -4.5035914e+01   7.0751796e+00
   1.4170000e+02  -7.3035914e+01   1.8195180e+01
   1.4180000e+02  -4.9035914e+01  -4.9764820e+01
   1.4190000e+02   2.8964086e+01   3.5115180e+01
   1.4200000e+02   9.0964086e+01  -3.3648204e+00
   1.4210000e+02  -1.9035914e+01  -5.0964820e+01
   1.4220000e+02  -6.8035914e+01   1.5995180e+01
   1.4230000e+02   9.9964086e+01   2.2275180e+01
   1.4240000e+02  -7.8035914e+01   2.3951796e+00
   1.4250000e+02   7.2964086e+01  -4.6448204e+00
   1.4260000e+02  -9.6035914e+01   3.1115180e+01
   1.4270000e+02  -6.4035914e+01  -2.1164820e+01
   1.4280000e+02   2.2964086e+01   3.3551796e+00
   1.4290000e+02  -2.1035914e+01  -5.8848204e+00
   1.4300000e+02  -8.0359138e+00   4.3595180e+01
   1.4310000e+02  -4.1035914e+01  -7.4084820e+01
   1.4320000e+02  -5.2035914e+01   8.7355180e+01
   1.4330000e+02  -3.9035914e+01   1.0483518e+02
   1.4340000e+02  -7.1035914e+01   1.2115180e+01
   1.4350000e+02   1.4896409e+02  -4.1684820e+01
   1.4360000e+02  -8.6035914e+01  -5.2848204e+00
   1.4370000e+02  -2.1035914e+01  -2.6884820e+01
   1.4380000e+02   1.2896409e+02  -1.5884820e+01
   1.4390000e+02  -3.8035914e+01  -2.4204820e+01
   1.4400000e+02   6.9640862e+00  -9.0048204e+00
   1.4410000e+02  -7.4035914e+01  -7.3764820e+01
   1.4420000e+02  -9.2035914e+01  -9.6044820e+01
   1.4430000e+02   1.3596409e+02  -4.3164820e+01
   1.4440000e+02  -3.2035914e+01  -5.6444820e+01
   1.4450000e+02  -8.2035914e+01  -2.7444820e+01
   1.4460000e+02  -5.3035914e+01   7.3951796e+00
   1.4470000e+02   6.9640862e+00   1.6995180e+01
   1.4480000e+02   1.1964086e+01   4.2795180e+01
   1.4490000e+02  -8.7035914e+01  -3.7244820e+01
   1.4500000e+02  -5.3035914e+01  -5.4604820e+01
   1.4510000e+02   1.0496409e+02  -8.9248204e+00
   1.4520000e+02   5.0964086e+01   5.8235180e+01
   1.4530000e+02   1.6964086e+01   7.5595180e+01
   1.4540000e+02   1.2964086e+01   1.1775518e+02
   1.4550000e+02  -7.5035914e+01   2.1275180e+01
   1.4560000e+02  -5.7035914e+01   6.3555180e+01
   1.4570000e+02   5.8964086e+01  -2.0848204e+00
   1.4580000e+02   1.8196409e+02   1.5995180e+01
   1.4590000e+02  -1.1703591e+02   1.0955180e+01
   1.4600000e+02  -5.6035914e+01   4.2515180e+01
   1.4610000e+02   6.0964086e+01  -6.6164820e+01
   1.4620000e+02  -7.1035914e+01   3.9115180e+01
   1.4630000e+02   8.9640862e+00  -5.7084820e+01
   1.4640000e+02   1.1596409e+02   1.1663518e+02
   1.4650000e+02   6.1964086e+01   6.9795180e+01
   1.4660000e+02   6.8964086e+01   9.5151796e+00
   1.4670000e+02  -7.2035914e+01  -2.8844820e+01
   1.4680000e+02  -7.7035914e+01   1.7355180e+01
   1.4690000e+02   1.1964086e+01  -2.0482043e-01
   1.4700000e+02   4.2964086e+01   9.6555180e+01
   1.4710000e+02   8.7964086e+01   3.7551796e+00
   1.4720000e+02  -2.8035914e+01  -3.0604820e+01
   1.4730000e+02   1.1796409e+02  -1.1444820e+01
   1.4740000e+02   3.3964086e+01  -2.6084820e+01
   1.4750000e+02   1.3964086e+01   1.1715180e+01
   1.4760000e+02  -7.5035914e+01   6.5275180e+01
   1.4770000e+02   6.5964086e+01   4.1635180e+01
   1.4780000e+02   5.2964086e+01  -2.0844820e+01
   1.4790000e+02  -1.6035914e+01  -6.5084820e+01
   1.4800000e+02   1.4096409e+02  -6.3648204e+00
   1.4810000e+02   5.1964086e+01   4.1951796e+00
   1.4820000e+02   1.6896409e+02   5.5151796e+00
   1.4830000e+02   1.1964086e+01   9.7795180e+01
   1.4840000e+02   7.9964086e+01  -3.4924820e+01
   1.4850000e+02   3.8964086e+01   6.1715180e+01
   1.4860000e+02   9.6408619e-01  -4.7648204e+00
   1.4870000e+02   1.9640862e+00  -2.5804820e+01
   1.4880000e+02  -8.0359138e+00  -1.7404820e+01
   1.4890000e+02  -8.7035914e+01   4.8755180e+01
   1.4900000e+02  -1.0359138e+00   1.1315180e+01
   1.4910000e+02  -4.7035914e+01  -1.4844820e+01
   1.4920000e+02   1.0964086e+01  -1.3164820e+01
   1.4930000e+02  -3.2035914e+01  -2.1444820e+01
   1.4940000e+02   6.4964086e+01  -2.7324820e+01
   1.4950000e+02   2.7964086e+01  -2.7844820e+01
   1.4960000e+02   5.9640862e+00  -3.4964820e+01
   1.4970000e+02   7.0964086e+01  -2.6564820e+01
   1.4980000e+02  -1.4035914e+01   7.6835180e+01
   1.4990000e+02  -1.0803591e+02  -3.1404820e+01
   1.5000000e+02  -5.6035914e+01  -1.2484820e+01
   1.5010000e+02  -1.5403591e+02  -6.1564820e+01
   1.5020000e+02   2.6964086e+01  -3.9804820e+01
   1.5030000e+02   1.4964086e+01  -5.7324820e+01
   1.5040000e+02   1.6964086e+01   8.5951796e+00
   1.5050000e+02  -9.2035914e+01   6.7955180e+01
   1.5060000e+02   1.1196409e+02   4.9795180e+01
   1.5070000e+02   1.3964086e+01  -5.2284820e+01
   1.5080000e+02   4.5964086e+01   5.4351796e+00
   1.5090000e+02  -6.9035914e+01   2.8035180e+01
   1.5100000e+02   6.7964086e+01  -5.9444820e+01
   1.5110000e+02   7.1964086e+01  -4.2604820e+01
   1.5120000e+02   9.0964086e+01  -9.7364820e+01
   1.5130000e+02  -7.0359138e+00  -4.0444820e+01
   1.5140000e+02   9.6408619e-01  -2.6764820e+01
   1.5150000e+02  -1.2403591e+02  -3.1764820e+01
   1.5160000e+02   3.9640862e+00  -9.2884820e+01
   1.5170000e+02   1.1796409e+02  -5.9444820e+01
   1.5180000e+02  -2.7035914e+01  -2.1644820e+01
   1.5190000e+02  -4.3035914e+01   2.9951796e+00
   1.5200000e+02  -1.1035914e+01  -9.2284820e+01
   1.5210000e+02   3.8964086e+01  -9.8284820e+01
   1.5220000e+02   1.7696409e+02  -9.6804820e+01
   1.5230000e+02   1.5396409e+02  -3.8848204e+00
   1.5240000e+02   9.9640862e+00  -5.5124820e+01
   1.5250000e+02   1.2964086e+01  -5.1244820e+01
   1.5260000e+02   8.0964086e+01   2.0351796e+00
   1.5270000e+02  -4.1035914e+01  -3.7084820e+01
   1.5280000e+02   8.8964086e+01   2.7715180e+01
   1.5290000e+02   1.4496409e+02  -5.1524820e+01
   1.5300000e+02  -3.5035914e+01   5.7675180e+01
   1.5310000e+02   8.9964086e+01  -3.4324820e+01
   1.5320000e+02  -1.1003591e+02  -1.1324820e+01
   1.5330000e+02   2.1996409e+02   8.1475180e+01
   1.5340000e+02  -1.6035914e+01  -7.1084820e+01
   1.5350000e+02  -1.6203591e+02  -3.7244820e+01
   1.5360000e+02   4.3964086e+01  -7.5484820e+01
   1.5370000e+02   1.1296409e+02   9.4755180e+01
   1.5380000e+02   2.2964086e+01   1.2935518e+02
   1.5390000e+02  -6.5035914e+01  -3.8124820e+01
   1.5400000e+02   8.8964086e+01  -1.1928482e+02
   1.5410000e+02  -1.0303591e+02  -3.5604820e+01
   1.5420000e+02   9.5964086e+01   4.2435180e+01
   1.5430000e+02  -2.0359138e+00  -6.1644820e+01
   1.5440000e+02   3.9640862e+00  -6.7884820e+01
   1.5450000e+02   4.9640862e+00   5.8075180e+01
   1.5460000e+02   5.8964086e+01  -8.9084820e+01
   1.5470000e+02   7.7964086e+01  -4.8844820e+01
   1.5480000e+02   1.0964086e+01  -1.8164820e+01
   1.5490000e+02  -6.9035914e+01  -3.3964820e+01
   1.5500000e+02   1.2796409e+02  -6.2844820e+01
   1.5510000e+02  -5.4035914e+01  -4.9564820e+01
   1.5520000e+02   6.5964086e+01   1.8635180e+01
   1.5530000e+02   5.2964086e+01  -3.7844820e+01
   1.5540000e+02   1.7896409e+02   1.6115180e+01
   1.5550000e+02   8.9964086e+01  -3.0324820e+01
   1.5560000e+02  -7.1035914e+01  -7.6884820e+01
   1.5570000e+02  -6.0035914e+01   1.9675180e+01
   1.5580000e+02   1.1396409e+02   6.6715180e+01
   1.5590000e+02   9.6408619e-01  -3.0764820e+01
   1.5600000e+02   4.0964086e+01  -2.2364820e+01
   1.5610000e+02  -9.6035914e+01   2.9115180e+01
   1.5620000e+02  -1.5035914e+01  -3.7124820e+01
   1.5630000e+02  -8.7035914e+01  -2.3244820e+01
   1.5640000e+02  -1.7035914e+01  -5.0448204e+00
   1.5650000e+02   1.9596409e+02  -6.3564820e+01
   1.5660000e+02   9.9640862e+00   6.1875180e+01
   1.5670000e+02  -1.1703591e+02   7.1955180e+01
   1.5680000e+02   7.9640862e+00  -7.1044820e+01
   1.5690000e+02   8.8964086e+01   7.8715180e+01
   1.5700000e+02   4.7964086e+01   1.4355180e+01
   1.5710000e+02   1.7964086e+01   5.5517957e-01
   1.5720000e+02  -8.0359138e+00  -9.4048204e+00
   1.5730000e+02  -2.3035914e+01  -2.8048204e+00
   1.5740000e+02   1.0196409e+02   1.4195180e+01
   1.5750000e+02   5.8964086e+01  -4.2084820e+01
   1.5760000e+02   9.2964086e+01   1.3255518e+02
   1.5770000e+02   4.2964086e+01  -1.2444820e+01
   1.5780000e+02   1.0496409e+02  -4.2924820e+01
   1.5790000e+02   1.0296409e+02   1.1551796e+00
   1.5800000e+02  -1.1703591e+02   4.2955180e+01
   1.5810000e+02   9.6408619e-01  -3.0764820e+01
   1.5820000e+02   1.3396409e+02   2.3915180e+01
   1.5830000e+02  -9.4035914e+01   6.3035180e+01
   1.5840000e+02  -3.1035914e+01   2.5151796e+00
   1.5850000e+02   1.6396409e+02   2.0715180e+01
   1.5860000e+02   4.8964086e+01   8.8315180e+01
   1.5870000e+02  -1.7035914e+01   6.5955180e+01
   1.5880000e+02   4.4964086e+01   7.6475180e+01
   1.5890000e+02   5.4964086e+01  -1.8924820e+01
   1.5900000e+02  -5.5035914e+01   8.6475180e+01
   1.5910000e+02  -4.2035914e+01   1.2955180e+01
   1.5920000e+02  -4.4035914e+01  -8.9648204e+00
   1.5930000e+02   1.4996409e+02   1.8275180e+01
   1.5940000e+02  -3.2035914e+01   1.8555180e+01
   1.5950000e+02   7.7964086e+01  -1.0844820e+01
   1.5960000e+02   5.7964086e+01  -6.4044820e+01
   1.5970000e+02   5.1964086e+01  -5.4804820e+01
   1.5980000e+02  -2.4035914e+01  -4.7648204e+00
   1.5990000e+02   2.0964086e+01   3.6435180e+01
   1.6000000e+02  -2.4035914e+01   6.2351796e+00
   1.6010000e+02  -9.8035914e+01   5.8195180e+01
   1.6020000e+02  -1.0359138e+00   1.6315180e+01
   1.6030000e+02  -2.3035914e+01  -2.5804820e+01
   1.6040000e+02   1.2964086e+01  -1.9244820e+01
   1.6050000e+02  -1.2603591e+02   1.3315180e+01
   1.6060000e+02  -7.8035914e+01   1.8395180e+01
   1.6070000e+02  -5.5035914e+01  -4.2524820e+01
   1.6080000e+02   3.6964086e+01   5.4795180e+01
   1.6090000e+02   6.0964086e+01  -2.4164820e+01
   1.6100000e+02   2.6964086e+01   1.8195180e+01
   1.6110000e+02  -1.1203591e+02  -5.2448204e+00
   1.6120000e+02   1.0896409e+02   2.2915180e+01
   1.6130000e+02  -5.8035914e+01  -1.1404820e+01
   1.6140000e+02  -1.2203591e+02  -5.3844820e+01
   1.6150000e+02  -1.7303591e+02   2.7195180e+01
   1.6160000e+02  -6.6035914e+01  -5.0848204e+00
   1.6170000e+02  -2.8035914e+01   5.8395180e+01
   1.6180000e+02   1.2964086e+01  -4.2244820e+01
   1.6190000e+02  -8.2035914e+01  -6.2444820e+01
   1.6200000e+02  -1.0603591e+02  -4.4484820e+01
   1.6210000e+02  -6.2035914e+01   2.0755180e+01
   1.6220000e+02   1.9964086e+01   4.4475180e+01
   1.6230000e+02  -8.6035914e+01  -8.4284820e+01
   1.6240000e+02  -9.1035914e+01   4.5915180e+01
   1.6250000e+02   8.3964086e+01  -7.2084820e+01
   1.6260000e+02  -1.0403591e+02   5.9435180e+01
   1.6270000e+02   4.0964086e+01  -8.0364820e+01
   1.6280000e+02  -4.5035914e+01  -2.7924820e+01
   1.6290000e+02   8.9640862e+00  -3.1084820e+01
   1.6300000e+02  -3.7035914e+01   1.5755180e+01
   1.6310000e+02   4.8964086e+01  -8.8684820e+01
   1.6320000e+02  -2.5035914e+01  -4.7248204e+00
   1.6330000e+02  -5.6035914e+01  -5.4484820e+01
   1.6340000e+02   2.1964086e+01  -7.6048204e+00
   1.6350000e+02  -2.2035914e+01  -5.9844820e+01
   1.6360000e+02   8.9640862e+00   5.0915180e+01
   1.6370000e+02  -9.0359138e+00  -5.4364820e+01
   1.6380000e+02  -4.0035914e+01  -7.2124820e+01
   1.6390000e+02   6.9964086e+01   1.4751796e+00
   1.6400000e+02   3.0964086e+01  -1.5964820e+01
   1.6410000e+02   1.0996409e+02   2.5875180e+01
   1.6420000e+02  -6.1035914e+01  -5.1284820e+01
   1.6430000e+02   9.6964086e+01   5.9395180e+01
   1.6440000e+02  -7.2035914e+01   1.9155180e+01
   1.6450000e+02   1.1096409e+02   1.8835180e+01
   1.6460000e+02  -3.3035914e+01  -5.0404820e+01
   1.6470000e+02  -1.1803591e+02   6.2995180e+01
   1.6480000e+02   6.0964086e+01   2.8835180e+01
   1.6490000e+02   2.8964086e+01   5.3115180e+01
   1.6500000e+02  -5.1035914e+01   4.9315180e+01
   1.6510000e+02  -5.7035914e+01  -4.1444820e+01
   1.6520000e+02   6.5964086e+01   2.1635180e+01
   1.6530000e+02   2.2964086e+01  -5.9644820e+01
   1.6540000e+02  -1.3703591e+02   6.7755180e+01
   1.6550000e+02  -6.6035914e+01   3.2915180e+01
   1.6560000e+02  -6.7035914e+01   2.9551796e+00
   1.6570000e+02  -3.4035914e+01  -6.7364820e+01
   1.6580000e+02   9.9640862e+00   3.8751796e+00
   1.6590000e+02  -7.8035914e+01  -1.2604820e+01
   1.6600000e+02  -4.8035914e+01   1.0819518e+02
   1.6610000e+02   8.0964086e+01  -1.8964820e+01
   1.6620000e+02   4.7964086e+01   5.1355180e+01
   1.6630000e+02  -4.5035914e+01  -1.6924820e+01
   1.6640000e+02  -1.2003591e+02  -3.1924820e+01
   1.6650000e+02   2.0964086e+01  -5.8564820e+01
   1.6660000e+02   4.1964086e+01  -1.5404820e+01
   1.6670000e+02  -2.9035914e+01   2.0435180e+01
   1.6680000e+02   3.9640862e+00   1.1115180e+01
   1.6690000e+02   9.8964086e+01  -5.7684820e+01
   1.6700000e+02   9.6964086e+01  -3.4604820e+01
   1.6710000e+02  -1.0403591e+02   7.1435180e+01
   1.6720000e+02   1.6964086e+01   7.2595180e+01
   1.6730000e+02  -1.8035914e+01   1.2995180e+01
   1.6740000e+02   5.8964086e+01   2.8915180e+01
   1.6750000e+02  -4.1035914e+01  -1.3084820e+01
   1.6760000e+02  -5.0359138e+00  -5.3524820e+01
   1.6770000e+02  -1.3603591e+02  -2.0284820e+01
   1.6780000e+02   1.9964086e+01   1.4475180e+01
   1.6790000e+02  -2.7035914e+01   6.2355180e+01
   1.6800000e+02  -9.0359138e+00  -1.9364820e+01
   1.6810000e+02   5.2964086e+01  -3.9844820e+01
   1.6820000e+02   2.1696409e+02   5.5595180e+01
   1.6830000e+02   4.3964086e+01  -1.4848204e+00
   1.6840000e+02  -4.0035914e+01   4.4875180e+01
   1.6850000e+02   9.8964086e+01  -1.2684820e+01
   1.6860000e+02   4.3964086e+01   1.5515180e+01
   1.6870000e+02  -9.8035914e+01   7.6195180e+01
   1.6880000e+02  -1.2603591e+02   9.3151796e+00
   1.6890000e+02  -1.9035914e+01   4.8035180e+01
   1.6900000e+02  -1.2203591e+02  -2.8844820e+01
   1.6910000e+02  -4.5035914e+01  -5.4924820e+01
   1.6920000e+02   5.3964086e+01  -6.8884820e+01
   1.6930000e+02  -7.0359138e+00   1.6955518e+02
   1.6940000e+02   3.5964086e+01   1.5835180e+01
   1.6950000e+02   4.6964086e+01  -6.3604820e+01
   1.6960000e+02  -6.9035914e+01   1.8403518e+02
   1.6970000e+02  -9.8035914e+01   7.1951796e+00
   1.6980000e+02   2.8964086e+01  -5.7884820e+01
   1.6990000e+02  -6.4035914e+01  -2.6164820e+01
   1.7000000e+02  -4.4035914e+01   7.5035180e+01
   1.7010000e+02   6.8964086e+01  -2.9484820e+01
   1.7020000e+02   9.6408619e-01   2.7235180e+01
   1.7030000e+02   1.1496409e+02  -2.6324820e+01
   1.7040000e+02  -3.4035914e+01   2.3635180e+01
   1.7050000e+02  -9.4035914e+01  -1.5964820e+01
   1.7060000e+02  -4.4035914e+01   3.8035180e+01
   1.7070000e+02   1.3696409e+02   2.7795180e+01
   1.7080000e+02  -1.6503591e+02   8.2875180e+01
   1.7090000e+02   1.1096409e+02   6.2835180e+01
   1.7100000e+02  -9.4035914e+01  -8.9648204e+00
   1.7110000e+02   3.6964086e+01  -9.2048204e+00
   1.7120000e+02  -4.5035914e+01   1.7075180e+01
   1.7130000e+02   3.9964086e+01  -2.8324820e+01
   1.7140000e+02  -5.3035914e+01   3.5395180e+01
   1.7150000e+02  -4.8035914e+01   2.5195180e+01
   1.7160000e+02  -6.0035914e+01   1.0675180e+01
   1.7170000e+02   2.9964086e+01   7.1075180e+01
   1.7180000e+02  -1.7035914e+01   3.3955180e+01
   1.7190000e+02   6.1964086e+01  -2.8204820e+01
   1.7200000e+02   8.9640862e+00   1.7915180e+01
   1.7210000e+02   1.2496409e+02   6.2751796e+00
   1.7220000e+02   3.4964086e+01  -2.7124820e+01
   1.7230000e+02  -9.1035914e+01   1.2391518e+02
   1.7240000e+02  -6.5035914e+01  -7.2124820e+01
   1.7250000e+02  -2.5035914e+01  -8.7248204e+00
   1.7260000e+02   4.6964086e+01  -2.3604820e+01
   1.7270000e+02  -7.7035914e+01  -4.1644820e+01
   1.7280000e+02   2.9964086e+01  -1.1592482e+02
   1.7290000e+02   8.2964086e+01  -4.6044820e+01
   1.7300000e+02  -7.6035914e+01  -5.1684820e+01
   1.7310000e+02   2.5964086e+01   7.9235180e+01
   1.7320000e+02  -3.2035914e+01  -8.4448204e+00
   1.7330000e+02   4.7964086e+01   8.3551796e+00
   1.7340000e+02  -6.3035914e+01  -8.0204820e+01
   1.7350000e+02  -1.5035914e+01  -5.9124820e+01
   1.7360000e+02   1.0964086e+01  -3.1164820e+01
   1.7370000e+02   3.0964086e+01  -8.7964820e+01
   1.7380000e+02  -5.3035914e+01  -4.9604820e+01
   1.7390000e+02   7.8964086e+01  -6.0884820e+01
   1.7400000e+02   3.8964086e+01  -7.2848204e+00
   1.7410000e+02  -9.9035914e+01  -1.7764820e+01
   1.7420000e+02  -1.0035914e+01   4.6751796e+00
   1.7430000e+02  -6.4035914e+01   6.8835180e+01
   1.7440000e+02  -4.6035914e+01   6.9115180e+01
   1.7450000e+02  -4.4035914e+01  -3.9964820e+01
   1.7460000e+02  -3.9035914e+01   1.1835180e+01
   1.7470000e+02  -5.8035914e+01   3.9595180e+01
   1.7480000e+02   1.8796409e+02  -4.2448204e+00
   1.7490000e+02  -8.5035914e+01  -8.0324820e+01
   1.7500000e+02   3.9640862e+00   4.4115180e+01
   1.7510000e+02   3.9640862e+00   2.7115180e+01
   1.7520000e+02   7.2964086e+01   4.3551796e+00
   1.7530000e+02   8.6964086e+01   7.0795180e+01
   1.7540000e+02  -6.0035914e+01   9.3675180e+01
   1.7550000e+02   7.2964086e+01   4.9355180e+01
   1.7560000e+02  -3.5913807e-02  -4.1724820e+01
   1.7570000e+02  -3.1035914e+01  -2.9484820e+01
   1.7580000e+02  -3.6035914e+01   1.3715180e+01
   1.7590000e+02  -6.0359138e+00  -4.1484820e+01
   1.7600000e+02  -5.1035914e+01   5.6315180e+01
   1.7610000e+02  -1.8035914e+01   4.9951796e+00
   1.7620000e+02  -8.7035914e+01  -1.3244820e+01
   1.7630000e+02  -7.4035914e+01   3.7235180e+01
   1.7640000e+02  -1.0035914e+01  -6.9324820e+01
   1.7650000e+02  -5.4035914e+01  -3.5564820e+01
   1.7660000e+02  -4.6035914e+01  -2.6884820e+01
   1.7670000e+02   4.7964086e+01  -2.8644820e+01
   1.7680000e+02   7.9640862e+00  -7.6044820e+01
   1.7690000e+02   1.3396409e+02   8.9915180e+01
   1.7700000e+02  -2.1035914e+01  -2.4884820e+01
   1.7710000e+02  -5.0035914e+01  -7.7248204e+00
   1.7720000e+02  -2.6035914e+01   1.1315180e+01
   1.7730000e+02   2.8964086e+01   2.7115180e+01
   1.7740000e+02   1.6964086e+01  -3.4404820e+01
   1.7750000e+02  -3.9035914e+01   1.0835180e+01
   1.7760000e+02  -3.3035914e+01  -6.0404820e+01
   1.7770000e+02  -1.5403591e+02   1.5543518e+02
   1.7780000e+02  -1.1903591e+02  -5.6964820e+01
   1.7790000e+02   7.9964086e+01   9.9075180e+01
   1.7800000e+02  -6.9035914e+01   8.0351796e+00
   1.7810000e+02  -1.2035914e+01   4.7551796e+00
   1.7820000e+02  -6.7035914e+01   4.6955180e+01
   1.7830000e+02  -7.6035914e+01  -8.0684820e+01
   1.7840000e+02  -8.0035914e+01  -2.6524820e+01
   1.7850000e+02  -6.5035914e+01   3.6875180e+01
   1.7860000e+02   1.3296409e+02   4.6955180e+01
   1.7870000e+02  -8.5035914e+01  -2.1324820e+01
   1.7880000e+02  -5.3035914e+01  -5.6048204e+00
   1.7890000e+02  -1.1035914e+01   5.3715180e+01
   1.7900000e+02  -2.5035914e+01  -3.7248204e+00
   1.7910000e+02  -3.0035914e+01  -1.5524820e+01
   1.7920000e+02  -5.9035914e+01   9.6351796e+00
   1.7930000e+02   8.3964086e+01  -4.1084820e+01
   1.7940000e+02   5.7964086e+01   9.7955180e+01
   1.7950000e+02   4.1964086e+01   3.6595180e+01
   1.7960000e+02   9.1964086e+01   9.7595180e+01
   1.7970000e+02  -4.8035914e+01   2.1951796e+00
   1.7980000e+02   1.9640862e+00   2.4195180e+01
   1.7990000e+02   5.7964086e+01   5.1955180e+01
   1.8000000e+02  -5.1035914e+01   9.3151796e+00
   1.8010000e+02   5.9640862e+00   2.8035180e+01
   1.8020000e+02  -1.5003591e+02  -1.2724820e+01
   1.8030000e+02  -3.5913807e-02  -3.7248204e+00
   1.8040000e+02   5.9964086e+01   1.2875180e+01
   1.8050000e+02   1.3196409e+02  -8.6004820e+01
   1.8060000e+02   8.6964086e+01   1.0795180e+01
   1.8070000e+02  -3.0359138e+00  -7.0604820e+01
   1.8080000e+02  -7.8035914e+01  -2.1604820e+01
   1.8090000e+02   1.9964086e+01  -4.5248204e+00
   1.8100000e+02  -6.0035914e+01  -3.3248204e+00
   1.8110000e+02   2.7964086e+01   8.8155180e+01
   1.8120000e+02   1.9964086e+01  -1.8524820e+01
   1.8130000e+02  -9.2035914e+01  -1.6044820e+01
   1.8140000e+02  -2.7035914e+01  -1.7644820e+01
   1.8150000e+02   5.0964086e+01  -3.6764820e+01
   1.8160000e+02   1.1964086e+01   2.4795180e+01
   1.8170000e+02   1.5096409e+02   8.8235180e+01
   1.8180000e+02   2.3964086e+01  -4.1684820e+01
   1.8190000e+02   1.4964086e+01   2.6751796e+00
   1.8200000e+02  -3.5035914e+01   4.8675180e+01
   1.8210000e+02   9.1964086e+01  -5.4048204e+00
   1.8220000e+02  -1.1603591e+02   1.0791518e+02
   1.8230000e+02  -5.5035914e+01   5.1475180e+01
   1.8240000e+02   2.7964086e+01  -1.1844820e+01
   1.8250000e+02   4.9964086e+01   7.0275180e+01
   1.8260000e+02   3.8964086e+01   1.2571518e+02
   1.8270000e+02  -6.9035914e+01   3.4035180e+01
   1.8280000e+02   5.4964086e+01  -4.1924820e+01
   1.8290000e+02  -1.3303591e+02   2.2595180e+01
   1.8300000e+02   1.1964086e+01   8.6795180e+01
   1.8310000e+02   2.1964086e+01  -6.6048204e+00
   1.8320000e+02   1.8196409e+02  -2.0048204e+00
   1.8330000e+02  -3.1035914e+01   3.4515180e+01
   1.8340000e+02  -5.1035914e+01  -1.4684820e+01
   1.8350000e+02   1.0964086e+01   4.1835180e+01
   1.8360000e+02   9.0964086e+01  -1.3648204e+00
   1.8370000e+02  -6.6035914e+01   8.5915180e+01
   1.8380000e+02   6.7964086e+01  -1.4448204e+00
   1.8390000e+02   4.3964086e+01  -5.6484820e+01
   1.8400000e+02  -4.4035914e+01  -6.1964820e+01
   1.8410000e+02  -4.5035914e+01  -5.9924820e+01
   1.8420000e+02  -8.9035914e+01   5.7835180e+01
   1.8430000e+02  -4.1035914e+01  -5.0084820e+01
   1.8440000e+02   4.1964086e+01   3.3595180e+01
   1.8450000e+02  -5.0359138e+00  -6.5524820e+01
   1.8460000e+02   1.6696409e+02  -2.4404820e+01
   1.8470000e+02  -8.0035914e+01   8.4751796e+00
   1.8480000e+02   1.0396409e+02   1.0115180e+01
   1.8490000e+02   5.9640862e+00  -8.5964820e+01
   1.8500000e+02  -4.2035914e+01  -1.7044820e+01
   1.8510000e+02  -1.6035914e+01   9.3915180e+01
   1.8520000e+02  -1.2303591e+02  -9.1804820e+01
   1.8530000e+02   5.5964086e+01   3.4035180e+01
   1.8540000e+02   8.2964086e+01   1.6955180e+01
   1.8550000e+02   7.2964086e+01   3.1355180e+01
   1.8560000e+02   1.2696409e+02  -2.8804820e+01
   1.8570000e+02   1.0296409e+02  -7.8448204e+00
   1.8580000e+02   2.8964086e+01  -6.3884820e+01
   1.8590000e+02   4.0964086e+01  -2.4364820e+01
   1.8600000e+02   2.9640862e+00   2.1155180e+01
   1.8610000e+02  -4.6035914e+01   6.1115180e+01
   1.8620000e+02   3.1396409e+02  -9.5284820e+01
   1.8630000e+02   2.2964086e+01  -9.6448204e+00
   1.8640000e+02   1.2096409e+02   1.0435180e+01
   1.8650000e+02  -7.9035914e+01   1.3435180e+01
   1.8660000e+02   7.2964086e+01  -9.6448204e+00
   1.8670000e+02  -7.3035914e+01   2.5195180e+01
   1.8680000e+02  -5.1035914e+01   2.3315180e+01
   1.8690000e+02   8.3964086e+01  -7.8084820e+01
   1.8700000e+02  -1.2903591e+02   9.6435180e+01
   1.8710000e+02   1.3396409e+02  -2.3084820e+01
   1.8720000e+02   1.1596409e+02   3.4635180e+01
   1.8730000e+02   7.0964086e+01  -2.5648204e+00
   1.8740000e+02  -6.7035914e+01  -3.0044820e+01
   1.8750000e+02  -7.6035914e+01  -7.6684820e+01
   1.8760000e+02  -1.1803591e+02  -4.5004820e+01
   1.8770000e+02  -3.5035914e+01  -6.2324820e+01
   1.8780000e+02  -4.6035914e+01  -5.0884820e+01
   1.8790000e+02  -8.0359138e+00   5.8595180e+01
   1.8800000e+02   2.4964086e+01  -5.3724820e+01
   1.8810000e+02  -3.9035914e+01  -1.2164820e+01
   1.8820000e+02  -2.8035914e+01  -1.9604820e+01
   1.8830000e+02   9.9640862e+00   1.8751796e+00
   1.8840000e+02  -2.4035914e+01  -4.6764820e+01
   1.8850000e+02  -1.6035914e+01  -1.9084820e+01
   1.8860000e+02  -9.0359138e+00  -6.5364820e+01
   1.8870000e+02  -8.6035914e+01   5.5715180e+01
   1.8880000e+02   6.6964086e+01  -7.7404820e+01
   1.8890000e+02  -7.0359138e+00  -2.6444820e+01
   1.8900000e+02  -7.3035914e+01  -2.0804820e+01
   1.8910000e+02  -1.6903591e+02  -2.4964820e+01
   1.8920000e+02  -3.9035914e+01   1.5835180e+01
   1.8930000e+02   2.9640862e+00   9.2155180e+01
   1.8940000e+02   6.2964086e+01   6.4755180e+01
   1.8950000e+02  -3.5035914e+01   9.0675180e+01
   1.8960000e+02  -8.6035914e+01   4.4715180e+01
   1.8970000e+02   1.1964086e+01   1.6795180e+01
   1.8980000e+02   1.3296409e+02  -6.6044820e+01
   1.8990000e+02   8.9964086e+01  -3.2324820e+01
   1.9000000e+02   5.1964086e+01  -1.1804820e+01
   1.9010000e+02   2.6964086e+01   2.1195180e+01
   1.9020000e+02   4.0964086e+01   1.5635180e+01
   1.9030000e+02   3.2964086e+01  -5.9044820e+01
   1.9040000e+02   6.4964086e+01  -4.0324820e+01
   1.9050000e+02  -6.5035914e+01  -6.5124820e+01
   1.9060000e+02   5.7964086e+01  -5.0448204e+00
   1.9070000e+02  -5.4035914e+01   3.7435180e+01
   1.9080000e+02   1.4396409e+02   1.6515180e+01
   1.9090000e+02   1.7964086e+01   1.1955518e+02
   1.9100000e+02  -3.0035914e+01   7.4751796e+00
   1.9110000e+02  -4.1035914e+01   2.6915180e+01
   1.9120000e+02   2.6964086e+01   1.4919518e+02
   1.9130000e+02  -3.5913807e-02   3.0275180e+01
   1.9140000e+02   1.8396409e+02  -2.5084820e+01
   1.9150000e+02  -6.0035914e+01   8.7675180e+01
   1.9160000e+02   9.3964086e+01   1.3515180e+01
   1.9170000e+02  -3.7035914e+01   8.7551796e+00
   1.9180000e+02   4.1964086e+01   4.3595180e+01
   1.9190000e+02   7.2964086e+01  -1.3644820e+01
   1.9200000e+02  -6.3035914e+01  -3.8204820e+01
   1.9210000e+02   3.0964086e+01  -1.7964820e+01
   1.9220000e+02   4.3964086e+01   2.4515180e+01
   1.9230000e+02  -5.0035914e+01  -4.3724820e+01
   1.9240000e+02   1.0096409e+02  -1.5764820e+01
   1.9250000e+02   1.1396409e+02  -5.0284820e+01
   1.9260000e+02  -5.4035914e+01   2.9435180e+01
   1.9270000e+02   3.0964086e+01  -1.8964820e+01
   1.9280000e+02  -1.0603591e+02  -9.4848204e+00
   1.9290000e+02  -8.5035914e+01  -5.3248204e+00
   1.9300000e+02  -3.8035914e+01  -6.4204820e+01
   1.9310000e+02   9.6408619e-01   4.3235180e+01
   1.9320000e+02  -5.4035914e+01  -5.8564820e+01
   1.9330000e+02  -1.4103591e+02  -8.2084820e+01
   1.9340000e+02  -1.6035914e+01  -3.1084820e+01
   1.9350000e+02  -2.2035914e+01  -9.8844820e+01
   1.9360000e+02   2.8964086e+01   1.1151796e+00
   1.9370000e+02   9.6964086e+01  -4.9604820e+01
   1.9380000e+02   4.5964086e+01  -8.5648204e+00
   1.9390000e+02   3.1964086e+01   3.9995180e+01
   1.9400000e+02  -8.6035914e+01   3.7151796e+00
   1.9410000e+02   8.3964086e+01  -3.8084820e+01
   1.9420000e+02  -3.7035914e+01   3.5755180e+01
   1.9430000e+02  -1.3035914e+01   3.7951796e+00
   1.9440000e+02   2.1964086e+01  -5.5604820e+01
   1.9450000e+02   4.2964086e+01   1.2855518e+02
   1.9460000e+02  -1.0703591e+02  -1.0444820e+01
   1.9470000e+02  -2.7035914e+01  -3.6644820e+01
   1.9480000e+02  -3.7035914e+01  -2.2244820e+01
   1.9490000e+02   2.1964086e+01   2.1395180e+01
   1.9500000e+02  -6.3035914e+01   3.6795180e+01
   1.9510000e+02  -1.0803591e+02  -6.4048204e+00
   1.9520000e+02  -5.4035914e+01  -1.7564820e+01
   1.9530000e+02   2.9640862e+00   3.4155180e+01
   1.9540000e+02  -4.1035914e+01   3.3915180e+01
   1.9550000e+02   3.5964086e+01  -3.9164820e+01
   1.9560000e+02   6.5964086e+01  -2.5364820e+01
   1.9570000e+02   9.4964086e+01  -9.5248204e+00
   1.9580000e+02   1.5796409e+02   9.9955180e+01
   1.9590000e+02   4.9964086e+01   4.2275180e+01
   1.9600000e+02   1.7964086e+01  -3.9444820e+01
   1.9610000e+02   1.1896409e+02  -3.1484820e+01
   1.9620000e+02  -5.3035914e+01   3.7395180e+01
   1.9630000e+02   5.1964086e+01  -7.3804820e+01
   1.9640000e+02  -1.5303591e+02   5.3951796e+00
   1.9650000e+02  -2.7035914e+01   6.7355180e+01
   1.9660000e+02   8.4964086e+01  -6.0124820e+01
   1.9670000e+02   2.5596409e+02  -6.9964820e+01
   1.9680000e+02  -2.0035914e+01  -2.5924820e+01
   1.9690000e+02   5.9640862e+00  -1.5964820e+01
   1.9700000e+02  -5.8035914e+01   4.3595180e+01
   1.9710000e+02   6.5964086e+01   6.6351796e+00
   1.9720000e+02   1.1964086e+01   2.6795180e+01
   1.9730000e+02   1.9964086e+01   3.6475180e+01
   1.9740000e+02   2.5964086e+01  -2.4764820e+01
   1.9750000e+02  -9.2035914e+01  -7.0448204e+00
   1.9760000e+02  -1.1703591e+02   2.9551796e+00
   1.9770000e+02  -7.1035914e+01  -3.0884820e+01
   1.9780000e+02  -7.1035914e+01   1.0911518e+02
   1.9790000e+02  -8.7035914e+01  -6.9244820e+01
   1.9800000e+02   1.0496409e+02  -1.8924820e+01
   1.9810000e+02   2.2964086e+01   3.9355180e+01
   1.9820000e+02   4.7964086e+01  -6.5644820e+01
   1.9830000e+02   1.1896409e+02   4.5515180e+01
   1.9840000e+02   2.0596409e+02  -1.3964820e+01
   1.9850000e+02  -5.9035914e+01   6.1635180e+01
   1.9860000e+02   2.7964086e+01  -6.8844820e+01
   1.9870000e+02   3.2964086e+01  -2.1044820e+01
   1.9880000e+02   3.3964086e+01  -4.3084820e+01
   1.9890000e+02  -1.3703591e+02   1.0755180e+01
   1.9900000e+02   2.0964086e+01  -1.8564820e+01
   1.9910000e+02   9.9640862e+00  -2.9124820e+01
   1.9920000e+02  -1.6035914e+01  -1.2084820e+01
   1.9930000e+02  -2.8035914e+01   3.4395180e+01
   1.9940000e+02   1.5964086e+01   1.2063518e+02
   1.9950000e+02  -8.8035914e+01   1.0079518e+02
   1.9960000e+02  -6.0035914e+01  -8.3324820e+01
   1.9970000e+02   5.2964086e+01   7.6155180e+01
   1.9980000e+02  -8.8035914e+01  -3.3204820e+01
   1.9990000e+02  -4.7035914e+01   9.8155180e+01
