   0.0000000e+00   3.0518665e+02   1.5265566e+02
   1.0000000e-01   1.4818665e+02   1.4693566e+02
   2.0000000e-01   3.1186652e+01   1.0161566e+02
   3.0000000e-01   1.8418665e+02   7.7495656e+01
   4.0000000e-01   1.8618665e+02   1.0241566e+02
   5.0000000e-01   1.2618665e+02   3.4815656e+01
   6.0000000e-01   1.5186652e+01   8.9255656e+01
   7.0000000e-01   2.2186652e+01   2.0397566e+02
   8.0000000e-01   3.3186652e+01   2.0853566e+02
   9.0000000e-01   3.6186652e+01  -4.1584344e+01
   1.0000000e+00   1.2218665e+02   1.8997566e+02
   1.1000000e+00   8.7186652e+01   2.0537566e+02
   1.2000000e+00   7.3186652e+01   1.3993566e+02
   1.3000000e+00   4.9186652e+01   1.7389566e+02
   1.4000000e+00   2.0186652e+01   1.2905566e+02
   1.5000000e+00   3.2186652e+01   1.0357566e+02
   1.6000000e+00   1.6118665e+02   1.8041566e+02
   1.7000000e+00   5.3186652e+01   2.3735656e+01
   1.8000000e+00   1.4186652e+01   3.6295656e+01
   1.9000000e+00   8.1866516e+00   2.9535656e+01
   2.0000000e+00   2.9186652e+01   1.0869566e+02
   2.1000000e+00   5.2186652e+01   5.8775656e+01
   2.2000000e+00  -5.2813348e+01   8.7975656e+01
   2.3000000e+00   7.1186652e+01   1.6201566e+02
   2.4000000e+00   1.2118665e+02   8.9015656e+01
   2.5000000e+00   1.0186652e+01   6.5455656e+01
   2.6000000e+00   7.1866516e+00   8.6575656e+01
   2.7000000e+00   1.6186652e+01   1.8921566e+02
   2.8000000e+00   5.2186652e+01   2.8775656e+01
   2.9000000e+00   1.4186652e+01   6.0295656e+01
   3.0000000e+00  -8.1334842e-01   2.3589566e+02
   3.1000000e+00   1.3018665e+02   1.7765566e+02
   3.2000000e+00   8.1186652e+01   2.1961566e+02
   3.3000000e+00   1.9186652e+01   8.0095656e+01
   3.4000000e+00  -6.4813348e+01   1.8045566e+02
   3.5000000e+00   5.1866516e+00   9.0655656e+01
   3.6000000e+00   9.6186652e+01   5.5015656e+01
   3.7000000e+00   1.0918665e+02  -2.6504344e+01
   3.8000000e+00  -5.8133484e+00   1.8095656e+01
   3.9000000e+00   1.1186652e+01   6.2415656e+01
   4.0000000e+00  -2.9813348e+01   2.7055656e+01
   4.1000000e+00  -1.6813348e+01   1.3053566e+02
   4.2000000e+00   1.0318665e+02   9.9735656e+01
   4.3000000e+00   3.1866516e+00   1.1073566e+02
   4.4000000e+00   3.0186652e+01   1.6465566e+02
   4.5000000e+00   2.0618665e+02   1.8761566e+02
   4.6000000e+00   2.5186652e+01   8.9855656e+01
   4.7000000e+00  -9.5813348e+01   1.0469566e+02
   4.8000000e+00   7.6186652e+01   3.3815656e+01
   4.9000000e+00   1.1718665e+02   5.3175656e+01
   5.0000000e+00   1.0718665e+02   7.1575656e+01
   5.1000000e+00   4.0186652e+01   1.0825566e+02
   5.2000000e+00   4.8186652e+01   8.2935656e+01
   5.3000000e+00   1.6718665e+02   3.6175656e+01
   5.4000000e+00   1.2186652e+01   1.6137566e+02
   5.5000000e+00   2.4618665e+02  -6.9843439e+00
   5.6000000e+00   4.5186652e+01   1.6705566e+02
   5.7000000e+00   9.2186652e+01   1.6117566e+02
   5.8000000e+00   1.2318665e+02  -3.0643439e+00
   5.9000000e+00   3.1186652e+01   6.8615656e+01
   6.0000000e+00   1.0318665e+02   8.7356561e+00
   6.1000000e+00   2.6186652e+01   9.5815656e+01
   6.2000000e+00   6.5186652e+01   1.9125566e+02
   6.3000000e+00  -5.8133484e+00   7.2095656e+01
   6.4000000e+00  -3.8813348e+01   3.3741566e+02
   6.5000000e+00   9.2186652e+01   1.2017566e+02
   6.6000000e+00   1.6518665e+02   1.9825566e+02
   6.7000000e+00   1.3818665e+02   1.3356561e+00
   6.8000000e+00   1.2418665e+02   1.9089566e+02
   6.9000000e+00  -4.5813348e+01   9.1695656e+01
   7.0000000e+00   6.8186652e+01   4.7135656e+01
   7.1000000e+00   6.4186652e+01   1.6129566e+02
   7.2000000e+00   3.7186652e+01   1.6537566e+02
   7.3000000e+00   1.3518665e+02   5.4556561e+00
   7.4000000e+00   6.5186652e+01   9.2255656e+01
   7.5000000e+00   1.4818665e+02   8.1935656e+01
   7.6000000e+00   3.6186652e+01   6.2415656e+01
   7.7000000e+00   5.5186652e+01   1.4565566e+02
   7.8000000e+00   8.1866516e+00   1.1253566e+02
   7.9000000e+00   1.3318665e+02   8.1535656e+01
   8.0000000e+00   3.9186652e+01   9.1295656e+01
   8.1000000e+00   1.4218665e+02   1.0317566e+02
   8.2000000e+00   1.4918665e+02   1.8589566e+02
   8.3000000e+00  -1.0281335e+02   1.0897566e+02
   8.4000000e+00  -5.9813348e+01   9.7255656e+01
   8.5000000e+00  -3.4813348e+01   1.1325566e+02
   8.6000000e+00   5.1866516e+00   1.0865566e+02
   8.7000000e+00   3.6186652e+01  -2.0584344e+01
   8.8000000e+00   4.8186652e+01   9.9935656e+01
   8.9000000e+00   9.3186652e+01   2.9613566e+02
   9.0000000e+00  -4.5813348e+01   2.1469566e+02
   9.1000000e+00   1.6318665e+02   2.3033566e+02
   9.2000000e+00   1.6218665e+02   1.0837566e+02
   9.3000000e+00   6.0186652e+01   1.7645566e+02
   9.4000000e+00   8.8186652e+01   8.6335656e+01
   9.5000000e+00  -7.7813348e+01   1.1197566e+02
   9.6000000e+00   9.9186652e+01   1.3889566e+02
   9.7000000e+00   2.4718665e+02   1.9197566e+02
   9.8000000e+00  -1.9813348e+01  -1.1344344e+01
   9.9000000e+00  -5.8133484e+00   1.1009566e+02
   1.0000000e+01   3.2186652e+01   1.1857566e+02
   1.0100000e+01  -8.7813348e+01   2.7537566e+02
   1.0200000e+01  -1.0381335e+02   1.6901566e+02
   1.0300000e+01   1.4118665e+02   1.0521566e+02
   1.0400000e+01   1.2618665e+02  -1.1843439e+00
   1.0500000e+01  -1.0813348e+01   1.3029566e+02
   1.0600000e+01  -2.2813348e+01   1.1277566e+02
   1.0700000e+01   2.2186652e+01   5.3975656e+01
   1.0800000e+01   1.1186652e+01   1.6541566e+02
   1.0900000e+01   1.9186652e+01   1.8309566e+02
   1.1000000e+01   5.8186652e+01   1.5753566e+02
   1.1100000e+01   1.9818665e+02   1.6693566e+02
   1.1200000e+01   1.9318665e+02   6.7135656e+01
   1.1300000e+01   9.1186652e+01   5.3215656e+01
   1.1400000e+01   2.8186652e+01   5.7356561e+00
   1.1500000e+01   1.5418665e+02   7.6695656e+01
   1.1600000e+01  -1.6813348e+01   1.5253566e+02
   1.1700000e+01   1.3318665e+02   1.8453566e+02
   1.1800000e+01   1.4818665e+02   2.1393566e+02
   1.1900000e+01   1.2186652e+01   1.1637566e+02
   1.2000000e+01   1.6318665e+02   1.6033566e+02
   1.2100000e+01   5.1186652e+01   9.0815656e+01
   1.2200000e+01   7.5186652e+01   1.1855656e+01
   1.2300000e+01  -5.2813348e+01   7.2975656e+01
   1.2400000e+01  -5.5813348e+01   1.9209566e+02
   1.2500000e+01   1.7418665e+02   1.7289566e+02
   1.2600000e+01   7.2186652e+01   2.1897566e+02
   1.2700000e+01   8.3186652e+01   7.8535656e+01
   1.2800000e+01   1.0618665e+02  -1.4384344e+01
   1.2900000e+01  -4.7813348e+01   1.3777566e+02
   1.3000000e+01   7.0186652e+01   1.3905566e+02
   1.3100000e+01  -4.1813348e+01   1.0653566e+02
   1.3200000e+01   1.2118665e+02   7.9015656e+01
   1.3300000e+01   2.8218665e+02   1.4657566e+02
   1.3400000e+01   4.9186652e+01   9.5895656e+01
   1.3500000e+01   1.2318665e+02   1.3793566e+02
   1.3600000e+01   1.7186652e+01   6.3175656e+01
   1.3700000e+01   1.0418665e+02   8.3695656e+01
   1.3800000e+01   5.2186652e+01   1.9577566e+02
   1.3900000e+01   7.8186652e+01   6.1735656e+01
   1.4000000e+01  -4.4813348e+01   9.0655656e+01
   1.4100000e+01   1.6418665e+02   1.3929566e+02
   1.4200000e+01  -6.8133484e+00   2.8713566e+02
   1.4300000e+01  -3.3813348e+01   7.8215656e+01
   1.4400000e+01   1.9186652e+01   1.3609566e+02
   1.4500000e+01   6.3186652e+01   2.5833566e+02
   1.4600000e+01   9.1186652e+01   1.9721566e+02
   1.4700000e+01  -4.0813348e+01   1.0849566e+02
   1.4800000e+01   4.3186652e+01   1.3013566e+02
   1.4900000e+01  -2.7813348e+01   1.2997566e+02
   1.5000000e+01   1.2818665e+02   1.1073566e+02
   1.5100000e+01  -4.8133484e+00   1.2505566e+02
   1.5200000e+01  -7.8133484e+00   9.5175656e+01
   1.5300000e+01   2.6186652e+01   6.3815656e+01
   1.5400000e+01  -6.7813348e+01   1.6557566e+02
   1.5500000e+01   3.3186652e+01   5.4535656e+01
   1.5600000e+01   6.1186652e+01   1.2641566e+02
   1.5700000e+01   4.1866516e+00   1.0069566e+02
   1.5800000e+01  -6.1813348e+01   1.6733566e+02
   1.5900000e+01  -4.1813348e+01   1.4353566e+02
   1.6000000e+01   8.3186652e+01   5.7535656e+01
   1.6100000e+01   1.5186652e+01   2.0825566e+02
   1.6200000e+01   1.4818665e+02   1.6493566e+02
   1.6300000e+01   4.3186652e+01   1.4213566e+02
   1.6400000e+01   8.7186652e+01   1.2837566e+02
   1.6500000e+01   3.4186652e+01   7.7495656e+01
   1.6600000e+01  -4.3813348e+01   3.2615656e+01
   1.6700000e+01   1.7718665e+02   2.6777566e+02
   1.6800000e+01   3.6186652e+01   1.3241566e+02
   1.6900000e+01   1.9118665e+02   1.5021566e+02
   1.7000000e+01   7.1186652e+01   5.0156561e+00
   1.7100000e+01   3.1186652e+01   7.8615656e+01
   1.7200000e+01   2.2186652e+01   8.4975656e+01
   1.7300000e+01   6.6186652e+01   1.7321566e+02
   1.7400000e+01   6.1186652e+01   1.1041566e+02
   1.7500000e+01   4.4186652e+01   3.2095656e+01
   1.7600000e+01  -3.4813348e+01   2.5325566e+02
   1.7700000e+01   5.4186652e+01   9.5695656e+01
   1.7800000e+01   3.0186652e+01   1.6465566e+02
   1.7900000e+01   1.0518665e+02   8.4655656e+01
   1.8000000e+01  -5.8133484e+00   7.4095656e+01
   1.8100000e+01   2.5186652e+01   2.1785566e+02
   1.8200000e+01   1.5218665e+02   6.0775656e+01
   1.8300000e+01  -4.3813348e+01  -2.5384344e+01
   1.8400000e+01  -8.5813348e+01   1.3429566e+02
   1.8500000e+01  -3.9813348e+01   4.0455656e+01
   1.8600000e+01   8.1866516e+00   1.9953566e+02
   1.8700000e+01   1.7186652e+01   1.2917566e+02
   1.8800000e+01   1.0718665e+02   2.6575656e+01
   1.8900000e+01   5.0186652e+01   1.1585566e+02
   1.9000000e+01   1.3918665e+02   9.8295656e+01
   1.9100000e+01  -5.3813348e+01   1.7015656e+01
   1.9200000e+01   2.1186652e+01   7.5015656e+01
   1.9300000e+01   2.3186652e+01   1.5593566e+02
   1.9400000e+01   6.2186652e+01   1.9237566e+02
   1.9500000e+01  -2.4813348e+01   1.0985566e+02
   1.9600000e+01   1.0818665e+02   1.2753566e+02
   1.9700000e+01   7.9186652e+01   2.6069566e+02
   1.9800000e+01   1.5518665e+02   1.1965566e+02
   1.9900000e+01  -3.1813348e+01   1.7513566e+02
   2.0000000e+01  -1.8133484e+00   5.4935656e+01
   2.0100000e+01   4.9186652e+01   1.4889566e+02
   2.0200000e+01   7.0186652e+01   1.0105566e+02
   2.0300000e+01   4.5186652e+01   1.7205566e+02
   2.0400000e+01   5.5186652e+01   2.3655656e+01
   2.0500000e+01   1.0918665e+02   2.4949566e+02
   2.0600000e+01  -4.8813348e+01   1.9281566e+02
   2.0700000e+01  -4.7813348e+01   1.3577566e+02
   2.0800000e+01   3.0186652e+01   3.3655656e+01
   2.0900000e+01   9.7186652e+01  -1.0024344e+01
   2.1000000e+01  -2.6813348e+01   9.2935656e+01
   2.1100000e+01  -6.8813348e+01   1.1761566e+02
   2.1200000e+01   6.3186652e+01   9.3335656e+01
   2.1300000e+01   1.0518665e+02   2.0265566e+02
   2.1400000e+01   1.2618665e+02   9.9815656e+01
   2.1500000e+01   5.0186652e+01   1.4585566e+02
   2.1600000e+01   1.4918665e+02   4.9895656e+01
   2.1700000e+01   9.1866516e+00   1.6949566e+02
   2.1800000e+01   4.4186652e+01   2.2609566e+02
   2.1900000e+01  -1.8813348e+01   1.0961566e+02
   2.2000000e+01  -5.7813348e+01   2.1917566e+02
   2.2100000e+01  -2.7813348e+01   6.8975656e+01
   2.2200000e+01   5.6186652e+01   5.5615656e+01
   2.2300000e+01  -1.8813348e+01   1.2761566e+02
   2.2400000e+01   1.4186652e+01   1.6529566e+02
   2.2500000e+01   5.2186652e+01   2.2677566e+02
   2.2600000e+01  -2.8133484e+00   1.3397566e+02
   2.2700000e+01  -6.3813348e+01   1.8541566e+02
   2.2800000e+01   1.5186652e+01   9.1255656e+01
   2.2900000e+01  -2.3813348e+01   2.1481566e+02
   2.3000000e+01   1.6618665e+02   1.1321566e+02
   2.3100000e+01  -2.3813348e+01   1.1981566e+02
   2.3200000e+01   1.3018665e+02   1.5665566e+02
   2.3300000e+01   1.0018665e+02   6.2855656e+01
   2.3400000e+01   7.6186652e+01   1.0081566e+02
   2.3500000e+01   4.6186652e+01  -2.2984344e+01
   2.3600000e+01  -6.8133484e+00   1.4513566e+02
   2.3700000e+01   7.3186652e+01   1.3293566e+02
   2.3800000e+01   2.8186652e+01   5.8735656e+01
   2.3900000e+01   1.6918665e+02   8.9095656e+01
   2.4000000e+01   1.0518665e+02   1.9765566e+02
   2.4100000e+01   6.9186652e+01   5.8095656e+01
   2.4200000e+01   6.5186652e+01   8.3255656e+01
   2.4300000e+01   3.2186652e+01  -7.4243439e+00
   2.4400000e+01   1.2418665e+02   2.7589566e+02
   2.4500000e+01   2.9186652e+01   2.0269566e+02
   2.4600000e+01   1.2818665e+02   1.1773566e+02
   2.4700000e+01   1.9118665e+02   1.4521566e+02
   2.4800000e+01   1.5418665e+02   1.7869566e+02
   2.4900000e+01   1.4186652e+01   1.0329566e+02
   2.5000000e+01  -3.8813348e+01   1.8415656e+01
   2.5100000e+01   6.4186652e+01   4.3295656e+01
   2.5200000e+01   1.2186652e+01   1.8837566e+02
   2.5300000e+01   6.1866516e+00   2.4461566e+02
   2.5400000e+01   7.9186652e+01   9.6695656e+01
   2.5500000e+01   3.6186652e+01   8.4415656e+01
   2.5600000e+01   1.3018665e+02   1.8065566e+02
   2.5700000e+01  -2.8133484e+00   1.7597566e+02
   2.5800000e+01   4.2186652e+01   2.3617566e+02
   2.5900000e+01   6.7186652e+01   1.2817566e+02
   2.6000000e+01   6.7186652e+01   1.5817566e+02
   2.6100000e+01   4.2186652e+01   1.2117566e+02
   2.6200000e+01   1.0918665e+02   4.9495656e+01
   2.6300000e+01  -4.4813348e+01   1.2065566e+02
   2.6400000e+01   9.3186652e+01   3.1135656e+01
   2.6500000e+01  -3.5813348e+01   2.1829566e+02
   2.6600000e+01   1.4218665e+02   2.2217566e+02
   2.6700000e+01   5.1186652e+01   1.3081566e+02
   2.6800000e+01   1.3318665e+02   5.9535656e+01
   2.6900000e+01   1.9618665e+02   1.6801566e+02
   2.7000000e+01  -3.4813348e+01   2.2125566e+02
   2.7100000e+01   7.4186652e+01   1.2089566e+02
   2.7200000e+01   1.2718665e+02   1.0277566e+02
   2.7300000e+01   8.3186652e+01   2.0553566e+02
   2.7400000e+01   3.1186652e+01   9.1615656e+01
   2.7500000e+01   6.8186652e+01   1.4713566e+02
   2.7600000e+01  -4.7813348e+01   5.4775656e+01
   2.7700000e+01   3.7186652e+01   1.3037566e+02
   2.7800000e+01   3.3186652e+01   1.4753566e+02
   2.7900000e+01  -5.8133484e+00   1.8095656e+01
   2.8000000e+01   1.4318665e+02   1.0713566e+02
   2.8100000e+01   6.3186652e+01   3.5335656e+01
   2.8200000e+01   1.0618665e+02   1.8361566e+02
   2.8300000e+01  -1.8133484e+00   3.0935656e+01
   2.8400000e+01  -5.8813348e+01   1.0921566e+02
   2.8500000e+01   1.9186652e+01   1.9109566e+02
   2.8600000e+01   5.6186652e+01   3.6361566e+02
   2.8700000e+01   1.4918665e+02   1.7189566e+02
   2.8800000e+01   9.0186652e+01   1.4525566e+02
   2.8900000e+01   1.1866516e+00   1.6281566e+02
   2.9000000e+01   5.1866516e+00   6.5655656e+01
   2.9100000e+01  -4.4813348e+01   1.7065566e+02
   2.9200000e+01  -4.4813348e+01   3.5965566e+02
   2.9300000e+01  -2.0813348e+01   7.4695656e+01
   2.9400000e+01  -3.3813348e+01   2.1421566e+02
   2.9500000e+01  -4.1813348e+01   9.1535656e+01
   2.9600000e+01  -2.4813348e+01   6.4855656e+01
   2.9700000e+01  -4.7813348e+01   6.9775656e+01
   2.9800000e+01   9.0186652e+01   7.6255656e+01
   2.9900000e+01   3.1186652e+01   6.3615656e+01
   3.0000000e+01  -2.2813348e+01   3.7775656e+01
   3.0100000e+01  -5.1813348e+01   1.0893566e+02
   3.0200000e+01  -9.8133484e+00   3.7255656e+01
   3.0300000e+01  -3.6813348e+01   1.7433566e+02
   3.0400000e+01   5.1866516e+00   5.7655656e+01
   3.0500000e+01  -1.9813348e+01   1.0865566e+02
   3.0600000e+01   8.6186652e+01   1.0441566e+02
   3.0700000e+01   9.9186652e+01   1.2895656e+01
   3.0800000e+01   6.6186652e+01   6.8215656e+01
   3.0900000e+01   1.6118665e+02   1.3641566e+02
   3.1000000e+01  -8.0813348e+01   1.9009566e+02
   3.1100000e+01   5.1866516e+00  -2.0344344e+01
   3.1200000e+01   8.9186652e+01   1.3129566e+02
   3.1300000e+01   4.0186652e+01   1.7425566e+02
   3.1400000e+01  -7.1813348e+01   3.5735656e+01
   3.1500000e+01   5.9186652e+01   7.1495656e+01
   3.1600000e+01   1.0218665e+02   5.2775656e+01
   3.1700000e+01  -2.0813348e+01   1.2569566e+02
   3.1800000e+01  -3.7813348e+01   6.5375656e+01
   3.1900000e+01   4.4186652e+01   1.3709566e+02
   3.2000000e+01  -2.8133484e+00   8.7975656e+01
   3.2100000e+01   9.4186652e+01   1.0309566e+02
   3.2200000e+01   8.6186652e+01   3.0441566e+02
   3.2300000e+01  -1.9813348e+01   1.0565566e+02
   3.2400000e+01   1.9718665e+02   4.4975656e+01
   3.2500000e+01  -1.2681335e+02   1.9593566e+02
   3.2600000e+01  -2.0813348e+01   6.9695656e+01
   3.2700000e+01   1.2518665e+02   1.6885566e+02
   3.2800000e+01  -4.4813348e+01   1.1065566e+02
   3.2900000e+01   1.8665158e-01   1.0485566e+02
   3.3000000e+01   4.6186652e+01   1.6701566e+02
   3.3100000e+01   5.7186652e+01   7.4575656e+01
   3.3200000e+01   1.2318665e+02   1.2493566e+02
   3.3300000e+01   7.2186652e+01   5.3975656e+01
   3.3400000e+01   6.0186652e+01   2.4345566e+02
   3.3500000e+01   9.9186652e+01   2.1889566e+02
   3.3600000e+01  -2.1813348e+01   2.0273566e+02
   3.3700000e+01   2.1866516e+00   9.9775656e+01
   3.3800000e+01  -6.7813348e+01   1.9857566e+02
   3.3900000e+01   2.1866516e+00   1.9377566e+02
   3.4000000e+01   1.6618665e+02   1.0621566e+02
   3.4100000e+01  -1.3381335e+02   1.7821566e+02
   3.4200000e+01  -2.0813348e+01   1.7869566e+02
   3.4300000e+01   8.0186652e+01   7.6655656e+01
   3.4400000e+01  -4.9813348e+01   1.2085566e+02
   3.4500000e+01   7.0186652e+01   1.1305566e+02
   3.4600000e+01   1.9518665e+02   1.2505566e+02
   3.4700000e+01   4.2186652e+01   1.7817566e+02
   3.4800000e+01   6.6186652e+01   1.7921566e+02
   3.4900000e+01  -3.9813348e+01   6.1455656e+01
   3.5000000e+01   1.1718665e+02   1.2917566e+02
   3.5100000e+01   2.3018665e+02   9.7655656e+01
   3.5200000e+01   1.5718665e+02   5.1575656e+01
   3.5300000e+01   1.9518665e+02  -5.5944344e+01
   3.5400000e+01   6.9186652e+01   1.4409566e+02
   3.5500000e+01   8.2186652e+01   1.5756561e+00
   3.5600000e+01   4.1186652e+01   8.3215656e+01
   3.5700000e+01   1.9318665e+02  -1.0864344e+01
   3.5800000e+01  -7.6813348e+01   9.9356561e+00
   3.5900000e+01   1.2918665e+02   1.3695656e+01
   3.6000000e+01   9.0186652e+01   8.3255656e+01
   3.6100000e+01   1.0518665e+02  -5.8344344e+01
   3.6200000e+01   2.7518665e+02  -4.8144344e+01
   3.6300000e+01   1.5618665e+02   7.6615656e+01
   3.6400000e+01   1.1418665e+02   5.2956561e+00
   3.6500000e+01   1.8418665e+02  -1.2504344e+01
   3.6600000e+01   1.5918665e+02   1.0749566e+02
   3.6700000e+01   1.4318665e+02   1.1413566e+02
   3.6800000e+01   1.5818665e+02  -8.4643439e+00
   3.6900000e+01   7.7186652e+01   4.3775656e+01
   3.7000000e+01   1.4218665e+02   1.1517566e+02
   3.7100000e+01   3.3618665e+02   8.5415656e+01
   3.7200000e+01   1.2018665e+02  -1.4944344e+01
   3.7300000e+01   9.5186652e+01   5.5055656e+01
   3.7400000e+01   2.6618665e+02  -5.1784344e+01
   3.7500000e+01   9.9186652e+01   4.3895656e+01
   3.7600000e+01   1.3818665e+02  -1.2664344e+01
   3.7700000e+01   2.0318665e+02  -2.4264344e+01
   3.7800000e+01   6.4186652e+01   5.1295656e+01
   3.7900000e+01   1.8718665e+02  -3.8624344e+01
   3.8000000e+01   1.4018665e+02   1.5255656e+01
   3.8100000e+01   5.1186652e+01  -2.1184344e+01
   3.8200000e+01   2.8518665e+02   6.9455656e+01
   3.8300000e+01   2.2418665e+02   5.0895656e+01
   3.8400000e+01   6.8186652e+01   4.7135656e+01
   3.8500000e+01   4.3186652e+01  -4.7864344e+01
   3.8600000e+01  -4.1813348e+01   1.2553566e+02
   3.8700000e+01   2.2518665e+02  -1.7144344e+01
   3.8800000e+01   1.6718665e+02   6.6175656e+01
   3.8900000e+01   1.5318665e+02  -1.0264344e+01
   3.9000000e+01   7.8186652e+01  -2.2264344e+01
   3.9100000e+01   2.7818665e+02   4.1735656e+01
   3.9200000e+01   1.6118665e+02   4.4156561e+00
   3.9300000e+01   2.5218665e+02   4.0775656e+01
   3.9400000e+01   2.3186652e+01   4.3935656e+01
   3.9500000e+01   1.6918665e+02   1.4809566e+02
   3.9600000e+01   1.9518665e+02   5.2055656e+01
   3.9700000e+01   8.7186652e+01  -1.3624344e+01
   3.9800000e+01   2.1618665e+02   6.6215656e+01
   3.9900000e+01   4.4186652e+01   9.4095656e+01
   4.0000000e+01   1.2918665e+02   3.0695656e+01
   4.0100000e+01   9.8186652e+01   1.1493566e+02
   4.0200000e+01   4.0186652e+01  -1.5744344e+01
   4.0300000e+01   1.6318665e+02   3.4335656e+01
   4.0400000e+01   1.6218665e+02   1.8375656e+01
   4.0500000e+01   1.4418665e+02   4.2095656e+01
   4.0600000e+01   1.7118665e+02   7.4015656e+01
   4.0700000e+01   1.3018665e+02  -5.8344344e+01
   4.0800000e+01   7.6186652e+01   1.6815656e+01
   4.0900000e+01   2.0518665e+02  -4.6344344e+01
   4.1000000e+01   3.1118665e+02  -2.5843439e+00
   4.1100000e+01   2.2186652e+01  -1.0902434e+02
   4.1200000e+01   2.0418665e+02   1.6695656e+01
   4.1300000e+01   7.0186652e+01   6.0556561e+00
   4.1400000e+01   1.6918665e+02  -5.9904344e+01
   4.1500000e+01   2.8618665e+02  -2.8584344e+01
   4.1600000e+01   1.6018665e+02  -2.8544344e+01
   4.1700000e+01  -7.8813348e+01   1.6015656e+01
   4.1800000e+01   6.1866516e+00   7.3615656e+01
   4.1900000e+01   9.6186652e+01  -8.7984344e+01
   4.2000000e+01   1.3118665e+02  -5.3843439e+00
   4.2100000e+01  -1.8133484e+00   6.8935656e+01
   4.2200000e+01   4.9186652e+01   4.8956561e+00
   4.2300000e+01   1.6318665e+02  -2.2664344e+01
   4.2400000e+01   1.4718665e+02  -7.3024344e+01
   4.2500000e+01   2.3418665e+02  -2.7504344e+01
   4.2600000e+01   6.0186652e+01   5.9455656e+01
   4.2700000e+01   1.5018665e+02  -3.4144344e+01
   4.2800000e+01   1.2618665e+02  -9.5184344e+01
   4.2900000e+01   2.0418665e+02  -2.6304344e+01
   4.3000000e+01   6.8186652e+01  -4.7864344e+01
   4.3100000e+01   2.2218665e+02  -5.3024344e+01
   4.3200000e+01   1.8665158e-01  -1.1144344e+01
   4.3300000e+01   7.3186652e+01   2.9356561e+00
   4.3400000e+01   1.6118665e+02   4.6415656e+01
   4.3500000e+01   2.6318665e+02  -3.8664344e+01
   4.3600000e+01   1.6718665e+02  -1.3824344e+01
   4.3700000e+01   8.1186652e+01  -2.3843439e+00
   4.3800000e+01   2.6718665e+02  -5.1824344e+01
   4.3900000e+01   5.8186652e+01   6.5535656e+01
   4.4000000e+01   8.8186652e+01  -2.9664344e+01
   4.4100000e+01   1.0318665e+02  -1.9264344e+01
   4.4200000e+01   1.3718665e+02   5.8375656e+01
   4.4300000e+01   3.1866516e+00  -1.2264344e+01
   4.4400000e+01   2.1218665e+02  -1.1624344e+01
   4.4500000e+01   1.4618665e+02  -8.8984344e+01
   4.4600000e+01   2.0618665e+02   3.6615656e+01
   4.4700000e+01   1.1918665e+02   3.0956561e+00
   4.4800000e+01   1.2118665e+02   5.1015656e+01
   4.4900000e+01   1.6718665e+02  -2.6824344e+01
   4.5000000e+01   1.7618665e+02   5.9815656e+01
   4.5100000e+01   1.3718665e+02   7.6375656e+01
   4.5200000e+01   1.2918665e+02   2.8695656e+01
   4.5300000e+01   1.0818665e+02   1.9535656e+01
   4.5400000e+01   1.3318665e+02   1.3253566e+02
   4.5500000e+01   5.3186652e+01   1.1735656e+01
   4.5600000e+01   1.6418665e+02  -2.4704344e+01
   4.5700000e+01   1.7818665e+02   5.2735656e+01
   4.5800000e+01   2.7186652e+01  -2.2224344e+01
   4.5900000e+01   1.1118665e+02  -5.8434389e-01
   4.6000000e+01   4.0186652e+01  -4.4744344e+01
   4.6100000e+01   9.9186652e+01  -5.3104344e+01
   4.6200000e+01   1.9186652e+01   3.6095656e+01
   4.6300000e+01   1.5218665e+02   9.7756561e+00
   4.6400000e+01   1.9318665e+02  -3.0864344e+01
   4.6500000e+01   3.6218665e+02  -4.6243439e+00
   4.6600000e+01   1.4618665e+02  -2.4984344e+01
   4.6700000e+01   9.9186652e+01   3.9895656e+01
   4.6800000e+01   1.9618665e+02   3.3015656e+01
   4.6900000e+01   2.0318665e+02  -8.2643439e+00
   4.7000000e+01   2.1118665e+02   3.4156561e+00
   4.7100000e+01   3.1918665e+02   1.1409566e+02
   4.7200000e+01   1.8518665e+02  -5.4434389e-01
   4.7300000e+01   1.4218665e+02   7.4175656e+01
   4.7400000e+01   4.4186652e+01   1.0956561e+00
   4.7500000e+01   1.5818665e+02  -8.3464344e+01
   4.7600000e+01   5.6186652e+01  -2.6384344e+01
   4.7700000e+01   1.4418665e+02   4.3095656e+01
   4.7800000e+01   1.4918665e+02  -1.3104344e+01
   4.7900000e+01   1.4018665e+02  -2.5744344e+01
   4.8000000e+01   2.3918665e+02   1.8029566e+02
   4.8100000e+01   1.3718665e+02   3.3756561e+00
   4.8200000e+01   2.1318665e+02   5.8335656e+01
   4.8300000e+01   5.4186652e+01  -3.7304344e+01
   4.8400000e+01   9.1186652e+01   2.7215656e+01
   4.8500000e+01   2.3718665e+02  -8.8624344e+01
   4.8600000e+01   8.4186652e+01  -5.0504344e+01
   4.8700000e+01   1.1218665e+02   8.3756561e+00
   4.8800000e+01   2.1918665e+02   8.5095656e+01
   4.8900000e+01   3.8618665e+02  -1.6584344e+01
   4.9000000e+01   5.5186652e+01  -4.3344344e+01
   4.9100000e+01   1.5318665e+02   3.2735656e+01
   4.9200000e+01  -1.6813348e+01   1.4535656e+01
   4.9300000e+01   7.1866516e+00   8.3575656e+01
   4.9400000e+01   9.6186652e+01  -4.4984344e+01
   4.9500000e+01   2.4718665e+02   3.9756561e+00
   4.9600000e+01   7.6186652e+01  -1.8184344e+01
   4.9700000e+01   1.6818665e+02  -5.5864344e+01
   4.9800000e+01   7.0186652e+01   7.5055656e+01
   4.9900000e+01   1.2418665e+02  -4.8104344e+01
   5.0000000e+01   1.0918665e+02  -1.5043439e+00
   5.0100000e+01   1.9118665e+02   3.5215656e+01
   5.0200000e+01   1.1118665e+02  -1.7584344e+01
   5.0300000e+01   1.0918665e+02   9.6495656e+01
   5.0400000e+01   9.7186652e+01   5.5975656e+01
   5.0500000e+01   3.3186652e+01  -5.5464344e+01
   5.0600000e+01   2.1418665e+02   1.2295656e+01
   5.0700000e+01   1.6718665e+02  -1.3824344e+01
   5.0800000e+01  -1.3813348e+01   1.4041566e+02
   5.0900000e+01   1.7018665e+02   6.0556561e+00
   5.1000000e+01   3.5818665e+02  -5.3464344e+01
   5.1100000e+01   1.2418665e+02  -1.6104344e+01
   5.1200000e+01   7.1186652e+01  -4.1984344e+01
   5.1300000e+01   8.0186652e+01  -2.3443439e+00
   5.1400000e+01   1.7518665e+02   1.4855656e+01
   5.1500000e+01   9.1186652e+01   1.3215656e+01
   5.1600000e+01   1.1818665e+02   4.5135656e+01
   5.1700000e+01   8.9186652e+01  -6.7043439e+00
   5.1800000e+01   1.2618665e+02  -1.2184344e+01
   5.1900000e+01   2.6186652e+01   3.0815656e+01
   5.2000000e+01   3.0418665e+02   3.4695656e+01
   5.2100000e+01   2.4518665e+02  -9.9443439e+00
   5.2200000e+01   1.0718665e+02  -3.7424344e+01
   5.2300000e+01   1.2818665e+02  -1.2643439e+00
   5.2400000e+01   2.2818665e+02   6.2735656e+01
   5.2500000e+01   1.4518665e+02   5.2055656e+01
   5.2600000e+01   1.5318665e+02   8.4735656e+01
   5.2700000e+01   7.0186652e+01   7.1055656e+01
   5.2800000e+01   2.3518665e+02   1.0745566e+02
   5.2900000e+01   2.3418665e+02  -6.1504344e+01
   5.3000000e+01   1.0118665e+02   1.1181566e+02
   5.3100000e+01   2.1718665e+02   8.7175656e+01
   5.3200000e+01   1.0218665e+02   5.6775656e+01
   5.3300000e+01   1.7218665e+02   3.7975656e+01
   5.3400000e+01   2.7018665e+02   3.3055656e+01
   5.3500000e+01  -2.7813348e+01  -3.0024344e+01
   5.3600000e+01   1.0218665e+02   8.7756561e+00
   5.3700000e+01   1.1118665e+02   8.4156561e+00
   5.3800000e+01   1.1318665e+02   3.8335656e+01
   5.3900000e+01   1.1818665e+02   1.0135656e+01
   5.4000000e+01   1.2918665e+02  -2.3304344e+01
   5.4100000e+01   2.3518665e+02   6.4556561e+00
   5.4200000e+01   1.0818665e+02   7.0535656e+01
   5.4300000e+01   1.3218665e+02   3.2575656e+01
   5.4400000e+01   4.6186652e+01   1.4015656e+01
   5.4500000e+01   2.0718665e+02  -1.5424344e+01
   5.4600000e+01   1.4418665e+02   2.3095656e+01
   5.4700000e+01  -3.8813348e+01   4.7415656e+01
   5.4800000e+01   2.0418665e+02   4.9695656e+01
   5.4900000e+01   1.6118665e+02   1.8415656e+01
   5.5000000e+01   2.0318665e+02   4.0735656e+01
   5.5100000e+01   5.6186652e+01  -1.8384344e+01
   5.5200000e+01   1.7518665e+02   1.2785566e+02
   5.5300000e+01   4.4186652e+01   3.1095656e+01
   5.5400000e+01   1.0118665e+02   1.5815656e+01
   5.5500000e+01   8.2186652e+01  -2.9424344e+01
   5.5600000e+01   1.5118665e+02   3.4815656e+01
   5.5700000e+01   2.9118665e+02   7.7215656e+01
   5.5800000e+01   3.5186652e+01   4.7455656e+01
   5.5900000e+01   4.8186652e+01   5.1935656e+01
   5.6000000e+01   1.4418665e+02  -3.8904344e+01
   5.6100000e+01   2.3186652e+01  -1.3064344e+01
   5.6200000e+01   1.1518665e+02  -2.7744344e+01
   5.6300000e+01   8.6186652e+01   6.1415656e+01
   5.6400000e+01   4.4186652e+01   8.6095656e+01
   5.6500000e+01   1.9118665e+02   4.5215656e+01
   5.6600000e+01   3.2918665e+02  -2.5304344e+01
   5.6700000e+01   1.7218665e+02  -3.5024344e+01
   5.6800000e+01   9.3186652e+01  -8.6434389e-01
   5.6900000e+01   5.4186652e+01   3.5695656e+01
   5.7000000e+01   2.6718665e+02  -1.8824344e+01
   5.7100000e+01   3.0518665e+02   1.1165566e+02
   5.7200000e+01   1.7918665e+02   4.6956561e+00
   5.7300000e+01   1.2418665e+02  -3.6104344e+01
   5.7400000e+01   2.8186652e+01  -1.3264344e+01
   5.7500000e+01   2.7218665e+02   1.0197566e+02
   5.7600000e+01   3.0618665e+02   1.1861566e+02
   5.7700000e+01   1.0618665e+02   8.6615656e+01
   5.7800000e+01   2.6018665e+02  -1.2544344e+01
   5.7900000e+01   6.5186652e+01   7.2255656e+01
   5.8000000e+01   3.5718665e+02  -7.4243439e+00
   5.8100000e+01   4.1186652e+01  -8.7843439e+00
   5.8200000e+01   1.5218665e+02  -6.2243439e+00
   5.8300000e+01   9.1866516e+00   2.2495656e+01
   5.8400000e+01   1.1618665e+02   3.5215656e+01
   5.8500000e+01   1.8186652e+01   4.0135656e+01
   5.8600000e+01   1.3618665e+02   4.8415656e+01
   5.8700000e+01   1.7118665e+02   8.3015656e+01
   5.8800000e+01   1.9518665e+02  -1.7944344e+01
   5.8900000e+01   2.0318665e+02   5.6735656e+01
   5.9000000e+01   8.1186652e+01   1.2561566e+02
   5.9100000e+01   1.5118665e+02  -9.1843439e+00
   5.9200000e+01   1.4618665e+02   6.5015656e+01
   5.9300000e+01   1.9018665e+02   4.3255656e+01
   5.9400000e+01   1.5418665e+02   1.7969566e+02
   5.9500000e+01   4.2186652e+01   2.3175656e+01
   5.9600000e+01  -3.5813348e+01   9.6295656e+01
   5.9700000e+01   8.8186652e+01  -4.8664344e+01
   5.9800000e+01   8.5186652e+01  -3.1544344e+01
   5.9900000e+01   4.8186652e+01   4.1935656e+01
   6.0000000e+01  -4.8813348e+01  -4.1184344e+01
   6.0100000e+01  -3.4813348e+01   4.0255656e+01
   6.0200000e+01   6.7186652e+01   4.0175656e+01
   6.0300000e+01   1.2186652e+01   2.6375656e+01
   6.0400000e+01   3.7186652e+01  -3.9624344e+01
   6.0500000e+01  -8.2813348e+01   5.0175656e+01
   6.0600000e+01   2.9186652e+01  -3.0304344e+01
   6.0700000e+01  -4.6813348e+01  -1.1264344e+01
   6.0800000e+01   8.6186652e+01   3.1415656e+01
   6.0900000e+01  -2.9813348e+01   2.0055656e+01
   6.1000000e+01  -2.2813348e+01  -4.2243439e+00
   6.1100000e+01  -5.8133484e+00  -2.9904344e+01
   6.1200000e+01  -5.1813348e+01   3.6935656e+01
   6.1300000e+01   6.4186652e+01   3.5295656e+01
   6.1400000e+01   1.8818665e+02   2.0335656e+01
   6.1500000e+01   3.4186652e+01   2.3495656e+01
   6.1600000e+01   5.7186652e+01  -9.2424344e+01
   6.1700000e+01   3.5186652e+01   6.5455656e+01
   6.1800000e+01  -6.9813348e+01   2.3655656e+01
   6.1900000e+01  -1.1481335e+02  -2.8544344e+01
   6.2000000e+01   1.4018665e+02  -1.9744344e+01
   6.2100000e+01   9.4186652e+01  -2.6904344e+01
   6.2200000e+01   1.3618665e+02  -5.7584344e+01
   6.2300000e+01  -5.5813348e+01   3.9095656e+01
   6.2400000e+01  -1.7813348e+01   1.7575656e+01
   6.2500000e+01   9.2186652e+01  -2.8243439e+00
   6.2600000e+01   3.9186652e+01  -2.9704344e+01
   6.2700000e+01   6.9186652e+01   6.0956561e+00
   6.2800000e+01  -6.0813348e+01   9.0295656e+01
   6.2900000e+01   5.2186652e+01  -2.4224344e+01
   6.3000000e+01  -5.9813348e+01   4.3255656e+01
   6.3100000e+01   8.8186652e+01  -4.6643439e+00
   6.3200000e+01   6.8186652e+01   4.4135656e+01
   6.3300000e+01   7.4186652e+01   7.8956561e+00
   6.3400000e+01  -9.8133484e+00  -2.7744344e+01
   6.3500000e+01   2.7186652e+01   3.9775656e+01
   6.3600000e+01  -3.2813348e+01   8.8175656e+01
   6.3700000e+01   8.1866516e+00  -8.4643439e+00
   6.3800000e+01   1.9118665e+02  -2.7784344e+01
   6.3900000e+01   1.8186652e+01   5.1356561e+00
   6.4000000e+01   4.1186652e+01  -2.9784344e+01
   6.4100000e+01   1.2118665e+02   1.1501566e+02
   6.4200000e+01  -1.8813348e+01  -5.3843439e+00
   6.4300000e+01   2.8186652e+01   1.0735656e+01
   6.4400000e+01  -2.8133484e+00   1.6975656e+01
   6.4500000e+01   2.1186652e+01  -1.3984344e+01
   6.4600000e+01   3.1866516e+00  -7.4264344e+01
   6.4700000e+01   1.9186652e+01  -3.8904344e+01
   6.4800000e+01   3.7186652e+01   8.2375656e+01
   6.4900000e+01  -2.2813348e+01  -1.5224344e+01
   6.5000000e+01   3.5186652e+01   8.2455656e+01
   6.5100000e+01  -5.2813348e+01  -1.0243439e+00
   6.5200000e+01  -2.2813348e+01   1.2775656e+01
   6.5300000e+01  -6.0813348e+01   3.7295656e+01
   6.5400000e+01   2.6186652e+01  -7.0184344e+01
   6.5500000e+01   2.6186652e+01   8.2815656e+01
   6.5600000e+01   1.1118665e+02   1.7415656e+01
   6.5700000e+01   6.8186652e+01   7.1135656e+01
   6.5800000e+01   4.1186652e+01   1.2215656e+01
   6.5900000e+01  -4.2813348e+01   5.2575656e+01
   6.6000000e+01   1.3186652e+01  -2.2664344e+01
   6.6100000e+01  -9.0813348e+01   5.6495656e+01
   6.6200000e+01   5.3186652e+01   3.4735656e+01
   6.6300000e+01   3.4186652e+01   5.5495656e+01
   6.6400000e+01  -1.3813348e+01  -4.4584344e+01
   6.6500000e+01  -4.5813348e+01  -1.2304344e+01
   6.6600000e+01  -6.2813348e+01   6.8375656e+01
   6.6700000e+01   7.1866516e+00   7.2575656e+01
   6.6800000e+01   1.1218665e+02  -2.9624344e+01
   6.6900000e+01   1.5186652e+01   9.4255656e+01
   6.7000000e+01   5.3186652e+01  -1.0264344e+01
   6.7100000e+01  -1.7813348e+01  -4.6424344e+01
   6.7200000e+01   6.6186652e+01  -1.9784344e+01
   6.7300000e+01   9.3186652e+01   6.1356561e+00
   6.7400000e+01   4.1866516e+00  -1.9304344e+01
   6.7500000e+01   8.5186652e+01  -1.1544344e+01
   6.7600000e+01  -2.4813348e+01   4.1855656e+01
   6.7700000e+01   9.1186652e+01   4.9215656e+01
   6.7800000e+01  -3.8133484e+00   3.4015656e+01
   6.7900000e+01   9.8186652e+01   2.9356561e+00
   6.8000000e+01   9.9186652e+01  -6.8104344e+01
   6.8100000e+01   4.5186652e+01   6.7055656e+01
   6.8200000e+01   1.1318665e+02   7.7335656e+01
   6.8300000e+01   1.0186652e+01   2.1455656e+01
   6.8400000e+01  -8.0813348e+01   2.8095656e+01
   6.8500000e+01  -6.7813348e+01  -2.3424344e+01
   6.8600000e+01   3.1866516e+00  -3.0264344e+01
   6.8700000e+01  -1.1681335e+02  -4.0464344e+01
   6.8800000e+01  -9.0813348e+01  -8.5043439e+00
   6.8900000e+01   5.3186652e+01   4.9735656e+01
   6.9000000e+01   6.2186652e+01  -5.2624344e+01
   6.9100000e+01   7.1866516e+00   2.0575656e+01
   6.9200000e+01   7.2186652e+01   1.3975656e+01
   6.9300000e+01   4.5186652e+01  -6.0944344e+01
   6.9400000e+01  -1.0381335e+02  -3.6984344e+01
   6.9500000e+01   1.5218665e+02  -5.8224344e+01
   6.9600000e+01   6.6186652e+01  -7.8434389e-01
   6.9700000e+01   1.2818665e+02  -9.2643439e+00
   6.9800000e+01   1.7218665e+02   3.7975656e+01
   6.9900000e+01   3.6186652e+01  -4.8584344e+01
   7.0000000e+01   1.3918665e+02  -2.5704344e+01
   7.0100000e+01  -1.1813348e+01  -6.6643439e+00
   7.0200000e+01   4.1186652e+01  -3.7843439e+00
   7.0300000e+01   8.4186652e+01  -2.6504344e+01
   7.0400000e+01  -1.3813348e+01  -5.6584344e+01
   7.0500000e+01   8.3186652e+01  -6.4643439e+00
   7.0600000e+01   1.8665158e-01   1.4855656e+01
   7.0700000e+01   5.8186652e+01   6.5535656e+01
   7.0800000e+01  -5.8133484e+00   5.0095656e+01
   7.0900000e+01  -6.3813348e+01   2.5415656e+01
   7.1000000e+01   7.8186652e+01  -6.7264344e+01
   7.1100000e+01  -5.4813348e+01   4.3055656e+01
   7.1200000e+01   5.3186652e+01  -1.6264344e+01
   7.1300000e+01   4.0186652e+01   1.0725566e+02
   7.1400000e+01   5.3186652e+01   1.1273566e+02
   7.1500000e+01  -2.8133484e+00   1.2397566e+02
   7.1600000e+01   6.5186652e+01   6.9255656e+01
   7.1700000e+01   2.1186652e+01  -1.2898434e+02
   7.1800000e+01  -2.4813348e+01  -8.1443439e+00
   7.1900000e+01   8.1866516e+00  -8.4643439e+00
   7.2000000e+01  -1.1813348e+01  -8.6643439e+00
   7.2100000e+01   4.6186652e+01  -1.9843439e+00
   7.2200000e+01   2.1866516e+00   1.9775656e+01
   7.2300000e+01   4.1866516e+00  -4.4304344e+01
   7.2400000e+01  -3.9813348e+01   3.6455656e+01
   7.2500000e+01   3.1186652e+01  -4.3384344e+01
   7.2600000e+01  -1.5181335e+02   6.1935656e+01
   7.2700000e+01   3.3186652e+01   2.5535656e+01
   7.2800000e+01   1.6186652e+01  -3.5784344e+01
   7.2900000e+01   1.1866516e+00  -4.2184344e+01
   7.3000000e+01  -9.4813348e+01  -3.2344344e+01
   7.3100000e+01   7.1186652e+01   1.2701566e+02
   7.3200000e+01  -6.3813348e+01   5.6415656e+01
   7.3300000e+01   7.5186652e+01   7.4855656e+01
   7.3400000e+01   1.4918665e+02   2.7895656e+01
   7.3500000e+01  -9.2813348e+01  -2.3424344e+01
   7.3600000e+01   6.7186652e+01   2.1756561e+00
   7.3700000e+01  -1.8813348e+01  -7.9384344e+01
   7.3800000e+01   9.3186652e+01   2.1135656e+01
   7.3900000e+01  -1.5813348e+01  -5.3504344e+01
   7.4000000e+01   6.1186652e+01   2.6415656e+01
   7.4100000e+01   1.2018665e+02  -5.1944344e+01
   7.4200000e+01   5.2186652e+01   7.0775656e+01
   7.4300000e+01   3.3186652e+01  -2.1464344e+01
   7.4400000e+01   9.1186652e+01  -3.9784344e+01
   7.4500000e+01  -2.0813348e+01  -1.9304344e+01
   7.4600000e+01   1.4018665e+02  -3.9744344e+01
   7.4700000e+01   1.0818665e+02   4.0535656e+01
   7.4800000e+01   1.8186652e+01  -3.7864344e+01
   7.4900000e+01   4.1186652e+01   1.2156561e+00
   7.5000000e+01   3.5186652e+01   7.3455656e+01
   7.5100000e+01   1.2186652e+01  -2.5624344e+01
   7.5200000e+01   5.9186652e+01  -6.0504344e+01
   7.5300000e+01  -3.0813348e+01  -1.9043439e+00
   7.5400000e+01   2.9186652e+01  -3.0304344e+01
   7.5500000e+01   5.8186652e+01   6.1535656e+01
   7.5600000e+01   6.4186652e+01   2.6295656e+01
   7.5700000e+01   9.4186652e+01  -9.2904344e+01
   7.5800000e+01  -9.8133484e+00  -2.0744344e+01
   7.5900000e+01  -3.2813348e+01   4.3175656e+01
   7.6000000e+01   3.1186652e+01   8.5615656e+01
   7.6100000e+01   3.0186652e+01  -5.1344344e+01
   7.6200000e+01   2.6186652e+01   2.0815656e+01
   7.6300000e+01   5.7186652e+01  -5.6424344e+01
   7.6400000e+01  -1.1081335e+02   6.2956561e+00
   7.6500000e+01  -7.7813348e+01  -9.0243439e+00
   7.6600000e+01   4.5186652e+01   1.5055656e+01
   7.6700000e+01   1.5318665e+02  -5.0264344e+01
   7.6800000e+01  -5.5813348e+01   4.7095656e+01
   7.6900000e+01  -5.0813348e+01   4.9895656e+01
   7.7000000e+01   4.2186652e+01  -8.8824344e+01
   7.7100000e+01   4.3186652e+01  -5.3864344e+01
   7.7200000e+01   2.1866516e+00   5.7756561e+00
   7.7300000e+01   1.0918665e+02  -3.6504344e+01
   7.7400000e+01   5.7186652e+01  -8.4243439e+00
   7.7500000e+01  -5.4813348e+01   3.5055656e+01
   7.7600000e+01  -4.4813348e+01   8.3655656e+01
   7.7700000e+01   1.6186652e+01   5.9215656e+01
   7.7800000e+01   1.0118665e+02  -4.3184344e+01
   7.7900000e+01   5.1866516e+00   4.3655656e+01
   7.8000000e+01  -2.0813348e+01   4.7695656e+01
   7.8100000e+01   2.2418665e+02   4.8956561e+00
   7.8200000e+01   4.6186652e+01   2.4015656e+01
   7.8300000e+01   3.1866516e+00   2.7735656e+01
   7.8400000e+01   2.0186652e+01   4.0055656e+01
   7.8500000e+01   9.0186652e+01   3.2255656e+01
   7.8600000e+01   1.6186652e+01   9.5215656e+01
   7.8700000e+01  -1.2281335e+02  -1.8224344e+01
   7.8800000e+01  -3.7813348e+01   1.0337566e+02
   7.8900000e+01   1.2818665e+02  -2.2264344e+01
   7.9000000e+01   6.1866516e+00  -2.6384344e+01
   7.9100000e+01   3.2186652e+01   3.2575656e+01
   7.9200000e+01  -6.7813348e+01  -7.4243439e+00
   7.9300000e+01  -1.6813348e+01   1.0853566e+02
   7.9400000e+01   5.9186652e+01   6.2495656e+01
   7.9500000e+01  -4.1813348e+01   5.3535656e+01
   7.9600000e+01   4.3186652e+01   5.6135656e+01
   7.9700000e+01  -8.2813348e+01   4.0175656e+01
   7.9800000e+01   8.0186652e+01   2.3655656e+01
   7.9900000e+01   1.0018665e+02  -7.0144344e+01
   8.0000000e+01   2.0186652e+01   3.8055656e+01
   8.0100000e+01   1.5186652e+01   5.7255656e+01
   8.0200000e+01  -2.9813348e+01   1.6055656e+01
   8.0300000e+01  -2.4813348e+01   8.2855656e+01
   8.0400000e+01   5.5186652e+01   1.3265566e+02
   8.0500000e+01   1.8018665e+02   3.1655656e+01
   8.0600000e+01   7.1866516e+00  -5.4243439e+00
   8.0700000e+01  -1.9813348e+01   5.6655656e+01
   8.0800000e+01  -9.2813348e+01  -5.8424344e+01
   8.0900000e+01   1.8665158e-01   1.8855656e+01
   8.1000000e+01   6.7186652e+01   3.0175656e+01
   8.1100000e+01   1.0818665e+02  -4.6434389e-01
   8.1200000e+01   2.8186652e+01   4.6735656e+01
   8.1300000e+01  -3.1813348e+01  -7.8643439e+00
   8.1400000e+01  -1.9813348e+01   1.4655656e+01
   8.1500000e+01   6.8186652e+01  -5.4864344e+01
   8.1600000e+01   6.8186652e+01   1.2813566e+02
   8.1700000e+01  -7.8133484e+00  -2.2824344e+01
   8.1800000e+01  -1.2813348e+01   2.1375656e+01
   8.1900000e+01  -4.0813348e+01   1.4956561e+00
   8.2000000e+01  -3.5813348e+01  -1.3704344e+01
   8.2100000e+01  -7.8813348e+01  -1.8984344e+01
   8.2200000e+01  -4.2813348e+01   3.0575656e+01
   8.2300000e+01   7.1866516e+00   1.9575656e+01
   8.2400000e+01   3.7186652e+01   1.7375656e+01
   8.2500000e+01   2.9186652e+01   6.1695656e+01
   8.2600000e+01  -2.8813348e+01   9.4015656e+01
   8.2700000e+01  -6.0813348e+01   1.4529566e+02
   8.2800000e+01  -5.0813348e+01   1.3895656e+01
   8.2900000e+01   2.5186652e+01   1.0855656e+01
   8.3000000e+01   4.7186652e+01   1.5997566e+02
   8.3100000e+01   6.1186652e+01   7.4415656e+01
   8.3200000e+01   6.1866516e+00   7.1615656e+01
   8.3300000e+01   9.4186652e+01  -3.5904344e+01
   8.3400000e+01   1.2186652e+01  -7.6243439e+00
   8.3500000e+01   9.9186652e+01  -2.4104344e+01
   8.3600000e+01   1.1418665e+02  -3.7704344e+01
   8.3700000e+01   1.8665158e-01  -2.9144344e+01
   8.3800000e+01   3.4186652e+01  -4.2504344e+01
   8.3900000e+01   1.0818665e+02  -1.1464344e+01
   8.4000000e+01  -3.9813348e+01  -4.7544344e+01
   8.4100000e+01   5.2186652e+01   5.1775656e+01
   8.4200000e+01   4.3186652e+01  -1.6864344e+01
   8.4300000e+01  -8.1813348e+01   8.0135656e+01
   8.4400000e+01   2.9186652e+01   7.6956561e+00
   8.4500000e+01   3.6186652e+01  -4.7584344e+01
   8.4600000e+01  -4.3813348e+01   4.1615656e+01
   8.4700000e+01   3.2186652e+01   1.5575656e+01
   8.4800000e+01   7.1186652e+01   6.3015656e+01
   8.4900000e+01  -1.0813348e+01   5.7295656e+01
   8.5000000e+01   1.0318665e+02  -5.8264344e+01
   8.5100000e+01  -8.9813348e+01  -8.1544344e+01
   8.5200000e+01  -7.8813348e+01   5.3015656e+01
   8.5300000e+01  -1.5813348e+01   1.1049566e+02
   8.5400000e+01   3.1186652e+01  -4.0384344e+01
   8.5500000e+01  -2.5813348e+01  -5.3104344e+01
   8.5600000e+01  -6.3813348e+01   1.5641566e+02
   8.5700000e+01   1.3186652e+01   2.5335656e+01
   8.5800000e+01  -5.1813348e+01   4.0935656e+01
   8.5900000e+01   2.1866516e+00   1.9775656e+01
   8.6000000e+01   1.1718665e+02   6.6175656e+01
   8.6100000e+01  -5.8133484e+00   2.8095656e+01
   8.6200000e+01   5.7186652e+01   2.5575656e+01
   8.6300000e+01   5.1866516e+00   5.4655656e+01
   8.6400000e+01  -2.3813348e+01   9.5815656e+01
   8.6500000e+01  -4.6813348e+01   1.7573566e+02
   8.6600000e+01  -2.0813348e+01   4.1695656e+01
   8.6700000e+01  -2.8133484e+00   5.3975656e+01
   8.6800000e+01  -4.4813348e+01   1.3565566e+02
   8.6900000e+01   6.6186652e+01   1.8215656e+01
   8.7000000e+01  -7.8133484e+00   1.1175656e+01
   8.7100000e+01   1.1918665e+02   5.0095656e+01
   8.7200000e+01  -2.1813348e+01   2.5735656e+01
   8.7300000e+01   9.5186652e+01  -9.9443439e+00
   8.7400000e+01  -4.0813348e+01  -3.5043439e+00
   8.7500000e+01   7.8186652e+01   7.4735656e+01
   8.7600000e+01   8.7186652e+01  -6.6243439e+00
   8.7700000e+01   3.0186652e+01   2.8655656e+01
   8.7800000e+01  -3.4813348e+01  -1.7443439e+00
   8.7900000e+01  -5.7813348e+01   2.6175656e+01
   8.8000000e+01   3.9186652e+01  -9.7043439e+00
   8.8100000e+01  -7.4813348e+01   3.1855656e+01
   8.8200000e+01   7.4186652e+01   1.6895656e+01
   8.8300000e+01   5.8186652e+01   2.6535656e+01
   8.8400000e+01   1.2186652e+01   5.3756561e+00
   8.8500000e+01   1.1818665e+02  -5.2864344e+01
   8.8600000e+01  -3.5813348e+01   3.1295656e+01
   8.8700000e+01   1.9018665e+02  -6.2744344e+01
   8.8800000e+01  -5.3813348e+01   8.0156561e+00
   8.8900000e+01   1.0918665e+02   1.4956561e+00
   8.9000000e+01  -1.4813348e+01  -8.3544344e+01
   8.9100000e+01   1.2318665e+02  -3.7064344e+01
   8.9200000e+01  -6.1813348e+01   6.7335656e+01
   8.9300000e+01   1.8186652e+01  -1.7864344e+01
   8.9400000e+01   2.9186652e+01   6.9565611e-01
   8.9500000e+01   4.0186652e+01  -5.1744344e+01
   8.9600000e+01  -6.1813348e+01   7.8335656e+01
   8.9700000e+01   5.8186652e+01  -9.7464344e+01
   8.9800000e+01   8.1866516e+00   2.2535656e+01
   8.9900000e+01  -3.6813348e+01  -1.6643439e+00
   9.0000000e+01  -6.9813348e+01  -1.6344344e+01
   9.0100000e+01   5.6186652e+01   2.0615656e+01
   9.0200000e+01   4.4186652e+01   4.0956561e+00
   9.0300000e+01  -1.3813348e+01  -1.8584344e+01
   9.0400000e+01  -6.3813348e+01   2.5415656e+01
   9.0500000e+01  -4.2813348e+01  -3.6424344e+01
   9.0600000e+01   5.4186652e+01  -1.0130434e+02
   9.0700000e+01  -4.5813348e+01  -5.7304344e+01
   9.0800000e+01   1.0718665e+02   3.9575656e+01
   9.0900000e+01  -2.6813348e+01  -6.0064344e+01
   9.1000000e+01  -5.7813348e+01   3.1175656e+01
   9.1100000e+01   1.0518665e+02  -1.2344344e+01
   9.1200000e+01  -7.1813348e+01   3.1735656e+01
   9.1300000e+01  -6.3813348e+01   8.0415656e+01
   9.1400000e+01   5.2186652e+01  -4.8224344e+01
   9.1500000e+01  -9.2813348e+01  -1.8424344e+01
   9.1600000e+01  -4.5813348e+01   1.3695656e+01
   9.1700000e+01  -7.5813348e+01  -1.0104344e+01
   9.1800000e+01   6.0186652e+01   8.4556561e+00
   9.1900000e+01   1.0718665e+02  -1.4243439e+00
   9.2000000e+01  -6.0813348e+01   6.3295656e+01
   9.2100000e+01  -4.3813348e+01  -3.2384344e+01
   9.2200000e+01  -2.1813348e+01   1.1735656e+01
   9.2300000e+01  -1.1813348e+01   1.3356561e+00
   9.2400000e+01   2.1186652e+01   1.5015656e+01
   9.2500000e+01   3.7186652e+01  -4.1624344e+01
   9.2600000e+01  -2.7813348e+01   1.7597566e+02
   9.2700000e+01  -1.4813348e+01  -5.4434389e-01
   9.2800000e+01   2.0186652e+01  -5.7944344e+01
   9.2900000e+01   8.0186652e+01   1.8655656e+01
   9.3000000e+01  -9.2813348e+01  -2.4243439e+00
   9.3100000e+01   2.8186652e+01   2.5735656e+01
   9.3200000e+01   5.2186652e+01   5.3775656e+01
   9.3300000e+01  -6.6813348e+01   2.5356561e+00
   9.3400000e+01  -9.8813348e+01  -5.9184344e+01
   9.3500000e+01   2.0186652e+01   9.4055656e+01
   9.3600000e+01   1.1118665e+02  -2.9584344e+01
   9.3700000e+01   1.0186652e+01   9.7455656e+01
   9.3800000e+01   9.5186652e+01  -6.7944344e+01
   9.3900000e+01   7.6186652e+01  -7.0184344e+01
   9.4000000e+01  -2.9813348e+01   1.2055656e+01
   9.4100000e+01   6.6186652e+01   1.2215656e+01
   9.4200000e+01   1.9186652e+01   7.2095656e+01
   9.4300000e+01   7.1866516e+00  -6.0424344e+01
   9.4400000e+01  -4.1813348e+01  -2.1464344e+01
   9.4500000e+01  -1.2681335e+02   2.9356561e+00
   9.4600000e+01  -1.7813348e+01   2.7575656e+01
   9.4700000e+01   1.1718665e+02   3.5175656e+01
   9.4800000e+01  -4.4813348e+01  -1.6344344e+01
   9.4900000e+01  -8.8133484e+00  -3.0784344e+01
   9.5000000e+01   4.4186652e+01  -4.2904344e+01
   9.5100000e+01   2.1186652e+01  -4.1984344e+01
   9.5200000e+01   9.9186652e+01  -2.1043439e+00
   9.5300000e+01   1.1418665e+02   2.6295656e+01
   9.5400000e+01   3.6186652e+01  -1.5843439e+00
   9.5500000e+01  -1.1281335e+02   9.7375656e+01
   9.5600000e+01   4.6186652e+01   6.0156561e+00
   9.5700000e+01   2.6186652e+01  -1.8434389e-01
   9.5800000e+01   3.4186652e+01   3.4495656e+01
   9.5900000e+01   1.1866516e+00  -5.1843439e+00
   9.6000000e+01  -3.1813348e+01   5.4135656e+01
   9.6100000e+01  -2.2813348e+01   7.7775656e+01
   9.6200000e+01   7.3186652e+01  -6.4064344e+01
   9.6300000e+01   7.9186652e+01  -6.3043439e+00
   9.6400000e+01  -5.4813348e+01  -1.7944344e+01
   9.6500000e+01  -6.8133484e+00  -2.5864344e+01
   9.6600000e+01   8.1866516e+00   5.0535656e+01
   9.6700000e+01   1.0118665e+02   1.7815656e+01
   9.6800000e+01   4.8186652e+01  -8.7064344e+01
   9.6900000e+01   5.8186652e+01  -2.8464344e+01
   9.7000000e+01   2.5186652e+01   1.3855656e+01
   9.7100000e+01   1.0818665e+02   4.0535656e+01
   9.7200000e+01   8.1186652e+01  -3.8434389e-01
   9.7300000e+01  -3.4813348e+01   8.3255656e+01
   9.7400000e+01  -6.9813348e+01   3.9655656e+01
   9.7500000e+01  -5.6813348e+01   7.0135656e+01
   9.7600000e+01  -5.8813348e+01  -4.6784344e+01
   9.7700000e+01  -2.2813348e+01  -4.7224344e+01
   9.7800000e+01  -5.3813348e+01  -9.8434389e-01
   9.7900000e+01  -1.2813348e+01  -8.1624344e+01
   9.8000000e+01   6.6186652e+01  -1.4784344e+01
   9.8100000e+01  -4.4813348e+01  -5.5344344e+01
   9.8200000e+01  -1.2813348e+01  -2.7624344e+01
   9.8300000e+01   1.1018665e+02  -9.5443439e+00
   9.8400000e+01   2.8186652e+01   9.7356561e+00
   9.8500000e+01   8.1186652e+01   2.1615656e+01
   9.8600000e+01   3.2186652e+01   1.2357566e+02
   9.8700000e+01  -8.8133484e+00   1.6321566e+02
   9.8800000e+01   1.7186652e+01   7.1175656e+01
   9.8900000e+01   1.0818665e+02  -1.1464344e+01
   9.9000000e+01  -1.3813348e+01   1.0341566e+02
   9.9100000e+01   2.1186652e+01   7.8015656e+01
   9.9200000e+01   7.1186652e+01   6.2015656e+01
   9.9300000e+01   2.7186652e+01  -2.0224344e+01
   9.9400000e+01   4.0186652e+01  -2.6744344e+01
   9.9500000e+01   8.5186652e+01  -7.5544344e+01
   9.9600000e+01  -3.2813348e+01   3.5175656e+01
   9.9700000e+01   1.0018665e+02   3.1855656e+01
   9.9800000e+01  -4.1813348e+01   9.5356561e+00
   9.9900000e+01  -9.7813348e+01  -2.6224344e+01
   1.0000000e+02   2.0186652e+01  -3.4944344e+01
   1.0010000e+02   5.4186652e+01   3.0695656e+01
   1.0020000e+02   1.5818665e+02  -4.2464344e+01
   1.0030000e+02   1.3186652e+01   6.9335656e+01
   1.0040000e+02   3.1186652e+01  -1.4384344e+01
   1.0050000e+02  -5.1813348e+01   1.0093566e+02
   1.0060000e+02   4.3186652e+01  -1.0864344e+01
   1.0070000e+02   1.9186652e+01   5.6095656e+01
   1.0080000e+02   1.0418665e+02   6.6695656e+01
   1.0090000e+02   1.4818665e+02   6.3935656e+01
   1.0100000e+02   1.0618665e+02  -4.3384344e+01
   1.0110000e+02   1.6918665e+02  -3.0904344e+01
   1.0120000e+02   7.3186652e+01  -5.2064344e+01
   1.0130000e+02   2.1218665e+02   4.3756561e+00
   1.0140000e+02   3.1186652e+01  -1.4384344e+01
   1.0150000e+02   5.5186652e+01  -7.9344344e+01
   1.0160000e+02  -3.4813348e+01   5.0255656e+01
   1.0170000e+02  -4.5813348e+01  -1.3043439e+00
   1.0180000e+02  -5.6813348e+01  -2.3864344e+01
   1.0190000e+02  -8.8133484e+00  -2.8784344e+01
   1.0200000e+02  -5.3813348e+01  -1.3984344e+01
   1.0210000e+02   1.3718665e+02  -2.5624344e+01
   1.0220000e+02   1.8318665e+02  -2.7464344e+01
   1.0230000e+02   3.3186652e+01   6.2535656e+01
   1.0240000e+02   1.1718665e+02   1.1175656e+01
   1.0250000e+02  -2.6813348e+01  -3.2064344e+01
   1.0260000e+02   1.8665158e-01  -4.9144344e+01
   1.0270000e+02  -5.4813348e+01  -3.0944344e+01
   1.0280000e+02   6.7186652e+01   4.6175656e+01
   1.0290000e+02   5.3186652e+01  -6.1264344e+01
   1.0300000e+02  -6.8133484e+00  -2.1864344e+01
   1.0310000e+02   2.1186652e+01  -1.1984344e+01
   1.0320000e+02   9.8186652e+01  -3.9064344e+01
   1.0330000e+02  -4.0813348e+01   4.3495656e+01
   1.0340000e+02  -2.5813348e+01  -5.0104344e+01
   1.0350000e+02   8.4186652e+01  -3.4504344e+01
   1.0360000e+02   1.3618665e+02  -3.0584344e+01
   1.0370000e+02  -3.3813348e+01   1.9215656e+01
   1.0380000e+02   4.3186652e+01  -2.8643439e+00
   1.0390000e+02  -2.9813348e+01   8.0556561e+00
   1.0400000e+02  -6.4813348e+01  -7.5443439e+00
   1.0410000e+02  -5.7813348e+01   4.4175656e+01
   1.0420000e+02   6.5186652e+01  -5.8744344e+01
   1.0430000e+02   1.3186652e+01   7.4335656e+01
   1.0440000e+02   4.6186652e+01  -8.9843439e+00
   1.0450000e+02  -8.3813348e+01  -3.5784344e+01
   1.0460000e+02  -6.4813348e+01   5.4556561e+00
   1.0470000e+02   2.1186652e+01  -6.2984344e+01
   1.0480000e+02   7.9186652e+01  -5.0304344e+01
   1.0490000e+02  -2.5813348e+01   9.8956561e+00
   1.0500000e+02  -3.0813348e+01   3.8095656e+01
   1.0510000e+02  -2.1813348e+01   8.9735656e+01
   1.0520000e+02   9.1866516e+00  -1.5043439e+00
   1.0530000e+02   1.8665158e-01   1.3855656e+01
   1.0540000e+02   7.4186652e+01   6.4895656e+01
   1.0550000e+02  -4.0813348e+01  -7.1504344e+01
   1.0560000e+02   2.2186652e+01  -3.4024344e+01
   1.0570000e+02   7.4186652e+01   2.0895656e+01
   1.0580000e+02   7.5186652e+01  -2.8144344e+01
   1.0590000e+02   1.0218665e+02   5.7756561e+00
   1.0600000e+02   1.0186652e+01   1.2645566e+02
   1.0610000e+02   1.1118665e+02   3.0415656e+01
   1.0620000e+02  -7.3813348e+01  -5.1184344e+01
   1.0630000e+02  -7.3813348e+01   1.4815656e+01
   1.0640000e+02   8.1186652e+01  -6.3843439e+00
   1.0650000e+02   6.0186652e+01  -1.1544344e+01
   1.0660000e+02  -3.0813348e+01   2.5095656e+01
   1.0670000e+02   1.1186652e+01   3.5415656e+01
   1.0680000e+02  -4.8133484e+00  -7.9443439e+00
   1.0690000e+02   4.2186652e+01  -9.4824344e+01
   1.0700000e+02  -4.9813348e+01   5.8556561e+00
   1.0710000e+02   7.1866516e+00  -3.5424344e+01
   1.0720000e+02   6.3186652e+01   6.3356561e+00
   1.0730000e+02   4.0186652e+01   6.8255656e+01
   1.0740000e+02   4.1866516e+00   1.9695656e+01
   1.0750000e+02   7.7186652e+01  -3.8224344e+01
   1.0760000e+02  -3.5813348e+01   3.9295656e+01
   1.0770000e+02   5.6186652e+01   6.1565611e-01
   1.0780000e+02   1.0186652e+01  -6.4544344e+01
   1.0790000e+02   1.6186652e+01   7.2215656e+01
   1.0800000e+02   8.6186652e+01  -3.2584344e+01
   1.0810000e+02   3.7186652e+01   1.4137566e+02
   1.0820000e+02  -3.3813348e+01   3.3215656e+01
   1.0830000e+02   4.1866516e+00  -4.7304344e+01
   1.0840000e+02  -5.6813348e+01  -4.3864344e+01
   1.0850000e+02   7.4186652e+01   2.3895656e+01
   1.0860000e+02  -3.1813348e+01  -7.7864344e+01
   1.0870000e+02   9.0186652e+01  -7.4744344e+01
   1.0880000e+02  -8.8813348e+01  -1.5584344e+01
   1.0890000e+02   8.7186652e+01  -5.8624344e+01
   1.0900000e+02   1.1018665e+02   2.0455656e+01
   1.0910000e+02   5.9186652e+01  -3.9504344e+01
   1.0920000e+02  -4.8813348e+01   6.0815656e+01
   1.0930000e+02   1.4186652e+01  -4.9704344e+01
   1.0940000e+02  -1.0581335e+02  -5.6904344e+01
   1.0950000e+02   1.2518665e+02  -9.5144344e+01
   1.0960000e+02   9.1866516e+00  -4.6504344e+01
   1.0970000e+02  -6.8813348e+01   2.5615656e+01
   1.0980000e+02  -3.2813348e+01   2.8175656e+01
   1.0990000e+02  -4.6813348e+01  -2.4264344e+01
   1.1000000e+02   1.0118665e+02   1.7815656e+01
   1.1010000e+02   4.3186652e+01   1.3135656e+01
   1.1020000e+02   2.4186652e+01  -4.8104344e+01
   1.1030000e+02   1.5018665e+02  -3.1144344e+01
   1.1040000e+02   4.8186652e+01   3.8935656e+01
   1.1050000e+02  -2.8813348e+01   1.0001566e+02
   1.1060000e+02   8.1186652e+01   3.5615656e+01
   1.1070000e+02   8.9186652e+01  -4.5704344e+01
   1.1080000e+02  -5.8133484e+00   3.2095656e+01
   1.1090000e+02   1.0818665e+02   2.6535656e+01
   1.1100000e+02   8.1186652e+01   7.0615656e+01
   1.1110000e+02   1.7518665e+02   1.6855656e+01
   1.1120000e+02   1.8186652e+01   1.6135656e+01
   1.1130000e+02   2.4186652e+01   3.5895656e+01
   1.1140000e+02  -1.2813348e+01   9.5375656e+01
   1.1150000e+02   4.8186652e+01  -2.3064344e+01
   1.1160000e+02   8.9186652e+01  -1.0704344e+01
   1.1170000e+02  -4.0813348e+01  -1.2504344e+01
   1.1180000e+02   1.0518665e+02  -5.3344344e+01
   1.1190000e+02   4.6186652e+01   1.0401566e+02
   1.1200000e+02  -3.8133484e+00  -2.1984344e+01
   1.1210000e+02   8.4186652e+01  -2.6504344e+01
   1.1220000e+02  -4.3813348e+01   4.0615656e+01
   1.1230000e+02  -1.6813348e+01   4.0535656e+01
   1.1240000e+02   9.8186652e+01  -7.1064344e+01
   1.1250000e+02  -4.4813348e+01   1.2655656e+01
   1.1260000e+02  -8.8133484e+00   2.7215656e+01
   1.1270000e+02   2.0186652e+01  -1.4944344e+01
   1.1280000e+02   1.5318665e+02   2.8735656e+01
   1.1290000e+02   3.4186652e+01  -2.7504344e+01
   1.1300000e+02   3.0186652e+01   5.1655656e+01
   1.1310000e+02   1.1918665e+02   6.5095656e+01
   1.1320000e+02   8.8186652e+01  -5.8664344e+01
   1.1330000e+02   1.1118665e+02  -1.9584344e+01
   1.1340000e+02   1.0718665e+02  -2.7424344e+01
   1.1350000e+02   7.1866516e+00   6.5575656e+01
   1.1360000e+02   6.4186652e+01   1.5295656e+01
   1.1370000e+02   8.5186652e+01   8.9455656e+01
   1.1380000e+02   1.3618665e+02  -8.9584344e+01
   1.1390000e+02   2.1186652e+01   1.9015656e+01
   1.1400000e+02   5.2186652e+01   3.5775656e+01
   1.1410000e+02   1.3518665e+02  -6.1544344e+01
   1.1420000e+02  -4.6813348e+01   2.4735656e+01
   1.1430000e+02   6.8186652e+01  -3.3864344e+01
   1.1440000e+02  -2.3813348e+01  -4.2184344e+01
   1.1450000e+02  -5.8813348e+01  -1.2784344e+01
   1.1460000e+02   9.6186652e+01   5.2015656e+01
   1.1470000e+02  -8.6813348e+01   9.7335656e+01
   1.1480000e+02   1.4186652e+01   4.2295656e+01
   1.1490000e+02   7.5186652e+01  -8.0144344e+01
   1.1500000e+02  -6.1813348e+01  -5.2664344e+01
   1.1510000e+02   2.2186652e+01  -3.6024344e+01
   1.1520000e+02   2.7186652e+01   3.2775656e+01
   1.1530000e+02  -4.2813348e+01   2.5756561e+00
   1.1540000e+02  -8.6813348e+01   2.1335656e+01
   1.1550000e+02  -2.9813348e+01  -2.6944344e+01
   1.1560000e+02   2.2186652e+01   6.5975656e+01
   1.1570000e+02  -3.2813348e+01  -3.8243439e+00
   1.1580000e+02   6.1866516e+00  -7.0384344e+01
   1.1590000e+02  -8.0813348e+01  -6.7904344e+01
   1.1600000e+02  -6.9813348e+01  -1.9344344e+01
   1.1610000e+02   7.4186652e+01  -1.1104344e+01
   1.1620000e+02  -2.5813348e+01  -7.1043439e+00
   1.1630000e+02   1.2186652e+01  -3.2624344e+01
   1.1640000e+02   1.3818665e+02   7.3356561e+00
   1.1650000e+02  -7.5813348e+01  -8.1104344e+01
   1.1660000e+02  -3.1813348e+01  -9.0864344e+01
   1.1670000e+02   2.7186652e+01  -3.8224344e+01
   1.1680000e+02  -3.3813348e+01  -5.7784344e+01
   1.1690000e+02  -2.9813348e+01   1.0556561e+00
   1.1700000e+02   6.1866516e+00   6.1565611e-01
   1.1710000e+02  -6.3813348e+01  -2.1584344e+01
   1.1720000e+02  -1.1481335e+02   4.6455656e+01
   1.1730000e+02  -9.1813348e+01  -4.4643439e+00
   1.1740000e+02  -7.8813348e+01  -6.7984344e+01
   1.1750000e+02  -6.6813348e+01   3.5356561e+00
   1.1760000e+02   3.0186652e+01  -5.1344344e+01
   1.1770000e+02   7.4186652e+01  -3.6104344e+01
   1.1780000e+02   1.7118665e+02   1.0156561e+00
   1.1790000e+02  -5.8813348e+01  -3.9784344e+01
   1.1800000e+02  -4.4813348e+01  -1.0834434e+02
   1.1810000e+02   8.0186652e+01  -6.9344344e+01
   1.1820000e+02  -1.6813348e+01   3.9535656e+01
   1.1830000e+02  -2.7813348e+01   4.9756561e+00
   1.1840000e+02  -3.8813348e+01   1.6415656e+01
   1.1850000e+02  -2.7813348e+01  -5.0243439e+00
   1.1860000e+02  -1.0081335e+02  -6.6104344e+01
   1.1870000e+02  -1.0681335e+02   4.1135656e+01
   1.1880000e+02   9.5186652e+01  -1.7944344e+01
   1.1890000e+02   8.7186652e+01  -8.5624344e+01
   1.1900000e+02  -1.3813348e+01  -4.0584344e+01
   1.1910000e+02  -8.1334842e-01  -6.3104344e+01
   1.1920000e+02   1.6186652e+01   6.4215656e+01
   1.1930000e+02  -8.1334842e-01   5.9895656e+01
   1.1940000e+02  -5.6813348e+01   1.5135656e+01
   1.1950000e+02  -4.2813348e+01  -3.4243439e+00
   1.1960000e+02  -3.9813348e+01   1.0455656e+01
   1.1970000e+02  -1.3281335e+02   4.7175656e+01
   1.1980000e+02  -1.9813348e+01   3.2655656e+01
   1.1990000e+02  -7.5813348e+01  -9.1043439e+00
   1.2000000e+02   3.4186652e+01   1.5495656e+01
   1.2010000e+02  -6.8133484e+00  -8.5864344e+01
   1.2020000e+02   1.7186652e+01   4.6175656e+01
   1.2030000e+02   6.9186652e+01  -3.9904344e+01
   1.2040000e+02  -9.8133484e+00  -9.7443439e+00
   1.2050000e+02   7.0186652e+01   1.2055656e+01
   1.2060000e+02  -7.9813348e+01  -5.3944344e+01
   1.2070000e+02   7.1866516e+00  -4.2434389e-01
   1.2080000e+02  -3.8133484e+00  -3.1984344e+01
   1.2090000e+02  -4.9813348e+01  -1.6144344e+01
   1.2100000e+02   4.8186652e+01   3.9356561e+00
   1.2110000e+02  -6.3813348e+01   2.6415656e+01
   1.2120000e+02  -3.8133484e+00  -6.0984344e+01
   1.2130000e+02  -2.2813348e+01  -6.0224344e+01
   1.2140000e+02  -1.1813348e+01   8.3356561e+00
   1.2150000e+02   6.1866516e+00   1.2615656e+01
   1.2160000e+02  -1.3081335e+02  -1.0190434e+02
   1.2170000e+02  -5.8133484e+00   2.0956561e+00
   1.2180000e+02  -8.1334842e-01   6.7895656e+01
   1.2190000e+02  -7.8133484e+00   3.3175656e+01
   1.2200000e+02   4.8186652e+01  -4.7064344e+01
   1.2210000e+02  -8.0813348e+01   3.0956561e+00
   1.2220000e+02  -9.0813348e+01  -1.0350434e+02
   1.2230000e+02  -4.4813348e+01  -7.4344344e+01
   1.2240000e+02  -6.6813348e+01  -8.4464344e+01
   1.2250000e+02   5.0186652e+01   1.7855656e+01
   1.2260000e+02   5.3186652e+01   1.0373566e+02
   1.2270000e+02   3.0186652e+01  -1.8344344e+01
   1.2280000e+02  -1.9813348e+01  -8.3344344e+01
   1.2290000e+02   2.3186652e+01  -7.6064344e+01
   1.2300000e+02  -1.3281335e+02  -1.8824344e+01
   1.2310000e+02   6.0186652e+01   2.6455656e+01
   1.2320000e+02   1.2618665e+02  -5.5184344e+01
   1.2330000e+02  -2.5813348e+01  -1.5104344e+01
   1.2340000e+02   2.2186652e+01  -1.4024344e+01
   1.2350000e+02   8.6186652e+01  -1.1558434e+02
   1.2360000e+02  -1.9813348e+01  -1.7344344e+01
   1.2370000e+02  -4.0813348e+01  -1.5504344e+01
   1.2380000e+02   3.5186652e+01   4.5455656e+01
   1.2390000e+02  -6.0813348e+01   1.2956561e+00
   1.2400000e+02  -4.8133484e+00   2.5055656e+01
   1.2410000e+02   9.7186652e+01  -7.3024344e+01
   1.2420000e+02  -6.2813348e+01  -2.6624344e+01
   1.2430000e+02  -7.4813348e+01  -4.5144344e+01
   1.2440000e+02  -4.3813348e+01  -9.3843439e+00
   1.2450000e+02   5.9186652e+01  -5.5043439e+00
   1.2460000e+02   6.6186652e+01  -9.0784344e+01
   1.2470000e+02  -1.1181335e+02  -6.6664344e+01
   1.2480000e+02   1.1186652e+01  -5.9584344e+01
   1.2490000e+02  -3.3813348e+01  -7.8784344e+01
   1.2500000e+02   1.2186652e+01   3.5375656e+01
   1.2510000e+02  -3.1813348e+01  -4.7864344e+01
   1.2520000e+02   1.1118665e+02  -5.5843439e+00
   1.2530000e+02   2.7186652e+01  -6.6224344e+01
   1.2540000e+02  -6.0813348e+01   1.7295656e+01
   1.2550000e+02  -8.5813348e+01  -5.1704344e+01
   1.2560000e+02  -5.2813348e+01   1.3975656e+01
   1.2570000e+02  -4.3813348e+01  -7.7384344e+01
   1.2580000e+02  -1.7813348e+01  -3.1424344e+01
   1.2590000e+02   6.7186652e+01  -4.0824344e+01
   1.2600000e+02  -5.8813348e+01  -7.0784344e+01
   1.2610000e+02  -5.1813348e+01  -6.6064344e+01
   1.2620000e+02  -6.3813348e+01   6.5415656e+01
   1.2630000e+02  -5.8813348e+01  -6.8784344e+01
   1.2640000e+02  -8.3813348e+01  -4.3784344e+01
   1.2650000e+02   5.1866516e+00  -7.0344344e+01
   1.2660000e+02  -1.0281335e+02  -6.8024344e+01
   1.2670000e+02  -5.5813348e+01  -4.1904344e+01
   1.2680000e+02  -5.7813348e+01  -2.4824344e+01
   1.2690000e+02  -8.6813348e+01  -7.8664344e+01
   1.2700000e+02   7.4186652e+01  -2.1043439e+00
   1.2710000e+02  -8.8133484e+00   4.1215656e+01
   1.2720000e+02   3.1866516e+00   3.7735656e+01
   1.2730000e+02  -1.6813348e+01  -5.0464344e+01
   1.2740000e+02   1.5186652e+01   2.2255656e+01
   1.2750000e+02  -7.8813348e+01   3.3015656e+01
   1.2760000e+02  -5.0813348e+01   1.0895656e+01
   1.2770000e+02   7.5186652e+01  -5.8144344e+01
   1.2780000e+02  -2.8133484e+00  -4.2024344e+01
   1.2790000e+02   2.1866516e+00  -2.2243439e+00
   1.2800000e+02   3.3186652e+01  -2.8464344e+01
   1.2810000e+02   6.1866516e+00  -6.0384344e+01
   1.2820000e+02   6.9186652e+01   8.1095656e+01
   1.2830000e+02  -1.0081335e+02   5.4895656e+01
   1.2840000e+02  -1.1781335e+02   1.1057566e+02
   1.2850000e+02  -8.2813348e+01  -3.6824344e+01
   1.2860000e+02  -1.0813348e+01  -1.7704344e+01
   1.2870000e+02  -7.0813348e+01  -6.0304344e+01
   1.2880000e+02  -3.2813348e+01   2.4175656e+01
   1.2890000e+02  -4.4813348e+01  -1.7344344e+01
   1.2900000e+02  -8.1813348e+01   6.1356561e+00
   1.2910000e+02   1.4618665e+02  -6.9984344e+01
   1.2920000e+02   1.0618665e+02  -8.1384344e+01
   1.2930000e+02  -7.6813348e+01  -1.3064344e+01
   1.2940000e+02   8.1866516e+00  -2.4643439e+00
   1.2950000e+02   2.5186652e+01  -5.5144344e+01
   1.2960000e+02   2.3186652e+01   9.9356561e+00
   1.2970000e+02   7.1866516e+00   8.5756561e+00
   1.2980000e+02  -5.0813348e+01  -3.1043439e+00
   1.2990000e+02   8.8186652e+01   1.0033566e+02
   1.3000000e+02  -3.4813348e+01  -8.8744344e+01
   1.3010000e+02   3.8186652e+01  -3.1664344e+01
   1.3020000e+02   4.7186652e+01  -2.5024344e+01
   1.3030000e+02  -9.0813348e+01  -3.5504344e+01
   1.3040000e+02  -3.6813348e+01  -1.5664344e+01
   1.3050000e+02  -5.0813348e+01  -4.2104344e+01
   1.3060000e+02   3.1866516e+00   6.6735656e+01
   1.3070000e+02  -5.6813348e+01  -3.1864344e+01
   1.3080000e+02  -3.0813348e+01  -8.7904344e+01
   1.3090000e+02   6.2186652e+01  -1.8624344e+01
   1.3100000e+02  -4.8813348e+01  -4.1184344e+01
   1.3110000e+02  -9.7813348e+01   3.4775656e+01
   1.3120000e+02  -2.3813348e+01   1.3815656e+01
   1.3130000e+02   4.1866516e+00  -5.4304344e+01
   1.3140000e+02   2.0186652e+01  -2.8944344e+01
   1.3150000e+02  -9.3813348e+01   9.0615656e+01
   1.3160000e+02   4.7186652e+01  -7.9024344e+01
   1.3170000e+02  -5.7813348e+01   2.5175656e+01
   1.3180000e+02  -1.6813348e+01   1.3535656e+01
   1.3190000e+02   4.7186652e+01  -1.9024344e+01
   1.3200000e+02  -7.5813348e+01  -2.3104344e+01
   1.3210000e+02   1.2918665e+02  -6.4304344e+01
   1.3220000e+02   1.6186652e+01  -6.0784344e+01
   1.3230000e+02   7.1186652e+01   6.0015656e+01
   1.3240000e+02  -9.8133484e+00   5.8255656e+01
   1.3250000e+02   5.1866516e+00   5.6556561e+00
   1.3260000e+02   7.4186652e+01   7.5895656e+01
   1.3270000e+02  -5.9813348e+01  -2.2744344e+01
   1.3280000e+02  -3.4813348e+01  -3.3744344e+01
   1.3290000e+02   2.4186652e+01   2.4895656e+01
   1.3300000e+02  -8.2813348e+01  -3.3824344e+01
   1.3310000e+02  -2.2813348e+01  -1.4224344e+01
   1.3320000e+02  -5.7813348e+01   2.6175656e+01
   1.3330000e+02   6.4186652e+01  -1.0704344e+01
   1.3340000e+02   9.4186652e+01   3.4095656e+01
   1.3350000e+02  -1.0381335e+02  -2.9984344e+01
   1.3360000e+02  -8.4813348e+01  -7.1744344e+01
   1.3370000e+02   7.1186652e+01  -1.5984344e+01
   1.3380000e+02   1.7186652e+01  -1.7824344e+01
   1.3390000e+02   1.6186652e+01  -7.7843439e+00
   1.3400000e+02   3.0186652e+01   7.3655656e+01
   1.3410000e+02   1.1866516e+00  -1.8184344e+01
   1.3420000e+02   6.7186652e+01  -7.1824344e+01
   1.3430000e+02   8.2186652e+01   5.6575656e+01
   1.3440000e+02   7.1186652e+01  -6.3984344e+01
   1.3450000e+02  -2.4813348e+01  -4.5144344e+01
   1.3460000e+02   1.0118665e+02  -3.2184344e+01
   1.3470000e+02   1.1718665e+02  -1.2824344e+01
   1.3480000e+02  -1.3081335e+02  -3.5904344e+01
   1.3490000e+02  -7.3813348e+01   4.5815656e+01
   1.3500000e+02  -1.3813348e+01   3.9415656e+01
   1.3510000e+02  -4.7813348e+01   5.5775656e+01
   1.3520000e+02  -3.2813348e+01  -1.1824344e+01
   1.3530000e+02  -2.0813348e+01  -5.8304344e+01
   1.3540000e+02  -2.6813348e+01  -7.1064344e+01
   1.3550000e+02   2.7186652e+01   4.7756561e+00
   1.3560000e+02  -1.1581335e+02   4.4956561e+00
   1.3570000e+02  -1.1681335e+02  -3.9464344e+01
   1.3580000e+02  -3.3813348e+01   6.8215656e+01
   1.3590000e+02   2.4186652e+01  -1.2104344e+01
   1.3600000e+02  -9.8133484e+00  -5.3744344e+01
   1.3610000e+02  -1.1813348e+01  -6.2664344e+01
   1.3620000e+02   7.6186652e+01  -1.0184344e+01
   1.3630000e+02  -1.6813348e+01   3.3535656e+01
   1.3640000e+02   7.1186652e+01  -4.6984344e+01
   1.3650000e+02   5.5186652e+01  -3.5344344e+01
   1.3660000e+02   5.4186652e+01  -4.2304344e+01
   1.3670000e+02   9.4186652e+01  -5.1904344e+01
   1.3680000e+02  -3.8133484e+00  -5.6984344e+01
   1.3690000e+02  -1.9813348e+01   3.6655656e+01
   1.3700000e+02   1.1918665e+02   1.2095656e+01
   1.3710000e+02   5.0186652e+01  -6.6144344e+01
   1.3720000e+02   1.8665158e-01  -2.1443439e+00
   1.3730000e+02   9.2186652e+01   6.7175656e+01
   1.3740000e+02  -7.1813348e+01  -6.2643439e+00
   1.3750000e+02  -9.8133484e+00  -3.1744344e+01
   1.3760000e+02   6.6186652e+01  -3.3784344e+01
   1.3770000e+02   4.0186652e+01   1.0255656e+01
   1.3780000e+02   7.1186652e+01  -3.9984344e+01
   1.3790000e+02   1.2918665e+02   2.5695656e+01
   1.3800000e+02  -9.8133484e+00  -2.2744344e+01
   1.3810000e+02  -5.0813348e+01  -2.1104344e+01
   1.3820000e+02  -2.5813348e+01   1.4895656e+01
   1.3830000e+02  -8.4813348e+01  -3.7744344e+01
   1.3840000e+02  -7.0813348e+01   5.5695656e+01
   1.3850000e+02   3.2186652e+01  -3.6424344e+01
   1.3860000e+02  -2.9813348e+01  -5.8944344e+01
   1.3870000e+02   9.6186652e+01  -6.6984344e+01
   1.3880000e+02  -9.9813348e+01   8.8556561e+00
   1.3890000e+02   7.3186652e+01  -3.8064344e+01
   1.3900000e+02  -5.4813348e+01   7.6055656e+01
   1.3910000e+02  -1.1781335e+02   5.8575656e+01
   1.3920000e+02  -6.9813348e+01   3.5655656e+01
   1.3930000e+02  -5.5813348e+01  -5.2904344e+01
   1.3940000e+02  -8.2813348e+01   2.3175656e+01
   1.3950000e+02  -1.0581335e+02  -1.4904344e+01
   1.3960000e+02  -6.8133484e+00  -5.1864344e+01
   1.3970000e+02  -1.0813348e+01  -2.4704344e+01
   1.3980000e+02   1.1718665e+02   5.9175656e+01
   1.3990000e+02   1.8665158e-01  -6.9144344e+01
   1.4000000e+02  -9.8133484e+00  -1.6744344e+01
   1.4010000e+02   5.8186652e+01  -1.8464344e+01
   1.4020000e+02  -7.2813348e+01   1.0775656e+01
   1.4030000e+02   8.1866516e+00   5.3535656e+01
   1.4040000e+02  -3.1813348e+01  -8.8864344e+01
   1.4050000e+02  -1.7813348e+01  -3.5424344e+01
   1.4060000e+02  -6.5813348e+01  -5.3504344e+01
   1.4070000e+02  -6.9813348e+01  -3.8344344e+01
   1.4080000e+02   7.1866516e+00  -2.7424344e+01
   1.4090000e+02   6.5186652e+01  -4.8744344e+01
   1.4100000e+02   8.1866516e+00   3.1535656e+01
   1.4110000e+02   8.7186652e+01  -4.4624344e+01
   1.4120000e+02  -1.4813348e+01   1.0455656e+01
   1.4130000e+02   1.3186652e+01  -1.3664344e+01
   1.4140000e+02  -9.3813348e+01  -4.6384344e+01
   1.4150000e+02   9.1186652e+01  -3.8784344e+01
   1.4160000e+02   7.6186652e+01  -1.6184344e+01
   1.4170000e+02  -2.0813348e+01  -2.5304344e+01
   1.4180000e+02   1.0318665e+02  -6.3264344e+01
   1.4190000e+02   1.8186652e+01   1.0813566e+02
   1.4200000e+02   2.4186652e+01   2.9895656e+01
   1.4210000e+02   1.2618665e+02   7.1815656e+01
   1.4220000e+02  -8.2813348e+01  -3.3824344e+01
   1.4230000e+02  -7.4813348e+01   2.6855656e+01
   1.4240000e+02   6.6186652e+01   7.7215656e+01
   1.4250000e+02   2.3186652e+01  -9.0643439e+00
   1.4260000e+02   1.0218665e+02  -2.5224344e+01
   1.4270000e+02   7.3186652e+01  -6.7064344e+01
   1.4280000e+02   6.0186652e+01  -6.1544344e+01
   1.4290000e+02   9.7186652e+01   1.4975656e+01
   1.4300000e+02  -3.7813348e+01   4.0375656e+01
   1.4310000e+02  -2.9813348e+01  -5.9944344e+01
   1.4320000e+02  -1.0181335e+02  -2.1064344e+01
   1.4330000e+02   1.5418665e+02  -3.0304344e+01
   1.4340000e+02   2.6186652e+01   4.9815656e+01
   1.4350000e+02  -1.3813348e+01  -5.2584344e+01
   1.4360000e+02   6.4186652e+01  -1.1704344e+01
   1.4370000e+02   3.6186652e+01  -4.0584344e+01
   1.4380000e+02  -6.8813348e+01  -3.8434389e-01
   1.4390000e+02  -2.4813348e+01   1.8855656e+01
   1.4400000e+02  -5.3813348e+01   1.5501566e+02
   1.4410000e+02  -1.1813348e+01   5.4335656e+01
   1.4420000e+02  -7.1813348e+01   2.3735656e+01
   1.4430000e+02  -1.5813348e+01  -3.2504344e+01
   1.4440000e+02  -2.8133484e+00  -6.0243439e+00
   1.4450000e+02  -7.4813348e+01  -2.9144344e+01
   1.4460000e+02   1.4186652e+01  -3.1704344e+01
   1.4470000e+02   3.5186652e+01   5.7455656e+01
   1.4480000e+02  -2.8133484e+00  -6.0243439e+00
   1.4490000e+02   2.9186652e+01   4.7695656e+01
   1.4500000e+02   1.1318665e+02  -5.6664344e+01
   1.4510000e+02  -6.5813348e+01  -1.3504344e+01
   1.4520000e+02   3.4186652e+01  -6.3504344e+01
   1.4530000e+02  -9.8813348e+01   5.6815656e+01
   1.4540000e+02  -5.3813348e+01  -7.8984344e+01
   1.4550000e+02   1.4118665e+02  -1.4784344e+01
   1.4560000e+02  -1.4481335e+02  -2.3443439e+00
   1.4570000e+02  -1.6813348e+01  -4.6464344e+01
   1.4580000e+02   4.5186652e+01   8.0055656e+01
   1.4590000e+02   7.4186652e+01   7.8956561e+00
   1.4600000e+02   1.7186652e+01  -8.0824344e+01
   1.4610000e+02   3.1186652e+01  -4.8384344e+01
   1.4620000e+02   2.0186652e+01  -4.7944344e+01
   1.4630000e+02  -3.6813348e+01   5.3356561e+00
   1.4640000e+02  -2.8813348e+01   7.8015656e+01
   1.4650000e+02   1.4318665e+02  -4.0864344e+01
   1.4660000e+02   1.0118665e+02   9.2815656e+01
   1.4670000e+02   6.3186652e+01  -3.6643439e+00
   1.4680000e+02   3.0186652e+01   4.1655656e+01
   1.4690000e+02  -2.9813348e+01   1.0556561e+00
   1.4700000e+02   1.0186652e+01  -1.7544344e+01
   1.4710000e+02   2.7186652e+01  -1.8224344e+01
   1.4720000e+02   7.1866516e+00   3.5575656e+01
   1.4730000e+02   1.0718665e+02  -6.4243439e+00
   1.4740000e+02  -4.8133484e+00  -3.6944344e+01
   1.4750000e+02   2.8186652e+01  -3.2643439e+00
   1.4760000e+02  -7.0813348e+01   5.6956561e+00
   1.4770000e+02  -4.7813348e+01  -1.0122434e+02
   1.4780000e+02  -7.3813348e+01   7.8156561e+00
   1.4790000e+02  -4.0813348e+01  -5.4504344e+01
   1.4800000e+02   7.1186652e+01  -3.0984344e+01
   1.4810000e+02  -2.2813348e+01   1.0775656e+01
   1.4820000e+02  -7.3813348e+01   4.3815656e+01
   1.4830000e+02   8.6186652e+01  -4.8584344e+01
   1.4840000e+02  -6.3813348e+01   7.4156561e+00
   1.4850000e+02   3.2186652e+01   3.8575656e+01
   1.4860000e+02   6.9186652e+01  -8.8904344e+01
   1.4870000e+02   6.2186652e+01  -1.0624344e+01
   1.4880000e+02   4.3186652e+01   4.1356561e+00
   1.4890000e+02   7.1186652e+01   3.3015656e+01
   1.4900000e+02  -1.8813348e+01  -1.3843439e+00
   1.4910000e+02   1.1186652e+01  -2.6584344e+01
   1.4920000e+02   7.1866516e+00   1.3575656e+01
   1.4930000e+02  -1.6813348e+01   6.0535656e+01
   1.4940000e+02  -6.1813348e+01  -4.8664344e+01
   1.4950000e+02   4.8186652e+01   3.6935656e+01
   1.4960000e+02  -5.4813348e+01   6.7055656e+01
   1.4970000e+02  -1.0181335e+02   6.9356561e+00
   1.4980000e+02   4.7186652e+01  -3.5024344e+01
   1.4990000e+02  -9.8133484e+00  -7.7443439e+00
   1.5000000e+02   3.1186652e+01  -4.3843439e+00
   1.5010000e+02  -1.7813348e+01   1.2057566e+02
   1.5020000e+02  -5.2813348e+01   4.4975656e+01
   1.5030000e+02  -1.6813348e+01  -5.4643439e+00
   1.5040000e+02   6.1866516e+00   6.6615656e+01
   1.5050000e+02  -1.6813348e+01   5.4535656e+01
   1.5060000e+02   1.1866516e+00  -2.6184344e+01
   1.5070000e+02   8.4186652e+01   3.8495656e+01
   1.5080000e+02   1.3818665e+02   2.9335656e+01
   1.5090000e+02   5.0186652e+01   9.4855656e+01
   1.5100000e+02   6.1186652e+01  -3.0584344e+01
   1.5110000e+02   6.9186652e+01  -7.2904344e+01
   1.5120000e+02   1.9918665e+02   3.3895656e+01
   1.5130000e+02   5.0186652e+01  -3.1443439e+00
   1.5140000e+02   6.1866516e+00  -6.1384344e+01
   1.5150000e+02   1.3018665e+02   2.0655656e+01
   1.5160000e+02  -2.4813348e+01  -2.0144344e+01
   1.5170000e+02  -8.9813348e+01  -6.5443439e+00
   1.5180000e+02  -1.9813348e+01   5.6556561e+00
   1.5190000e+02   4.1186652e+01   4.5215656e+01
   1.5200000e+02   4.9186652e+01  -6.6104344e+01
   1.5210000e+02   3.8186652e+01   3.8335656e+01
   1.5220000e+02   7.6186652e+01   5.8815656e+01
   1.5230000e+02  -6.1813348e+01  -9.2664344e+01
   1.5240000e+02  -7.5813348e+01  -1.6104344e+01
   1.5250000e+02  -2.9813348e+01  -6.3944344e+01
   1.5260000e+02  -1.2813348e+01   3.1375656e+01
   1.5270000e+02  -3.3813348e+01   6.7215656e+01
   1.5280000e+02   4.0186652e+01   7.6255656e+01
   1.5290000e+02  -1.5681335e+02   1.0913566e+02
   1.5300000e+02  -3.6813348e+01  -2.6643439e+00
   1.5310000e+02   5.2186652e+01  -4.2243439e+00
   1.5320000e+02  -2.8133484e+00   8.9756561e+00
   1.5330000e+02  -7.7813348e+01  -2.3024344e+01
   1.5340000e+02  -8.6813348e+01   2.1335656e+01
   1.5350000e+02  -5.7813348e+01  -1.0824344e+01
   1.5360000e+02  -1.8813348e+01  -3.2384344e+01
   1.5370000e+02  -1.8133484e+00  -9.0064344e+01
   1.5380000e+02   6.1866516e+00  -4.3843439e+00
   1.5390000e+02  -8.5813348e+01  -3.4704344e+01
   1.5400000e+02  -5.3813348e+01  -3.9984344e+01
   1.5410000e+02   1.1866516e+00  -5.3184344e+01
   1.5420000e+02  -3.3813348e+01   2.5215656e+01
   1.5430000e+02   1.1118665e+02  -4.8584344e+01
   1.5440000e+02   3.9186652e+01   5.2956561e+00
   1.5450000e+02  -9.8133484e+00  -4.5744344e+01
   1.5460000e+02  -2.4813348e+01   4.8556561e+00
   1.5470000e+02   7.1866516e+00   1.7575656e+01
   1.5480000e+02  -6.8133484e+00  -2.2864344e+01
   1.5490000e+02  -9.8133484e+00   1.8255656e+01
   1.5500000e+02  -8.0813348e+01  -8.1904344e+01
   1.5510000e+02  -2.5813348e+01  -4.6104344e+01
   1.5520000e+02  -1.8133484e+00   2.4935656e+01
   1.5530000e+02  -2.8133484e+00  -3.1024344e+01
   1.5540000e+02  -4.8133484e+00   2.0556561e+00
   1.5550000e+02  -4.9813348e+01  -4.0144344e+01
   1.5560000e+02  -4.8813348e+01  -3.0184344e+01
   1.5570000e+02   7.8186652e+01  -6.2643439e+00
   1.5580000e+02  -5.1813348e+01  -5.0643439e+00
   1.5590000e+02  -1.6813348e+01   5.6535656e+01
   1.5600000e+02   1.1218665e+02   8.5375656e+01
   1.5610000e+02  -3.0813348e+01  -8.9043439e+00
   1.5620000e+02  -2.5813348e+01   2.2389566e+02
   1.5630000e+02   8.1866516e+00  -1.4464344e+01
   1.5640000e+02   1.4318665e+02  -5.2864344e+01
   1.5650000e+02  -1.1681335e+02   2.2535656e+01
   1.5660000e+02  -7.8133484e+00   8.4175656e+01
   1.5670000e+02   3.0186652e+01  -2.5344344e+01
   1.5680000e+02  -4.1813348e+01   6.6535656e+01
   1.5690000e+02  -7.9813348e+01   9.4055656e+01
   1.5700000e+02  -2.5813348e+01  -1.4104344e+01
   1.5710000e+02  -5.2813348e+01  -3.0243439e+00
   1.5720000e+02  -2.6813348e+01  -2.4064344e+01
   1.5730000e+02  -5.2813348e+01   1.1975656e+01
   1.5740000e+02  -8.7813348e+01   1.3237566e+02
   1.5750000e+02   1.1918665e+02   1.7095656e+01
   1.5760000e+02  -3.3813348e+01  -1.7843439e+00
   1.5770000e+02   9.2186652e+01  -2.4824344e+01
   1.5780000e+02  -3.8813348e+01  -3.2584344e+01
   1.5790000e+02  -1.0981335e+02   3.3255656e+01
   1.5800000e+02   1.2318665e+02  -7.4064344e+01
   1.5810000e+02  -9.6813348e+01   3.7735656e+01
   1.5820000e+02   7.1186652e+01  -6.5984344e+01
   1.5830000e+02  -1.6813348e+01   6.1535656e+01
   1.5840000e+02  -1.7813348e+01   6.5575656e+01
   1.5850000e+02   8.1866516e+00  -4.5464344e+01
   1.5860000e+02   5.6186652e+01   9.5615656e+01
   1.5870000e+02   3.2186652e+01  -2.4424344e+01
   1.5880000e+02  -1.5813348e+01  -5.5504344e+01
   1.5890000e+02   3.7186652e+01  -2.1624344e+01
   1.5900000e+02   6.1866516e+00   8.6156561e+00
   1.5910000e+02  -1.4281335e+02   1.2857566e+02
   1.5920000e+02  -4.0813348e+01   3.4956561e+00
   1.5930000e+02  -1.8133484e+00  -6.1064344e+01
   1.5940000e+02   9.3186652e+01   1.0513566e+02
   1.5950000e+02   5.4186652e+01  -1.1304344e+01
   1.5960000e+02   3.3186652e+01  -4.6434389e-01
   1.5970000e+02  -8.8133484e+00  -3.7784344e+01
   1.5980000e+02   6.1866516e+00  -1.3843439e+00
   1.5990000e+02  -5.9813348e+01   4.2556561e+00
   1.6000000e+02   1.3186652e+01  -1.7664344e+01
   1.6010000e+02   1.9186652e+01   1.9095656e+01
   1.6020000e+02   5.1186652e+01  -3.2184344e+01
   1.6030000e+02   5.0186652e+01   6.2855656e+01
   1.6040000e+02  -1.3813348e+01  -4.5843439e+00
   1.6050000e+02   6.7186652e+01   3.5175656e+01
   1.6060000e+02   1.1218665e+02   3.8375656e+01
   1.6070000e+02  -9.3813348e+01  -4.0384344e+01
   1.6080000e+02  -4.0813348e+01   1.3495656e+01
   1.6090000e+02   2.4186652e+01   2.8956561e+00
   1.6100000e+02   9.4186652e+01  -6.9043439e+00
   1.6110000e+02   1.3318665e+02   1.1153566e+02
   1.6120000e+02  -5.8133484e+00   1.6095656e+01
   1.6130000e+02  -3.9813348e+01  -4.5443439e+00
   1.6140000e+02  -5.2813348e+01  -2.3024344e+01
   1.6150000e+02  -7.1813348e+01  -2.4264344e+01
   1.6160000e+02  -6.9813348e+01   1.6655656e+01
   1.6170000e+02  -1.3581335e+02   1.9295656e+01
   1.6180000e+02   1.1918665e+02  -3.3904344e+01
   1.6190000e+02   3.5186652e+01  -5.5443439e+00
   1.6200000e+02   1.1186652e+01  -7.0584344e+01
   1.6210000e+02  -1.0181335e+02   1.0693566e+02
   1.6220000e+02   5.2186652e+01   2.3775656e+01
   1.6230000e+02   3.5186652e+01  -4.9544344e+01
   1.6240000e+02   1.0218665e+02   4.1775656e+01
   1.6250000e+02   4.9186652e+01   1.8895656e+01
   1.6260000e+02  -8.8133484e+00   3.5215656e+01
   1.6270000e+02   4.0186652e+01   1.2556561e+00
   1.6280000e+02   1.4918665e+02  -1.1104344e+01
   1.6290000e+02  -4.5813348e+01  -1.1304344e+01
   1.6300000e+02  -2.7813348e+01  -3.2024344e+01
   1.6310000e+02  -1.1381335e+02   5.4156561e+00
   1.6320000e+02   1.1518665e+02   3.8255656e+01
   1.6330000e+02  -5.8133484e+00   7.0095656e+01
   1.6340000e+02   1.9186652e+01   1.6095656e+01
   1.6350000e+02   3.1186652e+01   7.1615656e+01
   1.6360000e+02   1.3118665e+02  -3.3384344e+01
   1.6370000e+02  -6.8813348e+01   2.8615656e+01
   1.6380000e+02   1.0118665e+02  -2.1184344e+01
   1.6390000e+02   2.9186652e+01   1.0695656e+01
   1.6400000e+02  -5.8813348e+01   3.8215656e+01
   1.6410000e+02   6.3186652e+01   8.3356561e+00
   1.6420000e+02   7.8186652e+01   2.1735656e+01
   1.6430000e+02   4.0186652e+01  -3.0744344e+01
   1.6440000e+02  -8.1334842e-01   9.8956561e+00
   1.6450000e+02   4.8186652e+01  -8.0643439e+00
   1.6460000e+02  -1.3813348e+01   2.3415656e+01
   1.6470000e+02  -3.8133484e+00   6.0015656e+01
   1.6480000e+02  -1.8813348e+01   2.8615656e+01
   1.6490000e+02   1.8186652e+01  -4.8864344e+01
   1.6500000e+02  -8.9813348e+01  -3.3544344e+01
   1.6510000e+02  -6.8813348e+01  -2.0384344e+01
   1.6520000e+02   2.7186652e+01  -3.7224344e+01
   1.6530000e+02  -7.2813348e+01  -3.2224344e+01
   1.6540000e+02  -4.3813348e+01  -3.1384344e+01
   1.6550000e+02  -7.6813348e+01   1.0693566e+02
   1.6560000e+02   1.3186652e+01  -1.2664344e+01
   1.6570000e+02  -4.8133484e+00  -7.3944344e+01
   1.6580000e+02   4.2186652e+01   3.9175656e+01
   1.6590000e+02   4.2186652e+01   1.6175656e+01
   1.6600000e+02   1.5186652e+01   3.2556561e+00
   1.6610000e+02   9.5186652e+01   8.0055656e+01
   1.6620000e+02  -4.9813348e+01   2.9855656e+01
   1.6630000e+02   9.1866516e+00  -8.2504344e+01
   1.6640000e+02   6.9186652e+01  -1.2904344e+01
   1.6650000e+02  -4.6813348e+01  -4.7264344e+01
   1.6660000e+02  -1.1813348e+01  -4.7664344e+01
   1.6670000e+02  -7.3813348e+01   5.7815656e+01
   1.6680000e+02  -1.3813348e+01   3.3415656e+01
   1.6690000e+02  -1.6813348e+01  -1.8464344e+01
   1.6700000e+02  -4.2813348e+01  -4.5424344e+01
   1.6710000e+02   3.5186652e+01   3.6455656e+01
   1.6720000e+02   4.5186652e+01  -9.0944344e+01
   1.6730000e+02   6.7186652e+01  -4.2824344e+01
   1.6740000e+02  -3.5813348e+01  -4.7704344e+01
   1.6750000e+02  -6.1813348e+01  -9.2664344e+01
   1.6760000e+02   1.4186652e+01  -3.2704344e+01
   1.6770000e+02   7.6186652e+01  -5.5184344e+01
   1.6780000e+02  -1.1813348e+01  -1.3664344e+01
   1.6790000e+02  -3.1813348e+01   6.1135656e+01
   1.6800000e+02   1.5186652e+01   1.1325566e+02
   1.6810000e+02   1.0118665e+02   2.5815656e+01
   1.6820000e+02   3.5186652e+01   1.6455656e+01
   1.6830000e+02  -2.2813348e+01   6.3775656e+01
   1.6840000e+02  -3.4813348e+01   5.5255656e+01
   1.6850000e+02  -2.5813348e+01  -2.5104344e+01
   1.6860000e+02   8.4186652e+01  -1.5043439e+00
   1.6870000e+02   2.1186652e+01  -2.9843439e+00
   1.6880000e+02   3.5186652e+01   8.4556561e+00
   1.6890000e+02  -4.5813348e+01  -9.6304344e+01
   1.6900000e+02  -2.2813348e+01  -4.1224344e+01
   1.6910000e+02  -8.8133484e+00   5.4215656e+01
   1.6920000e+02  -6.0813348e+01  -6.9704344e+01
   1.6930000e+02   3.4186652e+01  -4.8504344e+01
   1.6940000e+02   6.4186652e+01   2.9565611e-01
   1.6950000e+02  -5.3813348e+01  -5.4984344e+01
   1.6960000e+02  -5.5813348e+01   8.5095656e+01
   1.6970000e+02   2.6186652e+01   2.1815656e+01
   1.6980000e+02  -2.8813348e+01  -1.7984344e+01
   1.6990000e+02   4.1186652e+01  -8.9784344e+01
   1.7000000e+02  -1.8133484e+00  -1.1064344e+01
   1.7010000e+02   6.1866516e+00   2.4615656e+01
   1.7020000e+02   2.1186652e+01   1.0156561e+00
   1.7030000e+02   7.4186652e+01   2.2895656e+01
   1.7040000e+02  -2.2813348e+01  -2.6224344e+01
   1.7050000e+02   8.1866516e+00   5.5535656e+01
   1.7060000e+02  -5.1813348e+01   3.1935656e+01
   1.7070000e+02  -6.4813348e+01  -1.5544344e+01
   1.7080000e+02  -8.7813348e+01  -6.2434389e-01
   1.7090000e+02  -3.3813348e+01   3.3215656e+01
   1.7100000e+02  -3.3813348e+01  -3.9784344e+01
   1.7110000e+02   2.6186652e+01   5.8815656e+01
   1.7120000e+02   3.4186652e+01  -2.4504344e+01
   1.7130000e+02  -4.8813348e+01   2.0815656e+01
   1.7140000e+02  -3.3813348e+01   1.2215656e+01
   1.7150000e+02   1.9186652e+01   3.0095656e+01
   1.7160000e+02   7.6186652e+01  -9.4184344e+01
   1.7170000e+02   4.7186652e+01   6.0975656e+01
   1.7180000e+02  -3.7813348e+01  -7.6243439e+00
   1.7190000e+02  -6.4813348e+01  -4.3544344e+01
   1.7200000e+02   2.0186652e+01   3.4055656e+01
   1.7210000e+02  -2.7813348e+01   5.8975656e+01
   1.7220000e+02   4.7186652e+01  -1.9024344e+01
   1.7230000e+02  -4.0813348e+01  -3.5504344e+01
   1.7240000e+02  -5.8813348e+01   2.5215656e+01
   1.7250000e+02   9.1866516e+00   4.0495656e+01
   1.7260000e+02  -7.2813348e+01  -8.2243439e+00
   1.7270000e+02   1.5186652e+01   2.0255656e+01
   1.7280000e+02  -1.7813348e+01   4.4575656e+01
   1.7290000e+02  -2.4813348e+01   5.9855656e+01
   1.7300000e+02   1.8818665e+02  -9.8664344e+01
   1.7310000e+02   3.9186652e+01   5.4295656e+01
   1.7320000e+02   1.1518665e+02  -3.7744344e+01
   1.7330000e+02   2.1866516e+00   1.0577566e+02
   1.7340000e+02   5.7186652e+01   2.1575656e+01
   1.7350000e+02  -6.8133484e+00   3.0135656e+01
   1.7360000e+02  -3.2813348e+01  -4.8243439e+00
   1.7370000e+02   1.5186652e+01  -5.3744344e+01
   1.7380000e+02  -3.9813348e+01  -2.0544344e+01
   1.7390000e+02  -1.0081335e+02   2.7895656e+01
   1.7400000e+02   9.0186652e+01  -1.2744344e+01
   1.7410000e+02   1.1186652e+01   2.1415656e+01
   1.7420000e+02   1.7186652e+01  -5.4824344e+01
   1.7430000e+02   1.4418665e+02   4.9095656e+01
   1.7440000e+02  -4.8133484e+00  -1.4944344e+01
   1.7450000e+02   3.6186652e+01   1.0415656e+01
   1.7460000e+02  -1.5813348e+01   1.2495656e+01
   1.7470000e+02  -3.5813348e+01   2.2295656e+01
   1.7480000e+02   5.0186652e+01  -2.4144344e+01
   1.7490000e+02   1.1866516e+00  -1.5184344e+01
   1.7500000e+02  -1.4813348e+01  -3.4544344e+01
   1.7510000e+02   1.7186652e+01   8.2175656e+01
   1.7520000e+02   8.1186652e+01  -3.6384344e+01
   1.7530000e+02  -3.8133484e+00  -9.8434389e-01
   1.7540000e+02   3.0186652e+01   3.3655656e+01
   1.7550000e+02   3.1866516e+00   2.3735656e+01
   1.7560000e+02  -1.9813348e+01  -1.2344344e+01
   1.7570000e+02   6.9186652e+01   9.2095656e+01
   1.7580000e+02  -8.3813348e+01   3.9215656e+01
   1.7590000e+02   5.1186652e+01   6.8156561e+00
   1.7600000e+02  -5.1813348e+01   1.7935656e+01
   1.7610000e+02   1.1118665e+02   7.4156561e+00
   1.7620000e+02  -7.9813348e+01   5.7055656e+01
   1.7630000e+02   6.1866516e+00   3.3615656e+01
   1.7640000e+02  -5.8813348e+01   6.4215656e+01
   1.7650000e+02   3.2186652e+01   4.2575656e+01
   1.7660000e+02   3.7186652e+01  -6.6243439e+00
   1.7670000e+02   5.2186652e+01  -3.8224344e+01
   1.7680000e+02  -1.2781335e+02   4.8975656e+01
   1.7690000e+02   2.0186652e+01  -9.8944344e+01
   1.7700000e+02   1.1418665e+02   2.6295656e+01
   1.7710000e+02  -6.2813348e+01   3.6375656e+01
   1.7720000e+02   3.4186652e+01   1.1049566e+02
   1.7730000e+02   6.9186652e+01   6.0095656e+01
   1.7740000e+02  -1.7813348e+01   1.1575656e+01
   1.7750000e+02  -5.2813348e+01  -6.0024344e+01
   1.7760000e+02   1.2718665e+02   4.3775656e+01
   1.7770000e+02   6.6186652e+01   3.2215656e+01
   1.7780000e+02   9.4186652e+01  -2.9904344e+01
   1.7790000e+02  -1.0581335e+02   3.1095656e+01
   1.7800000e+02  -9.8133484e+00   1.7255656e+01
   1.7810000e+02  -2.5813348e+01   1.1389566e+02
   1.7820000e+02   7.1866516e+00   6.8575656e+01
   1.7830000e+02   1.2186652e+01   5.7375656e+01
   1.7840000e+02  -5.3813348e+01   1.0015656e+01
   1.7850000e+02  -3.8813348e+01   3.1415656e+01
   1.7860000e+02  -5.6813348e+01   1.0813566e+02
   1.7870000e+02  -7.4813348e+01  -8.1443439e+00
   1.7880000e+02  -6.5813348e+01   1.6495656e+01
   1.7890000e+02   1.5518665e+02   8.7655656e+01
   1.7900000e+02   9.3186652e+01   8.2135656e+01
   1.7910000e+02   1.9186652e+01  -8.9043439e+00
   1.7920000e+02  -4.1813348e+01   1.6535656e+01
   1.7930000e+02  -2.9813348e+01  -3.9443439e+00
   1.7940000e+02   2.5186652e+01   6.2855656e+01
   1.7950000e+02   1.4186652e+01  -4.6704344e+01
   1.7960000e+02   4.1866516e+00  -2.8304344e+01
   1.7970000e+02  -4.7813348e+01  -4.9224344e+01
   1.7980000e+02  -2.0813348e+01   4.5695656e+01
   1.7990000e+02  -6.7813348e+01  -1.4424344e+01
   1.8000000e+02   1.6718665e+02   1.9175656e+01
   1.8010000e+02  -7.1813348e+01  -7.2643439e+00
   1.8020000e+02   3.6186652e+01   6.8415656e+01
   1.8030000e+02   7.6186652e+01  -4.9184344e+01
   1.8040000e+02   3.1866516e+00  -9.2643439e+00
   1.8050000e+02   6.1866516e+00  -5.8384344e+01
   1.8060000e+02   2.4186652e+01  -1.8104344e+01
   1.8070000e+02  -1.8813348e+01  -6.3843439e+00
   1.8080000e+02   1.8665158e-01   7.8556561e+00
   1.8090000e+02  -1.2681335e+02  -9.0643439e+00
   1.8100000e+02   7.1186652e+01   1.1015656e+01
   1.8110000e+02  -3.0813348e+01   8.0956561e+00
   1.8120000e+02  -8.7813348e+01  -2.0624344e+01
   1.8130000e+02  -5.9813348e+01   7.0255656e+01
   1.8140000e+02  -9.5813348e+01   1.1469566e+02
   1.8150000e+02  -4.3813348e+01   1.0161566e+02
   1.8160000e+02  -2.6813348e+01  -4.3064344e+01
   1.8170000e+02  -1.8813348e+01  -6.5384344e+01
   1.8180000e+02   1.0818665e+02   2.2535656e+01
   1.8190000e+02  -1.0281335e+02  -3.1024344e+01
   1.8200000e+02   1.7186652e+01  -2.8824344e+01
   1.8210000e+02   6.1866516e+00   1.3615656e+01
   1.8220000e+02  -4.8133484e+00  -3.5944344e+01
   1.8230000e+02  -4.8133484e+00   5.7055656e+01
   1.8240000e+02   1.2018665e+02   3.6055656e+01
   1.8250000e+02  -6.5813348e+01  -6.9504344e+01
   1.8260000e+02  -2.0813348e+01  -3.6304344e+01
   1.8270000e+02   6.5186652e+01  -7.7443439e+00
   1.8280000e+02  -2.5813348e+01  -1.1043439e+00
   1.8290000e+02  -4.0813348e+01   1.5495656e+01
   1.8300000e+02   7.2186652e+01  -1.9024344e+01
   1.8310000e+02  -4.8813348e+01  -2.8184344e+01
   1.8320000e+02   1.1186652e+01  -1.5584344e+01
   1.8330000e+02  -3.9813348e+01   8.4556561e+00
   1.8340000e+02  -1.4813348e+01   6.0455656e+01
   1.8350000e+02   5.1186652e+01   5.5815656e+01
   1.8360000e+02   7.4186652e+01  -4.9104344e+01
   1.8370000e+02   8.0186652e+01   7.9655656e+01
   1.8380000e+02   1.8186652e+01  -1.6864344e+01
   1.8390000e+02   4.4186652e+01  -1.3904344e+01
   1.8400000e+02   1.6186652e+01  -3.0784344e+01
   1.8410000e+02  -1.5813348e+01  -3.8504344e+01
   1.8420000e+02   2.7186652e+01   2.8775656e+01
   1.8430000e+02   4.0186652e+01  -4.1744344e+01
   1.8440000e+02  -1.0181335e+02   1.9356561e+00
   1.8450000e+02  -9.4813348e+01  -3.3443439e+00
   1.8460000e+02  -4.9813348e+01   7.9855656e+01
   1.8470000e+02   6.4186652e+01  -7.9704344e+01
   1.8480000e+02   1.6618665e+02   5.1215656e+01
   1.8490000e+02  -5.5813348e+01  -6.9043439e+00
   1.8500000e+02   7.6186652e+01  -5.0184344e+01
   1.8510000e+02   2.5186652e+01  -2.5144344e+01
   1.8520000e+02   4.5186652e+01   1.6055656e+01
   1.8530000e+02   4.1866516e+00   2.6695656e+01
   1.8540000e+02  -1.0813348e+01  -2.7704344e+01
   1.8550000e+02  -2.8813348e+01   3.5015656e+01
   1.8560000e+02   4.7186652e+01   6.9975656e+01
   1.8570000e+02   4.7186652e+01  -3.5024344e+01
   1.8580000e+02  -1.8133484e+00  -4.0064344e+01
   1.8590000e+02   1.0918665e+02   1.8495656e+01
   1.8600000e+02  -1.0481335e+02   3.6055656e+01
   1.8610000e+02   3.8186652e+01   6.6335656e+01
   1.8620000e+02  -1.9813348e+01  -8.3443439e+00
   1.8630000e+02   7.4186652e+01  -1.5104344e+01
   1.8640000e+02   1.6518665e+02   5.2255656e+01
   1.8650000e+02  -4.5813348e+01  -9.3043439e+00
   1.8660000e+02  -4.0813348e+01   4.7495656e+01
   1.8670000e+02  -1.8133484e+00   6.9356561e+00
   1.8680000e+02   1.5618665e+02   1.4161566e+02
   1.8690000e+02   6.9186652e+01   2.6095656e+01
   1.8700000e+02  -1.2481335e+02   8.8556561e+00
   1.8710000e+02  -4.9813348e+01   9.4855656e+01
   1.8720000e+02  -3.8133484e+00   5.2015656e+01
   1.8730000e+02   2.1186652e+01   2.7015656e+01
   1.8740000e+02  -6.8813348e+01   2.9615656e+01
   1.8750000e+02  -6.2813348e+01  -1.7624344e+01
   1.8760000e+02   7.0186652e+01   1.9055656e+01
   1.8770000e+02   7.4186652e+01   3.8956561e+00
   1.8780000e+02  -3.4813348e+01  -7.1744344e+01
   1.8790000e+02   4.1186652e+01   5.2215656e+01
   1.8800000e+02  -2.9813348e+01   5.4055656e+01
   1.8810000e+02  -8.8133484e+00   1.4215656e+01
   1.8820000e+02  -6.0813348e+01   1.6729566e+02
   1.8830000e+02  -6.8133484e+00   4.1135656e+01
   1.8840000e+02   2.6186652e+01   2.1815656e+01
   1.8850000e+02   2.0186652e+01   1.0055656e+01
   1.8860000e+02   4.5186652e+01  -2.4944344e+01
   1.8870000e+02  -1.2813348e+01   1.4937566e+02
   1.8880000e+02  -3.7813348e+01   1.8375656e+01
   1.8890000e+02   3.1186652e+01   9.2615656e+01
   1.8900000e+02   1.6186652e+01  -6.7784344e+01
   1.8910000e+02  -1.2813348e+01  -7.4624344e+01
   1.8920000e+02   7.0186652e+01   3.7055656e+01
   1.8930000e+02   6.2186652e+01   5.7375656e+01
   1.8940000e+02  -8.8813348e+01  -6.5843439e+00
   1.8950000e+02   3.9186652e+01   1.0129566e+02
   1.8960000e+02   3.5186652e+01  -2.9544344e+01
   1.8970000e+02   5.9186652e+01  -7.2504344e+01
   1.8980000e+02  -1.4813348e+01   2.4455656e+01
   1.8990000e+02   5.4186652e+01  -2.2304344e+01
   1.9000000e+02  -6.8813348e+01   4.8615656e+01
   1.9010000e+02   4.2186652e+01  -1.9824344e+01
   1.9020000e+02  -1.8813348e+01   8.2615656e+01
   1.9030000e+02  -1.2981335e+02  -2.6944344e+01
   1.9040000e+02  -5.7813348e+01  -3.0824344e+01
   1.9050000e+02  -5.2813348e+01  -3.0024344e+01
   1.9060000e+02   1.0818665e+02  -1.1046434e+02
   1.9070000e+02  -8.1334842e-01  -3.4104344e+01
   1.9080000e+02  -1.4813348e+01  -6.7544344e+01
   1.9090000e+02   2.1186652e+01   1.5656109e-02
   1.9100000e+02  -8.0813348e+01   1.5095656e+01
   1.9110000e+02  -9.0813348e+01  -2.6504344e+01
   1.9120000e+02  -5.4813348e+01  -1.1944344e+01
   1.9130000e+02   2.1866516e+00  -5.4224344e+01
   1.9140000e+02  -2.1813348e+01  -5.2643439e+00
   1.9150000e+02   1.2418665e+02   1.2289566e+02
   1.9160000e+02   7.1866516e+00  -1.9424344e+01
   1.9170000e+02  -6.4813348e+01   7.4556561e+00
   1.9180000e+02  -8.6813348e+01   1.2335656e+01
   1.9190000e+02  -8.0813348e+01   7.7095656e+01
   1.9200000e+02   4.6186652e+01   7.0156561e+00
   1.9210000e+02   1.1418665e+02  -9.3704344e+01
   1.9220000e+02   5.8186652e+01   4.7535656e+01
   1.9230000e+02  -9.9813348e+01   4.2855656e+01
   1.9240000e+02  -6.0813348e+01   8.2295656e+01
   1.9250000e+02   2.2186652e+01  -5.4024344e+01
   1.9260000e+02  -2.4813348e+01  -1.6144344e+01
   1.9270000e+02   1.7186652e+01  -2.0824344e+01
   1.9280000e+02  -1.4813348e+01  -1.4544344e+01
   1.9290000e+02  -1.1681335e+02  -4.2464344e+01
   1.9300000e+02  -1.1813348e+01   6.7335656e+01
   1.9310000e+02  -4.9813348e+01  -3.4144344e+01
   1.9320000e+02   1.2918665e+02   1.3169566e+02
   1.9330000e+02  -8.4813348e+01   6.3255656e+01
   1.9340000e+02   6.1186652e+01  -3.1584344e+01
   1.9350000e+02   1.1866516e+00  -3.1184344e+01
   1.9360000e+02   2.9186652e+01   1.5695656e+01
   1.9370000e+02   3.0186652e+01  -4.1344344e+01
   1.9380000e+02   1.9186652e+01   6.0956561e+00
   1.9390000e+02  -1.7813348e+01   2.9575656e+01
   1.9400000e+02   1.3186652e+01   4.1335656e+01
   1.9410000e+02  -1.8813348e+01   1.2161566e+02
   1.9420000e+02  -2.7813348e+01   7.7975656e+01
   1.9430000e+02   3.5186652e+01  -4.3544344e+01
   1.9440000e+02  -5.1813348e+01   2.1935656e+01
   1.9450000e+02  -9.6813348e+01  -7.6264344e+01
   1.9460000e+02   1.2118665e+02   5.8015656e+01
   1.9470000e+02   9.2186652e+01  -6.4824344e+01
   1.9480000e+02   5.6186652e+01   5.1615656e+01
   1.9490000e+02  -8.1813348e+01   8.1356561e+00
   1.9500000e+02   3.1186652e+01   4.0615656e+01
   1.9510000e+02  -1.2181335e+02   1.0873566e+02
   1.9520000e+02   6.1866516e+00  -5.0384344e+01
   1.9530000e+02  -7.4813348e+01   6.4855656e+01
   1.9540000e+02  -6.3813348e+01  -4.6584344e+01
   1.9550000e+02  -9.6813348e+01   1.7356561e+00
   1.9560000e+02  -3.8813348e+01   1.0041566e+02
   1.9570000e+02  -4.9813348e+01   7.8556561e+00
   1.9580000e+02  -3.6813348e+01  -4.7664344e+01
   1.9590000e+02  -5.3813348e+01   2.8015656e+01
   1.9600000e+02   2.5186652e+01  -2.6144344e+01
   1.9610000e+02   6.4186652e+01   1.4529566e+02
   1.9620000e+02  -4.0813348e+01  -1.5504344e+01
   1.9630000e+02  -3.2813348e+01   9.4175656e+01
   1.9640000e+02   1.4618665e+02  -4.2984344e+01
   1.9650000e+02  -2.8813348e+01  -2.7984344e+01
   1.9660000e+02  -1.5813348e+01  -4.9504344e+01
   1.9670000e+02  -1.4081335e+02   5.5495656e+01
   1.9680000e+02  -8.2813348e+01   5.4175656e+01
   1.9690000e+02  -5.1813348e+01  -3.2064344e+01
   1.9700000e+02  -4.8813348e+01  -7.9184344e+01
   1.9710000e+02  -9.5813348e+01   1.7769566e+02
   1.9720000e+02  -3.0813348e+01  -2.1904344e+01
   1.9730000e+02   1.3186652e+01  -9.7664344e+01
   1.9740000e+02  -2.0813348e+01  -7.4304344e+01
   1.9750000e+02   1.2318665e+02   9.3935656e+01
   1.9760000e+02  -1.9813348e+01   6.6556561e+00
   1.9770000e+02   4.2186652e+01   5.3175656e+01
   1.9780000e+02  -8.2813348e+01   4.8175656e+01
   1.9790000e+02   2.6186652e+01   6.2815656e+01
   1.9800000e+02  -2.5813348e+01   1.5895656e+01
   1.9810000e+02   3.0186652e+01   5.6556561e+00
   1.9820000e+02  -3.2813348e+01   4.2175656e+01
   1.9830000e+02  -2.2813348e+01   3.9775656e+01
   1.9840000e+02   4.0186652e+01  -2.6744344e+01
   1.9850000e+02  -2.7813348e+01  -1.7024344e+01
   1.9860000e+02  -2.0813348e+01   4.5695656e+01
   1.9870000e+02  -1.1681335e+02  -3.6464344e+01
   1.9880000e+02  -1.0881335e+02  -8.7843439e+00
   1.9890000e+02  -2.7813348e+01   7.9756561e+00
   1.9900000e+02  -3.9813348e+01  -3.5443439e+00
   1.9910000e+02  -2.9813348e+01   4.9055656e+01
   1.9920000e+02   1.1186652e+01   4.9415656e+01
   1.9930000e+02   4.2186652e+01  -5.3824344e+01
   1.9940000e+02  -9.3813348e+01  -7.4384344e+01
   1.9950000e+02  -2.5813348e+01   2.8895656e+01
   1.9960000e+02   3.1186652e+01   6.1615656e+01
   1.9970000e+02  -1.1281335e+02  -4.6624344e+01
   1.9980000e+02  -5.7813348e+01   5.6175656e+01
   1.9990000e+02   8.7186652e+01   2.0375656e+01
