   0.0000000e+00   1.2730972e+02   9.2738056e-01
   1.0000000e-01   5.0309720e+01   1.5100738e+02
   2.0000000e-01   8.0309720e+01  -3.7192619e+01
   3.0000000e-01   9.4309720e+01   8.2247381e+01
   4.0000000e-01   5.4309720e+01  -4.3152619e+01
   5.0000000e-01   1.7930972e+02   4.0847381e+01
   6.0000000e-01   4.4309720e+01   2.2247381e+01
   7.0000000e-01   2.2309720e+01   1.4012738e+02
   8.0000000e-01  -7.6902801e+00   2.0332738e+02
   9.0000000e-01   1.7130972e+02   4.0167381e+01
   1.0000000e+00   8.1309720e+01   9.7767381e+01
   1.1000000e+00   1.6030972e+02   2.8160738e+02
   1.2000000e+00   1.3309720e+01   7.3487381e+01
   1.3000000e+00   2.1309720e+01   8.6167381e+01
   1.4000000e+00   1.2309720e+01  -1.1472619e+01
   1.5000000e+00   4.5309720e+01   1.6207381e+01
   1.6000000e+00   1.0030972e+02   9.7007381e+01
   1.7000000e+00   7.4309720e+01  -1.5952619e+01
   1.8000000e+00   7.6309720e+01   7.2967381e+01
   1.9000000e+00   1.0330972e+02  -7.1126194e+00
   2.0000000e+00   3.2309720e+01   6.4727381e+01
   2.1000000e+00   4.9309720e+01   1.1404738e+02
   2.2000000e+00   3.1309720e+01   5.3767381e+01
   2.3000000e+00   1.8630972e+02   1.6567381e+01
   2.4000000e+00   9.7309720e+01   9.2127381e+01
   2.5000000e+00   4.1309720e+01   2.2367381e+01
   2.6000000e+00   1.0530972e+02   7.1807381e+01
   2.7000000e+00   1.6830972e+02   4.9287381e+01
   2.8000000e+00   8.9309720e+01   8.0447381e+01
   2.9000000e+00   3.0330972e+02   6.8887381e+01
   3.0000000e+00   4.8309720e+01   5.0873806e+00
   3.1000000e+00   1.3430972e+02  -4.3526194e+00
   3.2000000e+00   6.3097199e+00  -5.9232619e+01
   3.3000000e+00   1.7030972e+02  -7.7792619e+01
   3.4000000e+00   2.1930972e+02   1.3424738e+02
   3.5000000e+00   1.3730972e+02   5.0527381e+01
   3.6000000e+00   4.3309720e+01   1.3328738e+02
   3.7000000e+00   8.0309720e+01   4.0807381e+01
   3.8000000e+00   2.3230972e+02   1.2772738e+02
   3.9000000e+00   1.4630972e+02   3.5167381e+01
   4.0000000e+00   2.5130972e+02  -2.6032619e+01
   4.1000000e+00   1.9330972e+02  -1.7712619e+01
   4.2000000e+00   1.8430972e+02   1.0164738e+02
   4.3000000e+00   6.6309720e+01   1.0536738e+02
   4.4000000e+00   1.8130972e+02   1.2276738e+02
   4.5000000e+00   2.3630972e+02   4.8567381e+01
   4.6000000e+00   1.3230972e+02   1.1972738e+02
   4.7000000e+00   1.3630972e+02   1.3656738e+02
   4.8000000e+00   1.9530972e+02  -3.6792619e+01
   4.9000000e+00   1.8030972e+02   8.0738056e-01
   5.0000000e+00   2.3730972e+02   1.0552738e+02
   5.1000000e+00   1.7330972e+02   8.7380560e-02
   5.2000000e+00   6.5309720e+01   8.7407381e+01
   5.3000000e+00   8.4309720e+01   1.5647381e+01
   5.4000000e+00   1.3930972e+02   6.0447381e+01
   5.5000000e+00   7.7309720e+01   8.6927381e+01
   5.6000000e+00   1.0330972e+02   6.9887381e+01
   5.7000000e+00   6.3309720e+01   4.9487381e+01
   5.8000000e+00   2.1130972e+02   8.6567381e+01
   5.9000000e+00   1.2930972e+02   5.8473806e+00
   6.0000000e+00   9.2309720e+01   3.8327381e+01
   6.1000000e+00   1.3130972e+02   2.9767381e+01
   6.2000000e+00   2.1309720e+01   4.2167381e+01
   6.3000000e+00   1.9230972e+02   1.2032738e+02
   6.4000000e+00   1.3097199e+00   1.1967381e+01
   6.5000000e+00   3.0309720e+01   4.6807381e+01
   6.6000000e+00   7.7309720e+01   8.7927381e+01
   6.7000000e+00  -7.6902801e+00   2.3327381e+01
   6.8000000e+00   1.1930972e+02   1.5224738e+02
   6.9000000e+00   3.3309720e+01  -2.3126194e+00
   7.0000000e+00  -3.6902801e+00  -3.1832619e+01
   7.1000000e+00   9.7309720e+01   2.3127381e+01
   7.2000000e+00   1.6030972e+02   8.4607381e+01
   7.3000000e+00   1.3830972e+02   5.8487381e+01
   7.4000000e+00  -2.5690280e+01   1.7404738e+02
   7.5000000e+00   1.9430972e+02   6.4247381e+01
   7.6000000e+00   1.1530972e+02  -4.5592619e+01
   7.7000000e+00   1.2430972e+02   1.8047381e+01
   7.8000000e+00   1.4030972e+02   1.5407381e+01
   7.9000000e+00   5.5309720e+01   1.3880738e+02
   8.0000000e+00   1.3097199e+00   6.0967381e+01
   8.1000000e+00   1.6830972e+02  -1.5712619e+01
   8.2000000e+00   4.6309720e+01   7.1167381e+01
   8.3000000e+00   1.6130972e+02   8.9567381e+01
   8.4000000e+00  -2.3690280e+01   8.2967381e+01
   8.5000000e+00   7.9309720e+01   1.6847381e+01
   8.6000000e+00   1.3430972e+02  -2.4352619e+01
   8.7000000e+00   1.8930972e+02   8.3447381e+01
   8.8000000e+00   7.2309720e+01   2.0712738e+02
   8.9000000e+00   2.2730972e+02   1.1792738e+02
   9.0000000e+00   1.4030972e+02   5.1407381e+01
   9.1000000e+00   8.4309720e+01   2.0564738e+02
   9.2000000e+00   1.3930972e+02   2.3944738e+02
   9.3000000e+00   1.2830972e+02   8.5887381e+01
   9.4000000e+00   2.0330972e+02   7.8887381e+01
   9.5000000e+00   2.1330972e+02   1.8448738e+02
   9.6000000e+00   1.9430972e+02  -6.3752619e+01
   9.7000000e+00  -5.6902801e+00   1.3924738e+02
   9.8000000e+00   9.6309720e+01   7.7167381e+01
   9.9000000e+00   1.4330972e+02   2.2287381e+01
   1.0000000e+01   1.4930972e+02  -4.1952619e+01
   1.0100000e+01   2.7030972e+02   1.4520738e+02
   1.0200000e+01  -7.4690280e+01   7.3007381e+01
   1.0300000e+01   1.3930972e+02   3.3447381e+01
   1.0400000e+01   1.0430972e+02   1.4384738e+02
   1.0500000e+01   9.7309720e+01   1.5112738e+02
   1.0600000e+01  -2.3690280e+01   9.1967381e+01
   1.0700000e+01   1.6930972e+02   1.2624738e+02
   1.0800000e+01   1.8330972e+02   6.7687381e+01
   1.0900000e+01   4.7309720e+01   6.7127381e+01
   1.1000000e+01   1.7430972e+02   3.2047381e+01
   1.1100000e+01   8.1309720e+01   3.6767381e+01
   1.1200000e+01   6.7309720e+01   6.8327381e+01
   1.1300000e+01  -8.0690280e+01   1.6224738e+02
   1.1400000e+01   4.3309720e+01   7.8287381e+01
   1.1500000e+01   8.0309720e+01   9.8807381e+01
   1.1600000e+01   1.3097199e+00   1.7096738e+02
   1.1700000e+01   1.3130972e+02   9.7767381e+01
   1.1800000e+01   9.9309720e+01   1.8047381e+01
   1.1900000e+01   8.5309720e+01   4.4607381e+01
   1.2000000e+01   5.3097199e+00  -1.2192619e+01
   1.2100000e+01   1.7530972e+02   1.5000738e+02
   1.2200000e+01  -7.3690280e+01   9.0967381e+01
   1.2300000e+01   1.3030972e+02   1.2680738e+02
   1.2400000e+01   1.9230972e+02  -1.6672619e+01
   1.2500000e+01   7.1309720e+01   6.0167381e+01
   1.2600000e+01  -1.0369028e+02   1.3816738e+02
   1.2700000e+01   2.0309720e+01   3.6207381e+01
   1.2800000e+01   7.2309720e+01   5.6127381e+01
   1.2900000e+01   5.3097199e+00   6.0807381e+01
   1.3000000e+01  -5.6902801e+00   5.8247381e+01
   1.3100000e+01   8.1309720e+01   8.8767381e+01
   1.3200000e+01   1.4730972e+02   1.1127381e+01
   1.3300000e+01   1.4930972e+02   7.8047381e+01
   1.3400000e+01   1.3230972e+02   1.5972738e+02
   1.3500000e+01   8.0309720e+01   1.2180738e+02
   1.3600000e+01   1.5030972e+02   5.3007381e+01
   1.3700000e+01   2.1430972e+02   9.8447381e+01
   1.3800000e+01   4.9309720e+01   2.7047381e+01
   1.3900000e+01   6.0309720e+01   6.9607381e+01
   1.4000000e+01   2.5530972e+02   2.4807381e+01
   1.4100000e+01   6.1309720e+01   9.7567381e+01
   1.4200000e+01   4.6309720e+01   5.8167381e+01
   1.4300000e+01   8.2309720e+01   9.3727381e+01
   1.4400000e+01   2.3930972e+02   1.1447381e+01
   1.4500000e+01   1.4430972e+02   5.9247381e+01
   1.4600000e+01   3.7309720e+01   1.5352738e+02
   1.4700000e+01   9.0309720e+01   1.5540738e+02
   1.4800000e+01   1.0030972e+02   3.0007381e+01
   1.4900000e+01   5.6309720e+01   1.5776738e+02
   1.5000000e+01   2.1309720e+01   1.6216738e+02
   1.5100000e+01   6.9309720e+01   5.9247381e+01
   1.5200000e+01   3.4309720e+01   3.5647381e+01
   1.5300000e+01   1.1730972e+02   7.9327381e+01
   1.5400000e+01   1.9230972e+02   1.4232738e+02
   1.5500000e+01   8.9309720e+01   7.7447381e+01
   1.5600000e+01   4.0309720e+01   1.4740738e+02
   1.5700000e+01   2.9309720e+01   4.8473806e+00
   1.5800000e+01   1.0030972e+02   1.0800738e+02
   1.5900000e+01   5.5309720e+01   2.7807381e+01
   1.6000000e+01  -2.6902801e+00   1.2512738e+02
   1.6100000e+01   3.8309720e+01   1.5348738e+02
   1.6200000e+01   2.1130972e+02  -4.3432619e+01
   1.6300000e+01  -3.0690280e+01   1.7224738e+02
   1.6400000e+01   2.5230972e+02   2.7927381e+01
   1.6500000e+01   1.3309720e+01   1.0948738e+02
   1.6600000e+01   2.0309720e+01  -7.1792619e+01
   1.6700000e+01   6.3097199e+00  -1.5232619e+01
   1.6800000e+01   2.5930972e+02   2.9647381e+01
   1.6900000e+01   5.7309720e+01   1.4772738e+02
   1.7000000e+01   3.9309720e+01   2.7447381e+01
   1.7100000e+01   8.0309720e+01   2.3780738e+02
   1.7200000e+01  -1.8690280e+01   1.2376738e+02
   1.7300000e+01   8.3309720e+01  -3.1261944e-01
   1.7400000e+01  -1.8690280e+01   1.3176738e+02
   1.7500000e+01   2.3830972e+02   3.8487381e+01
   1.7600000e+01   5.4309720e+01  -3.1152619e+01
   1.7700000e+01   1.1309720e+01  -1.4326194e+00
   1.7800000e+01   1.2030972e+02   8.3207381e+01
   1.7900000e+01   1.9330972e+02   2.1287381e+01
   1.8000000e+01   9.7309720e+01   5.6127381e+01
   1.8100000e+01  -8.5690280e+01   2.1447381e+01
   1.8200000e+01   4.8309720e+01   1.1008738e+02
   1.8300000e+01   1.6130972e+02   1.0956738e+02
   1.8400000e+01   1.9730972e+02   2.4127381e+01
   1.8500000e+01   1.6830972e+02   8.5287381e+01
   1.8600000e+01  -4.9690280e+01   9.3007381e+01
   1.8700000e+01  -3.0690280e+01   1.6024738e+02
   1.8800000e+01   1.5530972e+02   7.8807381e+01
   1.8900000e+01   3.5309720e+01   7.3607381e+01
   1.9000000e+01   8.0309720e+01   3.6807381e+01
   1.9100000e+01   4.4309720e+01   7.0247381e+01
   1.9200000e+01   9.3097199e+00   6.0647381e+01
   1.9300000e+01   1.9730972e+02   1.3512738e+02
   1.9400000e+01   1.0130972e+02   2.9673806e+00
   1.9500000e+01   9.6309720e+01   5.5167381e+01
   1.9600000e+01   1.1030972e+02   1.6460738e+02
   1.9700000e+01   1.7130972e+02   1.3516738e+02
   1.9800000e+01  -4.2690280e+01   4.3727381e+01
   1.9900000e+01   5.5309720e+01   6.8807381e+01
   2.0000000e+01   3.3097199e+00   1.6388738e+02
   2.0100000e+01   2.2530972e+02   5.0007381e+01
   2.0200000e+01   1.8230972e+02   1.6072738e+02
   2.0300000e+01   8.5309720e+01   5.4607381e+01
   2.0400000e+01   1.0309720e+01   2.2607381e+01
   2.0500000e+01   1.6030972e+02   1.0560738e+02
   2.0600000e+01   1.2130972e+02   5.9167381e+01
   2.0700000e+01   2.1930972e+02   5.1247381e+01
   2.0800000e+01   1.6530972e+02   9.2407381e+01
   2.0900000e+01  -5.5690280e+01   8.5247381e+01
   2.1000000e+01   1.5930972e+02   6.4738056e-01
   2.1100000e+01   9.3097199e+00   4.7647381e+01
   2.1200000e+01  -1.5690280e+01   1.7964738e+02
   2.1300000e+01   5.4309720e+01   1.0484738e+02
   2.1400000e+01  -7.1690280e+01   1.4088738e+02
   2.1500000e+01   7.1309720e+01   1.3216738e+02
   2.1600000e+01   2.3097199e+00   6.2927381e+01
   2.1700000e+01  -1.9690280e+01   8.8807381e+01
   2.1800000e+01   6.2309720e+01   9.7527381e+01
   2.1900000e+01   4.2309720e+01   8.8327381e+01
   2.2000000e+01   3.3309720e+01   6.6687381e+01
   2.2100000e+01   7.3309720e+01   4.8087381e+01
   2.2200000e+01   1.4230972e+02   1.5327381e+01
   2.2300000e+01  -3.7690280e+01   4.9527381e+01
   2.2400000e+01   7.4309720e+01   5.1047381e+01
   2.2500000e+01   2.4309720e+01   1.0804738e+02
   2.2600000e+01   8.4309720e+01   7.3647381e+01
   2.2700000e+01   2.6030972e+02   2.7607381e+01
   2.2800000e+01   8.7309720e+01   3.1752738e+02
   2.2900000e+01   9.3097199e+00   1.9664738e+02
   2.3000000e+01   3.2230972e+02   2.6127381e+01
   2.3100000e+01   9.1309720e+01   6.0367381e+01
   2.3200000e+01   1.7930972e+02   9.0847381e+01
   2.3300000e+01   1.8930972e+02   2.9644738e+02
   2.3400000e+01   1.0630972e+02   1.1776738e+02
   2.3500000e+01   1.7930972e+02   1.2984738e+02
   2.3600000e+01   2.3330972e+02   3.1687381e+01
   2.3700000e+01   1.7030972e+02   1.0520738e+02
   2.3800000e+01   2.0330972e+02   1.0887381e+01
   2.3900000e+01  -1.1069028e+02   2.0844738e+02
   2.4000000e+01   9.3309720e+01   6.9287381e+01
   2.4100000e+01  -9.1690280e+01   1.1868738e+02
   2.4200000e+01   1.9630972e+02  -1.6832619e+01
   2.4300000e+01   6.9309720e+01   3.9247381e+01
   2.4400000e+01   3.1530972e+02   6.4073806e+00
   2.4500000e+01   1.7630972e+02   6.8967381e+01
   2.4600000e+01   2.4630972e+02  -3.9832619e+01
   2.4700000e+01   1.2430972e+02   6.6047381e+01
   2.4800000e+01   2.2630972e+02   7.2967381e+01
   2.4900000e+01   1.2830972e+02   1.7588738e+02
   2.5000000e+01   2.4430972e+02   2.4247381e+01
   2.5100000e+01   3.0130972e+02   1.1796738e+02
   2.5200000e+01   1.0530972e+02   9.8073806e+00
   2.5300000e+01   1.9230972e+02  -4.8672619e+01
   2.5400000e+01   2.6430972e+02   6.6447381e+01
   2.5500000e+01   2.0330972e+02  -2.1126194e+00
   2.5600000e+01   2.5630972e+02   2.5767381e+01
   2.5700000e+01   2.4230972e+02   1.7732738e+02
   2.5800000e+01   1.4130972e+02   1.0367381e+01
   2.5900000e+01   7.8309720e+01   1.3488738e+02
   2.6000000e+01   1.2430972e+02  -6.9526194e+00
   2.6100000e+01   2.9930972e+02  -6.7952619e+01
   2.6200000e+01   1.5030972e+02   1.0300738e+02
   2.6300000e+01   2.1030972e+02  -3.5392619e+01
   2.6400000e+01   2.3430972e+02   4.0647381e+01
   2.6500000e+01   1.7230972e+02  -1.7872619e+01
   2.6600000e+01   1.2930972e+02   1.2584738e+02
   2.6700000e+01   1.0030972e+02   1.0073806e+00
   2.6800000e+01   3.7309720e+01  -3.4472619e+01
   2.6900000e+01   1.4730972e+02   2.0127381e+01
   2.7000000e+01   1.8130972e+02   2.7767381e+01
   2.7100000e+01   2.3630972e+02  -3.0432619e+01
   2.7200000e+01   8.1309720e+01  -9.2326194e+00
   2.7300000e+01   1.9930972e+02   1.3804738e+02
   2.7400000e+01   1.1630972e+02   3.3367381e+01
   2.7500000e+01   2.5230972e+02   8.8927381e+01
   2.7600000e+01   1.9730972e+02   2.3212738e+02
   2.7700000e+01   1.8130972e+02  -1.2232619e+01
   2.7800000e+01   1.7430972e+02  -1.0952619e+01
   2.7900000e+01   8.6309720e+01   7.4567381e+01
   2.8000000e+01   1.6530972e+02  -5.2592619e+01
   2.8100000e+01   5.0309720e+01  -8.9926194e+00
   2.8200000e+01   2.8730972e+02  -7.8472619e+01
   2.8300000e+01   2.7030972e+02   6.2073806e+00
   2.8400000e+01   1.7230972e+02   3.5127381e+01
   2.8500000e+01   1.9830972e+02   5.4087381e+01
   2.8600000e+01   1.5730972e+02   7.1727381e+01
   2.8700000e+01   1.4730972e+02  -6.1872619e+01
   2.8800000e+01   1.5530972e+02  -5.9192619e+01
   2.8900000e+01   1.6830972e+02   6.6287381e+01
   2.9000000e+01   1.2830972e+02  -8.5112619e+01
   2.9100000e+01   2.3097199e+00   1.0992738e+02
   2.9200000e+01   1.2730972e+02  -4.0726194e+00
   2.9300000e+01   1.6130972e+02  -1.4326194e+00
   2.9400000e+01   2.4330972e+02  -1.7126194e+00
   2.9500000e+01  -3.4690280e+01  -2.1592619e+01
   2.9600000e+01   3.6030972e+02  -5.8392619e+01
   2.9700000e+01   1.2630972e+02  -1.1032619e+01
   2.9800000e+01   3.7309720e+01   6.5527381e+01
   2.9900000e+01   8.9309720e+01   4.4447381e+01
   3.0000000e+01   1.0730972e+02  -7.7272619e+01
   3.0100000e+01   2.7430972e+02   1.0047381e+01
   3.0200000e+01   2.7730972e+02  -4.0072619e+01
   3.0300000e+01   2.7830972e+02  -5.6112619e+01
   3.0400000e+01   1.2630972e+02   1.9967381e+01
   3.0500000e+01   6.4309720e+01   9.5447381e+01
   3.0600000e+01   1.1530972e+02  -9.5592619e+01
   3.0700000e+01   9.3309720e+01  -6.0712619e+01
   3.0800000e+01   1.7930972e+02   8.8473806e+00
   3.0900000e+01   2.4230972e+02  -1.4672619e+01
   3.1000000e+01   1.2330972e+02   3.8087381e+01
   3.1100000e+01   9.0309720e+01   1.4073806e+00
   3.1200000e+01   1.8530972e+02   5.9607381e+01
   3.1300000e+01   1.9130972e+02   5.6367381e+01
   3.1400000e+01   4.5309720e+01  -2.9792619e+01
   3.1500000e+01   1.2230972e+02   7.1127381e+01
   3.1600000e+01   1.6830972e+02   9.2873806e+00
   3.1700000e+01   7.2309720e+01   8.1273806e+00
   3.1800000e+01   9.6309720e+01   3.7167381e+01
   3.1900000e+01   1.1930972e+02  -7.5261944e-01
   3.2000000e+01   1.6030972e+02  -6.9392619e+01
   3.2100000e+01   2.1430972e+02  -9.5552619e+01
   3.2200000e+01   5.6309720e+01   6.4767381e+01
   3.2300000e+01   3.3309720e+01   2.8687381e+01
   3.2400000e+01   2.4530972e+02  -1.0792619e+01
   3.2500000e+01   2.7230972e+02  -4.8726194e+00
   3.2600000e+01   4.0309720e+01  -8.0592619e+01
   3.2700000e+01   1.4230972e+02   9.3273806e+00
   3.2800000e+01   1.1930972e+02  -4.7526194e+00
   3.2900000e+01   2.9230972e+02  -4.6672619e+01
   3.3000000e+01   7.6309720e+01  -4.1032619e+01
   3.3100000e+01   1.6330972e+02  -1.9512619e+01
   3.3200000e+01   1.3309720e+01  -3.5126194e+00
   3.3300000e+01   1.1430972e+02   3.4473806e+00
   3.3400000e+01   1.9530972e+02   4.8207381e+01
   3.3500000e+01   3.5630972e+02   1.1767381e+01
   3.3600000e+01   1.7930972e+02  -3.1152619e+01
   3.3700000e+01   1.2830972e+02   5.3887381e+01
   3.3800000e+01  -6.7690280e+01   5.5727381e+01
   3.3900000e+01   1.1330972e+02  -4.9512619e+01
   3.4000000e+01   2.2630972e+02  -1.4032619e+01
   3.4100000e+01   1.3030972e+02   3.5807381e+01
   3.4200000e+01   8.1309720e+01  -7.2326194e+00
   3.4300000e+01   2.3330972e+02   2.3687381e+01
   3.4400000e+01   1.6630972e+02  -6.6632619e+01
   3.4500000e+01   1.3030972e+02   1.6807381e+01
   3.4600000e+01   1.0330972e+02  -1.2112619e+01
   3.4700000e+01   1.9830972e+02   6.0873806e+00
   3.4800000e+01   1.8930972e+02  -2.3552619e+01
   3.4900000e+01   2.6730972e+02  -1.6672619e+01
   3.5000000e+01   2.4630972e+02   3.7167381e+01
   3.5100000e+01   2.2630972e+02   2.5967381e+01
   3.5200000e+01   9.8309720e+01   1.2408738e+02
   3.5300000e+01   8.1309720e+01   4.0767381e+01
   3.5400000e+01   1.3230972e+02  -6.9272619e+01
   3.5500000e+01   2.0130972e+02  -8.0326194e+00
   3.5600000e+01   3.9030972e+02   8.4073806e+00
   3.5700000e+01   1.7230972e+02  -9.8726194e+00
   3.5800000e+01   1.3930972e+02   2.9447381e+01
   3.5900000e+01   2.4830972e+02   7.0873806e+00
   3.6000000e+01   2.3330972e+02   1.0668738e+02
   3.6100000e+01   1.5230972e+02   1.3927381e+01
   3.6200000e+01   2.3930972e+02  -1.0552619e+01
   3.6300000e+01   2.5730972e+02  -5.2726194e+00
   3.6400000e+01   2.1309720e+01   4.1673806e+00
   3.6500000e+01   1.0030972e+02   4.8007381e+01
   3.6600000e+01   6.2309720e+01   3.7527381e+01
   3.6700000e+01   1.1030972e+02  -3.4392619e+01
   3.6800000e+01   1.0930972e+02  -3.5352619e+01
   3.6900000e+01   2.0330972e+02   2.9887381e+01
   3.7000000e+01   2.8630972e+02  -5.9432619e+01
   3.7100000e+01   1.1730972e+02  -4.1672619e+01
   3.7200000e+01   1.2330972e+02  -3.3912619e+01
   3.7300000e+01   1.9230972e+02  -2.9672619e+01
   3.7400000e+01   2.8930972e+02   6.5447381e+01
   3.7500000e+01   2.1730972e+02   7.1327381e+01
   3.7600000e+01   2.8030972e+02  -3.1926194e+00
   3.7700000e+01   2.1230972e+02   1.3152738e+02
   3.7800000e+01   1.6830972e+02  -1.6712619e+01
   3.7900000e+01   1.7430972e+02   6.7047381e+01
   3.8000000e+01   1.8830972e+02   1.6348738e+02
   3.8100000e+01   2.1330972e+02   1.8487381e+01
   3.8200000e+01   4.9730972e+02  -4.9872619e+01
   3.8300000e+01   2.0530972e+02  -7.4192619e+01
   3.8400000e+01   1.7430972e+02   2.0473806e+00
   3.8500000e+01   1.9330972e+02  -3.2712619e+01
   3.8600000e+01   2.6830972e+02  -5.7712619e+01
   3.8700000e+01   2.2330972e+02   5.4087381e+01
   3.8800000e+01   2.0030972e+02   8.1007381e+01
   3.8900000e+01   2.4330972e+02   2.3287381e+01
   3.9000000e+01   1.2230972e+02  -1.8872619e+01
   3.9100000e+01   3.9309720e+01  -2.7552619e+01
   3.9200000e+01   3.6230972e+02   1.0852738e+02
   3.9300000e+01   5.6309720e+01   8.0767381e+01
   3.9400000e+01   1.4130972e+02   1.3936738e+02
   3.9500000e+01   1.2330972e+02   4.0087381e+01
   3.9600000e+01   1.2430972e+02  -1.2952619e+01
   3.9700000e+01   9.9309720e+01   1.2104738e+02
   3.9800000e+01   1.5130972e+02   9.2967381e+01
   3.9900000e+01   2.4309720e+01   6.3047381e+01
   4.0000000e+01   1.1630972e+02   3.8367381e+01
   4.0100000e+01   1.0730972e+02   5.9727381e+01
   4.0200000e+01   1.9830972e+02   2.1087381e+01
   4.0300000e+01   1.1230972e+02  -1.0472619e+01
   4.0400000e+01   5.9309720e+01   6.4738056e-01
   4.0500000e+01   5.4309720e+01  -4.2152619e+01
   4.0600000e+01   1.2930972e+02  -6.6152619e+01
   4.0700000e+01   1.0130972e+02  -5.7032619e+01
   4.0800000e+01   1.5330972e+02   1.1887381e+01
   4.0900000e+01   1.8030972e+02  -2.1926194e+00
   4.1000000e+01   1.3530972e+02   1.2760738e+02
   4.1100000e+01   2.5630972e+02   5.5767381e+01
   4.1200000e+01   1.6130972e+02   2.2567381e+01
   4.1300000e+01   1.8030972e+02  -1.9192619e+01
   4.1400000e+01   5.8309720e+01  -6.8312619e+01
   4.1500000e+01   1.6030972e+02  -7.8392619e+01
   4.1600000e+01   7.7309720e+01   1.9927381e+01
   4.1700000e+01   7.6309720e+01  -3.3032619e+01
   4.1800000e+01   1.7309720e+01  -1.2672619e+01
   4.1900000e+01   4.8309720e+01   9.4087381e+01
   4.2000000e+01   6.6309720e+01  -2.6326194e+00
   4.2100000e+01   5.0309720e+01   1.7007381e+01
   4.2200000e+01   2.4030972e+02  -1.2592619e+01
   4.2300000e+01   9.5309720e+01  -8.2792619e+01
   4.2400000e+01   6.2309720e+01  -1.7472619e+01
   4.2500000e+01   1.5330972e+02  -1.0111262e+02
   4.2600000e+01   2.5630972e+02   7.7673806e+00
   4.2700000e+01   2.1030972e+02  -4.3392619e+01
   4.2800000e+01   4.7309720e+01   3.4127381e+01
   4.2900000e+01   9.6309720e+01   3.5167381e+01
   4.3000000e+01   8.3097199e+00   8.6873806e+00
   4.3100000e+01   1.8230972e+02  -3.8272619e+01
   4.3200000e+01   8.3309720e+01  -1.7312619e+01
   4.3300000e+01   1.3830972e+02  -4.4512619e+01
   4.3400000e+01   2.4309720e+01   5.9047381e+01
   4.3500000e+01   1.2030972e+02   5.5207381e+01
   4.3600000e+01   1.1230972e+02   6.3527381e+01
   4.3700000e+01   1.2630972e+02  -2.1032619e+01
   4.3800000e+01  -2.0690280e+01  -4.4152619e+01
   4.3900000e+01   1.8530972e+02  -1.3926194e+00
   4.4000000e+01   1.5630972e+02   2.1767381e+01
   4.4100000e+01  -9.6902801e+00   8.4073806e+00
   4.4200000e+01   2.4230972e+02   1.4132738e+02
   4.4300000e+01   2.0130972e+02   8.3967381e+01
   4.4400000e+01   2.0430972e+02  -3.7152619e+01
   4.4500000e+01   8.4309720e+01  -8.3526194e+00
   4.4600000e+01   1.9230972e+02  -5.8672619e+01
   4.4700000e+01   1.3330972e+02  -3.0312619e+01
   4.4800000e+01   1.8630972e+02   1.9567381e+01
   4.4900000e+01   1.4730972e+02   3.4127381e+01
   4.5000000e+01  -1.6902801e+00   4.5087381e+01
   4.5100000e+01   1.7730972e+02   2.7927381e+01
   4.5200000e+01   1.8530972e+02   9.6073806e+00
   4.5300000e+01   8.7309720e+01  -1.3472619e+01
   4.5400000e+01   2.6330972e+02   6.4873806e+00
   4.5500000e+01   6.9309720e+01   7.1247381e+01
   4.5600000e+01   7.1309720e+01   5.1673806e+00
   4.5700000e+01   2.8309720e+01   9.8887381e+01
   4.5800000e+01   1.0230972e+02   5.9273806e+00
   4.5900000e+01   1.2030972e+02   2.3207381e+01
   4.6000000e+01   4.3097199e+00  -4.1152619e+01
   4.6100000e+01   3.6309720e+01  -4.6432619e+01
   4.6200000e+01   1.0530972e+02   2.6807381e+01
   4.6300000e+01   1.9430972e+02  -1.7526194e+00
   4.6400000e+01   8.2309720e+01  -5.1272619e+01
   4.6500000e+01   1.9130972e+02   1.7367381e+01
   4.6600000e+01   9.4309720e+01   5.2473806e+00
   4.6700000e+01   1.7030972e+02   5.2073806e+00
   4.6800000e+01   1.6630972e+02  -3.6326194e+00
   4.6900000e+01   1.1230972e+02  -8.4726194e+00
   4.7000000e+01   1.4730972e+02  -8.8726194e+00
   4.7100000e+01   1.6830972e+02  -5.9712619e+01
   4.7200000e+01   3.9309720e+01  -1.0552619e+01
   4.7300000e+01   1.6030972e+02  -7.9392619e+01
   4.7400000e+01   3.7230972e+02   3.6127381e+01
   4.7500000e+01   2.0730972e+02  -8.9272619e+01
   4.7600000e+01   1.7630972e+02  -1.8032619e+01
   4.7700000e+01   2.0830972e+02   9.5687381e+01
   4.7800000e+01   1.2730972e+02  -1.9072619e+01
   4.7900000e+01   4.1309720e+01   2.7367381e+01
   4.8000000e+01   1.1830972e+02   7.7287381e+01
   4.8100000e+01   1.7530972e+02  -5.3992619e+01
   4.8200000e+01   2.0630972e+02  -2.5232619e+01
   4.8300000e+01  -1.1690280e+01   3.3487381e+01
   4.8400000e+01   7.0309720e+01  -7.5792619e+01
   4.8500000e+01   1.0530972e+02  -5.6192619e+01
   4.8600000e+01   6.2309720e+01   2.4527381e+01
   4.8700000e+01   1.2130972e+02  -4.0832619e+01
   4.8800000e+01   2.3430972e+02  -8.1352619e+01
   4.8900000e+01   8.5309720e+01  -3.0392619e+01
   4.9000000e+01   2.2230972e+02  -7.3872619e+01
   4.9100000e+01   1.5330972e+02  -8.1126194e+00
   4.9200000e+01   3.6230972e+02  -5.8472619e+01
   4.9300000e+01   3.1230972e+02  -8.0472619e+01
   4.9400000e+01   1.5830972e+02   1.7687381e+01
   4.9500000e+01   2.9730972e+02  -7.1872619e+01
   4.9600000e+01   8.8309720e+01  -2.9512619e+01
   4.9700000e+01   1.6730972e+02   3.5327381e+01
   4.9800000e+01   1.3330972e+02  -3.3312619e+01
   4.9900000e+01   1.8530972e+02  -1.6392619e+01
   5.0000000e+01   9.1309720e+01  -1.7632619e+01
   5.0100000e+01   1.5130972e+02  -1.1303262e+02
   5.0200000e+01   1.2309720e+01  -8.4726194e+00
   5.0300000e+01   6.7309720e+01   5.3273806e+00
   5.0400000e+01   1.7330972e+02  -8.3912619e+01
   5.0500000e+01   2.7230972e+02   3.8127381e+01
   5.0600000e+01   1.3130972e+02   1.8767381e+01
   5.0700000e+01   6.7309720e+01  -2.2672619e+01
   5.0800000e+01   1.3830972e+02  -1.7512619e+01
   5.0900000e+01   8.9309720e+01   3.4447381e+01
   5.1000000e+01   1.1430972e+02   1.3344738e+02
   5.1100000e+01   1.9730972e+02  -1.5872619e+01
   5.1200000e+01   1.4730972e+02   5.3127381e+01
   5.1300000e+01   1.5830972e+02  -2.6312619e+01
   5.1400000e+01   1.4330972e+02   9.4287381e+01
   5.1500000e+01   2.1630972e+02   1.5136738e+02
   5.1600000e+01   1.5030972e+02   3.4007381e+01
   5.1700000e+01   1.7130972e+02  -6.9832619e+01
   5.1800000e+01   1.1530972e+02   1.7407381e+01
   5.1900000e+01   1.0730972e+02   2.1727381e+01
   5.2000000e+01   1.6830972e+02   2.8287381e+01
   5.2100000e+01   1.7030972e+02   7.0207381e+01
   5.2200000e+01   3.9330972e+02  -1.1712619e+01
   5.2300000e+01   2.8930972e+02   3.8447381e+01
   5.2400000e+01   1.3930972e+02   2.1447381e+01
   5.2500000e+01   2.1130972e+02  -3.8432619e+01
   5.2600000e+01   1.4330972e+02  -7.4712619e+01
   5.2700000e+01   1.6630972e+02   4.2367381e+01
   5.2800000e+01   2.4930972e+02   6.1047381e+01
   5.2900000e+01   2.2830972e+02  -1.6112619e+01
   5.3000000e+01   2.2430972e+02  -2.7952619e+01
   5.3100000e+01   7.7309720e+01   5.9273806e+00
   5.3200000e+01   1.5430972e+02  -1.5261944e-01
   5.3300000e+01   1.9730972e+02  -7.2872619e+01
   5.3400000e+01   1.9330972e+02  -1.5712619e+01
   5.3500000e+01   1.7830972e+02   1.4887381e+01
   5.3600000e+01   1.1730972e+02  -3.9672619e+01
   5.3700000e+01   7.6309720e+01   9.6738056e-01
   5.3800000e+01   3.1030972e+02   3.7607381e+01
   5.3900000e+01   1.3930972e+02  -5.5261944e-01
   5.4000000e+01   2.6630972e+02   4.6367381e+01
   5.4100000e+01   2.2930972e+02   7.4847381e+01
   5.4200000e+01   1.7430972e+02   6.0047381e+01
   5.4300000e+01   2.2930972e+02  -4.1526194e+00
   5.4400000e+01   9.0309720e+01   6.6407381e+01
   5.4500000e+01   1.5730972e+02  -5.2726194e+00
   5.4600000e+01   1.4230972e+02   3.2327381e+01
   5.4700000e+01   2.1930972e+02   3.2247381e+01
   5.4800000e+01   2.2930972e+02   1.5984738e+02
   5.4900000e+01   1.8930972e+02   1.3644738e+02
   5.5000000e+01   2.9130972e+02   3.3673806e+00
   5.5100000e+01   2.4309720e+01  -1.6952619e+01
   5.5200000e+01   2.1130972e+02   4.3567381e+01
   5.5300000e+01   1.3130972e+02   4.7767381e+01
   5.5400000e+01   1.1030972e+02  -7.9392619e+01
   5.5500000e+01   1.0830972e+02  -3.8312619e+01
   5.5600000e+01   1.9230972e+02   4.8327381e+01
   5.5700000e+01   9.3309720e+01  -1.8712619e+01
   5.5800000e+01   1.6130972e+02   4.5673806e+00
   5.5900000e+01   2.6730972e+02   2.5327381e+01
   5.6000000e+01   2.3930972e+02  -6.2552619e+01
   5.6100000e+01   2.1630972e+02  -2.4632619e+01
   5.6200000e+01   1.3730972e+02   3.5273806e+00
   5.6300000e+01   3.5030972e+02   1.0007381e+01
   5.6400000e+01   2.8530972e+02  -1.9392619e+01
   5.6500000e+01   2.0430972e+02   3.5847381e+01
   5.6600000e+01   2.0530972e+02   1.7807381e+01
   5.6700000e+01   1.3330972e+02   6.4687381e+01
   5.6800000e+01   4.3309720e+01  -6.0712619e+01
   5.6900000e+01   7.8309720e+01   4.8873806e+00
   5.7000000e+01   1.2930972e+02   1.8473806e+00
   5.7100000e+01   1.5430972e+02   5.9847381e+01
   5.7200000e+01  -3.8690280e+01   2.3567381e+01
   5.7300000e+01   1.0130972e+02   2.4967381e+01
   5.7400000e+01   2.2830972e+02   9.0887381e+01
   5.7500000e+01   3.0030972e+02   9.4007381e+01
   5.7600000e+01   1.2730972e+02  -2.5072619e+01
   5.7700000e+01   9.3309720e+01  -7.7126194e+00
   5.7800000e+01   3.2309720e+01   3.7727381e+01
   5.7900000e+01   3.7730972e+02   1.5927381e+01
   5.8000000e+01   2.2130972e+02  -7.1832619e+01
   5.8100000e+01   3.5830972e+02   3.5687381e+01
   5.8200000e+01   3.2730972e+02  -2.3072619e+01
   5.8300000e+01   1.2930972e+02  -7.8152619e+01
   5.8400000e+01   9.2309720e+01   9.3273806e+00
   5.8500000e+01   2.5230972e+02   3.2927381e+01
   5.8600000e+01   2.4730972e+02  -2.5872619e+01
   5.8700000e+01   1.8030972e+02  -3.5192619e+01
   5.8800000e+01   3.3097199e+00   6.6887381e+01
   5.8900000e+01   1.0430972e+02  -1.0515262e+02
   5.9000000e+01   1.1430972e+02   6.4473806e+00
   5.9100000e+01   1.3230972e+02   6.5727381e+01
   5.9200000e+01   3.3330972e+02  -2.0312619e+01
   5.9300000e+01   2.0230972e+02  -2.8072619e+01
   5.9400000e+01   8.4309720e+01  -2.7352619e+01
   5.9500000e+01   1.5930972e+02  -6.0352619e+01
   5.9600000e+01   1.8130972e+02  -1.6232619e+01
   5.9700000e+01   6.7309720e+01   1.8327381e+01
   5.9800000e+01   7.0309720e+01  -1.4792619e+01
   5.9900000e+01   1.5230972e+02   1.5927381e+01
   6.0000000e+01   2.8430972e+02  -3.0352619e+01
   6.0100000e+01   1.4930972e+02  -3.7952619e+01
   6.0200000e+01   2.1330972e+02   3.7487381e+01
   6.0300000e+01   2.2030972e+02  -7.4792619e+01
   6.0400000e+01   7.7309720e+01  -1.3907262e+02
   6.0500000e+01   2.0230972e+02   5.4927381e+01
   6.0600000e+01   1.3230972e+02  -6.3272619e+01
   6.0700000e+01   1.2330972e+02  -4.1912619e+01
   6.0800000e+01   3.8530972e+02   6.6073806e+00
   6.0900000e+01   1.0830972e+02   4.5687381e+01
   6.1000000e+01   6.2309720e+01   4.7527381e+01
   6.1100000e+01   1.4430972e+02  -3.7526194e+00
   6.1200000e+01   9.5309720e+01   3.2073806e+00
   6.1300000e+01  -1.6902801e+00   7.0087381e+01
   6.1400000e+01   1.6830972e+02   1.1828738e+02
   6.1500000e+01   2.2630972e+02  -1.8032619e+01
   6.1600000e+01   4.2309720e+01  -5.3672619e+01
   6.1700000e+01   1.9130972e+02   4.0367381e+01
   6.1800000e+01   1.1230972e+02  -3.0472619e+01
   6.1900000e+01   2.0430972e+02  -5.8152619e+01
   6.2000000e+01   1.3030972e+02   4.6807381e+01
   6.2100000e+01   1.2030972e+02  -2.3792619e+01
   6.2200000e+01   2.2730972e+02  -1.2072619e+01
   6.2300000e+01   1.6530972e+02  -2.5926194e+00
   6.2400000e+01   2.7030972e+02  -2.7926194e+00
   6.2500000e+01   3.1730972e+02  -6.6726194e+00
   6.2600000e+01   1.5030972e+02   4.0073806e+00
   6.2700000e+01   1.1730972e+02  -3.4672619e+01
   6.2800000e+01   3.2430972e+02   6.2047381e+01
   6.2900000e+01   1.0730972e+02   3.7727381e+01
   6.3000000e+01   1.9230972e+02  -3.0672619e+01
   6.3100000e+01   2.6230972e+02  -1.1472619e+01
   6.3200000e+01   1.2530972e+02  -3.4992619e+01
   6.3300000e+01   2.5130972e+02  -3.0032619e+01
   6.3400000e+01   5.2309720e+01   2.3927381e+01
   6.3500000e+01   1.7330972e+02   1.1087381e+01
   6.3600000e+01   2.4130972e+02   1.7367381e+01
   6.3700000e+01   1.1830972e+02  -1.3712619e+01
   6.3800000e+01   1.6230972e+02  -2.2472619e+01
   6.3900000e+01   2.1130972e+02   2.3567381e+01
   6.4000000e+01   9.1309720e+01  -2.1632619e+01
   6.4100000e+01   1.8030972e+02   2.0807381e+01
   6.4200000e+01   5.1309720e+01   4.0967381e+01
   6.4300000e+01   1.9030972e+02   4.0738056e-01
   6.4400000e+01  -5.6902801e+00  -1.9752619e+01
   6.4500000e+01   3.5309720e+01  -9.3926194e+00
   6.4600000e+01   1.3630972e+02  -1.8432619e+01
   6.4700000e+01  -6.6902801e+00   9.6287381e+01
   6.4800000e+01   1.2730972e+02  -1.5072619e+01
   6.4900000e+01   1.3930972e+02   1.2544738e+02
   6.5000000e+01   8.0309720e+01  -1.8192619e+01
   6.5100000e+01   2.6530972e+02  -3.8592619e+01
   6.5200000e+01   8.1309720e+01   2.3767381e+01
   6.5300000e+01  -1.2690280e+01   4.0527381e+01
   6.5400000e+01   2.3730972e+02   4.2527381e+01
   6.5500000e+01   1.9130972e+02  -4.3632619e+01
   6.5600000e+01   2.5630972e+02  -2.2232619e+01
   6.5700000e+01   9.2309720e+01  -1.6726194e+00
   6.5800000e+01   1.8330972e+02  -7.9312619e+01
   6.5900000e+01   1.5130972e+02   3.1967381e+01
   6.6000000e+01   3.1230972e+02  -9.3472619e+01
   6.6100000e+01   8.5309720e+01   4.8607381e+01
   6.6200000e+01   1.3430972e+02   1.2964738e+02
   6.6300000e+01   2.9130972e+02   3.1367381e+01
   6.6400000e+01   2.2530972e+02   1.2007381e+01
   6.6500000e+01   2.0530972e+02   3.6807381e+01
   6.6600000e+01   2.5030972e+02   4.0073806e+00
   6.6700000e+01   6.0309720e+01   9.0607381e+01
   6.6800000e+01   1.9930972e+02  -3.4952619e+01
   6.6900000e+01   1.1430972e+02   7.4473806e+00
   6.7000000e+01   2.2730972e+02  -7.6072619e+01
   6.7100000e+01   4.1309720e+01   2.2367381e+01
   6.7200000e+01   2.1230972e+02  -4.0472619e+01
   6.7300000e+01   1.9530972e+02  -7.9792619e+01
   6.7400000e+01   8.2309720e+01   3.4727381e+01
   6.7500000e+01   2.1309720e+01  -1.4832619e+01
   6.7600000e+01   1.5130972e+02   4.3967381e+01
   6.7700000e+01   1.8230972e+02   2.5727381e+01
   6.7800000e+01   7.2309720e+01  -9.0872619e+01
   6.7900000e+01   8.5309720e+01   1.2560738e+02
   6.8000000e+01   1.2530972e+02   1.9007381e+01
   6.8100000e+01   1.3930972e+02   5.5447381e+01
   6.8200000e+01   1.9030972e+02  -5.3592619e+01
   6.8300000e+01   1.3130972e+02   3.7767381e+01
   6.8400000e+01   1.8230972e+02  -1.8272619e+01
   6.8500000e+01   2.1530972e+02  -3.1592619e+01
   6.8600000e+01   2.9830972e+02  -3.3912619e+01
   6.8700000e+01   2.6630972e+02  -4.4632619e+01
   6.8800000e+01   1.5930972e+02  -2.3526194e+00
   6.8900000e+01   1.1530972e+02  -4.6592619e+01
   6.9000000e+01   5.0309720e+01   7.0007381e+01
   6.9100000e+01   1.5030972e+02  -5.3992619e+01
   6.9200000e+01   6.0309720e+01  -1.7392619e+01
   6.9300000e+01   1.4030972e+02  -2.0592619e+01
   6.9400000e+01   2.9030972e+02  -3.8592619e+01
   6.9500000e+01   8.1309720e+01  -9.2326194e+00
   6.9600000e+01   2.3630972e+02   1.0856738e+02
   6.9700000e+01   1.6630972e+02   4.4367381e+01
   6.9800000e+01   1.7530972e+02  -6.1992619e+01
   6.9900000e+01   4.9309720e+01   7.0473806e+00
   7.0000000e+01   2.2430972e+02   1.3047381e+01
   7.0100000e+01   1.5430972e+02   5.8473806e+00
   7.0200000e+01   2.6530972e+02   1.1407381e+01
   7.0300000e+01   1.0530972e+02   1.2807381e+01
   7.0400000e+01   6.3309720e+01  -1.5126194e+00
   7.0500000e+01   3.2330972e+02  -1.7912619e+01
   7.0600000e+01   6.8309720e+01   4.1287381e+01
   7.0700000e+01   1.4930972e+02   6.4047381e+01
   7.0800000e+01   1.9330972e+02  -1.6712619e+01
   7.0900000e+01   2.9630972e+02  -5.9832619e+01
   7.1000000e+01   9.5309720e+01  -3.8792619e+01
   7.1100000e+01   1.2930972e+02  -9.1526194e+00
   7.1200000e+01   6.8309720e+01   7.2287381e+01
   7.1300000e+01   3.0971993e-01   2.0007381e+01
   7.1400000e+01  -6.4690280e+01   1.1360738e+02
   7.1500000e+01   4.1309720e+01  -2.1632619e+01
   7.1600000e+01   1.5030972e+02  -2.2992619e+01
   7.1700000e+01  -3.4690280e+01   2.2407381e+01
   7.1800000e+01  -5.2690280e+01   1.6312738e+02
   7.1900000e+01   1.7430972e+02  -6.3952619e+01
   7.2000000e+01   3.5309720e+01   1.6073806e+00
   7.2100000e+01   1.5309720e+01  -2.0592619e+01
   7.2200000e+01  -9.5690280e+01  -4.1152619e+01
   7.2300000e+01   3.0971993e-01  -7.9926194e+00
   7.2400000e+01   7.6309720e+01   6.2967381e+01
   7.2500000e+01   3.4309720e+01  -2.5352619e+01
   7.2600000e+01   4.1309720e+01  -5.5632619e+01
   7.2700000e+01  -1.4569028e+02   3.2847381e+01
   7.2800000e+01  -2.4690280e+01   9.0073806e+00
   7.2900000e+01   1.9309720e+01  -2.1752619e+01
   7.3000000e+01   1.1309720e+01  -3.4326194e+00
   7.3100000e+01   4.0309720e+01  -4.3592619e+01
   7.3200000e+01   6.3309720e+01  -6.5126194e+00
   7.3300000e+01   8.7309720e+01  -4.7472619e+01
   7.3400000e+01  -3.9690280e+01  -3.1392619e+01
   7.3500000e+01  -7.3690280e+01  -2.3032619e+01
   7.3600000e+01   9.4309720e+01  -6.5752619e+01
   7.3700000e+01   6.3309720e+01   2.2487381e+01
   7.3800000e+01   2.9309720e+01   2.5847381e+01
   7.3900000e+01   1.0630972e+02   1.1176738e+02
   7.4000000e+01   2.4309720e+01  -5.9526194e+00
   7.4100000e+01  -3.0690280e+01  -1.9752619e+01
   7.4200000e+01  -2.3690280e+01  -6.1032619e+01
   7.4300000e+01   2.6309720e+01   3.5967381e+01
   7.4400000e+01   2.9309720e+01   8.7847381e+01
   7.4500000e+01  -8.5690280e+01   7.4473806e+00
   7.4600000e+01   1.4309720e+01  -4.9552619e+01
   7.4700000e+01   1.5130972e+02   3.0967381e+01
   7.4800000e+01  -2.2690280e+01  -2.6072619e+01
   7.4900000e+01   1.0030972e+02   4.0007381e+01
   7.5000000e+01  -6.8690280e+01  -1.7232619e+01
   7.5100000e+01   1.2309720e+01   4.9527381e+01
   7.5200000e+01  -5.5690280e+01  -4.0752619e+01
   7.5300000e+01   5.0309720e+01  -7.2992619e+01
   7.5400000e+01   1.1530972e+02   6.7407381e+01
   7.5500000e+01   1.9430972e+02  -6.7526194e+00
   7.5600000e+01  -5.0690280e+01  -5.3952619e+01
   7.5700000e+01   5.1309720e+01   3.7967381e+01
   7.5800000e+01   3.7309720e+01   4.6527381e+01
   7.5900000e+01   4.0309720e+01  -5.3592619e+01
   7.6000000e+01  -2.2690280e+01  -5.3072619e+01
   7.6100000e+01  -7.6690280e+01   2.7087381e+01
   7.6200000e+01   7.1309720e+01  -4.1832619e+01
   7.6300000e+01   1.2030972e+02   2.1207381e+01
   7.6400000e+01  -1.4669028e+02   3.8873806e+00
   7.6500000e+01  -1.3169028e+02   2.3287381e+01
   7.6600000e+01  -5.4690280e+01  -8.7926194e+00
   7.6700000e+01   1.4430972e+02  -9.0752619e+01
   7.6800000e+01   8.8309720e+01   1.4487381e+01
   7.6900000e+01   1.9309720e+01   1.0247381e+01
   7.7000000e+01   4.0309720e+01  -2.6592619e+01
   7.7100000e+01  -3.7690280e+01  -2.1472619e+01
   7.7200000e+01  -4.6690280e+01   2.5887381e+01
   7.7300000e+01   3.8309720e+01   4.1487381e+01
   7.7400000e+01   2.8309720e+01  -1.6112619e+01
   7.7500000e+01  -4.6902801e+00  -1.6792619e+01
   7.7600000e+01  -5.8690280e+01   5.9367381e+01
   7.7700000e+01  -2.7690280e+01  -7.8726194e+00
   7.7800000e+01  -3.7690280e+01   5.4527381e+01
   7.7900000e+01   1.1309720e+01   1.5673806e+00
   7.8000000e+01  -9.6902801e+00   6.0407381e+01
   7.8100000e+01   2.3097199e+00  -1.5072619e+01
   7.8200000e+01  -5.6902801e+00   1.7247381e+01
   7.8300000e+01   6.6309720e+01  -5.1632619e+01
   7.8400000e+01   2.1309720e+01  -1.8326194e+00
   7.8500000e+01  -9.6690280e+01   3.7887381e+01
   7.8600000e+01   3.0971993e-01   1.0900738e+02
   7.8700000e+01   3.8309720e+01   1.5487381e+01
   7.8800000e+01   1.2309720e+01  -4.4726194e+00
   7.8900000e+01   6.3097199e+00  -4.2326194e+00
   7.9000000e+01   7.5309720e+01  -7.3992619e+01
   7.9100000e+01  -4.6902801e+00   1.1207381e+01
   7.9200000e+01  -1.6902801e+00  -6.8912619e+01
   7.9300000e+01  -1.6690280e+01   9.6873806e+00
   7.9400000e+01   3.6309720e+01  -2.3432619e+01
   7.9500000e+01   5.9309720e+01  -4.5352619e+01
   7.9600000e+01  -1.0369028e+02   1.8167381e+01
   7.9700000e+01  -1.5690280e+01   8.6647381e+01
   7.9800000e+01   3.4309720e+01  -3.0352619e+01
   7.9900000e+01   1.1730972e+02   3.2327381e+01
   8.0000000e+01   9.3097199e+00   1.6647381e+01
   8.0100000e+01  -5.6902801e+00  -1.4752619e+01
   8.0200000e+01  -2.4690280e+01   5.6007381e+01
   8.0300000e+01  -9.7690280e+01   2.4927381e+01
   8.0400000e+01  -6.9690280e+01  -3.4192619e+01
   8.0500000e+01  -4.4690280e+01  -1.8192619e+01
   8.0600000e+01   7.9309720e+01  -5.5152619e+01
   8.0700000e+01   3.3097199e+00  -1.1126194e+00
   8.0800000e+01  -8.0690280e+01   2.1247381e+01
   8.0900000e+01  -6.3690280e+01   5.4567381e+01
   8.1000000e+01   1.0309720e+01   5.6073806e+00
   8.1100000e+01   9.4309720e+01   8.8247381e+01
   8.1200000e+01  -8.3690280e+01   6.9367381e+01
   8.1300000e+01  -2.0690280e+01   8.2847381e+01
   8.1400000e+01  -5.6690280e+01  -4.9712619e+01
   8.1500000e+01  -6.3690280e+01   9.4567381e+01
   8.1600000e+01  -1.5690280e+01   6.6473806e+00
   8.1700000e+01  -1.7690280e+01   4.7727381e+01
   8.1800000e+01   1.6309720e+01  -2.5632619e+01
   8.1900000e+01   5.1309720e+01  -4.1032619e+01
   8.2000000e+01   1.3030972e+02   6.8073806e+00
   8.2100000e+01   5.4309720e+01   5.0847381e+01
   8.2200000e+01   2.5309720e+01   1.1007381e+01
   8.2300000e+01   2.4309720e+01   3.1047381e+01
   8.2400000e+01  -5.3690280e+01   6.7167381e+01
   8.2500000e+01  -3.3690280e+01  -4.6326194e+00
   8.2600000e+01  -3.0690280e+01  -1.2752619e+01
   8.2700000e+01  -2.8690280e+01   1.0167381e+01
   8.2800000e+01   8.8309720e+01   1.0048738e+02
   8.2900000e+01  -7.9690280e+01  -1.8792619e+01
   8.3000000e+01   1.3309720e+01   1.2487381e+01
   8.3100000e+01  -1.6902801e+00   6.5087381e+01
   8.3200000e+01   2.1309720e+01  -4.0832619e+01
   8.3300000e+01  -7.2690280e+01  -7.0726194e+00
   8.3400000e+01  -4.2690280e+01  -4.6272619e+01
   8.3500000e+01   5.7309720e+01  -1.4272619e+01
   8.3600000e+01   1.0309720e+01   6.0738056e-01
   8.3700000e+01  -4.4690280e+01  -1.4192619e+01
   8.3800000e+01  -1.3690280e+01  -3.1432619e+01
   8.3900000e+01  -8.9690280e+01  -4.5392619e+01
   8.4000000e+01  -1.6902801e+00   8.7087381e+01
   8.4100000e+01  -1.3690280e+01   8.5673806e+00
   8.4200000e+01  -8.0690280e+01   6.6247381e+01
   8.4300000e+01   2.0309720e+01   9.6207381e+01
   8.4400000e+01   1.7530972e+02   3.2007381e+01
   8.4500000e+01  -1.6902801e+00   2.9087381e+01
   8.4600000e+01   6.1309720e+01  -4.0432619e+01
   8.4700000e+01   1.5430972e+02  -6.1526194e+00
   8.4800000e+01   2.0309720e+01  -1.9792619e+01
   8.4900000e+01  -4.4690280e+01   4.0807381e+01
   8.5000000e+01   3.2309720e+01   4.9727381e+01
   8.5100000e+01  -4.8690280e+01  -1.1032619e+01
   8.5200000e+01  -3.1690280e+01   1.8287381e+01
   8.5300000e+01  -8.6902801e+00  -1.2632619e+01
   8.5400000e+01  -6.2690280e+01  -7.0472619e+01
   8.5500000e+01   2.3309720e+01  -5.4912619e+01
   8.5600000e+01   1.0230972e+02   2.8927381e+01
   8.5700000e+01  -1.0690280e+01   2.8447381e+01
   8.5800000e+01   2.5309720e+01   4.0073806e+00
   8.5900000e+01   6.2309720e+01   7.5273806e+00
   8.6000000e+01   7.5309720e+01   6.0007381e+01
   8.6100000e+01  -2.0690280e+01   3.2847381e+01
   8.6200000e+01   1.4630972e+02  -3.2832619e+01
   8.6300000e+01  -2.1690280e+01  -3.1112619e+01
   8.6400000e+01   1.8309720e+01  -5.6712619e+01
   8.6500000e+01  -3.4690280e+01  -8.8592619e+01
   8.6600000e+01   1.4630972e+02   1.0167381e+01
   8.6700000e+01   2.3097199e+00   1.4927381e+01
   8.6800000e+01  -2.1690280e+01  -1.6112619e+01
   8.6900000e+01  -3.3690280e+01   2.3673806e+00
   8.7000000e+01   1.0430972e+02   1.0184738e+02
   8.7100000e+01   3.6309720e+01   2.5567381e+01
   8.7200000e+01  -3.3690280e+01  -7.8632619e+01
   8.7300000e+01   1.2730972e+02   2.7927381e+01
   8.7400000e+01   1.3309720e+01   6.4873806e+00
   8.7500000e+01  -4.5690280e+01  -5.5152619e+01
   8.7600000e+01  -4.7690280e+01  -1.0726194e+00
   8.7700000e+01  -3.6902801e+00   4.1673806e+00
   8.7800000e+01  -9.7690280e+01  -2.0072619e+01
   8.7900000e+01   1.3930972e+02   2.6447381e+01
   8.8000000e+01   1.7330972e+02  -3.6912619e+01
   8.8100000e+01   4.4309720e+01  -2.2752619e+01
   8.8200000e+01  -8.6902801e+00  -1.2632619e+01
   8.8300000e+01   5.1309720e+01  -5.6032619e+01
   8.8400000e+01   1.9309720e+01  -3.5752619e+01
   8.8500000e+01  -3.8690280e+01  -2.2432619e+01
   8.8600000e+01   1.8830972e+02  -3.1512619e+01
   8.8700000e+01   2.4309720e+01  -9.5261944e-01
   8.8800000e+01   7.2309720e+01   3.1127381e+01
   8.8900000e+01  -4.3690280e+01  -5.4232619e+01
   8.9000000e+01  -3.0690280e+01   2.2247381e+01
   8.9100000e+01   6.0309720e+01   4.9607381e+01
   8.9200000e+01  -3.4690280e+01  -4.9592619e+01
   8.9300000e+01   2.3309720e+01   1.1008738e+02
   8.9400000e+01   3.0971993e-01  -2.4992619e+01
   8.9500000e+01  -2.5690280e+01   3.3047381e+01
   8.9600000e+01   4.8309720e+01  -1.0491262e+02
   8.9700000e+01  -1.2690280e+01  -1.6472619e+01
   8.9800000e+01  -7.6690280e+01  -7.9126194e+00
   8.9900000e+01  -1.6690280e+01   3.8687381e+01
   9.0000000e+01  -5.2690280e+01   1.7127381e+01
   9.0100000e+01   7.6309720e+01  -2.5032619e+01
   9.0200000e+01   1.0130972e+02  -7.0326194e+00
   9.0300000e+01   1.6309720e+01  -6.6326194e+00
   9.0400000e+01  -3.6902801e+00  -3.5832619e+01
   9.0500000e+01   4.7309720e+01  -6.3872619e+01
   9.0600000e+01  -8.3690280e+01  -2.5632619e+01
   9.0700000e+01  -3.6902801e+00   1.2167381e+01
   9.0800000e+01  -9.0690280e+01   3.0647381e+01
   9.0900000e+01   2.8309720e+01  -1.2112619e+01
   9.1000000e+01  -8.1690280e+01  -1.3712619e+01
   9.1100000e+01  -1.0469028e+02   4.9207381e+01
   9.1200000e+01  -3.9690280e+01  -7.3392619e+01
   9.1300000e+01  -4.7690280e+01  -5.6072619e+01
   9.1400000e+01  -8.6902801e+00  -1.6632619e+01
   9.1500000e+01  -8.9690280e+01  -4.5392619e+01
   9.1600000e+01   1.0730972e+02  -7.2726194e+00
   9.1700000e+01   7.5309720e+01   9.0073806e+00
   9.1800000e+01  -4.2690280e+01   6.2727381e+01
   9.1900000e+01  -3.3690280e+01   3.1367381e+01
   9.2000000e+01   9.4309720e+01   4.7247381e+01
   9.2100000e+01  -8.9690280e+01  -9.3926194e+00
   9.2200000e+01   6.3097199e+00   5.7673806e+00
   9.2300000e+01  -2.7690280e+01   7.9127381e+01
   9.2400000e+01   2.9309720e+01   8.4738056e-01
   9.2500000e+01   8.3097199e+00  -1.7312619e+01
   9.2600000e+01   9.7309720e+01  -7.4872619e+01
   9.2700000e+01  -7.3690280e+01   5.9673806e+00
   9.2800000e+01   3.3097199e+00  -3.8112619e+01
   9.2900000e+01   2.2309720e+01  -3.1872619e+01
   9.3000000e+01  -7.9690280e+01  -1.7792619e+01
   9.3100000e+01  -3.6690280e+01   1.2487381e+01
   9.3200000e+01   5.9309720e+01   6.4738056e-01
   9.3300000e+01   9.3097199e+00  -3.2352619e+01
   9.3400000e+01  -3.7690280e+01   5.2527381e+01
   9.3500000e+01   7.3097199e+00   7.3727381e+01
   9.3600000e+01   1.0330972e+02   5.0887381e+01
   9.3700000e+01  -2.5690280e+01  -1.2952619e+01
   9.3800000e+01   3.3309720e+01   4.6873806e+00
   9.3900000e+01   7.1309720e+01  -2.9832619e+01
   9.4000000e+01  -9.2690280e+01   7.7273806e+00
   9.4100000e+01  -5.0690280e+01  -7.9526194e+00
   9.4200000e+01  -1.3969028e+02   5.5607381e+01
   9.4300000e+01   1.4309720e+01  -1.1552619e+01
   9.4400000e+01   3.4309720e+01   1.2564738e+02
   9.4500000e+01   1.9309720e+01  -4.2752619e+01
   9.4600000e+01   3.0971993e-01   7.0073806e+00
   9.4700000e+01   5.3097199e+00   3.6807381e+01
   9.4800000e+01  -1.1169028e+02   8.8487381e+01
   9.4900000e+01  -5.7690280e+01   1.8327381e+01
   9.5000000e+01  -7.0690280e+01   2.9847381e+01
   9.5100000e+01   1.5230972e+02   2.2927381e+01
   9.5200000e+01  -1.1369028e+02   9.2567381e+01
   9.5300000e+01  -2.6690280e+01  -3.0912619e+01
   9.5400000e+01  -5.6690280e+01   1.6328738e+02
   9.5500000e+01   5.2309720e+01  -7.2619440e-02
   9.5600000e+01  -2.1690280e+01  -5.9112619e+01
   9.5700000e+01  -2.0690280e+01   3.2847381e+01
   9.5800000e+01   3.7309720e+01  -5.7472619e+01
   9.5900000e+01   5.3097199e+00   5.5807381e+01
   9.6000000e+01   1.2030972e+02   2.9207381e+01
   9.6100000e+01  -7.1690280e+01  -7.1112619e+01
   9.6200000e+01  -7.5690280e+01  -2.4952619e+01
   9.6300000e+01  -6.6902801e+00   3.8287381e+01
   9.6400000e+01   8.2309720e+01   1.9727381e+01
   9.6500000e+01  -1.0669028e+02   1.9287381e+01
   9.6600000e+01  -4.5690280e+01   8.0847381e+01
   9.6700000e+01   2.3309720e+01  -6.2912619e+01
   9.6800000e+01   5.2309720e+01  -5.0072619e+01
   9.6900000e+01   6.9309720e+01   7.4247381e+01
   9.7000000e+01   8.5309720e+01  -1.3392619e+01
   9.7100000e+01  -2.3690280e+01   1.1967381e+01
   9.7200000e+01   4.1309720e+01  -7.9632619e+01
   9.7300000e+01  -1.4690280e+01  -2.0392619e+01
   9.7400000e+01   3.3097199e+00   5.5887381e+01
   9.7500000e+01  -4.8690280e+01  -3.7032619e+01
   9.7600000e+01  -7.0690280e+01  -5.0152619e+01
   9.7700000e+01  -6.5690280e+01   7.1647381e+01
   9.7800000e+01  -5.9690280e+01  -1.3592619e+01
   9.7900000e+01   7.3309720e+01   2.7087381e+01
   9.8000000e+01  -3.6902801e+00   2.2167381e+01
   9.8100000e+01  -3.5690280e+01   8.5447381e+01
   9.8200000e+01   1.2330972e+02   1.1087381e+01
   9.8300000e+01   7.2309720e+01  -2.4872619e+01
   9.8400000e+01  -5.6690280e+01   7.1287381e+01
   9.8500000e+01  -4.0690280e+01  -1.2352619e+01
   9.8600000e+01   8.5309720e+01   1.1607381e+01
   9.8700000e+01   8.5309720e+01   5.6073806e+00
   9.8800000e+01   1.9309720e+01  -1.5752619e+01
   9.8900000e+01   7.3097199e+00   2.5727381e+01
   9.9000000e+01  -4.1690280e+01   5.0687381e+01
   9.9100000e+01   4.3309720e+01   1.0028738e+02
   9.9200000e+01   1.2309720e+01   1.0952738e+02
   9.9300000e+01  -4.7690280e+01   1.8927381e+01
   9.9400000e+01   4.3097199e+00  -2.5152619e+01
   9.9500000e+01   2.1830972e+02   2.7287381e+01
   9.9600000e+01  -3.6902801e+00  -3.8326194e+00
   9.9700000e+01  -6.9690280e+01   7.1807381e+01
   9.9800000e+01   4.3309720e+01  -7.9712619e+01
   9.9900000e+01   1.4530972e+02  -2.0792619e+01
   1.0000000e+02   9.3309720e+01   2.5287381e+01
   1.0010000e+02   1.4309720e+01   6.2447381e+01
   1.0020000e+02   1.0530972e+02  -8.9192619e+01
   1.0030000e+02  -1.4069028e+02  -1.1352619e+01
   1.0040000e+02   5.5309720e+01  -5.3192619e+01
   1.0050000e+02   1.0730972e+02  -1.2726194e+00
   1.0060000e+02  -1.7690280e+01  -9.1272619e+01
   1.0070000e+02  -1.0690280e+01   5.0447381e+01
   1.0080000e+02  -7.7690280e+01  -3.9872619e+01
   1.0090000e+02  -1.0169028e+02  -3.1912619e+01
   1.0100000e+02   3.1309720e+01   2.7673806e+00
   1.0110000e+02   1.2530972e+02   2.0007381e+01
   1.0120000e+02  -7.7690280e+01  -2.8872619e+01
   1.0130000e+02   4.5309720e+01  -6.3792619e+01
   1.0140000e+02  -6.5690280e+01   1.5647381e+01
   1.0150000e+02   9.7309720e+01   5.1273806e+00
   1.0160000e+02   6.9309720e+01   8.5247381e+01
   1.0170000e+02  -9.7690280e+01  -4.3072619e+01
   1.0180000e+02  -1.2869028e+02  -6.9832619e+01
   1.0190000e+02  -2.8690280e+01  -3.0832619e+01
   1.0200000e+02  -1.8690280e+01   2.0767381e+01
   1.0210000e+02   2.8309720e+01  -5.0112619e+01
   1.0220000e+02  -6.6902801e+00  -1.0371262e+02
   1.0230000e+02   4.8309720e+01   3.6087381e+01
   1.0240000e+02   2.4309720e+01   7.2047381e+01
   1.0250000e+02   1.2530972e+02  -1.8992619e+01
   1.0260000e+02  -1.7690280e+01   5.3727381e+01
   1.0270000e+02  -9.6902801e+00  -3.0592619e+01
   1.0280000e+02   1.9309720e+01  -5.0752619e+01
   1.0290000e+02  -3.1690280e+01   1.0287381e+01
   1.0300000e+02  -1.5690280e+01  -3.5261944e-01
   1.0310000e+02  -5.8690280e+01   1.3673806e+00
   1.0320000e+02  -6.3690280e+01  -7.5432619e+01
   1.0330000e+02  -1.6690280e+01  -1.7312619e+01
   1.0340000e+02  -4.6690280e+01  -1.0112619e+01
   1.0350000e+02  -3.8690280e+01  -1.4326194e+00
   1.0360000e+02  -2.5690280e+01   4.1047381e+01
   1.0370000e+02  -6.5690280e+01  -2.2352619e+01
   1.0380000e+02   3.0971993e-01  -3.6992619e+01
   1.0390000e+02  -7.0690280e+01  -2.8152619e+01
   1.0400000e+02  -1.2690280e+01  -4.4472619e+01
   1.0410000e+02  -1.2690280e+01  -3.4472619e+01
   1.0420000e+02  -2.8690280e+01   3.1673806e+00
   1.0430000e+02  -1.6690280e+01  -9.3312619e+01
   1.0440000e+02  -1.6769028e+02  -5.9272619e+01
   1.0450000e+02  -9.2690280e+01  -3.9272619e+01
   1.0460000e+02   5.2309720e+01  -5.0726194e+00
   1.0470000e+02  -1.4369028e+02  -3.6232619e+01
   1.0480000e+02  -1.9690280e+01  -2.3192619e+01
   1.0490000e+02  -3.4690280e+01  -3.4592619e+01
   1.0500000e+02   9.7309720e+01  -4.3872619e+01
   1.0510000e+02  -6.9028007e-01  -1.0095262e+02
   1.0520000e+02   2.6309720e+01  -3.4032619e+01
   1.0530000e+02   6.4309720e+01   4.7447381e+01
   1.0540000e+02  -3.6902801e+00   1.4167381e+01
   1.0550000e+02  -1.1690280e+01  -5.1261944e-01
   1.0560000e+02   1.4930972e+02  -8.8952619e+01
   1.0570000e+02  -7.9690280e+01  -6.4792619e+01
   1.0580000e+02  -1.9690280e+01   1.5807381e+01
   1.0590000e+02  -4.6690280e+01  -2.5112619e+01
   1.0600000e+02   6.0309720e+01   6.0607381e+01
   1.0610000e+02  -8.5690280e+01   1.1447381e+01
   1.0620000e+02  -7.4690280e+01   3.9007381e+01
   1.0630000e+02  -9.6690280e+01  -7.4112619e+01
   1.0640000e+02  -1.6690280e+01  -6.7312619e+01
   1.0650000e+02  -6.9028007e-01  -4.9526194e+00
   1.0660000e+02   7.5309720e+01   7.6007381e+01
   1.0670000e+02  -2.1690280e+01  -4.7112619e+01
   1.0680000e+02  -1.0369028e+02  -5.4832619e+01
   1.0690000e+02  -1.0769028e+02   1.1932738e+02
   1.0700000e+02  -6.2690280e+01  -1.0347262e+02
   1.0710000e+02  -5.4690280e+01   3.1207381e+01
   1.0720000e+02   3.2309720e+01   3.3727381e+01
   1.0730000e+02  -7.1690280e+01   8.8738056e-01
   1.0740000e+02  -5.6690280e+01  -1.6712619e+01
   1.0750000e+02   5.4309720e+01  -4.3152619e+01
   1.0760000e+02   6.2309720e+01  -9.4472619e+01
   1.0770000e+02  -5.8690280e+01  -6.6326194e+00
   1.0780000e+02   5.3097199e+00  -1.9261944e-01
   1.0790000e+02   1.5430972e+02  -1.2215262e+02
   1.0800000e+02   2.3309720e+01   3.0087381e+01
   1.0810000e+02   5.6309720e+01  -1.2423262e+02
   1.0820000e+02  -5.9690280e+01  -4.9592619e+01
   1.0830000e+02  -4.6902801e+00   1.8207381e+01
   1.0840000e+02   4.8309720e+01   6.2087381e+01
   1.0850000e+02  -6.5690280e+01  -4.2352619e+01
   1.0860000e+02  -6.8690280e+01   1.0767381e+01
   1.0870000e+02   1.2330972e+02  -9.1912619e+01
   1.0880000e+02   1.3097199e+00  -6.7032619e+01
   1.0890000e+02   1.3530972e+02  -2.8392619e+01
   1.0900000e+02  -3.7690280e+01   4.7527381e+01
   1.0910000e+02  -3.8690280e+01   3.4567381e+01
   1.0920000e+02  -2.9690280e+01   6.9207381e+01
   1.0930000e+02  -7.4690280e+01   3.2007381e+01
   1.0940000e+02   4.2309720e+01  -6.7672619e+01
   1.0950000e+02   6.3309720e+01   5.4873806e+00
   1.0960000e+02  -9.2690280e+01  -7.4272619e+01
   1.0970000e+02  -8.3690280e+01  -6.3261944e-01
   1.0980000e+02   9.7309720e+01  -6.4872619e+01
   1.0990000e+02   1.0309720e+01  -1.7392619e+01
   1.1000000e+02   1.3130972e+02  -1.8232619e+01
   1.1010000e+02  -1.5690280e+01   7.5647381e+01
   1.1020000e+02  -5.9690280e+01  -7.3592619e+01
   1.1030000e+02  -8.0690280e+01  -2.4752619e+01
   1.1040000e+02  -2.1690280e+01   7.8873806e+00
   1.1050000e+02   2.0309720e+01   2.6207381e+01
   1.1060000e+02   1.0230972e+02   2.8927381e+01
   1.1070000e+02  -1.0269028e+02  -4.6872619e+01
   1.1080000e+02   2.0830972e+02   5.6873806e+00
   1.1090000e+02   7.9309720e+01  -5.4152619e+01
   1.1100000e+02  -1.2690280e+01   4.4527381e+01
   1.1110000e+02   8.0309720e+01   3.0807381e+01
   1.1120000e+02  -1.0569028e+02  -3.1752619e+01
   1.1130000e+02  -6.6690280e+01   6.6873806e+00
   1.1140000e+02   4.8309720e+01   3.7087381e+01
   1.1150000e+02  -3.4690280e+01  -4.1592619e+01
   1.1160000e+02   6.1309720e+01  -8.0432619e+01
   1.1170000e+02  -3.5690280e+01  -5.6552619e+01
   1.1180000e+02  -5.9690280e+01  -7.9592619e+01
   1.1190000e+02   7.3097199e+00   2.7727381e+01
   1.1200000e+02   1.0309720e+01  -2.5392619e+01
   1.1210000e+02   5.7309720e+01   1.4727381e+01
   1.1220000e+02   1.8309720e+01   2.6287381e+01
   1.1230000e+02   3.4309720e+01   5.6473806e+00
   1.1240000e+02  -3.2690280e+01  -1.3672619e+01
   1.1250000e+02   4.7309720e+01   2.2127381e+01
   1.1260000e+02  -6.9028007e-01   3.4047381e+01
   1.1270000e+02   5.8309720e+01   6.4687381e+01
   1.1280000e+02  -2.6690280e+01  -1.1912619e+01
   1.1290000e+02   6.1309720e+01   6.8567381e+01
   1.1300000e+02   6.7309720e+01  -6.3672619e+01
   1.1310000e+02   6.2309720e+01   9.6527381e+01
   1.1320000e+02   1.2309720e+01   8.5527381e+01
   1.1330000e+02   4.7309720e+01   2.0127381e+01
   1.1340000e+02   2.0309720e+01   2.5207381e+01
   1.1350000e+02   9.1309720e+01   9.3673806e+00
   1.1360000e+02   4.3309720e+01  -8.7126194e+00
   1.1370000e+02  -2.9690280e+01   1.3207381e+01
   1.1380000e+02  -1.5690280e+01   1.6473806e+00
   1.1390000e+02  -9.6902801e+00  -1.5926194e+00
   1.1400000e+02   1.6309720e+01  -3.1632619e+01
   1.1410000e+02   7.3309720e+01   3.3087381e+01
   1.1420000e+02  -8.1690280e+01  -2.0712619e+01
   1.1430000e+02   4.2309720e+01   4.3273806e+00
   1.1440000e+02  -1.2269028e+02   5.3927381e+01
   1.1450000e+02   6.0309720e+01  -1.9392619e+01
   1.1460000e+02   5.9309720e+01  -4.0352619e+01
   1.1470000e+02  -9.3690280e+01  -3.1232619e+01
   1.1480000e+02  -3.5690280e+01  -3.4552619e+01
   1.1490000e+02  -6.9028007e-01  -7.4952619e+01
   1.1500000e+02   9.3097199e+00  -8.5352619e+01
   1.1510000e+02   5.1309720e+01  -4.1032619e+01
   1.1520000e+02   7.7309720e+01  -1.8072619e+01
   1.1530000e+02   2.5309720e+01  -1.1992619e+01
   1.1540000e+02   1.2930972e+02  -6.8152619e+01
   1.1550000e+02   1.1130972e+02   1.4956738e+02
   1.1560000e+02  -8.3690280e+01  -2.6632619e+01
   1.1570000e+02  -2.1690280e+01  -6.8112619e+01
   1.1580000e+02   3.3309720e+01  -1.4312619e+01
   1.1590000e+02  -2.8690280e+01  -2.0832619e+01
   1.1600000e+02  -1.1690280e+01   4.3487381e+01
   1.1610000e+02  -2.1690280e+01   6.5887381e+01
   1.1620000e+02  -4.7690280e+01   4.3927381e+01
   1.1630000e+02  -5.0690280e+01  -7.3952619e+01
   1.1640000e+02   2.6309720e+01   9.3967381e+01
   1.1650000e+02  -8.5690280e+01  -4.0552619e+01
   1.1660000e+02  -1.6902801e+00   2.3087381e+01
   1.1670000e+02   5.3097199e+00  -7.6192619e+01
   1.1680000e+02  -8.7690280e+01  -3.0472619e+01
   1.1690000e+02   7.1309720e+01   1.0316738e+02
   1.1700000e+02  -2.8690280e+01   7.1673806e+00
   1.1710000e+02   6.9309720e+01  -5.9752619e+01
   1.1720000e+02   2.1309720e+01   5.3167381e+01
   1.1730000e+02  -5.7690280e+01  -2.7672619e+01
   1.1740000e+02  -6.6902801e+00   5.2873806e+00
   1.1750000e+02  -7.8690280e+01  -1.0832619e+01
   1.1760000e+02  -2.9690280e+01  -3.7792619e+01
   1.1770000e+02  -2.9690280e+01  -7.2792619e+01
   1.1780000e+02  -1.0769028e+02  -6.6672619e+01
   1.1790000e+02   1.2309720e+01  -3.0472619e+01
   1.1800000e+02   9.3097199e+00  -5.7352619e+01
   1.1810000e+02   4.3097199e+00  -3.4152619e+01
   1.1820000e+02   4.0309720e+01   1.4407381e+01
   1.1830000e+02  -6.6690280e+01  -2.2312619e+01
   1.1840000e+02  -5.8690280e+01   2.9367381e+01
   1.1850000e+02  -6.7690280e+01  -1.3272619e+01
   1.1860000e+02  -1.0269028e+02  -9.2872619e+01
   1.1870000e+02  -3.3690280e+01   1.0336738e+02
   1.1880000e+02   6.6309720e+01  -4.3632619e+01
   1.1890000e+02  -1.1690280e+01   3.2487381e+01
   1.1900000e+02  -1.1469028e+02  -5.8392619e+01
   1.1910000e+02   1.3730972e+02  -3.5472619e+01
   1.1920000e+02   3.8309720e+01  -2.7512619e+01
   1.1930000e+02   3.5309720e+01   3.6607381e+01
   1.1940000e+02  -1.5690280e+01  -1.1035262e+02
   1.1950000e+02  -1.1369028e+02  -2.7432619e+01
   1.1960000e+02   2.3309720e+01   8.8087381e+01
   1.1970000e+02   4.2309720e+01  -6.6726194e+00
   1.1980000e+02  -6.9690280e+01   3.3807381e+01
   1.1990000e+02   4.3309720e+01  -1.1471262e+02
   1.2000000e+02  -9.4690280e+01  -9.1926194e+00
   1.2010000e+02   4.3097199e+00   6.5847381e+01
   1.2020000e+02  -3.7690280e+01  -1.5472619e+01
   1.2030000e+02  -1.0469028e+02  -6.8792619e+01
   1.2040000e+02  -1.0569028e+02  -7.8752619e+01
   1.2050000e+02  -2.9690280e+01  -6.1792619e+01
   1.2060000e+02  -1.7690280e+01   4.4727381e+01
   1.2070000e+02  -4.0690280e+01   2.6473806e+00
   1.2080000e+02   1.8309720e+01   1.3287381e+01
   1.2090000e+02   6.1309720e+01   6.1567381e+01
   1.2100000e+02  -9.6902801e+00  -1.4592619e+01
   1.2110000e+02   3.3309720e+01  -5.4312619e+01
   1.2120000e+02  -5.1690280e+01   6.4087381e+01
   1.2130000e+02   6.3097199e+00   2.2767381e+01
   1.2140000e+02   3.3097199e+00  -2.4112619e+01
   1.2150000e+02  -1.6690280e+01  -2.4312619e+01
   1.2160000e+02   1.7309720e+01   2.3327381e+01
   1.2170000e+02  -1.0969028e+02  -4.6592619e+01
   1.2180000e+02   1.1230972e+02   4.8527381e+01
   1.2190000e+02  -2.1690280e+01  -6.8112619e+01
   1.2200000e+02  -8.8690280e+01   3.5567381e+01
   1.2210000e+02  -3.6690280e+01  -6.5512619e+01
   1.2220000e+02   6.5309720e+01  -5.4592619e+01
   1.2230000e+02  -4.5690280e+01  -9.0152619e+01
   1.2240000e+02  -7.8690280e+01  -4.9832619e+01
   1.2250000e+02   2.3309720e+01  -7.5912619e+01
   1.2260000e+02  -3.7690280e+01   4.5273806e+00
   1.2270000e+02  -6.1690280e+01   1.4487381e+01
   1.2280000e+02  -1.0269028e+02  -9.0872619e+01
   1.2290000e+02  -5.8690280e+01  -3.3632619e+01
   1.2300000e+02  -1.8690280e+01  -2.2232619e+01
   1.2310000e+02   3.2309720e+01  -3.2726194e+00
   1.2320000e+02   4.2309720e+01  -6.3672619e+01
   1.2330000e+02  -1.4069028e+02  -7.3352619e+01
   1.2340000e+02  -8.6902801e+00   4.4367381e+01
   1.2350000e+02   4.8309720e+01   4.7087381e+01
   1.2360000e+02   1.1309720e+01  -1.2432619e+01
   1.2370000e+02  -1.1690280e+01  -5.3512619e+01
   1.2380000e+02   2.3097199e+00  -4.7072619e+01
   1.2390000e+02  -2.7690280e+01  -1.7872619e+01
   1.2400000e+02   1.4230972e+02  -1.0672619e+01
   1.2410000e+02  -4.0690280e+01  -7.0352619e+01
   1.2420000e+02  -6.9028007e-01   3.0473806e+00
   1.2430000e+02  -3.5690280e+01  -2.8552619e+01
   1.2440000e+02   3.0971993e-01  -5.3992619e+01
   1.2450000e+02   4.3097199e+00  -3.9152619e+01
   1.2460000e+02   4.6309720e+01   7.7167381e+01
   1.2470000e+02  -7.0690280e+01   3.7847381e+01
   1.2480000e+02  -3.6902801e+00  -8.5832619e+01
   1.2490000e+02   6.1309720e+01   3.5673806e+00
   1.2500000e+02  -1.1690280e+01  -5.5512619e+01
   1.2510000e+02  -4.6902801e+00  -4.3792619e+01
   1.2520000e+02  -5.5690280e+01  -5.2752619e+01
   1.2530000e+02  -7.4690280e+01   2.6007381e+01
   1.2540000e+02   3.8309720e+01   9.0487381e+01
   1.2550000e+02  -3.9690280e+01   1.6073806e+00
   1.2560000e+02  -1.0169028e+02   1.8087381e+01
   1.2570000e+02  -6.0690280e+01  -1.0655262e+02
   1.2580000e+02  -3.0690280e+01  -5.8752619e+01
   1.2590000e+02  -2.7690280e+01  -8.5872619e+01
   1.2600000e+02  -7.6690280e+01   2.0873806e+00
   1.2610000e+02  -4.8690280e+01  -4.5032619e+01
   1.2620000e+02   5.1309720e+01   7.6967381e+01
   1.2630000e+02   4.6309720e+01  -6.8326194e+00
   1.2640000e+02  -5.4690280e+01  -6.3792619e+01
   1.2650000e+02  -9.9690280e+01   6.3007381e+01
   1.2660000e+02   3.0971993e-01  -6.2992619e+01
   1.2670000e+02   1.7230972e+02  -3.8872619e+01
   1.2680000e+02   1.3630972e+02  -5.1432619e+01
   1.2690000e+02  -5.6690280e+01   5.0287381e+01
   1.2700000e+02  -4.6902801e+00   2.0738056e-01
   1.2710000e+02  -1.6690280e+01  -5.2312619e+01
   1.2720000e+02   1.1309720e+01  -1.0743262e+02
   1.2730000e+02   1.8130972e+02  -2.3261944e-01
   1.2740000e+02  -3.0690280e+01   1.0247381e+01
   1.2750000e+02   1.0730972e+02  -1.0272619e+01
   1.2760000e+02  -1.7690280e+01   3.4727381e+01
   1.2770000e+02  -1.3069028e+02   6.3247381e+01
   1.2780000e+02  -2.8690280e+01   7.2167381e+01
   1.2790000e+02  -6.9028007e-01  -1.7952619e+01
   1.2800000e+02   4.8309720e+01  -6.1912619e+01
   1.2810000e+02  -7.6902801e+00  -1.9672619e+01
   1.2820000e+02   5.3309720e+01  -8.9112619e+01
   1.2830000e+02  -1.4690280e+01  -4.3926194e+00
   1.2840000e+02   6.7309720e+01   1.1732738e+02
   1.2850000e+02   1.0530972e+02  -8.1192619e+01
   1.2860000e+02   1.1630972e+02  -2.8632619e+01
   1.2870000e+02  -3.6902801e+00   2.2167381e+01
   1.2880000e+02  -8.3690280e+01  -1.0263262e+02
   1.2890000e+02   9.3309720e+01   2.2873806e+00
   1.2900000e+02   5.0309720e+01   2.9007381e+01
   1.2910000e+02  -1.6690280e+01   4.6687381e+01
   1.2920000e+02   1.0830972e+02   9.6873806e+00
   1.2930000e+02   6.5309720e+01   7.2407381e+01
   1.2940000e+02   1.1630972e+02   1.2536738e+02
   1.2950000e+02   1.5309720e+01   6.7407381e+01
   1.2960000e+02  -9.5690280e+01  -6.3152619e+01
   1.2970000e+02  -1.1869028e+02  -7.6232619e+01
   1.2980000e+02  -6.9690280e+01  -6.5192619e+01
   1.2990000e+02   9.0309720e+01  -4.7592619e+01
   1.3000000e+02  -7.6690280e+01  -2.8912619e+01
   1.3010000e+02   2.4309720e+01  -1.5952619e+01
   1.3020000e+02   3.1309720e+01  -2.2326194e+00
   1.3030000e+02  -4.0690280e+01   3.8647381e+01
   1.3040000e+02  -5.1690280e+01   2.2087381e+01
   1.3050000e+02  -2.2690280e+01   3.6927381e+01
   1.3060000e+02  -7.6902801e+00  -1.2672619e+01
   1.3070000e+02   1.7230972e+02  -6.0872619e+01
   1.3080000e+02   1.9309720e+01   3.8247381e+01
   1.3090000e+02  -6.1690280e+01   6.9487381e+01
   1.3100000e+02  -2.5690280e+01  -1.6952619e+01
   1.3110000e+02  -8.2690280e+01  -4.7672619e+01
   1.3120000e+02  -3.5690280e+01  -4.3552619e+01
   1.3130000e+02  -5.7690280e+01   7.3273806e+00
   1.3140000e+02  -1.3690280e+01   3.5673806e+00
   1.3150000e+02   4.1309720e+01   2.2367381e+01
   1.3160000e+02   2.8309720e+01  -1.8112619e+01
   1.3170000e+02   4.9309720e+01  -7.4952619e+01
   1.3180000e+02  -6.0690280e+01  -7.5552619e+01
   1.3190000e+02  -5.6690280e+01   9.2873806e+00
   1.3200000e+02  -2.2690280e+01  -1.9072619e+01
   1.3210000e+02   6.9309720e+01  -1.9752619e+01
   1.3220000e+02  -8.7690280e+01   6.9527381e+01
   1.3230000e+02  -1.6902801e+00  -4.4912619e+01
   1.3240000e+02   3.0309720e+01  -2.0192619e+01
   1.3250000e+02   3.8309720e+01   9.4873806e+00
   1.3260000e+02   6.8309720e+01  -5.5712619e+01
   1.3270000e+02  -7.7690280e+01  -1.4872619e+01
   1.3280000e+02   9.3097199e+00   1.1064738e+02
   1.3290000e+02   1.4430972e+02  -5.0752619e+01
   1.3300000e+02   1.6309720e+01  -6.6326194e+00
   1.3310000e+02   1.3030972e+02  -9.4192619e+01
   1.3320000e+02   2.2309720e+01  -1.3872619e+01
   1.3330000e+02   1.5309720e+01  -5.2592619e+01
   1.3340000e+02   9.6309720e+01  -6.8326194e+00
   1.3350000e+02  -6.9690280e+01  -5.5192619e+01
   1.3360000e+02   1.1130972e+02   4.2567381e+01
   1.3370000e+02  -4.8690280e+01   1.2096738e+02
   1.3380000e+02  -1.6690280e+01   5.5687381e+01
   1.3390000e+02  -6.9690280e+01  -1.4192619e+01
   1.3400000e+02   4.7309720e+01  -7.8726194e+00
   1.3410000e+02   6.3097199e+00  -4.2232619e+01
   1.3420000e+02  -1.6902801e+00  -2.5912619e+01
   1.3430000e+02  -1.6690280e+01  -1.1312619e+01
   1.3440000e+02   3.7309720e+01  -8.0472619e+01
   1.3450000e+02  -4.7690280e+01   5.0927381e+01
   1.3460000e+02   5.8309720e+01  -2.4312619e+01
   1.3470000e+02  -4.9690280e+01  -2.4992619e+01
   1.3480000e+02  -1.4690280e+01   6.9607381e+01
   1.3490000e+02   2.2309720e+01  -7.4872619e+01
   1.3500000e+02  -1.4469028e+02  -5.1926194e+00
   1.3510000e+02  -6.8690280e+01  -4.9232619e+01
   1.3520000e+02   3.4309720e+01  -4.1352619e+01
   1.3530000e+02  -5.0690280e+01   3.0473806e+00
   1.3540000e+02  -5.7690280e+01  -8.7672619e+01
   1.3550000e+02  -1.6902801e+00  -2.7912619e+01
   1.3560000e+02  -4.9690280e+01  -1.0599262e+02
   1.3570000e+02   4.9309720e+01  -3.7952619e+01
   1.3580000e+02  -7.5690280e+01   8.3047381e+01
   1.3590000e+02   2.1309720e+01  -3.2832619e+01
   1.3600000e+02  -4.9690280e+01  -5.8992619e+01
   1.3610000e+02  -1.6690280e+01  -7.4312619e+01
   1.3620000e+02   1.3097199e+00   1.9967381e+01
   1.3630000e+02  -1.3069028e+02  -3.6752619e+01
   1.3640000e+02   4.3309720e+01   5.7287381e+01
   1.3650000e+02  -4.7690280e+01   1.1927381e+01
   1.3660000e+02   1.0309720e+01  -4.9392619e+01
   1.3670000e+02  -7.3690280e+01   7.2967381e+01
   1.3680000e+02  -5.4690280e+01  -8.0792619e+01
   1.3690000e+02  -3.5690280e+01  -7.0552619e+01
   1.3700000e+02   8.3309720e+01   2.6873806e+00
   1.3710000e+02   1.4309720e+01   1.1544738e+02
   1.3720000e+02   1.7309720e+01  -1.3672619e+01
   1.3730000e+02  -6.9028007e-01  -2.9952619e+01
   1.3740000e+02   6.9309720e+01  -1.0752619e+01
   1.3750000e+02  -3.0690280e+01  -2.1752619e+01
   1.3760000e+02   6.1309720e+01   1.2567381e+01
   1.3770000e+02  -4.8690280e+01  -1.2032619e+01
   1.3780000e+02  -1.7869028e+02   1.0167381e+01
   1.3790000e+02  -3.1690280e+01  -6.7126194e+00
   1.3800000e+02   4.8309720e+01  -7.9126194e+00
   1.3810000e+02  -1.3690280e+01  -2.4432619e+01
   1.3820000e+02   2.0230972e+02  -4.1072619e+01
   1.3830000e+02  -4.9690280e+01   1.3007381e+01
   1.3840000e+02  -3.4690280e+01   1.4940738e+02
   1.3850000e+02  -6.9028007e-01   2.0473806e+00
   1.3860000e+02   4.2309720e+01  -3.2672619e+01
   1.3870000e+02   1.6309720e+01   1.4367381e+01
   1.3880000e+02  -3.6902801e+00   4.1167381e+01
   1.3890000e+02  -9.6902801e+00  -3.7592619e+01
   1.3900000e+02  -5.6690280e+01   5.0287381e+01
   1.3910000e+02  -1.9690280e+01   6.8073806e+00
   1.3920000e+02  -6.4690280e+01   5.8607381e+01
   1.3930000e+02  -5.1690280e+01  -7.3912619e+01
   1.3940000e+02   1.1309720e+01  -5.1432619e+01
   1.3950000e+02  -4.2690280e+01  -2.5272619e+01
   1.3960000e+02  -2.0690280e+01   7.4847381e+01
   1.3970000e+02   4.4309720e+01  -5.4752619e+01
   1.3980000e+02   6.2309720e+01  -1.2472619e+01
   1.3990000e+02  -4.2690280e+01   9.5727381e+01
   1.4000000e+02  -3.1690280e+01  -1.6712619e+01
   1.4010000e+02   2.3309720e+01   5.1087381e+01
   1.4020000e+02   1.6830972e+02  -4.6712619e+01
   1.4030000e+02   8.5309720e+01  -4.3926194e+00
   1.4040000e+02  -2.6690280e+01   5.1087381e+01
   1.4050000e+02  -8.0690280e+01   5.9247381e+01
   1.4060000e+02   2.3097199e+00  -2.3072619e+01
   1.4070000e+02  -7.8690280e+01  -1.1832619e+01
   1.4080000e+02   4.3309720e+01  -2.7712619e+01
   1.4090000e+02   1.0830972e+02   9.4687381e+01
   1.4100000e+02   2.7309720e+01   2.4927381e+01
   1.4110000e+02  -8.6902801e+00  -5.1632619e+01
   1.4120000e+02   1.0309720e+01   5.6607381e+01
   1.4130000e+02   2.3097199e+00   8.2927381e+01
   1.4140000e+02   5.7309720e+01   1.4727381e+01
   1.4150000e+02   9.4309720e+01   2.4247381e+01
   1.4160000e+02  -5.5690280e+01  -2.2752619e+01
   1.4170000e+02  -1.6902801e+00  -3.1912619e+01
   1.4180000e+02  -3.8690280e+01   5.9567381e+01
   1.4190000e+02  -5.9690280e+01   2.3340738e+02
   1.4200000e+02   9.3097199e+00   5.6473806e+00
   1.4210000e+02  -5.9690280e+01  -1.5592619e+01
   1.4220000e+02   1.1030972e+02  -4.2392619e+01
   1.4230000e+02   2.2309720e+01  -5.9872619e+01
   1.4240000e+02   4.8309720e+01  -9.9126194e+00
   1.4250000e+02  -1.8690280e+01   1.7673806e+00
   1.4260000e+02   1.1309720e+01  -6.2432619e+01
   1.4270000e+02  -1.2169028e+02  -1.1126194e+00
   1.4280000e+02  -7.8690280e+01  -9.8326194e+00
   1.4290000e+02  -3.4690280e+01  -1.5926194e+00
   1.4300000e+02   7.0309720e+01  -5.5792619e+01
   1.4310000e+02   9.3097199e+00   4.0647381e+01
   1.4320000e+02  -3.9690280e+01  -6.1392619e+01
   1.4330000e+02  -1.8690280e+01   2.3767381e+01
   1.4340000e+02  -1.1269028e+02  -1.8472619e+01
   1.4350000e+02  -3.4690280e+01  -3.2592619e+01
   1.4360000e+02  -4.6902801e+00  -1.6792619e+01
   1.4370000e+02  -1.3069028e+02   6.2473806e+00
   1.4380000e+02  -6.9028007e-01  -7.9526194e+00
   1.4390000e+02   6.3097199e+00  -2.2326194e+00
   1.4400000e+02  -1.9690280e+01  -6.8192619e+01
   1.4410000e+02   1.0830972e+02  -5.5312619e+01
   1.4420000e+02   3.3097199e+00  -1.8112619e+01
   1.4430000e+02   2.5309720e+01  -5.9992619e+01
   1.4440000e+02  -2.1690280e+01   4.8873806e+00
   1.4450000e+02  -6.5690280e+01  -3.6352619e+01
   1.4460000e+02  -2.4690280e+01   1.4007381e+01
   1.4470000e+02  -3.0690280e+01  -1.9752619e+01
   1.4480000e+02  -1.2569028e+02  -2.8952619e+01
   1.4490000e+02  -8.1690280e+01   4.3287381e+01
   1.4500000e+02   4.4309720e+01  -3.0752619e+01
   1.4510000e+02  -1.7690280e+01  -2.2726194e+00
   1.4520000e+02  -1.6569028e+02   2.7647381e+01
   1.4530000e+02  -8.6690280e+01  -1.9512619e+01
   1.4540000e+02   9.2309720e+01  -2.5672619e+01
   1.4550000e+02  -3.6690280e+01  -2.2512619e+01
   1.4560000e+02  -8.6690280e+01   3.8487381e+01
   1.4570000e+02  -5.8690280e+01  -3.4632619e+01
   1.4580000e+02  -4.0690280e+01  -4.3526194e+00
   1.4590000e+02   3.6309720e+01  -2.1432619e+01
   1.4600000e+02   3.9309720e+01   5.4473806e+00
   1.4610000e+02   2.5309720e+01   1.4300738e+02
   1.4620000e+02   7.1309720e+01   9.1673806e+00
   1.4630000e+02  -6.6902801e+00  -3.9712619e+01
   1.4640000e+02   1.1630972e+02  -3.5632619e+01
   1.4650000e+02  -5.6902801e+00   3.6247381e+01
   1.4660000e+02  -1.6690280e+01   4.2687381e+01
   1.4670000e+02   3.8309720e+01  -1.7512619e+01
   1.4680000e+02  -2.9690280e+01   1.6207381e+01
   1.4690000e+02  -4.4690280e+01  -6.5192619e+01
   1.4700000e+02   3.0309720e+01  -8.1926194e+00
   1.4710000e+02   1.6309720e+01   4.3673806e+00
   1.4720000e+02  -4.9690280e+01  -1.2992619e+01
   1.4730000e+02  -8.7690280e+01  -3.1472619e+01
   1.4740000e+02   1.2309720e+01  -3.3472619e+01
   1.4750000e+02  -9.4690280e+01   3.3807381e+01
   1.4760000e+02   1.2330972e+02  -3.4912619e+01
   1.4770000e+02  -1.5690280e+01   1.0647381e+01
   1.4780000e+02  -6.4690280e+01   4.6073806e+00
   1.4790000e+02   2.8309720e+01   3.4887381e+01
   1.4800000e+02   4.1309720e+01   3.3673806e+00
   1.4810000e+02   1.0130972e+02  -4.0032619e+01
   1.4820000e+02  -5.6690280e+01   2.9287381e+01
   1.4830000e+02  -2.1690280e+01   6.2887381e+01
   1.4840000e+02   9.5309720e+01  -7.4792619e+01
   1.4850000e+02  -1.1269028e+02   5.5527381e+01
   1.4860000e+02  -1.6690280e+01  -2.0312619e+01
   1.4870000e+02  -8.2690280e+01  -4.6672619e+01
   1.4880000e+02   5.5309720e+01   4.5807381e+01
   1.4890000e+02   4.1309720e+01   1.2367381e+01
   1.4900000e+02  -4.4690280e+01   3.8073806e+00
   1.4910000e+02   6.6309720e+01  -9.8632619e+01
   1.4920000e+02  -1.6690280e+01  -3.1312619e+01
   1.4930000e+02  -4.4690280e+01   6.5807381e+01
   1.4940000e+02  -7.7690280e+01   6.8127381e+01
   1.4950000e+02   2.0309720e+01  -1.7792619e+01
   1.4960000e+02   6.9309720e+01  -1.7526194e+00
   1.4970000e+02  -1.1469028e+02   1.0560738e+02
   1.4980000e+02  -1.5690280e+01  -2.6352619e+01
   1.4990000e+02   3.1309720e+01  -5.2326194e+00
   1.5000000e+02  -3.6902801e+00  -3.9832619e+01
   1.5010000e+02  -6.6690280e+01   1.1687381e+01
   1.5020000e+02   1.2930972e+02   5.8473806e+00
   1.5030000e+02  -1.3690280e+01   8.1567381e+01
   1.5040000e+02   9.4309720e+01   1.3247381e+01
   1.5050000e+02  -6.1690280e+01   8.1487381e+01
   1.5060000e+02  -5.0690280e+01   3.1047381e+01
   1.5070000e+02   1.0030972e+02  -5.7992619e+01
   1.5080000e+02   2.0330972e+02  -6.5112619e+01
   1.5090000e+02  -5.2690280e+01   1.0127381e+01
   1.5100000e+02   3.2309720e+01   1.0727381e+01
   1.5110000e+02  -2.7690280e+01  -1.5872619e+01
   1.5120000e+02  -5.5690280e+01  -5.8752619e+01
   1.5130000e+02   2.3309720e+01   5.3087381e+01
   1.5140000e+02   6.4309720e+01   6.2447381e+01
   1.5150000e+02   6.3309720e+01   5.0487381e+01
   1.5160000e+02   1.0830972e+02  -4.3312619e+01
   1.5170000e+02   8.2309720e+01  -7.6272619e+01
   1.5180000e+02   1.3730972e+02  -2.0472619e+01
   1.5190000e+02   6.2309720e+01  -1.4726194e+00
   1.5200000e+02   7.7309720e+01  -3.7072619e+01
   1.5210000e+02  -6.9690280e+01  -4.2192619e+01
   1.5220000e+02   2.8309720e+01  -1.4112619e+01
   1.5230000e+02   4.6309720e+01   1.9167381e+01
   1.5240000e+02  -1.2690280e+01  -4.6472619e+01
   1.5250000e+02  -3.6690280e+01  -4.5126194e+00
   1.5260000e+02  -2.6690280e+01  -3.9126194e+00
   1.5270000e+02  -1.9690280e+01   4.6807381e+01
   1.5280000e+02   1.1630972e+02   7.8367381e+01
   1.5290000e+02  -9.2690280e+01  -2.9272619e+01
   1.5300000e+02  -3.5690280e+01   3.2447381e+01
   1.5310000e+02  -3.1690280e+01  -2.2712619e+01
   1.5320000e+02  -2.5690280e+01   1.1604738e+02
   1.5330000e+02  -3.3690280e+01   1.7367381e+01
   1.5340000e+02  -2.5690280e+01  -1.0952619e+01
   1.5350000e+02   7.3097199e+00  -4.2272619e+01
   1.5360000e+02  -3.6690280e+01   1.8487381e+01
   1.5370000e+02  -1.6902801e+00   2.1087381e+01
   1.5380000e+02   4.8309720e+01   5.5087381e+01
   1.5390000e+02   2.9309720e+01  -3.5152619e+01
   1.5400000e+02  -9.8690280e+01   2.5967381e+01
   1.5410000e+02   9.3097199e+00  -1.2352619e+01
   1.5420000e+02  -5.5690280e+01  -4.5752619e+01
   1.5430000e+02  -9.1690280e+01   1.6687381e+01
   1.5440000e+02   5.6309720e+01  -2.8232619e+01
   1.5450000e+02  -8.0690280e+01   1.1224738e+02
   1.5460000e+02   4.7309720e+01  -4.7872619e+01
   1.5470000e+02  -1.0669028e+02  -2.3712619e+01
   1.5480000e+02  -1.1669028e+02  -4.6312619e+01
   1.5490000e+02   1.2309720e+01  -1.5472619e+01
   1.5500000e+02   4.3309720e+01   2.7287381e+01
   1.5510000e+02  -2.1690280e+01  -2.5112619e+01
   1.5520000e+02   1.4030972e+02   6.8407381e+01
   1.5530000e+02   1.6309720e+01  -2.5632619e+01
   1.5540000e+02  -3.4690280e+01   2.4073806e+00
   1.5550000e+02  -3.9690280e+01  -3.9261944e-01
   1.5560000e+02   6.7309720e+01   4.5327381e+01
   1.5570000e+02   4.4309720e+01  -1.4752619e+01
   1.5580000e+02   6.5309720e+01   5.3407381e+01
   1.5590000e+02  -1.1569028e+02   3.5647381e+01
   1.5600000e+02  -6.2690280e+01   3.3527381e+01
   1.5610000e+02   1.4309720e+01   2.4447381e+01
   1.5620000e+02  -2.6902801e+00   3.9127381e+01
   1.5630000e+02   2.3097199e+00  -4.0072619e+01
   1.5640000e+02   2.0309720e+01  -2.6792619e+01
   1.5650000e+02  -5.5690280e+01   9.9247381e+01
   1.5660000e+02  -1.3690280e+01  -4.4432619e+01
   1.5670000e+02   1.8309720e+01   3.2873806e+00
   1.5680000e+02  -2.6902801e+00  -6.5872619e+01
   1.5690000e+02  -1.4690280e+01  -3.2392619e+01
   1.5700000e+02  -4.5690280e+01  -2.9152619e+01
   1.5710000e+02   7.9309720e+01  -5.4152619e+01
   1.5720000e+02  -8.5690280e+01  -3.3552619e+01
   1.5730000e+02   2.9309720e+01  -2.8152619e+01
   1.5740000e+02   1.2330972e+02   3.0873806e+00
   1.5750000e+02   1.0930972e+02   3.7647381e+01
   1.5760000e+02   8.0309720e+01  -6.7192619e+01
   1.5770000e+02  -1.0069028e+02  -1.6952619e+01
   1.5780000e+02  -4.5690280e+01  -8.6152619e+01
   1.5790000e+02   8.5309720e+01   3.4607381e+01
   1.5800000e+02  -9.5690280e+01   2.4847381e+01
   1.5810000e+02  -6.6690280e+01   9.4687381e+01
   1.5820000e+02   1.5309720e+01  -3.3592619e+01
   1.5830000e+02   1.7309720e+01   2.8327381e+01
   1.5840000e+02  -7.6690280e+01  -2.5912619e+01
   1.5850000e+02   1.1730972e+02   3.2738056e-01
   1.5860000e+02  -7.8690280e+01  -3.7832619e+01
   1.5870000e+02  -1.8690280e+01   1.1276738e+02
   1.5880000e+02   1.1309720e+01   5.6738056e-01
   1.5890000e+02  -5.5690280e+01  -6.7526194e+00
   1.5900000e+02   8.3097199e+00  -5.9312619e+01
   1.5910000e+02  -4.9690280e+01   5.7007381e+01
   1.5920000e+02  -4.9690280e+01   1.9007381e+01
   1.5930000e+02   5.0309720e+01  -1.8992619e+01
   1.5940000e+02  -4.6902801e+00   1.6207381e+01
   1.5950000e+02  -2.3690280e+01   8.6967381e+01
   1.5960000e+02  -2.7690280e+01  -1.0872619e+01
   1.5970000e+02  -1.9690280e+01  -6.0192619e+01
   1.5980000e+02  -5.7690280e+01  -3.9672619e+01
   1.5990000e+02  -4.8690280e+01  -1.0326194e+00
   1.6000000e+02   5.0309720e+01   5.0073806e+00
   1.6010000e+02  -4.6690280e+01   1.1887381e+01
   1.6020000e+02  -5.0690280e+01  -5.9952619e+01
   1.6030000e+02   6.3309720e+01   4.8487381e+01
   1.6040000e+02   2.3097199e+00   5.0927381e+01
   1.6050000e+02   4.4309720e+01   2.2473806e+00
   1.6060000e+02   3.2309720e+01  -4.3272619e+01
   1.6070000e+02   3.3309720e+01  -5.6312619e+01
   1.6080000e+02  -4.7690280e+01  -2.0726194e+00
   1.6090000e+02   6.2309720e+01   6.9527381e+01
   1.6100000e+02   7.0309720e+01  -6.2792619e+01
   1.6110000e+02   3.0309720e+01   2.4807381e+01
   1.6120000e+02   3.5309720e+01  -2.8392619e+01
   1.6130000e+02  -1.3690280e+01  -5.3432619e+01
   1.6140000e+02   1.6309720e+01  -3.1632619e+01
   1.6150000e+02  -2.0690280e+01  -1.6152619e+01
   1.6160000e+02   3.9309720e+01   4.4473806e+00
   1.6170000e+02   9.6309720e+01   1.1716738e+02
   1.6180000e+02   9.5309720e+01  -2.7792619e+01
   1.6190000e+02   6.5309720e+01   5.5407381e+01
   1.6200000e+02   3.3309720e+01  -6.0312619e+01
   1.6210000e+02  -1.2269028e+02   6.1927381e+01
   1.6220000e+02  -2.6902801e+00  -6.7872619e+01
   1.6230000e+02  -1.6690280e+01   3.7687381e+01
   1.6240000e+02  -1.0269028e+02  -2.0872619e+01
   1.6250000e+02  -6.4690280e+01  -2.3926194e+00
   1.6260000e+02   9.5309720e+01   5.1207381e+01
   1.6270000e+02  -1.9690280e+01  -4.1926194e+00
   1.6280000e+02  -6.1690280e+01  -3.2512619e+01
   1.6290000e+02  -8.2690280e+01   1.9327381e+01
   1.6300000e+02   1.3530972e+02   2.4607381e+01
   1.6310000e+02  -5.6902801e+00   5.2473806e+00
   1.6320000e+02  -1.9690280e+01   2.0807381e+01
   1.6330000e+02  -6.2690280e+01   3.8527381e+01
   1.6340000e+02  -5.4690280e+01  -2.3792619e+01
   1.6350000e+02  -7.1690280e+01  -4.5112619e+01
   1.6360000e+02  -5.4690280e+01  -2.1792619e+01
   1.6370000e+02  -6.1690280e+01   9.5487381e+01
   1.6380000e+02  -3.0690280e+01   3.0247381e+01
   1.6390000e+02  -9.8690280e+01   3.0967381e+01
   1.6400000e+02  -1.5669028e+02   3.9287381e+01
   1.6410000e+02   1.0530972e+02  -5.1926194e+00
   1.6420000e+02  -5.7690280e+01  -4.7672619e+01
   1.6430000e+02  -3.1690280e+01  -5.3712619e+01
   1.6440000e+02  -4.5690280e+01   8.4738056e-01
   1.6450000e+02  -3.5690280e+01  -2.2552619e+01
   1.6460000e+02  -7.6902801e+00  -3.7672619e+01
   1.6470000e+02   2.2309720e+01  -6.0872619e+01
   1.6480000e+02   4.5309720e+01  -3.5792619e+01
   1.6490000e+02  -1.0369028e+02  -2.2832619e+01
   1.6500000e+02  -1.2969028e+02   2.2073806e+00
   1.6510000e+02   1.2030972e+02  -1.8792619e+01
   1.6520000e+02  -7.0690280e+01   9.0847381e+01
   1.6530000e+02   6.3097199e+00  -3.9232619e+01
   1.6540000e+02  -2.3690280e+01  -7.0326194e+00
   1.6550000e+02  -5.1690280e+01   7.7087381e+01
   1.6560000e+02  -3.7690280e+01  -1.4726194e+00
   1.6570000e+02   7.5309720e+01   2.0073806e+00
   1.6580000e+02   2.3097199e+00  -2.0072619e+01
   1.6590000e+02  -1.7690280e+01   3.0727381e+01
   1.6600000e+02  -6.8690280e+01  -3.4232619e+01
   1.6610000e+02   2.6309720e+01  -2.1032619e+01
   1.6620000e+02  -1.2690280e+01  -2.8472619e+01
   1.6630000e+02   6.7309720e+01   3.3327381e+01
   1.6640000e+02  -7.6690280e+01  -4.4912619e+01
   1.6650000e+02   1.3097199e+00   1.0967381e+01
   1.6660000e+02   1.3030972e+02   2.2807381e+01
   1.6670000e+02  -1.2690280e+01  -4.7472619e+01
   1.6680000e+02  -6.6690280e+01   3.7687381e+01
   1.6690000e+02   9.1309720e+01  -1.3632619e+01
   1.6700000e+02  -7.7690280e+01  -2.4872619e+01
   1.6710000e+02   4.3097199e+00  -2.6152619e+01
   1.6720000e+02  -5.0690280e+01  -2.9952619e+01
   1.6730000e+02   3.0309720e+01   8.8073806e+00
   1.6740000e+02   1.1309720e+01   4.0567381e+01
   1.6750000e+02  -1.6902801e+00  -8.4912619e+01
   1.6760000e+02  -2.8690280e+01   9.6167381e+01
   1.6770000e+02  -9.6902801e+00   4.3407381e+01
   1.6780000e+02  -8.9690280e+01  -6.6392619e+01
   1.6790000e+02   2.3309720e+01   9.0873806e+00
   1.6800000e+02  -9.6902801e+00  -1.2592619e+01
   1.6810000e+02  -5.7690280e+01  -7.6726194e+00
   1.6820000e+02   9.1309720e+01  -3.2632619e+01
   1.6830000e+02  -1.1690280e+01   5.8487381e+01
   1.6840000e+02  -4.1690280e+01   6.3687381e+01
   1.6850000e+02  -2.6902801e+00  -8.0872619e+01
   1.6860000e+02   1.4309720e+01  -3.6552619e+01
   1.6870000e+02  -5.1690280e+01   3.7087381e+01
   1.6880000e+02  -9.2690280e+01   1.7273806e+00
   1.6890000e+02   1.3309720e+01   3.1487381e+01
   1.6900000e+02  -1.4690280e+01   3.3607381e+01
   1.6910000e+02   2.7309720e+01   6.9273806e+00
   1.6920000e+02   4.8309720e+01  -2.8912619e+01
   1.6930000e+02  -2.6902801e+00   1.8127381e+01
   1.6940000e+02  -4.1690280e+01  -1.0331262e+02
   1.6950000e+02   5.1309720e+01  -4.2032619e+01
   1.6960000e+02  -3.0690280e+01  -3.2752619e+01
   1.6970000e+02  -3.2690280e+01   5.3273806e+00
   1.6980000e+02  -8.9690280e+01  -1.6392619e+01
   1.6990000e+02  -4.2690280e+01  -5.8272619e+01
   1.7000000e+02  -6.8690280e+01  -2.2232619e+01
   1.7010000e+02   2.7309720e+01  -1.0726194e+00
   1.7020000e+02  -2.3690280e+01  -6.8032619e+01
   1.7030000e+02  -8.6902801e+00  -4.9632619e+01
   1.7040000e+02   8.6309720e+01  -3.8432619e+01
   1.7050000e+02  -1.1690280e+01  -5.1261944e-01
   1.7060000e+02  -8.7690280e+01  -3.8472619e+01
   1.7070000e+02   3.5309720e+01  -8.1392619e+01
   1.7080000e+02   6.8309720e+01   4.2873806e+00
   1.7090000e+02   3.3097199e+00   4.3887381e+01
   1.7100000e+02   3.4309720e+01  -4.9352619e+01
   1.7110000e+02  -1.1690280e+01   3.1487381e+01
   1.7120000e+02   2.5309720e+01  -7.5992619e+01
   1.7130000e+02   4.2309720e+01   2.2327381e+01
   1.7140000e+02  -1.7690280e+01  -5.2726194e+00
   1.7150000e+02  -3.1690280e+01   5.9287381e+01
   1.7160000e+02  -4.0690280e+01  -4.1352619e+01
   1.7170000e+02  -3.5690280e+01  -7.7552619e+01
   1.7180000e+02   9.6309720e+01  -1.4832619e+01
   1.7190000e+02   1.9309720e+01   4.6247381e+01
   1.7200000e+02  -3.9690280e+01   9.3607381e+01
   1.7210000e+02  -6.6902801e+00  -4.1712619e+01
   1.7220000e+02  -7.4690280e+01  -1.4992619e+01
   1.7230000e+02   1.8309720e+01   2.1287381e+01
   1.7240000e+02  -5.1690280e+01   4.0087381e+01
   1.7250000e+02   3.8309720e+01   1.6487381e+01
   1.7260000e+02  -6.6902801e+00  -3.8712619e+01
   1.7270000e+02   1.5309720e+01  -5.8592619e+01
   1.7280000e+02   2.5309720e+01  -7.3992619e+01
   1.7290000e+02   8.8309720e+01   3.7487381e+01
   1.7300000e+02   4.3097199e+00   7.1847381e+01
   1.7310000e+02   4.3097199e+00   5.8847381e+01
   1.7320000e+02  -1.9690280e+01   1.6380738e+02
   1.7330000e+02   2.2309720e+01   6.1273806e+00
   1.7340000e+02   2.4309720e+01  -4.7952619e+01
   1.7350000e+02  -8.4690280e+01   3.3407381e+01
   1.7360000e+02  -4.1690280e+01   1.2687381e+01
   1.7370000e+02   5.3097199e+00  -1.1192619e+01
   1.7380000e+02  -3.3690280e+01   5.9367381e+01
   1.7390000e+02   1.0330972e+02   3.8873806e+00
   1.7400000e+02  -2.3690280e+01  -5.2032619e+01
   1.7410000e+02   1.8309720e+01   1.0287381e+01
   1.7420000e+02   1.3930972e+02   2.9447381e+01
   1.7430000e+02  -9.6902801e+00  -1.3592619e+01
   1.7440000e+02   3.3309720e+01  -3.1312619e+01
   1.7450000e+02  -5.6690280e+01   2.5287381e+01
   1.7460000e+02   3.9309720e+01   8.7447381e+01
   1.7470000e+02   3.9309720e+01   5.1447381e+01
   1.7480000e+02  -4.4690280e+01  -5.5192619e+01
   1.7490000e+02   9.3097199e+00  -4.5352619e+01
   1.7500000e+02   1.0330972e+02   4.8873806e+00
   1.7510000e+02   1.1930972e+02   1.8247381e+01
   1.7520000e+02   9.8309720e+01  -1.8912619e+01
   1.7530000e+02   1.2230972e+02   3.1127381e+01
   1.7540000e+02   8.8309720e+01   1.4873806e+00
   1.7550000e+02   6.3309720e+01   3.0487381e+01
   1.7560000e+02  -8.6902801e+00  -2.9632619e+01
   1.7570000e+02  -6.2690280e+01  -2.5472619e+01
   1.7580000e+02  -2.6902801e+00   2.3127381e+01
   1.7590000e+02  -1.0269028e+02   4.0127381e+01
   1.7600000e+02   7.5309720e+01   2.8007381e+01
   1.7610000e+02   1.6130972e+02  -6.4326194e+00
   1.7620000e+02   1.8309720e+01   1.6728738e+02
   1.7630000e+02  -6.8690280e+01   1.6767381e+01
   1.7640000e+02   6.4309720e+01   8.4447381e+01
   1.7650000e+02   6.4309720e+01   5.4473806e+00
   1.7660000e+02  -7.7690280e+01  -3.3872619e+01
   1.7670000e+02   5.2309720e+01  -2.1072619e+01
   1.7680000e+02   1.3930972e+02   2.1447381e+01
   1.7690000e+02   1.0330972e+02  -4.1126194e+00
   1.7700000e+02  -3.0690280e+01   1.0724738e+02
   1.7710000e+02   4.4309720e+01  -1.1752619e+01
   1.7720000e+02  -3.2690280e+01   1.2327381e+01
   1.7730000e+02  -1.0869028e+02  -6.6326194e+00
   1.7740000e+02  -4.0690280e+01  -2.2352619e+01
   1.7750000e+02   1.6930972e+02   1.5247381e+01
   1.7760000e+02  -5.9690280e+01   6.1407381e+01
   1.7770000e+02  -6.9028007e-01   4.0047381e+01
   1.7780000e+02   8.2309720e+01  -3.4272619e+01
   1.7790000e+02  -1.5690280e+01  -2.8352619e+01
   1.7800000e+02   1.2330972e+02   5.2087381e+01
   1.7810000e+02  -4.2690280e+01   3.5727381e+01
   1.7820000e+02  -3.0690280e+01   3.2247381e+01
   1.7830000e+02  -6.4690280e+01  -1.9392619e+01
   1.7840000e+02   1.4430972e+02  -3.5752619e+01
   1.7850000e+02   5.9309720e+01  -9.3526194e+00
   1.7860000e+02  -5.0690280e+01   1.1904738e+02
   1.7870000e+02   4.2309720e+01  -1.3672619e+01
   1.7880000e+02   1.3430972e+02   4.1647381e+01
   1.7890000e+02  -4.1690280e+01   2.3687381e+01
   1.7900000e+02   1.9309720e+01  -6.7752619e+01
   1.7910000e+02   1.1230972e+02   1.0527381e+01
   1.7920000e+02   7.3309720e+01   1.2008738e+02
   1.7930000e+02   2.2309720e+01  -5.5872619e+01
   1.7940000e+02  -2.9690280e+01  -1.3792619e+01
   1.7950000e+02  -3.2690280e+01   4.3327381e+01
   1.7960000e+02  -2.1690280e+01   1.7887381e+01
   1.7970000e+02   8.3309720e+01   3.1687381e+01
   1.7980000e+02  -1.1269028e+02   1.0527381e+01
   1.7990000e+02   5.1309720e+01  -3.7032619e+01
   1.8000000e+02   1.1309720e+01   9.2567381e+01
   1.8010000e+02   3.9309720e+01   1.1447381e+01
   1.8020000e+02  -3.5690280e+01  -8.5526194e+00
   1.8030000e+02  -9.6902801e+00   1.4407381e+01
   1.8040000e+02  -4.8690280e+01   8.9673806e+00
   1.8050000e+02   5.1309720e+01   1.8967381e+01
   1.8060000e+02  -5.8690280e+01   3.1367381e+01
   1.8070000e+02   1.1430972e+02  -8.1552619e+01
   1.8080000e+02   6.2309720e+01  -4.7472619e+01
   1.8090000e+02  -1.4690280e+01  -8.3926194e+00
   1.8100000e+02  -6.9690280e+01   8.0738056e-01
   1.8110000e+02   4.4309720e+01  -2.4752619e+01
   1.8120000e+02  -1.3690280e+01   4.7567381e+01
   1.8130000e+02   9.3309720e+01   1.2928738e+02
   1.8140000e+02  -2.4690280e+01   3.5007381e+01
   1.8150000e+02  -6.7690280e+01  -1.6272619e+01
   1.8160000e+02  -1.3869028e+02  -4.9432619e+01
   1.8170000e+02  -6.9690280e+01  -2.6192619e+01
   1.8180000e+02   1.6309720e+01  -2.3632619e+01
   1.8190000e+02   2.3097199e+00   7.1927381e+01
   1.8200000e+02   3.9309720e+01   1.4473806e+00
   1.8210000e+02  -8.4690280e+01   4.2407381e+01
   1.8220000e+02  -6.0690280e+01  -2.7552619e+01
   1.8230000e+02   9.3097199e+00   6.6473806e+00
   1.8240000e+02  -1.2069028e+02  -2.3152619e+01
   1.8250000e+02  -1.0690280e+01  -4.4552619e+01
   1.8260000e+02  -1.1069028e+02  -3.1552619e+01
   1.8270000e+02  -3.7690280e+01   4.1527381e+01
   1.8280000e+02  -7.3690280e+01   3.9967381e+01
   1.8290000e+02  -8.9690280e+01  -5.3926194e+00
   1.8300000e+02   7.6309720e+01   1.4967381e+01
   1.8310000e+02   6.1309720e+01   1.8567381e+01
   1.8320000e+02   1.3097199e+00   9.9673806e+00
   1.8330000e+02  -5.1690280e+01   2.0087381e+01
   1.8340000e+02   8.7309720e+01   3.3527381e+01
   1.8350000e+02   2.5309720e+01  -4.7992619e+01
   1.8360000e+02   1.2630972e+02   6.5967381e+01
   1.8370000e+02  -5.7690280e+01   1.3273806e+00
   1.8380000e+02  -2.5690280e+01  -2.6952619e+01
   1.8390000e+02   2.2309720e+01   1.2012738e+02
   1.8400000e+02   5.0309720e+01  -3.5992619e+01
   1.8410000e+02   2.3097199e+00  -1.1072619e+01
   1.8420000e+02  -5.5690280e+01  -1.2752619e+01
   1.8430000e+02  -6.6902801e+00  -2.4712619e+01
   1.8440000e+02   1.1530972e+02   1.3140738e+02
   1.8450000e+02  -5.6902801e+00   3.0247381e+01
   1.8460000e+02   4.9309720e+01  -3.2952619e+01
   1.8470000e+02   5.3309720e+01   1.0288738e+02
   1.8480000e+02   4.5309720e+01   8.2073806e+00
   1.8490000e+02  -6.9028007e-01  -2.5952619e+01
   1.8500000e+02  -3.0690280e+01  -3.3752619e+01
   1.8510000e+02   3.2309720e+01  -2.0272619e+01
   1.8520000e+02  -6.5690280e+01   3.9647381e+01
   1.8530000e+02   1.2730972e+02   8.9273806e+00
   1.8540000e+02  -1.6902801e+00  -4.9126194e+00
   1.8550000e+02   4.5309720e+01  -9.5792619e+01
   1.8560000e+02   4.2309720e+01   4.2327381e+01
   1.8570000e+02   1.5430972e+02  -7.1526194e+00
   1.8580000e+02  -3.8690280e+01  -1.3432619e+01
   1.8590000e+02  -3.6902801e+00   7.7167381e+01
   1.8600000e+02  -1.7690280e+01   2.7273806e+00
   1.8610000e+02  -6.8690280e+01   3.5767381e+01
   1.8620000e+02  -1.7690280e+01   5.7273806e+00
   1.8630000e+02   1.3230972e+02   3.7727381e+01
   1.8640000e+02   6.3309720e+01   6.1487381e+01
   1.8650000e+02  -9.8690280e+01   3.2967381e+01
   1.8660000e+02  -4.5690280e+01   4.8473806e+00
   1.8670000e+02   2.0309720e+01  -1.1792619e+01
   1.8680000e+02  -1.2690280e+01   1.1752738e+02
   1.8690000e+02   5.8309720e+01  -4.1312619e+01
   1.8700000e+02   1.2309720e+01   1.1652738e+02
   1.8710000e+02  -1.6369028e+02   2.1567381e+01
   1.8720000e+02   2.4309720e+01  -3.0952619e+01
   1.8730000e+02   8.3309720e+01  -2.3312619e+01
   1.8740000e+02   2.5309720e+01  -5.1992619e+01
   1.8750000e+02  -2.6690280e+01   9.0873806e+00
   1.8760000e+02   6.8309720e+01  -5.6712619e+01
   1.8770000e+02   3.5309720e+01   6.3607381e+01
   1.8780000e+02   1.5330972e+02   6.2887381e+01
   1.8790000e+02  -3.1690280e+01  -5.3712619e+01
   1.8800000e+02   7.3309720e+01   8.0873806e+00
   1.8810000e+02  -1.6902801e+00   8.7380560e-02
   1.8820000e+02  -4.5690280e+01  -5.7152619e+01
   1.8830000e+02   7.9309720e+01   1.8847381e+01
   1.8840000e+02  -2.1690280e+01  -1.1112619e+01
   1.8850000e+02  -6.4690280e+01   9.0607381e+01
   1.8860000e+02   8.2309720e+01  -3.2726194e+00
   1.8870000e+02  -4.6690280e+01   5.5887381e+01
   1.8880000e+02   9.3097199e+00   5.2647381e+01
   1.8890000e+02  -2.3690280e+01  -1.0032619e+01
   1.8900000e+02  -2.9690280e+01   3.3207381e+01
   1.8910000e+02   4.4309720e+01   2.4247381e+01
   1.8920000e+02  -2.5690280e+01   1.0473806e+00
   1.8930000e+02   6.5309720e+01  -1.4592619e+01
   1.8940000e+02   9.8309720e+01  -4.7912619e+01
   1.8950000e+02   3.2309720e+01   1.0727381e+01
   1.8960000e+02   4.0309720e+01   1.0640738e+02
   1.8970000e+02   1.0309720e+01   4.6607381e+01
   1.8980000e+02  -5.1690280e+01   3.7087381e+01
   1.8990000e+02   1.3097199e+00  -5.8032619e+01
   1.9000000e+02  -8.4690280e+01   1.0407381e+01
   1.9010000e+02   5.6309720e+01   1.8767381e+01
   1.9020000e+02  -2.4690280e+01   4.2007381e+01
   1.9030000e+02  -3.6902801e+00   4.0167381e+01
   1.9040000e+02   4.7309720e+01  -4.9872619e+01
   1.9050000e+02   1.6530972e+02  -2.7592619e+01
   1.9060000e+02   2.3097199e+00  -6.0726194e+00
   1.9070000e+02  -2.4690280e+01  -4.9926194e+00
   1.9080000e+02  -1.4690280e+01   8.6607381e+01
   1.9090000e+02  -8.6690280e+01  -9.5126194e+00
   1.9100000e+02  -8.6690280e+01  -3.2512619e+01
   1.9110000e+02  -5.6690280e+01  -1.4712619e+01
   1.9120000e+02  -6.9690280e+01  -4.1926194e+00
   1.9130000e+02   9.3097199e+00  -2.1352619e+01
   1.9140000e+02  -5.1690280e+01   1.4087381e+01
   1.9150000e+02  -1.0690280e+01   4.2447381e+01
   1.9160000e+02  -1.0069028e+02   3.9047381e+01
   1.9170000e+02   3.3309720e+01   6.5687381e+01
   1.9180000e+02   2.3097199e+00  -9.0072619e+01
   1.9190000e+02  -9.6902801e+00   3.1407381e+01
   1.9200000e+02   9.2309720e+01  -2.9672619e+01
   1.9210000e+02  -8.1690280e+01   5.8287381e+01
   1.9220000e+02   2.2309720e+01  -1.8726194e+00
   1.9230000e+02   4.8309720e+01  -1.0291262e+02
   1.9240000e+02   7.6309720e+01   4.2967381e+01
   1.9250000e+02   3.3309720e+01  -1.8312619e+01
   1.9260000e+02  -1.0469028e+02  -2.2792619e+01
   1.9270000e+02  -6.1690280e+01  -2.8512619e+01
   1.9280000e+02  -2.7690280e+01  -1.3872619e+01
   1.9290000e+02  -2.8690280e+01  -2.6832619e+01
   1.9300000e+02   3.0971993e-01   9.5007381e+01
   1.9310000e+02   3.6309720e+01   2.9567381e+01
   1.9320000e+02   9.3309720e+01  -7.7126194e+00
   1.9330000e+02  -3.9690280e+01   2.5607381e+01
   1.9340000e+02   3.0971993e-01   4.4007381e+01
   1.9350000e+02   1.0030972e+02   4.1007381e+01
   1.9360000e+02   6.3309720e+01  -6.2512619e+01
   1.9370000e+02   1.4830972e+02   2.0087381e+01
   1.9380000e+02  -5.4690280e+01  -9.7926194e+00
   1.9390000e+02   3.3097199e+00  -4.1126194e+00
   1.9400000e+02  -3.1690280e+01  -2.0712619e+01
   1.9410000e+02   1.3309720e+01   1.5148738e+02
   1.9420000e+02   1.0309720e+01   7.6073806e+00
   1.9430000e+02  -8.0690280e+01  -3.0752619e+01
   1.9440000e+02  -2.8690280e+01   7.1673806e+00
   1.9450000e+02   2.2309720e+01   5.8127381e+01
   1.9460000e+02   4.1309720e+01   6.7367381e+01
   1.9470000e+02   1.4309720e+01  -6.5526194e+00
   1.9480000e+02   5.2309720e+01   1.7927381e+01
   1.9490000e+02   1.4309720e+01   2.5447381e+01
   1.9500000e+02   6.7309720e+01  -2.3672619e+01
   1.9510000e+02  -1.7690280e+01   4.1727381e+01
   1.9520000e+02   5.8309720e+01  -7.3126194e+00
   1.9530000e+02  -9.6902801e+00   2.0407381e+01
   1.9540000e+02  -3.2690280e+01   2.9327381e+01
   1.9550000e+02   2.3309720e+01   4.0873806e+00
   1.9560000e+02  -2.1690280e+01  -3.4112619e+01
   1.9570000e+02   5.2309720e+01   4.5927381e+01
   1.9580000e+02  -1.7690280e+01   1.2727381e+01
   1.9590000e+02   2.8309720e+01  -5.6112619e+01
   1.9600000e+02   8.3097199e+00  -6.4312619e+01
   1.9610000e+02  -1.9690280e+01  -7.1926194e+00
   1.9620000e+02   1.7309720e+01  -1.2672619e+01
   1.9630000e+02   5.5309720e+01   6.8073806e+00
   1.9640000e+02  -4.9690280e+01   7.9007381e+01
   1.9650000e+02   8.3097199e+00   8.2687381e+01
   1.9660000e+02  -3.7690280e+01   3.2527381e+01
   1.9670000e+02  -5.8690280e+01   1.3367381e+01
   1.9680000e+02  -6.7690280e+01   5.2727381e+01
   1.9690000e+02  -2.1690280e+01  -4.7112619e+01
   1.9700000e+02  -5.7690280e+01   2.8327381e+01
   1.9710000e+02   4.9309720e+01  -3.2952619e+01
   1.9720000e+02  -4.3690280e+01  -2.7232619e+01
   1.9730000e+02   3.3097199e+00  -1.8112619e+01
   1.9740000e+02  -7.8690280e+01   5.3167381e+01
   1.9750000e+02   9.8309720e+01  -2.9126194e+00
   1.9760000e+02   2.1309720e+01   6.9167381e+01
   1.9770000e+02  -3.3690280e+01   1.6367381e+01
   1.9780000e+02  -1.6902801e+00   8.8087381e+01
   1.9790000e+02   5.4309720e+01  -6.6152619e+01
   1.9800000e+02  -8.4690280e+01   1.4073806e+00
   1.9810000e+02   6.1309720e+01   7.2567381e+01
   1.9820000e+02  -3.9690280e+01  -5.5392619e+01
   1.9830000e+02   2.3309720e+01   1.0008738e+02
   1.9840000e+02  -7.4690280e+01   5.4007381e+01
   1.9850000e+02   7.5309720e+01   3.0073806e+00
   1.9860000e+02  -2.4690280e+01  -1.4992619e+01
   1.9870000e+02  -4.8690280e+01   4.5967381e+01
   1.9880000e+02   3.3097199e+00   1.8887381e+01
   1.9890000e+02   2.1309720e+01  -1.3832619e+01
   1.9900000e+02   5.0309720e+01   1.2800738e+02
   1.9910000e+02   5.2309720e+01  -1.2072619e+01
   1.9920000e+02  -9.0690280e+01   2.3647381e+01
   1.9930000e+02   1.4030972e+02   8.4073806e+00
   1.9940000e+02  -1.2690280e+01   4.2527381e+01
   1.9950000e+02   8.3097199e+00   4.6687381e+01
   1.9960000e+02   3.3097199e+00   8.8873806e+00
   1.9970000e+02   4.0309720e+01   4.3407381e+01
   1.9980000e+02  -1.3569028e+02   1.1544738e+02
   1.9990000e+02  -3.4690280e+01   4.7407381e+01
