   0.0000000e+00   4.4743165e+02  -4.7465612e+01
   1.0000000e-01   2.3643165e+02   1.4997439e+02
   2.0000000e-01   1.8843165e+02   8.2894388e+01
   3.0000000e-01   3.6043165e+02   6.5014388e+01
   4.0000000e-01   3.8243165e+02  -1.5865612e+01
   5.0000000e-01   2.8143165e+02  -2.8825612e+01
   6.0000000e-01   1.8743165e+02   2.8934388e+01
   7.0000000e-01   1.9243165e+02   6.8734388e+01
   8.0000000e-01   9.9431655e+01   1.1945439e+02
   9.0000000e-01   3.5243165e+02   6.3334388e+01
   1.0000000e+00   7.4316547e+00   2.1134388e+01
   1.1000000e+00   4.9431655e+01   1.5245439e+02
   1.2000000e+00   3.2343165e+02   5.7494388e+01
   1.3000000e+00   1.3843165e+02   8.1894388e+01
   1.4000000e+00   2.4443165e+02   1.2465439e+02
   1.5000000e+00   1.9143165e+02   1.1077439e+02
   1.6000000e+00   3.7543165e+02   1.0414388e+01
   1.7000000e+00   2.1843165e+02  -1.3305612e+01
   1.8000000e+00   1.1431655e+01   1.0297439e+02
   1.9000000e+00   1.2043165e+02   1.1961439e+02
   2.0000000e+00   1.1843165e+02   1.4469439e+02
   2.1000000e+00   2.5643165e+02  -4.8256115e+00
   2.2000000e+00   1.7843165e+02   2.5294388e+01
   2.3000000e+00   1.1443165e+02   1.7285439e+02
   2.4000000e+00   3.1843165e+02   8.2694388e+01
   2.5000000e+00   2.7543165e+02   3.8414388e+01
   2.6000000e+00   2.1243165e+02   4.5934388e+01
   2.7000000e+00   1.5543165e+02   8.6214388e+01
   2.8000000e+00   2.6143165e+02   1.5997439e+02
   2.9000000e+00   1.7843165e+02   1.1229439e+02
   3.0000000e+00   9.2431655e+01   1.2773439e+02
   3.1000000e+00   2.5343165e+02  -4.0705612e+01
   3.2000000e+00   2.5243165e+02   6.4334388e+01
   3.3000000e+00   1.5643165e+02   4.5174388e+01
   3.4000000e+00   2.6643165e+02   8.6774388e+01
   3.5000000e+00   2.8443165e+02   1.9054388e+01
   3.6000000e+00   2.2743165e+02   6.6334388e+01
   3.7000000e+00   1.8243165e+02   4.8134388e+01
   3.8000000e+00   1.7743165e+02   8.5334388e+01
   3.9000000e+00   1.8243165e+02   1.3613439e+02
   4.0000000e+00   2.7343165e+02   1.0849439e+02
   4.1000000e+00   5.8431655e+01   1.3709439e+02
   4.2000000e+00   2.3543165e+02   1.1701439e+02
   4.3000000e+00   1.8343165e+02   7.7094388e+01
   4.4000000e+00   1.1843165e+02  -3.0561151e-01
   4.5000000e+00   3.5243165e+02   1.1233439e+02
   4.6000000e+00   9.8431655e+01   1.8149439e+02
   4.7000000e+00   5.3843165e+02   8.5894388e+01
   4.8000000e+00   2.0143165e+02   5.5374388e+01
   4.9000000e+00   2.3743165e+02   7.6934388e+01
   5.0000000e+00   1.9243165e+02   7.4734388e+01
   5.1000000e+00   1.6243165e+02   1.8934388e+01
   5.2000000e+00   8.0431655e+01   6.8214388e+01
   5.3000000e+00   3.2243165e+02   1.1553439e+02
   5.4000000e+00   2.1643165e+02  -4.8225612e+01
   5.5000000e+00   3.0443165e+02  -3.8745612e+01
   5.6000000e+00   1.4243165e+02  -3.2656115e+00
   5.7000000e+00   2.2843165e+02   2.9294388e+01
   5.8000000e+00   2.6543165e+02   6.8143885e+00
   5.9000000e+00   2.7543165e+02   1.1441439e+02
   6.0000000e+00   2.7543165e+02   5.4414388e+01
   6.1000000e+00   2.1943165e+02   9.0654388e+01
   6.2000000e+00   1.8143165e+02   5.1174388e+01
   6.3000000e+00   1.9543165e+02   1.7614388e+01
   6.4000000e+00   3.3043165e+02   7.2214388e+01
   6.5000000e+00   4.8431655e+01  -1.4505612e+01
   6.6000000e+00   2.3043165e+02   1.7021439e+02
   6.7000000e+00   2.6443165e+02   9.2854388e+01
   6.8000000e+00   1.9543165e+02   1.2361439e+02
   6.9000000e+00   5.4316547e+00  -2.7856115e+00
   7.0000000e+00   3.2943165e+02   9.3254388e+01
   7.1000000e+00   4.8343165e+02   1.3609439e+02
   7.2000000e+00   2.2643165e+02   9.5374388e+01
   7.3000000e+00   2.7343165e+02   8.1494388e+01
   7.4000000e+00   2.5243165e+02   8.3334388e+01
   7.5000000e+00   2.4343165e+02   1.9969439e+02
   7.6000000e+00   2.7543165e+02   1.5841439e+02
   7.7000000e+00   8.0431655e+01   7.8214388e+01
   7.8000000e+00   2.5743165e+02   8.3134388e+01
   7.9000000e+00   3.0443165e+02   8.3254388e+01
   8.0000000e+00   1.6543165e+02   1.0281439e+02
   8.1000000e+00   5.5431655e+01   5.2214388e+01
   8.2000000e+00   2.6843165e+02   1.0769439e+02
   8.3000000e+00   1.7043165e+02   4.8614388e+01
   8.4000000e+00   9.7431655e+01   6.9534388e+01
   8.5000000e+00   2.6343165e+02  -4.1105612e+01
   8.6000000e+00   2.2343165e+02   8.1494388e+01
   8.7000000e+00   2.3143165e+02   1.5517439e+02
   8.8000000e+00   2.5343165e+02   8.0294388e+01
   8.9000000e+00   1.4543165e+02   1.1861439e+02
   9.0000000e+00   7.3431655e+01   3.7494388e+01
   9.1000000e+00   1.6443165e+02   1.6885439e+02
   9.2000000e+00   4.2043165e+02   5.8614388e+01
   9.3000000e+00   2.4843165e+02  -2.5505612e+01
   9.4000000e+00   1.6243165e+02   4.7934388e+01
   9.5000000e+00  -4.5683453e+00   1.1161439e+02
   9.6000000e+00   1.1143165e+02   1.5097439e+02
   9.7000000e+00   2.5943165e+02   3.5054388e+01
   9.8000000e+00   1.8843165e+02   1.1089439e+02
   9.9000000e+00   2.5043165e+02   7.0414388e+01
   1.0000000e+01   1.9143165e+02   2.8774388e+01
   1.0100000e+01   1.6043165e+02   1.1001439e+02
   1.0200000e+01   1.5943165e+02   6.1054388e+01
   1.0300000e+01   1.5643165e+02  -6.5825612e+01
   1.0400000e+01   2.3543165e+02   3.6014388e+01
   1.0500000e+01   8.9431655e+01  -4.1456115e+00
   1.0600000e+01   3.5431655e+01   8.7014388e+01
   1.0700000e+01   1.7843165e+02  -2.5705612e+01
   1.0800000e+01   5.6431655e+01   1.5317439e+02
   1.0900000e+01   2.4543165e+02   1.8614388e+01
   1.1000000e+01   1.7143165e+02   4.8574388e+01
   1.1100000e+01   2.4316547e+00   3.6334388e+01
   1.1200000e+01   8.2431655e+01   2.6134388e+01
   1.1300000e+01  -3.1568345e+01   1.1769439e+02
   1.1400000e+01   7.9431655e+01   3.1254388e+01
   1.1500000e+01   4.1431655e+01  -1.1225612e+01
   1.1600000e+01   1.6943165e+02   2.8654388e+01
   1.1700000e+01   1.9243165e+02   8.4734388e+01
   1.1800000e+01   2.5843165e+02   2.1094388e+01
   1.1900000e+01   2.5843165e+02  -7.9056115e+00
   1.2000000e+01   1.9943165e+02   4.2454388e+01
   1.2100000e+01   2.2643165e+02  -2.3625612e+01
   1.2200000e+01   1.6743165e+02   6.0734388e+01
   1.2300000e+01   2.4643165e+02   3.2574388e+01
   1.2400000e+01   1.8243165e+02   8.8134388e+01
   1.2500000e+01   2.1543165e+02  -3.0185612e+01
   1.2600000e+01   2.1143165e+02  -2.9025612e+01
   1.2700000e+01   2.2743165e+02   5.3343885e+00
   1.2800000e+01   6.7431655e+01  -2.1265612e+01
   1.2900000e+01   2.3443165e+02   3.4054388e+01
   1.3000000e+01   2.9143165e+02  -4.8225612e+01
   1.3100000e+01   1.9943165e+02   1.3045439e+02
   1.3200000e+01   1.5843165e+02  -1.1905612e+01
   1.3300000e+01   3.1543165e+02  -2.0185612e+01
   1.3400000e+01   1.3343165e+02   9.0094388e+01
   1.3500000e+01   2.3431655e+01   1.5149439e+02
   1.3600000e+01   1.3443165e+02   1.2905439e+02
   1.3700000e+01   3.8643165e+02  -2.6025612e+01
   1.3800000e+01   2.0943165e+02   1.0054388e+01
   1.3900000e+01   2.2343165e+02   2.1494388e+01
   1.4000000e+01   3.9431655e+01   1.1185439e+02
   1.4100000e+01   2.3243165e+02   1.2913439e+02
   1.4200000e+01   1.3643165e+02   1.3197439e+02
   1.4300000e+01   3.1643165e+02   1.3577439e+02
   1.4400000e+01   1.3843165e+02   1.1589439e+02
   1.4500000e+01   1.4843165e+02   7.7494388e+01
   1.4600000e+01   2.3143165e+02   7.9174388e+01
   1.4700000e+01   3.2943165e+02   3.7254388e+01
   1.4800000e+01   5.5431655e+01   4.3214388e+01
   1.4900000e+01   2.3343165e+02  -8.1905612e+01
   1.5000000e+01   5.6431655e+01   8.1174388e+01
   1.5100000e+01   1.6243165e+02   4.9934388e+01
   1.5200000e+01   2.9843165e+02   6.9494388e+01
   1.5300000e+01   2.1743165e+02   1.1673439e+02
   1.5400000e+01   3.4443165e+02   1.0765439e+02
   1.5500000e+01   2.0343165e+02   5.8294388e+01
   1.5600000e+01   1.6743165e+02   8.1734388e+01
   1.5700000e+01   1.9443165e+02   1.6765439e+02
   1.5800000e+01   3.1743165e+02   8.8734388e+01
   1.5900000e+01   1.9443165e+02   7.3654388e+01
   1.6000000e+01   1.7243165e+02   5.0534388e+01
   1.6100000e+01   1.9443165e+02   1.1665439e+02
   1.6200000e+01   1.9643165e+02   1.0257439e+02
   1.6300000e+01   4.8743165e+02   3.1934388e+01
   1.6400000e+01   1.4843165e+02   1.2049439e+02
   1.6500000e+01   2.2843165e+02   1.1294388e+01
   1.6600000e+01   1.9443165e+02   4.7654388e+01
   1.6700000e+01   1.7043165e+02  -1.0385612e+01
   1.6800000e+01   1.5843165e+02  -5.4905612e+01
   1.6900000e+01   1.4043165e+02   1.5781439e+02
   1.7000000e+01   1.7443165e+02  -2.1545612e+01
   1.7100000e+01   4.0643165e+02   5.4174388e+01
   1.7200000e+01   3.1543165e+02   1.4081439e+02
   1.7300000e+01   1.7843165e+02   1.2029439e+02
   1.7400000e+01   2.2043165e+02   5.8614388e+01
   1.7500000e+01   2.0743165e+02   9.2134388e+01
   1.7600000e+01   2.6943165e+02   8.7654388e+01
   1.7700000e+01   3.2431655e+01   9.7134388e+01
   1.7800000e+01  -7.5683453e+00   8.5734388e+01
   1.7900000e+01   1.7043165e+02   1.2614388e+01
   1.8000000e+01   5.5431655e+01   2.3214388e+01
   1.8100000e+01   2.3643165e+02   5.7974388e+01
   1.8200000e+01   2.5643165e+02   2.7174388e+01
   1.8300000e+01   2.0443165e+02   1.6125439e+02
   1.8400000e+01   2.6743165e+02   1.2734388e+01
   1.8500000e+01   1.5343165e+02   1.3294388e+01
   1.8600000e+01   3.0643165e+02  -4.8256115e+00
   1.8700000e+01   3.1343165e+02   1.3894388e+01
   1.8800000e+01   3.4043165e+02   4.6814388e+01
   1.8900000e+01   2.9943165e+02   1.7645439e+02
   1.9000000e+01   1.3743165e+02   1.1093439e+02
   1.9100000e+01   5.7431655e+01   2.4513439e+02
   1.9200000e+01   2.1643165e+02  -7.2256115e+00
   1.9300000e+01   1.2343165e+02  -5.5056115e+00
   1.9400000e+01   2.8543165e+02   2.5014388e+01
   1.9500000e+01   3.7743165e+02   1.0233439e+02
   1.9600000e+01   2.6843165e+02   3.7694388e+01
   1.9700000e+01   1.0443165e+02   1.0825439e+02
   1.9800000e+01   2.5243165e+02  -2.2665612e+01
   1.9900000e+01   3.4243165e+02   6.1734388e+01
   2.0000000e+01   2.9443165e+02   2.9654388e+01
   2.0100000e+01   2.0043165e+02   9.0414388e+01
   2.0200000e+01   1.2943165e+02   8.5254388e+01
   2.0300000e+01   1.0643165e+02   9.6174388e+01
   2.0400000e+01  -7.5683453e+00   1.1273439e+02
   2.0500000e+01   2.7743165e+02   4.6334388e+01
   2.0600000e+01   2.1543165e+02  -6.0185612e+01
   2.0700000e+01   1.1443165e+02   1.9485439e+02
   2.0800000e+01   1.4243165e+02   2.2734388e+01
   2.0900000e+01   1.2143165e+02   1.0574388e+01
   2.1000000e+01   1.7043165e+02   3.7614388e+01
   2.1100000e+01   1.5843165e+02   3.4094388e+01
   2.1200000e+01   2.6431655e+01   2.6374388e+01
   2.1300000e+01   1.1943165e+02   8.1654388e+01
   2.1400000e+01   9.3431655e+01   1.2569439e+02
   2.1500000e+01   1.0943165e+02   2.9054388e+01
   2.1600000e+01   1.4843165e+02   4.7494388e+01
   2.1700000e+01   1.2043165e+02   6.2614388e+01
   2.1800000e+01   1.6143165e+02  -2.4025612e+01
   2.1900000e+01   8.1431655e+01   9.8174388e+01
   2.2000000e+01   1.9543165e+02   1.6861439e+02
   2.2100000e+01   9.3431655e+01   6.3694388e+01
   2.2200000e+01   2.1243165e+02   9.2934388e+01
   2.2300000e+01   1.0243165e+02   9.5334388e+01
   2.2400000e+01   3.0543165e+02   2.2214388e+01
   2.2500000e+01   7.9431655e+01   6.4254388e+01
   2.2600000e+01   2.6143165e+02   3.3974388e+01
   2.2700000e+01   3.9843165e+02   7.0494388e+01
   2.2800000e+01   9.5431655e+01   7.1614388e+01
   2.2900000e+01   7.0431655e+01   5.1614388e+01
   2.3000000e+01   1.2743165e+02   3.3343885e+00
   2.3100000e+01   1.4843165e+02   3.2494388e+01
   2.3200000e+01   1.7943165e+02   1.2325439e+02
   2.3300000e+01   1.9343165e+02   6.9694388e+01
   2.3400000e+01   5.6431655e+01   9.5174388e+01
   2.3500000e+01   1.0643165e+02   8.6174388e+01
   2.3600000e+01   2.3431655e+01   1.3494388e+01
   2.3700000e+01   1.5143165e+02   1.1137439e+02
   2.3800000e+01   7.3431655e+01   8.4943885e+00
   2.3900000e+01   3.1943165e+02   2.8654388e+01
   2.4000000e+01   1.8443165e+02   2.6054388e+01
   2.4100000e+01   3.2343165e+02   6.8494388e+01
   2.4200000e+01   1.8443165e+02   1.0005439e+02
   2.4300000e+01   2.3443165e+02   8.8054388e+01
   2.4400000e+01   1.3843165e+02   4.1894388e+01
   2.4500000e+01   3.1843165e+02   1.1069439e+02
   2.4600000e+01   2.0143165e+02   1.4374388e+01
   2.4700000e+01   3.5943165e+02  -2.1945612e+01
   2.4800000e+01  -5.7568345e+01  -5.2265612e+01
   2.4900000e+01  -1.5683453e+00   1.0649439e+02
   2.5000000e+01   1.9643165e+02   1.1657439e+02
   2.5100000e+01   2.6043165e+02   7.0143885e+00
   2.5200000e+01   1.1343165e+02   9.8894388e+01
   2.5300000e+01   1.8543165e+02   8.7014388e+01
   2.5400000e+01   2.1243165e+02   1.1693439e+02
   2.5500000e+01   7.8431655e+01   8.8294388e+01
   2.5600000e+01   3.3443165e+02   1.9405439e+02
   2.5700000e+01   2.2543165e+02   3.5414388e+01
   2.5800000e+01   4.6431655e+01   6.1574388e+01
   2.5900000e+01   1.1643165e+02   6.2774388e+01
   2.6000000e+01   9.7431655e+01   4.5534388e+01
   2.6100000e+01   2.1943165e+02   1.3654388e+01
   2.6200000e+01   4.6431655e+01   9.9574388e+01
   2.6300000e+01   2.4443165e+02   1.9665439e+02
   2.6400000e+01   2.8243165e+02   1.7213439e+02
   2.6500000e+01   5.1431655e+01   3.3137439e+02
   2.6600000e+01   1.7643165e+02   2.1837439e+02
   2.6700000e+01   1.9743165e+02   1.0353439e+02
   2.6800000e+01   1.7943165e+02  -2.7745612e+01
   2.6900000e+01   2.7343165e+02   4.9438849e-01
   2.7000000e+01   2.4643165e+02  -2.5425612e+01
   2.7100000e+01   4.3431655e+01   1.5069439e+02
   2.7200000e+01   2.2443165e+02  -1.5456115e+00
   2.7300000e+01   1.7143165e+02   5.6574388e+01
   2.7400000e+01   1.6143165e+02  -4.4025612e+01
   2.7500000e+01   3.1343165e+02   2.8894388e+01
   2.7600000e+01   1.4543165e+02   4.2614388e+01
   2.7700000e+01   1.1043165e+02   7.9014388e+01
   2.7800000e+01   1.3843165e+02  -1.1056115e+00
   2.7900000e+01   2.6443165e+02   4.6854388e+01
   2.8000000e+01   1.0643165e+02   7.7174388e+01
   2.8100000e+01   2.7843165e+02   1.2429439e+02
   2.8200000e+01   1.8243165e+02  -6.7865612e+01
   2.8300000e+01   4.3431655e+01   2.5694388e+01
   2.8400000e+01   1.1343165e+02   4.6894388e+01
   2.8500000e+01   2.0943165e+02   4.2054388e+01
   2.8600000e+01   1.5243165e+02  -5.3665612e+01
   2.8700000e+01   7.4316547e+00   6.4134388e+01
   2.8800000e+01   2.9343165e+02   1.3969439e+02
   2.8900000e+01   1.5243165e+02   3.1334388e+01
   2.9000000e+01   1.7143165e+02   1.1757439e+02
   2.9100000e+01   8.0431655e+01   5.5214388e+01
   2.9200000e+01  -1.5568345e+01  -1.0945612e+01
   2.9300000e+01   4.9431655e+01   1.0454388e+01
   2.9400000e+01  -3.9568345e+01   5.6014388e+01
   2.9500000e+01   1.1643165e+02   5.5774388e+01
   2.9600000e+01   3.5431655e+01  -4.3985612e+01
   2.9700000e+01   9.4431655e+01   5.1654388e+01
   2.9800000e+01   9.3431655e+01   5.3694388e+01
   2.9900000e+01   1.0743165e+02  -4.8656115e+00
   3.0000000e+01   2.1343165e+02   1.1489439e+02
   3.0100000e+01   1.8843165e+02  -9.1056115e+00
   3.0200000e+01   7.9431655e+01   7.5254388e+01
   3.0300000e+01   7.1431655e+01   1.6457439e+02
   3.0400000e+01   9.4431655e+01   5.8654388e+01
   3.0500000e+01   9.3431655e+01  -7.2305612e+01
   3.0600000e+01   1.0543165e+02  -5.7856115e+00
   3.0700000e+01   3.0431655e+01   5.7214388e+01
   3.0800000e+01   1.5431655e+01   5.5814388e+01
   3.0900000e+01   5.6431655e+01   1.1743885e+00
   3.1000000e+01   9.6431655e+01   8.1574388e+01
   3.1100000e+01   1.7843165e+02   1.0429439e+02
   3.1200000e+01   3.0043165e+02  -5.5856115e+00
   3.1300000e+01   5.7431655e+01   1.5213439e+02
   3.1400000e+01   5.8431655e+01   1.2509439e+02
   3.1500000e+01   2.6743165e+02   1.0873439e+02
   3.1600000e+01   1.9043165e+02   6.1814388e+01
   3.1700000e+01   5.1431655e+01   6.7374388e+01
   3.1800000e+01   2.4943165e+02  -6.5456115e+00
   3.1900000e+01   3.1543165e+02   2.5814388e+01
   3.2000000e+01   1.2243165e+02   2.2534388e+01
   3.2100000e+01   1.1743165e+02   8.7343885e+00
   3.2200000e+01   6.6431655e+01   6.7774388e+01
   3.2300000e+01   2.7143165e+02   8.1574388e+01
   3.2400000e+01   2.2343165e+02   2.6849439e+02
   3.2500000e+01   1.0443165e+02   2.6254388e+01
   3.2600000e+01   8.8431655e+01   2.9894388e+01
   3.2700000e+01   1.1243165e+02   1.0693439e+02
   3.2800000e+01   1.4543165e+02   1.6143885e+00
   3.2900000e+01   1.9343165e+02   3.7694388e+01
   3.3000000e+01   1.1843165e+02   7.7694388e+01
   3.3100000e+01   1.2943165e+02   4.8254388e+01
   3.3200000e+01  -1.6568345e+01   1.2809439e+02
   3.3300000e+01   6.4316547e+00   3.0174388e+01
   3.3400000e+01  -2.9568345e+01   2.7614388e+01
   3.3500000e+01   6.2431655e+01   1.3593439e+02
   3.3600000e+01   1.5143165e+02   1.8037439e+02
   3.3700000e+01   1.3243165e+02   1.1013439e+02
   3.3800000e+01  -3.3568345e+01   1.4477439e+02
   3.3900000e+01   1.7343165e+02   2.5494388e+01
   3.4000000e+01   2.1243165e+02   1.4934388e+01
   3.4100000e+01   2.1643165e+02   1.0777439e+02
   3.4200000e+01   1.1043165e+02   3.2014388e+01
   3.4300000e+01   6.8431655e+01   7.6943885e+00
   3.4400000e+01   7.4316547e+00   8.2134388e+01
   3.4500000e+01   8.2431655e+01  -2.4865612e+01
   3.4600000e+01  -1.5683453e+00  -2.1505612e+01
   3.4700000e+01   2.2543165e+02   1.9841439e+02
   3.4800000e+01   3.8043165e+02   2.3214388e+01
   3.4900000e+01   3.2343165e+02   1.7449439e+02
   3.5000000e+01   1.7943165e+02   6.2254388e+01
   3.5100000e+01   1.2543165e+02   2.8414388e+01
   3.5200000e+01   2.4143165e+02   2.1077439e+02
   3.5300000e+01   2.5143165e+02   4.3743885e+00
   3.5400000e+01   2.7943165e+02   1.2325439e+02
   3.5500000e+01   1.6743165e+02   5.5734388e+01
   3.5600000e+01   1.4243165e+02   1.0073439e+02
   3.5700000e+01   2.0343165e+02   7.3294388e+01
   3.5800000e+01   1.4843165e+02   3.9494388e+01
   3.5900000e+01   1.3343165e+02   9.7094388e+01
   3.6000000e+01   1.5743165e+02   1.6134388e+01
   3.6100000e+01   5.5431655e+01   6.2214388e+01
   3.6200000e+01  -1.3568345e+01   3.3974388e+01
   3.6300000e+01   3.3343165e+02   5.4094388e+01
   3.6400000e+01   1.6943165e+02   3.5654388e+01
   3.6500000e+01   1.9043165e+02   1.0681439e+02
   3.6600000e+01   4.9431655e+01   3.6454388e+01
   3.6700000e+01   2.6043165e+02   8.5014388e+01
   3.6800000e+01   1.1343165e+02   6.8943885e+00
   3.6900000e+01   4.7431655e+01   9.4534388e+01
   3.7000000e+01   2.2843165e+02   8.5294388e+01
   3.7100000e+01   1.3643165e+02   2.2974388e+01
   3.7200000e+01   1.2643165e+02   7.6374388e+01
   3.7300000e+01   2.9043165e+02   1.2281439e+02
   3.7400000e+01   1.2643165e+02  -2.6256115e+00
   3.7500000e+01   9.2431655e+01   4.1734388e+01
   3.7600000e+01   7.1431655e+01   3.1574388e+01
   3.7700000e+01   2.9431655e+01   6.4254388e+01
   3.7800000e+01   3.4743165e+02  -2.7465612e+01
   3.7900000e+01   2.3643165e+02   8.4974388e+01
   3.8000000e+01   1.0143165e+02   2.8374388e+01
   3.8100000e+01  -2.4568345e+01   7.3414388e+01
   3.8200000e+01   1.1943165e+02   6.4654388e+01
   3.8300000e+01   1.7243165e+02   7.4534388e+01
   3.8400000e+01   6.4316547e+00   8.6174388e+01
   3.8500000e+01   8.8431655e+01   1.5589439e+02
   3.8600000e+01  -5.6834532e-01   6.7454388e+01
   3.8700000e+01   1.8743165e+02  -1.4065612e+01
   3.8800000e+01   1.5243165e+02   1.2133439e+02
   3.8900000e+01   1.1943165e+02   1.4965439e+02
   3.9000000e+01  -8.5683453e+00   1.9774388e+01
   3.9100000e+01   1.2443165e+02   8.8454388e+01
   3.9200000e+01   8.3431655e+01   1.2609439e+02
   3.9300000e+01   1.6643165e+02   1.6877439e+02
   3.9400000e+01   4.3431655e+01   1.9694388e+01
   3.9500000e+01   1.4316547e+00   2.0374388e+01
   3.9600000e+01   2.2843165e+02   7.2943885e+00
   3.9700000e+01   1.5743165e+02   1.1613439e+02
   3.9800000e+01   2.3443165e+02   9.3054388e+01
   3.9900000e+01   7.8431655e+01   8.2943885e+00
   4.0000000e+01   2.1543165e+02   1.3814388e+01
   4.0100000e+01   1.2243165e+02   1.1753439e+02
   4.0200000e+01   4.2431655e+01  -2.5265612e+01
   4.0300000e+01   1.5643165e+02   9.1743885e+00
   4.0400000e+01   1.2243165e+02   1.4534388e+01
   4.0500000e+01   1.6943165e+02   1.1865439e+02
   4.0600000e+01   1.4043165e+02   9.0814388e+01
   4.0700000e+01   1.0431655e+01   2.7014388e+01
   4.0800000e+01   9.4431655e+01   2.3165439e+02
   4.0900000e+01   2.6643165e+02   4.6774388e+01
   4.1000000e+01   1.7443165e+02   8.0454388e+01
   4.1100000e+01   9.0431655e+01   8.3814388e+01
   4.1200000e+01   2.6043165e+02  -1.3985612e+01
   4.1300000e+01   1.9943165e+02   4.2454388e+01
   4.1400000e+01   1.2143165e+02   3.5574388e+01
   4.1500000e+01   2.4543165e+02   1.2461439e+02
   4.1600000e+01   2.7443165e+02   1.1445439e+02
   4.1700000e+01   1.3743165e+02   1.8934388e+01
   4.1800000e+01   1.0143165e+02  -9.6256115e+00
   4.1900000e+01   2.7643165e+02  -2.2625612e+01
   4.2000000e+01   2.8243165e+02  -2.0865612e+01
   4.2100000e+01   1.0543165e+02   7.9214388e+01
   4.2200000e+01   9.3431655e+01   1.1569439e+02
   4.2300000e+01   2.1043165e+02   1.3301439e+02
   4.2400000e+01   3.0043165e+02   7.0414388e+01
   4.2500000e+01   1.8743165e+02   1.1093439e+02
   4.2600000e+01   1.5743165e+02   9.1134388e+01
   4.2700000e+01   3.8443165e+02   2.7054388e+01
   4.2800000e+01   9.6431655e+01  -3.4425612e+01
   4.2900000e+01   2.9143165e+02   9.5774388e+01
   4.3000000e+01   2.4843165e+02   3.3494388e+01
   4.3100000e+01   1.9443165e+02  -4.4345612e+01
   4.3200000e+01   1.3343165e+02   6.9094388e+01
   4.3300000e+01   1.2743165e+02   1.6133439e+02
   4.3400000e+01   2.1743165e+02   1.7673439e+02
   4.3500000e+01   2.5143165e+02   9.3374388e+01
   4.3600000e+01   1.6343165e+02  -1.1056115e+00
   4.3700000e+01   2.2943165e+02   5.2543885e+00
   4.3800000e+01   1.8543165e+02  -2.0985612e+01
   4.3900000e+01   1.6343165e+02   7.8894388e+01
   4.4000000e+01   1.5843165e+02   9.4094388e+01
   4.4100000e+01   1.2643165e+02   5.1374388e+01
   4.4200000e+01   2.7431655e+01   1.9334388e+01
   4.4300000e+01   1.4743165e+02   1.1353439e+02
   4.4400000e+01   8.9431655e+01   8.2854388e+01
   4.4500000e+01   1.7543165e+02   2.8414388e+01
   4.4600000e+01   1.5043165e+02  -6.1585612e+01
   4.4700000e+01   1.1943165e+02   1.1665439e+02
   4.4800000e+01   9.9431655e+01   5.0454388e+01
   4.4900000e+01   4.4431655e+01   8.1654388e+01
   4.5000000e+01   1.5543165e+02   1.4121439e+02
   4.5100000e+01   3.1343165e+02  -4.1056115e+00
   4.5200000e+01   1.6543165e+02  -1.0185612e+01
   4.5300000e+01   1.9843165e+02   6.5494388e+01
   4.5400000e+01   9.2431655e+01   5.6734388e+01
   4.5500000e+01   1.2743165e+02   4.8334388e+01
   4.5600000e+01   3.7843165e+02   4.0294388e+01
   4.5700000e+01   2.5143165e+02   1.5137439e+02
   4.5800000e+01   2.6143165e+02   1.2897439e+02
   4.5900000e+01   1.9543165e+02   1.0561439e+02
   4.6000000e+01   2.6343165e+02   3.5894388e+01
   4.6100000e+01   6.7431655e+01   8.7343885e+00
   4.6200000e+01   2.8443165e+02  -2.0945612e+01
   4.6300000e+01  -5.6834532e-01   6.1454388e+01
   4.6400000e+01   1.6643165e+02   2.0774388e+01
   4.6500000e+01   1.7343165e+02   7.7494388e+01
   4.6600000e+01   1.7143165e+02   1.2457439e+02
   4.6700000e+01   2.6043165e+02   4.0014388e+01
   4.6800000e+01   3.0943165e+02   1.3705439e+02
   4.6900000e+01  -1.0056835e+02   6.6454388e+01
   4.7000000e+01   1.2443165e+02   1.7245439e+02
   4.7100000e+01   2.9431655e+01   5.7254388e+01
   4.7200000e+01   1.1843165e+02   6.8694388e+01
   4.7300000e+01   2.2431655e+01   7.7534388e+01
   4.7400000e+01   2.8243165e+02   1.5613439e+02
   4.7500000e+01   1.8043165e+02   1.0621439e+02
   4.7600000e+01   2.0743165e+02   5.7134388e+01
   4.7700000e+01   1.6443165e+02   3.7854388e+01
   4.7800000e+01   1.7543165e+02   3.0414388e+01
   4.7900000e+01   2.5143165e+02   1.1737439e+02
   4.8000000e+01   2.7943165e+02   1.7325439e+02
   4.8100000e+01   1.5443165e+02   4.7254388e+01
   4.8200000e+01  -2.5683453e+00   2.2553439e+02
   4.8300000e+01   6.7431655e+01   3.5734388e+01
   4.8400000e+01   1.7943165e+02  -1.8745612e+01
   4.8500000e+01   9.9431655e+01   3.2454388e+01
   4.8600000e+01   3.4143165e+02   1.2277439e+02
   4.8700000e+01   1.4643165e+02   4.2574388e+01
   4.8800000e+01   6.6431655e+01   3.7743885e+00
   4.8900000e+01   2.7431655e+01   3.3334388e+01
   4.9000000e+01   4.3431655e+01   7.5694388e+01
   4.9100000e+01   1.5843165e+02   4.0094388e+01
   4.9200000e+01   2.2043165e+02   2.9614388e+01
   4.9300000e+01   1.4443165e+02   6.1654388e+01
   4.9400000e+01   4.4316547e+00   8.7254388e+01
   4.9500000e+01   2.2343165e+02   9.3494388e+01
   4.9600000e+01   2.1343165e+02   8.9438849e-01
   4.9700000e+01   5.0431655e+01   5.3414388e+01
   4.9800000e+01   2.6843165e+02  -5.1305612e+01
   4.9900000e+01   6.7431655e+01   8.3734388e+01
   5.0000000e+01   1.0243165e+02   1.0333439e+02
   5.0100000e+01   1.4743165e+02  -2.2465612e+01
   5.0200000e+01   1.2243165e+02  -4.7465612e+01
   5.0300000e+01   1.4543165e+02   1.1361439e+02
   5.0400000e+01   1.5643165e+02   1.1817439e+02
   5.0500000e+01   1.8443165e+02   7.0054388e+01
   5.0600000e+01   4.5643165e+02   1.1517439e+02
   5.0700000e+01   2.5543165e+02   1.0821439e+02
   5.0800000e+01   6.6431655e+01   3.9774388e+01
   5.0900000e+01   3.9431655e+01   6.9854388e+01
   5.1000000e+01  -7.5683453e+00   5.5734388e+01
   5.1100000e+01   1.3431655e+01   8.2894388e+01
   5.1200000e+01   1.6743165e+02   5.2734388e+01
   5.1300000e+01   2.6343165e+02   9.4894388e+01
   5.1400000e+01   1.3043165e+02   1.0321439e+02
   5.1500000e+01   7.0431655e+01   5.5614388e+01
   5.1600000e+01   2.3243165e+02   7.2134388e+01
   5.1700000e+01   2.3343165e+02  -4.9056115e+00
   5.1800000e+01   1.5943165e+02   1.0905439e+02
   5.1900000e+01   2.5643165e+02   9.9174388e+01
   5.2000000e+01   1.1943165e+02   1.4065439e+02
   5.2100000e+01   1.5443165e+02   1.2325439e+02
   5.2200000e+01   2.5543165e+02   7.6214388e+01
   5.2300000e+01   7.7431655e+01   6.9334388e+01
   5.2400000e+01  -3.7568345e+01   1.2793439e+02
   5.2500000e+01   1.8543165e+02   1.7201439e+02
   5.2600000e+01  -3.9568345e+01  -1.4985612e+01
   5.2700000e+01   1.4143165e+02  -1.0225612e+01
   5.2800000e+01   1.2343165e+02   3.9494388e+01
   5.2900000e+01   1.6543165e+02  -3.6185612e+01
   5.3000000e+01   1.3643165e+02   1.0097439e+02
   5.3100000e+01   1.3943165e+02   7.8854388e+01
   5.3200000e+01   2.5443165e+02   5.4254388e+01
   5.3300000e+01   1.7043165e+02   5.4614388e+01
   5.3400000e+01   8.4316547e+00   1.0309439e+02
   5.3500000e+01   1.8743165e+02   1.4893439e+02
   5.3600000e+01   1.1443165e+02   6.9854388e+01
   5.3700000e+01   3.1443165e+02   2.1854388e+01
   5.3800000e+01   2.0843165e+02   1.5609439e+02
   5.3900000e+01   1.2243165e+02  -6.2465612e+01
   5.4000000e+01   4.0043165e+02   1.3341439e+02
   5.4100000e+01   3.5431655e+01   1.3901439e+02
   5.4200000e+01   9.6431655e+01   5.7438849e-01
   5.4300000e+01   1.7543165e+02   9.2414388e+01
   5.4400000e+01   1.7743165e+02  -3.5665612e+01
   5.4500000e+01   1.5943165e+02   7.8054388e+01
   5.4600000e+01   2.8643165e+02   3.3974388e+01
   5.4700000e+01   2.4431655e+01   1.9454388e+01
   5.4800000e+01   2.2943165e+02   5.1254388e+01
   5.4900000e+01   2.4143165e+02  -4.7225612e+01
   5.5000000e+01   8.1431655e+01   8.5174388e+01
   5.5100000e+01   4.8431655e+01   7.4494388e+01
   5.5200000e+01   1.1443165e+02   1.3185439e+02
   5.5300000e+01   2.8243165e+02   1.4013439e+02
   5.5400000e+01   2.5743165e+02   1.1813439e+02
   5.5500000e+01   5.4431655e+01   4.4254388e+01
   5.5600000e+01   6.2431655e+01   1.4193439e+02
   5.5700000e+01   1.3043165e+02   6.4214388e+01
   5.5800000e+01   2.6943165e+02   1.0765439e+02
   5.5900000e+01   6.8431655e+01  -2.5305612e+01
   5.6000000e+01   9.5431655e+01   9.7614388e+01
   5.6100000e+01   2.8043165e+02   2.2143885e+00
   5.6200000e+01   1.3443165e+02   8.1054388e+01
   5.6300000e+01  -2.5683453e+00   1.0053439e+02
   5.6400000e+01  -3.0568345e+01   7.3654388e+01
   5.6500000e+01   3.9431655e+01   4.0854388e+01
   5.6600000e+01   1.8443165e+02   1.4305439e+02
   5.6700000e+01   1.3743165e+02   3.6934388e+01
   5.6800000e+01  -7.5683453e+00   4.4734388e+01
   5.6900000e+01   2.5431655e+01   5.3414388e+01
   5.7000000e+01   2.0043165e+02  -3.6585612e+01
   5.7100000e+01   8.3431655e+01   1.1609439e+02
   5.7200000e+01   1.2431655e+01   9.0934388e+01
   5.7300000e+01   7.0431655e+01   4.8614388e+01
   5.7400000e+01   2.5643165e+02   2.1174388e+01
   5.7500000e+01  -4.5683453e+00  -6.3856115e+00
   5.7600000e+01   1.3343165e+02   1.4909439e+02
   5.7700000e+01   8.5431655e+01   2.7014388e+01
   5.7800000e+01   2.7243165e+02   5.4534388e+01
   5.7900000e+01   6.3431655e+01  -1.6105612e+01
   5.8000000e+01   1.1143165e+02   1.3974388e+01
   5.8100000e+01   1.3243165e+02   4.0134388e+01
   5.8200000e+01   2.7343165e+02   6.9494388e+01
   5.8300000e+01   2.0743165e+02   1.1613439e+02
   5.8400000e+01   9.6431655e+01   1.6057439e+02
   5.8500000e+01   1.4043165e+02   6.4814388e+01
   5.8600000e+01   2.7143165e+02   1.7957439e+02
   5.8700000e+01   4.2343165e+02   6.5494388e+01
   5.8800000e+01   1.8043165e+02   1.8121439e+02
   5.8900000e+01   3.7343165e+02   1.2949439e+02
   5.9000000e+01   4.6431655e+01   1.2574388e+01
   5.9100000e+01   1.8243165e+02   1.8213439e+02
   5.9200000e+01   2.9743165e+02   6.9534388e+01
   5.9300000e+01   1.3431655e+01   7.2894388e+01
   5.9400000e+01   1.0343165e+02   3.1294388e+01
   5.9500000e+01   1.2743165e+02   4.5334388e+01
   5.9600000e+01   1.1343165e+02   1.5589439e+02
   5.9700000e+01   5.6431655e+01  -2.2825612e+01
   5.9800000e+01   1.9043165e+02   2.8814388e+01
   5.9900000e+01   5.9431655e+01   1.7805439e+02
   6.0000000e+01   1.5343165e+02   5.5294388e+01
   6.0100000e+01   1.8143165e+02   1.4817439e+02
   6.0200000e+01   2.2243165e+02   1.5534388e+01
   6.0300000e+01   1.6743165e+02   3.6734388e+01
   6.0400000e+01   2.0431655e+01   1.0861439e+02
   6.0500000e+01   1.6343165e+02   9.6894388e+01
   6.0600000e+01   1.5143165e+02   5.9374388e+01
   6.0700000e+01   9.5431655e+01   4.9614388e+01
   6.0800000e+01   1.3431655e+01   5.5894388e+01
   6.0900000e+01   1.5043165e+02  -4.5856115e+00
   6.1000000e+01   1.8843165e+02   5.3894388e+01
   6.1100000e+01   2.0343165e+02   4.6294388e+01
   6.1200000e+01   3.1431655e+01   1.4117439e+02
   6.1300000e+01   1.9443165e+02  -3.2345612e+01
   6.1400000e+01   1.5143165e+02   5.7374388e+01
   6.1500000e+01   1.6443165e+02   1.4185439e+02
   6.1600000e+01   8.4431655e+01   1.8054388e+01
   6.1700000e+01   2.2143165e+02   1.0574388e+01
   6.1800000e+01   1.7943165e+02   1.6725439e+02
   6.1900000e+01   1.3843165e+02   1.7894388e+01
   6.2000000e+01   9.5431655e+01   1.0761439e+02
   6.2100000e+01   5.4316547e+00   7.2143885e+00
   6.2200000e+01  -4.8568345e+01  -5.8625612e+01
   6.2300000e+01   3.0743165e+02   1.5134388e+01
   6.2400000e+01   3.1043165e+02  -3.3985612e+01
   6.2500000e+01   1.1643165e+02   3.0774388e+01
   6.2600000e+01  -1.2568345e+01   4.1934388e+01
   6.2700000e+01   9.5431655e+01  -3.5385612e+01
   6.2800000e+01   2.2431655e+01   7.2534388e+01
   6.2900000e+01   1.2443165e+02   1.1745439e+02
   6.3000000e+01   1.6143165e+02  -5.2025612e+01
   6.3100000e+01   1.1943165e+02   4.9654388e+01
   6.3200000e+01   2.5243165e+02   4.3334388e+01
   6.3300000e+01   6.0431655e+01   4.3014388e+01
   6.3400000e+01   9.5431655e+01  -3.7385612e+01
   6.3500000e+01   1.3243165e+02   4.0134388e+01
   6.3600000e+01   1.4843165e+02   8.0494388e+01
   6.3700000e+01   6.1431655e+01  -2.7025612e+01
   6.3800000e+01  -4.0568345e+01  -2.0945612e+01
   6.3900000e+01   1.6743165e+02  -2.1265612e+01
   6.4000000e+01   2.5643165e+02  -3.9825612e+01
   6.4100000e+01   2.0943165e+02  -2.0945612e+01
   6.4200000e+01   1.0743165e+02   2.5134388e+01
   6.4300000e+01   2.9643165e+02   6.2574388e+01
   6.4400000e+01   1.6443165e+02   1.5854388e+01
   6.4500000e+01   2.0443165e+02   3.3254388e+01
   6.4600000e+01   3.8431655e+01   1.0894388e+01
   6.4700000e+01   2.7143165e+02  -1.4425612e+01
   6.4800000e+01   1.5043165e+02   3.9414388e+01
   6.4900000e+01   1.5743165e+02  -5.3865612e+01
   6.5000000e+01   3.7843165e+02  -5.7056115e+00
   6.5100000e+01   4.8431655e+01   2.9494388e+01
   6.5200000e+01   1.7543165e+02   6.4143885e+00
   6.5300000e+01   2.2643165e+02   6.1374388e+01
   6.5400000e+01   1.2943165e+02   1.1125439e+02
   6.5500000e+01   6.1431655e+01  -3.2025612e+01
   6.5600000e+01   1.4343165e+02  -1.4305612e+01
   6.5700000e+01   2.4431655e+01   4.5438849e-01
   6.5800000e+01   3.5443165e+02   8.8254388e+01
   6.5900000e+01   1.4243165e+02  -9.5265612e+01
   6.6000000e+01   1.5443165e+02  -2.1745612e+01
   6.6100000e+01   2.3443165e+02   1.0505439e+02
   6.6200000e+01   1.8343165e+02  -3.4905612e+01
   6.6300000e+01   3.9431655e+01  -3.0145612e+01
   6.6400000e+01   1.0343165e+02   6.2943885e+00
   6.6500000e+01   2.1843165e+02  -4.5305612e+01
   6.6600000e+01   1.5543165e+02   3.0214388e+01
   6.6700000e+01   2.5543165e+02   8.4214388e+01
   6.6800000e+01   7.3431655e+01   4.6494388e+01
   6.6900000e+01   1.1431655e+01  -3.0025612e+01
   6.7000000e+01   1.8143165e+02  -4.2825612e+01
   6.7100000e+01   1.6443165e+02   1.5854388e+01
   6.7200000e+01   1.4643165e+02  -7.0425612e+01
   6.7300000e+01   2.3143165e+02   2.6174388e+01
   6.7400000e+01   5.6431655e+01   1.7174388e+01
   6.7500000e+01   9.2431655e+01  -5.2656115e+00
   6.7600000e+01   5.5431655e+01   7.1214388e+01
   6.7700000e+01   4.9431655e+01  -2.0545612e+01
   6.7800000e+01   1.1443165e+02   6.1854388e+01
   6.7900000e+01   2.3843165e+02  -4.4105612e+01
   6.8000000e+01   6.2431655e+01   1.8934388e+01
   6.8100000e+01   6.6431655e+01   2.3774388e+01
   6.8200000e+01   2.1743165e+02   5.3734388e+01
   6.8300000e+01   9.6431655e+01   1.3557439e+02
   6.8400000e+01   2.4943165e+02   2.7454388e+01
   6.8500000e+01   2.8743165e+02  -7.2065612e+01
   6.8600000e+01   2.6343165e+02   1.1389439e+02
   6.8700000e+01   1.6443165e+02   1.1085439e+02
   6.8800000e+01   1.9643165e+02   6.5574388e+01
   6.8900000e+01   7.3431655e+01   2.9494388e+01
   6.9000000e+01   2.5343165e+02  -3.7705612e+01
   6.9100000e+01   1.5943165e+02   5.8054388e+01
   6.9200000e+01   2.6443165e+02  -2.0145612e+01
   6.9300000e+01  -4.9568345e+01   7.0414388e+01
   6.9400000e+01   8.7431655e+01   7.9343885e+00
   6.9500000e+01   6.2431655e+01  -2.2065612e+01
   6.9600000e+01  -1.2568345e+01   5.2934388e+01
   6.9700000e+01   8.3431655e+01  -1.5905612e+01
   6.9800000e+01   2.9431655e+01  -9.4745612e+01
   6.9900000e+01   3.7431655e+01   1.3934388e+01
   7.0000000e+01  -3.5568345e+01   8.5438849e-01
   7.0100000e+01   1.3843165e+02  -3.9105612e+01
   7.0200000e+01   1.6431655e+01  -7.0225612e+01
   7.0300000e+01   1.7943165e+02   3.2254388e+01
   7.0400000e+01   4.5431655e+01  -1.7385612e+01
   7.0500000e+01   1.6043165e+02   2.9014388e+01
   7.0600000e+01   1.4643165e+02   1.1057439e+02
   7.0700000e+01   2.5543165e+02   5.3214388e+01
   7.0800000e+01   3.6443165e+02  -3.6145612e+01
   7.0900000e+01   2.3443165e+02   6.4054388e+01
   7.1000000e+01   1.1743165e+02   4.7734388e+01
   7.1100000e+01   3.4316547e+00   1.5294388e+01
   7.1200000e+01   2.0443165e+02   8.2543885e+00
   7.1300000e+01   7.6431655e+01  -2.6625612e+01
   7.1400000e+01   2.1431655e+01   2.8574388e+01
   7.1500000e+01   2.7043165e+02  -2.3856115e+00
   7.1600000e+01   3.1443165e+02  -2.1145612e+01
   7.1700000e+01   1.9431655e+01   4.4654388e+01
   7.1800000e+01   2.2443165e+02   4.1454388e+01
   7.1900000e+01   1.8243165e+02   9.8134388e+01
   7.2000000e+01   1.1443165e+02   3.9854388e+01
   7.2100000e+01   4.3165468e-01  -1.8585612e+01
   7.2200000e+01   2.1431655e+01   3.7574388e+01
   7.2300000e+01   8.1431655e+01  -3.9825612e+01
   7.2400000e+01   1.2943165e+02   2.9254388e+01
   7.2500000e+01   1.6143165e+02   5.5974388e+01
   7.2600000e+01   2.2943165e+02   5.5254388e+01
   7.2700000e+01   9.2431655e+01  -1.1265612e+01
   7.2800000e+01   9.1431655e+01  -2.2256115e+00
   7.2900000e+01   1.1431655e+01  -1.9025612e+01
   7.3000000e+01   9.3431655e+01   1.2694388e+01
   7.3100000e+01   1.0543165e+02   7.5214388e+01
   7.3200000e+01   3.6043165e+02   1.3501439e+02
   7.3300000e+01   1.4343165e+02  -3.4305612e+01
   7.3400000e+01   1.9443165e+02   4.3654388e+01
   7.3500000e+01   1.6943165e+02  -1.3456115e+00
   7.3600000e+01   1.7543165e+02   1.0414388e+01
   7.3700000e+01   4.2643165e+02  -1.4625612e+01
   7.3800000e+01   1.5243165e+02  -2.5665612e+01
   7.3900000e+01  -5.8568345e+01   6.4774388e+01
   7.4000000e+01   1.6643165e+02  -2.2256115e+00
   7.4100000e+01   9.5431655e+01   2.3614388e+01
   7.4200000e+01   1.1743165e+02  -6.8265612e+01
   7.4300000e+01   1.5943165e+02  -6.9456115e+00
   7.4400000e+01   1.2543165e+02  -2.9585612e+01
   7.4500000e+01   2.5743165e+02   5.1134388e+01
   7.4600000e+01   1.3543165e+02  -4.8985612e+01
   7.4700000e+01   8.0431655e+01  -2.9785612e+01
   7.4800000e+01   6.8431655e+01  -2.1305612e+01
   7.4900000e+01   2.1943165e+02   1.0654388e+01
   7.5000000e+01   1.4343165e+02   3.8694388e+01
   7.5100000e+01   7.2431655e+01  -1.4465612e+01
   7.5200000e+01   1.9843165e+02  -2.1505612e+01
   7.5300000e+01   1.6431655e+01  -6.2256115e+00
   7.5400000e+01   7.0431655e+01   3.9614388e+01
   7.5500000e+01   1.8043165e+02   4.7214388e+01
   7.5600000e+01   2.0543165e+02   3.0214388e+01
   7.5700000e+01   1.5843165e+02   1.1709439e+02
   7.5800000e+01   1.0543165e+02   2.4214388e+01
   7.5900000e+01   2.1143165e+02  -4.2025612e+01
   7.6000000e+01   2.9431655e+01   4.1254388e+01
   7.6100000e+01   8.5431655e+01  -4.3985612e+01
   7.6200000e+01   1.0943165e+02   2.1054388e+01
   7.6300000e+01   1.5943165e+02   1.3305439e+02
   7.6400000e+01   5.5431655e+01   4.0214388e+01
   7.6500000e+01   2.2043165e+02  -1.0385612e+01
   7.6600000e+01   1.0043165e+02   5.7414388e+01
   7.6700000e+01   9.3431655e+01  -4.8305612e+01
   7.6800000e+01   9.4316547e+00   2.2054388e+01
   7.6900000e+01   1.6443165e+02   4.1854388e+01
   7.7000000e+01   2.5843165e+02  -4.8905612e+01
   7.7100000e+01   1.2343165e+02   8.4943885e+00
   7.7200000e+01   9.6431655e+01   6.6574388e+01
   7.7300000e+01   1.7143165e+02   3.6574388e+01
   7.7400000e+01   1.0543165e+02   3.6214388e+01
   7.7500000e+01   1.7643165e+02   2.3743885e+00
   7.7600000e+01   1.5643165e+02  -1.4825612e+01
   7.7700000e+01   1.5943165e+02  -1.1945612e+01
   7.7800000e+01   2.0431655e+01   1.1614388e+01
   7.7900000e+01   2.0343165e+02   4.0294388e+01
   7.8000000e+01   1.1143165e+02  -5.4025612e+01
   7.8100000e+01   2.1543165e+02   3.4814388e+01
   7.8200000e+01   1.6643165e+02   7.6774388e+01
   7.8300000e+01   2.2243165e+02  -7.4656115e+00
   7.8400000e+01   9.3431655e+01  -3.4305612e+01
   7.8500000e+01  -6.8568345e+01  -4.9825612e+01
   7.8600000e+01   6.4431655e+01  -2.4145612e+01
   7.8700000e+01   1.9843165e+02   1.2149439e+02
   7.8800000e+01   1.8243165e+02   2.4134388e+01
   7.8900000e+01   2.8843165e+02  -6.7105612e+01
   7.9000000e+01   1.0943165e+02   2.2054388e+01
   7.9100000e+01   1.6143165e+02  -2.6025612e+01
   7.9200000e+01   7.5431655e+01   7.7414388e+01
   7.9300000e+01   1.9743165e+02  -6.0465612e+01
   7.9400000e+01   3.8743165e+02   1.8934388e+01
   7.9500000e+01   2.6443165e+02   7.9854388e+01
   7.9600000e+01   1.8043165e+02   7.3214388e+01
   7.9700000e+01   1.9743165e+02  -1.4465612e+01
   7.9800000e+01   1.8643165e+02   9.8974388e+01
   7.9900000e+01   1.2343165e+02   6.6494388e+01
   8.0000000e+01   1.1043165e+02   1.1601439e+02
   8.0100000e+01  -1.3568345e+01   3.6974388e+01
   8.0200000e+01   1.3943165e+02  -1.5145612e+01
   8.0300000e+01   1.4043165e+02  -1.5185612e+01
   8.0400000e+01   1.1843165e+02   6.4694388e+01
   8.0500000e+01   1.1443165e+02   1.7854388e+01
   8.0600000e+01   1.0843165e+02   3.0094388e+01
   8.0700000e+01   1.4343165e+02   3.3694388e+01
   8.0800000e+01   2.7943165e+02   6.8254388e+01
   8.0900000e+01   1.0543165e+02   4.9214388e+01
   8.1000000e+01   2.5243165e+02  -2.8665612e+01
   8.1100000e+01   2.5343165e+02   6.9294388e+01
   8.1200000e+01   5.3431655e+01  -2.7056115e+00
   8.1300000e+01   5.1943165e+02   4.3654388e+01
   8.1400000e+01   1.6743165e+02   2.0734388e+01
   8.1500000e+01   1.8343165e+02   1.0909439e+02
   8.1600000e+01   7.4431655e+01   1.1454388e+01
   8.1700000e+01   1.8143165e+02   5.5174388e+01
   8.1800000e+01  -5.2568345e+01   3.4534388e+01
   8.1900000e+01   1.1443165e+02   6.0854388e+01
   8.2000000e+01   2.9743165e+02   2.2534388e+01
   8.2100000e+01   1.3143165e+02  -4.8256115e+00
   8.2200000e+01   1.0243165e+02   5.5334388e+01
   8.2300000e+01   1.0943165e+02   1.1405439e+02
   8.2400000e+01   1.5443165e+02  -5.0745612e+01
   8.2500000e+01   8.8431655e+01   6.5894388e+01
   8.2600000e+01   1.8643165e+02  -2.2025612e+01
   8.2700000e+01   2.6343165e+02   2.9894388e+01
   8.2800000e+01   9.1431655e+01   8.7743885e+00
   8.2900000e+01   1.8343165e+02   2.5094388e+01
   8.3000000e+01   1.0043165e+02   6.3414388e+01
   8.3100000e+01   1.0243165e+02  -3.6665612e+01
   8.3200000e+01   1.2343165e+02  -7.2505612e+01
   8.3300000e+01   7.5431655e+01  -8.1585612e+01
   8.3400000e+01   1.0043165e+02   7.3414388e+01
   8.3500000e+01   2.3743165e+02   6.7934388e+01
   8.3600000e+01   7.4431655e+01  -9.5456115e+00
   8.3700000e+01   5.0431655e+01   3.6414388e+01
   8.3800000e+01   5.8431655e+01   7.3094388e+01
   8.3900000e+01   2.2343165e+02  -6.5056115e+00
   8.4000000e+01   3.6343165e+02   2.0894388e+01
   8.4100000e+01   3.2431655e+01   1.9134388e+01
   8.4200000e+01   9.3431655e+01   5.5694388e+01
   8.4300000e+01   2.3431655e+01  -6.0505612e+01
   8.4400000e+01   2.6743165e+02   2.4734388e+01
   8.4500000e+01   2.3843165e+02  -9.2105612e+01
   8.4600000e+01   1.8743165e+02   5.0934388e+01
   8.4700000e+01   1.5043165e+02  -2.0585612e+01
   8.4800000e+01   1.4743165e+02   1.8534388e+01
   8.4900000e+01   1.9243165e+02   3.9734388e+01
   8.5000000e+01   1.4843165e+02   1.1249439e+02
   8.5100000e+01   1.9043165e+02   1.4814388e+01
   8.5200000e+01   3.7431655e+01  -6.9065612e+01
   8.5300000e+01   1.9431655e+01   3.6654388e+01
   8.5400000e+01   9.4431655e+01  -1.5345612e+01
   8.5500000e+01   2.1743165e+02  -1.1265612e+01
   8.5600000e+01   1.3743165e+02   2.9934388e+01
   8.5700000e+01   2.0743165e+02   2.9134388e+01
   8.5800000e+01   2.0043165e+02   1.0414388e+01
   8.5900000e+01   2.3143165e+02  -5.8256115e+00
   8.6000000e+01   2.3143165e+02  -5.2825612e+01
   8.6100000e+01   1.7443165e+02  -3.2545612e+01
   8.6200000e+01   1.4143165e+02  -9.2256115e+00
   8.6300000e+01   1.9543165e+02   1.1061439e+02
   8.6400000e+01   2.5843165e+02  -4.7905612e+01
   8.6500000e+01   1.6443165e+02   5.4854388e+01
   8.6600000e+01   5.8431655e+01   2.5094388e+01
   8.6700000e+01   8.2431655e+01   6.0134388e+01
   8.6800000e+01   1.3843165e+02   5.5894388e+01
   8.6900000e+01   3.0443165e+02   7.2543885e+00
   8.7000000e+01   2.8643165e+02  -5.0256115e+00
   8.7100000e+01   3.3543165e+02  -2.2985612e+01
   8.7200000e+01   9.8431655e+01   2.0494388e+01
   8.7300000e+01   1.6543165e+02   1.6814388e+01
   8.7400000e+01   2.3143165e+02  -3.0825612e+01
   8.7500000e+01   1.3643165e+02   2.0974388e+01
   8.7600000e+01   2.7343165e+02   1.2494388e+01
   8.7700000e+01   2.5643165e+02  -3.8256115e+00
   8.7800000e+01   6.6431655e+01   3.9774388e+01
   8.7900000e+01   1.8343165e+02   1.9094388e+01
   8.8000000e+01   1.1643165e+02   5.9774388e+01
   8.8100000e+01   9.2431655e+01   4.5734388e+01
   8.8200000e+01   8.4431655e+01   9.5054388e+01
   8.8300000e+01   2.1943165e+02  -5.3345612e+01
   8.8400000e+01   6.4431655e+01   4.4854388e+01
   8.8500000e+01  -4.6568345e+01   1.5629439e+02
   8.8600000e+01   2.4243165e+02   3.7343885e+00
   8.8700000e+01   7.9431655e+01   7.4254388e+01
   8.8800000e+01   1.1643165e+02  -6.7225612e+01
   8.8900000e+01   1.1643165e+02  -1.1922561e+02
   8.9000000e+01   7.0431655e+01   5.6614388e+01
   8.9100000e+01   3.4943165e+02  -2.6545612e+01
   8.9200000e+01   1.9043165e+02   1.1814388e+01
   8.9300000e+01   5.7431655e+01  -4.2865612e+01
   8.9400000e+01   1.3943165e+02  -4.7145612e+01
   8.9500000e+01   1.8243165e+02   7.0134388e+01
   8.9600000e+01   1.4043165e+02  -4.3185612e+01
   8.9700000e+01   2.7043165e+02  -9.7385612e+01
   8.9800000e+01   1.8543165e+02   6.9014388e+01
   8.9900000e+01   1.9443165e+02   6.0654388e+01
   9.0000000e+01   2.1343165e+02  -4.5105612e+01
   9.0100000e+01   8.2431655e+01   1.8213439e+02
   9.0200000e+01   1.0543165e+02   1.2143885e+00
   9.0300000e+01  -4.0568345e+01  -1.1945612e+01
   9.0400000e+01   1.3743165e+02   7.9343885e+00
   9.0500000e+01   1.1143165e+02   1.0974388e+01
   9.0600000e+01   7.4316547e+00  -9.8656115e+00
   9.0700000e+01   5.2431655e+01   1.1334388e+01
   9.0800000e+01   2.7443165e+02   7.2454388e+01
   9.0900000e+01   1.7043165e+02  -6.6385612e+01
   9.1000000e+01   2.1843165e+02   1.0669439e+02
   9.1100000e+01   9.6431655e+01   1.5574388e+01
   9.1200000e+01   1.1743165e+02  -7.0265612e+01
   9.1300000e+01  -3.3568345e+01  -1.7225612e+01
   9.1400000e+01   6.4431655e+01   7.8543885e+00
   9.1500000e+01   2.4543165e+02   2.5614388e+01
   9.1600000e+01   1.1443165e+02   8.1854388e+01
   9.1700000e+01   1.7431655e+01   6.3734388e+01
   9.1800000e+01   1.2431655e+01   8.9343885e+00
   9.1900000e+01   1.7843165e+02   5.2943885e+00
   9.2000000e+01   1.3143165e+02  -2.4825612e+01
   9.2100000e+01   2.1543165e+02  -5.0185612e+01
   9.2200000e+01   1.8543165e+02   1.4388489e-02
   9.2300000e+01   3.1143165e+02  -2.0025612e+01
   9.2400000e+01   3.6543165e+02   4.8143885e+00
   9.2500000e+01   3.3943165e+02   1.8854388e+01
   9.2600000e+01   1.5643165e+02   2.1743885e+00
   9.2700000e+01   2.4316547e+00  -7.6665612e+01
   9.2800000e+01   7.9431655e+01   4.1254388e+01
   9.2900000e+01   4.3431655e+01  -3.4305612e+01
   9.3000000e+01   2.0343165e+02  -3.3705612e+01
   9.3100000e+01   2.3843165e+02  -9.1056115e+00
   9.3200000e+01   3.0843165e+02  -2.6905612e+01
   9.3300000e+01   1.5143165e+02   2.7374388e+01
   9.3400000e+01   2.0843165e+02   1.1094388e+01
   9.3500000e+01   1.3743165e+02  -2.7065612e+01
   9.3600000e+01   1.7843165e+02  -3.6705612e+01
   9.3700000e+01   2.0431655e+01   1.4614388e+01
   9.3800000e+01   5.4316547e+00  -5.0785612e+01
   9.3900000e+01   1.0843165e+02  -1.1905612e+01
   9.4000000e+01   3.3431655e+01   1.6094388e+01
   9.4100000e+01   1.9143165e+02   1.6774388e+01
   9.4200000e+01   7.9431655e+01   9.4254388e+01
   9.4300000e+01   7.4316547e+00  -2.8656115e+00
   9.4400000e+01   2.4043165e+02   7.1814388e+01
   9.4500000e+01   1.4643165e+02  -5.7425612e+01
   9.4600000e+01   8.3431655e+01   7.0094388e+01
   9.4700000e+01   2.7643165e+02  -4.7625612e+01
   9.4800000e+01   2.6343165e+02   8.6894388e+01
   9.4900000e+01   1.8143165e+02   4.1743885e+00
   9.5000000e+01   1.2543165e+02   2.4143885e+00
   9.5100000e+01   1.5243165e+02   4.3343885e+00
   9.5200000e+01   7.1431655e+01   3.3574388e+01
   9.5300000e+01   1.5343165e+02   7.0294388e+01
   9.5400000e+01   1.6543165e+02  -6.4185612e+01
   9.5500000e+01   1.2243165e+02   1.3653439e+02
   9.5600000e+01   1.9943165e+02   3.4543885e+00
   9.5700000e+01   7.7431655e+01   1.5334388e+01
   9.5800000e+01   2.7443165e+02   1.8454388e+01
   9.5900000e+01   1.2243165e+02   1.0534388e+01
   9.6000000e+01   2.9943165e+02  -2.5456115e+00
   9.6100000e+01   1.1043165e+02   9.0143885e+00
   9.6200000e+01   1.8443165e+02  -1.9945612e+01
   9.6300000e+01   3.6543165e+02  -4.3185612e+01
   9.6400000e+01   8.3431655e+01  -3.9905612e+01
   9.6500000e+01   7.2431655e+01  -1.8465612e+01
   9.6600000e+01   1.0643165e+02   4.5174388e+01
   9.6700000e+01   1.6643165e+02  -3.3225612e+01
   9.6800000e+01   1.3643165e+02   5.4974388e+01
   9.6900000e+01   1.6843165e+02  -8.1305612e+01
   9.7000000e+01  -1.1256835e+02  -2.9065612e+01
   9.7100000e+01   8.1431655e+01  -1.2825612e+01
   9.7200000e+01  -4.7568345e+01   4.3334388e+01
   9.7300000e+01   1.4316547e+00   7.3743885e+00
   9.7400000e+01  -1.1568345e+01  -1.3105612e+01
   9.7500000e+01   6.5431655e+01  -1.1718561e+02
   9.7600000e+01   1.5843165e+02  -3.9056115e+00
   9.7700000e+01   8.7431655e+01  -2.3065612e+01
   9.7800000e+01   1.1343165e+02   9.4894388e+01
   9.7900000e+01   1.1343165e+02  -6.1056115e+00
   9.8000000e+01  -6.5683453e+00  -6.8305612e+01
   9.8100000e+01   1.5243165e+02   1.0233439e+02
   9.8200000e+01   2.9843165e+02  -2.8505612e+01
   9.8300000e+01   1.0143165e+02   3.7438849e-01
   9.8400000e+01   6.7431655e+01  -6.5265612e+01
   9.8500000e+01   1.8643165e+02  -6.0256115e+00
   9.8600000e+01   1.1543165e+02  -3.0185612e+01
   9.8700000e+01   3.9431655e+01  -2.2145612e+01
   9.8800000e+01   2.4243165e+02   3.4734388e+01
   9.8900000e+01   1.2443165e+02   5.6454388e+01
   9.9000000e+01   1.8543165e+02  -2.9985612e+01
   9.9100000e+01   1.2431655e+01   7.9934388e+01
   9.9200000e+01   1.1143165e+02   2.3974388e+01
   9.9300000e+01   3.3843165e+02  -7.4105612e+01
   9.9400000e+01   1.4743165e+02  -4.0465612e+01
   9.9500000e+01   1.9143165e+02  -1.2256115e+00
   9.9600000e+01   6.2431655e+01  -4.1065612e+01
   9.9700000e+01   7.5431655e+01  -2.3585612e+01
   9.9800000e+01   1.0543165e+02  -8.2785612e+01
   9.9900000e+01   1.8843165e+02  -2.1105612e+01
   1.0000000e+02   1.5943165e+02   3.0543885e+00
   1.0010000e+02   4.0431655e+01   8.4814388e+01
   1.0020000e+02   1.7143165e+02  -2.0425612e+01
   1.0030000e+02  -1.0568345e+01  -6.4145612e+01
   1.0040000e+02   1.1443165e+02  -7.6145612e+01
   1.0050000e+02   1.1543165e+02  -5.8185612e+01
   1.0060000e+02   2.5643165e+02  -2.2825612e+01
   1.0070000e+02   2.1743165e+02  -7.9265612e+01
   1.0080000e+02   1.0143165e+02  -8.6256115e+00
   1.0090000e+02   2.0443165e+02  -3.1745612e+01
   1.0100000e+02   1.8143165e+02   7.0174388e+01
   1.0110000e+02   1.6743165e+02  -1.8265612e+01
   1.0120000e+02   8.8431655e+01  -4.8105612e+01
   1.0130000e+02   1.2943165e+02  -3.7456115e+00
   1.0140000e+02   2.5243165e+02  -6.3665612e+01
   1.0150000e+02   8.0431655e+01   9.5214388e+01
   1.0160000e+02   4.4431655e+01  -3.4345612e+01
   1.0170000e+02   1.1843165e+02   8.4694388e+01
   1.0180000e+02   1.7443165e+02   6.3454388e+01
   1.0190000e+02   3.2431655e+01  -9.8656115e+00
   1.0200000e+02   1.6543165e+02   5.8143885e+00
   1.0210000e+02   9.6431655e+01  -8.4425612e+01
   1.0220000e+02   1.1743165e+02   3.5734388e+01
   1.0230000e+02   1.0243165e+02   7.8334388e+01
   1.0240000e+02   1.0643165e+02  -4.3825612e+01
   1.0250000e+02   1.4143165e+02   7.4774388e+01
   1.0260000e+02   1.2843165e+02   4.5294388e+01
   1.0270000e+02   1.2843165e+02   3.2294388e+01
   1.0280000e+02   2.4343165e+02  -3.3056115e+00
   1.0290000e+02   1.0543165e+02  -4.3785612e+01
   1.0300000e+02  -4.9568345e+01   4.6414388e+01
   1.0310000e+02   1.7943165e+02   2.4254388e+01
   1.0320000e+02   1.1243165e+02   4.7934388e+01
   1.0330000e+02   9.4431655e+01   8.3654388e+01
   1.0340000e+02   1.9043165e+02  -7.0185612e+01
   1.0350000e+02   2.8431655e+01  -2.8705612e+01
   1.0360000e+02   6.9431655e+01  -6.3456115e+00
   1.0370000e+02   2.6643165e+02   4.7774388e+01
   1.0380000e+02   7.1431655e+01   2.2574388e+01
   1.0390000e+02   1.4043165e+02  -1.5185612e+01
   1.0400000e+02   1.8743165e+02   5.7934388e+01
   1.0410000e+02   2.9431655e+01  -5.6745612e+01
   1.0420000e+02   1.8943165e+02   6.3854388e+01
   1.0430000e+02   3.0543165e+02   2.5214388e+01
   1.0440000e+02   2.1543165e+02   3.6814388e+01
   1.0450000e+02   1.4316547e+00   3.0374388e+01
   1.0460000e+02   1.5243165e+02   1.4334388e+01
   1.0470000e+02   7.4431655e+01   8.8454388e+01
   1.0480000e+02   2.3431655e+01   1.7494388e+01
   1.0490000e+02   4.9431655e+01   7.2454388e+01
   1.0500000e+02   1.5243165e+02   1.3334388e+01
   1.0510000e+02   5.4316547e+00  -1.6785612e+01
   1.0520000e+02  -1.8568345e+01   7.2174388e+01
   1.0530000e+02   6.2431655e+01   4.2934388e+01
   1.0540000e+02   1.8843165e+02   3.4894388e+01
   1.0550000e+02   2.0843165e+02   3.2094388e+01
   1.0560000e+02   1.1143165e+02   1.4974388e+01
   1.0570000e+02   2.0643165e+02   4.1174388e+01
   1.0580000e+02   4.8431655e+01   6.4943885e+00
   1.0590000e+02   5.0431655e+01   1.2414388e+01
   1.0600000e+02   2.7143165e+02   1.6574388e+01
   1.0610000e+02   1.6743165e+02  -1.2265612e+01
   1.0620000e+02   8.9431655e+01  -5.9145612e+01
   1.0630000e+02   1.2431655e+01  -4.3065612e+01
   1.0640000e+02   4.1431655e+01   6.8774388e+01
   1.0650000e+02   1.6143165e+02  -7.0256115e+00
   1.0660000e+02   4.4316547e+00   3.6254388e+01
   1.0670000e+02   4.0431655e+01   1.0814388e+01
   1.0680000e+02   1.1143165e+02   4.9743885e+00
   1.0690000e+02  -1.8568345e+01  -7.8256115e+00
   1.0700000e+02   3.2743165e+02   8.5334388e+01
   1.0710000e+02   2.4243165e+02   2.2734388e+01
   1.0720000e+02   4.9431655e+01   4.4543885e+00
   1.0730000e+02   1.6043165e+02  -2.9856115e+00
   1.0740000e+02   1.8243165e+02   1.7134388e+01
   1.0750000e+02   2.9443165e+02  -4.1345612e+01
   1.0760000e+02   5.4431655e+01  -2.7745612e+01
   1.0770000e+02   1.3043165e+02   5.4214388e+01
   1.0780000e+02   1.4543165e+02   3.1614388e+01
   1.0790000e+02   1.2643165e+02   2.6374388e+01
   1.0800000e+02   8.2431655e+01   6.8134388e+01
   1.0810000e+02   1.3343165e+02   2.9094388e+01
   1.0820000e+02   2.1143165e+02   1.2974388e+01
   1.0830000e+02   3.1943165e+02  -4.0345612e+01
   1.0840000e+02   1.3943165e+02   2.8854388e+01
   1.0850000e+02   1.9943165e+02  -2.7545612e+01
   1.0860000e+02   1.2443165e+02  -3.9545612e+01
   1.0870000e+02   1.9943165e+02   5.3454388e+01
   1.0880000e+02   1.3843165e+02   3.0894388e+01
   1.0890000e+02   2.1743165e+02  -4.1265612e+01
   1.0900000e+02   2.8543165e+02  -9.8561151e-01
   1.0910000e+02   1.4743165e+02  -1.4656115e+00
   1.0920000e+02   1.3843165e+02   4.8943885e+00
   1.0930000e+02   9.8431655e+01   9.3494388e+01
   1.0940000e+02   1.3443165e+02  -1.2945612e+01
   1.0950000e+02   6.5431655e+01   2.4814388e+01
   1.0960000e+02   9.4316547e+00  -2.5945612e+01
   1.0970000e+02   7.6431655e+01  -7.0625612e+01
   1.0980000e+02   7.1431655e+01  -1.2425612e+01
   1.0990000e+02   1.1943165e+02   7.6654388e+01
   1.1000000e+02   6.7431655e+01   4.7343885e+00
   1.1010000e+02   8.6431655e+01  -1.6025612e+01
   1.1020000e+02   4.6431655e+01  -2.9425612e+01
   1.1030000e+02   1.8431655e+01  -1.5305612e+01
   1.1040000e+02   5.9431655e+01   9.0543885e+00
   1.1050000e+02  -3.5683453e+00  -4.0425612e+01
   1.1060000e+02   1.7143165e+02   2.2574388e+01
   1.1070000e+02   8.6431655e+01  -1.0025612e+01
   1.1080000e+02   2.1143165e+02   9.7438849e-01
   1.1090000e+02   1.4743165e+02   7.4534388e+01
   1.1100000e+02   8.1431655e+01   5.9174388e+01
   1.1110000e+02  -2.2568345e+01  -1.4665612e+01
   1.1120000e+02   6.6431655e+01  -4.5225612e+01
   1.1130000e+02  -9.5683453e+00   7.8143885e+00
   1.1140000e+02   5.0431655e+01   8.7414388e+01
   1.1150000e+02   1.7243165e+02  -1.3465612e+01
   1.1160000e+02   1.4431655e+01  -4.9145612e+01
   1.1170000e+02   1.3743165e+02  -1.5065612e+01
   1.1180000e+02   1.1243165e+02   1.0293439e+02
   1.1190000e+02   8.5431655e+01  -2.3985612e+01
   1.1200000e+02   5.8431655e+01   7.6094388e+01
   1.1210000e+02  -4.7568345e+01  -2.7665612e+01
   1.1220000e+02   1.4243165e+02  -1.0265612e+01
   1.1230000e+02   1.6643165e+02  -2.3225612e+01
   1.1240000e+02   1.2143165e+02  -7.4425612e+01
   1.1250000e+02   1.4443165e+02  -1.8345612e+01
   1.1260000e+02   9.2431655e+01   1.7734388e+01
   1.1270000e+02   2.7431655e+01   9.3334388e+01
   1.1280000e+02   1.5743165e+02   8.8134388e+01
   1.1290000e+02   2.1043165e+02   2.1014388e+01
   1.1300000e+02   1.6543165e+02   4.8143885e+00
   1.1310000e+02  -5.2568345e+01   2.6534388e+01
   1.1320000e+02   1.9043165e+02  -4.8185612e+01
   1.1330000e+02   1.3643165e+02   2.4974388e+01
   1.1340000e+02   1.1643165e+02  -5.2256115e+00
   1.1350000e+02   3.0431655e+01  -1.7856115e+00
   1.1360000e+02   1.6843165e+02  -1.4305612e+01
   1.1370000e+02   4.7431655e+01  -5.9465612e+01
   1.1380000e+02   1.9543165e+02  -4.4385612e+01
   1.1390000e+02   1.3943165e+02   8.5854388e+01
   1.1400000e+02   1.2743165e+02  -2.4665612e+01
   1.1410000e+02   1.5143165e+02  -6.6256115e+00
   1.1420000e+02   1.5343165e+02  -5.4705612e+01
   1.1430000e+02   3.5431655e+01   6.1014388e+01
   1.1440000e+02   3.0643165e+02  -2.9825612e+01
   1.1450000e+02   4.1431655e+01   6.6774388e+01
   1.1460000e+02   1.2431655e+01  -5.7065612e+01
   1.1470000e+02   1.6243165e+02   3.0934388e+01
   1.1480000e+02   9.4316547e+00  -3.3945612e+01
   1.1490000e+02  -2.0568345e+01   5.9254388e+01
   1.1500000e+02   4.4431655e+01  -4.1345612e+01
   1.1510000e+02   8.3431655e+01  -1.1905612e+01
   1.1520000e+02   1.4143165e+02  -5.4225612e+01
   1.1530000e+02   2.1043165e+02   5.5014388e+01
   1.1540000e+02   1.8443165e+02  -1.6945612e+01
   1.1550000e+02   4.4431655e+01   5.6543885e+00
   1.1560000e+02   5.9431655e+01  -1.9456115e+00
   1.1570000e+02   2.2743165e+02   4.0334388e+01
   1.1580000e+02   2.1343165e+02  -4.5105612e+01
   1.1590000e+02   1.6443165e+02   1.6854388e+01
   1.1600000e+02   1.2843165e+02  -6.7705612e+01
   1.1610000e+02   1.3243165e+02   7.1343885e+00
   1.1620000e+02   1.2443165e+02   7.5454388e+01
   1.1630000e+02   4.0143165e+02  -7.7625612e+01
   1.1640000e+02   2.4743165e+02   1.0053439e+02
   1.1650000e+02   6.5431655e+01   9.9814388e+01
   1.1660000e+02   2.6431655e+01   1.7374388e+01
   1.1670000e+02   1.7843165e+02  -3.8705612e+01
   1.1680000e+02   2.3543165e+02   1.7014388e+01
   1.1690000e+02   6.1431655e+01  -1.5025612e+01
   1.1700000e+02   1.1243165e+02   1.0193439e+02
   1.1710000e+02   1.5643165e+02   4.6174388e+01
   1.1720000e+02   1.7943165e+02  -6.2745612e+01
   1.1730000e+02   1.8743165e+02   8.1934388e+01
   1.1740000e+02   9.3431655e+01   9.0694388e+01
   1.1750000e+02   5.2431655e+01   3.1334388e+01
   1.1760000e+02   1.5043165e+02   7.3414388e+01
   1.1770000e+02   1.4143165e+02   6.6774388e+01
   1.1780000e+02   1.4743165e+02   5.5343885e+00
   1.1790000e+02   3.4243165e+02  -4.2656115e+00
   1.1800000e+02  -4.9568345e+01  -2.9585612e+01
   1.1810000e+02   3.4431655e+01   4.4054388e+01
   1.1820000e+02   4.7431655e+01   5.7534388e+01
   1.1830000e+02   7.9431655e+01  -4.4745612e+01
   1.1840000e+02   3.6243165e+02  -5.5065612e+01
   1.1850000e+02   2.1243165e+02  -9.0656115e+00
   1.1860000e+02   1.2543165e+02  -1.3585612e+01
   1.1870000e+02   1.5543165e+02   6.2143885e+00
   1.1880000e+02   6.7431655e+01   1.7734388e+01
   1.1890000e+02   6.0431655e+01  -3.0985612e+01
   1.1900000e+02   8.1431655e+01   1.1517439e+02
   1.1910000e+02   2.4743165e+02  -8.4656115e+00
   1.1920000e+02   1.1043165e+02  -8.2985612e+01
   1.1930000e+02   8.4431655e+01  -5.4945612e+01
   1.1940000e+02   1.2643165e+02   1.3137439e+02
   1.1950000e+02  -1.2568345e+01  -3.1065612e+01
   1.1960000e+02   1.8443165e+02   7.7054388e+01
   1.1970000e+02   1.5543165e+02   1.2214388e+01
   1.1980000e+02   1.9843165e+02   4.3494388e+01
   1.1990000e+02   1.4043165e+02   2.2814388e+01
   1.2000000e+02   7.6431655e+01   1.1037439e+02
   1.2010000e+02   2.4243165e+02   7.3734388e+01
   1.2020000e+02   7.0431655e+01   3.0614388e+01
   1.2030000e+02   1.3543165e+02  -9.9856115e+00
   1.2040000e+02   1.3443165e+02   1.4405439e+02
   1.2050000e+02   1.4316547e+00   3.3743885e+00
   1.2060000e+02   2.8543165e+02   1.4388489e-02
   1.2070000e+02   8.3431655e+01  -9.7905612e+01
   1.2080000e+02   3.3843165e+02  -5.8105612e+01
   1.2090000e+02   2.6443165e+02  -1.0145612e+01
   1.2100000e+02   1.6743165e+02  -1.6265612e+01
   1.2110000e+02   1.5743165e+02  -1.0865612e+01
   1.2120000e+02   3.6343165e+02  -1.0561151e-01
   1.2130000e+02   1.1043165e+02   2.5601439e+02
   1.2140000e+02   1.2543165e+02  -1.7585612e+01
   1.2150000e+02   1.4743165e+02   5.1534388e+01
   1.2160000e+02   1.6343165e+02  -6.7105612e+01
   1.2170000e+02   9.3431655e+01   6.6943885e+00
   1.2180000e+02   2.2943165e+02   8.2543885e+00
   1.2190000e+02   8.3431655e+01  -1.4905612e+01
   1.2200000e+02   6.7431655e+01  -2.3265612e+01
   1.2210000e+02   3.3431655e+01   7.0094388e+01
   1.2220000e+02   1.9243165e+02  -2.2656115e+00
   1.2230000e+02   4.8431655e+01  -4.0505612e+01
   1.2240000e+02   1.8143165e+02   7.0174388e+01
   1.2250000e+02   1.5243165e+02   3.3343885e+00
   1.2260000e+02   2.0343165e+02  -2.9705612e+01
   1.2270000e+02   1.6443165e+02  -4.0145612e+01
   1.2280000e+02   7.4431655e+01   3.9454388e+01
   1.2290000e+02   3.1743165e+02  -1.7265612e+01
   1.2300000e+02   4.4431655e+01   4.7654388e+01
   1.2310000e+02   3.9343165e+02   1.9694388e+01
   1.2320000e+02   1.7243165e+02  -1.0465612e+01
   1.2330000e+02   1.8443165e+02   4.4054388e+01
   1.2340000e+02   1.3243165e+02   1.5134388e+01
   1.2350000e+02   7.6431655e+01  -1.5625612e+01
   1.2360000e+02   2.0343165e+02   2.7294388e+01
   1.2370000e+02   2.9431655e+01   3.2543885e+00
   1.2380000e+02  -7.4568345e+01  -4.2585612e+01
   1.2390000e+02   1.4643165e+02   6.5574388e+01
   1.2400000e+02   6.8431655e+01  -1.5305612e+01
   1.2410000e+02   1.0243165e+02  -5.1665612e+01
   1.2420000e+02   1.4316547e+00   4.3743885e+00
   1.2430000e+02   1.3643165e+02  -1.0025612e+01
   1.2440000e+02   2.6743165e+02   4.6734388e+01
   1.2450000e+02   1.4743165e+02   6.5343885e+00
   1.2460000e+02   3.0943165e+02  -1.7945612e+01
   1.2470000e+02   1.5943165e+02  -7.8945612e+01
   1.2480000e+02   1.3943165e+02  -1.4145612e+01
   1.2490000e+02  -2.5683453e+00  -7.4656115e+00
   1.2500000e+02   1.1343165e+02  -7.7105612e+01
   1.2510000e+02   8.4431655e+01  -9.4561151e-01
   1.2520000e+02   2.8343165e+02  -1.4905612e+01
   1.2530000e+02   1.1643165e+02   1.0377439e+02
   1.2540000e+02   3.7043165e+02  -1.5385612e+01
   1.2550000e+02   1.5043165e+02   2.3414388e+01
   1.2560000e+02   1.0743165e+02   5.1343885e+00
   1.2570000e+02   1.2543165e+02  -4.2585612e+01
   1.2580000e+02   1.2643165e+02  -6.9625612e+01
   1.2590000e+02   2.2943165e+02   2.3254388e+01
   1.2600000e+02   1.4043165e+02   3.2814388e+01
   1.2610000e+02   2.5543165e+02  -5.4785612e+01
   1.2620000e+02   1.3943165e+02  -5.4145612e+01
   1.2630000e+02   2.3943165e+02  -1.6145612e+01
   1.2640000e+02   1.0643165e+02  -4.7825612e+01
   1.2650000e+02   7.8431655e+01   7.4294388e+01
   1.2660000e+02  -8.5683453e+00   1.9774388e+01
   1.2670000e+02   1.8343165e+02  -6.4905612e+01
   1.2680000e+02   4.5431655e+01  -1.3856115e+00
   1.2690000e+02   1.6643165e+02   1.4774388e+01
   1.2700000e+02   1.5443165e+02  -1.7745612e+01
   1.2710000e+02   7.8431655e+01  -3.0705612e+01
   1.2720000e+02   2.0643165e+02  -7.1825612e+01
   1.2730000e+02   1.9843165e+02   3.4494388e+01
   1.2740000e+02   1.4343165e+02  -3.3305612e+01
   1.2750000e+02   8.3431655e+01  -2.6905612e+01
   1.2760000e+02   6.4316547e+00  -2.8256115e+00
   1.2770000e+02   1.7443165e+02   4.4454388e+01
   1.2780000e+02   2.0443165e+02   7.2543885e+00
   1.2790000e+02   1.3431655e+01  -2.5105612e+01
   1.2800000e+02   1.0043165e+02   1.7414388e+01
   1.2810000e+02   5.0431655e+01  -6.0585612e+01
   1.2820000e+02  -3.6568345e+01   6.8894388e+01
   1.2830000e+02  -4.6568345e+01   2.0294388e+01
   1.2840000e+02   1.1343165e+02  -6.0105612e+01
   1.2850000e+02  -2.5568345e+01   2.8454388e+01
   1.2860000e+02   2.3431655e+01  -1.5505612e+01
   1.2870000e+02  -8.5683453e+00   1.4774388e+01
   1.2880000e+02   1.0431655e+01  -8.9856115e+00
   1.2890000e+02   1.0343165e+02  -8.0705612e+01
   1.2900000e+02  -3.7568345e+01   3.9343885e+00
   1.2910000e+02   2.0431655e+01  -5.3856115e+00
   1.2920000e+02  -5.1568345e+01  -6.8505612e+01
   1.2930000e+02  -9.8568345e+01   6.4374388e+01
   1.2940000e+02  -1.1568345e+01   7.9894388e+01
   1.2950000e+02  -8.7568345e+01   4.7934388e+01
   1.2960000e+02  -2.8568345e+01  -4.4256115e+00
   1.2970000e+02   2.7431655e+01   1.9334388e+01
   1.2980000e+02  -9.9568345e+01  -8.5856115e+00
   1.2990000e+02  -8.5683453e+00   4.9774388e+01
   1.3000000e+02   1.2743165e+02   5.3343885e+00
   1.3010000e+02   4.2431655e+01  -1.6265612e+01
   1.3020000e+02   8.3431655e+01   9.7094388e+01
   1.3030000e+02  -1.5568345e+01   4.6054388e+01
   1.3040000e+02   3.6431655e+01   1.5974388e+01
   1.3050000e+02  -3.4568345e+01  -4.5185612e+01
   1.3060000e+02   1.4316547e+00   3.9374388e+01
   1.3070000e+02  -6.9568345e+01   1.8214388e+01
   1.3080000e+02   2.4316547e+00   1.0133439e+02
   1.3090000e+02   1.3443165e+02   4.5054388e+01
   1.3100000e+02   2.8431655e+01   3.0294388e+01
   1.3110000e+02   1.2643165e+02   1.0237439e+02
   1.3120000e+02  -1.1568345e+01  -2.8105612e+01
   1.3130000e+02   4.7431655e+01  -1.1465612e+01
   1.3140000e+02   1.7431655e+01   7.1734388e+01
   1.3150000e+02   5.9431655e+01   1.0205439e+02
   1.3160000e+02   2.0431655e+01  -3.5385612e+01
   1.3170000e+02   1.4431655e+01  -6.1456115e+00
   1.3180000e+02   5.6431655e+01   1.3317439e+02
   1.3190000e+02  -9.6568345e+01   9.2943885e+00
   1.3200000e+02   6.1431655e+01   6.4974388e+01
   1.3210000e+02  -4.5683453e+00  -2.8385612e+01
   1.3220000e+02  -4.5683453e+00   6.0614388e+01
   1.3230000e+02  -9.2568345e+01   1.1343885e+00
   1.3240000e+02  -8.8568345e+01   2.1974388e+01
   1.3250000e+02  -4.0568345e+01  -5.6945612e+01
   1.3260000e+02   2.0743165e+02   1.8134388e+01
   1.3270000e+02  -1.4568345e+01  -4.6985612e+01
   1.3280000e+02   1.4643165e+02   3.2574388e+01
   1.3290000e+02   4.4431655e+01   1.2654388e+01
   1.3300000e+02   1.5431655e+01   3.2814388e+01
   1.3310000e+02   1.3343165e+02  -4.2905612e+01
   1.3320000e+02  -7.1568345e+01   7.4294388e+01
   1.3330000e+02   4.1431655e+01  -1.4225612e+01
   1.3340000e+02   6.4431655e+01   1.4854388e+01
   1.3350000e+02   2.8043165e+02  -1.1785612e+01
   1.3360000e+02   3.7431655e+01   3.9934388e+01
   1.3370000e+02  -2.1568345e+01  -3.7056115e+00
   1.3380000e+02  -2.1568345e+01   2.2943885e+00
   1.3390000e+02   1.0343165e+02  -4.9705612e+01
   1.3400000e+02   1.7243165e+02  -8.3465612e+01
   1.3410000e+02   5.3431655e+01  -6.7056115e+00
   1.3420000e+02  -4.6568345e+01   9.3294388e+01
   1.3430000e+02  -8.1568345e+01   1.4694388e+01
   1.3440000e+02  -8.6568345e+01   1.3689439e+02
   1.3450000e+02  -1.5568345e+01   2.5054388e+01
   1.3460000e+02   1.4316547e+00  -4.5625612e+01
   1.3470000e+02  -1.8568345e+01   3.9174388e+01
   1.3480000e+02   1.0643165e+02  -1.6825612e+01
   1.3490000e+02   1.2443165e+02   1.8454388e+01
   1.3500000e+02  -7.8568345e+01   1.9574388e+01
   1.3510000e+02   8.3431655e+01   4.3094388e+01
   1.3520000e+02   2.3431655e+01   6.3494388e+01
   1.3530000e+02   5.6431655e+01  -5.8256115e+00
   1.3540000e+02  -2.5683453e+00   4.0534388e+01
   1.3550000e+02   1.5243165e+02   4.4334388e+01
   1.3560000e+02  -6.5683453e+00   1.6694388e+01
   1.3570000e+02   5.9431655e+01   2.3054388e+01
   1.3580000e+02   7.6431655e+01   3.2374388e+01
   1.3590000e+02   5.6431655e+01   3.0174388e+01
   1.3600000e+02   7.4431655e+01  -3.1545612e+01
   1.3610000e+02   2.9431655e+01   2.5438849e-01
   1.3620000e+02  -3.0568345e+01  -1.3456115e+00
   1.3630000e+02  -9.3568345e+01   8.2174388e+01
   1.3640000e+02  -1.3256835e+02  -2.2265612e+01
   1.3650000e+02  -6.7568345e+01   9.3134388e+01
   1.3660000e+02   6.3431655e+01  -6.7105612e+01
   1.3670000e+02  -5.6568345e+01   3.6694388e+01
   1.3680000e+02   1.3643165e+02   1.2297439e+02
   1.3690000e+02  -1.0356835e+02   4.3574388e+01
   1.3700000e+02  -3.4568345e+01   7.2814388e+01
   1.3710000e+02   8.4431655e+01  -2.9945612e+01
   1.3720000e+02   5.5431655e+01  -1.7785612e+01
   1.3730000e+02  -2.2568345e+01   1.3343885e+00
   1.3740000e+02  -1.0568345e+01  -4.7145612e+01
   1.3750000e+02   2.3243165e+02   1.3313439e+02
   1.3760000e+02   9.6431655e+01  -2.8425612e+01
   1.3770000e+02   5.5431655e+01  -7.7856115e+00
   1.3780000e+02   1.2143165e+02  -2.1425612e+01
   1.3790000e+02   1.5643165e+02   2.1743885e+00
   1.3800000e+02   4.7431655e+01  -7.4656115e+00
   1.3810000e+02   1.9043165e+02   4.1814388e+01
   1.3820000e+02   1.2243165e+02   1.5534388e+01
   1.3830000e+02   3.6431655e+01  -2.0256115e+00
   1.3840000e+02   7.0431655e+01   2.7614388e+01
   1.3850000e+02   1.2443165e+02  -3.9545612e+01
   1.3860000e+02  -2.4568345e+01   5.6414388e+01
   1.3870000e+02  -7.2568345e+01  -1.1665612e+01
   1.3880000e+02  -6.1568345e+01   3.5894388e+01
   1.3890000e+02   3.9431655e+01  -2.3145612e+01
   1.3900000e+02  -9.2568345e+01  -4.7865612e+01
   1.3910000e+02  -7.6568345e+01   3.6494388e+01
   1.3920000e+02   1.1431655e+01   1.9974388e+01
   1.3930000e+02   5.3431655e+01  -8.8705612e+01
   1.3940000e+02   1.1431655e+01  -1.9025612e+01
   1.3950000e+02   1.6431655e+01  -3.7225612e+01
   1.3960000e+02  -2.7568345e+01   1.4534388e+01
   1.3970000e+02   3.5431655e+01  -1.4985612e+01
   1.3980000e+02   5.8431655e+01  -3.1905612e+01
   1.3990000e+02  -5.3568345e+01   2.3574388e+01
   1.4000000e+02  -6.9568345e+01  -2.7856115e+00
   1.4010000e+02  -8.9568345e+01  -6.4985612e+01
   1.4020000e+02   2.8431655e+01  -1.1705612e+01
   1.4030000e+02  -7.1568345e+01  -5.4705612e+01
   1.4040000e+02  -7.9568345e+01  -4.2385612e+01
   1.4050000e+02  -2.1568345e+01  -3.9705612e+01
   1.4060000e+02  -1.1356835e+02  -2.0256115e+00
   1.4070000e+02   5.6431655e+01  -3.0825612e+01
   1.4080000e+02   1.8431655e+01  -7.4305612e+01
   1.4090000e+02  -1.2568345e+01   1.2934388e+01
   1.4100000e+02   3.4431655e+01   6.0054388e+01
   1.4110000e+02   1.1143165e+02  -4.2025612e+01
   1.4120000e+02  -2.5568345e+01  -2.1545612e+01
   1.4130000e+02   4.2431655e+01  -3.5265612e+01
   1.4140000e+02   1.5431655e+01  -6.8185612e+01
   1.4150000e+02  -5.1568345e+01  -2.3505612e+01
   1.4160000e+02  -1.1956835e+02  -6.5785612e+01
   1.4170000e+02  -1.2256835e+02   1.8633439e+02
   1.4180000e+02   7.5431655e+01   9.4143885e+00
   1.4190000e+02   4.8431655e+01  -2.5505612e+01
   1.4200000e+02  -5.3568345e+01  -3.4256115e+00
   1.4210000e+02   6.4316547e+00   7.2174388e+01
   1.4220000e+02  -5.2568345e+01  -2.4656115e+00
   1.4230000e+02  -1.5356835e+02   3.8574388e+01
   1.4240000e+02  -1.9568345e+01  -5.9785612e+01
   1.4250000e+02  -9.3568345e+01  -3.7825612e+01
   1.4260000e+02  -6.5683453e+00  -5.9305612e+01
   1.4270000e+02   6.5431655e+01  -1.7185612e+01
   1.4280000e+02   2.2431655e+01  -6.0465612e+01
   1.4290000e+02   5.1431655e+01  -1.2625612e+01
   1.4300000e+02  -3.9568345e+01  -6.7985612e+01
   1.4310000e+02  -2.3568345e+01  -6.5625612e+01
   1.4320000e+02  -5.5568345e+01  -2.4345612e+01
   1.4330000e+02   8.6431655e+01  -2.0256115e+00
   1.4340000e+02  -1.2568345e+01   8.8934388e+01
   1.4350000e+02   9.1431655e+01   1.3774388e+01
   1.4360000e+02  -4.8568345e+01  -3.3625612e+01
   1.4370000e+02   1.9431655e+01  -3.5345612e+01
   1.4380000e+02  -8.1568345e+01   2.6943885e+00
   1.4390000e+02  -9.2568345e+01   5.9134388e+01
   1.4400000e+02   2.4431655e+01  -3.5545612e+01
   1.4410000e+02  -4.0568345e+01  -7.9945612e+01
   1.4420000e+02   2.9431655e+01  -4.8745612e+01
   1.4430000e+02   3.3431655e+01  -3.1905612e+01
   1.4440000e+02   7.0431655e+01   5.4614388e+01
   1.4450000e+02   8.8431655e+01  -1.6105612e+01
   1.4460000e+02  -8.5568345e+01   2.8543885e+00
   1.4470000e+02   4.6431655e+01   4.4574388e+01
   1.4480000e+02  -9.4568345e+01   6.4214388e+01
   1.4490000e+02   3.6431655e+01   1.6974388e+01
   1.4500000e+02   2.8431655e+01  -1.1070561e+02
   1.4510000e+02   3.9431655e+01   9.1854388e+01
   1.4520000e+02   3.4316547e+00  -4.7705612e+01
   1.4530000e+02  -1.4568345e+01  -2.3985612e+01
   1.4540000e+02   4.3165468e-01  -6.5856115e+00
   1.4550000e+02  -4.2568345e+01  -4.5865612e+01
   1.4560000e+02  -4.7568345e+01  -4.1665612e+01
   1.4570000e+02  -3.0568345e+01   3.1654388e+01
   1.4580000e+02  -1.2356835e+02  -2.8625612e+01
   1.4590000e+02   9.5431655e+01  -1.1338561e+02
   1.4600000e+02   8.0431655e+01   8.7214388e+01
   1.4610000e+02   6.4431655e+01   1.5854388e+01
   1.4620000e+02  -1.1756835e+02  -5.6865612e+01
   1.4630000e+02   9.6431655e+01   4.0574388e+01
   1.4640000e+02  -7.0568345e+01  -3.5745612e+01
   1.4650000e+02  -1.3756835e+02   1.9934388e+01
   1.4660000e+02  -9.9568345e+01   7.4143885e+00
   1.4670000e+02   1.0843165e+02  -2.2905612e+01
   1.4680000e+02  -1.7156835e+02  -3.4705612e+01
   1.4690000e+02   3.1431655e+01   5.3174388e+01
   1.4700000e+02  -8.6568345e+01   8.5894388e+01
   1.4710000e+02  -1.2656835e+02   1.0494388e+01
   1.4720000e+02  -4.0568345e+01  -1.6945612e+01
   1.4730000e+02  -9.5683453e+00   1.3481439e+02
   1.4740000e+02   3.5431655e+01   5.0143885e+00
   1.4750000e+02   4.1431655e+01  -8.7225612e+01
   1.4760000e+02  -8.1568345e+01  -3.3305612e+01
   1.4770000e+02  -5.0568345e+01  -5.6545612e+01
   1.4780000e+02  -1.4756835e+02   1.0334388e+01
   1.4790000e+02  -5.5683453e+00  -1.0345612e+01
   1.4800000e+02   3.9431655e+01   8.5438849e-01
   1.4810000e+02  -5.8568345e+01  -2.5225612e+01
   1.4820000e+02   8.0431655e+01   6.2143885e+00
   1.4830000e+02  -1.2956835e+02   6.8614388e+01
   1.4840000e+02   5.1431655e+01  -7.8625612e+01
   1.4850000e+02   2.8431655e+01   1.0529439e+02
   1.4860000e+02  -3.5568345e+01  -1.1145612e+01
   1.4870000e+02  -2.1568345e+01   4.6294388e+01
   1.4880000e+02  -2.7568345e+01  -5.0465612e+01
   1.4890000e+02   4.2431655e+01  -5.2656115e+00
   1.4900000e+02  -1.2956835e+02   1.6614388e+01
   1.4910000e+02  -1.8568345e+01  -6.7825612e+01
   1.4920000e+02  -1.1656835e+02   2.5094388e+01
   1.4930000e+02  -2.1568345e+01  -6.9705612e+01
   1.4940000e+02   2.3943165e+02   7.6854388e+01
   1.4950000e+02   5.1431655e+01  -1.1662561e+02
   1.4960000e+02  -1.2356835e+02  -6.3625612e+01
   1.4970000e+02  -8.3568345e+01  -2.7225612e+01
   1.4980000e+02   2.7431655e+01  -4.2665612e+01
   1.4990000e+02  -1.1256835e+02  -2.6065612e+01
   1.5000000e+02  -4.0568345e+01   2.3054388e+01
   1.5010000e+02   1.3243165e+02  -7.1865612e+01
   1.5020000e+02  -1.7856835e+02  -2.2425612e+01
   1.5030000e+02  -7.7568345e+01   7.0534388e+01
   1.5040000e+02   5.4316547e+00  -1.6785612e+01
   1.5050000e+02   2.8431655e+01   4.5294388e+01
   1.5060000e+02  -4.3568345e+01   6.8174388e+01
   1.5070000e+02   1.4943165e+02  -2.0545612e+01
   1.5080000e+02  -2.6568345e+01   1.0494388e+01
   1.5090000e+02   6.6431655e+01   7.2774388e+01
   1.5100000e+02   4.7431655e+01   2.2534388e+01
   1.5110000e+02   9.9431655e+01   1.6454388e+01
   1.5120000e+02   8.4316547e+00   2.5094388e+01
   1.5130000e+02   3.2431655e+01  -1.1865612e+01
   1.5140000e+02  -2.4568345e+01  -1.5585612e+01
   1.5150000e+02   2.0431655e+01   3.0614388e+01
   1.5160000e+02   2.9431655e+01   7.6254388e+01
   1.5170000e+02  -2.6568345e+01   1.3849439e+02
   1.5180000e+02  -1.1656835e+02   3.6094388e+01
   1.5190000e+02  -3.2568345e+01   3.5734388e+01
   1.5200000e+02   4.7431655e+01   1.1534388e+01
   1.5210000e+02   9.3431655e+01   3.2694388e+01
   1.5220000e+02   4.4431655e+01   4.6654388e+01
   1.5230000e+02  -8.2568345e+01  -2.2656115e+00
   1.5240000e+02  -7.5683453e+00  -8.2656115e+00
   1.5250000e+02   4.5431655e+01   1.2614388e+01
   1.5260000e+02   5.8431655e+01  -7.1905612e+01
   1.5270000e+02   2.3431655e+01   8.8494388e+01
   1.5280000e+02   6.8431655e+01   1.2469439e+02
   1.5290000e+02  -5.3568345e+01  -4.9425612e+01
   1.5300000e+02   8.8431655e+01   4.8943885e+00
   1.5310000e+02   3.6431655e+01  -8.0256115e+00
   1.5320000e+02   2.5431655e+01  -5.5585612e+01
   1.5330000e+02   7.4316547e+00  -5.0865612e+01
   1.5340000e+02  -1.8568345e+01  -2.6825612e+01
   1.5350000e+02  -1.6568345e+01   3.5094388e+01
   1.5360000e+02  -1.1568345e+01  -6.9105612e+01
   1.5370000e+02   8.5431655e+01   2.0143885e+00
   1.5380000e+02   1.3943165e+02   4.8543885e+00
   1.5390000e+02   6.8431655e+01   9.6943885e+00
   1.5400000e+02  -1.6568345e+01   1.5094388e+01
   1.5410000e+02  -1.2456835e+02   9.2414388e+01
   1.5420000e+02  -6.7568345e+01   1.1343885e+00
   1.5430000e+02  -9.3568345e+01  -1.7825612e+01
   1.5440000e+02  -1.1656835e+02   2.0943885e+00
   1.5450000e+02   9.7431655e+01   6.7534388e+01
   1.5460000e+02   1.6431655e+01   2.3774388e+01
   1.5470000e+02   6.0431655e+01  -4.7985612e+01
   1.5480000e+02   7.0431655e+01  -4.6385612e+01
   1.5490000e+02   1.1743165e+02   2.7343885e+00
   1.5500000e+02  -2.8568345e+01  -4.3425612e+01
   1.5510000e+02   3.4316547e+00   2.4294388e+01
   1.5520000e+02  -3.2568345e+01   7.5734388e+01
   1.5530000e+02  -1.3756835e+02   6.9343885e+00
   1.5540000e+02  -2.5568345e+01  -4.2545612e+01
   1.5550000e+02  -3.7568345e+01  -1.4065612e+01
   1.5560000e+02   1.7243165e+02   5.2534388e+01
   1.5570000e+02  -2.8568345e+01  -2.7425612e+01
   1.5580000e+02   1.3431655e+01  -9.1056115e+00
   1.5590000e+02  -1.0356835e+02  -1.0142561e+02
   1.5600000e+02   1.1443165e+02  -2.8145612e+01
   1.5610000e+02  -4.8568345e+01  -2.7625612e+01
   1.5620000e+02   2.2431655e+01  -4.6561151e-01
   1.5630000e+02   9.6431655e+01  -8.9425612e+01
   1.5640000e+02   3.0431655e+01   1.4121439e+02
   1.5650000e+02   5.2431655e+01   5.2334388e+01
   1.5660000e+02   1.3431655e+01   3.5894388e+01
   1.5670000e+02  -8.1568345e+01   3.5694388e+01
   1.5680000e+02  -7.5683453e+00   6.7734388e+01
   1.5690000e+02  -1.0568345e+01   1.1854388e+01
   1.5700000e+02  -7.8568345e+01   6.7574388e+01
   1.5710000e+02   2.5431655e+01   4.1438849e-01
   1.5720000e+02  -8.7568345e+01  -9.0656115e+00
   1.5730000e+02   1.0343165e+02  -4.3705612e+01
   1.5740000e+02  -1.4568345e+01   1.2014388e+01
   1.5750000e+02   8.0431655e+01   3.0214388e+01
   1.5760000e+02  -1.4568345e+01   1.1701439e+02
   1.5770000e+02   1.2643165e+02   6.3374388e+01
   1.5780000e+02  -2.5568345e+01   3.1454388e+01
   1.5790000e+02   5.5431655e+01  -6.2785612e+01
   1.5800000e+02  -2.9568345e+01   3.4614388e+01
   1.5810000e+02  -4.7568345e+01  -8.6656115e+00
   1.5820000e+02   2.4043165e+02   3.0814388e+01
   1.5830000e+02   3.1431655e+01  -2.8256115e+00
   1.5840000e+02   8.0431655e+01  -3.6785612e+01
   1.5850000e+02   2.1431655e+01   1.9574388e+01
   1.5860000e+02   2.7431655e+01  -3.4665612e+01
   1.5870000e+02  -5.5683453e+00  -4.6345612e+01
   1.5880000e+02   1.1443165e+02  -1.0014561e+02
   1.5890000e+02  -5.6834532e-01  -6.7545612e+01
   1.5900000e+02   6.4316547e+00   8.1743885e+00
   1.5910000e+02  -8.0568345e+01   7.6543885e+00
   1.5920000e+02  -3.7568345e+01  -3.8065612e+01
   1.5930000e+02   1.1943165e+02  -2.2345612e+01
   1.5940000e+02   6.8431655e+01   3.2694388e+01
   1.5950000e+02  -5.8568345e+01  -4.6225612e+01
   1.5960000e+02  -1.4456835e+02  -6.6785612e+01
   1.5970000e+02  -5.6834532e-01  -6.1545612e+01
   1.5980000e+02  -2.5683453e+00   4.5534388e+01
   1.5990000e+02   2.5431655e+01  -4.1585612e+01
   1.6000000e+02  -3.5683453e+00  -1.4256115e+00
   1.6010000e+02   4.5431655e+01   6.9614388e+01
   1.6020000e+02  -1.3856835e+02  -7.0256115e+00
   1.6030000e+02  -8.2568345e+01   5.7343885e+00
   1.6040000e+02   1.4143165e+02   3.3774388e+01
   1.6050000e+02  -2.1568345e+01  -3.7056115e+00
   1.6060000e+02   2.5431655e+01   6.8414388e+01
   1.6070000e+02   1.6431655e+01   1.2774388e+01
   1.6080000e+02  -6.9568345e+01  -9.7856115e+00
   1.6090000e+02   1.2943165e+02  -5.9745612e+01
   1.6100000e+02   5.7431655e+01  -2.9865612e+01
   1.6110000e+02   8.5431655e+01   1.0014388e+01
   1.6120000e+02  -3.8568345e+01  -6.5025612e+01
   1.6130000e+02  -8.1568345e+01  -4.2305612e+01
   1.6140000e+02  -2.0568345e+01   3.1254388e+01
   1.6150000e+02  -3.7568345e+01   6.9343885e+00
   1.6160000e+02   1.1843165e+02  -5.7305612e+01
   1.6170000e+02  -5.4568345e+01   3.8614388e+01
   1.6180000e+02  -3.9568345e+01  -5.8985612e+01
   1.6190000e+02   2.3431655e+01   3.2494388e+01
   1.6200000e+02  -5.1568345e+01  -2.1505612e+01
   1.6210000e+02  -1.2568345e+01   5.0934388e+01
   1.6220000e+02  -8.2568345e+01   1.6734388e+01
   1.6230000e+02  -4.5683453e+00  -2.5385612e+01
   1.6240000e+02  -1.1156835e+02  -1.8105612e+01
   1.6250000e+02  -6.9568345e+01  -1.7785612e+01
   1.6260000e+02  -2.2568345e+01  -3.2665612e+01
   1.6270000e+02  -9.8568345e+01  -6.2561151e-01
   1.6280000e+02   6.9431655e+01   4.8654388e+01
   1.6290000e+02   8.4316547e+00  -4.1905612e+01
   1.6300000e+02  -8.2568345e+01   6.6734388e+01
   1.6310000e+02   3.0431655e+01   4.5214388e+01
   1.6320000e+02  -4.0568345e+01  -4.0945612e+01
   1.6330000e+02   4.0431655e+01   7.1814388e+01
   1.6340000e+02  -5.4568345e+01   1.1661439e+02
   1.6350000e+02   1.2431655e+01   9.3438849e-01
   1.6360000e+02   3.6431655e+01  -2.7025612e+01
   1.6370000e+02  -8.7568345e+01  -7.0065612e+01
   1.6380000e+02  -4.6568345e+01  -5.7056115e+00
   1.6390000e+02   1.5743165e+02   8.7134388e+01
   1.6400000e+02   8.3431655e+01  -2.5905612e+01
   1.6410000e+02   3.4431655e+01   1.9054388e+01
   1.6420000e+02   5.8431655e+01   8.0943885e+00
   1.6430000e+02   1.3343165e+02   2.3094388e+01
   1.6440000e+02   2.4316547e+00   5.7334388e+01
   1.6450000e+02   9.7431655e+01  -2.9465612e+01
   1.6460000e+02   6.7431655e+01  -1.3265612e+01
   1.6470000e+02  -2.5683453e+00   5.5343885e+00
   1.6480000e+02   8.4316547e+00   9.2094388e+01
   1.6490000e+02   1.1943165e+02  -2.4345612e+01
   1.6500000e+02   1.4431655e+01   3.3854388e+01
   1.6510000e+02   1.0243165e+02   1.2334388e+01
   1.6520000e+02  -7.2568345e+01   1.9334388e+01
   1.6530000e+02  -2.0568345e+01  -6.0745612e+01
   1.6540000e+02   1.6431655e+01  -2.2225612e+01
   1.6550000e+02  -9.6568345e+01  -2.7705612e+01
   1.6560000e+02   1.3743165e+02  -3.9065612e+01
   1.6570000e+02   3.1431655e+01   1.8174388e+01
   1.6580000e+02   1.0243165e+02   4.1334388e+01
   1.6590000e+02  -1.5568345e+01   4.7054388e+01
   1.6600000e+02   1.7243165e+02   3.7534388e+01
   1.6610000e+02   7.3431655e+01   2.4943885e+00
   1.6620000e+02   1.5043165e+02  -4.3585612e+01
   1.6630000e+02  -4.3568345e+01  -1.8256115e+00
   1.6640000e+02  -2.6568345e+01   9.4943885e+00
   1.6650000e+02   1.4431655e+01   4.5854388e+01
   1.6660000e+02   2.4143165e+02   8.8774388e+01
   1.6670000e+02  -3.2568345e+01   6.5734388e+01
   1.6680000e+02   1.7143165e+02  -6.8425612e+01
   1.6690000e+02   1.3443165e+02  -9.9456115e+00
   1.6700000e+02   1.2343165e+02   6.2494388e+01
   1.6710000e+02   1.1431655e+01  -5.6025612e+01
   1.6720000e+02   7.4316547e+00  -7.4865612e+01
   1.6730000e+02  -5.5683453e+00   4.3654388e+01
   1.6740000e+02  -4.4568345e+01  -2.9785612e+01
   1.6750000e+02  -1.5568345e+01   6.8054388e+01
   1.6760000e+02   2.9431655e+01   5.0254388e+01
   1.6770000e+02   3.3431655e+01  -1.2905612e+01
   1.6780000e+02  -3.8568345e+01  -2.8025612e+01
   1.6790000e+02   2.0143165e+02  -2.6625612e+01
   1.6800000e+02  -8.8568345e+01  -1.7025612e+01
   1.6810000e+02   1.9431655e+01  -4.8345612e+01
   1.6820000e+02   1.8143165e+02  -3.1825612e+01
   1.6830000e+02  -5.6834532e-01   3.7454388e+01
   1.6840000e+02   1.0843165e+02   4.7094388e+01
   1.6850000e+02   1.2431655e+01  -5.8065612e+01
   1.6860000e+02   7.4316547e+00  -2.0865612e+01
   1.6870000e+02  -2.7568345e+01  -3.6465612e+01
   1.6880000e+02   1.2143165e+02   1.6574388e+01
   1.6890000e+02  -7.3568345e+01   1.0374388e+01
   1.6900000e+02   1.5143165e+02   1.1037439e+02
   1.6910000e+02   8.5431655e+01  -7.9856115e+00
   1.6920000e+02   1.1143165e+02   1.8974388e+01
   1.6930000e+02  -7.1568345e+01  -3.8705612e+01
   1.6940000e+02  -5.5568345e+01   4.6654388e+01
   1.6950000e+02   1.4431655e+01  -3.3145612e+01
   1.6960000e+02   2.9431655e+01  -2.6745612e+01
   1.6970000e+02   9.3431655e+01  -4.7305612e+01
   1.6980000e+02  -2.3568345e+01   4.4374388e+01
   1.6990000e+02  -6.5568345e+01   8.0543885e+00
   1.7000000e+02  -1.0256835e+02   4.5343885e+00
   1.7010000e+02  -7.5568345e+01  -5.5545612e+01
   1.7020000e+02  -4.0568345e+01  -2.1945612e+01
   1.7030000e+02  -6.5568345e+01   4.6054388e+01
   1.7040000e+02  -1.1568345e+01   4.7894388e+01
   1.7050000e+02  -7.1568345e+01   7.9294388e+01
   1.7060000e+02  -7.4568345e+01   7.4143885e+00
   1.7070000e+02   2.7431655e+01   4.3343885e+00
   1.7080000e+02  -4.3568345e+01   5.4174388e+01
   1.7090000e+02   1.0243165e+02  -2.2665612e+01
   1.7100000e+02  -1.5683453e+00  -8.6505612e+01
   1.7110000e+02   3.8431655e+01  -3.1105612e+01
   1.7120000e+02   2.4443165e+02  -5.2345612e+01
   1.7130000e+02   2.8431655e+01  -3.1705612e+01
   1.7140000e+02  -6.9568345e+01   1.0214388e+01
   1.7150000e+02  -4.3568345e+01   8.1743885e+00
   1.7160000e+02  -1.4556835e+02   3.2254388e+01
   1.7170000e+02  -1.0568345e+01  -1.0014561e+02
   1.7180000e+02   8.3431655e+01   2.2094388e+01
   1.7190000e+02  -1.0556835e+02  -6.5345612e+01
   1.7200000e+02  -3.1568345e+01  -6.3305612e+01
   1.7210000e+02  -5.3568345e+01   4.4574388e+01
   1.7220000e+02   3.9431655e+01   5.7854388e+01
   1.7230000e+02   6.2431655e+01  -6.5065612e+01
   1.7240000e+02  -1.2356835e+02  -4.4625612e+01
   1.7250000e+02  -9.5568345e+01   9.4254388e+01
   1.7260000e+02  -1.3256835e+02   7.3438849e-01
   1.7270000e+02  -1.4656835e+02   5.2943885e+00
   1.7280000e+02  -5.2568345e+01  -5.4465612e+01
   1.7290000e+02  -1.5256835e+02  -4.6465612e+01
   1.7300000e+02  -1.7256835e+02  -3.6656115e+00
   1.7310000e+02  -1.2568345e+01  -1.1406561e+02
   1.7320000e+02  -1.3568345e+01  -9.8025612e+01
   1.7330000e+02  -1.1568345e+01  -6.8105612e+01
   1.7340000e+02   1.2043165e+02   3.8614388e+01
   1.7350000e+02   1.5143165e+02   2.2374388e+01
   1.7360000e+02   1.5543165e+02   6.6214388e+01
   1.7370000e+02  -3.7568345e+01   3.9934388e+01
   1.7380000e+02   5.7431655e+01   4.7134388e+01
   1.7390000e+02  -7.1568345e+01  -1.4705612e+01
   1.7400000e+02   3.7431655e+01   4.9934388e+01
   1.7410000e+02  -5.7568345e+01  -7.0265612e+01
   1.7420000e+02   3.0431655e+01  -5.3785612e+01
   1.7430000e+02  -6.0568345e+01   3.3854388e+01
   1.7440000e+02  -8.2568345e+01  -3.5265612e+01
   1.7450000e+02  -6.3568345e+01   8.9743885e+00
   1.7460000e+02  -1.5556835e+02  -7.5345612e+01
   1.7470000e+02   8.7431655e+01  -3.1065612e+01
   1.7480000e+02  -2.1568345e+01  -6.1705612e+01
   1.7490000e+02   3.6431655e+01   9.3974388e+01
   1.7500000e+02  -6.4568345e+01   6.6014388e+01
   1.7510000e+02   2.3443165e+02  -1.8945612e+01
   1.7520000e+02  -4.5568345e+01  -4.6745612e+01
   1.7530000e+02  -1.0568345e+01  -4.9145612e+01
   1.7540000e+02  -2.7568345e+01   6.0534388e+01
   1.7550000e+02   9.5431655e+01  -5.3856115e+00
   1.7560000e+02   3.0431655e+01  -5.9785612e+01
   1.7570000e+02   6.0431655e+01   5.0143885e+00
   1.7580000e+02  -1.2456835e+02   2.8414388e+01
   1.7590000e+02  -2.4568345e+01   3.2414388e+01
   1.7600000e+02  -5.5683453e+00  -3.8345612e+01
   1.7610000e+02  -1.4568345e+01  -2.2985612e+01
   1.7620000e+02   2.3431655e+01  -6.7505612e+01
   1.7630000e+02  -8.3568345e+01   9.7743885e+00
   1.7640000e+02  -1.5456835e+02  -2.0385612e+01
   1.7650000e+02  -7.4568345e+01  -3.7585612e+01
   1.7660000e+02  -3.8568345e+01  -4.8025612e+01
   1.7670000e+02  -7.6568345e+01   5.5494388e+01
   1.7680000e+02  -9.2568345e+01  -3.4865612e+01
   1.7690000e+02   1.3443165e+02  -7.0945612e+01
   1.7700000e+02  -5.3568345e+01  -4.5425612e+01
   1.7710000e+02  -7.1568345e+01  -4.6705612e+01
   1.7720000e+02  -3.9568345e+01   1.0143885e+00
   1.7730000e+02   3.9431655e+01  -8.1456115e+00
   1.7740000e+02  -1.5256835e+02   6.2534388e+01
   1.7750000e+02  -1.0356835e+02   5.0574388e+01
   1.7760000e+02  -1.3356835e+02  -2.9225612e+01
   1.7770000e+02  -8.0568345e+01  -4.5345612e+01
   1.7780000e+02   1.5431655e+01  -3.6185612e+01
   1.7790000e+02   7.1431655e+01  -1.5425612e+01
   1.7800000e+02  -4.3568345e+01   6.6174388e+01
   1.7810000e+02   1.0543165e+02  -1.8785612e+01
   1.7820000e+02   8.6431655e+01   1.0974388e+01
   1.7830000e+02   1.3943165e+02  -2.1456115e+00
   1.7840000e+02  -2.1568345e+01  -2.7056115e+00
   1.7850000e+02  -1.1056835e+02  -6.1456115e+00
   1.7860000e+02  -2.2568345e+01   5.9334388e+01
   1.7870000e+02  -3.5568345e+01   2.1854388e+01
   1.7880000e+02  -7.5568345e+01   2.3454388e+01
   1.7890000e+02  -1.4568345e+01   3.2014388e+01
   1.7900000e+02   9.6431655e+01   5.7438849e-01
   1.7910000e+02   3.2431655e+01  -3.8865612e+01
   1.7920000e+02  -7.6568345e+01   2.9494388e+01
   1.7930000e+02   3.9431655e+01   1.3285439e+02
   1.7940000e+02  -5.9568345e+01   3.1814388e+01
   1.7950000e+02   5.4431655e+01   7.4254388e+01
   1.7960000e+02  -8.3568345e+01  -5.0225612e+01
   1.7970000e+02   6.6431655e+01  -1.2225612e+01
   1.7980000e+02  -5.4568345e+01  -8.9385612e+01
   1.7990000e+02  -1.5683453e+00  -6.1505612e+01
   1.8000000e+02   6.1431655e+01  -2.8025612e+01
   1.8010000e+02   5.2431655e+01  -5.0665612e+01
   1.8020000e+02  -4.1568345e+01   1.2094388e+01
   1.8030000e+02   2.8431655e+01  -5.7056115e+00
   1.8040000e+02   1.7431655e+01  -1.0265612e+01
   1.8050000e+02   3.4431655e+01   6.0054388e+01
   1.8060000e+02   6.6431655e+01  -8.2256115e+00
   1.8070000e+02   3.6431655e+01   4.0974388e+01
   1.8080000e+02   1.0643165e+02  -8.8256115e+00
   1.8090000e+02   1.6943165e+02  -1.5345612e+01
   1.8100000e+02  -1.0256835e+02   6.6534388e+01
   1.8110000e+02  -9.0568345e+01   2.8054388e+01
   1.8120000e+02  -1.1568345e+01   9.8943885e+00
   1.8130000e+02  -7.4568345e+01  -1.7585612e+01
   1.8140000e+02   3.4431655e+01   1.7054388e+01
   1.8150000e+02  -5.5568345e+01   2.7654388e+01
   1.8160000e+02   6.0431655e+01   8.1014388e+01
   1.8170000e+02  -4.1568345e+01  -8.9056115e+00
   1.8180000e+02   5.5431655e+01   8.8214388e+01
   1.8190000e+02  -2.1568345e+01   2.9294388e+01
   1.8200000e+02  -8.2568345e+01   5.0734388e+01
   1.8210000e+02  -1.0568345e+01   2.0854388e+01
   1.8220000e+02   1.7431655e+01   6.7343885e+00
   1.8230000e+02   9.5431655e+01  -5.7385612e+01
   1.8240000e+02  -5.7568345e+01  -1.1265612e+01
   1.8250000e+02   4.9431655e+01  -5.4545612e+01
   1.8260000e+02  -3.1568345e+01  -1.2305612e+01
   1.8270000e+02  -6.5568345e+01   1.4054388e+01
   1.8280000e+02   6.7431655e+01  -2.9265612e+01
   1.8290000e+02   2.7431655e+01  -6.2665612e+01
   1.8300000e+02   1.4431655e+01   5.1854388e+01
   1.8310000e+02  -1.0556835e+02   1.6543885e+00
   1.8320000e+02  -9.3568345e+01  -3.1825612e+01
   1.8330000e+02   5.4431655e+01  -2.8745612e+01
   1.8340000e+02   1.5843165e+02  -2.9056115e+00
   1.8350000e+02  -7.0568345e+01   8.0254388e+01
   1.8360000e+02  -7.5683453e+00   7.5734388e+01
   1.8370000e+02  -1.7568345e+01  -8.8656115e+00
   1.8380000e+02  -9.6568345e+01   1.2943885e+00
   1.8390000e+02   3.3431655e+01   3.7094388e+01
   1.8400000e+02  -1.0956835e+02  -1.2185612e+01
   1.8410000e+02   3.5431655e+01  -2.9985612e+01
   1.8420000e+02  -5.6834532e-01  -5.8545612e+01
   1.8430000e+02   1.7743165e+02   8.0334388e+01
   1.8440000e+02   3.3431655e+01   3.0094388e+01
   1.8450000e+02  -1.6856835e+02  -2.0825612e+01
   1.8460000e+02  -1.0568345e+01  -2.3145612e+01
   1.8470000e+02  -1.4568345e+01  -6.3985612e+01
   1.8480000e+02  -1.0356835e+02   1.8574388e+01
   1.8490000e+02  -1.1756835e+02  -4.8656115e+00
   1.8500000e+02   9.4316547e+00   6.4054388e+01
   1.8510000e+02  -4.4568345e+01  -4.8785612e+01
   1.8520000e+02   3.1431655e+01  -6.4825612e+01
   1.8530000e+02  -5.0568345e+01   3.2454388e+01
   1.8540000e+02  -1.2656835e+02   2.3494388e+01
   1.8550000e+02  -5.9568345e+01  -2.9185612e+01
   1.8560000e+02   1.7643165e+02   7.2374388e+01
   1.8570000e+02   9.5431655e+01  -3.7385612e+01
   1.8580000e+02   9.4431655e+01   8.6543885e+00
   1.8590000e+02   3.8431655e+01  -3.2105612e+01
   1.8600000e+02  -6.6568345e+01  -4.2905612e+01
   1.8610000e+02   6.2431655e+01   4.9343885e+00
   1.8620000e+02   6.4431655e+01  -1.5145612e+01
   1.8630000e+02  -8.2568345e+01   4.7343885e+00
   1.8640000e+02   1.4316547e+00   3.3743885e+00
   1.8650000e+02   1.4743165e+02   4.1534388e+01
   1.8660000e+02  -9.5683453e+00  -4.0185612e+01
   1.8670000e+02  -8.9568345e+01  -3.1985612e+01
   1.8680000e+02  -7.2568345e+01   2.5334388e+01
   1.8690000e+02  -2.5683453e+00   1.2534388e+01
   1.8700000e+02   7.4431655e+01   4.2454388e+01
   1.8710000e+02  -7.3568345e+01   6.4374388e+01
   1.8720000e+02  -8.5683453e+00   1.4774388e+01
   1.8730000e+02  -2.8568345e+01  -2.8425612e+01
   1.8740000e+02   3.8431655e+01  -4.5105612e+01
   1.8750000e+02  -5.5568345e+01   5.6543885e+00
   1.8760000e+02  -1.1056835e+02   7.2854388e+01
   1.8770000e+02   5.5431655e+01  -9.2785612e+01
   1.8780000e+02   3.4316547e+00   1.1429439e+02
   1.8790000e+02   8.6431655e+01  -3.1025612e+01
   1.8800000e+02  -2.5568345e+01  -1.1545612e+01
   1.8810000e+02  -5.6568345e+01   3.9694388e+01
   1.8820000e+02   2.6431655e+01   2.3743885e+00
   1.8830000e+02   3.2431655e+01  -4.2865612e+01
   1.8840000e+02   1.1443165e+02  -4.6145612e+01
   1.8850000e+02   1.2431655e+01   5.3934388e+01
   1.8860000e+02   1.0343165e+02   1.7294388e+01
   1.8870000e+02   6.5431655e+01  -5.1185612e+01
   1.8880000e+02  -2.0568345e+01   1.2543885e+00
   1.8890000e+02   3.0431655e+01   1.2214388e+01
   1.8900000e+02  -1.0056835e+02  -9.5456115e+00
   1.8910000e+02   8.8431655e+01  -1.3105612e+01
   1.8920000e+02   8.5431655e+01  -3.9985612e+01
   1.8930000e+02  -1.1568345e+01   2.4894388e+01
   1.8940000e+02  -3.0568345e+01  -3.2345612e+01
   1.8950000e+02  -1.1568345e+01  -8.3105612e+01
   1.8960000e+02  -1.6568345e+01  -7.8905612e+01
   1.8970000e+02  -4.1568345e+01   8.2094388e+01
   1.8980000e+02  -7.8568345e+01  -3.9425612e+01
   1.8990000e+02  -3.5683453e+00  -5.8425612e+01
   1.9000000e+02  -2.5568345e+01  -4.1545612e+01
   1.9010000e+02   1.2431655e+01   6.9343885e+00
   1.9020000e+02  -4.4568345e+01  -2.5785612e+01
   1.9030000e+02   2.1431655e+01  -7.8425612e+01
   1.9040000e+02   4.9431655e+01  -6.9545612e+01
   1.9050000e+02   1.9143165e+02  -4.5225612e+01
   1.9060000e+02  -1.1856835e+02  -3.0825612e+01
   1.9070000e+02   5.9431655e+01  -1.9945612e+01
   1.9080000e+02  -1.2556835e+02  -5.4545612e+01
   1.9090000e+02   7.4316547e+00  -1.3865612e+01
   1.9100000e+02  -1.6568345e+01  -3.6905612e+01
   1.9110000e+02   1.5431655e+01  -5.0185612e+01
   1.9120000e+02   1.0643165e+02   1.7917439e+02
   1.9130000e+02  -6.7568345e+01  -1.4865612e+01
   1.9140000e+02  -1.0456835e+02   5.6143885e+00
   1.9150000e+02  -3.3568345e+01   7.7438849e-01
   1.9160000e+02  -6.3568345e+01  -4.6025612e+01
   1.9170000e+02  -9.4568345e+01  -3.2785612e+01
   1.9180000e+02   2.1431655e+01   1.5743885e+00
   1.9190000e+02   1.1843165e+02  -2.4305612e+01
   1.9200000e+02   5.2431655e+01  -4.6656115e+00
   1.9210000e+02   1.3243165e+02   1.6134388e+01
   1.9220000e+02   1.3943165e+02  -4.1456115e+00
   1.9230000e+02   1.8643165e+02   4.1974388e+01
   1.9240000e+02   1.5143165e+02  -3.5625612e+01
   1.9250000e+02   6.6431655e+01  -7.5225612e+01
   1.9260000e+02   1.5843165e+02  -3.7905612e+01
   1.9270000e+02   2.1431655e+01   5.0574388e+01
   1.9280000e+02   2.1943165e+02   3.7654388e+01
   1.9290000e+02   2.9043165e+02  -1.8185612e+01
   1.9300000e+02   3.6443165e+02  -2.5145612e+01
   1.9310000e+02   1.6243165e+02  -7.4065612e+01
   1.9320000e+02   2.6843165e+02  -1.0530561e+02
   1.9330000e+02   1.5343165e+02  -2.7705612e+01
   1.9340000e+02   1.1643165e+02  -1.8225612e+01
   1.9350000e+02   2.2431655e+01  -3.7465612e+01
   1.9360000e+02   1.5543165e+02  -4.6785612e+01
   1.9370000e+02   2.4343165e+02  -6.5305612e+01
   1.9380000e+02   3.6843165e+02  -5.2305612e+01
   1.9390000e+02   2.2843165e+02   1.1294388e+01
   1.9400000e+02   1.9543165e+02   4.6614388e+01
   1.9410000e+02   1.1643165e+02  -4.7225612e+01
   1.9420000e+02   1.5643165e+02  -6.2825612e+01
   1.9430000e+02   1.3343165e+02  -4.9905612e+01
   1.9440000e+02  -1.2756835e+02  -3.6465612e+01
   1.9450000e+02   8.2431655e+01  -4.0865612e+01
   1.9460000e+02   1.7431655e+01  -2.2265612e+01
   1.9470000e+02   1.7643165e+02   4.9374388e+01
   1.9480000e+02  -2.1568345e+01   2.5294388e+01
   1.9490000e+02  -4.3568345e+01   7.1743885e+00
   1.9500000e+02  -1.4956835e+02   6.4143885e+00
   1.9510000e+02   8.4431655e+01   3.1054388e+01
   1.9520000e+02  -6.1568345e+01   1.8943885e+00
   1.9530000e+02   2.7431655e+01  -8.6665612e+01
   1.9540000e+02   3.7431655e+01   2.8934388e+01
   1.9550000e+02  -8.9568345e+01  -7.4985612e+01
   1.9560000e+02  -8.8568345e+01  -2.5611511e-02
   1.9570000e+02   8.4316547e+00  -6.0905612e+01
   1.9580000e+02   4.4316547e+00  -2.3745612e+01
   1.9590000e+02   6.8431655e+01  -1.6305612e+01
   1.9600000e+02   1.2243165e+02  -1.0465612e+01
   1.9610000e+02   2.1431655e+01  -7.2425612e+01
   1.9620000e+02  -8.4568345e+01  -6.1856115e+00
   1.9630000e+02   4.0431655e+01   8.9814388e+01
   1.9640000e+02  -7.0568345e+01  -3.0745612e+01
   1.9650000e+02   1.9431655e+01  -6.8345612e+01
   1.9660000e+02  -1.8568345e+01  -3.3825612e+01
   1.9670000e+02  -7.5683453e+00  -4.1265612e+01
   1.9680000e+02   3.0431655e+01   1.1214388e+01
   1.9690000e+02   1.2543165e+02  -7.5856115e+00
   1.9700000e+02  -1.0568345e+01  -5.9145612e+01
   1.9710000e+02   1.0043165e+02   1.5414388e+01
   1.9720000e+02  -5.5683453e+00  -1.1345612e+01
   1.9730000e+02  -1.5568345e+01  -9.8945612e+01
   1.9740000e+02  -4.8568345e+01   2.5374388e+01
   1.9750000e+02   9.4316547e+00   3.5054388e+01
   1.9760000e+02   3.1431655e+01  -1.5825612e+01
   1.9770000e+02  -5.5568345e+01   4.6654388e+01
   1.9780000e+02  -6.5683453e+00   6.2694388e+01
   1.9790000e+02  -5.4568345e+01   1.4614388e+01
   1.9800000e+02  -7.3568345e+01   2.6374388e+01
   1.9810000e+02  -9.1568345e+01   1.6094388e+01
   1.9820000e+02  -9.8568345e+01  -1.2625612e+01
   1.9830000e+02   4.8431655e+01  -4.3505612e+01
   1.9840000e+02   3.8431655e+01  -2.6105612e+01
   1.9850000e+02   5.9431655e+01  -1.5945612e+01
   1.9860000e+02   2.2431655e+01  -1.8465612e+01
   1.9870000e+02  -6.3568345e+01   1.9897439e+02
   1.9880000e+02   1.6431655e+01   2.5774388e+01
   1.9890000e+02  -5.2568345e+01  -4.7465612e+01
   1.9900000e+02   1.5843165e+02   6.4094388e+01
   1.9910000e+02   1.1643165e+02   4.3774388e+01
   1.9920000e+02   2.7943165e+02  -3.7745612e+01
   1.9930000e+02   2.4431655e+01  -9.5456115e+00
   1.9940000e+02   8.4316547e+00   4.0943885e+00
   1.9950000e+02   1.1343165e+02   2.4894388e+01
   1.9960000e+02   3.2431655e+01   5.3134388e+01
   1.9970000e+02  -7.4568345e+01  -3.5856115e+00
   1.9980000e+02  -7.4568345e+01   6.0414388e+01
   1.9990000e+02  -6.6568345e+01   8.0094388e+01
