   0.0000000e+00   9.1624549e+01   1.1290181e+02
   1.0000000e-01   1.4762455e+02   4.2661805e+01
   2.0000000e-01   1.1662455e+02   1.1690181e+02
   3.0000000e-01   2.2362455e+02   1.6562181e+02
   4.0000000e-01   1.4362455e+02   3.1821805e+01
   5.0000000e-01   1.5562455e+02   1.4534181e+02
   6.0000000e-01   1.5362455e+02   8.6421805e+01
   7.0000000e-01   1.8062455e+02   1.3534181e+02
   8.0000000e-01   3.4862455e+02   1.7462181e+02
   9.0000000e-01   5.3624549e+01   2.1742181e+02
   1.0000000e+00   8.5624549e+01   9.0141805e+01
   1.1000000e+00   7.3624549e+01   6.2180505e-01
   1.2000000e+00   1.3062455e+02   6.1341805e+01
   1.3000000e+00   1.5762455e+02   1.2926181e+02
   1.4000000e+00   2.1062455e+02   1.6914181e+02
   1.5000000e+00   1.9162455e+02   1.2290181e+02
   1.6000000e+00   8.0624549e+01   1.8734181e+02
   1.7000000e+00   1.8662455e+02   3.9101805e+01
   1.8000000e+00   7.8624549e+01   2.1142181e+02
   1.9000000e+00   1.3762455e+02   4.7061805e+01
   2.0000000e+00   1.3462455e+02   1.7318181e+02
   2.1000000e+00   3.2624549e+01   7.8261805e+01
   2.2000000e+00   2.2662455e+02   4.0501805e+01
   2.3000000e+00   1.9962455e+02   2.5818051e+00
   2.4000000e+00   2.9762455e+02   9.7661805e+01
   2.5000000e+00   2.3162455e+02   8.9301805e+01
   2.6000000e+00   9.8624549e+01   1.3621805e+01
   2.7000000e+00   9.7624549e+01   1.1966181e+02
   2.8000000e+00   1.4862455e+02   5.8621805e+01
   2.9000000e+00   9.7624549e+01   1.3666181e+02
   3.0000000e+00   1.6962455e+02   8.8781805e+01
   3.1000000e+00   1.3962455e+02   1.2198181e+02
   3.2000000e+00   2.4262455e+02   9.8861805e+01
   3.3000000e+00   7.1624549e+01   6.2701805e+01
   3.4000000e+00   7.7624549e+01   2.4461805e+01
   3.5000000e+00   1.9762455e+02   2.8661805e+01
   3.6000000e+00   1.2762455e+02   8.7461805e+01
   3.7000000e+00   2.3862455e+02   1.3021805e+01
   3.8000000e+00   1.3262455e+02   9.4261805e+01
   3.9000000e+00   1.8962455e+02   5.0981805e+01
   4.0000000e+00   6.6245487e+00  -9.6981949e+00
   4.1000000e+00   1.0362455e+02  -2.5578195e+01
   4.2000000e+00   2.1262455e+02   3.8061805e+01
   4.3000000e+00   6.2624549e+01   8.6061805e+01
   4.4000000e+00   1.2262455e+02   6.1661805e+01
   4.5000000e+00   1.9762455e+02   1.3366181e+02
   4.6000000e+00   1.1262455e+02   5.6061805e+01
   4.7000000e+00   1.9162455e+02   5.2901805e+01
   4.8000000e+00   1.5962455e+02   1.2418181e+02
   4.9000000e+00   6.9624549e+01   1.0278181e+02
   5.0000000e+00   1.4562455e+02   1.5741805e+01
   5.1000000e+00   1.4262455e+02   7.3861805e+01
   5.2000000e+00   3.5624549e+01   4.6141805e+01
   5.3000000e+00   3.5624549e+01   1.3714181e+02
   5.4000000e+00   1.9262455e+02   6.8861805e+01
   5.5000000e+00   1.8262455e+02   8.4261805e+01
   5.6000000e+00   1.1262455e+02   1.7406181e+02
   5.7000000e+00   2.5562455e+02   6.3341805e+01
   5.8000000e+00   2.7362455e+02   1.7362181e+02
   5.9000000e+00   1.3662455e+02   9.4101805e+01
   6.0000000e+00   1.0762455e+02   1.4726181e+02
   6.1000000e+00   1.5662455e+02   8.4301805e+01
   6.2000000e+00   1.0662455e+02   6.8301805e+01
   6.3000000e+00   2.2262455e+02   5.7661805e+01
   6.4000000e+00   1.0162455e+02   6.7501805e+01
   6.5000000e+00   7.6624549e+01   5.4501805e+01
   6.6000000e+00   3.2862455e+02   1.2242181e+02
   6.7000000e+00   2.0362455e+02   1.9421805e+01
   6.8000000e+00  -2.3754513e+00   1.2966181e+02
   6.9000000e+00   8.7624549e+01   1.4806181e+02
   7.0000000e+00   1.5762455e+02   9.1261805e+01
   7.1000000e+00   1.6062455e+02   7.7141805e+01
   7.2000000e+00   1.3862455e+02   1.1402181e+02
   7.3000000e+00   1.8362455e+02   1.0522181e+02
   7.4000000e+00   2.4062455e+02   1.9394181e+02
   7.5000000e+00   1.1362455e+02   1.8021805e+01
   7.6000000e+00   2.3162455e+02   4.4301805e+01
   7.7000000e+00   1.5624549e+01   2.0094181e+02
   7.8000000e+00   2.1962455e+02   4.9781805e+01
   7.9000000e+00   1.1162455e+02   1.1110181e+02
   8.0000000e+00   3.0062455e+02   1.1054181e+02
   8.1000000e+00   4.1624549e+01   2.5590181e+02
   8.2000000e+00   7.9624549e+01   9.4381805e+01
   8.3000000e+00   6.5624549e+01  -7.0581949e+00
   8.4000000e+00   2.2362455e+02   1.6218051e+00
   8.5000000e+00   1.2362455e+02   1.0362181e+02
   8.6000000e+00   4.5624549e+01   9.2741805e+01
   8.7000000e+00   1.6362455e+02   5.6021805e+01
   8.8000000e+00   3.3624549e+01   1.3322181e+02
   8.9000000e+00   2.0562455e+02   7.2341805e+01
   9.0000000e+00   1.8562455e+02  -8.5819495e-01
   9.1000000e+00   7.7624549e+01   1.0446181e+02
   9.2000000e+00   1.4662455e+02   1.8970181e+02
   9.3000000e+00   2.1562455e+02   1.0294181e+02
   9.4000000e+00   2.1562455e+02   7.7941805e+01
   9.5000000e+00   1.0362455e+02   5.8421805e+01
   9.6000000e+00   9.0624549e+01  -1.2058195e+01
   9.7000000e+00   8.5624549e+01   1.9141805e+01
   9.8000000e+00   2.0862455e+02   1.0222181e+02
   9.9000000e+00   3.9262455e+02   1.4086181e+02
   1.0000000e+01   2.0662455e+02   1.8730181e+02
   1.0100000e+01   7.1624549e+01   1.7470181e+02
   1.0200000e+01   6.4624549e+01   6.9981805e+01
   1.0300000e+01   5.7624549e+01   1.0626181e+02
   1.0400000e+01   4.7624549e+01   1.1266181e+02
   1.0500000e+01   7.5624549e+01   7.3541805e+01
   1.0600000e+01   2.3062455e+02   6.6341805e+01
   1.0700000e+01   9.6624549e+01   1.0970181e+02
   1.0800000e+01   9.5624549e+01   9.8741805e+01
   1.0900000e+01   1.8962455e+02   6.0981805e+01
   1.1000000e+01   3.3624549e+01   1.1422181e+02
   1.1100000e+01   2.4262455e+02   8.5861805e+01
   1.1200000e+01   4.7624549e+01   1.1466181e+02
   1.1300000e+01   1.1162455e+02   1.1110181e+02
   1.1400000e+01   3.6624549e+01  -6.8981949e+00
   1.1500000e+01   2.2662455e+02   1.8950181e+02
   1.1600000e+01   1.1262455e+02   1.4306181e+02
   1.1700000e+01   6.1624549e+01   8.0101805e+01
   1.1800000e+01   5.2624549e+01   1.5346181e+02
   1.1900000e+01   1.8662455e+02   5.1101805e+01
   1.2000000e+01   2.0862455e+02   4.2221805e+01
   1.2100000e+01   1.5962455e+02   2.8181805e+01
   1.2200000e+01   1.7262455e+02   5.9661805e+01
   1.2300000e+01   1.1362455e+02   2.1805054e-02
   1.2400000e+01   3.5624549e+01   6.0141805e+01
   1.2500000e+01  -7.3754513e+00   6.3861805e+01
   1.2600000e+01   3.7624549e+01   4.1061805e+01
   1.2700000e+01   1.7062455e+02  -7.2581949e+00
   1.2800000e+01   1.7362455e+02   3.0621805e+01
   1.2900000e+01   2.0562455e+02   1.0434181e+02
   1.3000000e+01   7.2624549e+01   4.4661805e+01
   1.3100000e+01   6.9624549e+01   7.0781805e+01
   1.3200000e+01   1.6162455e+02   1.4110181e+02
   1.3300000e+01   1.0462455e+02  -8.6181949e+00
   1.3400000e+01   7.4624549e+01   7.7581805e+01
   1.3500000e+01   2.0162455e+02   1.2550181e+02
   1.3600000e+01   9.5624549e+01   9.6741805e+01
   1.3700000e+01   1.2662455e+02  -2.4981949e+00
   1.3800000e+01   1.4562455e+02   1.5474181e+02
   1.3900000e+01   1.2062455e+02   1.1674181e+02
   1.4000000e+01   2.9624549e+01   1.3138181e+02
   1.4100000e+01   1.7562455e+02   8.2541805e+01
   1.4200000e+01   1.2862455e+02   1.1742181e+02
   1.4300000e+01   8.9624549e+01  -3.8018195e+01
   1.4400000e+01   2.0262455e+02   4.3461805e+01
   1.4500000e+01   6.9624549e+01   8.6781805e+01
   1.4600000e+01   1.3562455e+02   9.3141805e+01
   1.4700000e+01   1.2562455e+02   2.5418051e+00
   1.4800000e+01   2.1624549e+01   3.0701805e+01
   1.4900000e+01   4.6624549e+01   8.2701805e+01
   1.5000000e+01   2.1862455e+02   5.4821805e+01
   1.5100000e+01   1.3462455e+02   1.2718181e+02
   1.5200000e+01   3.9624549e+01   4.2981805e+01
   1.5300000e+01   1.8262455e+02   1.2026181e+02
   1.5400000e+01   2.2162455e+02   1.0670181e+02
   1.5500000e+01   9.4624549e+01   2.7781805e+01
   1.5600000e+01   4.4624549e+01   1.3878181e+02
   1.5700000e+01   1.0862455e+02   1.0322181e+02
   1.5800000e+01   2.4624549e+01   2.7458181e+02
   1.5900000e+01   1.0962455e+02   9.1818051e+00
   1.6000000e+01   1.1862455e+02   1.0682181e+02
   1.6100000e+01   1.3462455e+02   1.6618181e+02
   1.6200000e+01   4.1624549e+01   9.3901805e+01
   1.6300000e+01   1.0624549e+01   9.1418051e+00
   1.6400000e+01   8.5624549e+01   2.8141805e+01
   1.6500000e+01   8.4624549e+01   7.3181805e+01
   1.6600000e+01   7.8624549e+01   1.9342181e+02
   1.6700000e+01   8.7624549e+01   1.8061805e+01
   1.6800000e+01   1.6162455e+02   1.0810181e+02
   1.6900000e+01   1.3624549e+01   2.1002181e+02
   1.7000000e+01   1.0262455e+02   4.3461805e+01
   1.7100000e+01   8.0624549e+01   7.5341805e+01
   1.7200000e+01   9.2624549e+01   3.7861805e+01
   1.7300000e+01   1.4762455e+02   1.2666181e+02
   1.7400000e+01   8.7624549e+01   1.9706181e+02
   1.7500000e+01   1.0862455e+02   5.4221805e+01
   1.7600000e+01   3.0624549e+01   1.0434181e+02
   1.7700000e+01   1.0562455e+02   1.5634181e+02
   1.7800000e+01   6.4624549e+01   2.1981805e+01
   1.7900000e+01   1.2862455e+02   6.1421805e+01
   1.8000000e+01   6.4624549e+01   1.3898181e+02
   1.8100000e+01   2.8624549e+01   5.6421805e+01
   1.8200000e+01   1.5962455e+02   5.7181805e+01
   1.8300000e+01   5.3624549e+01   6.5421805e+01
   1.8400000e+01   2.1962455e+02   1.6478181e+02
   1.8500000e+01   7.4624549e+01   9.5818051e+00
   1.8600000e+01   7.9624549e+01   9.4381805e+01
   1.8700000e+01   1.3062455e+02   1.3934181e+02
   1.8800000e+01   8.9624549e+01  -3.3018195e+01
   1.8900000e+01   8.8624549e+01   3.0021805e+01
   1.9000000e+01   1.1962455e+02   9.5781805e+01
   1.9100000e+01   2.7662455e+02   7.6501805e+01
   1.9200000e+01   4.2624549e+01   2.7861805e+01
   1.9300000e+01   9.5624549e+01   7.3741805e+01
   1.9400000e+01   1.5062455e+02   1.7954181e+02
   1.9500000e+01   7.7624549e+01   9.6461805e+01
   1.9600000e+01   1.6662455e+02   1.1901805e+01
   1.9700000e+01   2.4062455e+02   1.0494181e+02
   1.9800000e+01   1.2662455e+02   2.2650181e+02
   1.9900000e+01   1.7362455e+02   6.4621805e+01
   2.0000000e+01   6.2624549e+01   1.9406181e+02
   2.0100000e+01   6.7624549e+01   1.4786181e+02
   2.0200000e+01   2.7462455e+02   7.6581805e+01
   2.0300000e+01   2.0624549e+01   8.4741805e+01
   2.0400000e+01   2.6462455e+02  -3.2018195e+01
   2.0500000e+01   1.2962455e+02   8.9381805e+01
   2.0600000e+01   1.8462455e+02   4.3181805e+01
   2.0700000e+01   7.7624549e+01   5.6461805e+01
   2.0800000e+01   1.8162455e+02   4.5301805e+01
   2.0900000e+01   1.8662455e+02   9.1101805e+01
   2.1000000e+01   1.3062455e+02   1.5434181e+02
   2.1100000e+01   2.9262455e+02   1.9786181e+02
   2.1200000e+01   1.6624549e+01   6.0901805e+01
   2.1300000e+01   1.1762455e+02   2.1886181e+02
   2.1400000e+01   6.3624549e+01   5.8021805e+01
   2.1500000e+01   1.6962455e+02   7.4781805e+01
   2.1600000e+01   1.5762455e+02   7.7261805e+01
   2.1700000e+01   3.2624549e+01   1.0926181e+02
   2.1800000e+01   1.6062455e+02   7.0141805e+01
   2.1900000e+01   2.2262455e+02   3.1661805e+01
   2.2000000e+01   1.5362455e+02   4.6421805e+01
   2.2100000e+01   9.4624549e+01   6.1781805e+01
   2.2200000e+01   2.4624549e+01   8.3581805e+01
   2.2300000e+01   6.0624549e+01   2.1141805e+01
   2.2400000e+01   7.1624549e+01   1.1870181e+02
   2.2500000e+01   2.5062455e+02   8.9541805e+01
   2.2600000e+01   1.1262455e+02  -9.9381949e+00
   2.2700000e+01   2.0762455e+02   1.1826181e+02
   2.2800000e+01   7.4624549e+01   9.6581805e+01
   2.2900000e+01   6.2624549e+01   1.2206181e+02
   2.3000000e+01   7.5624549e+01   9.4541805e+01
   2.3100000e+01   2.6662455e+02   1.2390181e+02
   2.3200000e+01   2.4362455e+02   2.8218051e+00
   2.3300000e+01   1.9362455e+02  -3.6178195e+01
   2.3400000e+01   1.1662455e+02   3.9901805e+01
   2.3500000e+01   3.4062455e+02  -2.6058195e+01
   2.3600000e+01   2.7362455e+02   4.2621805e+01
   2.3700000e+01   1.5062455e+02  -1.2458195e+01
   2.3800000e+01   2.7062455e+02   3.1741805e+01
   2.3900000e+01   1.5562455e+02   1.2341805e+01
   2.4000000e+01   1.3162455e+02  -4.6981949e+00
   2.4100000e+01   2.7062455e+02  -1.4258195e+01
   2.4200000e+01   5.7624549e+01  -1.6738195e+01
   2.4300000e+01   1.4662455e+02   5.1701805e+01
   2.4400000e+01   9.5624549e+01   3.6741805e+01
   2.4500000e+01   2.5862455e+02   9.2218051e+00
   2.4600000e+01   2.9262455e+02   1.5861805e+01
   2.4700000e+01   2.0662455e+02   2.9301805e+01
   2.4800000e+01   1.5962455e+02   2.8181805e+01
   2.4900000e+01   1.2962455e+02   7.1381805e+01
   2.5000000e+01   2.1862455e+02  -6.1781949e+00
   2.5100000e+01   1.8862455e+02   3.3021805e+01
   2.5200000e+01   1.1462455e+02   2.9981805e+01
   2.5300000e+01   9.0624549e+01   1.4941805e+01
   2.5400000e+01   2.1562455e+02  -5.5058195e+01
   2.5500000e+01   1.0062455e+02   1.0254181e+02
   2.5600000e+01   8.7624549e+01  -1.2938195e+01
   2.5700000e+01   4.2624549e+01   9.7861805e+01
   2.5800000e+01   1.6462455e+02   5.7981805e+01
   2.5900000e+01   6.5624549e+01   4.0941805e+01
   2.6000000e+01   1.9862455e+02  -2.3781949e+00
   2.6100000e+01   1.0662455e+02   2.6301805e+01
   2.6200000e+01   1.8062455e+02   1.6341805e+01
   2.6300000e+01   8.2624549e+01  -7.3819495e-01
   2.6400000e+01   1.2162455e+02   5.0701805e+01
   2.6500000e+01   1.4462455e+02  -2.4218195e+01
   2.6600000e+01   7.7624549e+01  -2.9538195e+01
   2.6700000e+01   1.9262455e+02   7.3861805e+01
   2.6800000e+01   2.2362455e+02   2.9621805e+01
   2.6900000e+01   2.3262455e+02   2.6261805e+01
   2.7000000e+01   2.7762455e+02  -3.0538195e+01
   2.7100000e+01   9.3624549e+01   7.1821805e+01
   2.7200000e+01   1.3962455e+02   6.1981805e+01
   2.7300000e+01   2.2062455e+02   3.2741805e+01
   2.7400000e+01   6.3624549e+01   2.7021805e+01
   2.7500000e+01   1.1162455e+02   7.6101805e+01
   2.7600000e+01   2.7262455e+02   4.8661805e+01
   2.7700000e+01   2.0462455e+02  -1.9618195e+01
   2.7800000e+01   1.4662455e+02  -7.2981949e+00
   2.7900000e+01   4.3624549e+01   4.8218051e+00
   2.8000000e+01   1.2962455e+02   5.3818051e+00
   2.8100000e+01   1.3062455e+02   7.1341805e+01
   2.8200000e+01   1.8562455e+02   4.3141805e+01
   2.8300000e+01   1.7962455e+02   8.3818051e+00
   2.8400000e+01   1.6962455e+02  -4.6218195e+01
   2.8500000e+01   1.1762455e+02   3.7861805e+01
   2.8600000e+01   1.7862455e+02   7.4421805e+01
   2.8700000e+01   1.7162455e+02   4.4701805e+01
   2.8800000e+01   1.1462455e+02   2.1981805e+01
   2.8900000e+01   2.4624549e+01   3.3581805e+01
   2.9000000e+01   1.0162455e+02   1.0150181e+02
   2.9100000e+01   1.5362455e+02   2.0421805e+01
   2.9200000e+01   4.1624549e+01  -1.8098195e+01
   2.9300000e+01   1.3462455e+02   3.6181805e+01
   2.9400000e+01   1.9262455e+02   1.2486181e+02
   2.9500000e+01   1.1662455e+02   9.8901805e+01
   2.9600000e+01   2.6562455e+02   2.9941805e+01
   2.9700000e+01   8.0624549e+01  -1.7658195e+01
   2.9800000e+01   1.6862455e+02   1.4382181e+02
   2.9900000e+01   2.4062455e+02  -7.0581949e+00
   3.0000000e+01   2.0262455e+02  -8.5381949e+00
   3.0100000e+01   1.2362455e+02   2.8621805e+01
   3.0200000e+01   2.3462455e+02  -6.8818195e+01
   3.0300000e+01   2.4062455e+02   3.3941805e+01
   3.0400000e+01   9.4624549e+01  -2.4218195e+01
   3.0500000e+01   1.7062455e+02   1.0074181e+02
   3.0600000e+01   3.2562455e+02  -4.2458195e+01
   3.0700000e+01   1.8062455e+02   7.1341805e+01
   3.0800000e+01   1.7062455e+02  -1.1258195e+01
   3.0900000e+01   1.0162455e+02   1.0150181e+02
   3.1000000e+01   5.5624549e+01  -1.6658195e+01
   3.1100000e+01   8.3624549e+01  -2.0778195e+01
   3.1200000e+01   1.9962455e+02  -2.4181949e+00
   3.1300000e+01   2.5962455e+02   4.5181805e+01
   3.1400000e+01   1.3462455e+02  -1.0818195e+01
   3.1500000e+01   1.4562455e+02   1.3741805e+01
   3.1600000e+01   2.2262455e+02  -1.3338195e+01
   3.1700000e+01   1.0162455e+02  -4.9498195e+01
   3.1800000e+01   2.3062455e+02  -1.3658195e+01
   3.1900000e+01   6.6624549e+01   1.8901805e+01
   3.2000000e+01   1.9362455e+02   1.6821805e+01
   3.2100000e+01   1.5624549e+01   1.1994181e+02
   3.2200000e+01   1.6362455e+02  -4.4978195e+01
   3.2300000e+01   3.2262455e+02   5.9661805e+01
   3.2400000e+01   3.4624549e+01   8.7181805e+01
   3.2500000e+01   1.5562455e+02   7.4341805e+01
   3.2600000e+01   1.5162455e+02  -3.4981949e+00
   3.2700000e+01   1.3962455e+02   1.0798181e+02
   3.2800000e+01   1.1962455e+02   8.7818051e+00
   3.2900000e+01   2.7662455e+02   3.1501805e+01
   3.3000000e+01   2.9562455e+02   8.0741805e+01
   3.3100000e+01   1.7362455e+02  -8.3781949e+00
   3.3200000e+01   2.5862455e+02  -4.5778195e+01
   3.3300000e+01   2.0862455e+02  -2.3778195e+01
   3.3400000e+01   5.0624549e+01  -1.5458195e+01
   3.3500000e+01   2.0262455e+02  -2.9538195e+01
   3.3600000e+01   2.1862455e+02  -1.4178195e+01
   3.3700000e+01   1.7962455e+02  -6.6181949e+00
   3.3800000e+01   1.3762455e+02   3.0061805e+01
   3.3900000e+01   2.5162455e+02   3.0501805e+01
   3.4000000e+01   2.1862455e+02  -4.3178195e+01
   3.4100000e+01   2.9862455e+02   2.4621805e+01
   3.4200000e+01   1.5062455e+02   3.4541805e+01
   3.4300000e+01   2.6362455e+02   3.0218051e+00
   3.4400000e+01   7.1624549e+01   8.9701805e+01
   3.4500000e+01   8.7624549e+01   1.2206181e+02
   3.4600000e+01   3.1962455e+02  -2.2181949e+00
   3.4700000e+01   1.7062455e+02   2.5741805e+01
   3.4800000e+01   1.0262455e+02   3.5461805e+01
   3.4900000e+01   1.3862455e+02  -1.7978195e+01
   3.5000000e+01   5.8624549e+01   9.3221805e+01
   3.5100000e+01   2.5062455e+02   7.4541805e+01
   3.5200000e+01   1.7162455e+02   8.0701805e+01
   3.5300000e+01   1.7062455e+02   2.9741805e+01
   3.5400000e+01   3.3624549e+01  -2.4778195e+01
   3.5500000e+01   1.0162455e+02  -1.5498195e+01
   3.5600000e+01   2.2562455e+02   6.2541805e+01
   3.5700000e+01   8.3624549e+01   1.2218051e+00
   3.5800000e+01   2.1262455e+02   8.7061805e+01
   3.5900000e+01   1.5862455e+02   3.6221805e+01
   3.6000000e+01   1.6362455e+02  -3.9978195e+01
   3.6100000e+01   1.9962455e+02  -2.3418195e+01
   3.6200000e+01   1.4262455e+02   2.7861805e+01
   3.6300000e+01   1.5062455e+02  -6.2458195e+01
   3.6400000e+01   1.2562455e+02  -3.8458195e+01
   3.6500000e+01   2.8062455e+02   3.7341805e+01
   3.6600000e+01   1.5662455e+02  -3.0698195e+01
   3.6700000e+01   1.4162455e+02   1.1901805e+01
   3.6800000e+01   1.6062455e+02  -1.1858195e+01
   3.6900000e+01   1.5462455e+02  -6.1819495e-01
   3.7000000e+01   2.9862455e+02   3.4621805e+01
   3.7100000e+01   3.2262455e+02   8.0661805e+01
   3.7200000e+01   2.6862455e+02  -4.1178195e+01
   3.7300000e+01   9.4624549e+01  -1.2218195e+01
   3.7400000e+01   2.2562455e+02   5.9541805e+01
   3.7500000e+01   1.7562455e+02   1.7054181e+02
   3.7600000e+01   1.9162455e+02   8.1901805e+01
   3.7700000e+01   2.0962455e+02   2.1181805e+01
   3.7800000e+01   4.1962455e+02   8.5781805e+01
   3.7900000e+01   2.7862455e+02  -6.0578195e+01
   3.8000000e+01   9.1624549e+01   3.0901805e+01
   3.8100000e+01   1.4262455e+02   2.0861805e+01
   3.8200000e+01   2.0562455e+02  -6.6658195e+01
   3.8300000e+01   1.3362455e+02   6.9221805e+01
   3.8400000e+01   1.1362455e+02   1.5021805e+01
   3.8500000e+01   2.3162455e+02   4.5301805e+01
   3.8600000e+01   7.5624549e+01   4.8541805e+01
   3.8700000e+01   6.8624549e+01   4.0821805e+01
   3.8800000e+01   1.4662455e+02  -2.9819495e-01
   3.8900000e+01   1.1262455e+02   6.1061805e+01
   3.9000000e+01   1.7962455e+02   2.5381805e+01
   3.9100000e+01   2.0762455e+02   3.6261805e+01
   3.9200000e+01   1.3362455e+02  -5.7781949e+00
   3.9300000e+01   1.5162455e+02   4.7501805e+01
   3.9400000e+01   1.9962455e+02   3.9581805e+01
   3.9500000e+01   8.5624549e+01   1.4814181e+02
   3.9600000e+01   2.7162455e+02   2.6701805e+01
   3.9700000e+01   3.3762455e+02  -1.7938195e+01
   3.9800000e+01   8.5624549e+01   5.2141805e+01
   3.9900000e+01   1.9662455e+02   3.7018051e+00
   4.0000000e+01   1.6962455e+02   1.5781805e+01
   4.0100000e+01   2.3262455e+02   3.1261805e+01
   4.0200000e+01   5.6624549e+01   3.5301805e+01
   4.0300000e+01   2.0462455e+02  -2.7618195e+01
   4.0400000e+01   2.2624549e+01   6.0661805e+01
   4.0500000e+01   1.8062455e+02   4.7341805e+01
   4.0600000e+01   6.9624549e+01   9.2781805e+01
   4.0700000e+01   1.7462455e+02   6.3581805e+01
   4.0800000e+01   1.4662455e+02   1.2701805e+01
   4.0900000e+01   2.2962455e+02   2.9381805e+01
   4.1000000e+01   1.1862455e+02  -5.3178195e+01
   4.1100000e+01   1.3562455e+02   8.8141805e+01
   4.1200000e+01   8.1624549e+01   7.6301805e+01
   4.1300000e+01   3.4624549e+01   4.4181805e+01
   4.1400000e+01   2.7262455e+02  -3.3381949e+00
   4.1500000e+01   1.9962455e+02   1.6758181e+02
   4.1600000e+01   5.0624549e+01  -6.4581949e+00
   4.1700000e+01   1.8462455e+02   3.2181805e+01
   4.1800000e+01   1.6862455e+02   5.8218051e+00
   4.1900000e+01   2.3962455e+02   2.7981805e+01
   4.2000000e+01   2.9562455e+02   5.1741805e+01
   4.2100000e+01   2.0762455e+02   3.0261805e+01
   4.2200000e+01   1.7462455e+02   7.9581805e+01
   4.2300000e+01   1.5362455e+02  -2.2578195e+01
   4.2400000e+01   1.6262455e+02   4.5061805e+01
   4.2500000e+01   1.2624549e+01   1.0306181e+02
   4.2600000e+01   1.5262455e+02   7.5461805e+01
   4.2700000e+01   1.8862455e+02   5.6021805e+01
   4.2800000e+01   2.4062455e+02  -2.8058195e+01
   4.2900000e+01   1.4662455e+02   1.1701805e+01
   4.3000000e+01   1.8562455e+02  -1.0858195e+01
   4.3100000e+01   5.5624549e+01   1.3934181e+02
   4.3200000e+01   9.1624549e+01  -1.1098195e+01
   4.3300000e+01   1.3062455e+02   3.0341805e+01
   4.3400000e+01   7.9624549e+01  -3.8618195e+01
   4.3500000e+01   1.7562455e+02  -1.2458195e+01
   4.3600000e+01   6.8624549e+01   4.3821805e+01
   4.3700000e+01   1.3762455e+02  -2.3938195e+01
   4.3800000e+01   1.0962455e+02  -1.5818195e+01
   4.3900000e+01   7.2624549e+01   5.6618051e+00
   4.4000000e+01   1.5462455e+02  -1.0618195e+01
   4.4100000e+01   4.2762455e+02  -1.5381949e+00
   4.4200000e+01   1.5062455e+02   1.5418051e+00
   4.4300000e+01   2.6962455e+02  -2.1218195e+01
   4.4400000e+01   8.1624549e+01   1.7430181e+02
   4.4500000e+01   1.6262455e+02  -1.1938195e+01
   4.4600000e+01   1.4562455e+02  -1.5258195e+01
   4.4700000e+01   1.5962455e+02  -3.3818195e+01
   4.4800000e+01   1.4062455e+02   4.5941805e+01
   4.4900000e+01   2.4862455e+02   4.6218051e+00
   4.5000000e+01   1.7262455e+02   4.2661805e+01
   4.5100000e+01   1.7462455e+02  -3.2418195e+01
   4.5200000e+01  -1.1375451e+01  -3.8978195e+01
   4.5300000e+01   2.5462455e+02   1.3818051e+00
   4.5400000e+01   1.5962455e+02   1.8018181e+02
   4.5500000e+01   2.0162455e+02   2.8501805e+01
   4.5600000e+01   1.2962455e+02   6.0381805e+01
   4.5700000e+01   2.5462455e+02  -5.9618195e+01
   4.5800000e+01   1.2562455e+02   5.3541805e+01
   4.5900000e+01   1.6962455e+02   5.2781805e+01
   4.6000000e+01   1.6862455e+02   6.3821805e+01
   4.6100000e+01   4.7624549e+01   1.8661805e+01
   4.6200000e+01   1.6262455e+02  -7.9381949e+00
   4.6300000e+01   2.6062455e+02   1.0141805e+01
   4.6400000e+01   1.7362455e+02   3.4621805e+01
   4.6500000e+01   2.1262455e+02   2.4061805e+01
   4.6600000e+01   1.2762455e+02   2.1461805e+01
   4.6700000e+01   9.4624549e+01  -1.2218195e+01
   4.6800000e+01   1.7162455e+02   1.1701805e+01
   4.6900000e+01   3.2562455e+02   4.5541805e+01
   4.7000000e+01   2.1862455e+02  -3.5178195e+01
   4.7100000e+01   1.5862455e+02  -5.7781949e+00
   4.7200000e+01   1.0562455e+02  -3.4658195e+01
   4.7300000e+01   7.9624549e+01   2.3818051e+00
   4.7400000e+01   7.8624549e+01   3.0421805e+01
   4.7500000e+01   2.1062455e+02  -1.8858195e+01
   4.7600000e+01   5.5624549e+01  -6.2658195e+01
   4.7700000e+01   9.0624549e+01   1.0594181e+02
   4.7800000e+01   2.4662455e+02   8.1701805e+01
   4.7900000e+01   1.7962455e+02  -6.6181949e+00
   4.8000000e+01   8.5624549e+01  -5.7858195e+01
   4.8100000e+01   2.1762455e+02   3.1861805e+01
   4.8200000e+01   2.0762455e+02   5.9261805e+01
   4.8300000e+01   8.8624549e+01   8.0021805e+01
   4.8400000e+01   2.2962455e+02   3.9381805e+01
   4.8500000e+01   1.4262455e+02   2.9861805e+01
   4.8600000e+01   3.4362455e+02   6.1821805e+01
   4.8700000e+01   1.3462455e+02  -4.8181949e+00
   4.8800000e+01   2.0762455e+02   1.1226181e+02
   4.8900000e+01   1.0062455e+02   7.0541805e+01
   4.9000000e+01   1.3662455e+02  -4.9898195e+01
   4.9100000e+01   3.0162455e+02   1.5501805e+01
   4.9200000e+01   1.0062455e+02   1.9541805e+01
   4.9300000e+01   2.5162455e+02   4.0501805e+01
   4.9400000e+01   1.8262455e+02  -4.4738195e+01
   4.9500000e+01   1.4562455e+02  -3.2258195e+01
   4.9600000e+01   2.0762455e+02   4.5261805e+01
   4.9700000e+01   1.3462455e+02   2.8181805e+01
   4.9800000e+01  -1.3375451e+01   7.6101805e+01
   4.9900000e+01   1.8062455e+02   1.6341805e+01
   5.0000000e+01   2.4062455e+02  -2.1058195e+01
   5.0100000e+01   2.5662455e+02   2.3018051e+00
   5.0200000e+01   1.9262455e+02   1.8618051e+00
   5.0300000e+01   2.1862455e+02   5.8821805e+01
   5.0400000e+01   1.2462455e+02   5.8180505e-01
   5.0500000e+01   3.9962455e+02  -3.4181949e+00
   5.0600000e+01   1.0162455e+02  -2.9498195e+01
   5.0700000e+01   3.8624549e+01   8.2021805e+01
   5.0800000e+01   1.8962455e+02  -2.9018195e+01
   5.0900000e+01   1.4262455e+02  -2.0138195e+01
   5.1000000e+01   2.1962455e+02  -1.5218195e+01
   5.1100000e+01   9.9624549e+01   4.2581805e+01
   5.1200000e+01   1.5062455e+02  -2.4458195e+01
   5.1300000e+01   1.4862455e+02  -2.3781949e+00
   5.1400000e+01   9.9624549e+01   1.6558181e+02
   5.1500000e+01   2.6662455e+02   3.4901805e+01
   5.1600000e+01   2.9262455e+02  -3.1381949e+00
   5.1700000e+01   1.8062455e+02   4.6341805e+01
   5.1800000e+01   1.7862455e+02  -1.5578195e+01
   5.1900000e+01   2.9462455e+02   2.2781805e+01
   5.2000000e+01   1.6462455e+02   1.0298181e+02
   5.2100000e+01   7.1624549e+01   4.1701805e+01
   5.2200000e+01   2.8462455e+02   5.2181805e+01
   5.2300000e+01   1.8262455e+02   9.2618051e+00
   5.2400000e+01   2.3162455e+02  -9.6981949e+00
   5.2500000e+01   1.8262455e+02   8.8261805e+01
   5.2600000e+01   2.3162455e+02   7.1301805e+01
   5.2700000e+01   7.4624549e+01  -4.2418195e+01
   5.2800000e+01   1.9762455e+02   1.6661805e+01
   5.2900000e+01   1.4062455e+02   7.1941805e+01
   5.3000000e+01   1.4862455e+02   2.5621805e+01
   5.3100000e+01   2.2662455e+02  -4.9819495e-01
   5.3200000e+01   1.9662455e+02   3.4701805e+01
   5.3300000e+01   1.5762455e+02   4.1261805e+01
   5.3400000e+01   2.0462455e+02   2.3381805e+01
   5.3500000e+01   3.4362455e+02   1.2482181e+02
   5.3600000e+01   7.4624549e+01   1.7581805e+01
   5.3700000e+01   1.7462455e+02   5.2581805e+01
   5.3800000e+01   1.6662455e+02   7.9901805e+01
   5.3900000e+01   6.1624549e+01   1.0101805e+01
   5.4000000e+01   2.9162455e+02   5.3901805e+01
   5.4100000e+01   1.4662455e+02   4.0701805e+01
   5.4200000e+01   1.0962455e+02   2.5181805e+01
   5.4300000e+01   2.4662455e+02  -5.6298195e+01
   5.4400000e+01   2.6162455e+02   4.3101805e+01
   5.4500000e+01   1.9062455e+02  -6.0058195e+01
   5.4600000e+01   2.1462455e+02   1.2498181e+02
   5.4700000e+01   3.0062455e+02  -5.4581949e+00
   5.4800000e+01   2.5062455e+02   2.4541805e+01
   5.4900000e+01   7.5624549e+01  -4.5819495e-01
   5.5000000e+01   1.4662455e+02   1.2670181e+02
   5.5100000e+01   8.1624549e+01  -2.0698195e+01
   5.5200000e+01   4.8624549e+01   4.7621805e+01
   5.5300000e+01   2.3962455e+02  -1.3018195e+01
   5.5400000e+01   1.7862455e+02   2.1421805e+01
   5.5500000e+01   2.7162455e+02  -1.7298195e+01
   5.5600000e+01   1.8862455e+02  -2.1978195e+01
   5.5700000e+01   2.8362455e+02   2.0221805e+01
   5.5800000e+01   1.8362455e+02  -6.1778195e+01
   5.5900000e+01   1.9462455e+02  -2.9218195e+01
   5.6000000e+01   2.4662455e+02   5.3701805e+01
   5.6100000e+01   7.7624549e+01   3.5461805e+01
   5.6200000e+01   1.6062455e+02  -6.1858195e+01
   5.6300000e+01   9.7624549e+01   2.1661805e+01
   5.6400000e+01   1.0062455e+02   2.3541805e+01
   5.6500000e+01   1.9162455e+02   3.2901805e+01
   5.6600000e+01   2.0262455e+02  -1.5381949e+00
   5.6700000e+01   1.6762455e+02  -6.2138195e+01
   5.6800000e+01   2.3624549e+01   2.9621805e+01
   5.6900000e+01   4.2624549e+01   1.8618051e+00
   5.7000000e+01   1.6662455e+02  -1.0098195e+01
   5.7100000e+01   1.1262455e+02  -5.5938195e+01
   5.7200000e+01   2.8962455e+02   1.4981805e+01
   5.7300000e+01   2.2362455e+02  -6.3781949e+00
   5.7400000e+01   1.8962455e+02   4.6981805e+01
   5.7500000e+01   2.1262455e+02   2.6061805e+01
   5.7600000e+01   1.6362455e+02   8.1021805e+01
   5.7700000e+01   1.0762455e+02   2.6180505e-01
   5.7800000e+01   8.2624549e+01  -5.7381949e+00
   5.7900000e+01   1.7062455e+02  -5.2581949e+00
   5.8000000e+01   2.8362455e+02   3.2218051e+00
   5.8100000e+01   2.5362455e+02   4.7421805e+01
   5.8200000e+01   1.2262455e+02  -2.3381949e+00
   5.8300000e+01   1.8762455e+02  -3.0938195e+01
   5.8400000e+01   2.2362455e+02   2.5621805e+01
   5.8500000e+01   8.4624549e+01  -1.6818195e+01
   5.8600000e+01   6.6624549e+01   3.7901805e+01
   5.8700000e+01   6.8624549e+01  -4.1781949e+00
   5.8800000e+01   3.3562455e+02   4.6141805e+01
   5.8900000e+01   1.4762455e+02  -1.3381949e+00
   5.9000000e+01   1.6262455e+02  -2.9938195e+01
   5.9100000e+01   1.8362455e+02  -2.0778195e+01
   5.9200000e+01   1.3462455e+02   5.1818051e+00
   5.9300000e+01   1.1662455e+02   2.4901805e+01
   5.9400000e+01   6.9624549e+01   2.6781805e+01
   5.9500000e+01   1.9262455e+02  -6.1381949e+00
   5.9600000e+01   1.3662455e+02  -1.1898195e+01
   5.9700000e+01   1.7262455e+02   9.4661805e+01
   5.9800000e+01   1.7162455e+02  -2.7298195e+01
   5.9900000e+01   2.7062455e+02   3.0741805e+01
   6.0000000e+01   6.4624549e+01  -8.0181949e+00
   6.0100000e+01   8.5624549e+01   1.0014181e+02
   6.0200000e+01   1.1462455e+02   4.5981805e+01
   6.0300000e+01   3.2162455e+02   9.5701805e+01
   6.0400000e+01   1.0562455e+02  -3.2658195e+01
   6.0500000e+01   1.0862455e+02  -7.7781949e+00
   6.0600000e+01   2.1162455e+02  -1.1898195e+01
   6.0700000e+01   2.4062455e+02   6.4941805e+01
   6.0800000e+01   1.5062455e+02   6.4541805e+01
   6.0900000e+01   1.6962455e+02   7.6781805e+01
   6.1000000e+01   3.2662455e+02   2.0501805e+01
   6.1100000e+01   1.2062455e+02   2.8741805e+01
   6.1200000e+01   1.0462455e+02   8.3818051e+00
   6.1300000e+01   1.6562455e+02   3.0941805e+01
   6.1400000e+01   1.2162455e+02  -2.9819495e-01
   6.1500000e+01   2.1762455e+02  -5.4138195e+01
   6.1600000e+01   1.2962455e+02  -4.1618195e+01
   6.1700000e+01   8.6624549e+01   3.1018051e+00
   6.1800000e+01   1.7462455e+02   3.4581805e+01
   6.1900000e+01   2.3262455e+02  -1.5738195e+01
   6.2000000e+01   1.1762455e+02  -6.1138195e+01
   6.2100000e+01   2.1462455e+02   4.8981805e+01
   6.2200000e+01   1.8662455e+02  -3.8981949e+00
   6.2300000e+01   2.5262455e+02  -2.8538195e+01
   6.2400000e+01   2.4362455e+02  -1.6178195e+01
   6.2500000e+01   1.1562455e+02  -5.0581949e+00
   6.2600000e+01   1.8162455e+02  -4.0698195e+01
   6.2700000e+01   1.6662455e+02   5.8901805e+01
   6.2800000e+01   1.6362455e+02   1.8021805e+01
   6.2900000e+01   1.2062455e+02   2.1741805e+01
   6.3000000e+01   1.0662455e+02   7.3301805e+01
   6.3100000e+01   2.0362455e+02   2.1421805e+01
   6.3200000e+01   2.9624549e+01   2.8381805e+01
   6.3300000e+01   2.8462455e+02   1.5518181e+02
   6.3400000e+01   2.2362455e+02  -4.0378195e+01
   6.3500000e+01   1.3462455e+02  -8.1819495e-01
   6.3600000e+01   2.6662455e+02  -5.0981949e+00
   6.3700000e+01   9.9624549e+01  -4.4418195e+01
   6.3800000e+01   1.6962455e+02  -1.7218195e+01
   6.3900000e+01   1.7762455e+02  -9.3538195e+01
   6.4000000e+01   2.7624549e+01   5.7461805e+01
   6.4100000e+01   1.6862455e+02   9.8218051e+00
   6.4200000e+01   8.7624549e+01   1.3061805e+01
   6.4300000e+01   3.5624549e+01   3.5141805e+01
   6.4400000e+01   4.2562455e+02   5.2541805e+01
   6.4500000e+01   2.0362455e+02   4.6421805e+01
   6.4600000e+01   4.3624549e+01   3.7821805e+01
   6.4700000e+01   1.3262455e+02   3.7261805e+01
   6.4800000e+01   1.2762455e+02   3.4618051e+00
   6.4900000e+01   1.7462455e+02   1.0958181e+02
   6.5000000e+01   3.7624549e+01   2.7061805e+01
   6.5100000e+01   1.1462455e+02  -1.1018195e+01
   6.5200000e+01   3.6962455e+02  -4.5218195e+01
   6.5300000e+01   2.5362455e+02  -1.9578195e+01
   6.5400000e+01   1.6162455e+02  -4.9898195e+01
   6.5500000e+01   2.0362455e+02   1.3421805e+01
   6.5600000e+01   2.0462455e+02   2.4381805e+01
   6.5700000e+01   2.7862455e+02   5.0421805e+01
   6.5800000e+01   2.4062455e+02   3.4941805e+01
   6.5900000e+01   1.9162455e+02   3.5901805e+01
   6.6000000e+01   8.1624549e+01  -5.2698195e+01
   6.6100000e+01   2.0662455e+02   1.3301805e+01
   6.6200000e+01   1.8962455e+02   3.8981805e+01
   6.6300000e+01   1.7662455e+02  -1.5498195e+01
   6.6400000e+01   8.3624549e+01  -2.0778195e+01
   6.6500000e+01   1.6062455e+02  -1.0858195e+01
   6.6600000e+01   4.6624549e+01   3.7018051e+00
   6.6700000e+01   1.5262455e+02  -4.0538195e+01
   6.6800000e+01   1.1662455e+02  -6.1098195e+01
   6.6900000e+01   1.6962455e+02   7.1781805e+01
   6.7000000e+01   8.8624549e+01   7.7021805e+01
   6.7100000e+01   1.7362455e+02  -1.5378195e+01
   6.7200000e+01   1.0162455e+02  -1.0498195e+01
   6.7300000e+01   9.4624549e+01  -4.7218195e+01
   6.7400000e+01   2.5562455e+02   1.3734181e+02
   6.7500000e+01   2.2062455e+02  -1.6258195e+01
   6.7600000e+01   1.8162455e+02  -1.9698195e+01
   6.7700000e+01   1.1962455e+02  -1.0218195e+01
   6.7800000e+01   1.9562455e+02  -3.3258195e+01
   6.7900000e+01   7.8624549e+01   2.6421805e+01
   6.8000000e+01   1.0062455e+02   2.2541805e+01
   6.8100000e+01   2.0362455e+02   3.4218051e+00
   6.8200000e+01   2.2962455e+02   2.9381805e+01
   6.8300000e+01   4.0624549e+01   9.5941805e+01
   6.8400000e+01   9.6624549e+01   4.2701805e+01
   6.8500000e+01   9.8624549e+01   2.6218051e+00
   6.8600000e+01   3.2624549e+01  -6.3738195e+01
   6.8700000e+01   1.3962455e+02   4.9818051e+00
   6.8800000e+01   1.3262455e+02   1.2261805e+01
   6.8900000e+01   3.0362455e+02  -6.4578195e+01
   6.9000000e+01   7.1624549e+01  -1.6298195e+01
   6.9100000e+01   1.5062455e+02   1.2354181e+02
   6.9200000e+01   9.9624549e+01   4.5581805e+01
   6.9300000e+01   1.2962455e+02   1.6238181e+02
   6.9400000e+01   2.7462455e+02   3.0581805e+01
   6.9500000e+01   1.3162455e+02   6.8301805e+01
   6.9600000e+01   1.1862455e+02   2.9821805e+01
   6.9700000e+01   1.4862455e+02  -4.3781949e+00
   6.9800000e+01   2.2862455e+02  -4.3578195e+01
   6.9900000e+01   2.5262455e+02  -1.6538195e+01
   7.0000000e+01   2.0162455e+02   5.7501805e+01
   7.0100000e+01   1.7462455e+02  -5.0418195e+01
   7.0200000e+01   2.0062455e+02   6.5418051e+00
   7.0300000e+01   9.3624549e+01   2.8218051e+00
   7.0400000e+01   2.0262455e+02   7.4618051e+00
   7.0500000e+01   2.3562455e+02   4.6141805e+01
   7.0600000e+01   1.3624549e+01  -5.9781949e+00
   7.0700000e+01   1.3862455e+02   7.0218051e+00
   7.0800000e+01   2.8624549e+01  -3.6578195e+01
   7.0900000e+01   4.2624549e+01   5.7861805e+01
   7.1000000e+01   1.1962455e+02  -1.3218195e+01
   7.1100000e+01   1.4562455e+02   7.0741805e+01
   7.1200000e+01   1.8862455e+02  -6.9781949e+00
   7.1300000e+01   1.3262455e+02   5.6261805e+01
   7.1400000e+01   1.8562455e+02   2.2141805e+01
   7.1500000e+01   1.3362455e+02   5.8221805e+01
   7.1600000e+01   2.0262455e+02   1.7461805e+01
   7.1700000e+01   8.1624549e+01   2.9301805e+01
   7.1800000e+01   2.0362455e+02  -4.2578195e+01
   7.1900000e+01   1.1862455e+02   5.2821805e+01
   7.2000000e+01   8.7624549e+01   1.0706181e+02
   7.2100000e+01   8.7624549e+01   3.8061805e+01
   7.2200000e+01   7.2624549e+01  -6.2338195e+01
   7.2300000e+01   2.0862455e+02  -2.4778195e+01
   7.2400000e+01   2.8662455e+02   6.8101805e+01
   7.2500000e+01   2.5262455e+02   3.5461805e+01
   7.2600000e+01   2.7362455e+02   6.3621805e+01
   7.2700000e+01   2.6462455e+02   7.2981805e+01
   7.2800000e+01   1.1662455e+02   1.4901805e+01
   7.2900000e+01   1.2562455e+02   5.4180505e-01
   7.3000000e+01   1.3262455e+02   2.6180505e-01
   7.3100000e+01   1.8562455e+02  -2.9858195e+01
   7.3200000e+01   2.1562455e+02  -5.5058195e+01
   7.3300000e+01   2.4162455e+02   5.0901805e+01
   7.3400000e+01   2.4262455e+02  -3.4138195e+01
   7.3500000e+01   9.6624549e+01  -8.4298195e+01
   7.3600000e+01   1.4662455e+02  -1.8298195e+01
   7.3700000e+01   1.5062455e+02   4.7541805e+01
   7.3800000e+01   1.2262455e+02  -1.6338195e+01
   7.3900000e+01   3.5162455e+02   3.3501805e+01
   7.4000000e+01   2.1962455e+02   4.4781805e+01
   7.4100000e+01   1.7162455e+02   2.5701805e+01
   7.4200000e+01   1.9762455e+02   5.8661805e+01
   7.4300000e+01   1.5762455e+02   6.2618051e+00
   7.4400000e+01   2.1262455e+02   1.2106181e+02
   7.4500000e+01   2.6262455e+02  -5.9381949e+00
   7.4600000e+01   1.3362455e+02   4.9221805e+01
   7.4700000e+01   2.2062455e+02   3.6741805e+01
   7.4800000e+01   1.5062455e+02  -3.1458195e+01
   7.4900000e+01   1.3962455e+02   5.4981805e+01
   7.5000000e+01   5.2624549e+01   3.4618051e+00
   7.5100000e+01  -4.3754513e+00   3.7741805e+01
   7.5200000e+01   2.2462455e+02   3.1581805e+01
   7.5300000e+01   1.7562455e+02   2.9541805e+01
   7.5400000e+01   1.1862455e+02  -5.1178195e+01
   7.5500000e+01   4.4624549e+01   5.8781805e+01
   7.5600000e+01   1.0862455e+02   3.5221805e+01
   7.5700000e+01   7.9624549e+01   1.3381805e+01
   7.5800000e+01   1.4062455e+02  -5.2058195e+01
   7.5900000e+01   1.2862455e+02  -2.3578195e+01
   7.6000000e+01   1.7362455e+02   7.6218051e+00
   7.6100000e+01   1.8262455e+02  -2.1738195e+01
   7.6200000e+01   1.6862455e+02   8.8218051e+00
   7.6300000e+01   8.9624549e+01   8.9818051e+00
   7.6400000e+01   2.8662455e+02  -3.6898195e+01
   7.6500000e+01   1.4462455e+02  -6.4218195e+01
   7.6600000e+01   2.0062455e+02  -3.0458195e+01
   7.6700000e+01   1.6562455e+02   3.3941805e+01
   7.6800000e+01   5.7624549e+01  -6.3738195e+01
   7.6900000e+01   6.6624549e+01   4.9018051e+00
   7.7000000e+01   8.4624549e+01  -7.0818195e+01
   7.7100000e+01   1.3162455e+02  -4.5698195e+01
   7.7200000e+01   1.8962455e+02   5.0981805e+01
   7.7300000e+01   1.8762455e+02  -2.0938195e+01
   7.7400000e+01   1.2162455e+02  -5.4298195e+01
   7.7500000e+01   1.3562455e+02   2.1418051e+00
   7.7600000e+01   7.7624549e+01  -3.1538195e+01
   7.7700000e+01   1.4862455e+02  -5.8378195e+01
   7.7800000e+01   4.6245487e+00  -4.7618195e+01
   7.7900000e+01   1.2162455e+02   3.8701805e+01
   7.8000000e+01   8.6624549e+01   9.5101805e+01
   7.8100000e+01   1.4562455e+02   5.7741805e+01
   7.8200000e+01   1.1062455e+02   1.3141805e+01
   7.8300000e+01   2.9662455e+02   4.4701805e+01
   7.8400000e+01   6.1624549e+01   1.2101805e+01
   7.8500000e+01   1.1762455e+02   2.8618051e+00
   7.8600000e+01   1.4162455e+02  -7.0981949e+00
   7.8700000e+01   9.4624549e+01   5.2781805e+01
   7.8800000e+01   2.2962455e+02   7.3818051e+00
   7.8900000e+01   1.9062455e+02   5.8941805e+01
   7.9000000e+01   1.8362455e+02  -5.8778195e+01
   7.9100000e+01   8.8624549e+01   3.0218051e+00
   7.9200000e+01   1.2762455e+02   4.4618051e+00
   7.9300000e+01   1.1962455e+02   4.8781805e+01
   7.9400000e+01   1.5662455e+02   7.1301805e+01
   7.9500000e+01   1.1262455e+02  -3.9381949e+00
   7.9600000e+01   2.4562455e+02   1.4074181e+02
   7.9700000e+01   5.8624549e+01   4.3221805e+01
   7.9800000e+01   1.3562455e+02   1.5141805e+01
   7.9900000e+01   4.7624549e+01   7.6661805e+01
   8.0000000e+01   1.0162455e+02   9.0501805e+01
   8.0100000e+01   9.0624549e+01   6.0941805e+01
   8.0200000e+01   2.0362455e+02   3.4218051e+00
   8.0300000e+01   1.9262455e+02   8.5861805e+01
   8.0400000e+01   2.1662455e+02   1.2790181e+02
   8.0500000e+01   1.1562455e+02   8.9418051e+00
   8.0600000e+01   5.0624549e+01   5.9541805e+01
   8.0700000e+01   1.7162455e+02   3.1701805e+01
   8.0800000e+01   1.4662455e+02  -7.0298195e+01
   8.0900000e+01   1.4462455e+02   1.6781805e+01
   8.1000000e+01   3.2624549e+01   9.5261805e+01
   8.1100000e+01   1.1462455e+02  -1.6018195e+01
   8.1200000e+01   2.7362455e+02  -4.3781949e+00
   8.1300000e+01   2.2762455e+02   3.3461805e+01
   8.1400000e+01   1.2362455e+02   6.2180505e-01
   8.1500000e+01   1.5462455e+02   7.4381805e+01
   8.1600000e+01   1.2162455e+02  -2.1298195e+01
   8.1700000e+01   1.0462455e+02   2.8381805e+01
   8.1800000e+01   2.1462455e+02  -2.3018195e+01
   8.1900000e+01   2.5862455e+02   3.9221805e+01
   8.2000000e+01   1.1962455e+02  -5.0218195e+01
   8.2100000e+01   1.2062455e+02   2.7418051e+00
   8.2200000e+01   1.5962455e+02  -5.6818195e+01
   8.2300000e+01   1.5362455e+02   5.6421805e+01
   8.2400000e+01   9.0624549e+01   4.5941805e+01
   8.2500000e+01   1.0162455e+02   4.8501805e+01
   8.2600000e+01   2.7962455e+02   3.0381805e+01
   8.2700000e+01   9.1624549e+01   1.9901805e+01
   8.2800000e+01   1.6662455e+02  -4.6098195e+01
   8.2900000e+01   7.3624549e+01  -1.2378195e+01
   8.3000000e+01   9.2624549e+01  -3.1381949e+00
   8.3100000e+01   1.2562455e+02   2.0541805e+01
   8.3200000e+01   1.5262455e+02  -5.0538195e+01
   8.3300000e+01   1.7462455e+02   1.1581805e+01
   8.3400000e+01   1.5162455e+02   4.2501805e+01
   8.3500000e+01   1.5962455e+02  -8.1818195e+01
   8.3600000e+01   4.1624549e+01   2.9018051e+00
   8.3700000e+01   9.4624549e+01  -6.9218195e+01
   8.3800000e+01   1.8062455e+02  -6.6581949e+00
   8.3900000e+01   1.7362455e+02  -4.7378195e+01
   8.4000000e+01   1.2962455e+02   2.1381805e+01
   8.4100000e+01   2.6624549e+01   1.5501805e+01
   8.4200000e+01   1.9962455e+02   1.3581805e+01
   8.4300000e+01   2.5362455e+02   6.8421805e+01
   8.4400000e+01   1.3862455e+02   4.0218051e+00
   8.4500000e+01   1.7362455e+02   1.6621805e+01
   8.4600000e+01   3.5624549e+01   1.3714181e+02
   8.4700000e+01   1.9862455e+02   3.4621805e+01
   8.4800000e+01   1.8662455e+02  -1.3898195e+01
   8.4900000e+01   1.9362455e+02  -3.5178195e+01
   8.5000000e+01   9.1624549e+01  -5.0981949e+00
   8.5100000e+01   2.7162455e+02   1.1670181e+02
   8.5200000e+01   1.0562455e+02  -8.6581949e+00
   8.5300000e+01   1.0062455e+02   2.6541805e+01
   8.5400000e+01   1.8962455e+02   3.2981805e+01
   8.5500000e+01   2.3624549e+01   3.4621805e+01
   8.5600000e+01   1.9862455e+02   1.8621805e+01
   8.5700000e+01   2.2462455e+02  -2.4418195e+01
   8.5800000e+01   1.1362455e+02   5.0021805e+01
   8.5900000e+01   2.2962455e+02   2.1381805e+01
   8.6000000e+01   1.5462455e+02   3.9381805e+01
   8.6100000e+01   1.1862455e+02   4.2821805e+01
   8.6200000e+01   4.0624549e+01   1.2594181e+02
   8.6300000e+01   9.4624549e+01   1.0178181e+02
   8.6400000e+01   1.5062455e+02   4.9541805e+01
   8.6500000e+01   8.0624549e+01   5.0341805e+01
   8.6600000e+01   1.8862455e+02   9.5021805e+01
   8.6700000e+01   1.4362455e+02   7.3821805e+01
   8.6800000e+01   8.9624549e+01   6.8981805e+01
   8.6900000e+01   8.6624549e+01   6.6101805e+01
   8.7000000e+01   1.8162455e+02   1.1630181e+02
   8.7100000e+01   2.4624549e+01   7.1581805e+01
   8.7200000e+01   1.5962455e+02   1.7518181e+02
   8.7300000e+01  -2.3754513e+00   1.4166181e+02
   8.7400000e+01   1.0062455e+02   4.4541805e+01
   8.7500000e+01   3.6624549e+01   4.9101805e+01
   8.7600000e+01   3.9624549e+01   7.9981805e+01
   8.7700000e+01   2.0162455e+02   8.9501805e+01
   8.7800000e+01   1.0462455e+02   1.5038181e+02
   8.7900000e+01   1.7762455e+02   1.2946181e+02
   8.8000000e+01   1.6862455e+02   8.3821805e+01
   8.8100000e+01   6.3624549e+01   9.7021805e+01
   8.8200000e+01   1.4162455e+02   1.6890181e+02
   8.8300000e+01   2.4962455e+02   1.6658181e+02
   8.8400000e+01   9.1624549e+01   7.5901805e+01
   8.8500000e+01   6.6245487e+00   3.8301805e+01
   8.8600000e+01   1.1262455e+02   1.3306181e+02
   8.8700000e+01   1.1662455e+02   3.3901805e+01
   8.8800000e+01   1.7962455e+02   1.5638181e+02
   8.8900000e+01  -2.3375451e+01   2.1501805e+01
   8.9000000e+01   5.7624549e+01  -1.7738195e+01
   8.9100000e+01   1.4862455e+02   5.8621805e+01
   8.9200000e+01   1.1362455e+02   4.8021805e+01
   8.9300000e+01   1.2462455e+02   3.8581805e+01
   8.9400000e+01   1.5662455e+02   1.1030181e+02
   8.9500000e+01   1.0862455e+02   4.0221805e+01
   8.9600000e+01   1.3362455e+02   1.2221805e+01
   8.9700000e+01   1.4362455e+02   3.0821805e+01
   8.9800000e+01   1.4162455e+02   2.1090181e+02
   8.9900000e+01   8.7624549e+01   1.5506181e+02
   9.0000000e+01   1.0362455e+02   1.4042181e+02
   9.0100000e+01   1.1462455e+02   1.1898181e+02
   9.0200000e+01   1.1462455e+02   1.0598181e+02
   9.0300000e+01   8.2624549e+01   4.1261805e+01
   9.0400000e+01   1.2962455e+02   2.9381805e+01
   9.0500000e+01   1.5662455e+02   8.6301805e+01
   9.0600000e+01   1.7624549e+01   2.6286181e+02
   9.0700000e+01   9.0624549e+01   4.9941805e+01
   9.0800000e+01   8.2624549e+01   4.8261805e+01
   9.0900000e+01   1.2562455e+02   1.8541805e+01
   9.1000000e+01  -1.9375451e+01   7.3341805e+01
   9.1100000e+01   1.3624549e+01   9.3021805e+01
   9.1200000e+01   1.4962455e+02   7.9581805e+01
   9.1300000e+01   7.6624549e+01   2.4501805e+01
   9.1400000e+01   1.6624549e+01   8.1901805e+01
   9.1500000e+01   1.0662455e+02   1.6530181e+02
   9.1600000e+01   3.0624549e+01   6.9341805e+01
   9.1700000e+01   3.9624549e+01   1.0998181e+02
   9.1800000e+01   1.2362455e+02   1.7662181e+02
   9.1900000e+01   1.1362455e+02   4.4021805e+01
   9.2000000e+01   1.8762455e+02   6.1061805e+01
   9.2100000e+01   1.1162455e+02   8.5101805e+01
   9.2200000e+01   5.6624549e+01   9.8301805e+01
   9.2300000e+01   1.2162455e+02  -1.4298195e+01
   9.2400000e+01   8.9624549e+01   1.7398181e+02
   9.2500000e+01   9.6624549e+01  -3.2298195e+01
   9.2600000e+01   1.3762455e+02  -5.9381949e+00
   9.2700000e+01  -3.8375451e+01   1.2410181e+02
   9.2800000e+01   1.4562455e+02   1.1741805e+01
   9.2900000e+01   1.2862455e+02  -2.0578195e+01
   9.3000000e+01   8.1624549e+01   1.4301805e+01
   9.3100000e+01   8.5624549e+01   5.1141805e+01
   9.3200000e+01   6.0624549e+01   5.4141805e+01
   9.3300000e+01   7.8624549e+01  -1.5781949e+00
   9.3400000e+01   9.2624549e+01   1.3286181e+02
   9.3500000e+01  -3.3754513e+00   1.9701805e+01
   9.3600000e+01   1.5762455e+02   3.4261805e+01
   9.3700000e+01   1.0562455e+02   1.4734181e+02
   9.3800000e+01   9.7624549e+01  -1.4338195e+01
   9.3900000e+01   1.3962455e+02   5.1981805e+01
   9.4000000e+01   1.2462455e+02  -3.1418195e+01
   9.4100000e+01   7.7624549e+01   7.4461805e+01
   9.4200000e+01   2.0362455e+02   2.4642181e+02
   9.4300000e+01   1.5562455e+02   7.3341805e+01
   9.4400000e+01   1.0562455e+02   4.2341805e+01
   9.4500000e+01   2.1262455e+02   9.1061805e+01
   9.4600000e+01   9.6245487e+00   1.2218181e+02
   9.4700000e+01   5.0624549e+01   1.6554181e+02
   9.4800000e+01   7.9624549e+01   1.7381805e+01
   9.4900000e+01   8.4624549e+01   6.1181805e+01
   9.5000000e+01   1.5662455e+02   4.4301805e+01
   9.5100000e+01   2.1062455e+02   1.1141805e+01
   9.5200000e+01   7.4624549e+01   7.6581805e+01
   9.5300000e+01   1.0962455e+02   7.5181805e+01
   9.5400000e+01   2.0862455e+02   9.8221805e+01
   9.5500000e+01   1.2662455e+02   1.0050181e+02
   9.5600000e+01   1.0162455e+02  -1.7498195e+01
   9.5700000e+01   1.4662455e+02   7.5701805e+01
   9.5800000e+01   3.7162455e+02  -7.5298195e+01
   9.5900000e+01   9.6624549e+01   7.0180505e-01
   9.6000000e+01   1.0462455e+02   9.7381805e+01
   9.6100000e+01   3.5962455e+02   7.1181805e+01
   9.6200000e+01   5.1624549e+01   3.2501805e+01
   9.6300000e+01   9.1624549e+01   1.6490181e+02
   9.6400000e+01   1.1262455e+02   5.8061805e+01
   9.6500000e+01   7.6245487e+00   1.0261805e+01
   9.6600000e+01   5.1624549e+01   1.4150181e+02
   9.6700000e+01   1.7162455e+02   9.7018051e+00
   9.6800000e+01   7.5624549e+01   1.1541805e+01
   9.6900000e+01   4.6245487e+00   7.0381805e+01
   9.7000000e+01   6.1624549e+01   6.7101805e+01
   9.7100000e+01   1.9962455e+02   7.8581805e+01
   9.7200000e+01   9.4624549e+01   6.8781805e+01
   9.7300000e+01   8.2624549e+01   5.4261805e+01
   9.7400000e+01  -1.1437545e+02  -2.8858195e+01
   9.7500000e+01   1.8624549e+01   5.1821805e+01
   9.7600000e+01   9.2624549e+01   6.1861805e+01
   9.7700000e+01   7.3624549e+01   6.6218051e+00
   9.7800000e+01   1.8562455e+02   3.6141805e+01
   9.7900000e+01  -3.7545126e-01   1.1158181e+02
   9.8000000e+01   2.7624549e+01   1.2846181e+02
   9.8100000e+01   1.2562455e+02   1.0054181e+02
   9.8200000e+01   9.0624549e+01   3.6941805e+01
   9.8300000e+01   8.9624549e+01  -1.9018195e+01
   9.8400000e+01   7.3624549e+01   1.8621805e+01
   9.8500000e+01   2.7624549e+01   7.1461805e+01
   9.8600000e+01   4.0624549e+01   8.4941805e+01
   9.8700000e+01   7.9624549e+01   1.1338181e+02
   9.8800000e+01   2.1962455e+02  -1.6218195e+01
   9.8900000e+01  -1.3375451e+01   1.6510181e+02
   9.9000000e+01   1.8062455e+02   3.9341805e+01
   9.9100000e+01   8.1624549e+01   1.7301805e+01
   9.9200000e+01   4.1624549e+01   5.6901805e+01
   9.9300000e+01   3.0762455e+02   1.0926181e+02
   9.9400000e+01   6.9624549e+01   5.8781805e+01
   9.9500000e+01   1.4624549e+01   8.4981805e+01
   9.9600000e+01   3.9624549e+01  -4.7018195e+01
   9.9700000e+01   1.0562455e+02  -7.6581949e+00
   9.9800000e+01   1.5862455e+02   2.2221805e+01
   9.9900000e+01   1.4362455e+02  -2.0178195e+01
   1.0000000e+02   1.5562455e+02   7.7341805e+01
   1.0010000e+02   1.7062455e+02   1.1374181e+02
   1.0020000e+02   8.9624549e+01   3.6981805e+01
   1.0030000e+02   1.4162455e+02   1.5390181e+02
   1.0040000e+02   1.6624549e+01   6.8901805e+01
   1.0050000e+02   2.0362455e+02  -1.9578195e+01
   1.0060000e+02   4.6245487e+00   8.4381805e+01
   1.0070000e+02   1.3362455e+02   6.7221805e+01
   1.0080000e+02   3.3624549e+01   5.1221805e+01
   1.0090000e+02   1.0762455e+02   1.9326181e+02
   1.0100000e+02   8.6624549e+01   1.1910181e+02
   1.0110000e+02   8.4624549e+01   1.0118181e+02
   1.0120000e+02   9.7624549e+01   1.9566181e+02
   1.0130000e+02   4.4624549e+01   1.6078181e+02
   1.0140000e+02   6.3624549e+01   1.5021805e+01
   1.0150000e+02   3.2624549e+01   7.7261805e+01
   1.0160000e+02   1.4362455e+02   1.5782181e+02
   1.0170000e+02   9.4624549e+01   1.4378181e+02
   1.0180000e+02   1.1662455e+02   1.6390181e+02
   1.0190000e+02   1.6562455e+02   1.6994181e+02
   1.0200000e+02   2.2062455e+02  -7.2581949e+00
   1.0210000e+02  -5.3375451e+01   5.5701805e+01
   1.0220000e+02   1.9862455e+02   1.4162181e+02
   1.0230000e+02   7.4624549e+01   3.7581805e+01
   1.0240000e+02   4.3624549e+01   1.2882181e+02
   1.0250000e+02   5.3624549e+01   7.6421805e+01
   1.0260000e+02   2.2262455e+02   5.1661805e+01
   1.0270000e+02   7.7624549e+01   1.2046181e+02
   1.0280000e+02   8.7624549e+01   1.1106181e+02
   1.0290000e+02   1.2062455e+02   1.1774181e+02
   1.0300000e+02   1.3762455e+02   1.3206181e+02
   1.0310000e+02   6.4624549e+01   8.8981805e+01
   1.0320000e+02   1.9162455e+02   1.2790181e+02
   1.0330000e+02   2.4624549e+01   1.1358181e+02
   1.0340000e+02   1.0062455e+02   2.2554181e+02
   1.0350000e+02   7.6624549e+01  -1.4981949e+00
   1.0360000e+02   5.0624549e+01   1.5354181e+02
   1.0370000e+02   6.0624549e+01   8.8141805e+01
   1.0380000e+02   1.2862455e+02   9.7421805e+01
   1.0390000e+02   1.5462455e+02   1.8938181e+02
   1.0400000e+02   1.0562455e+02   1.7534181e+02
   1.0410000e+02  -2.7375451e+01   1.2466181e+02
   1.0420000e+02   8.6245487e+00   1.0622181e+02
   1.0430000e+02   4.6624549e+01   1.1670181e+02
   1.0440000e+02  -4.3754513e+00   3.6741805e+01
   1.0450000e+02   3.8624549e+01   7.0021805e+01
   1.0460000e+02   2.2962455e+02   1.1438181e+02
   1.0470000e+02   5.9624549e+01   1.2818181e+02
   1.0480000e+02   8.8624549e+01   2.1902181e+02
   1.0490000e+02   2.1662455e+02   2.9901805e+01
   1.0500000e+02   1.1624549e+01   4.7101805e+01
   1.0510000e+02   1.6562455e+02  -1.0058195e+01
   1.0520000e+02   2.0762455e+02   6.0261805e+01
   1.0530000e+02   3.3624549e+01   2.1221805e+01
   1.0540000e+02   1.5062455e+02   4.5541805e+01
   1.0550000e+02   1.5762455e+02   2.1826181e+02
   1.0560000e+02   8.2624549e+01   5.2618051e+00
   1.0570000e+02   3.9624549e+01   9.7981805e+01
   1.0580000e+02   1.2662455e+02   2.4550181e+02
   1.0590000e+02  -1.8375451e+01   1.9301805e+01
   1.0600000e+02   1.1862455e+02   4.3821805e+01
   1.0610000e+02   2.0062455e+02   2.1541805e+01
   1.0620000e+02   1.5562455e+02   2.4341805e+01
   1.0630000e+02   1.4262455e+02   6.6861805e+01
   1.0640000e+02   1.5962455e+02   8.5181805e+01
   1.0650000e+02   2.4624549e+01   6.9581805e+01
   1.0660000e+02   1.1562455e+02   1.3794181e+02
   1.0670000e+02   5.9624549e+01   1.2118181e+02
   1.0680000e+02   1.8762455e+02   9.0061805e+01
   1.0690000e+02   6.1624549e+01   6.9101805e+01
   1.0700000e+02   1.2062455e+02   9.0741805e+01
   1.0710000e+02   3.6624549e+01   1.2010181e+02
   1.0720000e+02   7.2624549e+01   1.6266181e+02
   1.0730000e+02   8.4624549e+01   1.0518181e+02
   1.0740000e+02   1.4562455e+02   2.5741805e+01
   1.0750000e+02   9.1624549e+01   1.9901805e+01
   1.0760000e+02   2.2562455e+02   5.1541805e+01
   1.0770000e+02   6.4624549e+01   2.5981805e+01
   1.0780000e+02   1.9362455e+02   6.0821805e+01
   1.0790000e+02   3.3624549e+01   1.7221805e+01
   1.0800000e+02   2.6245487e+00   7.5461805e+01
   1.0810000e+02   1.1562455e+02   6.4941805e+01
   1.0820000e+02   5.7624549e+01   3.5261805e+01
   1.0830000e+02   4.3624549e+01   1.8821805e+01
   1.0840000e+02  -1.9375451e+01   5.4341805e+01
   1.0850000e+02   8.6624549e+01   5.3101805e+01
   1.0860000e+02   1.5562455e+02  -4.9658195e+01
   1.0870000e+02   1.7362455e+02   5.1621805e+01
   1.0880000e+02   5.4624549e+01  -7.7618195e+01
   1.0890000e+02   5.5624549e+01   7.5341805e+01
   1.0900000e+02   2.4162455e+02   8.9018051e+00
   1.0910000e+02   1.5262455e+02  -4.1538195e+01
   1.0920000e+02   1.3162455e+02   1.6301805e+01
   1.0930000e+02   1.0762455e+02   8.2261805e+01
   1.0940000e+02   6.5624549e+01  -2.8058195e+01
   1.0950000e+02   3.6245487e+00   5.8421805e+01
   1.0960000e+02   1.7562455e+02   4.5418051e+00
   1.0970000e+02   2.6862455e+02   4.9821805e+01
   1.0980000e+02   2.1362455e+02   2.5021805e+01
   1.0990000e+02   1.2262455e+02  -4.8338195e+01
   1.1000000e+02  -2.3375451e+01   2.1501805e+01
   1.1010000e+02   2.3662455e+02   6.6101805e+01
   1.1020000e+02   2.2662455e+02  -5.9498195e+01
   1.1030000e+02   1.3862455e+02   4.0021805e+01
   1.1040000e+02   1.3662455e+02   9.3101805e+01
   1.1050000e+02   4.5624549e+01   2.0741805e+01
   1.1060000e+02   3.8624549e+01   5.0021805e+01
   1.1070000e+02   1.7562455e+02  -1.8458195e+01
   1.1080000e+02   3.4624549e+01  -1.1818195e+01
   1.1090000e+02   7.3624549e+01   3.0621805e+01
   1.1100000e+02   1.5262455e+02   5.0461805e+01
   1.1110000e+02   1.6062455e+02   7.7141805e+01
   1.1120000e+02   1.8962455e+02   1.3981805e+01
   1.1130000e+02  -9.3754513e+00   6.5941805e+01
   1.1140000e+02   4.4624549e+01   3.9781805e+01
   1.1150000e+02   1.6262455e+02  -3.8938195e+01
   1.1160000e+02   2.7624549e+01   2.4461805e+01
   1.1170000e+02   1.3062455e+02  -6.6581949e+00
   1.1180000e+02  -1.5375451e+01   1.0181805e+01
   1.1190000e+02   3.6245487e+00  -4.4578195e+01
   1.1200000e+02   8.4624549e+01   5.3181805e+01
   1.1210000e+02  -5.4375451e+01  -2.8258195e+01
   1.1220000e+02   1.9062455e+02   6.7941805e+01
   1.1230000e+02   7.0624549e+01   7.7418051e+00
   1.1240000e+02   1.2262455e+02  -7.3381949e+00
   1.1250000e+02   7.0624549e+01  -6.2581949e+00
   1.1260000e+02   1.4962455e+02  -7.4181949e+00
   1.1270000e+02   1.9762455e+02   3.4661805e+01
   1.1280000e+02   4.2624549e+01   1.5861805e+01
   1.1290000e+02   1.8162455e+02  -5.8698195e+01
   1.1300000e+02   2.2362455e+02  -7.5378195e+01
   1.1310000e+02   6.6624549e+01   6.5901805e+01
   1.1320000e+02   1.3862455e+02   2.8021805e+01
   1.1330000e+02   1.8062455e+02   2.2341805e+01
   1.1340000e+02   1.1062455e+02   5.2141805e+01
   1.1350000e+02   2.0762455e+02  -1.6738195e+01
   1.1360000e+02   5.3624549e+01  -2.6578195e+01
   1.1370000e+02   9.4624549e+01  -1.2181949e+00
   1.1380000e+02   5.4624549e+01  -1.8618195e+01
   1.1390000e+02   1.4362455e+02   6.5821805e+01
   1.1400000e+02   1.4962455e+02  -2.8418195e+01
   1.1410000e+02   8.2624549e+01   6.5261805e+01
   1.1420000e+02   5.0624549e+01   2.8541805e+01
   1.1430000e+02   1.7624549e+01  -1.0138195e+01
   1.1440000e+02   9.3624549e+01  -3.1178195e+01
   1.1450000e+02   1.7662455e+02   3.0501805e+01
   1.1460000e+02   3.2662455e+02  -1.6498195e+01
   1.1470000e+02   1.4624549e+01   6.3981805e+01
   1.1480000e+02   1.2362455e+02   2.9621805e+01
   1.1490000e+02   1.0162455e+02  -4.3498195e+01
   1.1500000e+02   1.2262455e+02   8.0661805e+01
   1.1510000e+02   1.3762455e+02  -4.7938195e+01
   1.1520000e+02   2.0562455e+02   4.1341805e+01
   1.1530000e+02   2.0162455e+02  -4.5498195e+01
   1.1540000e+02   2.1462455e+02  -2.0181949e+00
   1.1550000e+02   2.4262455e+02  -9.1381949e+00
   1.1560000e+02   1.6162455e+02   2.8101805e+01
   1.1570000e+02   1.9362455e+02   1.1821805e+01
   1.1580000e+02   1.7562455e+02   1.6541805e+01
   1.1590000e+02   1.5262455e+02  -5.5381949e+00
   1.1600000e+02   2.6624549e+01  -2.4498195e+01
   1.1610000e+02   3.6624549e+01   2.1101805e+01
   1.1620000e+02   1.0362455e+02   1.4218051e+00
   1.1630000e+02   9.4624549e+01   7.7781805e+01
   1.1640000e+02   1.2624549e+01  -4.8938195e+01
   1.1650000e+02   2.0362455e+02  -1.3578195e+01
   1.1660000e+02   1.3662455e+02  -1.1898195e+01
   1.1670000e+02   1.9762455e+02  -3.3381949e+00
   1.1680000e+02   1.8262455e+02   8.8261805e+01
   1.1690000e+02   2.0862455e+02   4.1221805e+01
   1.1700000e+02   6.3624549e+01   3.6021805e+01
   1.1710000e+02   1.2262455e+02   7.7661805e+01
   1.1720000e+02   1.3562455e+02   1.7141805e+01
   1.1730000e+02   7.8624549e+01  -1.8578195e+01
   1.1740000e+02   1.1462455e+02  -2.1018195e+01
   1.1750000e+02   2.7762455e+02   2.6461805e+01
   1.1760000e+02   1.3262455e+02  -4.9738195e+01
   1.1770000e+02   2.6362455e+02   7.3021805e+01
   1.1780000e+02   2.7624549e+01   5.6461805e+01
   1.1790000e+02   6.6624549e+01   6.1901805e+01
   1.1800000e+02   1.4962455e+02  -1.4418195e+01
   1.1810000e+02   8.5624549e+01   1.6141805e+01
   1.1820000e+02   1.3762455e+02  -5.8938195e+01
   1.1830000e+02   1.1462455e+02  -7.0181949e+00
   1.1840000e+02   2.6062455e+02   4.5141805e+01
   1.1850000e+02   5.0624549e+01  -2.7458195e+01
   1.1860000e+02   1.6162455e+02  -4.0898195e+01
   1.1870000e+02   8.4624549e+01   1.6181805e+01
   1.1880000e+02   1.0962455e+02   1.9181805e+01
   1.1890000e+02   4.8624549e+01   2.9621805e+01
   1.1900000e+02   8.8624549e+01  -4.9781949e+00
   1.1910000e+02   1.0762455e+02   9.3261805e+01
   1.1920000e+02   1.1062455e+02  -5.3858195e+01
   1.1930000e+02   7.0624549e+01  -3.2581949e+00
   1.1940000e+02   1.0262455e+02   3.4618051e+00
   1.1950000e+02   1.6862455e+02  -8.1781949e+00
   1.1960000e+02   1.3462455e+02   1.6518181e+02
   1.1970000e+02   2.2624549e+01   8.9661805e+01
   1.1980000e+02   1.6662455e+02   1.9018051e+00
   1.1990000e+02   1.3624549e+01   1.0302181e+02
   1.2000000e+02   3.5162455e+02   7.4501805e+01
   1.2010000e+02   1.4562455e+02  -3.4258195e+01
   1.2020000e+02   1.9362455e+02   6.4821805e+01
   1.2030000e+02   1.8162455e+02  -2.4698195e+01
   1.2040000e+02   7.3624549e+01   4.8621805e+01
   1.2050000e+02   8.8624549e+01   8.9021805e+01
   1.2060000e+02   8.5624549e+01  -6.5858195e+01
   1.2070000e+02   2.0662455e+02   3.0301805e+01
   1.2080000e+02   2.0262455e+02   2.7461805e+01
   1.2090000e+02   1.9262455e+02  -5.6138195e+01
   1.2100000e+02   2.6262455e+02  -3.7938195e+01
   1.2110000e+02   1.1662455e+02   1.9018051e+00
   1.2120000e+02   1.2262455e+02  -2.3381949e+00
   1.2130000e+02   1.4962455e+02   1.6581805e+01
   1.2140000e+02   1.9162455e+02  -4.3098195e+01
   1.2150000e+02   1.5562455e+02   2.0341805e+01
   1.2160000e+02   1.0062455e+02  -3.3458195e+01
   1.2170000e+02   1.6862455e+02   2.9821805e+01
   1.2180000e+02   5.5624549e+01   7.9341805e+01
   1.2190000e+02   1.6262455e+02   1.1061805e+01
   1.2200000e+02   1.6562455e+02   6.9418051e+00
   1.2210000e+02   7.5624549e+01   7.4541805e+01
   1.2220000e+02   1.2962455e+02  -2.8618195e+01
   1.2230000e+02   1.7762455e+02   2.7461805e+01
   1.2240000e+02   2.0962455e+02  -3.5818195e+01
   1.2250000e+02   2.6262455e+02   3.6061805e+01
   1.2260000e+02   2.2062455e+02  -7.2581949e+00
   1.2270000e+02   2.9462455e+02  -7.4218195e+01
   1.2280000e+02   2.1762455e+02  -4.4138195e+01
   1.2290000e+02   1.4262455e+02   6.5861805e+01
   1.2300000e+02   7.0624549e+01   3.3741805e+01
   1.2310000e+02   1.8062455e+02   1.3341805e+01
   1.2320000e+02   2.5162455e+02  -4.2498195e+01
   1.2330000e+02   5.6624549e+01   6.5301805e+01
   1.2340000e+02   7.6624549e+01   7.9501805e+01
   1.2350000e+02   6.1624549e+01   7.1018051e+00
   1.2360000e+02   1.5662455e+02   2.9301805e+01
   1.2370000e+02   1.9862455e+02  -7.0378195e+01
   1.2380000e+02   4.7624549e+01  -2.0338195e+01
   1.2390000e+02   1.4762455e+02   6.3661805e+01
   1.2400000e+02   2.2562455e+02  -4.8458195e+01
   1.2410000e+02   2.9624549e+01  -3.4618195e+01
   1.2420000e+02   3.7624549e+01  -2.7938195e+01
   1.2430000e+02   1.0062455e+02   5.9541805e+01
   1.2440000e+02   1.0962455e+02   1.4181805e+01
   1.2450000e+02   9.2624549e+01  -1.0138195e+01
   1.2460000e+02   1.4362455e+02  -7.6178195e+01
   1.2470000e+02   1.4462455e+02  -1.1218195e+01
   1.2480000e+02   7.2624549e+01  -7.2338195e+01
   1.2490000e+02   3.1624549e+01  -4.6981949e+00
   1.2500000e+02   2.8624549e+01  -1.5781949e+00
   1.2510000e+02   1.5562455e+02  -1.0658195e+01
   1.2520000e+02   7.2624549e+01   3.8661805e+01
   1.2530000e+02   9.6245487e+00   4.6181805e+01
   1.2540000e+02   1.0062455e+02  -6.4458195e+01
   1.2550000e+02   1.4362455e+02  -1.1781949e+00
   1.2560000e+02   1.1262455e+02  -8.9381949e+00
   1.2570000e+02   7.2624549e+01   5.8661805e+01
   1.2580000e+02   3.2624549e+01  -2.7381949e+00
   1.2590000e+02  -2.4375451e+01  -4.5458195e+01
   1.2600000e+02   1.9162455e+02  -7.9098195e+01
   1.2610000e+02  -4.9375451e+01  -1.5458195e+01
   1.2620000e+02   2.1624549e+01   5.2701805e+01
   1.2630000e+02   1.7362455e+02  -4.3378195e+01
   1.2640000e+02   1.2362455e+02  -5.3781949e+00
   1.2650000e+02   6.4624549e+01  -3.1018195e+01
   1.2660000e+02   8.0624549e+01  -3.1658195e+01
   1.2670000e+02   1.5962455e+02  -2.0818195e+01
   1.2680000e+02   1.6862455e+02   5.5821805e+01
   1.2690000e+02   1.9562455e+02  -3.6258195e+01
   1.2700000e+02   7.0624549e+01  -2.2581949e+00
   1.2710000e+02   1.7162455e+02  -9.2981949e+00
   1.2720000e+02   2.6624549e+01  -1.2498195e+01
   1.2730000e+02   1.8062455e+02  -3.7658195e+01
   1.2740000e+02   6.1624549e+01  -2.2898195e+01
   1.2750000e+02   2.5962455e+02  -4.5818195e+01
   1.2760000e+02   1.2062455e+02   7.2741805e+01
   1.2770000e+02   8.8624549e+01   1.8021805e+01
   1.2780000e+02   1.2362455e+02   3.4621805e+01
   1.2790000e+02   1.2962455e+02  -5.6618195e+01
   1.2800000e+02   1.9562455e+02  -1.9258195e+01
   1.2810000e+02   9.0624549e+01  -7.2058195e+01
   1.2820000e+02   1.4162455e+02  -2.4098195e+01
   1.2830000e+02   7.2624549e+01   2.3661805e+01
   1.2840000e+02   8.1624549e+01   7.7301805e+01
   1.2850000e+02   2.0262455e+02  -1.9538195e+01
   1.2860000e+02   1.7662455e+02  -6.2498195e+01
   1.2870000e+02   3.7362455e+02  -1.9378195e+01
   1.2880000e+02   2.2262455e+02   1.1661805e+01
   1.2890000e+02   8.6624549e+01  -4.6898195e+01
   1.2900000e+02   1.6262455e+02   3.4061805e+01
   1.2910000e+02   4.5624549e+01  -5.4258195e+01
   1.2920000e+02   1.1262455e+02  -4.0938195e+01
   1.2930000e+02   8.6245487e+00   2.0221805e+01
   1.2940000e+02   1.6362455e+02  -3.6978195e+01
   1.2950000e+02   1.7662455e+02  -4.4981949e+00
   1.2960000e+02   2.2862455e+02  -5.5578195e+01
   1.2970000e+02   1.0162455e+02   2.0501805e+01
   1.2980000e+02   1.8862455e+02   5.7021805e+01
   1.2990000e+02   1.1062455e+02  -3.4858195e+01
   1.3000000e+02   1.1262455e+02  -4.9938195e+01
   1.3010000e+02   1.8662455e+02   5.1101805e+01
   1.3020000e+02   1.2362455e+02  -3.2378195e+01
   1.3030000e+02   1.4862455e+02   1.4262181e+02
   1.3040000e+02   2.4262455e+02   8.6180505e-01
   1.3050000e+02   1.6862455e+02   4.0821805e+01
   1.3060000e+02   1.4362455e+02   2.5821805e+01
   1.3070000e+02   4.6624549e+01   4.6701805e+01
   1.3080000e+02   1.3362455e+02   1.5221805e+01
   1.3090000e+02   1.2162455e+02   1.0270181e+02
   1.3100000e+02   2.0662455e+02   2.1301805e+01
   1.3110000e+02   7.2624549e+01   3.3661805e+01
   1.3120000e+02   1.8062455e+02   8.3418051e+00
   1.3130000e+02   6.0624549e+01   5.0141805e+01
   1.3140000e+02   1.5862455e+02  -1.3778195e+01
   1.3150000e+02   1.6662455e+02  -4.6098195e+01
   1.3160000e+02   1.3662455e+02   3.0101805e+01
   1.3170000e+02   2.2962455e+02   4.7381805e+01
   1.3180000e+02   1.7062455e+02   6.7418051e+00
   1.3190000e+02   1.0662455e+02   2.2301805e+01
   1.3200000e+02   1.6462455e+02   2.8981805e+01
   1.3210000e+02   1.9562455e+02   5.4741805e+01
   1.3220000e+02   6.7624549e+01  -9.1381949e+00
   1.3230000e+02   2.8562455e+02   6.4141805e+01
   1.3240000e+02   2.5962455e+02  -2.1818195e+01
   1.3250000e+02   2.0262455e+02  -2.7538195e+01
   1.3260000e+02   1.8962455e+02   1.6981805e+01
   1.3270000e+02   1.5962455e+02   1.1918181e+02
   1.3280000e+02   2.0462455e+02   1.4381805e+01
   1.3290000e+02   2.9362455e+02  -2.2178195e+01
   1.3300000e+02   8.2624549e+01   6.1261805e+01
   1.3310000e+02   1.0662455e+02   1.1730181e+02
   1.3320000e+02   1.4262455e+02  -1.8138195e+01
   1.3330000e+02   8.2624549e+01   1.4261805e+01
   1.3340000e+02  -2.3754513e+00  -2.8338195e+01
   1.3350000e+02   1.9162455e+02  -4.4098195e+01
   1.3360000e+02   9.4624549e+01   6.0781805e+01
   1.3370000e+02   2.3162455e+02  -6.6698195e+01
   1.3380000e+02   2.5262455e+02  -2.5381949e+00
   1.3390000e+02   2.3762455e+02   9.1061805e+01
   1.3400000e+02   6.4624549e+01   1.3981805e+01
   1.3410000e+02   1.1762455e+02   2.8618051e+00
   1.3420000e+02   1.2462455e+02  -2.3418195e+01
   1.3430000e+02   2.2362455e+02   3.9621805e+01
   1.3440000e+02   1.1962455e+02   7.7818051e+00
   1.3450000e+02   2.9762455e+02   8.4661805e+01
   1.3460000e+02   1.8862455e+02  -2.7978195e+01
   1.3470000e+02   2.9562455e+02  -5.9258195e+01
   1.3480000e+02   2.4462455e+02   7.6781805e+01
   1.3490000e+02   2.3062455e+02   5.9341805e+01
   1.3500000e+02   2.7962455e+02  -1.6181949e+00
   1.3510000e+02   1.9162455e+02  -5.5098195e+01
   1.3520000e+02   2.0262455e+02   5.1461805e+01
   1.3530000e+02   2.3962455e+02   7.5981805e+01
   1.3540000e+02   2.3162455e+02   8.3018051e+00
   1.3550000e+02   4.0962455e+02  -6.0818195e+01
   1.3560000e+02   2.1062455e+02   4.1141805e+01
   1.3570000e+02   2.8862455e+02  -2.6978195e+01
   1.3580000e+02   2.6662455e+02   2.6901805e+01
   1.3590000e+02   2.8762455e+02   6.4061805e+01
   1.3600000e+02   2.1162455e+02  -6.5898195e+01
   1.3610000e+02   3.3662455e+02   1.0180505e-01
   1.3620000e+02   3.4562455e+02   2.2741805e+01
   1.3630000e+02   2.9362455e+02   4.0821805e+01
   1.3640000e+02   1.5862455e+02   6.6221805e+01
   1.3650000e+02   1.6062455e+02   5.3141805e+01
   1.3660000e+02   3.0624549e+01   1.2341805e+01
   1.3670000e+02   1.8662455e+02   4.2101805e+01
   1.3680000e+02   1.4462455e+02   4.7818051e+00
   1.3690000e+02   2.3162455e+02  -5.4698195e+01
   1.3700000e+02   2.3162455e+02   3.0180505e-01
   1.3710000e+02   2.0762455e+02   1.8826181e+02
   1.3720000e+02   1.2562455e+02   1.9541805e+01
   1.3730000e+02   1.1162455e+02   9.1018051e+00
   1.3740000e+02   2.4662455e+02   7.0180505e-01
   1.3750000e+02   3.2162455e+02   2.3701805e+01
   1.3760000e+02   2.7062455e+02  -7.5258195e+01
   1.3770000e+02   2.3862455e+02   7.0218051e+00
   1.3780000e+02   2.6762455e+02   3.3861805e+01
   1.3790000e+02   4.0762455e+02  -9.7381949e+00
   1.3800000e+02   6.7624549e+01   6.6861805e+01
   1.3810000e+02   1.3662455e+02  -3.8981949e+00
   1.3820000e+02   2.7262455e+02   5.5661805e+01
   1.3830000e+02   2.1662455e+02  -3.6098195e+01
   1.3840000e+02   1.7162455e+02   4.8701805e+01
   1.3850000e+02   1.5862455e+02  -6.7781949e+00
   1.3860000e+02   2.1862455e+02   6.5821805e+01
   1.3870000e+02   2.6662455e+02   2.6901805e+01
   1.3880000e+02   1.7262455e+02   1.9166181e+02
   1.3890000e+02   4.8624549e+01   3.3621805e+01
   1.3900000e+02   8.5624549e+01   5.1418051e+00
   1.3910000e+02   1.0162455e+02  -1.3498195e+01
   1.3920000e+02   1.0162455e+02   4.1501805e+01
   1.3930000e+02   2.5262455e+02   8.3461805e+01
   1.3940000e+02   2.1162455e+02  -1.9898195e+01
   1.3950000e+02   1.5962455e+02   3.6181805e+01
   1.3960000e+02   2.1262455e+02  -5.7938195e+01
   1.3970000e+02   1.5862455e+02  -4.7778195e+01
   1.3980000e+02   1.8562455e+02  -6.4858195e+01
   1.3990000e+02   1.9562455e+02  -2.0258195e+01
   1.4000000e+02   2.3962455e+02   7.1981805e+01
   1.4010000e+02   3.4962455e+02  -5.4181949e+00
   1.4020000e+02   1.4862455e+02  -1.1378195e+01
   1.4030000e+02   3.7962455e+02   1.4381805e+01
   1.4040000e+02   2.6162455e+02  -3.3898195e+01
   1.4050000e+02   2.7162455e+02   6.3701805e+01
   1.4060000e+02   1.2462455e+02   2.4581805e+01
   1.4070000e+02  -4.4375451e+01   4.5341805e+01
   1.4080000e+02   1.7624549e+01  -1.8138195e+01
   1.4090000e+02   5.6624549e+01   1.5930181e+02
   1.4100000e+02   7.9624549e+01  -6.9618195e+01
   1.4110000e+02  -3.9375451e+01  -8.6858195e+01
   1.4120000e+02  -1.8375451e+01   6.3018051e+00
   1.4130000e+02  -3.3375451e+01  -2.7098195e+01
   1.4140000e+02  -4.9375451e+01  -6.6458195e+01
   1.4150000e+02  -4.0375451e+01   2.9181805e+01
   1.4160000e+02  -3.9375451e+01   4.3141805e+01
   1.4170000e+02  -2.0375451e+01   6.7381805e+01
   1.4180000e+02  -2.3754513e+00   3.4661805e+01
   1.4190000e+02   1.9062455e+02  -4.2058195e+01
   1.4200000e+02   8.6245487e+00  -5.6778195e+01
   1.4210000e+02   3.8624549e+01  -3.6978195e+01
   1.4220000e+02  -5.8375451e+01   2.6901805e+01
   1.4230000e+02   1.3624549e+01   5.2021805e+01
   1.4240000e+02   6.8624549e+01  -3.1178195e+01
   1.4250000e+02  -7.3754513e+00  -5.9138195e+01
   1.4260000e+02   6.8624549e+01   1.9821805e+01
   1.4270000e+02   3.9624549e+01  -5.7018195e+01
   1.4280000e+02  -3.1375451e+01  -2.3178195e+01
   1.4290000e+02  -1.2337545e+02  -8.0498195e+01
   1.4300000e+02  -4.1375451e+01  -5.3778195e+01
   1.4310000e+02  -4.7375451e+01  -4.9538195e+01
   1.4320000e+02  -8.4375451e+01  -6.2058195e+01
   1.4330000e+02   7.2624549e+01  -1.9338195e+01
   1.4340000e+02  -7.2375451e+01  -7.2538195e+01
   1.4350000e+02  -6.1375451e+01  -1.9978195e+01
   1.4360000e+02  -3.3375451e+01  -3.0098195e+01
   1.4370000e+02   5.1624549e+01  -6.3498195e+01
   1.4380000e+02  -2.3375451e+01   1.7501805e+01
   1.4390000e+02  -3.9375451e+01  -2.3858195e+01
   1.4400000e+02  -6.1375451e+01   8.5021805e+01
   1.4410000e+02  -3.6375451e+01  -1.6978195e+01
   1.4420000e+02  -7.5375451e+01   1.3581805e+01
   1.4430000e+02  -4.8375451e+01  -5.7498195e+01
   1.4440000e+02  -2.5375451e+01  -2.2418195e+01
   1.4450000e+02  -8.8375451e+01  -1.6898195e+01
   1.4460000e+02  -5.5375451e+01  -1.2181949e+00
   1.4470000e+02  -3.4375451e+01   1.7941805e+01
   1.4480000e+02   6.8624549e+01  -5.5178195e+01
   1.4490000e+02  -2.7375451e+01  -6.7338195e+01
   1.4500000e+02   2.7624549e+01  -1.3538195e+01
   1.4510000e+02   9.8624549e+01   3.0621805e+01
   1.4520000e+02  -5.5375451e+01   4.7818051e+00
   1.4530000e+02  -4.6375451e+01  -1.7578195e+01
   1.4540000e+02  -6.8375451e+01  -5.6981949e+00
   1.4550000e+02  -1.3375451e+01  -9.8981949e+00
   1.4560000e+02  -6.3754513e+00   1.0382181e+02
   1.4570000e+02  -5.1375451e+01  -1.8378195e+01
   1.4580000e+02  -6.7375451e+01  -5.0738195e+01
   1.4590000e+02  -5.7375451e+01  -4.2138195e+01
   1.4600000e+02  -3.2375451e+01   1.6861805e+01
   1.4610000e+02   3.9624549e+01  -3.0181949e+00
   1.4620000e+02  -3.7375451e+01   7.0618051e+00
   1.4630000e+02   3.9624549e+01  -5.2018195e+01
   1.4640000e+02   2.5624549e+01  -8.4581949e+00
   1.4650000e+02   3.1624549e+01   3.5301805e+01
   1.4660000e+02  -3.1375451e+01   1.2821805e+01
   1.4670000e+02  -5.9375451e+01  -5.8194946e-02
   1.4680000e+02   9.1624549e+01  -1.3098195e+01
   1.4690000e+02  -2.8375451e+01   3.2701805e+01
   1.4700000e+02  -5.1375451e+01   7.8621805e+01
   1.4710000e+02   1.0624549e+01  -1.5858195e+01
   1.4720000e+02   1.5624549e+01  -5.8058195e+01
   1.4730000e+02  -3.7375451e+01  -8.9381949e+00
   1.4740000e+02   6.3624549e+01  -4.3978195e+01
   1.4750000e+02  -3.7375451e+01   3.1061805e+01
   1.4760000e+02  -1.3754513e+00  -2.1378195e+01
   1.4770000e+02  -3.5375451e+01   1.4981805e+01
   1.4780000e+02   1.7624549e+01  -4.1138195e+01
   1.4790000e+02  -8.3754513e+00   4.4901805e+01
   1.4800000e+02  -1.6375451e+01  -3.7781949e+00
   1.4810000e+02  -1.2375451e+01   2.0618051e+00
   1.4820000e+02   2.1624549e+01  -3.2298195e+01
   1.4830000e+02  -1.8375451e+01  -4.6981949e+00
   1.4840000e+02   3.2624549e+01   4.5261805e+01
   1.4850000e+02  -5.2375451e+01  -3.3338195e+01
   1.4860000e+02  -5.3754513e+00  -1.5218195e+01
   1.4870000e+02  -5.8375451e+01  -3.4098195e+01
   1.4880000e+02  -1.2037545e+02  -4.8618195e+01
   1.4890000e+02  -8.7375451e+01   3.0618051e+00
   1.4900000e+02   5.4624549e+01  -3.5618195e+01
   1.4910000e+02   9.6624549e+01  -2.9819495e-01
   1.4920000e+02  -8.0375451e+01   3.3781805e+01
   1.4930000e+02   2.4624549e+01  -4.3418195e+01
   1.4940000e+02   5.3624549e+01   4.2180505e-01
   1.4950000e+02  -3.4375451e+01  -5.8058195e+01
   1.4960000e+02   5.3624549e+01  -6.1578195e+01
   1.4970000e+02   8.6245487e+00   4.9221805e+01
   1.4980000e+02   1.6245487e+00   9.5501805e+01
   1.4990000e+02   7.4624549e+01  -2.4181949e+00
   1.5000000e+02  -6.5375451e+01  -2.6818195e+01
   1.5010000e+02  -3.1375451e+01   5.8218051e+00
   1.5020000e+02  -3.3754513e+00   1.1701805e+01
   1.5030000e+02  -9.4375451e+01  -6.8658195e+01
   1.5040000e+02   7.8624549e+01  -1.5578195e+01
   1.5050000e+02   1.9624549e+01   6.3781805e+01
   1.5060000e+02   1.5662455e+02  -7.3698195e+01
   1.5070000e+02   4.0624549e+01  -1.9058195e+01
   1.5080000e+02  -3.1375451e+01  -3.6178195e+01
   1.5090000e+02   2.6624549e+01  -1.2498195e+01
   1.5100000e+02   2.7624549e+01   3.9461805e+01
   1.5110000e+02  -1.8375451e+01   2.3018051e+00
   1.5120000e+02   7.5624549e+01  -6.4581949e+00
   1.5130000e+02   7.1624549e+01   3.6701805e+01
   1.5140000e+02  -9.3375451e+01  -1.0698195e+01
   1.5150000e+02  -9.9375451e+01   3.5418051e+00
   1.5160000e+02   6.8624549e+01   2.8218051e+00
   1.5170000e+02   1.0462455e+02  -4.6181949e+00
   1.5180000e+02  -5.6375451e+01  -3.1178195e+01
   1.5190000e+02   7.6245487e+00  -1.5738195e+01
   1.5200000e+02   7.4624549e+01   3.4581805e+01
   1.5210000e+02   6.0624549e+01   3.0141805e+01
   1.5220000e+02   1.6624549e+01   2.5901805e+01
   1.5230000e+02   1.8624549e+01  -3.5178195e+01
   1.5240000e+02  -5.5375451e+01  -5.1218195e+01
   1.5250000e+02   1.2362455e+02   3.6218051e+00
   1.5260000e+02  -7.3375451e+01  -4.3498195e+01
   1.5270000e+02  -1.1375451e+01  -2.2978195e+01
   1.5280000e+02   5.4624549e+01  -6.2618195e+01
   1.5290000e+02   1.2624549e+01   1.1306181e+02
   1.5300000e+02  -9.3754513e+00  -4.9058195e+01
   1.5310000e+02   2.2624549e+01   1.6618051e+00
   1.5320000e+02   2.8624549e+01  -1.3578195e+01
   1.5330000e+02   2.7624549e+01   6.4618051e+00
   1.5340000e+02   8.8624549e+01   2.0218051e+00
   1.5350000e+02   1.0662455e+02   9.5301805e+01
   1.5360000e+02   3.8624549e+01   6.4021805e+01
   1.5370000e+02   9.2624549e+01   6.7861805e+01
   1.5380000e+02   6.2454874e-01   1.2541805e+01
   1.5390000e+02   4.6624549e+01  -1.3298195e+01
   1.5400000e+02  -7.6375451e+01   3.3621805e+01
   1.5410000e+02  -6.3754513e+00  -4.8178195e+01
   1.5420000e+02  -4.2375451e+01  -7.7381949e+00
   1.5430000e+02   4.1624549e+01  -2.1098195e+01
   1.5440000e+02   1.4624549e+01  -4.2018195e+01
   1.5450000e+02  -1.8375451e+01  -2.9698195e+01
   1.5460000e+02  -5.2375451e+01   8.6618051e+00
   1.5470000e+02  -5.7375451e+01  -4.8138195e+01
   1.5480000e+02  -1.8375451e+01   2.6301805e+01
   1.5490000e+02  -4.8375451e+01  -2.4981949e+00
   1.5500000e+02   1.0062455e+02  -5.1458195e+01
   1.5510000e+02  -1.1437545e+02   1.1141805e+01
   1.5520000e+02  -9.3754513e+00   7.9418051e+00
   1.5530000e+02   2.0624549e+01   3.3741805e+01
   1.5540000e+02  -4.4375451e+01  -5.0658195e+01
   1.5550000e+02  -1.8375451e+01   4.6301805e+01
   1.5560000e+02  -6.3375451e+01   1.5101805e+01
   1.5570000e+02   2.9624549e+01   5.3381805e+01
   1.5580000e+02  -5.4375451e+01   4.4741805e+01
   1.5590000e+02   1.0624549e+01  -7.9858195e+01
   1.5600000e+02   3.6245487e+00  -4.7578195e+01
   1.5610000e+02   8.6624549e+01  -1.8898195e+01
   1.5620000e+02  -4.7375451e+01   1.0461805e+01
   1.5630000e+02  -2.0375451e+01   3.0381805e+01
   1.5640000e+02   1.3362455e+02  -2.8778195e+01
   1.5650000e+02   5.1624549e+01  -4.3498195e+01
   1.5660000e+02  -8.1375451e+01   2.4821805e+01
   1.5670000e+02   3.6245487e+00  -4.0578195e+01
   1.5680000e+02  -2.2375451e+01   2.7461805e+01
   1.5690000e+02  -6.4375451e+01   3.0141805e+01
   1.5700000e+02  -1.3754513e+00  -4.7378195e+01
   1.5710000e+02   1.0362455e+02   5.0421805e+01
   1.5720000e+02  -9.1375451e+01  -2.7781949e+00
   1.5730000e+02   8.6245487e+00  -1.3778195e+01
   1.5740000e+02  -3.7545126e-01   3.9581805e+01
   1.5750000e+02   2.1624549e+01   4.9701805e+01
   1.5760000e+02   5.4624549e+01   3.3818051e+00
   1.5770000e+02   2.8624549e+01   1.2421805e+01
   1.5780000e+02  -2.5375451e+01   7.6581805e+01
   1.5790000e+02  -2.5375451e+01   4.4581805e+01
   1.5800000e+02   8.6245487e+00   2.2180505e-01
   1.5810000e+02  -6.9375451e+01  -3.9658195e+01
   1.5820000e+02   1.6245487e+00  -6.4981949e+00
   1.5830000e+02  -2.8375451e+01  -1.2298195e+01
   1.5840000e+02  -2.9375451e+01   3.2741805e+01
   1.5850000e+02  -1.2637545e+02  -4.4378195e+01
   1.5860000e+02  -2.8375451e+01   1.3701805e+01
   1.5870000e+02   2.2624549e+01   6.8661805e+01
   1.5880000e+02   1.7262455e+02  -4.0338195e+01
   1.5890000e+02  -1.3375451e+01  -1.0898195e+01
   1.5900000e+02   2.4624549e+01  -4.1418195e+01
   1.5910000e+02   5.6624549e+01   7.3018051e+00
   1.5920000e+02  -3.8375451e+01  -1.4898195e+01
   1.5930000e+02  -5.7375451e+01   1.4861805e+01
   1.5940000e+02   4.4624549e+01  -2.5218195e+01
   1.5950000e+02  -9.0375451e+01   3.1181805e+01
   1.5960000e+02  -3.6375451e+01  -2.6978195e+01
   1.5970000e+02  -1.2337545e+02   5.7501805e+01
   1.5980000e+02  -7.3754513e+00  -8.2138195e+01
   1.5990000e+02   7.7624549e+01  -2.8538195e+01
   1.6000000e+02  -5.0375451e+01   6.5818051e+00
   1.6010000e+02   9.6245487e+00  -4.5818195e+01
   1.6020000e+02   5.6245487e+00  -4.5658195e+01
   1.6030000e+02   6.4624549e+01  -1.5018195e+01
   1.6040000e+02  -6.3375451e+01  -1.8898195e+01
   1.6050000e+02  -3.1375451e+01  -3.1781949e+00
   1.6060000e+02  -7.3754513e+00   5.4861805e+01
   1.6070000e+02  -8.1375451e+01   7.4821805e+01
   1.6080000e+02  -2.5375451e+01  -1.3418195e+01
   1.6090000e+02  -9.1375451e+01   4.3221805e+01
   1.6100000e+02   1.0062455e+02  -1.3458195e+01
   1.6110000e+02   1.7624549e+01  -1.4138195e+01
   1.6120000e+02   6.2454874e-01   1.5541805e+01
   1.6130000e+02  -1.9375451e+01  -1.0658195e+01
   1.6140000e+02  -2.3375451e+01  -5.7498195e+01
   1.6150000e+02   5.9624549e+01   4.1181805e+01
   1.6160000e+02   5.3624549e+01   6.3421805e+01
   1.6170000e+02   6.2624549e+01  -2.4938195e+01
   1.6180000e+02   6.1624549e+01  -1.3898195e+01
   1.6190000e+02  -1.9375451e+01  -9.6581949e+00
   1.6200000e+02   3.8624549e+01   9.0218051e+00
   1.6210000e+02   2.5624549e+01   4.5418051e+00
   1.6220000e+02   6.6245487e+00   3.4301805e+01
   1.6230000e+02   1.6624549e+01   7.8901805e+01
   1.6240000e+02  -4.0375451e+01  -2.0818195e+01
   1.6250000e+02   5.9624549e+01   3.3181805e+01
   1.6260000e+02  -7.8375451e+01   3.3701805e+01
   1.6270000e+02   1.0624549e+01  -2.3858195e+01
   1.6280000e+02   1.2062455e+02   2.0741805e+01
   1.6290000e+02   4.7624549e+01   1.2661805e+01
   1.6300000e+02   4.4624549e+01   5.4781805e+01
   1.6310000e+02  -6.9375451e+01   8.1341805e+01
   1.6320000e+02   2.6245487e+00  -2.4538195e+01
   1.6330000e+02   4.6245487e+00   5.5381805e+01
   1.6340000e+02   1.2562455e+02  -2.9458195e+01
   1.6350000e+02   7.1624549e+01   4.4701805e+01
   1.6360000e+02   1.0662455e+02   8.3301805e+01
   1.6370000e+02   4.6245487e+00   4.5381805e+01
   1.6380000e+02  -4.0375451e+01   3.4181805e+01
   1.6390000e+02   4.3624549e+01  -3.8178195e+01
   1.6400000e+02  -4.0375451e+01   3.0181805e+01
   1.6410000e+02   1.4862455e+02   8.1621805e+01
   1.6420000e+02   1.2624549e+01   6.8061805e+01
   1.6430000e+02   6.6624549e+01  -2.4098195e+01
   1.6440000e+02   7.2624549e+01  -4.6338195e+01
   1.6450000e+02  -7.3754513e+00  -1.0138195e+01
   1.6460000e+02   5.4624549e+01  -2.3618195e+01
   1.6470000e+02  -2.4375451e+01   5.5418051e+00
   1.6480000e+02  -4.1375451e+01   1.8221805e+01
   1.6490000e+02  -3.0375451e+01   3.7818051e+00
   1.6500000e+02   5.9624549e+01   3.1818051e+00
   1.6510000e+02  -9.2375451e+01  -2.7738195e+01
   1.6520000e+02  -6.1375451e+01  -9.9781949e+00
   1.6530000e+02  -1.9375451e+01  -2.6581949e+00
   1.6540000e+02  -7.0375451e+01   5.4381805e+01
   1.6550000e+02  -5.4375451e+01   1.1741805e+01
   1.6560000e+02  -6.3375451e+01  -3.0898195e+01
   1.6570000e+02   3.0624549e+01   2.3341805e+01
   1.6580000e+02  -1.0375451e+01  -3.1018195e+01
   1.6590000e+02  -5.4375451e+01   2.4741805e+01
   1.6600000e+02   9.4624549e+01   1.7818051e+00
   1.6610000e+02  -2.9375451e+01  -4.4258195e+01
   1.6620000e+02  -3.5375451e+01  -1.1018195e+01
   1.6630000e+02  -4.3754513e+00   2.7741805e+01
   1.6640000e+02  -6.0375451e+01   1.2598181e+02
   1.6650000e+02  -2.5375451e+01   7.0581805e+01
   1.6660000e+02  -4.7375451e+01   1.1461805e+01
   1.6670000e+02   1.8662455e+02   4.1101805e+01
   1.6680000e+02   3.5624549e+01  -2.5858195e+01
   1.6690000e+02   6.4624549e+01   8.4981805e+01
   1.6700000e+02  -2.2375451e+01   6.4618051e+00
   1.6710000e+02   5.3624549e+01   1.4421805e+01
   1.6720000e+02  -2.7375451e+01  -2.2338195e+01
   1.6730000e+02  -7.4375451e+01   1.5541805e+01
   1.6740000e+02  -1.6375451e+01  -3.2778195e+01
   1.6750000e+02  -6.4375451e+01   1.1141805e+01
   1.6760000e+02  -5.9375451e+01  -4.0058195e+01
   1.6770000e+02  -3.3375451e+01  -1.7098195e+01
   1.6780000e+02  -6.3754513e+00   5.7821805e+01
   1.6790000e+02   7.6245487e+00   3.3261805e+01
   1.6800000e+02   2.3624549e+01   3.1621805e+01
   1.6810000e+02   3.3624549e+01  -5.7778195e+01
   1.6820000e+02   6.4624549e+01   6.1981805e+01
   1.6830000e+02   1.1262455e+02   4.8061805e+01
   1.6840000e+02   5.0624549e+01   5.5541805e+01
   1.6850000e+02   3.7624549e+01   4.9061805e+01
   1.6860000e+02   1.7624549e+01  -4.7138195e+01
   1.6870000e+02   3.5624549e+01   2.9141805e+01
   1.6880000e+02  -4.4375451e+01   2.9341805e+01
   1.6890000e+02  -4.6375451e+01  -2.6578195e+01
   1.6900000e+02   6.4624549e+01   2.3981805e+01
   1.6910000e+02   3.6245487e+00   3.0421805e+01
   1.6920000e+02  -8.7375451e+01   5.5061805e+01
   1.6930000e+02  -4.4375451e+01   6.0341805e+01
   1.6940000e+02   1.1262455e+02  -2.2938195e+01
   1.6950000e+02  -3.5375451e+01   6.3981805e+01
   1.6960000e+02   2.9624549e+01  -8.6181949e+00
   1.6970000e+02   1.2662455e+02   3.4501805e+01
   1.6980000e+02  -1.5375451e+01   5.5181805e+01
   1.6990000e+02   2.2624549e+01  -1.6338195e+01
   1.7000000e+02  -1.3754513e+00  -3.7378195e+01
   1.7010000e+02   6.6245487e+00  -1.6698195e+01
   1.7020000e+02  -6.3754513e+00   1.2582181e+02
   1.7030000e+02  -5.3754513e+00   8.8781805e+01
   1.7040000e+02  -6.6375451e+01   4.1221805e+01
   1.7050000e+02  -4.5375451e+01  -3.1618195e+01
   1.7060000e+02   1.3624549e+01   3.9021805e+01
   1.7070000e+02   2.2624549e+01  -1.3338195e+01
   1.7080000e+02  -2.2375451e+01   4.4618051e+00
   1.7090000e+02   2.6245487e+00  -6.3538195e+01
   1.7100000e+02   6.1624549e+01  -1.6898195e+01
   1.7110000e+02  -4.4375451e+01  -2.3658195e+01
   1.7120000e+02   1.0062455e+02  -4.5819495e-01
   1.7130000e+02   9.8624549e+01  -4.4378195e+01
   1.7140000e+02   8.6624549e+01   1.0010181e+02
   1.7150000e+02   4.5624549e+01  -3.2581949e+00
   1.7160000e+02  -4.4375451e+01   2.2341805e+01
   1.7170000e+02  -3.6375451e+01   6.2021805e+01
   1.7180000e+02  -3.8375451e+01  -5.5898195e+01
   1.7190000e+02  -2.3754513e+00   3.6661805e+01
   1.7200000e+02  -1.4375451e+01  -6.8858195e+01
   1.7210000e+02  -3.2375451e+01  -6.1138195e+01
   1.7220000e+02   1.1362455e+02  -1.7978195e+01
   1.7230000e+02   3.1624549e+01   2.8301805e+01
   1.7240000e+02  -9.4375451e+01  -4.4658195e+01
   1.7250000e+02   2.5624549e+01  -4.4581949e+00
   1.7260000e+02  -4.0375451e+01   2.7181805e+01
   1.7270000e+02  -6.6375451e+01  -1.2778195e+01
   1.7280000e+02  -1.7375451e+01  -5.8738195e+01
   1.7290000e+02  -6.3375451e+01   3.1101805e+01
   1.7300000e+02  -7.5375451e+01  -7.4418195e+01
   1.7310000e+02  -4.7375451e+01   4.4618051e+00
   1.7320000e+02  -2.0375451e+01   2.3818051e+00
   1.7330000e+02  -3.3754513e+00   4.5701805e+01
   1.7340000e+02  -1.7375451e+01   1.5261805e+01
   1.7350000e+02  -5.3754513e+00   2.2781805e+01
   1.7360000e+02  -9.2375451e+01  -8.5738195e+01
   1.7370000e+02  -5.6375451e+01  -3.0178195e+01
   1.7380000e+02  -6.3375451e+01   3.3101805e+01
   1.7390000e+02   5.6245487e+00  -4.7658195e+01
   1.7400000e+02  -6.0375451e+01  -8.4018195e+01
   1.7410000e+02  -4.1375451e+01  -3.8778195e+01
   1.7420000e+02  -1.7375451e+01  -6.7381949e+00
   1.7430000e+02   7.8624549e+01  -1.4578195e+01
   1.7440000e+02  -2.9375451e+01  -5.8258195e+01
   1.7450000e+02   7.3624549e+01   9.6218051e+00
   1.7460000e+02   1.8624549e+01  -3.1781949e+00
   1.7470000e+02  -4.7375451e+01  -3.8538195e+01
   1.7480000e+02  -1.8375451e+01  -6.6981949e+00
   1.7490000e+02  -4.2375451e+01  -5.7381949e+00
   1.7500000e+02   3.8624549e+01  -8.7978195e+01
   1.7510000e+02  -2.4375451e+01   8.5418051e+00
   1.7520000e+02   2.1624549e+01  -1.4298195e+01
   1.7530000e+02   1.6624549e+01  -1.0981949e+00
   1.7540000e+02  -7.2375451e+01   7.3461805e+01
   1.7550000e+02   2.1624549e+01  -3.2298195e+01
   1.7560000e+02   1.3624549e+01   8.0218051e+00
   1.7570000e+02  -1.1537545e+02   3.8181805e+01
   1.7580000e+02   2.0624549e+01  -5.2258195e+01
   1.7590000e+02   2.3624549e+01  -3.8378195e+01
   1.7600000e+02  -3.0375451e+01  -2.2218195e+01
   1.7610000e+02  -4.2375451e+01   2.4261805e+01
   1.7620000e+02  -6.2375451e+01  -1.9381949e+00
   1.7630000e+02   7.2624549e+01   1.0661805e+01
   1.7640000e+02   2.5624549e+01  -6.3458195e+01
   1.7650000e+02   4.8624549e+01   7.6621805e+01
   1.7660000e+02  -6.3754513e+00  -4.3178195e+01
   1.7670000e+02  -5.4375451e+01  -2.1258195e+01
   1.7680000e+02   4.5624549e+01  -1.9258195e+01
   1.7690000e+02   1.7624549e+01   8.1861805e+01
   1.7700000e+02  -1.8375451e+01  -1.6981949e+00
   1.7710000e+02  -7.3375451e+01   8.9501805e+01
   1.7720000e+02   1.2562455e+02   4.8541805e+01
   1.7730000e+02   8.6245487e+00   2.4221805e+01
   1.7740000e+02   2.4624549e+01  -2.3418195e+01
   1.7750000e+02   7.9624549e+01  -1.6181949e+00
   1.7760000e+02  -6.3375451e+01  -1.4898195e+01
   1.7770000e+02   6.7624549e+01   5.2861805e+01
   1.7780000e+02  -6.4375451e+01  -2.7858195e+01
   1.7790000e+02  -2.6375451e+01   4.6621805e+01
   1.7800000e+02  -3.0375451e+01   4.1781805e+01
   1.7810000e+02  -6.6375451e+01  -6.1778195e+01
   1.7820000e+02  -3.0375451e+01  -7.0218195e+01
   1.7830000e+02   6.2454874e-01   8.2541805e+01
   1.7840000e+02   4.2624549e+01  -8.1138195e+01
   1.7850000e+02  -9.9375451e+01   7.5418051e+00
   1.7860000e+02   1.2624549e+01  -5.1938195e+01
   1.7870000e+02  -6.3375451e+01   2.4101805e+01
   1.7880000e+02   9.3624549e+01  -3.8178195e+01
   1.7890000e+02   6.2624549e+01  -1.3938195e+01
   1.7900000e+02  -3.4375451e+01  -2.7058195e+01
   1.7910000e+02   3.7624549e+01   1.3061805e+01
   1.7920000e+02  -4.8375451e+01   1.4501805e+01
   1.7930000e+02  -3.7545126e-01   7.8581805e+01
   1.7940000e+02   2.5624549e+01   4.5418051e+00
   1.7950000e+02   8.0624549e+01   2.3418051e+00
   1.7960000e+02   7.2624549e+01  -3.7338195e+01
   1.7970000e+02   3.3624549e+01   9.4221805e+01
   1.7980000e+02  -4.4375451e+01  -1.5658195e+01
   1.7990000e+02   8.9624549e+01   5.9981805e+01
   1.8000000e+02  -8.0375451e+01   6.0781805e+01
   1.8010000e+02  -3.3754513e+00   9.6701805e+01
   1.8020000e+02   8.6245487e+00   1.7221805e+01
   1.8030000e+02  -4.1375451e+01   2.1221805e+01
   1.8040000e+02  -1.9375451e+01  -1.3658195e+01
   1.8050000e+02   2.6624549e+01   2.9501805e+01
   1.8060000e+02   1.5562455e+02   1.0341805e+01
   1.8070000e+02  -1.7375451e+01  -4.2738195e+01
   1.8080000e+02  -9.3754513e+00   2.0941805e+01
   1.8090000e+02  -4.3754513e+00   3.5741805e+01
   1.8100000e+02  -1.5375451e+01  -8.8181949e+00
   1.8110000e+02  -4.3754513e+00   3.5741805e+01
   1.8120000e+02  -1.8375451e+01   4.5301805e+01
   1.8130000e+02  -2.5375451e+01   1.3581805e+01
   1.8140000e+02   7.7624549e+01   2.1461805e+01
   1.8150000e+02   3.4624549e+01  -1.8181949e+00
   1.8160000e+02   2.8624549e+01   6.4218051e+00
   1.8170000e+02  -6.3754513e+00   7.3821805e+01
   1.8180000e+02  -4.7375451e+01   3.2461805e+01
   1.8190000e+02   1.0462455e+02   2.0381805e+01
   1.8200000e+02  -1.9375451e+01  -3.6658195e+01
   1.8210000e+02  -1.5375451e+01  -1.1818195e+01
   1.8220000e+02  -4.0375451e+01   3.1818051e+00
   1.8230000e+02   9.4624549e+01   6.7818051e+00
   1.8240000e+02  -1.5375451e+01  -3.9818195e+01
   1.8250000e+02  -4.9375451e+01   1.5541805e+01
   1.8260000e+02   6.2454874e-01   1.5418051e+00
   1.8270000e+02   9.4624549e+01  -1.7218195e+01
   1.8280000e+02  -3.0375451e+01  -3.2218195e+01
   1.8290000e+02   2.5624549e+01   7.5541805e+01
   1.8300000e+02   6.2454874e-01   5.6541805e+01
   1.8310000e+02  -3.2375451e+01  -3.7138195e+01
   1.8320000e+02  -6.7375451e+01   3.0261805e+01
   1.8330000e+02   1.1962455e+02   1.5781805e+01
   1.8340000e+02  -2.3754513e+00  -1.4338195e+01
   1.8350000e+02  -7.3754513e+00   2.9861805e+01
   1.8360000e+02  -1.3754513e+00  -3.6378195e+01
   1.8370000e+02   4.8624549e+01  -7.3781949e+00
   1.8380000e+02  -1.6375451e+01  -4.7778195e+01
   1.8390000e+02   2.9624549e+01   1.2381805e+01
   1.8400000e+02   1.2662455e+02  -2.2498195e+01
   1.8410000e+02   1.7462455e+02   5.4581805e+01
   1.8420000e+02   7.2624549e+01   1.1661805e+01
   1.8430000e+02  -8.9375451e+01  -2.1858195e+01
   1.8440000e+02  -1.6375451e+01  -5.6778195e+01
   1.8450000e+02  -6.2375451e+01  -1.0938195e+01
   1.8460000e+02  -4.3754513e+00  -9.2581949e+00
   1.8470000e+02  -8.6375451e+01   8.0218051e+00
   1.8480000e+02  -6.6375451e+01   1.4022181e+02
   1.8490000e+02   1.1462455e+02  -3.8018195e+01
   1.8500000e+02   9.2624549e+01  -4.8138195e+01
   1.8510000e+02   8.2624549e+01  -5.4738195e+01
   1.8520000e+02  -1.1137545e+02  -1.0978195e+01
   1.8530000e+02   9.6245487e+00  -4.9818195e+01
   1.8540000e+02   7.5624549e+01   4.0541805e+01
   1.8550000e+02   1.6245487e+00  -3.4981949e+00
   1.8560000e+02  -5.5375451e+01  -2.9218195e+01
   1.8570000e+02  -4.3754513e+00   1.4741805e+01
   1.8580000e+02   1.5762455e+02   7.2618051e+00
   1.8590000e+02   4.7624549e+01  -4.2338195e+01
   1.8600000e+02  -7.2375451e+01   4.7461805e+01
   1.8610000e+02  -8.6375451e+01  -1.1978195e+01
   1.8620000e+02  -1.0375451e+01  -1.6018195e+01
   1.8630000e+02   2.3624549e+01  -2.1378195e+01
   1.8640000e+02  -8.7375451e+01   1.8061805e+01
   1.8650000e+02   5.2624549e+01   6.0461805e+01
   1.8660000e+02  -9.6375451e+01   1.1421805e+01
   1.8670000e+02  -8.1375451e+01  -2.1178195e+01
   1.8680000e+02  -3.0375451e+01  -6.3218195e+01
   1.8690000e+02   2.0624549e+01   5.7418051e+00
   1.8700000e+02  -3.3754513e+00   1.8701805e+01
   1.8710000e+02   2.3624549e+01  -9.3781949e+00
   1.8720000e+02  -9.6375451e+01  -3.5578195e+01
   1.8730000e+02  -7.1375451e+01  -7.5781949e+00
   1.8740000e+02  -1.0375451e+01  -2.0181949e+00
   1.8750000e+02   1.9462455e+02   8.7818051e+00
   1.8760000e+02  -5.1375451e+01  -3.7378195e+01
   1.8770000e+02  -3.5375451e+01   4.9818051e+00
   1.8780000e+02   4.4624549e+01   3.0781805e+01
   1.8790000e+02   8.4624549e+01  -7.3818195e+01
   1.8800000e+02  -3.4375451e+01  -3.2058195e+01
   1.8810000e+02   2.8624549e+01  -3.8578195e+01
   1.8820000e+02  -3.1375451e+01   1.5821805e+01
   1.8830000e+02  -5.4375451e+01   7.8741805e+01
   1.8840000e+02  -4.0375451e+01  -5.0818195e+01
   1.8850000e+02   2.8624549e+01  -3.5781949e+00
   1.8860000e+02  -2.8375451e+01  -2.4298195e+01
   1.8870000e+02  -3.3754513e+00   3.0701805e+01
   1.8880000e+02   6.2624549e+01   1.5061805e+01
   1.8890000e+02   6.4624549e+01   1.8981805e+01
   1.8900000e+02  -9.7375451e+01   1.5461805e+01
   1.8910000e+02   1.8624549e+01  -4.5178195e+01
   1.8920000e+02   4.6624549e+01  -3.9298195e+01
   1.8930000e+02   1.6245487e+00  -8.4498195e+01
   1.8940000e+02  -8.2375451e+01  -3.2138195e+01
   1.8950000e+02  -4.3754513e+00  -5.7258195e+01
   1.8960000e+02  -5.2375451e+01   2.2661805e+01
   1.8970000e+02   7.5624549e+01  -1.3458195e+01
   1.8980000e+02   6.0624549e+01  -4.2858195e+01
   1.8990000e+02  -4.7375451e+01   5.1461805e+01
   1.9000000e+02   1.9624549e+01  -3.1218195e+01
   1.9010000e+02  -1.0637545e+02  -9.1781949e+00
   1.9020000e+02  -2.7375451e+01   2.6661805e+01
   1.9030000e+02  -4.8375451e+01   1.9501805e+01
   1.9040000e+02   1.2462455e+02  -6.6418195e+01
   1.9050000e+02   3.5624549e+01  -1.5858195e+01
   1.9060000e+02  -4.2375451e+01  -6.7381949e+00
   1.9070000e+02  -6.7375451e+01  -6.4738195e+01
   1.9080000e+02  -4.6375451e+01  -1.4578195e+01
   1.9090000e+02  -7.3754513e+00   9.8618051e+00
   1.9100000e+02  -2.9375451e+01   1.8741805e+01
   1.9110000e+02   2.6245487e+00  -4.6538195e+01
   1.9120000e+02  -7.3754513e+00  -7.6138195e+01
   1.9130000e+02   6.2454874e-01   3.0541805e+01
   1.9140000e+02  -6.6375451e+01  -5.7781949e+00
   1.9150000e+02  -9.3754513e+00   1.2941805e+01
   1.9160000e+02  -1.0337545e+02  -3.2981949e+00
   1.9170000e+02   4.8624549e+01   1.0621805e+01
   1.9180000e+02   6.6245487e+00  -8.3698195e+01
   1.9190000e+02   6.2624549e+01   1.8061805e+01
   1.9200000e+02   1.9624549e+01  -6.9218195e+01
   1.9210000e+02  -8.7375451e+01   2.0618051e+00
   1.9220000e+02  -7.6375451e+01  -7.3378195e+01
   1.9230000e+02  -7.2375451e+01   7.2461805e+01
   1.9240000e+02  -6.0375451e+01   2.9818051e+00
   1.9250000e+02  -4.4375451e+01  -3.1658195e+01
   1.9260000e+02   1.3624549e+01  -1.4978195e+01
   1.9270000e+02   4.0624549e+01  -3.1058195e+01
   1.9280000e+02  -1.9375451e+01  -1.9658195e+01
   1.9290000e+02  -7.3375451e+01  -1.6498195e+01
   1.9300000e+02  -1.9375451e+01  -7.0658195e+01
   1.9310000e+02  -9.6375451e+01   4.8421805e+01
   1.9320000e+02  -5.9375451e+01  -1.9058195e+01
   1.9330000e+02  -1.4375451e+01   1.2141805e+01
   1.9340000e+02  -5.2375451e+01   8.6618051e+00
   1.9350000e+02  -1.1437545e+02  -8.2858195e+01
   1.9360000e+02  -1.1375451e+01  -2.0978195e+01
   1.9370000e+02   8.2624549e+01   2.7261805e+01
   1.9380000e+02  -7.3754513e+00  -2.3138195e+01
   1.9390000e+02   5.1624549e+01  -7.7498195e+01
   1.9400000e+02  -5.1375451e+01   2.2621805e+01
   1.9410000e+02   3.0624549e+01   1.9341805e+01
   1.9420000e+02  -2.8375451e+01   2.4701805e+01
   1.9430000e+02   4.1624549e+01   2.9901805e+01
   1.9440000e+02   1.0624549e+01  -7.2858195e+01
   1.9450000e+02  -1.0237545e+02   2.8661805e+01
   1.9460000e+02   4.8624549e+01  -5.5378195e+01
   1.9470000e+02   3.7624549e+01   2.8061805e+01
   1.9480000e+02   2.3624549e+01   4.9621805e+01
   1.9490000e+02  -3.7545126e-01  -4.7418195e+01
   1.9500000e+02  -1.8375451e+01  -6.2698195e+01
   1.9510000e+02  -2.9375451e+01   4.1741805e+01
   1.9520000e+02   4.5624549e+01  -1.1258195e+01
   1.9530000e+02  -4.0375451e+01   1.8180505e-01
   1.9540000e+02   5.1624549e+01  -8.3498195e+01
   1.9550000e+02   7.6245487e+00  -5.9738195e+01
   1.9560000e+02  -9.6375451e+01  -9.5781949e+00
   1.9570000e+02  -3.4375451e+01  -3.4058195e+01
   1.9580000e+02  -3.0375451e+01  -1.6218195e+01
   1.9590000e+02  -6.6375451e+01  -3.7781949e+00
   1.9600000e+02   4.3624549e+01   5.3821805e+01
   1.9610000e+02  -9.3754513e+00   7.1941805e+01
   1.9620000e+02  -2.0375451e+01  -2.7618195e+01
   1.9630000e+02   3.6624549e+01  -1.9898195e+01
   1.9640000e+02   4.7624549e+01  -1.8338195e+01
   1.9650000e+02  -5.8375451e+01  -6.2098195e+01
   1.9660000e+02  -7.3754513e+00   4.2861805e+01
   1.9670000e+02  -5.7375451e+01  -2.1381949e+00
   1.9680000e+02   7.7624549e+01   4.6180505e-01
   1.9690000e+02  -9.1375451e+01   5.2221805e+01
   1.9700000e+02   3.3624549e+01   1.9221805e+01
   1.9710000e+02  -6.7375451e+01  -4.4738195e+01
   1.9720000e+02   5.2624549e+01   4.6180505e-01
   1.9730000e+02  -7.0375451e+01   8.3818051e+00
   1.9740000e+02  -6.3375451e+01  -2.7898195e+01
   1.9750000e+02  -1.9375451e+01  -8.5658195e+01
   1.9760000e+02   4.7624549e+01   3.4661805e+01
   1.9770000e+02  -1.3754513e+00  -2.9378195e+01
   1.9780000e+02   3.1624549e+01  -1.5698195e+01
   1.9790000e+02   2.8624549e+01   3.0421805e+01
   1.9800000e+02   5.6245487e+00   4.6341805e+01
   1.9810000e+02   5.4624549e+01  -2.1618195e+01
   1.9820000e+02  -4.0375451e+01   1.0181805e+01
   1.9830000e+02   1.0862455e+02  -3.8778195e+01
   1.9840000e+02  -1.0375451e+01  -9.0181949e+00
   1.9850000e+02   5.1624549e+01   3.0501805e+01
   1.9860000e+02   1.3362455e+02  -3.4778195e+01
   1.9870000e+02   9.4624549e+01  -1.3218195e+01
   1.9880000e+02  -6.3754513e+00   3.4821805e+01
   1.9890000e+02   8.2624549e+01   2.2618051e+00
   1.9900000e+02   8.1624549e+01   5.1301805e+01
   1.9910000e+02   3.6245487e+00   1.7421805e+01
   1.9920000e+02   2.6245487e+00  -4.5538195e+01
   1.9930000e+02  -2.1375451e+01  -7.5781949e+00
   1.9940000e+02  -2.2375451e+01  -3.8538195e+01
   1.9950000e+02  -1.2375451e+01   1.1061805e+01
   1.9960000e+02  -4.1375451e+01  -1.3778195e+01
   1.9970000e+02   1.6624549e+01  -1.7098195e+01
   1.9980000e+02  -4.1375451e+01   4.8221805e+01
   1.9990000e+02  -5.6375451e+01   9.8218051e+00
