   0.0000000e+00   7.8160535e+00   3.9810542e+02
   1.0000000e-01   9.8816054e+01   1.9046542e+02
   2.0000000e-01  -6.1839465e+00   1.0866542e+02
   3.0000000e-01   1.2881605e+02   2.9026542e+02
   4.0000000e-01   6.2816054e+01   3.1990542e+02
   5.0000000e-01   1.5281605e+02   2.6330542e+02
   6.0000000e-01   1.1181605e+02   1.9694542e+02
   7.0000000e-01   1.0381605e+02   2.3526542e+02
   8.0000000e-01   1.9781605e+02   2.6250542e+02
   9.0000000e-01   9.8816054e+01   2.0046542e+02
   1.0000000e+00   1.6581605e+02   2.6878542e+02
   1.1000000e+00   1.1881605e+02   2.9566542e+02
   1.2000000e+00   1.2681605e+02   1.8734542e+02
   1.3000000e+00   8.8160535e+00   2.6306542e+02
   1.4000000e+00   1.2081605e+02   2.3158542e+02
   1.5000000e+00   9.5816054e+01   3.9558542e+02
   1.6000000e+00   2.4881605e+02   2.2046542e+02
   1.7000000e+00   3.2816054e+01   3.5010542e+02
   1.8000000e+00   1.8816054e+01   3.6866542e+02
   1.9000000e+00   5.0816054e+01   9.8385418e+01
   2.0000000e+00  -2.7183946e+01   1.5150542e+02
   2.1000000e+00  -1.0183946e+01   2.9082542e+02
   2.2000000e+00   8.7816054e+01   2.4490542e+02
   2.3000000e+00   1.1281605e+02   2.4490542e+02
   2.4000000e+00   7.9816054e+01   2.7322542e+02
   2.5000000e+00   4.7816054e+01   2.9550542e+02
   2.6000000e+00   4.1816054e+01   1.6374542e+02
   2.7000000e+00   1.0816054e+01   1.9798542e+02
   2.8000000e+00   8.3816054e+01   1.8406542e+02
   2.9000000e+00   2.8816054e+01   1.6226542e+02
   3.0000000e+00   3.7816054e+01   1.9590542e+02
   3.1000000e+00   1.0881605e+02   3.0106542e+02
   3.2000000e+00   1.5381605e+02   1.6026542e+02
   3.3000000e+00   7.5816054e+01   2.7738542e+02
   3.4000000e+00   3.2816054e+01   1.5410542e+02
   3.5000000e+00   2.3081605e+02   3.9418542e+02
   3.6000000e+00   2.3581605e+02   7.0985418e+01
   3.7000000e+00   2.4181605e+02   9.9745418e+01
   3.8000000e+00   2.0281605e+02   2.9330542e+02
   3.9000000e+00   3.0181605e+02   1.0334542e+02
   4.0000000e+00   7.7816054e+01   6.5305418e+01
   4.1000000e+00   6.3816054e+01   2.7286542e+02
   4.2000000e+00   2.8581605e+02   2.7398542e+02
   4.3000000e+00   1.9081605e+02   2.8878542e+02
   4.4000000e+00   1.1481605e+02   2.5482542e+02
   4.5000000e+00   2.3881605e+02   1.3586542e+02
   4.6000000e+00   1.2881605e+02   9.1265418e+01
   4.7000000e+00   1.1381605e+02   7.5865418e+01
   4.8000000e+00   1.1381605e+02   2.6086542e+02
   4.9000000e+00   5.8816054e+01   2.1206542e+02
   5.0000000e+00   3.4816054e+01   2.0102542e+02
   5.1000000e+00   5.2816054e+01   3.2830542e+02
   5.2000000e+00   2.3081605e+02   9.7185418e+01
   5.3000000e+00   4.2816054e+01   1.4670542e+02
   5.4000000e+00   1.4781605e+02   9.0505418e+01
   5.5000000e+00   8.7816054e+01   2.1490542e+02
   5.6000000e+00  -3.1839465e+00   2.1954542e+02
   5.7000000e+00   1.1981605e+02   2.7762542e+02
   5.8000000e+00   6.9816054e+01   2.0462542e+02
   5.9000000e+00   6.8816054e+01   3.8866542e+02
   6.0000000e+00   4.3816054e+01   2.2666542e+02
   6.1000000e+00   1.6581605e+02   8.9785418e+01
   6.2000000e+00   1.4581605e+02   2.0758542e+02
   6.3000000e+00   1.2881605e+02   3.6326542e+02
   6.4000000e+00   9.0816054e+01   3.1778542e+02
   6.5000000e+00   9.9816054e+01   3.1142542e+02
   6.6000000e+00   4.1816054e+01   2.3774542e+02
   6.7000000e+00   7.5816054e+01   2.7938542e+02
   6.8000000e+00   1.4681605e+02   1.5954542e+02
   6.9000000e+00  -3.8183946e+01   4.1894542e+02
   7.0000000e+00   2.6816054e+01   1.2634542e+02
   7.1000000e+00   7.0816054e+01   2.5458542e+02
   7.2000000e+00   1.6981605e+02   3.3662542e+02
   7.3000000e+00   1.1181605e+02   1.6094542e+02
   7.4000000e+00   3.2816054e+01   2.3910542e+02
   7.5000000e+00   7.9816054e+01   2.0822542e+02
   7.6000000e+00   4.6816054e+01   1.4354542e+02
   7.7000000e+00   2.1681605e+02   1.3174542e+02
   7.8000000e+00  -1.9183946e+01   3.1318542e+02
   7.9000000e+00   6.4816054e+01   2.1382542e+02
   8.0000000e+00   2.2981605e+02   3.7822542e+02
   8.1000000e+00  -3.3183946e+01   1.9474542e+02
   8.2000000e+00   9.7816054e+01   1.0250542e+02
   8.3000000e+00   5.2816054e+01   1.8830542e+02
   8.4000000e+00   1.4981605e+02   2.5442542e+02
   8.5000000e+00   1.7581605e+02   1.3038542e+02
   8.6000000e+00   2.6481605e+02   1.7082542e+02
   8.7000000e+00   5.5816054e+01   3.1918542e+02
   8.8000000e+00   2.0081605e+02   2.0238542e+02
   8.9000000e+00   1.8581605e+02   2.7098542e+02
   9.0000000e+00   1.2981605e+02   1.6922542e+02
   9.1000000e+00   1.6981605e+02   1.6362542e+02
   9.2000000e+00   1.4281605e+02   2.2770542e+02
   9.3000000e+00   3.1581605e+02   2.8578542e+02
   9.4000000e+00   8.5816054e+01   1.7098542e+02
   9.5000000e+00   8.7816054e+01   3.2090542e+02
   9.6000000e+00   1.1081605e+02   3.3698542e+02
   9.7000000e+00   1.7816054e+01   1.8670542e+02
   9.8000000e+00   1.5681605e+02   6.9145418e+01
   9.9000000e+00   5.1816054e+01   2.6434542e+02
   1.0000000e+01   2.2981605e+02   3.3722542e+02
   1.0100000e+01   1.4081605e+02   1.2578542e+02
   1.0200000e+01   1.8160535e+00   2.7734542e+02
   1.0300000e+01   9.8160535e+00   2.9302542e+02
   1.0400000e+01  -4.8183946e+01   1.6734542e+02
   1.0500000e+01   1.8681605e+02   1.7894542e+02
   1.0600000e+01   1.0581605e+02   1.3718542e+02
   1.0700000e+01   6.4816054e+01   1.2482542e+02
   1.0800000e+01   2.0081605e+02   1.4838542e+02
   1.0900000e+01  -1.1839465e+00   2.8646542e+02
   1.1000000e+01   2.1381605e+02   2.4986542e+02
   1.1100000e+01   1.6581605e+02   2.5778542e+02
   1.1200000e+01   1.5881605e+02   1.2406542e+02
   1.1300000e+01   1.1381605e+02   1.8286542e+02
   1.1400000e+01   2.1881605e+02   1.4966542e+02
   1.1500000e+01   2.8160535e+00   3.2430542e+02
   1.1600000e+01   1.2816054e+01   1.9290542e+02
   1.1700000e+01   2.3381605e+02   2.4606542e+02
   1.1800000e+01   9.7816054e+01   2.1350542e+02
   1.1900000e+01  -3.1839465e+00   2.2854542e+02
   1.2000000e+01   6.8816054e+01   1.8366542e+02
   1.2100000e+01   1.5981605e+02   2.6702542e+02
   1.2200000e+01   7.6816054e+01   3.0534542e+02
   1.2300000e+01   2.0681605e+02   1.9014542e+02
   1.2400000e+01   1.8381605e+02   3.4506542e+02
   1.2500000e+01   9.1816054e+01   2.3174542e+02
   1.2600000e+01   2.3181605e+02   8.8145418e+01
   1.2700000e+01   6.8816054e+01   1.9166542e+02
   1.2800000e+01   1.6881605e+02   1.9266542e+02
   1.2900000e+01   1.9581605e+02   1.1958542e+02
   1.3000000e+01   1.5081605e+02   2.6738542e+02
   1.3100000e+01   3.0181605e+02   1.7034542e+02
   1.3200000e+01   1.0281605e+02   1.5930542e+02
   1.3300000e+01   1.3881605e+02   2.1486542e+02
   1.3400000e+01   7.0816054e+01   1.4558542e+02
   1.3500000e+01   1.0681605e+02   1.2314542e+02
   1.3600000e+01   6.8816054e+01   1.7566542e+02
   1.3700000e+01  -5.1183946e+01   1.2846542e+02
   1.3800000e+01   2.0081605e+02   1.4538542e+02
   1.3900000e+01   4.4816054e+01   2.0462542e+02
   1.4000000e+01   7.1816054e+01   3.0554542e+02
   1.4100000e+01   3.2816054e+01   2.6410542e+02
   1.4200000e+01   5.9816054e+01   2.7702542e+02
   1.4300000e+01   1.3581605e+02   1.3598542e+02
   1.4400000e+01   3.8816054e+01   1.0186542e+02
   1.4500000e+01   2.3816054e+01   1.3946542e+02
   1.4600000e+01  -3.9183946e+01   2.2498542e+02
   1.4700000e+01   8.6816054e+01   2.1394542e+02
   1.4800000e+01   2.2816054e+01   1.5050542e+02
   1.4900000e+01   1.5881605e+02   1.8306542e+02
   1.5000000e+01   1.0181605e+02   1.4834542e+02
   1.5100000e+01   8.5816054e+01   2.6698542e+02
   1.5200000e+01   3.5281605e+02   2.2230542e+02
   1.5300000e+01   1.1781605e+02   3.5670542e+02
   1.5400000e+01   8.6816054e+01   1.4594542e+02
   1.5500000e+01   1.0816054e+01   2.2598542e+02
   1.5600000e+01   1.3481605e+02   3.1402542e+02
   1.5700000e+01   1.4881605e+02   2.2246542e+02
   1.5800000e+01   2.7681605e+02   1.3234542e+02
   1.5900000e+01   4.9816054e+01   2.1142542e+02
   1.6000000e+01   1.4081605e+02   2.1578542e+02
   1.6100000e+01   1.4181605e+02   2.9574542e+02
   1.6200000e+01   5.7816054e+01   1.6710542e+02
   1.6300000e+01   1.8081605e+02   2.1018542e+02
   1.6400000e+01   2.4816054e+01   2.2142542e+02
   1.6500000e+01   2.0181605e+02   2.5934542e+02
   1.6600000e+01   5.7816054e+01   2.8610542e+02
   1.6700000e+01   1.0881605e+02   9.5065418e+01
   1.6800000e+01  -3.1839465e+00   2.8754542e+02
   1.6900000e+01   9.0816054e+01   2.5678542e+02
   1.7000000e+01   8.0816054e+01   1.6218542e+02
   1.7100000e+01   8.4816054e+01   2.8102542e+02
   1.7200000e+01   4.7816054e+01   2.1650542e+02
   1.7300000e+01   1.9681605e+02   1.3954542e+02
   1.7400000e+01   2.7181605e+02   2.3454542e+02
   1.7500000e+01   5.5816054e+01   1.5418542e+02
   1.7600000e+01   1.4816054e+01   2.5482542e+02
   1.7700000e+01   1.7981605e+02   2.2122542e+02
   1.7800000e+01   3.6816054e+01   3.1494542e+02
   1.7900000e+01   2.2481605e+02   2.4142542e+02
   1.8000000e+01   4.5816054e+01   3.1958542e+02
   1.8100000e+01   4.9816054e+01   3.0542542e+02
   1.8200000e+01   1.8081605e+02   2.2218542e+02
   1.8300000e+01   1.2181605e+02   2.5754542e+02
   1.8400000e+01   2.9816054e+01   1.4022542e+02
   1.8500000e+01   6.6816054e+01   1.6374542e+02
   1.8600000e+01   4.1816054e+01   1.3674542e+02
   1.8700000e+01   1.9881605e+02   6.1465418e+01
   1.8800000e+01   1.7681605e+02   1.0634542e+02
   1.8900000e+01  -6.1839465e+00   1.9866542e+02
   1.9000000e+01   1.3581605e+02   1.5798542e+02
   1.9100000e+01   1.4881605e+02   3.7465418e+01
   1.9200000e+01   1.3481605e+02   2.0402542e+02
   1.9300000e+01   1.2781605e+02   1.0230542e+02
   1.9400000e+01   2.0781605e+02   2.4910542e+02
   1.9500000e+01   2.5816054e+01   1.9638542e+02
   1.9600000e+01   1.8816054e+01   2.3966542e+02
   1.9700000e+01   7.7816054e+01   1.8830542e+02
   1.9800000e+01   2.1781605e+02   2.2570542e+02
   1.9900000e+01   9.8816054e+01   2.5646542e+02
   2.0000000e+01   9.6816054e+01   5.9545418e+01
   2.0100000e+01   2.6816054e+01   3.8234542e+02
   2.0200000e+01   4.2816054e+01   1.5770542e+02
   2.0300000e+01   1.4781605e+02   2.3750542e+02
   2.0400000e+01   6.8816054e+01   3.0266542e+02
   2.0500000e+01   1.6981605e+02   1.4562542e+02
   2.0600000e+01   1.3481605e+02   2.3402542e+02
   2.0700000e+01   9.6816054e+01   3.8554542e+02
   2.0800000e+01  -9.9183946e+01   2.5938542e+02
   2.0900000e+01   7.4816054e+01   2.3842542e+02
   2.1000000e+01   9.7816054e+01   1.6550542e+02
   2.1100000e+01   1.2581605e+02   2.0838542e+02
   2.1200000e+01   1.1816054e+01   2.7394542e+02
   2.1300000e+01   8.8160535e+00   1.5506542e+02
   2.1400000e+01   1.1981605e+02   1.8662542e+02
   2.1500000e+01   4.2816054e+01   7.4705418e+01
   2.1600000e+01   1.5681605e+02   2.0414542e+02
   2.1700000e+01  -3.0183946e+01   1.0762542e+02
   2.1800000e+01   1.1681605e+02   1.1174542e+02
   2.1900000e+01   9.2816054e+01   6.3705418e+01
   2.2000000e+01   2.1681605e+02   1.4174542e+02
   2.2100000e+01   1.8181605e+02   2.5914542e+02
   2.2200000e+01   4.2816054e+01   1.4570542e+02
   2.2300000e+01   6.0816054e+01   2.1398542e+02
   2.2400000e+01   9.5816054e+01   4.1658542e+02
   2.2500000e+01   1.9681605e+02   2.0654542e+02
   2.2600000e+01   7.9816054e+01   2.4022542e+02
   2.2700000e+01   1.1381605e+02   1.7086542e+02
   2.2800000e+01   2.3381605e+02   8.8065418e+01
   2.2900000e+01   2.0281605e+02   2.2730542e+02
   2.3000000e+01   2.2281605e+02   3.4250542e+02
   2.3100000e+01  -1.5183946e+01   1.5602542e+02
   2.3200000e+01   9.5816054e+01   1.2858542e+02
   2.3300000e+01   1.7816054e+01   1.3705418e+01
   2.3400000e+01   5.3816054e+01   2.7026542e+02
   2.3500000e+01   2.2816054e+01   2.7250542e+02
   2.3600000e+01   9.0816054e+01   3.1678542e+02
   2.3700000e+01   2.0816054e+01   8.5585418e+01
   2.3800000e+01   3.1816054e+01   1.6114542e+02
   2.3900000e+01   1.4781605e+02   1.5050542e+02
   2.4000000e+01   1.2981605e+02   1.2422542e+02
   2.4100000e+01   9.2816054e+01   7.8705418e+01
   2.4200000e+01   1.3881605e+02   1.0486542e+02
   2.4300000e+01   2.0781605e+02   2.1910542e+02
   2.4400000e+01  -4.4183946e+01   1.5018542e+02
   2.4500000e+01   4.5816054e+01   2.4058542e+02
   2.4600000e+01   1.5681605e+02   1.6614542e+02
   2.4700000e+01   6.9816054e+01   1.5662542e+02
   2.4800000e+01   5.9816054e+01   1.2202542e+02
   2.4900000e+01   1.3816054e+01   1.5286542e+02
   2.5000000e+01   8.4816054e+01   8.6025418e+01
   2.5100000e+01   1.1281605e+02   3.2905418e+01
   2.5200000e+01   2.0816054e+01   8.1585418e+01
   2.5300000e+01   1.9481605e+02   6.3625418e+01
   2.5400000e+01   4.4816054e+01   2.5762542e+02
   2.5500000e+01  -1.3183946e+01   1.0594542e+02
   2.5600000e+01   5.1816054e+01   2.9834542e+02
   2.5700000e+01   8.5816054e+01   1.1198542e+02
   2.5800000e+01   9.1816054e+01   5.9745418e+01
   2.5900000e+01   5.8816054e+01   8.9065418e+01
   2.6000000e+01   5.9816054e+01   1.2002542e+02
   2.6100000e+01   3.3816054e+01   3.4806542e+02
   2.6200000e+01   4.5816054e+01   1.8858542e+02
   2.6300000e+01   4.9816054e+01   1.6742542e+02
   2.6400000e+01   7.9816054e+01   2.0422542e+02
   2.6500000e+01   2.5816054e+01   5.6385418e+01
   2.6600000e+01  -1.0183946e+01   1.4182542e+02
   2.6700000e+01   4.7816054e+01   1.5050542e+02
   2.6800000e+01   1.1181605e+02   1.8594542e+02
   2.6900000e+01   6.0816054e+01   1.9998542e+02
   2.7000000e+01   8.8816054e+01   2.0086542e+02
   2.7100000e+01   1.5881605e+02   1.1506542e+02
   2.7200000e+01   1.8981605e+02   2.3182542e+02
   2.7300000e+01   9.5816054e+01   7.9585418e+01
   2.7400000e+01   1.2481605e+02   6.4425418e+01
   2.7500000e+01   2.3281605e+02   9.6105418e+01
   2.7600000e+01   9.9816054e+01   1.9142542e+02
   2.7700000e+01   1.8181605e+02   1.2014542e+02
   2.7800000e+01  -1.5183946e+01   1.8102542e+02
   2.7900000e+01   3.1816054e+01   1.5514542e+02
   2.8000000e+01   7.3816054e+01   1.3946542e+02
   2.8100000e+01   1.1581605e+02   2.5878542e+02
   2.8200000e+01   4.4816054e+01   1.9262542e+02
   2.8300000e+01   5.6816054e+01   3.1014542e+02
   2.8400000e+01   2.3781605e+02   2.5990542e+02
   2.8500000e+01   7.9816054e+01   2.9522542e+02
   2.8600000e+01   1.3081605e+02   1.3618542e+02
   2.8700000e+01   7.3816054e+01   7.1465418e+01
   2.8800000e+01   1.2981605e+02   1.6922542e+02
   2.8900000e+01   5.6816054e+01   1.8114542e+02
   2.9000000e+01   1.0881605e+02   7.2065418e+01
   2.9100000e+01   5.8816054e+01   1.5406542e+02
   2.9200000e+01   1.2381605e+02   2.5146542e+02
   2.9300000e+01   1.3816054e+01   1.4586542e+02
   2.9400000e+01   7.6816054e+01   1.1134542e+02
   2.9500000e+01   1.4581605e+02   2.3058542e+02
   2.9600000e+01   1.3981605e+02   2.9182542e+02
   2.9700000e+01   8.7816054e+01   1.7590542e+02
   2.9800000e+01   7.3816054e+01   2.0846542e+02
   2.9900000e+01   1.8816054e+01   1.5666542e+02
   3.0000000e+01   2.6816054e+01   3.1345418e+01
   3.0100000e+01   8.3816054e+01   6.6065418e+01
   3.0200000e+01   1.3781605e+02   1.5090542e+02
   3.0300000e+01   2.9816054e+01   1.0122542e+02
   3.0400000e+01  -7.1839465e+00   1.8705418e+01
   3.0500000e+01   1.8881605e+02   2.2886542e+02
   3.0600000e+01   1.3081605e+02   2.9418542e+02
   3.0700000e+01   7.9816054e+01   2.1422542e+02
   3.0800000e+01   1.5081605e+02   1.9738542e+02
   3.0900000e+01  -1.3183946e+01   6.2945418e+01
   3.1000000e+01   6.5816054e+01   1.3178542e+02
   3.1100000e+01   1.4381605e+02   2.4966542e+02
   3.1200000e+01   1.1881605e+02   1.1466542e+02
   3.1300000e+01   6.5816054e+01   1.8378542e+02
   3.1400000e+01   2.4181605e+02   1.4574542e+02
   3.1500000e+01   2.6381605e+02   1.0586542e+02
   3.1600000e+01   1.7381605e+02   1.5946542e+02
   3.1700000e+01   8.7816054e+01   3.6290542e+02
   3.1800000e+01   2.2881605e+02   1.5426542e+02
   3.1900000e+01   5.6816054e+01   1.8114542e+02
   3.2000000e+01   3.9816054e+01   2.0882542e+02
   3.2100000e+01   1.0881605e+02   9.7065418e+01
   3.2200000e+01   5.5816054e+01   2.2618542e+02
   3.2300000e+01   1.5481605e+02   1.8922542e+02
   3.2400000e+01   2.2481605e+02   3.3642542e+02
   3.2500000e+01   1.4281605e+02   3.4370542e+02
   3.2600000e+01   1.0081605e+02   6.0385418e+01
   3.2700000e+01   9.8816054e+01   2.1046542e+02
   3.2800000e+01   1.7581605e+02   9.2385418e+01
   3.2900000e+01   3.9816054e+01   2.5582542e+02
   3.3000000e+01   1.5281605e+02   1.5430542e+02
   3.3100000e+01   6.5816054e+01   2.1678542e+02
   3.3200000e+01   1.4481605e+02   1.2662542e+02
   3.3300000e+01   1.2181605e+02   1.2154542e+02
   3.3400000e+01   1.5816054e+01   2.1278542e+02
   3.3500000e+01   2.4781605e+02   1.8450542e+02
   3.3600000e+01   2.1281605e+02   1.1490542e+02
   3.3700000e+01   2.2581605e+02   2.0138542e+02
   3.3800000e+01   1.4781605e+02   2.9050542e+02
   3.3900000e+01   5.8160535e+00   3.3918542e+02
   3.4000000e+01   1.7681605e+02   4.6534542e+02
   3.4100000e+01   1.7681605e+02   3.4434542e+02
   3.4200000e+01   1.4381605e+02   1.6366542e+02
   3.4300000e+01   1.9681605e+02   1.8954542e+02
   3.4400000e+01   1.3881605e+02   1.3986542e+02
   3.4500000e+01   1.2181605e+02   1.8554542e+02
   3.4600000e+01   2.4781605e+02   3.9450542e+02
   3.4700000e+01   8.5816054e+01   3.9798542e+02
   3.4800000e+01   2.0781605e+02   2.6810542e+02
   3.4900000e+01   9.3816054e+01   3.0066542e+02
   3.5000000e+01   1.3781605e+02   8.4905418e+01
   3.5100000e+01   2.1381605e+02   3.0886542e+02
   3.5200000e+01   6.2816054e+01   1.8290542e+02
   3.5300000e+01  -1.1839465e+00   1.8846542e+02
   3.5400000e+01   3.7816054e+01   3.0190542e+02
   3.5500000e+01   6.8816054e+01   2.4266542e+02
   3.5600000e+01   3.8816054e+01   2.0686542e+02
   3.5700000e+01   1.7081605e+02   3.3358542e+02
   3.5800000e+01   3.8816054e+01   4.3486542e+02
   3.5900000e+01   1.7581605e+02   8.0385418e+01
   3.6000000e+01   1.8816054e+01   1.9266542e+02
   3.6100000e+01   2.6381605e+02   1.7086542e+02
   3.6200000e+01   3.3816054e+01   2.9906542e+02
   3.6300000e+01   4.0816054e+01   2.7978542e+02
   3.6400000e+01   2.6981605e+02   2.1062542e+02
   3.6500000e+01   9.3816054e+01   1.9666542e+02
   3.6600000e+01   9.8816054e+01   1.6846542e+02
   3.6700000e+01   3.9981605e+02   1.6842542e+02
   3.6800000e+01   3.3481605e+02   2.2302542e+02
   3.6900000e+01   1.3681605e+02   3.8694542e+02
   3.7000000e+01   4.8160535e+00   2.5822542e+02
   3.7100000e+01   1.0381605e+02   1.8626542e+02
   3.7200000e+01   1.3881605e+02   8.0865418e+01
   3.7300000e+01   1.8881605e+02   2.2686542e+02
   3.7400000e+01   5.9816054e+01   3.1102542e+02
   3.7500000e+01   1.0181605e+02   3.0034542e+02
   3.7600000e+01   1.8881605e+02   2.6686542e+02
   3.7700000e+01   1.3181605e+02   1.3814542e+02
   3.7800000e+01   1.5181605e+02   8.9345418e+01
   3.7900000e+01   6.7816054e+01   1.1970542e+02
   3.8000000e+01   2.5816054e+01   1.5938542e+02
   3.8100000e+01   2.4481605e+02   1.9062542e+02
   3.8200000e+01   6.8816054e+01   4.5666542e+02
   3.8300000e+01   2.3181605e+02   2.2714542e+02
   3.8400000e+01   9.5816054e+01   3.3058542e+02
   3.8500000e+01   1.5981605e+02   3.7202542e+02
   3.8600000e+01   3.0281605e+02   3.5930542e+02
   3.8700000e+01   3.2681605e+02   1.3234542e+02
   3.8800000e+01   1.3181605e+02   2.0214542e+02
   3.8900000e+01   2.3581605e+02   3.2898542e+02
   3.9000000e+01   1.0281605e+02   1.4630542e+02
   3.9100000e+01   9.7816054e+01   3.2750542e+02
   3.9200000e+01   6.0816054e+01   2.1298542e+02
   3.9300000e+01   1.3681605e+02   3.3994542e+02
   3.9400000e+01   1.5816054e+01   1.9778542e+02
   3.9500000e+01   1.6481605e+02   6.9825418e+01
   3.9600000e+01   8.7816054e+01   2.3490542e+02
   3.9700000e+01   3.3281605e+02   1.3210542e+02
   3.9800000e+01   2.1281605e+02   1.5790542e+02
   3.9900000e+01   8.3816054e+01   1.7306542e+02
   4.0000000e+01   1.4381605e+02   2.1866542e+02
   4.0100000e+01   9.4816054e+01   1.0062542e+02
   4.0200000e+01   8.6816054e+01   8.1945418e+01
   4.0300000e+01   2.7816054e+01   1.2130542e+02
   4.0400000e+01   6.8816054e+01   1.9966542e+02
   4.0500000e+01   2.6181605e+02   9.9945418e+01
   4.0600000e+01   2.2381605e+02   1.6746542e+02
   4.0700000e+01   1.4681605e+02   1.1654542e+02
   4.0800000e+01   1.0481605e+02   2.3922542e+02
   4.0900000e+01   9.8816054e+01   1.9146542e+02
   4.1000000e+01   1.5881605e+02   2.4706542e+02
   4.1100000e+01   3.3081605e+02   4.1185418e+01
   4.1200000e+01   2.8881605e+02   1.7486542e+02
   4.1300000e+01   7.3816054e+01   1.4346542e+02
   4.1400000e+01   5.7816054e+01   3.5110542e+02
   4.1500000e+01   3.5816054e+01   1.4798542e+02
   4.1600000e+01   2.6081605e+02   4.1898542e+02
   4.1700000e+01   1.4181605e+02   3.1074542e+02
   4.1800000e+01   1.7681605e+02   2.9734542e+02
   4.1900000e+01   3.1281605e+02   3.2690542e+02
   4.2000000e+01   6.3816054e+01   7.1865418e+01
   4.2100000e+01   5.1816054e+01   2.1834542e+02
   4.2200000e+01   2.7081605e+02   1.7585418e+01
   4.2300000e+01   2.4681605e+02   2.2545418e+01
   4.2400000e+01   1.2181605e+02   2.5354542e+02
   4.2500000e+01   2.6081605e+02   1.1498542e+02
   4.2600000e+01   2.1381605e+02   1.5086542e+02
   4.2700000e+01   1.6381605e+02   9.3865418e+01
   4.2800000e+01   1.1081605e+02   8.6985418e+01
   4.2900000e+01   1.8581605e+02   2.1985418e+01
   4.3000000e+01   1.5581605e+02   1.1218542e+02
   4.3100000e+01   2.3581605e+02   1.8098542e+02
   4.3200000e+01   1.8581605e+02   1.1798542e+02
   4.3300000e+01   4.2816054e+01   1.4370542e+02
   4.3400000e+01   2.6081605e+02   2.1698542e+02
   4.3500000e+01   1.7981605e+02   1.2522542e+02
   4.3600000e+01   2.5781605e+02   8.8105418e+01
   4.3700000e+01   1.9181605e+02   1.7074542e+02
   4.3800000e+01   1.2181605e+02   1.6854542e+02
   4.3900000e+01   3.3381605e+02   3.6306542e+02
   4.4000000e+01   2.7081605e+02   1.3858542e+02
   4.4100000e+01   1.0081605e+02   1.7638542e+02
   4.4200000e+01   1.8181605e+02   1.9614542e+02
   4.4300000e+01   1.4381605e+02   2.3266542e+02
   4.4400000e+01   1.5481605e+02   2.3122542e+02
   4.4500000e+01   1.2581605e+02   2.7038542e+02
   4.4600000e+01   8.1816054e+01   2.1414542e+02
   4.4700000e+01   1.5881605e+02   4.4306542e+02
   4.4800000e+01   2.3781605e+02   2.7990542e+02
   4.4900000e+01   8.3816054e+01   1.9306542e+02
   4.5000000e+01   1.8981605e+02   1.2582542e+02
   4.5100000e+01   1.0581605e+02   7.4185418e+01
   4.5200000e+01   1.4881605e+02   1.4646542e+02
   4.5300000e+01   1.2481605e+02   1.2842542e+02
   4.5400000e+01   2.0081605e+02   1.3738542e+02
   4.5500000e+01   2.9181605e+02   2.2274542e+02
   4.5600000e+01   3.1581605e+02   1.3678542e+02
   4.5700000e+01   1.4881605e+02   1.1246542e+02
   4.5800000e+01   1.3481605e+02   1.5502542e+02
   4.5900000e+01   3.7681605e+02   2.2634542e+02
   4.6000000e+01   2.9081605e+02   3.0178542e+02
   4.6100000e+01   3.5381605e+02   2.6826542e+02
   4.6200000e+01   8.6816054e+01   2.5094542e+02
   4.6300000e+01   1.1481605e+02   4.2282542e+02
   4.6400000e+01   2.0881605e+02   1.9706542e+02
   4.6500000e+01   1.4681605e+02   2.2454542e+02
   4.6600000e+01   1.3981605e+02   1.6682542e+02
   4.6700000e+01   2.8281605e+02   1.7510542e+02
   4.6800000e+01   1.9281605e+02   1.8970542e+02
   4.6900000e+01   1.7781605e+02   3.1830542e+02
   4.7000000e+01   1.4881605e+02   4.2465418e+01
   4.7100000e+01   2.0281605e+02   2.4630542e+02
   4.7200000e+01   1.2981605e+02   2.1722542e+02
   4.7300000e+01   1.5981605e+02   3.1302542e+02
   4.7400000e+01   1.7381605e+02   2.8046542e+02
   4.7500000e+01   2.9281605e+02   1.8470542e+02
   4.7600000e+01   9.8816054e+01   2.0146542e+02
   4.7700000e+01   1.1881605e+02   1.9866542e+02
   4.7800000e+01   9.7816054e+01   1.3950542e+02
   4.7900000e+01   2.5481605e+02   2.1122542e+02
   4.8000000e+01   2.4681605e+02   2.2654542e+02
   4.8100000e+01   2.8081605e+02   1.6018542e+02
   4.8200000e+01   6.0816054e+01   1.5498542e+02
   4.8300000e+01   2.3681605e+02   1.8994542e+02
   4.8400000e+01   6.9816054e+01   2.0962542e+02
   4.8500000e+01   1.9681605e+02   1.3254542e+02
   4.8600000e+01   1.1381605e+02   3.8486542e+02
   4.8700000e+01   1.3681605e+02   2.7094542e+02
   4.8800000e+01   2.9281605e+02   2.7570542e+02
   4.8900000e+01   1.9381605e+02   3.3766542e+02
   4.9000000e+01   1.1381605e+02   1.7086542e+02
   4.9100000e+01   2.6381605e+02   1.7786542e+02
   4.9200000e+01   2.7981605e+02   1.7022542e+02
   4.9300000e+01   3.0181605e+02   1.8334542e+02
   4.9400000e+01   1.8481605e+02   1.4102542e+02
   4.9500000e+01   1.0681605e+02   1.5314542e+02
   4.9600000e+01   1.3881605e+02   1.1586542e+02
   4.9700000e+01   2.2481605e+02   1.3142542e+02
   4.9800000e+01   1.5281605e+02   1.3230542e+02
   4.9900000e+01   2.4581605e+02   8.9585418e+01
   5.0000000e+01   1.2381605e+02   2.6946542e+02
   5.0100000e+01   1.2816054e+01   1.8890542e+02
   5.0200000e+01   1.9081605e+02   2.5878542e+02
   5.0300000e+01   1.4881605e+02   1.3746542e+02
   5.0400000e+01   1.6981605e+02   4.1562542e+02
   5.0500000e+01   1.7681605e+02   1.5334542e+02
   5.0600000e+01   1.8581605e+02   2.4998542e+02
   5.0700000e+01   2.0881605e+02   2.0706542e+02
   5.0800000e+01   1.6281605e+02   1.5890542e+02
   5.0900000e+01   1.8281605e+02   2.6210542e+02
   5.1000000e+01   1.6781605e+02   3.1570542e+02
   5.1100000e+01   2.7381605e+02   3.9946542e+02
   5.1200000e+01   9.8816054e+01   2.4546542e+02
   5.1300000e+01   2.4581605e+02   2.0458542e+02
   5.1400000e+01   1.7281605e+02   1.6150542e+02
   5.1500000e+01   7.9816054e+01   1.5022542e+02
   5.1600000e+01   2.1181605e+02   2.2694542e+02
   5.1700000e+01   2.6281605e+02   1.5590542e+02
   5.1800000e+01   5.9816054e+01   2.4502542e+02
   5.1900000e+01   1.7581605e+02   7.3385418e+01
   5.2000000e+01   1.4181605e+02   1.7374542e+02
   5.2100000e+01   1.0781605e+02   1.3710542e+02
   5.2200000e+01   2.2581605e+02   1.6838542e+02
   5.2300000e+01   7.4816054e+01   3.5042542e+02
   5.2400000e+01   1.9481605e+02   2.1262542e+02
   5.2500000e+01   1.5281605e+02   1.2730542e+02
   5.2600000e+01   1.7881605e+02   1.5426542e+02
   5.2700000e+01   1.9781605e+02   1.4750542e+02
   5.2800000e+01   3.3981605e+02   2.0882542e+02
   5.2900000e+01   1.9881605e+02   1.8246542e+02
   5.3000000e+01   1.5281605e+02   1.8730542e+02
   5.3100000e+01   1.9381605e+02   2.0766542e+02
   5.3200000e+01   2.5281605e+02   9.9305418e+01
   5.3300000e+01   1.0281605e+02   2.7305418e+01
   5.3400000e+01   2.5281605e+02   8.8305418e+01
   5.3500000e+01   1.3381605e+02   1.1306542e+02
   5.3600000e+01   1.2816054e+01   1.5990542e+02
   5.3700000e+01   1.9281605e+02   1.5670542e+02
   5.3800000e+01   1.4681605e+02   4.4545418e+01
   5.3900000e+01   2.5381605e+02   2.5726542e+02
   5.4000000e+01   7.4816054e+01   1.2242542e+02
   5.4100000e+01   2.0781605e+02   2.2410542e+02
   5.4200000e+01   7.0816054e+01   1.9258542e+02
   5.4300000e+01   2.4881605e+02   7.2465418e+01
   5.4400000e+01   2.2181605e+02   2.1354542e+02
   5.4500000e+01   9.4816054e+01   1.6062542e+02
   5.4600000e+01   9.2816054e+01   1.7370542e+02
   5.4700000e+01   1.4281605e+02   1.5570542e+02
   5.4800000e+01   2.1981605e+02   2.5362542e+02
   5.4900000e+01   3.0681605e+02   1.3214542e+02
   5.5000000e+01   3.1781605e+02   1.7270542e+02
   5.5100000e+01   2.8781605e+02   1.8590542e+02
   5.5200000e+01   2.3481605e+02   2.1702542e+02
   5.5300000e+01   1.5881605e+02   2.1906542e+02
   5.5400000e+01   6.1816054e+01   1.2294542e+02
   5.5500000e+01   1.5881605e+02   3.4506542e+02
   5.5600000e+01   1.0581605e+02   1.3918542e+02
   5.5700000e+01   1.6681605e+02   1.7474542e+02
   5.5800000e+01   3.2081605e+02   1.6858542e+02
   5.5900000e+01   1.7881605e+02   1.3126542e+02
   5.6000000e+01   2.7481605e+02   2.1542542e+02
   5.6100000e+01   2.7281605e+02   3.2250542e+02
   5.6200000e+01  -3.0183946e+01   2.8562542e+02
   5.6300000e+01   3.8181605e+02   8.8145418e+01
   5.6400000e+01   2.1281605e+02   1.8190542e+02
   5.6500000e+01   1.5981605e+02   2.9102542e+02
   5.6600000e+01   1.3681605e+02   2.0894542e+02
   5.6700000e+01   2.4881605e+02   1.6746542e+02
   5.6800000e+01   1.9881605e+02   3.3746542e+02
   5.6900000e+01   2.3781605e+02   2.5390542e+02
   5.7000000e+01   2.3081605e+02   2.6018542e+02
   5.7100000e+01   2.0781605e+02   1.4910542e+02
   5.7200000e+01   1.1181605e+02   2.7694542e+02
   5.7300000e+01   3.0816054e+01   1.1718542e+02
   5.7400000e+01   1.5181605e+02   2.7434542e+02
   5.7500000e+01   1.1981605e+02   2.3062542e+02
   5.7600000e+01   1.0581605e+02   3.0318542e+02
   5.7700000e+01   2.0481605e+02   2.0622542e+02
   5.7800000e+01   2.2181605e+02   1.7054542e+02
   5.7900000e+01   1.6581605e+02   1.4878542e+02
   5.8000000e+01   1.8581605e+02   2.2098542e+02
   5.8100000e+01   2.2681605e+02   9.6345418e+01
   5.8200000e+01   1.0081605e+02   1.4638542e+02
   5.8300000e+01   2.3081605e+02   2.2018542e+02
   5.8400000e+01   1.8681605e+02   1.1794542e+02
   5.8500000e+01   1.2281605e+02   3.3550542e+02
   5.8600000e+01   1.9481605e+02   2.5962542e+02
   5.8700000e+01   2.1881605e+02   1.2366542e+02
   5.8800000e+01   1.7081605e+02   6.4585418e+01
   5.8900000e+01   5.9816054e+01   2.2402542e+02
   5.9000000e+01   4.1816054e+01   1.3474542e+02
   5.9100000e+01   1.8081605e+02   1.7518542e+02
   5.9200000e+01   1.1081605e+02   8.8985418e+01
   5.9300000e+01   2.0681605e+02   2.0014542e+02
   5.9400000e+01   8.1816054e+01   3.5114542e+02
   5.9500000e+01   9.8816054e+01   2.5646542e+02
   5.9600000e+01   1.7381605e+02   2.6046542e+02
   5.9700000e+01   6.6816054e+01   1.5074542e+02
   5.9800000e+01   1.0781605e+02   5.2010542e+02
   5.9900000e+01   1.0581605e+02   2.5018542e+02
   6.0000000e+01   2.0681605e+02   2.2314542e+02
   6.0100000e+01   1.4681605e+02   1.6054542e+02
   6.0200000e+01   2.1981605e+02   4.1625418e+01
   6.0300000e+01   1.6181605e+02   2.0494542e+02
   6.0400000e+01   9.6816054e+01   2.6354542e+02
   6.0500000e+01   1.5681605e+02   1.3314542e+02
   6.0600000e+01   1.1281605e+02   1.2290542e+02
   6.0700000e+01   1.0781605e+02   1.8610542e+02
   6.0800000e+01   1.6181605e+02   2.7094542e+02
   6.0900000e+01   7.3816054e+01   2.4646542e+02
   6.1000000e+01   1.2081605e+02   3.0958542e+02
   6.1100000e+01   1.8681605e+02   1.9945418e+01
   6.1200000e+01   7.5816054e+01   3.7338542e+02
   6.1300000e+01   8.0816054e+01   1.5218542e+02
   6.1400000e+01   2.0481605e+02   1.3022542e+02
   6.1500000e+01   2.9581605e+02   1.2858542e+02
   6.1600000e+01   9.8816054e+01   2.4246542e+02
   6.1700000e+01   2.3281605e+02   1.8710542e+02
   6.1800000e+01   1.1981605e+02   1.3162542e+02
   6.1900000e+01  -2.4183946e+01   1.7838542e+02
   6.2000000e+01   1.0081605e+02   1.6138542e+02
   6.2100000e+01   1.2481605e+02   1.7542542e+02
   6.2200000e+01   1.6381605e+02   3.3686542e+02
   6.2300000e+01   1.4981605e+02   2.0842542e+02
   6.2400000e+01   1.8581605e+02   5.3985418e+01
   6.2500000e+01   1.6981605e+02   6.7625418e+01
   6.2600000e+01   3.9481605e+02   1.5362542e+02
   6.2700000e+01   2.1981605e+02   2.5625418e+01
   6.2800000e+01   1.2081605e+02   2.4458542e+02
   6.2900000e+01  -3.5183946e+01   2.0082542e+02
   6.3000000e+01   1.6581605e+02   2.8178542e+02
   6.3100000e+01   1.2781605e+02   1.8430542e+02
   6.3200000e+01   6.7816054e+01   2.1470542e+02
   6.3300000e+01   2.0781605e+02   1.4610542e+02
   6.3400000e+01   8.4816054e+01   1.7402542e+02
   6.3500000e+01   2.1281605e+02   1.3990542e+02
   6.3600000e+01   1.4981605e+02   1.9542542e+02
   6.3700000e+01   6.6816054e+01   2.2474542e+02
   6.3800000e+01   1.5981605e+02   2.6502542e+02
   6.3900000e+01   1.0781605e+02   1.4910542e+02
   6.4000000e+01   7.4816054e+01   2.0942542e+02
   6.4100000e+01   1.1781605e+02   1.8970542e+02
   6.4200000e+01   1.7381605e+02   1.7546542e+02
   6.4300000e+01   2.1881605e+02   1.3066542e+02
   6.4400000e+01   5.8160535e+00   1.7318542e+02
   6.4500000e+01   6.4816054e+01   3.2082542e+02
   6.4600000e+01   7.5816054e+01   2.1438542e+02
   6.4700000e+01   1.7981605e+02   1.4822542e+02
   6.4800000e+01   1.0881605e+02   1.5706542e+02
   6.4900000e+01   2.3881605e+02   1.0986542e+02
   6.5000000e+01   6.6816054e+01   1.3674542e+02
   6.5100000e+01   6.3816054e+01   1.7386542e+02
   6.5200000e+01   1.7881605e+02   1.4926542e+02
   6.5300000e+01   1.1781605e+02   1.4370542e+02
   6.5400000e+01   8.8160535e+00   6.8065418e+01
   6.5500000e+01   1.0581605e+02   9.9185418e+01
   6.5600000e+01   9.7816054e+01   2.0650542e+02
   6.5700000e+01   9.5816054e+01   6.3585418e+01
   6.5800000e+01   2.0681605e+02   8.8145418e+01
   6.5900000e+01   1.8816054e+01   1.6366542e+02
   6.6000000e+01   1.0081605e+02   3.1938542e+02
   6.6100000e+01   2.1681605e+02   1.8274542e+02
   6.6200000e+01   1.3281605e+02   1.9210542e+02
   6.6300000e+01   4.7816054e+01   2.7250542e+02
   6.6400000e+01   1.7181605e+02   1.9954542e+02
   6.6500000e+01   1.9981605e+02   2.1142542e+02
   6.6600000e+01   2.4816054e+01   1.4242542e+02
   6.6700000e+01  -2.7183946e+01   6.5505418e+01
   6.6800000e+01  -1.0183946e+01   9.8825418e+01
   6.6900000e+01   1.1081605e+02   1.6498542e+02
   6.7000000e+01   2.8160535e+00   2.0930542e+02
   6.7100000e+01   8.0816054e+01   1.2318542e+02
   6.7200000e+01   7.1816054e+01   2.0654542e+02
   6.7300000e+01   3.6816054e+01   2.3494542e+02
   6.7400000e+01   5.0816054e+01   1.0838542e+02
   6.7500000e+01   1.3181605e+02   9.6145418e+01
   6.7600000e+01   2.0816054e+01   1.5258542e+02
   6.7700000e+01   5.5816054e+01   1.4718542e+02
   6.7800000e+01   1.8381605e+02   2.2406542e+02
   6.7900000e+01   1.4981605e+02   2.0642542e+02
   6.8000000e+01   9.8816054e+01   9.9465418e+01
   6.8100000e+01  -1.8183946e+01   9.3145418e+01
   6.8200000e+01   6.0816054e+01   1.8798542e+02
   6.8300000e+01   1.3481605e+02   1.6902542e+02
   6.8400000e+01   5.4816054e+01   2.2722542e+02
   6.8500000e+01   4.1816054e+01   1.7274542e+02
   6.8600000e+01   1.4781605e+02   9.8505418e+01
   6.8700000e+01   2.2816054e+01   1.5150542e+02
   6.8800000e+01  -2.3183946e+01  -1.5654582e+01
   6.8900000e+01   6.6816054e+01   1.7974542e+02
   6.9000000e+01   1.0581605e+02  -4.5814582e+01
   6.9100000e+01   1.4581605e+02   3.8585418e+01
   6.9200000e+01   5.1816054e+01   1.5934542e+02
   6.9300000e+01   1.4481605e+02   2.8662542e+02
   6.9400000e+01   9.1816054e+01   2.1174542e+02
   6.9500000e+01   7.6816054e+01   2.1234542e+02
   6.9600000e+01   5.0816054e+01   3.0438542e+02
   6.9700000e+01   1.3181605e+02   1.0614542e+02
   6.9800000e+01   1.8481605e+02   1.5502542e+02
   6.9900000e+01   1.1681605e+02   2.2074542e+02
   7.0000000e+01   1.2681605e+02   9.7345418e+01
   7.0100000e+01   1.7481605e+02   1.7642542e+02
   7.0200000e+01   1.1181605e+02   2.3794542e+02
   7.0300000e+01   1.3881605e+02   3.4286542e+02
   7.0400000e+01   1.0281605e+02   1.4730542e+02
   7.0500000e+01   2.0081605e+02   1.3538542e+02
   7.0600000e+01   1.1181605e+02   1.2694542e+02
   7.0700000e+01   2.2381605e+02   3.7465418e+01
   7.0800000e+01   4.8816054e+01   8.3465418e+01
   7.0900000e+01   1.1381605e+02   9.4865418e+01
   7.1000000e+01   7.8160535e+00   8.5105418e+01
   7.1100000e+01   1.5381605e+02   1.8426542e+02
   7.1200000e+01   1.7681605e+02   4.7345418e+01
   7.1300000e+01   9.8816054e+01   2.6146542e+02
   7.1400000e+01   6.9816054e+01   3.0462542e+02
   7.1500000e+01   2.3816054e+01   1.4746542e+02
   7.1600000e+01   2.6581605e+02   1.5578542e+02
   7.1700000e+01   1.9816054e+01   5.0625418e+01
   7.1800000e+01   2.7481605e+02   6.0425418e+01
   7.1900000e+01   5.7816054e+01   2.2110542e+02
   7.2000000e+01   1.2481605e+02   2.8842542e+02
   7.2100000e+01   1.0481605e+02   8.2225418e+01
   7.2200000e+01   3.2381605e+02   2.4465418e+01
   7.2300000e+01   3.8816054e+01   1.4286542e+02
   7.2400000e+01   9.7816054e+01  -6.4945819e+00
   7.2500000e+01   4.4816054e+01   1.5962542e+02
   7.2600000e+01  -2.7183946e+01   2.5450542e+02
   7.2700000e+01   2.0781605e+02   2.4810542e+02
   7.2800000e+01   2.0781605e+02   9.3105418e+01
   7.2900000e+01   1.5881605e+02   9.1065418e+01
   7.3000000e+01  -1.7183946e+01   8.6105418e+01
   7.3100000e+01  -6.1839465e+00   2.8266542e+02
   7.3200000e+01   2.4816054e+01   2.7342542e+02
   7.3300000e+01   4.6816054e+01   9.4545418e+01
   7.3400000e+01   1.1816054e+01   1.4994542e+02
   7.3500000e+01   4.4816054e+01   1.4662542e+02
   7.3600000e+01   1.6081605e+02   1.8998542e+02
   7.3700000e+01   1.1981605e+02   1.7862542e+02
   7.3800000e+01   4.7816054e+01   1.2150542e+02
   7.3900000e+01   2.6781605e+02   2.6870542e+02
   7.4000000e+01   2.2381605e+02   1.2446542e+02
   7.4100000e+01   1.9781605e+02   1.2950542e+02
   7.4200000e+01   1.4781605e+02   3.5850542e+02
   7.4300000e+01   9.9816054e+01   2.4742542e+02
   7.4400000e+01   7.6816054e+01   1.0634542e+02
   7.4500000e+01   2.2081605e+02   3.7585418e+01
   7.4600000e+01   1.8681605e+02   1.7994542e+02
   7.4700000e+01   1.2881605e+02   1.5826542e+02
   7.4800000e+01   6.8160535e+00   1.7414542e+02
   7.4900000e+01   1.1481605e+02   2.2082542e+02
   7.5000000e+01   2.4481605e+02   2.2862542e+02
   7.5100000e+01   1.5481605e+02   2.5722542e+02
   7.5200000e+01   1.3881605e+02   2.6686542e+02
   7.5300000e+01   3.9816054e+01   7.4825418e+01
   7.5400000e+01   9.8816054e+01   1.4146542e+02
   7.5500000e+01   6.5816054e+01   2.1678542e+02
   7.5600000e+01   4.6816054e+01   1.5054542e+02
   7.5700000e+01   4.2816054e+01   2.4670542e+02
   7.5800000e+01   7.4816054e+01   1.8142542e+02
   7.5900000e+01   4.4816054e+01   2.1862542e+02
   7.6000000e+01   1.4781605e+02   2.6050542e+02
   7.6100000e+01   3.4581605e+02   1.6658542e+02
   7.6200000e+01   3.3381605e+02   7.2065418e+01
   7.6300000e+01   1.5281605e+02   8.5305418e+01
   7.6400000e+01   1.4981605e+02   1.1542542e+02
   7.6500000e+01   2.2781605e+02  -7.6945819e+00
   7.6600000e+01   7.5816054e+01   1.2038542e+02
   7.6700000e+01   6.9816054e+01   1.6362542e+02
   7.6800000e+01   1.1781605e+02   1.5670542e+02
   7.6900000e+01   1.1681605e+02   2.0674542e+02
   7.7000000e+01   1.9881605e+02   9.3465418e+01
   7.7100000e+01   1.0381605e+02   1.7226542e+02
   7.7200000e+01   1.6681605e+02   2.4974542e+02
   7.7300000e+01   3.8816054e+01   2.6086542e+02
   7.7400000e+01  -2.3183946e+01   2.2134542e+02
   7.7500000e+01   1.9081605e+02   1.7078542e+02
   7.7600000e+01   1.1081605e+02   1.6398542e+02
   7.7700000e+01   6.0816054e+01   1.0998542e+02
   7.7800000e+01  -4.1839465e+00   1.6058542e+02
   7.7900000e+01   1.0281605e+02   2.4630542e+02
   7.8000000e+01   5.3816054e+01   4.2265418e+01
   7.8100000e+01   6.5816054e+01   1.5078542e+02
   7.8200000e+01   1.2881605e+02   2.0626542e+02
   7.8300000e+01   1.7981605e+02   1.3922542e+02
   7.8400000e+01   5.8816054e+01   2.0106542e+02
   7.8500000e+01   1.0781605e+02   9.9105418e+01
   7.8600000e+01   6.8816054e+01   1.1766542e+02
   7.8700000e+01   1.0281605e+02   9.3305418e+01
   7.8800000e+01  -1.0183946e+01   1.6582542e+02
   7.8900000e+01   5.8160535e+00   3.1185418e+01
   7.9000000e+01   3.1581605e+02   1.5278542e+02
   7.9100000e+01   1.5181605e+02   2.7634542e+02
   7.9200000e+01   8.9816054e+01   1.1582542e+02
   7.9300000e+01   1.2481605e+02   2.6425418e+01
   7.9400000e+01   1.0881605e+02   9.5065418e+01
   7.9500000e+01   1.2781605e+02   1.5130542e+02
   7.9600000e+01   1.0781605e+02   1.3010542e+02
   7.9700000e+01   5.8816054e+01   1.8806542e+02
   7.9800000e+01   1.0281605e+02   2.7330542e+02
   7.9900000e+01   2.1081605e+02   1.6298542e+02
   8.0000000e+01   9.7816054e+01   1.2150542e+02
   8.0100000e+01   8.2816054e+01   1.2410542e+02
   8.0200000e+01   2.7816054e+01   1.3130542e+02
   8.0300000e+01   2.1816054e+01   4.5545418e+01
   8.0400000e+01   6.1816054e+01   1.5194542e+02
   8.0500000e+01   5.7816054e+01   2.3410542e+02
   8.0600000e+01   6.5816054e+01   2.2078542e+02
   8.0700000e+01   1.1381605e+02   1.4386542e+02
   8.0800000e+01   3.1081605e+02   2.0598542e+02
   8.0900000e+01  -2.7183946e+01   2.3850542e+02
   8.1000000e+01   1.8881605e+02   2.7086542e+02
   8.1100000e+01   5.6816054e+01   1.2114542e+02
   8.1200000e+01   5.8160535e+00   2.0218542e+02
   8.1300000e+01   9.8816054e+01   2.3746542e+02
   8.1400000e+01   1.7881605e+02   1.6726542e+02
   8.1500000e+01   6.2816054e+01   1.4890542e+02
   8.1600000e+01  -2.4183946e+01   9.5385418e+01
   8.1700000e+01   1.3881605e+02   8.5865418e+01
   8.1800000e+01  -7.0183946e+01   2.8922542e+02
   8.1900000e+01   2.0816054e+01   1.9958542e+02
   8.2000000e+01   7.8160535e+00   1.9110542e+02
   8.2100000e+01   3.6816054e+01   1.8194542e+02
   8.2200000e+01   1.3081605e+02   9.6185418e+01
   8.2300000e+01   7.9816054e+01   1.2422542e+02
   8.2400000e+01   1.1881605e+02   2.4366542e+02
   8.2500000e+01   1.6881605e+02   8.2665418e+01
   8.2600000e+01   1.2281605e+02   3.2550542e+02
   8.2700000e+01   6.3816054e+01   2.1186542e+02
   8.2800000e+01   6.3816054e+01   1.2486542e+02
   8.2900000e+01   2.0181605e+02   7.8345418e+01
   8.3000000e+01   1.8281605e+02   8.9105418e+01
   8.3100000e+01   5.2816054e+01   1.2430542e+02
   8.3200000e+01   5.7816054e+01   2.8105418e+01
   8.3300000e+01   1.0481605e+02   1.8822542e+02
   8.3400000e+01   7.5816054e+01   1.4038542e+02
   8.3500000e+01   2.3281605e+02   5.4105418e+01
   8.3600000e+01   7.1816054e+01   7.1545418e+01
   8.3700000e+01   1.3081605e+02   8.2185418e+01
   8.3800000e+01   2.4781605e+02   2.5054181e+00
   8.3900000e+01  -2.8183946e+01   1.6854542e+02
   8.4000000e+01   1.9081605e+02   5.1785418e+01
   8.4100000e+01   5.2816054e+01  -6.9458194e-01
   8.4200000e+01   2.1881605e+02   7.6665418e+01
   8.4300000e+01   1.7481605e+02   1.5442542e+02
   8.4400000e+01   1.0081605e+02   6.7385418e+01
   8.4500000e+01   1.2981605e+02   5.3225418e+01
   8.4600000e+01   3.7816054e+01  -1.0945819e+00
   8.4700000e+01   8.2816054e+01   1.6010542e+02
   8.4800000e+01   1.4781605e+02   5.5505418e+01
   8.4900000e+01   1.3081605e+02   1.8918542e+02
   8.5000000e+01   1.3681605e+02   2.1994542e+02
   8.5100000e+01   2.9181605e+02   3.8745418e+01
   8.5200000e+01   1.9681605e+02   7.0545418e+01
   8.5300000e+01   9.6816054e+01   1.0454542e+02
   8.5400000e+01   1.2816054e+01   3.4690542e+02
   8.5500000e+01   1.3781605e+02   1.6090542e+02
   8.5600000e+01   1.7981605e+02   4.5225418e+01
   8.5700000e+01   1.7981605e+02   1.7222542e+02
   8.5800000e+01   9.6816054e+01   1.0454542e+02
   8.5900000e+01   1.6681605e+02   8.4745418e+01
   8.6000000e+01   1.7881605e+02   2.0026542e+02
   8.6100000e+01   1.9681605e+02   1.7954542e+02
   8.6200000e+01   1.1281605e+02   1.4690542e+02
   8.6300000e+01   3.7281605e+02   1.6850542e+02
   8.6400000e+01   9.1816054e+01   8.1745418e+01
   8.6500000e+01   3.7816054e+01   7.8905418e+01
   8.6600000e+01   7.3816054e+01   8.5465418e+01
   8.6700000e+01   2.0781605e+02   1.1610542e+02
   8.6800000e+01   7.0816054e+01   2.6585418e+01
   8.6900000e+01   1.9381605e+02   2.4665418e+01
   8.7000000e+01   7.0816054e+01   1.8058542e+02
   8.7100000e+01   1.7581605e+02   2.4838542e+02
   8.7200000e+01   8.0816054e+01   1.1118542e+02
   8.7300000e+01   1.7981605e+02   5.6225418e+01
   8.7400000e+01   2.3581605e+02  -1.0145819e+00
   8.7500000e+01   1.6681605e+02   1.4474542e+02
   8.7600000e+01   1.1181605e+02   1.2894542e+02
   8.7700000e+01   1.2481605e+02   1.3542542e+02
   8.7800000e+01   1.3781605e+02   1.6790542e+02
   8.7900000e+01   9.4816054e+01   7.7625418e+01
   8.8000000e+01   1.6681605e+02  -2.3254582e+01
   8.8100000e+01   1.9381605e+02   7.6665418e+01
   8.8200000e+01   5.0816054e+01   1.7838542e+02
   8.8300000e+01   2.6481605e+02   1.1782542e+02
   8.8400000e+01   2.3381605e+02   7.4065418e+01
   8.8500000e+01   9.7816054e+01   9.8505418e+01
   8.8600000e+01   2.5816054e+01   1.6238542e+02
   8.8700000e+01   3.4816054e+01   2.0302542e+02
   8.8800000e+01   1.6981605e+02   1.3262542e+02
   8.8900000e+01   1.1181605e+02   1.3794542e+02
   8.9000000e+01   1.2981605e+02   1.2822542e+02
   8.9100000e+01  -5.1839465e+00   2.8162542e+02
   8.9200000e+01   1.1681605e+02   2.4745418e+01
   8.9300000e+01   1.2816054e+01   1.0290542e+02
   8.9400000e+01   8.1816054e+01   1.3214542e+02
   8.9500000e+01   7.9816054e+01   1.9322542e+02
   8.9600000e+01   7.0816054e+01   6.5585418e+01
   8.9700000e+01   2.2881605e+02   2.5026542e+02
   8.9800000e+01  -1.0183946e+01   2.8825418e+01
   8.9900000e+01   2.4381605e+02   1.7966542e+02
   9.0000000e+01   5.4816054e+01   2.1222542e+02
   9.0100000e+01   8.0816054e+01   5.4185418e+01
   9.0200000e+01   9.1816054e+01   6.0745418e+01
   9.0300000e+01   6.2816054e+01   5.9905418e+01
   9.0400000e+01   3.6816054e+01   2.0194542e+02
   9.0500000e+01   1.9581605e+02   7.4585418e+01
   9.0600000e+01   3.8160535e+00   1.8626542e+02
   9.0700000e+01   8.1816054e+01   7.2145418e+01
   9.0800000e+01   1.0381605e+02   1.5126542e+02
   9.0900000e+01  -5.0183946e+01   6.7425418e+01
   9.1000000e+01   1.3816054e+01  -1.0134582e+01
   9.1100000e+01   1.0681605e+02   1.0714542e+02
   9.1200000e+01   3.3816054e+01   1.6306542e+02
   9.1300000e+01   1.0981605e+02   1.0302542e+02
   9.1400000e+01   1.6181605e+02   9.3945418e+01
   9.1500000e+01   1.3581605e+02   7.1985418e+01
   9.1600000e+01   1.0681605e+02   8.0145418e+01
   9.1700000e+01   2.7681605e+02   5.8345418e+01
   9.1800000e+01   2.4681605e+02   1.0354542e+02
   9.1900000e+01   1.9181605e+02   6.7745418e+01
   9.2000000e+01   1.0816054e+01   1.1798542e+02
   9.2100000e+01   9.7816054e+01   9.5505418e+01
   9.2200000e+01   6.2816054e+01   7.4905418e+01
   9.2300000e+01   1.5181605e+02   9.9345418e+01
   9.2400000e+01   1.7281605e+02   2.0250542e+02
   9.2500000e+01   5.2816054e+01   2.1330542e+02
   9.2600000e+01   2.3081605e+02   4.0185418e+01
   9.2700000e+01   5.5816054e+01   1.4218542e+02
   9.2800000e+01   2.8816054e+01   2.1026542e+02
   9.2900000e+01   2.4281605e+02   7.8705418e+01
   9.3000000e+01   2.6381605e+02   2.9865418e+01
   9.3100000e+01   2.6681605e+02   1.4874542e+02
   9.3200000e+01   7.7816054e+01   1.7305418e+01
   9.3300000e+01  -1.2183946e+01   8.9905418e+01
   9.3400000e+01   1.8981605e+02   1.9382542e+02
   9.3500000e+01   1.0581605e+02   1.1418542e+02
   9.3600000e+01   1.3381605e+02   9.7065418e+01
   9.3700000e+01   1.9816054e+01   3.9262542e+02
   9.3800000e+01   1.1581605e+02   2.4778542e+02
   9.3900000e+01   1.8681605e+02   1.4194542e+02
   9.4000000e+01   3.8816054e+01   2.1886542e+02
   9.4100000e+01   9.1816054e+01   1.5274542e+02
   9.4200000e+01   2.8816054e+01   1.3926542e+02
   9.4300000e+01   1.9081605e+02   1.0278542e+02
   9.4400000e+01   2.3816054e+01   7.7465418e+01
   9.4500000e+01   5.4816054e+01   6.4225418e+01
   9.4600000e+01   1.9816054e+01   1.2662542e+02
   9.4700000e+01   2.2816054e+01   1.1750542e+02
   9.4800000e+01   7.4816054e+01   1.7842542e+02
   9.4900000e+01  -3.1839465e+00   6.3545418e+01
   9.5000000e+01   1.8181605e+02   6.6145418e+01
   9.5100000e+01   5.0816054e+01   1.4238542e+02
   9.5200000e+01   6.7816054e+01   1.2170542e+02
   9.5300000e+01   1.7381605e+02   1.1746542e+02
   9.5400000e+01   5.0816054e+01   1.4338542e+02
   9.5500000e+01   9.8816054e+01   1.3146542e+02
   9.5600000e+01   6.0816054e+01   1.7198542e+02
   9.5700000e+01   6.8160535e+00   8.9145418e+01
   9.5800000e+01   6.2816054e+01   7.7905418e+01
   9.5900000e+01   8.1816054e+01   1.7214542e+02
   9.6000000e+01   2.1781605e+02   1.2970542e+02
   9.6100000e+01   4.1816054e+01   5.7745418e+01
   9.6200000e+01   1.3881605e+02   1.5865418e+01
   9.6300000e+01   5.6816054e+01  -3.9854582e+01
   9.6400000e+01   1.5781605e+02   7.3105418e+01
   9.6500000e+01   8.7816054e+01   1.0890542e+02
   9.6600000e+01   5.5816054e+01   1.8818542e+02
   9.6700000e+01   1.5981605e+02   5.3025418e+01
   9.6800000e+01   3.8816054e+01   1.4686542e+02
   9.6900000e+01   2.2181605e+02   2.1354542e+02
   9.7000000e+01   1.9081605e+02   1.7578542e+02
   9.7100000e+01   6.2816054e+01   1.4890542e+02
   9.7200000e+01   8.8816054e+01   8.3865418e+01
   9.7300000e+01   1.2681605e+02   2.0034542e+02
   9.7400000e+01   6.9816054e+01   1.1462542e+02
   9.7500000e+01   8.6816054e+01   1.8294542e+02
   9.7600000e+01   5.2816054e+01   1.9130542e+02
   9.7700000e+01   2.2881605e+02   1.1326542e+02
   9.7800000e+01   8.3816054e+01   4.1065418e+01
   9.7900000e+01   9.3816054e+01   7.2665418e+01
   9.8000000e+01   2.0681605e+02   4.7145418e+01
   9.8100000e+01   5.3816054e+01   7.4265418e+01
   9.8200000e+01   5.4816054e+01   5.8225418e+01
   9.8300000e+01   4.4816054e+01   1.1062542e+02
   9.8400000e+01   3.6081605e+02  -1.8014582e+01
   9.8500000e+01   1.9081605e+02   6.3785418e+01
   9.8600000e+01   3.2816054e+01   1.0410542e+02
   9.8700000e+01   6.0816054e+01   1.0098542e+02
   9.8800000e+01   1.4581605e+02   1.2858542e+02
   9.8900000e+01   1.9816054e+01   1.7662542e+02
   9.9000000e+01   2.2816054e+01   1.1050542e+02
   9.9100000e+01   5.3816054e+01   1.3026542e+02
   9.9200000e+01   1.6481605e+02   2.6882542e+02
   9.9300000e+01   6.9816054e+01   2.5062542e+02
   9.9400000e+01  -3.9183946e+01   1.6298542e+02
   9.9500000e+01   2.4381605e+02   1.7366542e+02
   9.9600000e+01   2.4681605e+02   5.6545418e+01
   9.9700000e+01   1.7381605e+02   8.6465418e+01
   9.9800000e+01   2.5181605e+02   8.3345418e+01
   9.9900000e+01   5.4816054e+01   6.6225418e+01
   1.0000000e+02   2.4781605e+02   1.2650542e+02
   1.0010000e+02   3.2681605e+02   1.4134542e+02
   1.0020000e+02   3.5381605e+02   7.8265418e+01
   1.0030000e+02   1.8816054e+01   9.6665418e+01
   1.0040000e+02   2.2381605e+02   2.1465418e+01
   1.0050000e+02   2.2381605e+02   1.8546542e+02
   1.0060000e+02   2.6481605e+02   1.7582542e+02
   1.0070000e+02   1.4281605e+02   9.2705418e+01
   1.0080000e+02   2.5816054e+01   1.0385418e+01
   1.0090000e+02   8.2816054e+01   8.2105418e+01
   1.0100000e+02   8.7816054e+01   6.0905418e+01
   1.0110000e+02   2.0581605e+02   2.0518542e+02
   1.0120000e+02   2.4481605e+02   8.0625418e+01
   1.0130000e+02   5.6816054e+01   8.1454181e+00
   1.0140000e+02   1.5881605e+02   4.4065418e+01
   1.0150000e+02   7.0816054e+01   1.4458542e+02
   1.0160000e+02   1.1081605e+02   1.4398542e+02
   1.0170000e+02   1.2481605e+02   9.2425418e+01
   1.0180000e+02   1.4981605e+02   2.0442542e+02
   1.0190000e+02   1.6781605e+02   1.0970542e+02
   1.0200000e+02   1.0681605e+02   1.0614542e+02
   1.0210000e+02   1.0781605e+02   1.0810542e+02
   1.0220000e+02   1.8981605e+02   2.1282542e+02
   1.0230000e+02   6.1816054e+01   9.7945418e+01
   1.0240000e+02   9.5816054e+01   6.0585418e+01
   1.0250000e+02   2.0881605e+02   2.5706542e+02
   1.0260000e+02   3.1881605e+02   5.6665418e+01
   1.0270000e+02   5.9816054e+01   3.2025418e+01
   1.0280000e+02   1.1881605e+02   2.2166542e+02
   1.0290000e+02   1.4281605e+02   1.4570542e+02
   1.0300000e+02   2.1981605e+02  -5.0374582e+01
   1.0310000e+02   8.3816054e+01   4.9065418e+01
   1.0320000e+02   1.6681605e+02   7.0745418e+01
   1.0330000e+02   1.4981605e+02   8.0425418e+01
   1.0340000e+02   1.7081605e+02   6.6585418e+01
   1.0350000e+02   1.6816054e+01   5.4745418e+01
   1.0360000e+02   1.5281605e+02   8.8305418e+01
   1.0370000e+02   1.4181605e+02   1.1674542e+02
   1.0380000e+02   1.7181605e+02   1.2654542e+02
   1.0390000e+02   1.2816054e+01   4.1905418e+01
   1.0400000e+02   9.8816054e+01  -2.5345819e+00
   1.0410000e+02   1.3281605e+02   1.1910542e+02
   1.0420000e+02   7.1816054e+01   1.3554542e+02
   1.0430000e+02   4.4816054e+01   2.1162542e+02
   1.0440000e+02   1.9681605e+02   9.5545418e+01
   1.0450000e+02   1.7981605e+02   1.5622542e+02
   1.0460000e+02   8.6816054e+01   1.8294542e+02
   1.0470000e+02   1.4681605e+02   1.5254542e+02
   1.0480000e+02   7.3816054e+01   1.6646542e+02
   1.0490000e+02   6.6816054e+01   1.0574542e+02
   1.0500000e+02   6.4816054e+01   1.0882542e+02
   1.0510000e+02   3.1581605e+02   9.2785418e+01
   1.0520000e+02   1.2581605e+02   1.8938542e+02
   1.0530000e+02   1.5181605e+02   3.1345418e+01
   1.0540000e+02   4.8816054e+01   5.5465418e+01
   1.0550000e+02   7.4816054e+01   7.9425418e+01
   1.0560000e+02   9.6816054e+01   1.3545418e+01
   1.0570000e+02   1.2881605e+02   3.2026542e+02
   1.0580000e+02  -1.7183946e+01   7.9105418e+01
   1.0590000e+02   1.5781605e+02   1.4010542e+02
   1.0600000e+02   1.6681605e+02  -4.1254582e+01
   1.0610000e+02   1.3481605e+02   3.7025418e+01
   1.0620000e+02   5.0816054e+01   6.6385418e+01
   1.0630000e+02   8.2816054e+01   5.5105418e+01
   1.0640000e+02   1.7881605e+02   5.9265418e+01
   1.0650000e+02   1.4581605e+02   8.8585418e+01
   1.0660000e+02   2.7981605e+02  -1.2774582e+01
   1.0670000e+02   2.2881605e+02   6.6265418e+01
   1.0680000e+02   2.6581605e+02   2.7785418e+01
   1.0690000e+02   5.7816054e+01   7.3105418e+01
   1.0700000e+02   1.6881605e+02   4.9665418e+01
   1.0710000e+02   2.2881605e+02   9.7265418e+01
   1.0720000e+02   1.1881605e+02   1.5566542e+02
   1.0730000e+02   1.2781605e+02   1.4230542e+02
   1.0740000e+02   8.8816054e+01  -4.2134582e+01
   1.0750000e+02   1.3581605e+02   5.5985418e+01
   1.0760000e+02   7.6816054e+01   1.1234542e+02
   1.0770000e+02   2.2681605e+02   1.5834542e+02
   1.0780000e+02   2.3781605e+02   6.7905418e+01
   1.0790000e+02   1.1881605e+02   1.1466542e+02
   1.0800000e+02   2.5781605e+02   4.8105418e+01
   1.0810000e+02   8.8816054e+01   1.7986542e+02
   1.0820000e+02   7.5816054e+01   1.8438542e+02
   1.0830000e+02   1.1181605e+02   1.4794542e+02
   1.0840000e+02   1.8481605e+02   5.3025418e+01
   1.0850000e+02   7.4816054e+01   3.0425418e+01
   1.0860000e+02   1.1081605e+02   1.2898542e+02
   1.0870000e+02   7.1816054e+01   1.7754542e+02
   1.0880000e+02   5.1816054e+01   8.3345418e+01
   1.0890000e+02   9.6816054e+01   9.6545418e+01
   1.0900000e+02   1.2881605e+02   5.2654181e+00
   1.0910000e+02   1.3816054e+01   7.7865418e+01
   1.0920000e+02   1.1081605e+02   1.4798542e+02
   1.0930000e+02   8.7816054e+01   2.2490542e+02
   1.0940000e+02   8.9816054e+01   1.4582542e+02
   1.0950000e+02   6.0816054e+01   2.0398542e+02
   1.0960000e+02   1.0781605e+02   1.2610542e+02
   1.0970000e+02   9.3816054e+01   1.4466542e+02
   1.0980000e+02   1.0981605e+02   9.2025418e+01
   1.0990000e+02   1.3881605e+02   1.1486542e+02
   1.1000000e+02   4.8816054e+01   8.1465418e+01
   1.1010000e+02   1.2581605e+02   1.5038542e+02
   1.1020000e+02  -4.4183946e+01   1.6818542e+02
   1.1030000e+02   8.9816054e+01   2.0682542e+02
   1.1040000e+02   7.7816054e+01   1.4530542e+02
   1.1050000e+02   1.4381605e+02   9.7665418e+01
   1.1060000e+02   4.2816054e+01   1.2270542e+02
   1.1070000e+02  -8.1183946e+01   1.1466542e+02
   1.1080000e+02   1.8981605e+02   1.7482542e+02
   1.1090000e+02   5.6816054e+01   1.0314542e+02
   1.1100000e+02   5.7816054e+01   5.1105418e+01
   1.1110000e+02   9.0816054e+01   3.9785418e+01
   1.1120000e+02   9.6816054e+01   6.0545418e+01
   1.1130000e+02   6.5816054e+01   1.5578542e+02
   1.1140000e+02   1.4681605e+02   3.8545418e+01
   1.1150000e+02   7.8160535e+00   1.8310542e+02
   1.1160000e+02   9.2816054e+01   1.2770542e+02
   1.1170000e+02   4.9816054e+01   7.9425418e+01
   1.1180000e+02   2.2816054e+01   5.7505418e+01
   1.1190000e+02   6.0816054e+01   2.2898542e+02
   1.1200000e+02   7.3816054e+01  -1.6534582e+01
   1.1210000e+02   8.4816054e+01   9.1025418e+01
   1.1220000e+02   6.7816054e+01   8.8705418e+01
   1.1230000e+02   1.5481605e+02   1.3622542e+02
   1.1240000e+02   1.6781605e+02   1.2370542e+02
   1.1250000e+02   8.5816054e+01   3.9854181e+00
   1.1260000e+02   8.8816054e+01   4.9865418e+01
   1.1270000e+02   1.5381605e+02   1.7926542e+02
   1.1280000e+02   1.3781605e+02   2.4390542e+02
   1.1290000e+02   1.5981605e+02   2.0302542e+02
   1.1300000e+02   2.4581605e+02   2.0158542e+02
   1.1310000e+02   2.0181605e+02   5.9345418e+01
   1.1320000e+02   1.5181605e+02   8.8345418e+01
   1.1330000e+02   1.2681605e+02   2.8834542e+02
   1.1340000e+02   1.5981605e+02   8.2025418e+01
   1.1350000e+02   1.6981605e+02   1.0162542e+02
   1.1360000e+02   7.8816054e+01  -3.3734582e+01
   1.1370000e+02   2.8881605e+02   1.0686542e+02
   1.1380000e+02   1.5781605e+02   1.1810542e+02
   1.1390000e+02   1.6481605e+02   2.3825418e+01
   1.1400000e+02   8.1816054e+01   1.5814542e+02
   1.1410000e+02   1.5981605e+02   1.2802542e+02
   1.1420000e+02   1.0281605e+02   8.3054181e+00
   1.1430000e+02   6.2816054e+01   1.7090542e+02
   1.1440000e+02   6.4816054e+01   5.1825418e+01
   1.1450000e+02   2.1581605e+02   4.1785418e+01
   1.1460000e+02   9.1816054e+01   2.7745418e+01
   1.1470000e+02   9.0816054e+01   1.6278542e+02
   1.1480000e+02   1.7981605e+02   1.3322542e+02
   1.1490000e+02   1.9081605e+02   5.6785418e+01
   1.1500000e+02   6.4816054e+01   2.0882542e+02
   1.1510000e+02   4.9816054e+01   8.6425418e+01
   1.1520000e+02   1.9816054e+01   9.2625418e+01
   1.1530000e+02   3.6816054e+01   1.6694542e+02
   1.1540000e+02  -1.3183946e+01   7.5945418e+01
   1.1550000e+02   1.5081605e+02   7.3385418e+01
   1.1560000e+02   1.1281605e+02   2.4690542e+02
   1.1570000e+02   1.0481605e+02   1.8822542e+02
   1.1580000e+02   1.3981605e+02   9.2825418e+01
   1.1590000e+02   6.3816054e+01   1.8586542e+02
   1.1600000e+02   1.6381605e+02   2.4186542e+02
   1.1610000e+02   1.7781605e+02   3.2305418e+01
   1.1620000e+02   3.8816054e+01   8.8865418e+01
   1.1630000e+02   1.8981605e+02   1.9182542e+02
   1.1640000e+02   2.0881605e+02  -5.9345819e+00
   1.1650000e+02   1.1081605e+02   1.3985418e+01
   1.1660000e+02   1.0781605e+02   1.2410542e+02
   1.1670000e+02   1.1581605e+02   5.2785418e+01
   1.1680000e+02  -5.1839465e+00   1.4562542e+02
   1.1690000e+02   4.7816054e+01   3.1505418e+01
   1.1700000e+02   3.3816054e+01   1.8806542e+02
   1.1710000e+02   9.0816054e+01   2.6178542e+02
   1.1720000e+02  -2.7183946e+01   2.3450542e+02
   1.1730000e+02   5.7816054e+01   1.1310542e+02
   1.1740000e+02   2.6816054e+01   8.8345418e+01
   1.1750000e+02   8.5816054e+01   1.2985418e+01
   1.1760000e+02   9.6816054e+01   1.0554542e+02
   1.1770000e+02   9.7816054e+01   1.8250542e+02
   1.1780000e+02   6.6816054e+01   1.1374542e+02
   1.1790000e+02   1.2081605e+02   1.5358542e+02
   1.1800000e+02   1.0981605e+02   8.2025418e+01
   1.1810000e+02   1.7281605e+02   9.4505418e+01
   1.1820000e+02  -1.0183946e+01   8.8825418e+01
   1.1830000e+02   2.2981605e+02   2.4322542e+02
   1.1840000e+02   1.1681605e+02   3.6745418e+01
   1.1850000e+02   7.2816054e+01   6.0505418e+01
   1.1860000e+02   1.1481605e+02   5.9825418e+01
   1.1870000e+02   1.1781605e+02  -2.4294582e+01
   1.1880000e+02   1.3781605e+02   4.9905418e+01
   1.1890000e+02   3.4816054e+01   5.5025418e+01
   1.1900000e+02   4.8160535e+00   2.4522542e+02
   1.1910000e+02   3.6816054e+01   1.9094542e+02
   1.1920000e+02   2.2281605e+02  -9.1494582e+01
   1.1930000e+02   1.0881605e+02   9.8065418e+01
   1.1940000e+02   1.2781605e+02   2.3305418e+01
   1.1950000e+02   1.0816054e+01   5.7985418e+01
   1.1960000e+02   2.4081605e+02   2.2785418e+01
   1.1970000e+02   1.1681605e+02   4.2745418e+01
   1.1980000e+02   1.7181605e+02   1.0154542e+02
   1.1990000e+02   5.1816054e+01   1.7634542e+02
   1.2000000e+02   5.2816054e+01   3.1305418e+01
   1.2010000e+02   1.4881605e+02   1.7465418e+01
   1.2020000e+02   9.7816054e+01   6.1505418e+01
   1.2030000e+02   1.7881605e+02   2.2265418e+01
   1.2040000e+02   6.3816054e+01   1.0386542e+02
   1.2050000e+02   1.1181605e+02   1.2794542e+02
   1.2060000e+02   2.0681605e+02  -1.8545819e+00
   1.2070000e+02   9.0816054e+01   1.2878542e+02
   1.2080000e+02   1.6881605e+02   6.6654181e+00
   1.2090000e+02   5.7816054e+01   4.0105418e+01
   1.2100000e+02  -3.7183946e+01   1.0905418e+01
   1.2110000e+02   2.4781605e+02   6.0505418e+01
   1.2120000e+02   6.6816054e+01   6.8745418e+01
   1.2130000e+02   2.2481605e+02   6.9425418e+01
   1.2140000e+02   1.7681605e+02   1.5934542e+02
   1.2150000e+02   1.7281605e+02   3.5054181e+00
   1.2160000e+02  -4.8183946e+01   4.4345418e+01
   1.2170000e+02   3.9816054e+01   8.6825418e+01
   1.2180000e+02   1.9281605e+02   1.7470542e+02
   1.2190000e+02   8.7816054e+01   2.5905418e+01
   1.2200000e+02   5.3816054e+01   1.3026542e+02
   1.2210000e+02   2.4981605e+02   1.3342542e+02
   1.2220000e+02   1.2081605e+02   4.1585418e+01
   1.2230000e+02   7.3816054e+01  -6.6534582e+01
   1.2240000e+02  -4.8183946e+01  -1.2654582e+01
   1.2250000e+02   1.5081605e+02   1.1238542e+02
   1.2260000e+02   1.5281605e+02   7.7305418e+01
   1.2270000e+02   1.3816054e+01   6.0865418e+01
   1.2280000e+02   4.8160535e+00   1.1922542e+02
   1.2290000e+02  -7.1839465e+00  -2.3294582e+01
   1.2300000e+02   1.5981605e+02   6.4025418e+01
   1.2310000e+02   2.0781605e+02   8.7105418e+01
   1.2320000e+02   1.7381605e+02   2.4465418e+01
   1.2330000e+02   4.3816054e+01  -3.2334582e+01
   1.2340000e+02   1.0481605e+02   8.5225418e+01
   1.2350000e+02   5.6816054e+01   1.0114542e+02
   1.2360000e+02   1.8881605e+02   2.5865418e+01
   1.2370000e+02   4.2816054e+01   8.9705418e+01
   1.2380000e+02   6.2816054e+01   1.1490542e+02
   1.2390000e+02   6.7816054e+01   1.0370542e+02
   1.2400000e+02   1.6581605e+02   3.2785418e+01
   1.2410000e+02   8.6816054e+01   1.4894542e+02
   1.2420000e+02   1.2816054e+01   9.0541806e-01
   1.2430000e+02   1.9281605e+02   1.1270542e+02
   1.2440000e+02   5.4816054e+01   1.0322542e+02
   1.2450000e+02   1.5581605e+02   6.8185418e+01
   1.2460000e+02   9.5816054e+01   1.2585418e+01
   1.2470000e+02   1.8381605e+02   5.6065418e+01
   1.2480000e+02   5.1816054e+01   5.3345418e+01
   1.2490000e+02   2.2481605e+02   1.6142542e+02
   1.2500000e+02   1.6681605e+02   1.0874542e+02
   1.2510000e+02   7.0816054e+01   2.9585418e+01
   1.2520000e+02   2.0881605e+02   6.5065418e+01
   1.2530000e+02   5.9816054e+01   7.5025418e+01
   1.2540000e+02   7.9816054e+01   8.4225418e+01
   1.2550000e+02   8.7816054e+01   1.0490542e+02
   1.2560000e+02   5.0816054e+01   2.2538542e+02
   1.2570000e+02   2.0281605e+02   1.3530542e+02
   1.2580000e+02   1.1581605e+02   8.2785418e+01
   1.2590000e+02   1.0081605e+02   1.6538542e+02
   1.2600000e+02   1.2281605e+02   1.4850542e+02
   1.2610000e+02   1.3381605e+02   1.1606542e+02
   1.2620000e+02  -3.8183946e+01   3.3694542e+02
   1.2630000e+02   5.7816054e+01   1.4105418e+01
   1.2640000e+02   2.9816054e+01   1.0922542e+02
   1.2650000e+02   3.9816054e+01   1.4582542e+02
   1.2660000e+02   2.4181605e+02   1.4674542e+02
   1.2670000e+02   1.8981605e+02   1.3482542e+02
   1.2680000e+02   7.2816054e+01   9.2505418e+01
   1.2690000e+02   1.7481605e+02   7.1425418e+01
   1.2700000e+02   9.1816054e+01   2.3774542e+02
   1.2710000e+02   2.3816054e+01   1.9946542e+02
   1.2720000e+02   1.4181605e+02   1.5874542e+02
   1.2730000e+02   2.9281605e+02   1.4370542e+02
   1.2740000e+02   2.1681605e+02   8.5745418e+01
   1.2750000e+02   1.8081605e+02   3.8185418e+01
   1.2760000e+02   9.6816054e+01   4.1545418e+01
   1.2770000e+02  -7.1839465e+00   8.0705418e+01
   1.2780000e+02   3.4816054e+01   1.7902542e+02
   1.2790000e+02   3.5816054e+01   6.3985418e+01
   1.2800000e+02   7.1816054e+01   1.3545418e+01
   1.2810000e+02   9.9816054e+01   1.1542542e+02
   1.2820000e+02   2.4816054e+01   5.6425418e+01
   1.2830000e+02   1.0381605e+02   8.0265418e+01
   1.2840000e+02   3.4816054e+01   9.5025418e+01
   1.2850000e+02   1.2681605e+02   7.6345418e+01
   1.2860000e+02   5.0816054e+01   1.2738542e+02
   1.2870000e+02   1.2981605e+02   1.1922542e+02
   1.2880000e+02   7.0816054e+01   1.0258542e+02
   1.2890000e+02   1.2181605e+02   2.6054542e+02
   1.2900000e+02   9.7816054e+01  -5.4494582e+01
   1.2910000e+02   1.9781605e+02   5.6505418e+01
   1.2920000e+02  -5.1839465e+00   1.1462542e+02
   1.2930000e+02   9.1816054e+01   6.4745418e+01
   1.2940000e+02   1.4181605e+02   8.6745418e+01
   1.2950000e+02   5.1816054e+01   2.2345418e+01
   1.2960000e+02   6.7816054e+01   1.8170542e+02
   1.2970000e+02   3.4081605e+02   4.7785418e+01
   1.2980000e+02   6.8160535e+00   2.5614542e+02
   1.2990000e+02   1.2881605e+02   9.8265418e+01
   1.3000000e+02   3.4816054e+01   1.2902542e+02
   1.3010000e+02   2.3816054e+01   5.6465418e+01
   1.3020000e+02   1.2081605e+02   1.1658542e+02
   1.3030000e+02   7.8160535e+00   1.1510542e+02
   1.3040000e+02   2.5816054e+01   1.1138542e+02
   1.3050000e+02   1.4181605e+02   1.6674542e+02
   1.3060000e+02   1.0981605e+02   9.3025418e+01
   1.3070000e+02   1.9816054e+01   4.2625418e+01
   1.3080000e+02   1.1781605e+02   1.4705418e+01
   1.3090000e+02   4.7816054e+01   2.1050542e+02
   1.3100000e+02   1.8481605e+02   1.0302542e+02
   1.3110000e+02   1.6581605e+02   9.7854181e+00
   1.3120000e+02   8.3816054e+01   1.2065418e+01
   1.3130000e+02   1.0081605e+02   7.6385418e+01
   1.3140000e+02   2.1816054e+01   1.1154542e+02
   1.3150000e+02   6.5816054e+01   8.5785418e+01
   1.3160000e+02   2.2816054e+01   2.2850542e+02
   1.3170000e+02   1.6781605e+02   1.6270542e+02
   1.3180000e+02  -5.3183946e+01   9.9545418e+01
   1.3190000e+02   2.4816054e+01   3.5425418e+01
   1.3200000e+02  -1.4183946e+01   6.3985418e+01
   1.3210000e+02   1.8816054e+01   6.6665418e+01
   1.3220000e+02  -6.4183946e+01   2.0798542e+02
   1.3230000e+02   1.6881605e+02   2.5665418e+01
   1.3240000e+02   1.5816054e+01   3.0785418e+01
   1.3250000e+02   1.3881605e+02   1.0786542e+02
   1.3260000e+02   1.9181605e+02  -1.2254582e+01
   1.3270000e+02   2.0081605e+02   6.8385418e+01
   1.3280000e+02   7.8816054e+01   8.7265418e+01
   1.3290000e+02   3.4816054e+01   4.3025418e+01
   1.3300000e+02   1.0581605e+02  -7.1814582e+01
   1.3310000e+02   1.0781605e+02   1.1054181e+00
   1.3320000e+02   1.0181605e+02   9.0345418e+01
   1.3330000e+02   1.0481605e+02  -1.9774582e+01
   1.3340000e+02  -1.6183946e+01   1.1506542e+02
   1.3350000e+02   1.3281605e+02   6.1105418e+01
   1.3360000e+02   1.3481605e+02   5.1025418e+01
   1.3370000e+02   2.2081605e+02   1.5458542e+02
   1.3380000e+02   3.8816054e+01  -1.4134582e+01
   1.3390000e+02   5.9816054e+01   3.2025418e+01
   1.3400000e+02  -4.9183946e+01   1.5438542e+02
   1.3410000e+02   2.8160535e+00   1.7030542e+02
   1.3420000e+02   1.4816054e+01   7.3825418e+01
   1.3430000e+02   1.4281605e+02   1.4570542e+02
   1.3440000e+02   4.1816054e+01   2.4374542e+02
   1.3450000e+02   1.1781605e+02   1.3470542e+02
   1.3460000e+02   8.5816054e+01   1.1998542e+02
   1.3470000e+02   8.3816054e+01   5.1065418e+01
   1.3480000e+02   1.9381605e+02   1.1266542e+02
   1.3490000e+02   8.4816054e+01   2.5025418e+01
   1.3500000e+02   1.5081605e+02   1.2238542e+02
   1.3510000e+02   4.0816054e+01   7.6785418e+01
   1.3520000e+02   1.8781605e+02  -3.0945819e+00
   1.3530000e+02   1.1881605e+02   2.0665418e+01
   1.3540000e+02   1.7181605e+02   5.6545418e+01
   1.3550000e+02   1.4781605e+02   1.0350542e+02
   1.3560000e+02   8.9816054e+01   6.8825418e+01
   1.3570000e+02   5.6816054e+01   1.4614542e+02
   1.3580000e+02   9.6816054e+01   2.1054542e+02
   1.3590000e+02   1.2681605e+02   1.4734542e+02
   1.3600000e+02   1.4381605e+02   1.6566542e+02
   1.3610000e+02  -5.2183946e+01   1.1450542e+02
   1.3620000e+02   1.5281605e+02   9.8305418e+01
   1.3630000e+02   1.0481605e+02   2.6022542e+02
   1.3640000e+02   3.8816054e+01   9.7865418e+01
   1.3650000e+02   1.4081605e+02   1.8378542e+02
   1.3660000e+02   2.5081605e+02   7.3385418e+01
   1.3670000e+02   1.3381605e+02   1.9065418e+01
   1.3680000e+02   3.7816054e+01   3.9054181e+00
   1.3690000e+02   6.5816054e+01   5.4785418e+01
   1.3700000e+02   4.5816054e+01   2.1358542e+02
   1.3710000e+02  -1.2183946e+01   1.6890542e+02
   1.3720000e+02   1.1781605e+02   1.0870542e+02
   1.3730000e+02   1.8381605e+02   9.4065418e+01
   1.3740000e+02   1.5081605e+02   7.1385418e+01
   1.3750000e+02  -7.4183946e+01   5.0385418e+01
   1.3760000e+02   1.3581605e+02   2.2098542e+02
   1.3770000e+02   2.5481605e+02  -9.7745819e+00
   1.3780000e+02   1.2781605e+02   4.2305418e+01
   1.3790000e+02   1.3481605e+02   3.6025418e+01
   1.3800000e+02   9.4816054e+01   7.0625418e+01
   1.3810000e+02   1.3981605e+02   1.4882542e+02
   1.3820000e+02   2.4081605e+02  -1.8214582e+01
   1.3830000e+02   1.0581605e+02   5.9185418e+01
   1.3840000e+02   8.0816054e+01   5.6185418e+01
   1.3850000e+02   1.1881605e+02  -1.5334582e+01
   1.3860000e+02   3.7816054e+01   4.1905418e+01
   1.3870000e+02   1.2581605e+02   4.3385418e+01
   1.3880000e+02   1.7181605e+02   5.7545418e+01
   1.3890000e+02   1.0581605e+02   9.8185418e+01
   1.3900000e+02   1.1381605e+02   2.6865418e+01
   1.3910000e+02   3.2816054e+01   2.0810542e+02
   1.3920000e+02   2.0781605e+02   1.2710542e+02
   1.3930000e+02   2.4081605e+02   9.3785418e+01
   1.3940000e+02   2.4481605e+02   4.3625418e+01
   1.3950000e+02   2.1881605e+02   5.9665418e+01
   1.3960000e+02   5.2816054e+01   8.2305418e+01
   1.3970000e+02   2.9081605e+02   7.8541806e-01
   1.3980000e+02   3.2581605e+02  -5.6145819e+00
   1.3990000e+02   2.0816054e+01  -4.1414582e+01
   1.4000000e+02   1.9081605e+02   7.7785418e+01
   1.4010000e+02   1.4981605e+02   4.8425418e+01
   1.4020000e+02   1.9681605e+02  -4.5454582e+01
   1.4030000e+02   2.2881605e+02   4.4265418e+01
   1.4040000e+02   2.1281605e+02   8.8905418e+01
   1.4050000e+02   1.6181605e+02   9.9454181e+00
   1.4060000e+02   1.8881605e+02  -5.1134582e+01
   1.4070000e+02   9.6816054e+01   2.8545418e+01
   1.4080000e+02   3.9281605e+02  -6.8294582e+01
   1.4090000e+02   1.2081605e+02  -4.1458194e-01
   1.4100000e+02   2.8981605e+02   2.8825418e+01
   1.4110000e+02   1.6281605e+02   1.3090542e+02
   1.4120000e+02   1.7581605e+02   1.3838542e+02
   1.4130000e+02   1.3481605e+02   1.8002542e+02
   1.4140000e+02   2.9081605e+02   3.6785418e+01
   1.4150000e+02   2.4881605e+02   4.6541806e-01
   1.4160000e+02   2.9381605e+02   7.2665418e+01
   1.4170000e+02   2.8681605e+02   6.8945418e+01
   1.4180000e+02   9.1816054e+01   3.9745418e+01
   1.4190000e+02   6.6816054e+01   7.9745418e+01
   1.4200000e+02   1.7081605e+02  -6.4145819e+00
   1.4210000e+02   1.9581605e+02   8.5854181e+00
   1.4220000e+02   1.6981605e+02  -1.5374582e+01
   1.4230000e+02   1.8781605e+02  -4.0094582e+01
   1.4240000e+02   1.9981605e+02   1.7425418e+01
   1.4250000e+02   1.4481605e+02  -5.3745819e+00
   1.4260000e+02   3.1581605e+02   8.1785418e+01
   1.4270000e+02   1.9881605e+02   2.8465418e+01
   1.4280000e+02   1.3681605e+02   2.0945418e+01
   1.4290000e+02   6.4816054e+01   3.5825418e+01
   1.4300000e+02   5.9816054e+01   5.4025418e+01
   1.4310000e+02   2.0581605e+02  -4.5814582e+01
   1.4320000e+02   3.4481605e+02  -2.9374582e+01
   1.4330000e+02   1.9181605e+02  -4.6254582e+01
   1.4340000e+02   1.3281605e+02  -1.5894582e+01
   1.4350000e+02   1.5381605e+02   4.7265418e+01
   1.4360000e+02   1.4481605e+02   6.6625418e+01
   1.4370000e+02   2.2381605e+02   6.2465418e+01
   1.4380000e+02   1.5081605e+02  -9.4614582e+01
   1.4390000e+02   2.2281605e+02  -1.3494582e+01
   1.4400000e+02  -1.9183946e+01   5.6185418e+01
   1.4410000e+02   1.3981605e+02  -9.1745819e+00
   1.4420000e+02   1.5781605e+02  -1.9894582e+01
   1.4430000e+02   2.6816054e+01  -2.3654582e+01
   1.4440000e+02   1.1881605e+02  -7.7334582e+01
   1.4450000e+02   1.1281605e+02   6.2905418e+01
   1.4460000e+02   1.3281605e+02   7.1054181e+00
   1.4470000e+02   1.1681605e+02   1.3745418e+01
   1.4480000e+02   2.8081605e+02  -2.2814582e+01
   1.4490000e+02   2.9081605e+02   1.7785418e+01
   1.4500000e+02   2.0081605e+02  -6.1458194e-01
   1.4510000e+02   2.4381605e+02   1.9666542e+02
   1.4520000e+02   5.8816054e+01   2.2065418e+01
   1.4530000e+02   2.2281605e+02   5.5054181e+00
   1.4540000e+02  -3.6183946e+01   4.8865418e+01
   1.4550000e+02   1.4581605e+02   8.5854181e+00
   1.4560000e+02   8.2816054e+01  -1.6894582e+01
   1.4570000e+02   2.0081605e+02  -9.6145819e+00
   1.4580000e+02   8.4816054e+01   5.3025418e+01
   1.4590000e+02   1.6381605e+02   2.2865418e+01
   1.4600000e+02   1.2481605e+02  -1.1574582e+01
   1.4610000e+02   1.5281605e+02  -2.1694582e+01
   1.4620000e+02   1.8381605e+02  -1.9934582e+01
   1.4630000e+02   1.0681605e+02   5.6145418e+01
   1.4640000e+02   1.2181605e+02   1.4545418e+01
   1.4650000e+02   6.3816054e+01   3.3865418e+01
   1.4660000e+02   1.5281605e+02   1.0330542e+02
   1.4670000e+02   7.4816054e+01  -3.5745819e+00
   1.4680000e+02   8.5816054e+01  -3.0014582e+01
   1.4690000e+02   1.1281605e+02  -5.0945819e+00
   1.4700000e+02   1.7981605e+02  -1.6774582e+01
   1.4710000e+02   2.1181605e+02  -4.0545819e+00
   1.4720000e+02   1.2281605e+02   3.5054181e+00
   1.4730000e+02   1.8081605e+02   4.4185418e+01
   1.4740000e+02   3.4881605e+02  -5.3458194e-01
   1.4750000e+02   2.8160535e+00   2.6305418e+01
   1.4760000e+02   1.7281605e+02  -5.2494582e+01
   1.4770000e+02   1.8081605e+02   6.5185418e+01
   1.4780000e+02   1.4081605e+02  -3.6214582e+01
   1.4790000e+02   3.1581605e+02  -7.7214582e+01
   1.4800000e+02   1.8781605e+02   6.3905418e+01
   1.4810000e+02   1.2181605e+02   1.8545418e+01
   1.4820000e+02   5.4816054e+01  -9.7745819e+00
   1.4830000e+02   1.6281605e+02   1.5905418e+01
   1.4840000e+02   4.8816054e+01  -2.2534582e+01
   1.4850000e+02   9.3816054e+01   3.4665418e+01
   1.4860000e+02   1.2481605e+02   2.5425418e+01
   1.4870000e+02   1.9981605e+02  -3.5745819e+00
   1.4880000e+02   2.2581605e+02   5.1385418e+01
   1.4890000e+02   1.7781605e+02  -3.2694582e+01
   1.4900000e+02   9.7816054e+01   1.7505418e+01
   1.4910000e+02   1.0381605e+02  -4.7345819e+00
   1.4920000e+02   2.4681605e+02   2.8545418e+01
   1.4930000e+02   1.3881605e+02  -1.3458194e-01
   1.4940000e+02   2.1381605e+02   4.0865418e+01
   1.4950000e+02   7.0816054e+01  -1.4145819e+00
   1.4960000e+02   2.5981605e+02   3.5025418e+01
   1.4970000e+02   3.7681605e+02   2.6345418e+01
   1.4980000e+02   2.0281605e+02  -3.3694582e+01
   1.4990000e+02  -2.6183946e+01   1.1465418e+01
   1.5000000e+02   2.1381605e+02  -7.3134582e+01
   1.5010000e+02   1.0181605e+02   5.6345418e+01
   1.5020000e+02   1.4381605e+02   6.6665418e+01
   1.5030000e+02   7.3816054e+01   5.6465418e+01
   1.5040000e+02   1.1881605e+02   4.0665418e+01
   1.5050000e+02   9.8816054e+01   2.1465418e+01
   1.5060000e+02   2.3681605e+02  -3.3054582e+01
   1.5070000e+02   2.2381605e+02  -9.5345819e+00
   1.5080000e+02   2.0681605e+02   7.6145418e+01
   1.5090000e+02   1.8381605e+02   5.1065418e+01
   1.5100000e+02   1.8181605e+02  -6.3854582e+01
   1.5110000e+02   4.7816054e+01  -3.4945819e+00
   1.5120000e+02   3.4681605e+02  -3.2454582e+01
   1.5130000e+02   2.8981605e+02   3.6825418e+01
   1.5140000e+02   1.3081605e+02  -2.3814582e+01
   1.5150000e+02   8.5816054e+01   4.1985418e+01
   1.5160000e+02   1.9281605e+02   6.4705418e+01
   1.5170000e+02   2.2581605e+02   1.1838542e+02
   1.5180000e+02   1.7781605e+02   8.5305418e+01
   1.5190000e+02   3.3481605e+02   1.0802542e+02
   1.5200000e+02   2.5381605e+02   6.7265418e+01
   1.5210000e+02   3.1081605e+02   4.8985418e+01
   1.5220000e+02   1.9381605e+02   5.5665418e+01
   1.5230000e+02   9.1816054e+01   2.3374542e+02
   1.5240000e+02   2.8081605e+02  -3.5814582e+01
   1.5250000e+02   1.6481605e+02  -2.3174582e+01
   1.5260000e+02   1.3881605e+02   9.8654181e+00
   1.5270000e+02   6.4816054e+01  -2.6174582e+01
   1.5280000e+02   9.8816054e+01  -9.7534582e+01
   1.5290000e+02   2.8181605e+02  -8.8545819e+00
   1.5300000e+02   2.6181605e+02  -1.1005458e+02
   1.5310000e+02   1.5881605e+02   5.0065418e+01
   1.5320000e+02   2.5281605e+02  -4.2694582e+01
   1.5330000e+02   1.4181605e+02   4.6745418e+01
   1.5340000e+02   2.5981605e+02   1.0202542e+02
   1.5350000e+02   2.9081605e+02   1.0678542e+02
   1.5360000e+02   1.6381605e+02   5.6865418e+01
   1.5370000e+02   2.8581605e+02   1.1098542e+02
   1.5380000e+02   7.6816054e+01   3.3454181e+00
   1.5390000e+02   2.5381605e+02  -1.7345819e+00
   1.5400000e+02   4.4816054e+01   6.3625418e+01
   1.5410000e+02   1.2681605e+02  -1.5654582e+01
   1.5420000e+02   8.8816054e+01   6.1865418e+01
   1.5430000e+02  -4.5183946e+01   6.8225418e+01
   1.5440000e+02   8.6816054e+01   5.5945418e+01
   1.5450000e+02   2.0681605e+02  -4.8545819e+00
   1.5460000e+02   1.6581605e+02   6.7854181e+00
   1.5470000e+02   3.7816054e+01  -5.4094582e+01
   1.5480000e+02   3.7816054e+01   5.3905418e+01
   1.5490000e+02   9.9816054e+01   5.3425418e+01
   1.5500000e+02   1.1681605e+02   8.3745418e+01
   1.5510000e+02   2.1581605e+02   1.4078542e+02
   1.5520000e+02   9.3816054e+01  -1.3345819e+00
   1.5530000e+02   8.4816054e+01  -6.6974582e+01
   1.5540000e+02   6.8816054e+01  -1.9334582e+01
   1.5550000e+02   3.3816054e+01   7.2065418e+01
   1.5560000e+02   1.9381605e+02  -1.7334582e+01
   1.5570000e+02   2.2816054e+01   8.9505418e+01
   1.5580000e+02   1.3581605e+02   7.7985418e+01
   1.5590000e+02  -3.1183946e+01  -5.3334582e+01
   1.5600000e+02   1.5381605e+02   7.2654181e+00
   1.5610000e+02   2.6081605e+02   1.4998542e+02
   1.5620000e+02   1.4681605e+02  -7.3454582e+01
   1.5630000e+02   1.9281605e+02  -5.8294582e+01
   1.5640000e+02   1.7581605e+02  -4.2614582e+01
   1.5650000e+02   2.9481605e+02  -3.7458194e-01
   1.5660000e+02   1.3681605e+02   1.0945418e+01
   1.5670000e+02   1.6181605e+02   3.4945418e+01
   1.5680000e+02   1.7581605e+02  -3.0614582e+01
   1.5690000e+02   3.7816054e+01   5.2905418e+01
   1.5700000e+02   2.8281605e+02   3.7105418e+01
   1.5710000e+02   1.4281605e+02  -7.8294582e+01
   1.5720000e+02   1.6281605e+02  -9.4581940e-02
   1.5730000e+02   1.8181605e+02   4.2145418e+01
   1.5740000e+02   6.1816054e+01   8.1945418e+01
   1.5750000e+02   1.8981605e+02  -1.2174582e+01
   1.5760000e+02   9.4816054e+01  -4.4374582e+01
   1.5770000e+02   3.7816054e+01  -6.9094582e+01
   1.5780000e+02   3.7816054e+01  -6.5094582e+01
   1.5790000e+02   1.1081605e+02  -3.4014582e+01
   1.5800000e+02   2.2381605e+02   4.4654181e+00
   1.5810000e+02   1.6981605e+02  -6.6374582e+01
   1.5820000e+02   1.9981605e+02  -5.4574582e+01
   1.5830000e+02   1.4981605e+02   6.0425418e+01
   1.5840000e+02   6.1816054e+01  -1.5054582e+01
   1.5850000e+02   3.7816054e+01   7.0905418e+01
   1.5860000e+02   1.4581605e+02  -3.6414582e+01
   1.5870000e+02   1.3481605e+02  -2.0974582e+01
   1.5880000e+02   7.5816054e+01   6.3854181e+00
   1.5890000e+02   1.5181605e+02   7.2345418e+01
   1.5900000e+02   1.1881605e+02  -1.0633458e+02
   1.5910000e+02   3.4581605e+02  -4.0414582e+01
   1.5920000e+02   1.2881605e+02   9.3265418e+01
   1.5930000e+02   3.0681605e+02   1.5145418e+01
   1.5940000e+02   3.6381605e+02  -4.7134582e+01
   1.5950000e+02   2.5681605e+02   6.1454181e+00
   1.5960000e+02   1.3181605e+02   1.4541806e-01
   1.5970000e+02  -6.1183946e+01   9.8654181e+00
   1.5980000e+02   1.4781605e+02   3.0505418e+01
   1.5990000e+02   1.0181605e+02   2.4345418e+01
   1.6000000e+02   1.6481605e+02   1.4825418e+01
   1.6010000e+02   1.2481605e+02  -3.8574582e+01
   1.6020000e+02   1.9481605e+02  -8.3745819e+00
   1.6030000e+02   7.3816054e+01   1.8465418e+01
   1.6040000e+02   1.4581605e+02   1.0658542e+02
   1.6050000e+02   5.4816054e+01  -7.2774582e+01
   1.6060000e+02   2.6481605e+02  -1.6174582e+01
   1.6070000e+02   9.7816054e+01  -4.1494582e+01
   1.6080000e+02  -3.1839465e+00  -7.2454582e+01
   1.6090000e+02   2.7881605e+02   6.1265418e+01
   1.6100000e+02   1.2281605e+02   1.4505418e+01
   1.6110000e+02   1.9081605e+02  -1.4214582e+01
   1.6120000e+02   1.0881605e+02   1.7065418e+01
   1.6130000e+02   3.1381605e+02   7.0865418e+01
   1.6140000e+02   2.2281605e+02   4.5054181e+00
   1.6150000e+02   7.5816054e+01  -4.9614582e+01
   1.6160000e+02   9.6816054e+01   1.0554542e+02
   1.6170000e+02   2.4781605e+02   3.7505418e+01
   1.6180000e+02   1.9781605e+02   1.5750542e+02
   1.6190000e+02   6.7816054e+01  -1.9294582e+01
   1.6200000e+02   1.3481605e+02   8.9025418e+01
   1.6210000e+02   1.6281605e+02  -6.0094582e+01
   1.6220000e+02   9.7816054e+01  -2.7494582e+01
   1.6230000e+02   1.7181605e+02  -7.5454582e+01
   1.6240000e+02   2.3081605e+02  -2.1814582e+01
   1.6250000e+02   5.0816054e+01  -5.1614582e+01
   1.6260000e+02   1.3181605e+02   7.2145418e+01
   1.6270000e+02   1.0981605e+02  -1.6974582e+01
   1.6280000e+02   4.6081605e+02  -3.7014582e+01
   1.6290000e+02   2.7281605e+02   5.9505418e+01
   1.6300000e+02  -5.6183946e+01   7.6665418e+01
   1.6310000e+02  -3.1183946e+01   2.0665418e+01
   1.6320000e+02   1.2981605e+02  -4.6774582e+01
   1.6330000e+02   9.5816054e+01   8.3585418e+01
   1.6340000e+02   1.3481605e+02  -2.2974582e+01
   1.6350000e+02   5.6816054e+01   1.4541806e-01
   1.6360000e+02   6.6816054e+01   7.4541806e-01
   1.6370000e+02   1.6381605e+02   1.8186542e+02
   1.6380000e+02   2.3881605e+02   1.6686542e+02
   1.6390000e+02   1.2981605e+02   8.1225418e+01
   1.6400000e+02   8.5816054e+01   7.3985418e+01
   1.6410000e+02   1.0081605e+02  -3.3614582e+01
   1.6420000e+02   4.1816054e+01   1.5674542e+02
   1.6430000e+02   5.2816054e+01   1.0330542e+02
   1.6440000e+02   4.2816054e+01  -4.1294582e+01
   1.6450000e+02   2.0181605e+02   3.4345418e+01
   1.6460000e+02   1.6781605e+02   6.2705418e+01
   1.6470000e+02   9.9816054e+01   2.1425418e+01
   1.6480000e+02   1.8981605e+02   1.7825418e+01
   1.6490000e+02   1.7881605e+02  -2.7345819e+00
   1.6500000e+02   7.6816054e+01   1.0034542e+02
   1.6510000e+02   2.4481605e+02   9.0625418e+01
   1.6520000e+02   8.7816054e+01   2.6905418e+01
   1.6530000e+02   8.6816054e+01   3.8945418e+01
   1.6540000e+02   2.0481605e+02  -2.3774582e+01
   1.6550000e+02   1.0081605e+02   1.3338542e+02
   1.6560000e+02   3.3381605e+02  -2.8934582e+01
   1.6570000e+02   1.5181605e+02   5.3454181e+00
   1.6580000e+02   1.3781605e+02   3.1905418e+01
   1.6590000e+02   1.8681605e+02  -2.4054582e+01
   1.6600000e+02   1.8081605e+02   3.0185418e+01
   1.6610000e+02   1.6681605e+02  -3.0254582e+01
   1.6620000e+02   1.0781605e+02  -7.8945819e+00
   1.6630000e+02   3.0281605e+02   3.7305418e+01
   1.6640000e+02   2.2781605e+02  -6.0694582e+01
   1.6650000e+02   1.8781605e+02  -2.0945819e+00
   1.6660000e+02   9.0816054e+01   1.3978542e+02
   1.6670000e+02   5.2816054e+01   4.0305418e+01
   1.6680000e+02   1.4181605e+02   9.7454181e+00
   1.6690000e+02   1.5481605e+02  -3.4774582e+01
   1.6700000e+02   4.1081605e+02   2.5985418e+01
   1.6710000e+02   2.6481605e+02   2.7825418e+01
   1.6720000e+02   5.6816054e+01   7.7145418e+01
   1.6730000e+02   8.6816054e+01   6.9454181e+00
   1.6740000e+02   1.5281605e+02   6.4305418e+01
   1.6750000e+02   1.4381605e+02  -8.3345819e+00
   1.6760000e+02   1.0081605e+02   6.5385418e+01
   1.6770000e+02  -1.1839465e+00   4.6465418e+01
   1.6780000e+02   5.9816054e+01   1.3102542e+02
   1.6790000e+02   1.2281605e+02   6.5054181e+00
   1.6800000e+02  -3.4183946e+01  -9.2145819e+00
   1.6810000e+02   6.5816054e+01   3.7854181e+00
   1.6820000e+02   4.9816054e+01  -7.1574582e+01
   1.6830000e+02   6.4816054e+01   1.4582542e+02
   1.6840000e+02  -2.2183946e+01   1.8830542e+02
   1.6850000e+02   8.7816054e+01  -4.0945819e+00
   1.6860000e+02   4.0816054e+01   2.5785418e+01
   1.6870000e+02   2.2816054e+01   2.7505418e+01
   1.6880000e+02   1.4816054e+01   7.1825418e+01
   1.6890000e+02   3.0816054e+01   1.8541806e-01
   1.6900000e+02  -1.9183946e+01   2.4185418e+01
   1.6910000e+02  -3.2183946e+01   3.3705418e+01
   1.6920000e+02  -1.3318395e+02  -1.9254582e+01
   1.6930000e+02  -1.0183946e+01   3.2825418e+01
   1.6940000e+02   6.6816054e+01   3.4745418e+01
   1.6950000e+02   3.8160535e+00   3.4265418e+01
   1.6960000e+02   1.5881605e+02  -1.5934582e+01
   1.6970000e+02   9.1816054e+01   4.7454181e+00
   1.6980000e+02  -2.2183946e+01  -1.8694582e+01
   1.6990000e+02  -2.5183946e+01   2.6425418e+01
   1.7000000e+02   9.9816054e+01  -3.8574582e+01
   1.7010000e+02  -2.1183946e+01  -4.4734582e+01
   1.7020000e+02   7.1816054e+01   1.7545418e+01
   1.7030000e+02   1.7816054e+01   2.5705418e+01
   1.7040000e+02  -1.4818395e+02  -4.7654582e+01
   1.7050000e+02   6.1816054e+01   1.5945418e+01
   1.7060000e+02   6.8160535e+00   1.4514542e+02
   1.7070000e+02  -1.0118395e+02  -7.5345819e+00
   1.7080000e+02  -1.0183946e+01   5.6825418e+01
   1.7090000e+02  -2.9183946e+01   3.6585418e+01
   1.7100000e+02  -2.1839465e+00  -7.4945819e+00
   1.7110000e+02  -4.7183946e+01  -2.5694582e+01
   1.7120000e+02   1.8381605e+02  -7.2934582e+01
   1.7130000e+02   1.7816054e+01  -4.3294582e+01
   1.7140000e+02   5.4816054e+01  -1.0774582e+01
   1.7150000e+02   6.8160535e+00  -3.6854582e+01
   1.7160000e+02   1.0581605e+02   3.2185418e+01
   1.7170000e+02   1.1981605e+02  -5.2374582e+01
   1.7180000e+02  -1.1839465e+00   8.2465418e+01
   1.7190000e+02   1.6081605e+02  -8.2014582e+01
   1.7200000e+02   4.0816054e+01  -4.2214582e+01
   1.7210000e+02   3.8160535e+00  -5.4734582e+01
   1.7220000e+02  -2.1183946e+01  -1.6734582e+01
   1.7230000e+02  -3.1839465e+00   1.1854542e+02
   1.7240000e+02  -2.7183946e+01   9.5054181e+00
   1.7250000e+02   9.7816054e+01  -2.6494582e+01
   1.7260000e+02   1.7681605e+02   5.2345418e+01
   1.7270000e+02  -3.8183946e+01   2.9945418e+01
   1.7280000e+02  -1.8394649e-01  -7.0574582e+01
   1.7290000e+02  -7.8183946e+01  -3.3454582e+01
   1.7300000e+02   4.0816054e+01  -1.1214582e+01
   1.7310000e+02  -5.3183946e+01  -5.0454582e+01
   1.7320000e+02   4.3816054e+01  -4.1334582e+01
   1.7330000e+02   1.6681605e+02   9.1745418e+01
   1.7340000e+02  -2.7183946e+01   1.4505418e+01
   1.7350000e+02  -7.1839465e+00   5.3705418e+01
   1.7360000e+02  -3.4183946e+01  -7.2145819e+00
   1.7370000e+02  -2.2183946e+01   1.0305418e+01
   1.7380000e+02   1.2081605e+02   1.4585418e+01
   1.7390000e+02  -9.8183946e+01   1.0034542e+02
   1.7400000e+02  -3.5183946e+01   3.5825418e+01
   1.7410000e+02  -1.4183946e+01   9.9854181e+00
   1.7420000e+02  -1.2183946e+01  -7.1094582e+01
   1.7430000e+02  -8.1839465e+00   3.7454181e+00
   1.7440000e+02   6.8160535e+00  -2.5854582e+01
   1.7450000e+02   4.3816054e+01  -4.3334582e+01
   1.7460000e+02   3.8816054e+01  -2.7134582e+01
   1.7470000e+02  -1.4183946e+01  -2.8014582e+01
   1.7480000e+02   1.1581605e+02  -1.2214582e+01
   1.7490000e+02   1.1681605e+02   6.7745418e+01
   1.7500000e+02  -4.0183946e+01  -2.9745819e+00
   1.7510000e+02  -7.1839465e+00  -4.7294582e+01
   1.7520000e+02   6.9816054e+01   1.5625418e+01
   1.7530000e+02  -1.7183946e+01   2.4105418e+01
   1.7540000e+02  -5.5183946e+01   3.9625418e+01
   1.7550000e+02  -4.7183946e+01  -5.4694582e+01
   1.7560000e+02  -4.3183946e+01  -2.8545819e+00
   1.7570000e+02   1.3816054e+01  -3.3134582e+01
   1.7580000e+02   1.7816054e+01  -2.8294582e+01
   1.7590000e+02   6.8160535e+00   3.1454181e+00
   1.7600000e+02  -7.0183946e+01  -1.6774582e+01
   1.7610000e+02  -1.2183946e+01  -5.1094582e+01
   1.7620000e+02  -5.7183946e+01   3.3705418e+01
   1.7630000e+02  -3.1839465e+00  -2.4545819e+00
   1.7640000e+02  -2.2183946e+01   8.3054181e+00
   1.7650000e+02  -4.7183946e+01  -4.3694582e+01
   1.7660000e+02  -5.9183946e+01   6.6785418e+01
   1.7670000e+02   1.6381605e+02  -2.5134582e+01
   1.7680000e+02   1.4816054e+01  -1.0174582e+01
   1.7690000e+02   6.6816054e+01  -8.2254582e+01
   1.7700000e+02   4.8816054e+01   8.0465418e+01
   1.7710000e+02   3.5816054e+01  -4.6014582e+01
   1.7720000e+02   5.3816054e+01   4.0265418e+01
   1.7730000e+02   8.7816054e+01   2.5905418e+01
   1.7740000e+02   2.5816054e+01  -6.5614582e+01
   1.7750000e+02   1.9816054e+01  -1.0737458e+02
   1.7760000e+02  -8.6183946e+01  -4.1134582e+01
   1.7770000e+02  -5.6183946e+01  -1.9334582e+01
   1.7780000e+02  -2.8183946e+01  -5.1454582e+01
   1.7790000e+02   2.8160535e+00   2.5305418e+01
   1.7800000e+02  -9.4183946e+01   1.1854181e+00
   1.7810000e+02  -2.8183946e+01  -4.3454582e+01
   1.7820000e+02   2.2816054e+01  -8.4945819e+00
   1.7830000e+02   2.9816054e+01   5.4225418e+01
   1.7840000e+02   7.2816054e+01  -1.6494582e+01
   1.7850000e+02  -1.7183946e+01   8.3105418e+01
   1.7860000e+02   6.6816054e+01  -1.9254582e+01
   1.7870000e+02  -4.4183946e+01  -2.4814582e+01
   1.7880000e+02  -6.6183946e+01  -7.7934582e+01
   1.7890000e+02   4.0816054e+01  -1.6214582e+01
   1.7900000e+02   3.1816054e+01  -4.6854582e+01
   1.7910000e+02   3.1816054e+01  -2.8854582e+01
   1.7920000e+02  -4.8183946e+01  -3.6545819e+00
   1.7930000e+02  -4.1839465e+00   8.5854181e+00
   1.7940000e+02  -1.1718395e+02  -7.8945819e+00
   1.7950000e+02  -7.1839465e+00  -6.6294582e+01
   1.7960000e+02   6.7816054e+01  -1.0294582e+01
   1.7970000e+02   8.2816054e+01  -6.2894582e+01
   1.7980000e+02  -9.0183946e+01  -2.9974582e+01
   1.7990000e+02  -5.3183946e+01   5.4541806e-01
   1.8000000e+02  -2.9183946e+01   1.1585418e+01
   1.8010000e+02   5.7816054e+01  -9.4894582e+01
   1.8020000e+02   7.5816054e+01   1.2938542e+02
   1.8030000e+02  -9.1183946e+01   1.0806542e+02
   1.8040000e+02  -9.2183946e+01   8.3105418e+01
   1.8050000e+02   1.0981605e+02   3.9025418e+01
   1.8060000e+02   9.8160535e+00  -1.3974582e+01
   1.8070000e+02  -1.3183946e+01  -5.4054582e+01
   1.8080000e+02   1.0816054e+01   1.5698542e+02
   1.8090000e+02   3.9816054e+01   5.8825418e+01
   1.8100000e+02  -7.8183946e+01  -3.6454582e+01
   1.8110000e+02   8.1605351e-01   1.0138542e+02
   1.8120000e+02  -7.1839465e+00   5.7705418e+01
   1.8130000e+02  -1.8183946e+01  -4.6854582e+01
   1.8140000e+02  -2.4183946e+01  -3.8614582e+01
   1.8150000e+02   1.2281605e+02  -5.4945819e+00
   1.8160000e+02  -2.4183946e+01  -4.4614582e+01
   1.8170000e+02   3.7816054e+01   9.0541806e-01
   1.8180000e+02  -9.0183946e+01   3.8025418e+01
   1.8190000e+02  -2.3183946e+01  -5.8654582e+01
   1.8200000e+02  -6.8183946e+01   2.8145418e+01
   1.8210000e+02  -2.5183946e+01   3.2425418e+01
   1.8220000e+02   6.5816054e+01  -2.4214582e+01
   1.8230000e+02   8.8160535e+00  -4.6934582e+01
   1.8240000e+02   8.1605351e-01   7.2385418e+01
   1.8250000e+02  -3.3183946e+01  -3.7254582e+01
   1.8260000e+02   1.5816054e+01   4.0785418e+01
   1.8270000e+02   3.7816054e+01   2.5905418e+01
   1.8280000e+02   3.4816054e+01   1.0254181e+00
   1.8290000e+02  -6.3183946e+01   1.2945418e+01
   1.8300000e+02   5.6816054e+01  -1.1854582e+01
   1.8310000e+02   4.7816054e+01  -9.4945819e+00
   1.8320000e+02  -9.5183946e+01  -1.5774582e+01
   1.8330000e+02   3.0816054e+01   4.1185418e+01
   1.8340000e+02  -2.4183946e+01  -6.1614582e+01
   1.8350000e+02  -4.6183946e+01  -3.7345819e+00
   1.8360000e+02   9.5816054e+01  -3.3414582e+01
   1.8370000e+02  -4.9183946e+01  -3.6145819e+00
   1.8380000e+02  -1.0218395e+02   9.5505418e+01
   1.8390000e+02  -1.8394649e-01   2.4242542e+02
   1.8400000e+02  -6.9183946e+01  -1.0681458e+02
   1.8410000e+02  -3.9183946e+01  -4.2014582e+01
   1.8420000e+02   7.3816054e+01  -4.8534582e+01
   1.8430000e+02  -1.8394649e-01  -6.8574582e+01
   1.8440000e+02   4.8160535e+00  -8.7774582e+01
   1.8450000e+02   9.0816054e+01  -1.9214582e+01
   1.8460000e+02   4.3816054e+01  -5.9334582e+01
   1.8470000e+02   2.8160535e+00   6.3054181e+00
   1.8480000e+02  -5.2183946e+01  -1.2494582e+01
   1.8490000e+02  -1.2183946e+01  -4.1094582e+01
   1.8500000e+02  -1.9183946e+01  -3.9814582e+01
   1.8510000e+02  -3.0183946e+01  -9.3374582e+01
   1.8520000e+02  -8.3183946e+01   8.8745418e+01
   1.8530000e+02   1.1816054e+01  -6.3054582e+01
   1.8540000e+02   1.8816054e+01  -9.3345819e+00
   1.8550000e+02  -1.6183946e+01   4.8065418e+01
   1.8560000e+02   3.3816054e+01  -1.7934582e+01
   1.8570000e+02  -7.4183946e+01  -1.0261458e+02
   1.8580000e+02   1.2681605e+02   5.9345418e+01
   1.8590000e+02   6.7816054e+01  -2.4294582e+01
   1.8600000e+02   7.8816054e+01   8.1265418e+01
   1.8610000e+02  -5.1183946e+01   2.3465418e+01
   1.8620000e+02   1.1881605e+02  -7.7334582e+01
   1.8630000e+02   3.6816054e+01   5.7945418e+01
   1.8640000e+02   5.3816054e+01  -1.5734582e+01
   1.8650000e+02  -6.9183946e+01   1.5185418e+01
   1.8660000e+02   6.8816054e+01  -6.7334582e+01
   1.8670000e+02  -5.1839465e+00  -1.1374582e+01
   1.8680000e+02  -2.8183946e+01   6.5454181e+00
   1.8690000e+02  -1.3018395e+02   4.6625418e+01
   1.8700000e+02   1.6816054e+01  -2.7254582e+01
   1.8710000e+02   5.7816054e+01   8.8105418e+01
   1.8720000e+02  -5.9183946e+01  -4.1214582e+01
   1.8730000e+02  -1.1218395e+02   7.9905418e+01
   1.8740000e+02   3.8160535e+00  -7.8734582e+01
   1.8750000e+02   1.8816054e+01  -5.7334582e+01
   1.8760000e+02   6.4816054e+01   2.7825418e+01
   1.8770000e+02   1.0816054e+01  -6.0014582e+01
   1.8780000e+02   1.6816054e+01   8.7454181e+00
   1.8790000e+02   9.2816054e+01  -4.3294582e+01
   1.8800000e+02  -1.0183946e+01   1.3825418e+01
   1.8810000e+02  -6.0183946e+01  -2.7174582e+01
   1.8820000e+02  -9.5183946e+01   1.2225418e+01
   1.8830000e+02   9.7816054e+01  -1.8494582e+01
   1.8840000e+02  -4.5183946e+01   2.3225418e+01
   1.8850000e+02  -1.8183946e+01   1.8145418e+01
   1.8860000e+02  -1.1118395e+02   3.0865418e+01
   1.8870000e+02  -5.7183946e+01  -3.4294582e+01
   1.8880000e+02  -8.1839465e+00   1.4745418e+01
   1.8890000e+02  -3.2183946e+01   2.2705418e+01
   1.8900000e+02  -8.2183946e+01  -5.1294582e+01
   1.8910000e+02  -1.3018395e+02   7.9625418e+01
   1.8920000e+02  -5.1839465e+00  -7.2374582e+01
   1.8930000e+02   6.8160535e+00   2.9145418e+01
   1.8940000e+02  -9.1839465e+00  -5.1214582e+01
   1.8950000e+02   6.3816054e+01   2.2865418e+01
   1.8960000e+02  -8.1839465e+00  -8.2254582e+01
   1.8970000e+02  -1.5183946e+01   5.4025418e+01
   1.8980000e+02  -2.2183946e+01  -3.6945819e+00
   1.8990000e+02  -8.6183946e+01  -1.1345819e+00
   1.9000000e+02  -4.7183946e+01   4.1305418e+01
   1.9010000e+02   3.5816054e+01   4.7985418e+01
   1.9020000e+02   4.7816054e+01  -1.1494582e+01
   1.9030000e+02  -8.1183946e+01  -4.0334582e+01
   1.9040000e+02  -4.3183946e+01   1.3214542e+02
   1.9050000e+02  -3.7183946e+01   1.0905418e+01
   1.9060000e+02   4.8160535e+00   7.6225418e+01
   1.9070000e+02  -5.1183946e+01  -3.6534582e+01
   1.9080000e+02  -3.2183946e+01  -5.0294582e+01
   1.9090000e+02   1.6816054e+01  -8.9254582e+01
   1.9100000e+02  -1.9183946e+01   5.1854181e+00
   1.9110000e+02  -7.7183946e+01   1.0505418e+01
   1.9120000e+02   7.0816054e+01  -2.4145819e+00
   1.9130000e+02  -5.1183946e+01  -2.5534582e+01
   1.9140000e+02  -1.5183946e+01  -3.8974582e+01
   1.9150000e+02   6.1816054e+01  -5.7054582e+01
   1.9160000e+02  -5.1183946e+01  -2.9534582e+01
   1.9170000e+02  -7.5183946e+01   5.4425418e+01
   1.9180000e+02  -8.0183946e+01   2.6254181e+00
   1.9190000e+02   1.0816054e+01  -5.0014582e+01
   1.9200000e+02  -8.1183946e+01  -1.1334582e+01
   1.9210000e+02  -1.2183946e+01  -2.8094582e+01
   1.9220000e+02  -6.8183946e+01  -3.2854582e+01
   1.9230000e+02  -3.1839465e+00   7.6545418e+01
   1.9240000e+02  -9.5183946e+01   3.1225418e+01
   1.9250000e+02  -3.1839465e+00   1.0545418e+01
   1.9260000e+02   4.8816054e+01   2.1465418e+01
   1.9270000e+02   3.6816054e+01  -5.8054582e+01
   1.9280000e+02   2.3816054e+01  -9.0534582e+01
   1.9290000e+02  -4.1183946e+01   7.0654181e+00
   1.9300000e+02   5.4816054e+01   3.2254181e+00
   1.9310000e+02  -4.0183946e+01   5.8025418e+01
   1.9320000e+02  -1.2318395e+02  -3.3654582e+01
   1.9330000e+02   7.1816054e+01  -4.1454582e+01
   1.9340000e+02   3.3816054e+01  -1.0093458e+02
   1.9350000e+02   6.8816054e+01  -6.4334582e+01
   1.9360000e+02   9.1816054e+01  -8.5254582e+01
   1.9370000e+02  -7.4183946e+01  -3.2614582e+01
   1.9380000e+02   8.6816054e+01  -1.8054582e+01
   1.9390000e+02   6.2816054e+01   8.4905418e+01
   1.9400000e+02   2.4816054e+01   1.0842542e+02
   1.9410000e+02  -6.3183946e+01   2.2994542e+02
   1.9420000e+02   3.6816054e+01   1.2945418e+01
   1.9430000e+02  -5.3183946e+01   5.2545418e+01
   1.9440000e+02   3.4816054e+01   3.9025418e+01
   1.9450000e+02   1.0816054e+01   2.0985418e+01
   1.9460000e+02   3.1816054e+01  -3.9854582e+01
   1.9470000e+02   4.8816054e+01   4.0465418e+01
   1.9480000e+02  -3.9183946e+01   5.5985418e+01
   1.9490000e+02  -4.1839465e+00   3.3585418e+01
   1.9500000e+02  -7.8183946e+01   8.5454181e+00
   1.9510000e+02   1.2081605e+02   4.6585418e+01
   1.9520000e+02  -1.4183946e+01  -2.9014582e+01
   1.9530000e+02  -2.5183946e+01   5.5425418e+01
   1.9540000e+02  -5.6183946e+01   6.6541806e-01
   1.9550000e+02  -6.1183946e+01  -6.3134582e+01
   1.9560000e+02  -4.0183946e+01  -5.8974582e+01
   1.9570000e+02   6.3816054e+01   5.8654181e+00
   1.9580000e+02  -4.5183946e+01  -9.7745819e+00
   1.9590000e+02  -7.5183946e+01  -2.6574582e+01
   1.9600000e+02  -5.1839465e+00  -6.9374582e+01
   1.9610000e+02  -3.1839465e+00   5.4541806e-01
   1.9620000e+02   9.4816054e+01   8.8625418e+01
   1.9630000e+02  -2.1183946e+01  -2.0734582e+01
   1.9640000e+02   5.2816054e+01   3.6305418e+01
   1.9650000e+02  -7.6183946e+01  -4.7534582e+01
   1.9660000e+02   1.3381605e+02  -2.0934582e+01
   1.9670000e+02   9.8160535e+00   6.5025418e+01
   1.9680000e+02  -3.0183946e+01   1.6254181e+00
   1.9690000e+02   6.1816054e+01   1.5945418e+01
   1.9700000e+02   8.1816054e+01  -6.6854582e+01
   1.9710000e+02  -6.7183946e+01  -1.9894582e+01
   1.9720000e+02   4.6816054e+01  -5.7454582e+01
   1.9730000e+02  -3.3183946e+01   1.4745418e+01
   1.9740000e+02   3.4816054e+01  -8.9745819e+00
   1.9750000e+02  -2.0183946e+01  -1.9774582e+01
   1.9760000e+02   9.3816054e+01  -1.3334582e+01
   1.9770000e+02   3.2816054e+01   6.8105418e+01
   1.9780000e+02  -2.4183946e+01   4.6385418e+01
   1.9790000e+02  -4.7183946e+01   9.3054181e+00
   1.9800000e+02   7.0816054e+01  -1.0414582e+01
   1.9810000e+02   7.8160535e+00   7.9105418e+01
   1.9820000e+02  -1.0918395e+02   4.1785418e+01
   1.9830000e+02  -8.7183946e+01   6.9054181e+00
   1.9840000e+02   8.1605351e-01   1.5738542e+02
   1.9850000e+02   7.0816054e+01  -6.4414582e+01
   1.9860000e+02   8.3816054e+01   5.5065418e+01
   1.9870000e+02  -6.2183946e+01   1.2290542e+02
   1.9880000e+02   1.7816054e+01  -1.0294582e+01
   1.9890000e+02   2.4816054e+01   3.1425418e+01
   1.9900000e+02   3.7816054e+01   8.5905418e+01
   1.9910000e+02  -6.8183946e+01  -4.0854582e+01
   1.9920000e+02  -6.1183946e+01  -2.1345819e+00
   1.9930000e+02   2.3816054e+01   1.5146542e+02
   1.9940000e+02  -7.1183946e+01  -5.7734582e+01
   1.9950000e+02   4.8816054e+01  -8.6534582e+01
   1.9960000e+02  -2.3183946e+01   5.0345418e+01
   1.9970000e+02   8.8160535e+00  -3.1934582e+01
   1.9980000e+02   2.8816054e+01   3.1265418e+01
   1.9990000e+02  -2.0183946e+01  -2.5774582e+01
