   0.0000000e+00   1.8316000e+02   5.5904509e+01
   1.0000000e-01   2.2016000e+02   9.2424509e+01
   2.0000000e-01   2.2216000e+02   3.7034451e+02
   3.0000000e-01   8.1600000e+00   1.6090451e+02
   4.0000000e-01  -2.7840000e+01   1.4934451e+02
   5.0000000e-01   8.8160000e+01   1.5170451e+02
   6.0000000e-01   1.3816000e+02   1.3470451e+02
   7.0000000e-01   1.2016000e+02   2.4042451e+02
   8.0000000e-01   4.8160000e+01   3.5230451e+02
   9.0000000e-01   1.0816000e+02   3.0790451e+02
   1.0000000e+00   8.9160000e+01   1.6266451e+02
   1.1000000e+00   1.2116000e+02   1.6338451e+02
   1.2000000e+00   1.3916000e+02   2.7066451e+02
   1.3000000e+00   2.0316000e+02   3.2910451e+02
   1.4000000e+00   1.0916000e+02   3.3486451e+02
   1.5000000e+00   5.9160000e+01   2.3486451e+02
   1.6000000e+00   7.7160000e+01   2.8114451e+02
   1.7000000e+00  -4.3840000e+01   1.8198451e+02
   1.8000000e+00   1.0316000e+02   1.0810451e+02
   1.9000000e+00   1.7016000e+02   1.6842451e+02
   2.0000000e+00   9.1600000e+00   1.9186451e+02
   2.1000000e+00   4.6160000e+01   1.4738451e+02
   2.2000000e+00   2.3316000e+02   2.5790451e+02
   2.3000000e+00   1.4816000e+02   2.1630451e+02
   2.4000000e+00   2.2316000e+02   2.4030451e+02
   2.5000000e+00   1.3816000e+02   1.5970451e+02
   2.6000000e+00   1.5016000e+02   1.4422451e+02
   2.7000000e+00   8.1600000e+00   1.9390451e+02
   2.8000000e+00   4.6160000e+01   2.8338451e+02
   2.9000000e+00   1.3716000e+02   2.3774451e+02
   3.0000000e+00   1.3616000e+02   2.7078451e+02
   3.1000000e+00   1.5016000e+02   1.4322451e+02
   3.2000000e+00   5.9160000e+01   2.6186451e+02
   3.3000000e+00   1.4716000e+02   1.2434451e+02
   3.4000000e+00   1.2616000e+02   1.5818451e+02
   3.5000000e+00   2.3160000e+01   3.1330451e+02
   3.6000000e+00   2.0816000e+02   8.1904509e+01
   3.7000000e+00   8.9160000e+01   1.4366451e+02
   3.8000000e+00   8.9160000e+01   1.9466451e+02
   3.9000000e+00   1.2516000e+02   1.1522451e+02
   4.0000000e+00   2.0716000e+02   1.1894451e+02
   4.1000000e+00   1.9160000e+01   3.9446451e+02
   4.2000000e+00   1.3016000e+02   3.1602451e+02
   4.3000000e+00   2.2160000e+01   2.5034451e+02
   4.4000000e+00   2.7616000e+02   1.9118451e+02
   4.5000000e+00   1.2816000e+02   1.9010451e+02
   4.6000000e+00   1.5316000e+02   1.2210451e+02
   4.7000000e+00   1.1916000e+02   2.5646451e+02
   4.8000000e+00   1.8116000e+02   1.5598451e+02
   4.9000000e+00   3.0160000e+01   3.7502451e+02
   5.0000000e+00   1.1916000e+02   2.9346451e+02
   5.1000000e+00   1.4516000e+02   9.2424509e+01
   5.2000000e+00   1.3016000e+02   2.4502451e+02
   5.3000000e+00   1.9116000e+02   1.2558451e+02
   5.4000000e+00   5.4160000e+01   3.3806451e+02
   5.5000000e+00  -3.6840000e+01   2.3270451e+02
   5.6000000e+00   1.4116000e+02   2.7558451e+02
   5.7000000e+00   7.9160000e+01   2.7606451e+02
   5.8000000e+00   1.1616000e+02   2.2258451e+02
   5.9000000e+00   1.2716000e+02   2.1714451e+02
   6.0000000e+00   7.6160000e+01   1.5018451e+02
   6.1000000e+00   1.0816000e+02   3.1090451e+02
   6.2000000e+00   1.3516000e+02   3.4082451e+02
   6.3000000e+00   8.5160000e+01   1.5282451e+02
   6.4000000e+00   3.1160000e+01   3.3898451e+02
   6.5000000e+00   9.9160000e+01   4.0426451e+02
   6.6000000e+00   8.7160000e+01   1.2574451e+02
   6.7000000e+00   1.6116000e+02   2.8578451e+02
   6.8000000e+00   1.8160000e+01   7.2504509e+01
   6.9000000e+00   7.1160000e+01   2.8038451e+02
   7.0000000e+00  -9.8400000e+00   7.2624509e+01
   7.1000000e+00   1.5116000e+02   1.1818451e+02
   7.2000000e+00   2.5116000e+02   3.4184509e+01
   7.3000000e+00   8.7160000e+01   2.0774451e+02
   7.4000000e+00   1.4816000e+02   2.6130451e+02
   7.5000000e+00   5.6160000e+01   3.2498451e+02
   7.6000000e+00   7.3160000e+01   2.0630451e+02
   7.7000000e+00   6.5160000e+01   2.7562451e+02
   7.8000000e+00   1.6916000e+02   3.2546451e+02
   7.9000000e+00   5.0160000e+01   1.1422451e+02
   8.0000000e+00   4.6160000e+01   1.2138451e+02
   8.1000000e+00   4.3160000e+01   2.7050451e+02
   8.2000000e+00  -8.4000000e-01   1.5326451e+02
   8.3000000e+00   5.6160000e+01   2.7298451e+02
   8.4000000e+00   8.0160000e+01   1.6902451e+02
   8.5000000e+00   1.1516000e+02   5.6624509e+01
   8.6000000e+00   1.1160000e+01   3.1278451e+02
   8.7000000e+00   4.5160000e+01   2.4842451e+02
   8.8000000e+00  -2.8840000e+01   1.6138451e+02
   8.9000000e+00   4.0160000e+01   2.2562451e+02
   9.0000000e+00   1.6116000e+02   2.1478451e+02
   9.1000000e+00   2.0616000e+02   2.7098451e+02
   9.2000000e+00   1.8516000e+02   2.0382451e+02
   9.3000000e+00   8.7160000e+01   4.6174451e+02
   9.4000000e+00   8.2160000e+01   1.3194451e+02
   9.5000000e+00   7.4160000e+01   5.4264509e+01
   9.6000000e+00   1.1616000e+02   7.9584509e+01
   9.7000000e+00   1.3016000e+02   3.0702451e+02
   9.8000000e+00   1.0416000e+02   7.7064509e+01
   9.9000000e+00   5.8160000e+01   1.9990451e+02
   1.0000000e+01  -1.8840000e+01   1.9898451e+02
   1.0100000e+01   2.1160000e+01   3.1438451e+02
   1.0200000e+01   1.0616000e+02   1.0498451e+02
   1.0300000e+01   1.1416000e+02   1.9466451e+02
   1.0400000e+01   9.4160000e+01   8.7464509e+01
   1.0500000e+01   3.9160000e+01   2.9666451e+02
   1.0600000e+01   8.3160000e+01   1.2190451e+02
   1.0700000e+01   7.8160000e+01   2.0810451e+02
   1.0800000e+01   3.3160000e+01   2.0190451e+02
   1.0900000e+01   1.1716000e+02   2.2954451e+02
   1.1000000e+01  -4.4840000e+01   2.3302451e+02
   1.1100000e+01   2.2916000e+02   2.5006451e+02
   1.1200000e+01   1.1600000e+00   2.6618451e+02
   1.1300000e+01   1.6160000e+01   9.3584509e+01
   1.1400000e+01   1.1016000e+02   1.1482451e+02
   1.1500000e+01   2.9316000e+02   1.6550451e+02
   1.1600000e+01   6.5160000e+01   2.3162451e+02
   1.1700000e+01  -2.5840000e+01   4.9264509e+01
   1.1800000e+01   3.3160000e+01   2.4490451e+02
   1.1900000e+01   3.1160000e+01   2.8998451e+02
   1.2000000e+01   1.2316000e+02   6.6304509e+01
   1.2100000e+01   1.6916000e+02   7.0464509e+01
   1.2200000e+01   1.6816000e+02   1.4950451e+02
   1.2300000e+01   1.6916000e+02   6.9464509e+01
   1.2400000e+01   8.9160000e+01   1.9766451e+02
   1.2500000e+01  -4.3840000e+01   1.5598451e+02
   1.2600000e+01   9.7160000e+01   2.0134451e+02
   1.2700000e+01   1.7160000e+01   4.0544509e+01
   1.2800000e+01   4.8160000e+01   6.9304509e+01
   1.2900000e+01   2.4160000e+01   1.1226451e+02
   1.3000000e+01   4.0160000e+01   9.5624509e+01
   1.3100000e+01   5.6160000e+01   1.1098451e+02
   1.3200000e+01  -6.8400000e+00   1.5550451e+02
   1.3300000e+01   1.0616000e+02   1.1698451e+02
   1.3400000e+01   1.5216000e+02   5.0144509e+01
   1.3500000e+01   5.4160000e+01   2.0606451e+02
   1.3600000e+01   8.4160000e+01   2.4586451e+02
   1.3700000e+01   1.7816000e+02   8.5104509e+01
   1.3800000e+01  -1.3840000e+01   2.1978451e+02
   1.3900000e+01   5.1160000e+01   1.9618451e+02
   1.4000000e+01  -9.3840000e+01   2.5398451e+02
   1.4100000e+01   1.7160000e+01   9.9544509e+01
   1.4200000e+01   1.6216000e+02   4.1744509e+01
   1.4300000e+01   5.0160000e+01   2.0922451e+02
   1.4400000e+01  -6.8400000e+00   2.5150451e+02
   1.4500000e+01   7.9160000e+01   1.0706451e+02
   1.4600000e+01   1.0916000e+02   1.3886451e+02
   1.4700000e+01   1.1116000e+02   1.6778451e+02
   1.4800000e+01   1.5416000e+02   7.0064509e+01
   1.4900000e+01   5.3160000e+01   2.4710451e+02
   1.5000000e+01   1.4316000e+02   2.0950451e+02
   1.5100000e+01   5.7160000e+01   1.8394451e+02
   1.5200000e+01   3.8160000e+01   3.9704509e+01
   1.5300000e+01  -5.6840000e+01   1.7950451e+02
   1.5400000e+01   1.3316000e+02   1.6090451e+02
   1.5500000e+01   6.7160000e+01   1.8454451e+02
   1.5600000e+01   1.3816000e+02   1.8770451e+02
   1.5700000e+01   1.4116000e+02   9.5584509e+01
   1.5800000e+01  -2.8400000e+00   1.5334451e+02
   1.5900000e+01  -2.8840000e+01   2.4238451e+02
   1.6000000e+01   1.9816000e+02   2.9930451e+02
   1.6100000e+01   8.8160000e+01   1.5170451e+02
   1.6200000e+01   1.0616000e+02   1.0298451e+02
   1.6300000e+01   2.0316000e+02   1.4010451e+02
   1.6400000e+01   1.3716000e+02   2.1374451e+02
   1.6500000e+01  -4.1840000e+01   1.5790451e+02
   1.6600000e+01   1.5016000e+02   1.1822451e+02
   1.6700000e+01   1.2116000e+02   2.3138451e+02
   1.6800000e+01   1.8016000e+02   1.4602451e+02
   1.6900000e+01   3.4160000e+01   5.9864509e+01
   1.7000000e+01   1.8160000e+01   2.8250451e+02
   1.7100000e+01   2.1516000e+02   4.6262451e+02
   1.7200000e+01   2.0016000e+02   2.6722451e+02
   1.7300000e+01   9.9160000e+01   5.9264509e+01
   1.7400000e+01   1.0916000e+02   1.5486451e+02
   1.7500000e+01   1.7916000e+02   1.0706451e+02
   1.7600000e+01   1.1216000e+02   2.9974451e+02
   1.7700000e+01   6.8160000e+01   1.9750451e+02
   1.7800000e+01   1.2616000e+02   1.9718451e+02
   1.7900000e+01   1.0316000e+02   5.9104509e+01
   1.8000000e+01   9.1160000e+01   1.4584509e+01
   1.8100000e+01   4.5160000e+01   1.4342451e+02
   1.8200000e+01   2.9160000e+01   1.8806451e+02
   1.8300000e+01   1.6000000e-01   1.5322451e+02
   1.8400000e+01   4.1160000e+01   9.9584509e+01
   1.8500000e+01   8.1160000e+01   1.2098451e+02
   1.8600000e+01   5.3160000e+01   2.0610451e+02
   1.8700000e+01   7.1600000e+00   2.0794451e+02
   1.8800000e+01   1.8616000e+02   1.4178451e+02
   1.8900000e+01   1.8160000e+01   2.7550451e+02
   1.9000000e+01   3.2160000e+01   1.5794451e+02
   1.9100000e+01   1.5516000e+02   2.7702451e+02
   1.9200000e+01   1.6116000e+02   2.4978451e+02
   1.9300000e+01   4.1600000e+00   2.8806451e+02
   1.9400000e+01   1.4416000e+02   9.9464509e+01
   1.9500000e+01  -2.0840000e+01   3.3306451e+02
   1.9600000e+01   9.0160000e+01   2.1462451e+02
   1.9700000e+01   6.0160000e+01   1.6082451e+02
   1.9800000e+01  -3.7840000e+01   8.5744509e+01
   1.9900000e+01   2.6160000e+01   1.6918451e+02
   2.0000000e+01   1.1916000e+02   1.0546451e+02
   2.0100000e+01   9.6160000e+01   2.4538451e+02
   2.0200000e+01   1.3116000e+02   1.3598451e+02
   2.0300000e+01   7.4160000e+01   1.2264509e+01
   2.0400000e+01   1.5816000e+02   1.1390451e+02
   2.0500000e+01   1.0816000e+02   2.3690451e+02
   2.0600000e+01   1.1316000e+02   1.4470451e+02
   2.0700000e+01   9.3160000e+01   3.6650451e+02
   2.0800000e+01   4.2160000e+01   1.6654451e+02
   2.0900000e+01   4.7160000e+01   1.8434451e+02
   2.1000000e+01   2.2816000e+02   1.2710451e+02
   2.1100000e+01   1.7160000e+01   1.7154451e+02
   2.1200000e+01  -1.4840000e+01   8.4824509e+01
   2.1300000e+01   2.4016000e+02   1.5662451e+02
   2.1400000e+01   1.5716000e+02   1.9994451e+02
   2.1500000e+01   2.0216000e+02   9.3144509e+01
   2.1600000e+01   1.2216000e+02   1.8634451e+02
   2.1700000e+01   3.5016000e+02   1.2122451e+02
   2.1800000e+01   6.3160000e+01   9.7704509e+01
   2.1900000e+01   8.9160000e+01   1.3766451e+02
   2.2000000e+01   1.2216000e+02   1.2634451e+02
   2.2100000e+01   7.1160000e+01   2.8638451e+02
   2.2200000e+01   2.1160000e+01   1.4338451e+02
   2.2300000e+01   6.6160000e+01   1.6658451e+02
   2.2400000e+01   2.5716000e+02   1.8794451e+02
   2.2500000e+01   2.5416000e+02   1.4906451e+02
   2.2600000e+01   5.5160000e+01   2.8702451e+02
   2.2700000e+01   6.2160000e+01   1.3174451e+02
   2.2800000e+01   1.3916000e+02   1.0566451e+02
   2.2900000e+01   1.1160000e+01   3.3778451e+02
   2.3000000e+01   7.4160000e+01   1.1926451e+02
   2.3100000e+01   9.1160000e+01   2.4158451e+02
   2.3200000e+01   5.1160000e+01   1.9818451e+02
   2.3300000e+01  -2.8400000e+00   2.7834451e+02
   2.3400000e+01   1.9116000e+02   3.2858451e+02
   2.3500000e+01   1.3616000e+02   9.9784509e+01
   2.3600000e+01   4.2160000e+01   9.9544509e+01
   2.3700000e+01   3.8160000e+01  -2.9549091e-01
   2.3800000e+01   1.1916000e+02   1.0846451e+02
   2.3900000e+01   1.1216000e+02   1.3774451e+02
   2.4000000e+01   8.5160000e+01   3.6824509e+01
   2.4100000e+01   2.1516000e+02   7.9624509e+01
   2.4200000e+01   2.7916000e+02  -1.6935491e+01
   2.4300000e+01   2.4916000e+02   5.7264509e+01
   2.4400000e+01   2.3160000e+01   1.1304509e+01
   2.4500000e+01   3.5716000e+02   7.0944509e+01
   2.4600000e+01   2.0516000e+02   9.0245091e+00
   2.4700000e+01   2.5316000e+02  -8.9549091e-01
   2.4800000e+01   2.7316000e+02  -5.2695491e+01
   2.4900000e+01   2.7716000e+02   4.9144509e+01
   2.5000000e+01   1.3516000e+02  -2.6175491e+01
   2.5100000e+01   4.3316000e+02  -8.5095491e+01
   2.5200000e+01   1.1716000e+02  -1.2455491e+01
   2.5300000e+01   2.6116000e+02   1.2578451e+02
   2.5400000e+01   2.5916000e+02  -1.3549091e-01
   2.5500000e+01   2.2416000e+02   8.3264509e+01
   2.5600000e+01   3.2016000e+02  -1.5754909e+00
   2.5700000e+01   1.6216000e+02   1.0374451e+02
   2.5800000e+01   2.3016000e+02   2.4509091e-02
   2.5900000e+01   1.7416000e+02  -6.0735491e+01
   2.6000000e+01   4.7160000e+01   6.4344509e+01
   2.6100000e+01   2.1116000e+02   1.2784509e+01
   2.6200000e+01   2.4716000e+02  -1.4655491e+01
   2.6300000e+01   2.6816000e+02   8.6504509e+01
   2.6400000e+01   1.5116000e+02  -3.8815491e+01
   2.6500000e+01   2.4216000e+02   8.4544509e+01
   2.6600000e+01   2.6316000e+02  -8.2954909e+00
   2.6700000e+01   1.3816000e+02  -6.1295491e+01
   2.6800000e+01   1.2616000e+02   9.4184509e+01
   2.6900000e+01   5.0616000e+02  -7.0154909e+00
   2.7000000e+01   4.8116000e+02  -5.2015491e+01
   2.7100000e+01   3.5616000e+02   2.1984509e+01
   2.7200000e+01   5.1916000e+02   3.4464509e+01
   2.7300000e+01   2.1616000e+02  -6.5415491e+01
   2.7400000e+01   4.2016000e+02  -1.0157549e+02
   2.7500000e+01   4.5516000e+02  -6.1975491e+01
   2.7600000e+01   3.3716000e+02  -1.2554909e+00
   2.7700000e+01   2.3916000e+02   7.6664509e+01
   2.7800000e+01   2.9116000e+02  -5.2415491e+01
   2.7900000e+01   3.7216000e+02   3.3344509e+01
   2.8000000e+01   4.1616000e+02   5.5845091e+00
   2.8100000e+01   1.3616000e+02  -2.1549091e-01
   2.8200000e+01   2.8116000e+02  -3.9015491e+01
   2.8300000e+01   2.7516000e+02   2.2450909e-01
   2.8400000e+01   1.1116000e+02   7.7784509e+01
   2.8500000e+01   1.5916000e+02   7.7864509e+01
   2.8600000e+01   1.9416000e+02  -3.4535491e+01
   2.8700000e+01   1.0616000e+02  -2.6015491e+01
   2.8800000e+01   6.1216000e+02  -6.2255491e+01
   2.8900000e+01   5.2416000e+02  -3.9735491e+01
   2.9000000e+01   4.1816000e+02   8.6504509e+01
   2.9100000e+01   4.9416000e+02  -8.7535491e+01
   2.9200000e+01   5.7316000e+02  -2.7695491e+01
   2.9300000e+01   4.0816000e+02   1.2590451e+02
   2.9400000e+01   4.3016000e+02   4.0245091e+00
   2.9500000e+01   1.9116000e+02   9.3584509e+01
   2.9600000e+01   1.8016000e+02   6.7024509e+01
   2.9700000e+01   1.0016000e+02   1.2224509e+01
   2.9800000e+01   2.3416000e+02  -4.8135491e+01
   2.9900000e+01   2.7316000e+02  -4.5695491e+01
   3.0000000e+01   2.7316000e+02   6.6304509e+01
   3.0100000e+01   1.9416000e+02   7.8464509e+01
   3.0200000e+01   2.2616000e+02   5.3184509e+01
   3.0300000e+01   2.4516000e+02   2.5424509e+01
   3.0400000e+01   5.1160000e+01  -9.8154909e+00
   3.0500000e+01   3.2216000e+02   2.7344509e+01
   3.0600000e+01   1.7416000e+02   6.4264509e+01
   3.0700000e+01   2.4616000e+02   7.5384509e+01
   3.0800000e+01   4.3160000e+01   6.6504509e+01
   3.0900000e+01   6.5160000e+01   1.2962451e+02
   3.1000000e+01   1.2016000e+02   6.8424509e+01
   3.1100000e+01   3.6916000e+02   1.0746451e+02
   3.1200000e+01   1.9816000e+02  -1.7695491e+01
   3.1300000e+01   1.6416000e+02   2.8664509e+01
   3.1400000e+01   1.5016000e+02   2.9224509e+01
   3.1500000e+01   2.7116000e+02  -7.6154909e+00
   3.1600000e+01   8.4160000e+01   1.8886451e+02
   3.1700000e+01   8.5160000e+01   3.8245091e+00
   3.1800000e+01   3.3316000e+02  -1.2095491e+01
   3.1900000e+01   2.7516000e+02   1.2022451e+02
   3.2000000e+01   1.1816000e+02  -8.2495491e+01
   3.2100000e+01   1.3516000e+02  -6.1175491e+01
   3.2200000e+01   9.6160000e+01  -8.0615491e+01
   3.2300000e+01   9.0160000e+01   1.4624509e+01
   3.2400000e+01   1.1916000e+02   8.2464509e+01
   3.2500000e+01   8.4160000e+01   1.8864509e+01
   3.2600000e+01   2.7716000e+02   1.0144509e+01
   3.2700000e+01   2.2716000e+02  -4.1855491e+01
   3.2800000e+01   4.6160000e+01   3.3845091e+00
   3.2900000e+01   1.3516000e+02   1.0082451e+02
   3.3000000e+01   2.1916000e+02   5.4645091e+00
   3.3100000e+01   8.4160000e+01   1.4864509e+01
   3.3200000e+01   1.4616000e+02   2.1384509e+01
   3.3300000e+01   2.2416000e+02  -5.8735491e+01
   3.3400000e+01   1.8616000e+02   9.7845091e+00
   3.3500000e+01   1.0916000e+02  -2.5135491e+01
   3.3600000e+01   1.1416000e+02   5.2664509e+01
   3.3700000e+01   1.9116000e+02  -7.9415491e+01
   3.3800000e+01   1.5616000e+02   3.9845091e+00
   3.3900000e+01   2.1316000e+02  -1.4295491e+01
   3.4000000e+01   2.0316000e+02   1.0110451e+02
   3.4100000e+01   1.5716000e+02  -5.0554909e+00
   3.4200000e+01   1.7516000e+02  -7.3775491e+01
   3.4300000e+01   2.7160000e+01  -2.0855491e+01
   3.4400000e+01   2.8916000e+02  -6.8335491e+01
   3.4500000e+01   2.7160000e+01  -2.0855491e+01
   3.4600000e+01   1.3816000e+02   2.7045091e+00
   3.4700000e+01   6.9160000e+01   4.6450909e-01
   3.4800000e+01   2.1316000e+02  -2.4295491e+01
   3.4900000e+01   2.2916000e+02  -6.7935491e+01
   3.5000000e+01   1.7616000e+02   8.4184509e+01
   3.5100000e+01   2.4016000e+02   3.9624509e+01
   3.5200000e+01   1.9516000e+02   1.9424509e+01
   3.5300000e+01   1.8716000e+02   1.8174451e+02
   3.5400000e+01   1.9116000e+02   8.5584509e+01
   3.5500000e+01   2.4716000e+02  -1.0655491e+01
   3.5600000e+01   2.6716000e+02   4.0544509e+01
   3.5700000e+01   1.5916000e+02   5.1864509e+01
   3.5800000e+01   1.2216000e+02  -4.3655491e+01
   3.5900000e+01   1.3016000e+02   1.5024509e+01
   3.6000000e+01   2.1516000e+02   6.4624509e+01
   3.6100000e+01   1.8116000e+02   4.7984509e+01
   3.6200000e+01   3.6116000e+02  -4.2215491e+01
   3.6300000e+01   2.4016000e+02   7.0624509e+01
   3.6400000e+01   1.4016000e+02   2.0624509e+01
   3.6500000e+01   1.4916000e+02   5.7264509e+01
   3.6600000e+01   2.3216000e+02   1.1794451e+02
   3.6700000e+01   2.6816000e+02   2.1504509e+01
   3.6800000e+01   2.1516000e+02  -1.3375491e+01
   3.6900000e+01   1.0716000e+02   1.5944509e+01
   3.7000000e+01   1.7160000e+01  -8.3455491e+01
   3.7100000e+01   2.5416000e+02  -3.9935491e+01
   3.7200000e+01   1.0616000e+02   8.6984509e+01
   3.7300000e+01   1.1216000e+02  -2.9255491e+01
   3.7400000e+01   1.6516000e+02   2.0624509e+01
   3.7500000e+01   1.7716000e+02  -6.1855491e+01
   3.7600000e+01   1.4716000e+02   3.9344509e+01
   3.7700000e+01   1.0616000e+02  -3.6015491e+01
   3.7800000e+01   8.9160000e+01   2.8664509e+01
   3.7900000e+01   8.8160000e+01   6.6704509e+01
   3.8000000e+01   1.1316000e+02   7.0450909e-01
   3.8100000e+01   3.1116000e+02   5.0784509e+01
   3.8200000e+01   1.2616000e+02   2.1845091e+00
   3.8300000e+01   2.1716000e+02   7.5445091e+00
   3.8400000e+01   3.4416000e+02   1.2464509e+01
   3.8500000e+01   2.1316000e+02  -8.2295491e+01
   3.8600000e+01   1.1816000e+02   3.8504509e+01
   3.8700000e+01   2.2216000e+02  -5.6554909e+00
   3.8800000e+01   1.5416000e+02   3.0645091e+00
   3.8900000e+01   2.7216000e+02  -5.6554909e+00
   3.9000000e+01   2.3816000e+02   2.9704509e+01
   3.9100000e+01   1.1916000e+02   6.8464509e+01
   3.9200000e+01   2.2716000e+02   7.1445091e+00
   3.9300000e+01   1.6816000e+02   5.0504509e+01
   3.9400000e+01   2.3416000e+02  -5.1354909e+00
   3.9500000e+01   2.0116000e+02  -6.0815491e+01
   3.9600000e+01   1.0816000e+02  -1.0954909e+00
   3.9700000e+01   1.2616000e+02  -1.4815491e+01
   3.9800000e+01   3.1216000e+02   8.1744509e+01
   3.9900000e+01   6.1160000e+01  -2.1549091e-01
   4.0000000e+01   2.4716000e+02   3.4450909e-01
   4.0100000e+01   2.3716000e+02   5.2744509e+01
   4.0200000e+01   2.6816000e+02   5.9504509e+01
   4.0300000e+01   2.5016000e+02   2.2245091e+00
   4.0400000e+01   6.2160000e+01  -4.1255491e+01
   4.0500000e+01   2.7416000e+02  -2.1735491e+01
   4.0600000e+01   2.0516000e+02  -1.1975491e+01
   4.0700000e+01   1.5316000e+02   1.1110451e+02
   4.0800000e+01   1.3916000e+02   1.0664509e+01
   4.0900000e+01   2.0216000e+02  -5.5855491e+01
   4.1000000e+01   1.4916000e+02  -3.7354909e+00
   4.1100000e+01   1.5816000e+02  -7.9095491e+01
   4.1200000e+01   2.8016000e+02  -9.5975491e+01
   4.1300000e+01   1.7716000e+02  -4.8554909e+00
   4.1400000e+01   2.3516000e+02  -5.1754909e+00
   4.1500000e+01   1.7916000e+02   4.0064509e+01
   4.1600000e+01   1.6516000e+02  -6.4375491e+01
   4.1700000e+01   2.1716000e+02   5.5544509e+01
   4.1800000e+01   1.9016000e+02  -3.7375491e+01
   4.1900000e+01   2.5416000e+02   2.2064509e+01
   4.2000000e+01   2.4016000e+02  -2.3375491e+01
   4.2100000e+01   1.7816000e+02   1.9104509e+01
   4.2200000e+01   2.4416000e+02  -2.1535491e+01
   4.2300000e+01   1.6016000e+02   8.2450909e-01
   4.2400000e+01   3.0216000e+02  -8.3855491e+01
   4.2500000e+01   2.9316000e+02   5.7504509e+01
   4.2600000e+01   2.6016000e+02  -4.7175491e+01
   4.2700000e+01   2.5316000e+02  -5.0895491e+01
   4.2800000e+01   3.3516000e+02   1.0824509e+01
   4.2900000e+01   4.5716000e+02   3.9944509e+01
   4.3000000e+01   1.3516000e+02  -7.3175491e+01
   4.3100000e+01   2.1116000e+02   1.3378451e+02
   4.3200000e+01   7.7160000e+01   1.0914451e+02
   4.3300000e+01   2.5916000e+02  -1.7135491e+01
   4.3400000e+01   1.9616000e+02  -6.3615491e+01
   4.3500000e+01   2.6116000e+02   9.6784509e+01
   4.3600000e+01   1.0816000e+02  -6.8095491e+01
   4.3700000e+01   2.1416000e+02   3.0664509e+01
   4.3800000e+01   1.6816000e+02   2.7504509e+01
   4.3900000e+01   3.3016000e+02   2.3024509e+01
   4.4000000e+01   2.3916000e+02  -1.4335491e+01
   4.4100000e+01   1.6116000e+02   1.8784509e+01
   4.4200000e+01   1.5316000e+02   2.7104509e+01
   4.4300000e+01   2.0016000e+02  -7.0775491e+01
   4.4400000e+01   2.3516000e+02   9.1824509e+01
   4.4500000e+01   2.3716000e+02  -7.3255491e+01
   4.4600000e+01   2.6016000e+02   6.8245091e+00
   4.4700000e+01   2.0716000e+02   1.9445091e+00
   4.4800000e+01   9.8160000e+01  -7.5695491e+01
   4.4900000e+01   1.6016000e+02   1.3382451e+02
   4.5000000e+01   1.8016000e+02  -1.7975491e+01
   4.5100000e+01   2.1516000e+02   2.8624509e+01
   4.5200000e+01   1.8816000e+02   1.3704509e+01
   4.5300000e+01   2.3116000e+02  -7.9015491e+01
   4.5400000e+01   1.8116000e+02   7.0984509e+01
   4.5500000e+01   3.3816000e+02  -7.5295491e+01
   4.5600000e+01   4.3316000e+02   6.8904509e+01
   4.5700000e+01   1.7616000e+02   1.3184509e+01
   4.5800000e+01   1.7116000e+02   1.2738451e+02
   4.5900000e+01   1.6416000e+02  -2.4335491e+01
   4.6000000e+01   3.0316000e+02   7.8104509e+01
   4.6100000e+01   1.7116000e+02  -3.1615491e+01
   4.6200000e+01   4.5160000e+01   2.9424509e+01
   4.6300000e+01   5.1600000e+00   5.0024509e+01
   4.6400000e+01   5.5160000e+01  -9.7549091e-01
   4.6500000e+01   2.8016000e+02   4.7024509e+01
   4.6600000e+01   2.7616000e+02   3.5184509e+01
   4.6700000e+01   1.2516000e+02   9.3224509e+01
   4.6800000e+01   2.4616000e+02  -4.8615491e+01
   4.6900000e+01   1.2516000e+02   2.7224509e+01
   4.7000000e+01   1.6216000e+02  -1.4255491e+01
   4.7100000e+01   2.5116000e+02   3.0184509e+01
   4.7200000e+01   3.5016000e+02   1.9224509e+01
   4.7300000e+01   2.2416000e+02  -9.4735491e+01
   4.7400000e+01   1.0816000e+02  -3.8095491e+01
   4.7500000e+01   3.6116000e+02   5.7845091e+00
   4.7600000e+01   2.6516000e+02   5.7624509e+01
   4.7700000e+01   1.4616000e+02  -3.2615491e+01
   4.7800000e+01   1.3416000e+02  -1.3135491e+01
   4.7900000e+01   7.4160000e+01   9.2645091e+00
   4.8000000e+01   2.6416000e+02  -4.5335491e+01
   4.8100000e+01   8.3160000e+01  -7.1095491e+01
   4.8200000e+01   2.8416000e+02   3.3864509e+01
   4.8300000e+01   5.4160000e+01   4.9064509e+01
   4.8400000e+01   2.1116000e+02  -1.4215491e+01
   4.8500000e+01   1.1716000e+02   4.3544509e+01
   4.8600000e+01   2.4816000e+02   1.6130451e+02
   4.8700000e+01   2.6116000e+02   3.0784509e+01
   4.8800000e+01   2.1616000e+02   1.3584509e+01
   4.8900000e+01   1.2716000e+02   1.0114451e+02
   4.9000000e+01   3.5216000e+02   6.1445091e+00
   4.9100000e+01   1.5816000e+02   7.5904509e+01
   4.9200000e+01   2.4816000e+02  -3.4695491e+01
   4.9300000e+01   2.0716000e+02   1.0894451e+02
   4.9400000e+01   1.9716000e+02   1.8344509e+01
   4.9500000e+01   2.2616000e+02  -5.8154909e+00
   4.9600000e+01   2.2516000e+02   9.2224509e+01
   4.9700000e+01   2.9416000e+02   7.3464509e+01
   4.9800000e+01   1.1116000e+02  -3.4215491e+01
   4.9900000e+01   2.0216000e+02  -1.0855491e+01
   5.0000000e+01   1.2316000e+02   3.8304509e+01
   5.0100000e+01   2.6016000e+02  -2.6175491e+01
   5.0200000e+01   1.7216000e+02  -6.5549091e-01
   5.0300000e+01   1.0216000e+02  -4.5855491e+01
   5.0400000e+01   2.5516000e+02   2.8024509e+01
   5.0500000e+01   5.2160000e+01  -9.9855491e+01
   5.0600000e+01   7.7160000e+01  -8.8554909e+00
   5.0700000e+01   5.8160000e+01  -4.0954909e+00
   5.0800000e+01   2.0160000e+01  -7.1575491e+01
   5.0900000e+01   1.2916000e+02  -2.1935491e+01
   5.1000000e+01   1.2316000e+02   3.5304509e+01
   5.1100000e+01   2.2816000e+02   4.4104509e+01
   5.1200000e+01   7.0160000e+01  -3.6575491e+01
   5.1300000e+01   2.4516000e+02  -7.3575491e+01
   5.1400000e+01  -7.1840000e+01  -1.4895491e+01
   5.1500000e+01   2.0516000e+02   1.0002451e+02
   5.1600000e+01   1.3816000e+02   1.8704509e+01
   5.1700000e+01   1.9816000e+02   3.3304509e+01
   5.1800000e+01   4.7160000e+01   5.3445091e+00
   5.1900000e+01   2.5916000e+02   2.4864509e+01
   5.2000000e+01   1.5116000e+02   1.0184509e+01
   5.2100000e+01   1.7616000e+02  -1.0815491e+01
   5.2200000e+01   2.0116000e+02  -6.3815491e+01
   5.2300000e+01   1.7416000e+02   3.5264509e+01
   5.2400000e+01   2.3716000e+02  -5.9255491e+01
   5.2500000e+01   2.7516000e+02  -1.4775491e+01
   5.2600000e+01   1.8316000e+02  -3.0095491e+01
   5.2700000e+01   2.2416000e+02   9.6264509e+01
   5.2800000e+01   4.0216000e+02  -8.8554909e+00
   5.2900000e+01   1.4916000e+02   5.1264509e+01
   5.3000000e+01   1.6116000e+02   1.8784509e+01
   5.3100000e+01   2.5016000e+02  -6.0775491e+01
   5.3200000e+01   3.9116000e+02  -4.4415491e+01
   5.3300000e+01   6.4160000e+01   9.9664509e+01
   5.3400000e+01   2.9916000e+02   1.0026451e+02
   5.3500000e+01   1.5716000e+02  -2.0055491e+01
   5.3600000e+01   8.1160000e+01   5.0984509e+01
   5.3700000e+01   3.6160000e+01   2.6784509e+01
   5.3800000e+01   2.0816000e+02   3.6904509e+01
   5.3900000e+01   1.3016000e+02   4.1024509e+01
   5.4000000e+01  -1.4840000e+01   2.0824509e+01
   5.4100000e+01   1.6216000e+02   7.0744509e+01
   5.4200000e+01   1.6916000e+02   1.4645091e+00
   5.4300000e+01   1.2916000e+02   7.0645091e+00
   5.4400000e+01   2.2116000e+02   7.5384509e+01
   5.4500000e+01   1.1616000e+02   6.3584509e+01
   5.4600000e+01   3.1716000e+02  -1.5455491e+01
   5.4700000e+01   3.5116000e+02   6.1845091e+00
   5.4800000e+01   2.1516000e+02   1.4624509e+01
   5.4900000e+01   1.5116000e+02  -7.8154909e+00
   5.5000000e+01   1.7916000e+02  -1.0093549e+02
   5.5100000e+01   1.9416000e+02  -1.1535491e+01
   5.5200000e+01   3.5916000e+02  -9.5135491e+01
   5.5300000e+01   8.7160000e+01   3.9744509e+01
   5.5400000e+01   9.8160000e+01  -6.6954909e+00
   5.5500000e+01   1.3016000e+02   9.8024509e+01
   5.5600000e+01   1.5616000e+02   3.2984509e+01
   5.5700000e+01   1.5816000e+02   7.9045091e+00
   5.5800000e+01   3.8316000e+02   4.2904509e+01
   5.5900000e+01   1.2816000e+02  -1.7895491e+01
   5.6000000e+01   1.8416000e+02  -2.7135491e+01
   5.6100000e+01   1.5016000e+02   4.7224509e+01
   5.6200000e+01   2.0616000e+02  -3.1015491e+01
   5.6300000e+01   1.8816000e+02  -1.7295491e+01
   5.6400000e+01   2.0316000e+02   6.9104509e+01
   5.6500000e+01   2.2216000e+02   7.2344509e+01
   5.6600000e+01   1.7616000e+02   8.8184509e+01
   5.6700000e+01   1.3416000e+02   4.7864509e+01
   5.6800000e+01   2.5916000e+02   1.0686451e+02
   5.6900000e+01   1.9316000e+02   1.2550451e+02
   5.7000000e+01   1.9216000e+02  -2.2455491e+01
   5.7100000e+01   1.7316000e+02  -9.4695491e+01
   5.7200000e+01   1.0316000e+02  -1.1895491e+01
   5.7300000e+01   1.5160000e+01  -3.6375491e+01
   5.7400000e+01   1.0616000e+02  -6.6015491e+01
   5.7500000e+01  -5.6840000e+01   9.5045091e+00
   5.7600000e+01  -2.2840000e+01   2.7144509e+01
   5.7700000e+01   7.2160000e+01  -8.5655491e+01
   5.7800000e+01   3.5716000e+02  -9.6055491e+01
   5.7900000e+01   1.9516000e+02   9.3424509e+01
   5.8000000e+01   2.6316000e+02  -5.9295491e+01
   5.8100000e+01   3.2616000e+02  -7.3815491e+01
   5.8200000e+01   2.0316000e+02   6.1045091e+00
   5.8300000e+01   1.3316000e+02   4.4904509e+01
   5.8400000e+01   2.4016000e+02   3.4624509e+01
   5.8500000e+01   3.8916000e+02  -6.7335491e+01
   5.8600000e+01   1.0116000e+02  -3.9815491e+01
   5.8700000e+01   1.0816000e+02  -3.0954909e+00
   5.8800000e+01   2.3816000e+02  -2.8295491e+01
   5.8900000e+01   2.4816000e+02  -7.6954909e+00
   5.9000000e+01   1.2216000e+02   2.1344509e+01
   5.9100000e+01   1.0216000e+02  -8.0855491e+01
   5.9200000e+01   1.4316000e+02  -1.0449549e+02
   5.9300000e+01   2.6916000e+02   2.5464509e+01
   5.9400000e+01   3.0116000e+02  -9.8815491e+01
   5.9500000e+01   3.0116000e+02   1.2184509e+01
   5.9600000e+01   1.4916000e+02   3.2264509e+01
   5.9700000e+01   1.4016000e+02   9.6245091e+00
   5.9800000e+01   2.7216000e+02  -3.1655491e+01
   5.9900000e+01   1.7016000e+02  -4.0575491e+01
   6.0000000e+01   1.0616000e+02  -2.1015491e+01
   6.0100000e+01   2.7160000e+01   5.2144509e+01
   6.0200000e+01   1.1716000e+02  -3.4455491e+01
   6.0300000e+01   1.2160000e+01   6.3744509e+01
   6.0400000e+01   1.8160000e+01  -5.4954909e+00
   6.0500000e+01   1.8316000e+02   6.9045091e+00
   6.0600000e+01   1.0316000e+02   4.9104509e+01
   6.0700000e+01   1.6416000e+02   6.6645091e+00
   6.0800000e+01  -7.5840000e+01   2.6264509e+01
   6.0900000e+01   1.5316000e+02   5.4104509e+01
   6.1000000e+01   7.3160000e+01  -8.0695491e+01
   6.1100000e+01  -7.6840000e+01  -1.7695491e+01
   6.1200000e+01   4.3160000e+01  -7.0495491e+01
   6.1300000e+01   2.9716000e+02   1.5344509e+01
   6.1400000e+01   1.4416000e+02   4.1464509e+01
   6.1500000e+01   4.4160000e+01  -8.7535491e+01
   6.1600000e+01   7.8160000e+01  -8.1895491e+01
   6.1700000e+01   7.0160000e+01   1.4245091e+00
   6.1800000e+01   2.4216000e+02  -2.9455491e+01
   6.1900000e+01   4.8016000e+02  -9.9754909e+00
   6.2000000e+01   2.2116000e+02  -4.3615491e+01
   6.2100000e+01   2.4160000e+01  -6.5735491e+01
   6.2200000e+01   1.6316000e+02  -4.2954909e+00
   6.2300000e+01   6.4160000e+01   6.6450909e-01
   6.2400000e+01   2.8716000e+02   6.7744509e+01
   6.2500000e+01   8.3160000e+01  -3.2095491e+01
   6.2600000e+01   1.5016000e+02  -3.0775491e+01
   6.2700000e+01   2.2616000e+02   3.3184509e+01
   6.2800000e+01   2.5516000e+02  -3.0975491e+01
   6.2900000e+01   3.1216000e+02  -4.1255491e+01
   6.3000000e+01   2.4316000e+02   2.1504509e+01
   6.3100000e+01   2.0116000e+02  -3.8154909e+00
   6.3200000e+01   3.0916000e+02  -5.7135491e+01
   6.3300000e+01   1.8616000e+02  -8.4215491e+01
   6.3400000e+01   4.3516000e+02  -6.5175491e+01
   6.3500000e+01   1.8916000e+02  -8.3354909e+00
   6.3600000e+01   3.5516000e+02  -1.4975491e+01
   6.3700000e+01   1.0516000e+02  -5.0975491e+01
   6.3800000e+01   1.5016000e+02   4.2245091e+00
   6.3900000e+01   1.7616000e+02  -7.1815491e+01
   6.4000000e+01   3.1516000e+02  -5.3754909e+00
   6.4100000e+01   3.3716000e+02   1.9744509e+01
   6.4200000e+01   1.5816000e+02   3.5904509e+01
   6.4300000e+01   1.0316000e+02   3.0104509e+01
   6.4400000e+01   1.5216000e+02  -3.3855491e+01
   6.4500000e+01   2.6916000e+02  -3.4535491e+01
   6.4600000e+01   3.3516000e+02  -4.3175491e+01
   6.4700000e+01   2.7416000e+02   4.2264509e+01
   6.4800000e+01   1.4616000e+02   7.1384509e+01
   6.4900000e+01   9.1160000e+01   2.1584509e+01
   6.5000000e+01   1.2616000e+02   9.4184509e+01
   6.5100000e+01   4.7160000e+01  -3.9655491e+01
   6.5200000e+01  -1.3840000e+01  -3.5215491e+01
   6.5300000e+01   4.6160000e+01   2.0384509e+01
   6.5400000e+01   2.0916000e+02   8.9864509e+01
   6.5500000e+01   4.6216000e+02  -2.1255491e+01
   6.5600000e+01   1.2316000e+02   3.6304509e+01
   6.5700000e+01  -3.3840000e+01   1.4584509e+01
   6.5800000e+01   1.0016000e+02  -8.7754909e+00
   6.5900000e+01  -7.8400000e+00  -5.2455491e+01
   6.6000000e+01   2.0216000e+02  -2.1855491e+01
   6.6100000e+01   2.2516000e+02  -9.7754909e+00
   6.6200000e+01   2.2316000e+02  -8.4695491e+01
   6.6300000e+01   1.8616000e+02   6.2784509e+01
   6.6400000e+01   1.6316000e+02   5.1704509e+01
   6.6500000e+01   7.0160000e+01  -5.1575491e+01
   6.6600000e+01   1.2116000e+02  -5.6615491e+01
   6.6700000e+01   2.0816000e+02   6.2904509e+01
   6.6800000e+01   1.6716000e+02  -1.5455491e+01
   6.6900000e+01   1.3116000e+02   1.8984509e+01
   6.7000000e+01   3.5116000e+02   4.9184509e+01
   6.7100000e+01   4.1516000e+02  -2.1375491e+01
   6.7200000e+01   2.2160000e+01   1.0344509e+01
   6.7300000e+01   1.2616000e+02   1.2518451e+02
   6.7400000e+01   7.2160000e+01   3.5344509e+01
   6.7500000e+01   2.5116000e+02  -1.9815491e+01
   6.7600000e+01   6.5160000e+01   4.0624509e+01
   6.7700000e+01   2.3116000e+02   3.9984509e+01
   6.7800000e+01   2.0616000e+02  -4.4015491e+01
   6.7900000e+01   3.5916000e+02   1.0686451e+02
   6.8000000e+01   2.4816000e+02   1.2304509e+01
   6.8100000e+01   7.5160000e+01   4.1224509e+01
   6.8200000e+01   1.7116000e+02   8.7384509e+01
   6.8300000e+01   1.5116000e+02  -4.0815491e+01
   6.8400000e+01   2.6316000e+02  -2.5295491e+01
   6.8500000e+01   1.4116000e+02   5.8450909e-01
   6.8600000e+01   6.0160000e+01  -5.5175491e+01
   6.8700000e+01   3.5416000e+02  -1.3935491e+01
   6.8800000e+01   2.4516000e+02   9.5424509e+01
   6.8900000e+01   2.6116000e+02   9.7845091e+00
   6.9000000e+01   2.7416000e+02  -2.4735491e+01
   6.9100000e+01   2.5016000e+02   3.1224509e+01
   6.9200000e+01   3.5116000e+02   1.1184509e+01
   6.9300000e+01   3.0016000e+02   2.2224509e+01
   6.9400000e+01   3.4916000e+02   3.2645091e+00
   6.9500000e+01   2.3216000e+02  -9.7055491e+01
   6.9600000e+01   3.1616000e+02   3.2584509e+01
   6.9700000e+01   2.8216000e+02   2.2944509e+01
   6.9800000e+01   1.9916000e+02   4.2645091e+00
   6.9900000e+01   2.2516000e+02   1.5224509e+01
   7.0000000e+01   6.2160000e+01  -9.6255491e+01
   7.0100000e+01   2.2816000e+02   7.3104509e+01
   7.0200000e+01   2.0816000e+02   4.4904509e+01
   7.0300000e+01   3.3716000e+02  -2.5255491e+01
   7.0400000e+01   2.0016000e+02  -5.3775491e+01
   7.0500000e+01   3.0716000e+02   3.9445091e+00
   7.0600000e+01   1.6216000e+02   8.3744509e+01
   7.0700000e+01   1.8316000e+02  -6.2095491e+01
   7.0800000e+01   1.7616000e+02  -3.3815491e+01
   7.0900000e+01   1.2716000e+02   1.9144509e+01
   7.1000000e+01   1.7816000e+02   1.5104509e+01
   7.1100000e+01   1.6616000e+02  -7.4154909e+00
   7.1200000e+01   1.9716000e+02  -2.7655491e+01
   7.1300000e+01   3.0160000e+01  -4.6975491e+01
   7.1400000e+01   3.2516000e+02   1.0522451e+02
   7.1500000e+01   2.3216000e+02   1.1094451e+02
   7.1600000e+01   2.1516000e+02  -1.4375491e+01
   7.1700000e+01   2.2016000e+02  -2.8575491e+01
   7.1800000e+01   2.4516000e+02  -1.2575491e+01
   7.1900000e+01   2.2516000e+02  -3.7754909e+00
   7.2000000e+01   1.8616000e+02   3.2784509e+01
   7.2100000e+01   3.0116000e+02   1.1184509e+01
   7.2200000e+01   1.8416000e+02  -2.2135491e+01
   7.2300000e+01   2.1916000e+02   1.2346451e+02
   7.2400000e+01   1.1516000e+02   4.4624509e+01
   7.2500000e+01   2.3916000e+02  -5.0335491e+01
   7.2600000e+01   2.2016000e+02   8.0424509e+01
   7.2700000e+01   2.8016000e+02  -6.1975491e+01
   7.2800000e+01   2.8216000e+02  -2.8055491e+01
   7.2900000e+01   1.8716000e+02  -8.7255491e+01
   7.3000000e+01   1.7816000e+02   1.4910451e+02
   7.3100000e+01   2.7216000e+02   1.4344509e+01
   7.3200000e+01   2.5016000e+02   2.7224509e+01
   7.3300000e+01   1.8316000e+02   6.9045091e+00
   7.3400000e+01   2.6616000e+02   5.8584509e+01
   7.3500000e+01   2.5716000e+02   1.8944509e+01
   7.3600000e+01  -3.8400000e+00   4.3384509e+01
   7.3700000e+01   1.3716000e+02   4.6744509e+01
   7.3800000e+01   1.3516000e+02   3.1824509e+01
   7.3900000e+01   2.3816000e+02   1.8704509e+01
   7.4000000e+01   5.0160000e+01  -2.1775491e+01
   7.4100000e+01   1.9316000e+02   2.2504509e+01
   7.4200000e+01   1.5816000e+02   6.9904509e+01
   7.4300000e+01   2.2916000e+02   5.0645091e+00
   7.4400000e+01   2.0816000e+02  -4.9095491e+01
   7.4500000e+01   1.8916000e+02  -8.6335491e+01
   7.4600000e+01   1.6916000e+02   8.7464509e+01
   7.4700000e+01   1.9816000e+02  -8.6695491e+01
   7.4800000e+01   2.1416000e+02   4.6664509e+01
   7.4900000e+01   2.4816000e+02  -2.9695491e+01
   7.5000000e+01   2.1616000e+02   1.1658451e+02
   7.5100000e+01   1.9316000e+02  -6.5495491e+01
   7.5200000e+01   3.9816000e+02  -2.5695491e+01
   7.5300000e+01   2.6116000e+02  -1.8215491e+01
   7.5400000e+01   1.0216000e+02  -8.5549091e-01
   7.5500000e+01   1.5816000e+02  -3.0954909e+00
   7.5600000e+01   1.7716000e+02  -9.2855491e+01
   7.5700000e+01   1.4316000e+02   5.5045091e+00
   7.5800000e+01   1.5216000e+02  -1.5855491e+01
   7.5900000e+01   1.4016000e+02  -6.9375491e+01
   7.6000000e+01   2.5216000e+02  -2.8554909e+00
   7.6100000e+01   1.7416000e+02   4.6264509e+01
   7.6200000e+01   2.1316000e+02  -4.2954909e+00
   7.6300000e+01   1.5916000e+02  -6.1354909e+00
   7.6400000e+01   1.9116000e+02   5.5845091e+00
   7.6500000e+01   3.3016000e+02   1.6102451e+02
   7.6600000e+01   2.1316000e+02  -2.1295491e+01
   7.6700000e+01   3.3316000e+02  -2.1095491e+01
   7.6800000e+01   1.0716000e+02  -3.6055491e+01
   7.6900000e+01   1.1616000e+02  -2.4415491e+01
   7.7000000e+01   2.1216000e+02   2.9744509e+01
   7.7100000e+01   2.0116000e+02   1.9184509e+01
   7.7200000e+01   4.2116000e+02  -4.7615491e+01
   7.7300000e+01   2.9716000e+02   1.0334451e+02
   7.7400000e+01   1.4416000e+02   9.0464509e+01
   7.7500000e+01   4.9160000e+01   6.1264509e+01
   7.7600000e+01   2.1816000e+02  -8.7495491e+01
   7.7700000e+01   1.6416000e+02   1.7664509e+01
   7.7800000e+01   2.1416000e+02  -7.9335491e+01
   7.7900000e+01   1.3216000e+02  -2.2055491e+01
   7.8000000e+01   7.5160000e+01   9.2224509e+01
   7.8100000e+01   1.6916000e+02  -2.0535491e+01
   7.8200000e+01   1.6616000e+02  -2.7415491e+01
   7.8300000e+01   3.7916000e+02   9.8064509e+01
   7.8400000e+01   1.7716000e+02  -5.8855491e+01
   7.8500000e+01   6.5160000e+01   3.6624509e+01
   7.8600000e+01   1.6716000e+02  -2.0455491e+01
   7.8700000e+01   2.1316000e+02   2.7704509e+01
   7.8800000e+01   6.9160000e+01   6.0464509e+01
   7.8900000e+01   1.7016000e+02   5.3424509e+01
   7.9000000e+01   1.1816000e+02   6.6504509e+01
   7.9100000e+01   2.3116000e+02  -3.7015491e+01
   7.9200000e+01   2.5916000e+02  -8.2135491e+01
   7.9300000e+01   3.1316000e+02  -5.3295491e+01
   7.9400000e+01   2.1316000e+02   2.2704509e+01
   7.9500000e+01   2.5516000e+02   9.3024509e+01
   7.9600000e+01   1.8916000e+02  -7.8335491e+01
   7.9700000e+01   2.8816000e+02  -3.8295491e+01
   7.9800000e+01   3.3416000e+02   4.3864509e+01
   7.9900000e+01   3.7616000e+02   2.1184509e+01
   8.0000000e+01   1.5116000e+02  -3.1815491e+01
   8.0100000e+01   1.8616000e+02  -2.4215491e+01
   8.0200000e+01   3.0516000e+02  -1.0597549e+02
   8.0300000e+01   1.8916000e+02   3.7664509e+01
   8.0400000e+01   3.1216000e+02  -2.5255491e+01
   8.0500000e+01   2.5816000e+02  -5.0954909e+00
   8.0600000e+01   3.5216000e+02  -5.2855491e+01
   8.0700000e+01   2.4116000e+02   2.8584509e+01
   8.0800000e+01   2.3616000e+02   3.4784509e+01
   8.0900000e+01   3.9316000e+02   1.1150451e+02
   8.1000000e+01   2.7716000e+02  -2.7855491e+01
   8.1100000e+01   2.0516000e+02   1.3002451e+02
   8.1200000e+01   1.8316000e+02   3.9904509e+01
   8.1300000e+01   1.2016000e+02   2.1424509e+01
   8.1400000e+01   2.4416000e+02   4.8464509e+01
   8.1500000e+01   4.4116000e+02  -7.4154909e+00
   8.1600000e+01   1.4516000e+02   5.6424509e+01
   8.1700000e+01   2.9516000e+02   1.1424509e+01
   8.1800000e+01   9.5160000e+01   2.8424509e+01
   8.1900000e+01   1.9416000e+02   1.2946451e+02
   8.2000000e+01   3.3016000e+02  -4.6975491e+01
   8.2100000e+01   1.5116000e+02  -3.7815491e+01
   8.2200000e+01   2.6716000e+02   8.5445091e+00
   8.2300000e+01   1.4716000e+02   9.4344509e+01
   8.2400000e+01   3.0016000e+02  -3.7754909e+00
   8.2500000e+01   2.7116000e+02   2.2384509e+01
   8.2600000e+01   1.2716000e+02  -3.4855491e+01
   8.2700000e+01   1.4916000e+02   1.5264509e+01
   8.2800000e+01   1.8716000e+02   7.0744509e+01
   8.2900000e+01   8.7160000e+01  -1.0425549e+02
   8.3000000e+01   1.6216000e+02  -2.3255491e+01
   8.3100000e+01   2.9916000e+02   7.0264509e+01
   8.3200000e+01   3.5016000e+02   4.2245091e+00
   8.3300000e+01   2.1716000e+02  -3.3455491e+01
   8.3400000e+01   2.0016000e+02   1.7224509e+01
   8.3500000e+01   2.2016000e+02   9.0424509e+01
   8.3600000e+01   1.8116000e+02   5.9845091e+00
   8.3700000e+01   1.5816000e+02   3.0904509e+01
   8.3800000e+01   1.4016000e+02   1.6245091e+00
   8.3900000e+01   2.5816000e+02   9.1904509e+01
   8.4000000e+01   1.4416000e+02   1.4464509e+01
   8.4100000e+01   1.0316000e+02   7.1045091e+00
   8.4200000e+01   1.7416000e+02   2.7264509e+01
   8.4300000e+01   1.0316000e+02  -3.5895491e+01
   8.4400000e+01   2.4816000e+02   2.6304509e+01
   8.4500000e+01   2.2016000e+02  -7.7575491e+01
   8.4600000e+01   6.1160000e+01   6.7845091e+00
   8.4700000e+01   4.4116000e+02  -6.4415491e+01
   8.4800000e+01   2.3316000e+02  -3.5095491e+01
   8.4900000e+01   1.4016000e+02  -3.4375491e+01
   8.5000000e+01   2.1216000e+02  -1.9255491e+01
   8.5100000e+01   2.8916000e+02  -5.1335491e+01
   8.5200000e+01   2.1016000e+02   2.0182451e+02
   8.5300000e+01   1.6816000e+02  -1.3495491e+01
   8.5400000e+01   1.3416000e+02   4.8645091e+00
   8.5500000e+01   2.9716000e+02  -3.8655491e+01
   8.5600000e+01   1.2516000e+02  -2.5775491e+01
   8.5700000e+01   3.2516000e+02  -1.2775491e+01
   8.5800000e+01   4.4616000e+02  -3.6154909e+00
   8.5900000e+01   4.4160000e+01  -7.5354909e+00
   8.6000000e+01   6.1160000e+01  -6.3215491e+01
   8.6100000e+01   1.5416000e+02   4.3064509e+01
   8.6200000e+01   2.3116000e+02   5.8984509e+01
   8.6300000e+01   5.8160000e+01  -7.0954909e+00
   8.6400000e+01   2.8116000e+02  -4.5015491e+01
   8.6500000e+01   1.3216000e+02   4.4944509e+01
   8.6600000e+01   6.0160000e+01   1.3882451e+02
   8.6700000e+01   2.2216000e+02   3.9344509e+01
   8.6800000e+01   1.4516000e+02  -5.7549091e-01
   8.6900000e+01   1.4416000e+02  -4.5535491e+01
   8.7000000e+01   2.0916000e+02   1.1864509e+01
   8.7100000e+01   2.3216000e+02   3.5944509e+01
   8.7200000e+01   2.5216000e+02  -7.6855491e+01
   8.7300000e+01   1.6916000e+02  -5.4535491e+01
   8.7400000e+01   7.1160000e+01   7.9384509e+01
   8.7500000e+01   2.1116000e+02  -2.5215491e+01
   8.7600000e+01   1.7616000e+02  -3.8154909e+00
   8.7700000e+01   1.2316000e+02  -3.6954909e+00
   8.7800000e+01   2.2116000e+02   3.8450909e-01
   8.7900000e+01   2.6016000e+02   1.7824509e+01
   8.8000000e+01   2.9016000e+02  -9.3754909e+00
   8.8100000e+01   2.8516000e+02   3.2824509e+01
   8.8200000e+01   2.6816000e+02  -1.7495491e+01
   8.8300000e+01   3.0116000e+02   7.1845091e+00
   8.8400000e+01   2.3816000e+02   8.7045091e+00
   8.8500000e+01   6.6160000e+01  -1.4415491e+01
   8.8600000e+01   2.1716000e+02  -3.9455491e+01
   8.8700000e+01   1.7316000e+02  -2.5695491e+01
   8.8800000e+01   1.6316000e+02  -1.1295491e+01
   8.8900000e+01   2.9416000e+02   6.0464509e+01
   8.9000000e+01   1.4216000e+02   9.5445091e+00
   8.9100000e+01   3.1216000e+02  -2.0255491e+01
   8.9200000e+01   1.6416000e+02   7.2664509e+01
   8.9300000e+01   1.4316000e+02   8.8504509e+01
   8.9400000e+01   3.0116000e+02  -7.7815491e+01
   8.9500000e+01   2.2416000e+02  -3.2735491e+01
   8.9600000e+01   3.5160000e+01  -1.7175491e+01
   8.9700000e+01   1.6616000e+02   4.2584509e+01
   8.9800000e+01   1.2816000e+02   8.1045091e+00
   8.9900000e+01   1.2160000e+01  -9.2554909e+00
   9.0000000e+01   1.0416000e+02  -1.9935491e+01
   9.0100000e+01   3.3016000e+02   1.2024509e+01
   9.0200000e+01   1.7216000e+02   3.0344509e+01
   9.0300000e+01   1.3916000e+02  -1.6335491e+01
   9.0400000e+01   1.5016000e+02   2.9224509e+01
   9.0500000e+01   2.5016000e+02  -2.1775491e+01
   9.0600000e+01   9.0160000e+01  -8.3754909e+00
   9.0700000e+01   2.5716000e+02  -5.9055491e+01
   9.0800000e+01   9.6160000e+01  -5.1615491e+01
   9.0900000e+01   1.5216000e+02   1.2014451e+02
   9.1000000e+01   7.5160000e+01   2.5224509e+01
   9.1100000e+01   3.6616000e+02  -3.6415491e+01
   9.1200000e+01   1.5516000e+02   8.5024509e+01
   9.1300000e+01   2.9716000e+02  -1.0655491e+01
   9.1400000e+01   1.5116000e+02   8.3184509e+01
   9.1500000e+01   2.0016000e+02   1.3224509e+01
   9.1600000e+01   2.1016000e+02  -2.4175491e+01
   9.1700000e+01   3.3016000e+02  -3.7975491e+01
   9.1800000e+01   3.5916000e+02   5.3864509e+01
   9.1900000e+01   2.6916000e+02   8.3464509e+01
   9.2000000e+01   1.1516000e+02   5.7624509e+01
   9.2100000e+01   1.4616000e+02   1.0438451e+02
   9.2200000e+01   1.2916000e+02   2.0645091e+00
   9.2300000e+01   4.0160000e+01   3.3624509e+01
   9.2400000e+01   1.7516000e+02   9.5224509e+01
   9.2500000e+01   1.7716000e+02   3.9144509e+01
   9.2600000e+01   2.4416000e+02   1.0146451e+02
   9.2700000e+01   1.7116000e+02   1.1838451e+02
   9.2800000e+01   1.1716000e+02  -1.1455491e+01
   9.2900000e+01   1.1316000e+02  -3.5295491e+01
   9.3000000e+01   1.7616000e+02  -1.3815491e+01
   9.3100000e+01   1.6316000e+02   8.8704509e+01
   9.3200000e+01   2.4916000e+02   5.4264509e+01
   9.3300000e+01   2.0616000e+02  -7.9015491e+01
   9.3400000e+01   1.2916000e+02   8.8064509e+01
   9.3500000e+01   2.7416000e+02  -3.7735491e+01
   9.3600000e+01   1.6216000e+02  -1.0425549e+02
   9.3700000e+01   1.9816000e+02  -4.0695491e+01
   9.3800000e+01   1.8416000e+02   1.5864509e+01
   9.3900000e+01   1.7116000e+02  -2.1615491e+01
   9.4000000e+01   1.7016000e+02  -7.6575491e+01
   9.4100000e+01   6.4160000e+01   2.8664509e+01
   9.4200000e+01   1.3416000e+02  -5.2135491e+01
   9.4300000e+01   3.3016000e+02   1.4024509e+01
   9.4400000e+01   2.1916000e+02  -8.3535491e+01
   9.4500000e+01   2.0516000e+02   3.7024509e+01
   9.4600000e+01   5.8160000e+01   1.6190451e+02
   9.4700000e+01  -8.4000000e-01   9.6264509e+01
   9.4800000e+01   3.9216000e+02   4.6544509e+01
   9.4900000e+01   2.8416000e+02  -3.2135491e+01
   9.5000000e+01   2.6516000e+02  -2.7375491e+01
   9.5100000e+01   2.5816000e+02  -2.0095491e+01
   9.5200000e+01   1.8716000e+02   1.7445091e+00
   9.5300000e+01   9.5160000e+01   5.0424509e+01
   9.5400000e+01   2.2116000e+02   2.7384509e+01
   9.5500000e+01   1.4516000e+02   8.3424509e+01
   9.5600000e+01   2.3816000e+02   5.0704509e+01
   9.5700000e+01   3.0516000e+02   7.8024509e+01
   9.5800000e+01   3.1216000e+02   2.9744509e+01
   9.5900000e+01   2.1516000e+02   8.6624509e+01
   9.6000000e+01   9.9160000e+01   3.2645091e+00
   9.6100000e+01   1.8316000e+02  -4.8095491e+01
   9.6200000e+01   2.5716000e+02   5.4944509e+01
   9.6300000e+01   1.3016000e+02   9.7024509e+01
   9.6400000e+01   1.6316000e+02  -5.2295491e+01
   9.6500000e+01   2.2716000e+02  -1.7855491e+01
   9.6600000e+01   1.8416000e+02   1.8864509e+01
   9.6700000e+01   9.1160000e+01   9.5845091e+00
   9.6800000e+01   2.5116000e+02  -3.1815491e+01
   9.6900000e+01   7.4160000e+01  -1.2735491e+01
   9.7000000e+01   1.9716000e+02  -2.6655491e+01
   9.7100000e+01   1.8616000e+02   6.7845091e+00
   9.7200000e+01   3.2116000e+02  -1.0061549e+02
   9.7300000e+01   7.2160000e+01   3.3344509e+01
   9.7400000e+01   3.8160000e+01  -9.2954909e+00
   9.7500000e+01   2.2116000e+02   1.0138451e+02
   9.7600000e+01   1.6116000e+02   3.2784509e+01
   9.7700000e+01   9.5160000e+01  -4.7575491e+01
   9.7800000e+01   7.1160000e+01   2.9384509e+01
   9.7900000e+01   1.5216000e+02   8.1144509e+01
   9.8000000e+01   1.8916000e+02  -3.5335491e+01
   9.8100000e+01   1.1116000e+02   6.6784509e+01
   9.8200000e+01   1.0116000e+02  -1.2815491e+01
   9.8300000e+01   1.8316000e+02  -6.4095491e+01
   9.8400000e+01   1.2916000e+02   7.8064509e+01
   9.8500000e+01   2.5816000e+02  -6.1095491e+01
   9.8600000e+01   2.8016000e+02  -3.2975491e+01
   9.8700000e+01   1.0516000e+02  -5.7975491e+01
   9.8800000e+01   2.7916000e+02  -2.9354909e+00
   9.8900000e+01   1.0116000e+02   1.8184509e+01
   9.9000000e+01   2.1616000e+02  -8.5415491e+01
   9.9100000e+01   4.2160000e+01  -2.1455491e+01
   9.9200000e+01   9.4160000e+01  -8.0535491e+01
   9.9300000e+01   5.9160000e+01  -2.4135491e+01
   9.9400000e+01  -2.1840000e+01   6.7104509e+01
   9.9500000e+01   2.4516000e+02  -4.0575491e+01
   9.9600000e+01   2.0316000e+02   7.8104509e+01
   9.9700000e+01   2.1816000e+02  -4.4954909e+00
   9.9800000e+01   1.6416000e+02   1.0166451e+02
   9.9900000e+01   1.7316000e+02   9.1304509e+01
   1.0000000e+02   2.2816000e+02   8.6104509e+01
   1.0010000e+02   1.4816000e+02   2.1304509e+01
   1.0020000e+02   1.6616000e+02   1.0258451e+02
   1.0030000e+02   3.6160000e+01   3.7784509e+01
   1.0040000e+02   9.0160000e+01  -8.1375491e+01
   1.0050000e+02   1.1816000e+02   2.5045091e+00
   1.0060000e+02   2.3716000e+02  -8.3255491e+01
   1.0070000e+02   1.2016000e+02   2.1424509e+01
   1.0080000e+02   1.2216000e+02  -1.6554909e+00
   1.0090000e+02   6.3160000e+01  -1.7295491e+01
   1.0100000e+02   1.3616000e+02  -7.2215491e+01
   1.0110000e+02   1.5160000e+01   4.0624509e+01
   1.0120000e+02   1.9016000e+02  -5.3375491e+01
   1.0130000e+02   1.4116000e+02  -8.4415491e+01
   1.0140000e+02   1.1916000e+02   6.5464509e+01
   1.0150000e+02   1.6816000e+02  -4.0495491e+01
   1.0160000e+02   2.1816000e+02  -3.3495491e+01
   1.0170000e+02   1.1916000e+02  -2.3535491e+01
   1.0180000e+02   5.7160000e+01  -3.3055491e+01
   1.0190000e+02   1.8416000e+02  -7.1135491e+01
   1.0200000e+02   1.8116000e+02  -1.6015491e+01
   1.0210000e+02   3.3716000e+02   2.7744509e+01
   1.0220000e+02   2.5016000e+02  -1.5775491e+01
   1.0230000e+02   8.3160000e+01   1.9045091e+00
   1.0240000e+02   1.8916000e+02  -1.1335491e+01
   1.0250000e+02   2.0916000e+02  -4.0135491e+01
   1.0260000e+02   7.7160000e+01  -4.6855491e+01
   1.0270000e+02   2.4316000e+02   2.2504509e+01
   1.0280000e+02   2.6616000e+02   4.0584509e+01
   1.0290000e+02   2.0516000e+02   9.0245091e+00
   1.0300000e+02   2.1160000e+01   5.8384509e+01
   1.0310000e+02   4.9160000e+01   7.2645091e+00
   1.0320000e+02   1.9916000e+02  -3.4735491e+01
   1.0330000e+02   1.0116000e+02   9.3184509e+01
   1.0340000e+02   1.4916000e+02  -2.2735491e+01
   1.0350000e+02   2.5616000e+02   5.3984509e+01
   1.0360000e+02   2.0716000e+02   1.8944509e+01
   1.0370000e+02   2.0916000e+02   6.0864509e+01
   1.0380000e+02   2.1916000e+02  -6.7535491e+01
   1.0390000e+02   3.7160000e+01   6.7445091e+00
   1.0400000e+02   3.7516000e+02  -7.7549091e-01
   1.0410000e+02   1.9016000e+02   3.4624509e+01
   1.0420000e+02   2.3616000e+02   8.6784509e+01
   1.0430000e+02   1.0716000e+02   9.9445091e+00
   1.0440000e+02   9.1600000e+00   8.0864509e+01
   1.0450000e+02   1.5016000e+02  -2.8775491e+01
   1.0460000e+02   3.7616000e+02   1.3318451e+02
   1.0470000e+02   2.1516000e+02   1.2462451e+02
   1.0480000e+02   1.2016000e+02   1.4424509e+01
   1.0490000e+02   2.5716000e+02  -4.1055491e+01
   1.0500000e+02   1.1416000e+02   2.6664509e+01
   1.0510000e+02   2.1816000e+02   8.5045091e+00
   1.0520000e+02   1.9316000e+02  -8.4954909e+00
   1.0530000e+02   1.4016000e+02  -2.0375491e+01
   1.0540000e+02   1.0116000e+02   3.6184509e+01
   1.0550000e+02   1.7716000e+02   1.6144509e+01
   1.0560000e+02   7.1160000e+01  -8.6154909e+00
   1.0570000e+02   2.6160000e+01   3.2184509e+01
   1.0580000e+02   3.6316000e+02   1.4770451e+02
   1.0590000e+02   7.1600000e+00   5.2944509e+01
   1.0600000e+02   1.9216000e+02   6.2544509e+01
   1.0610000e+02   1.6616000e+02  -4.8415491e+01
   1.0620000e+02   1.0616000e+02   4.9984509e+01
   1.0630000e+02   1.3516000e+02  -6.9175491e+01
   1.0640000e+02   1.2716000e+02   3.1144509e+01
   1.0650000e+02   1.9916000e+02   2.6450909e-01
   1.0660000e+02   2.0416000e+02  -3.3935491e+01
   1.0670000e+02   2.8316000e+02  -9.5490909e-02
   1.0680000e+02   1.9716000e+02  -1.5655491e+01
   1.0690000e+02   3.1016000e+02  -3.3175491e+01
   1.0700000e+02   2.5216000e+02   6.4144509e+01
   1.0710000e+02   2.9816000e+02   7.5304509e+01
   1.0720000e+02   2.0716000e+02  -2.1055491e+01
   1.0730000e+02   2.9416000e+02   4.2464509e+01
   1.0740000e+02   2.5916000e+02   6.4864509e+01
   1.0750000e+02   1.8516000e+02  -2.5175491e+01
   1.0760000e+02   2.1616000e+02   5.5845091e+00
   1.0770000e+02   1.9116000e+02   4.4584509e+01
   1.0780000e+02   1.2616000e+02   4.9184509e+01
   1.0790000e+02   1.6216000e+02   6.5744509e+01
   1.0800000e+02   3.0616000e+02   6.0984509e+01
   1.0810000e+02   9.6160000e+01  -6.1549091e-01
   1.0820000e+02   2.3116000e+02  -4.1015491e+01
   1.0830000e+02   6.3160000e+01  -2.4295491e+01
   1.0840000e+02   1.6716000e+02   3.5445091e+00
   1.0850000e+02   2.7616000e+02   6.5184509e+01
   1.0860000e+02   1.0016000e+02  -4.7754909e+00
   1.0870000e+02   1.5816000e+02   3.4904509e+01
   1.0880000e+02   2.7116000e+02   3.8384509e+01
   1.0890000e+02   1.6916000e+02   1.1546451e+02
   1.0900000e+02   1.5316000e+02   5.0104509e+01
   1.0910000e+02   1.6616000e+02  -1.9415491e+01
   1.0920000e+02   1.8416000e+02   1.4586451e+02
   1.0930000e+02   1.5016000e+02  -1.5775491e+01
   1.0940000e+02   4.3160000e+01  -3.7495491e+01
   1.0950000e+02   2.9116000e+02  -9.4154909e+00
   1.0960000e+02   2.6416000e+02   2.5664509e+01
   1.0970000e+02   2.0416000e+02   3.9064509e+01
   1.0980000e+02   2.5116000e+02   8.7184509e+01
   1.0990000e+02   2.4116000e+02   2.4584509e+01
   1.1000000e+02   2.6416000e+02  -4.6335491e+01
   1.1010000e+02   1.2216000e+02   3.9344509e+01
   1.1020000e+02   1.7816000e+02  -4.3895491e+01
   1.1030000e+02   1.7516000e+02  -7.7549091e-01
   1.1040000e+02   1.4916000e+02  -6.1735491e+01
   1.1050000e+02   1.7416000e+02  -3.9735491e+01
   1.1060000e+02   1.7016000e+02   2.4245091e+00
   1.1070000e+02   1.0216000e+02   5.1445091e+00
   1.1080000e+02   1.0160000e+01   4.6824509e+01
   1.1090000e+02   4.4160000e+01  -3.4535491e+01
   1.1100000e+02   2.2616000e+02   4.1845091e+00
   1.1110000e+02   2.2416000e+02   4.8264509e+01
   1.1120000e+02   2.4016000e+02   2.8624509e+01
   1.1130000e+02   1.9016000e+02   1.3624509e+01
   1.1140000e+02   1.7016000e+02   9.0424509e+01
   1.1150000e+02   2.8316000e+02   6.2904509e+01
   1.1160000e+02   3.1816000e+02   7.8504509e+01
   1.1170000e+02   2.8216000e+02   1.1394451e+02
   1.1180000e+02   2.6116000e+02  -2.3215491e+01
   1.1190000e+02   3.4816000e+02  -2.9695491e+01
   1.1200000e+02   2.7316000e+02   1.1304509e+01
   1.1210000e+02   1.8016000e+02   4.2024509e+01
   1.1220000e+02   2.4416000e+02   1.4645091e+00
   1.1230000e+02   2.4516000e+02   2.8424509e+01
   1.1240000e+02   2.3116000e+02   4.7984509e+01
   1.1250000e+02   2.2316000e+02  -3.6695491e+01
   1.1260000e+02   2.0916000e+02   4.1864509e+01
   1.1270000e+02   2.0616000e+02   5.5984509e+01
   1.1280000e+02   4.6116000e+02  -5.1215491e+01
   1.1290000e+02   3.5916000e+02  -4.3135491e+01
   1.1300000e+02   2.3316000e+02   2.6904509e+01
   1.1310000e+02   7.0160000e+01  -2.5754909e+00
   1.1320000e+02   1.0616000e+02   1.4984509e+01
   1.1330000e+02   1.4616000e+02   5.5384509e+01
   1.1340000e+02   1.4516000e+02   3.2424509e+01
   1.1350000e+02   2.6516000e+02  -3.8375491e+01
   1.1360000e+02   9.0160000e+01  -4.7375491e+01
   1.1370000e+02   8.6160000e+01  -3.2154909e+00
   1.1380000e+02   8.8160000e+01   2.2704509e+01
   1.1390000e+02   1.6616000e+02  -5.5415491e+01
   1.1400000e+02   1.3160000e+01  -5.2954909e+00
   1.1410000e+02   3.0916000e+02  -9.2135491e+01
   1.1420000e+02   1.5916000e+02   5.6864509e+01
   1.1430000e+02   3.4716000e+02  -3.4655491e+01
   1.1440000e+02   2.9116000e+02   8.4584509e+01
   1.1450000e+02   3.0116000e+02  -5.9815491e+01
   1.1460000e+02   1.9116000e+02  -7.1415491e+01
   1.1470000e+02   2.0016000e+02  -3.1775491e+01
   1.1480000e+02   2.8816000e+02  -6.2954909e+00
   1.1490000e+02   2.3216000e+02   1.9445091e+00
   1.1500000e+02   1.5416000e+02   1.9064509e+01
   1.1510000e+02   1.3216000e+02   7.9445091e+00
   1.1520000e+02   1.4160000e+01   3.2664509e+01
   1.1530000e+02   3.2416000e+02  -5.2735491e+01
   1.1540000e+02   2.6716000e+02   4.9544509e+01
   1.1550000e+02   3.2716000e+02  -2.1855491e+01
   1.1560000e+02   1.8216000e+02   1.0694451e+02
   1.1570000e+02   1.7916000e+02  -3.9354909e+00
   1.1580000e+02   2.7416000e+02   2.3264509e+01
   1.1590000e+02   1.9616000e+02  -5.9615491e+01
   1.1600000e+02   1.8416000e+02   5.2864509e+01
   1.1610000e+02   3.4616000e+02  -1.6615491e+01
   1.1620000e+02   1.1216000e+02   2.8744509e+01
   1.1630000e+02   1.2016000e+02  -3.2575491e+01
   1.1640000e+02   1.4816000e+02  -4.6695491e+01
   1.1650000e+02   1.5616000e+02   5.6984509e+01
   1.1660000e+02   1.0316000e+02   9.1045091e+00
   1.1670000e+02   2.5316000e+02  -2.4895491e+01
   1.1680000e+02   8.6160000e+01  -4.5215491e+01
   1.1690000e+02   3.7816000e+02  -1.8954909e+00
   1.1700000e+02   2.9116000e+02   4.7584509e+01
   1.1710000e+02   4.0816000e+02   7.9045091e+00
   1.1720000e+02   1.9716000e+02   3.5344509e+01
   1.1730000e+02   2.0916000e+02  -3.2135491e+01
   1.1740000e+02   7.2160000e+01   6.6344509e+01
   1.1750000e+02   3.4016000e+02  -6.6375491e+01
   1.1760000e+02   2.1416000e+02  -2.3335491e+01
   1.1770000e+02   1.7916000e+02  -4.9935491e+01
   1.1780000e+02   1.6116000e+02  -5.7215491e+01
   1.1790000e+02   1.2716000e+02  -2.4855491e+01
   1.1800000e+02   1.4216000e+02  -4.1455491e+01
   1.1810000e+02  -5.8400000e+00   1.0146451e+02
   1.1820000e+02   1.5616000e+02   3.4984509e+01
   1.1830000e+02   1.1516000e+02   3.8624509e+01
   1.1840000e+02   1.0916000e+02  -1.6135491e+01
   1.1850000e+02   8.8160000e+01  -3.4295491e+01
   1.1860000e+02   6.3160000e+01  -1.3295491e+01
   1.1870000e+02   1.2616000e+02   2.2184509e+01
   1.1880000e+02   8.9160000e+01  -7.4335491e+01
   1.1890000e+02   1.8216000e+02   6.1944509e+01
   1.1900000e+02   1.7016000e+02   1.2842451e+02
   1.1910000e+02   2.4516000e+02  -2.5754909e+00
   1.1920000e+02   1.2160000e+01   1.1274451e+02
   1.1930000e+02   1.1816000e+02   3.6504509e+01
   1.1940000e+02   2.0016000e+02  -6.8775491e+01
   1.1950000e+02   9.0160000e+01  -1.2375491e+01
   1.1960000e+02   2.1816000e+02  -1.1549549e+02
   1.1970000e+02   7.0160000e+01  -3.2575491e+01
   1.1980000e+02   1.2016000e+02  -7.5754909e+00
   1.1990000e+02   2.5416000e+02  -8.6935491e+01
   1.2000000e+02   2.3916000e+02  -4.2335491e+01
   1.2010000e+02   2.3016000e+02   2.5024509e+01
   1.2020000e+02   1.3616000e+02  -1.8215491e+01
   1.2030000e+02   1.3616000e+02   1.2778451e+02
   1.2040000e+02   2.9516000e+02   9.4245091e+00
   1.2050000e+02   3.3216000e+02   2.9445091e+00
   1.2060000e+02   1.7916000e+02   1.2006451e+02
   1.2070000e+02   2.0216000e+02   7.4144509e+01
   1.2080000e+02   2.7616000e+02   7.4184509e+01
   1.2090000e+02   5.3160000e+01  -2.7895491e+01
   1.2100000e+02   2.2516000e+02   7.0224509e+01
   1.2110000e+02   2.0716000e+02  -3.3055491e+01
   1.2120000e+02   4.8160000e+01   2.2304509e+01
   1.2130000e+02   1.4416000e+02  -4.8535491e+01
   1.2140000e+02   7.1160000e+01   4.2384509e+01
   1.2150000e+02   1.4316000e+02   8.1504509e+01
   1.2160000e+02   1.6916000e+02   2.2464509e+01
   1.2170000e+02   3.0516000e+02   5.7024509e+01
   1.2180000e+02   1.0616000e+02   3.9984509e+01
   1.2190000e+02   1.7516000e+02  -1.0775491e+01
   1.2200000e+02   3.9916000e+02   3.7264509e+01
   1.2210000e+02   1.8016000e+02   8.4024509e+01
   1.2220000e+02   2.1516000e+02  -5.6375491e+01
   1.2230000e+02   2.1016000e+02   2.2824509e+01
   1.2240000e+02   2.1016000e+02   5.4824509e+01
   1.2250000e+02   7.5160000e+01  -2.7775491e+01
   1.2260000e+02   7.9160000e+01   3.8064509e+01
   1.2270000e+02   2.3416000e+02  -1.0135491e+01
   1.2280000e+02   1.6616000e+02   1.3584509e+01
   1.2290000e+02   2.0216000e+02   4.3144509e+01
   1.2300000e+02   2.1116000e+02   2.3784509e+01
   1.2310000e+02   2.0816000e+02   1.3390451e+02
   1.2320000e+02   1.8516000e+02   2.0824509e+01
   1.2330000e+02   9.6160000e+01   1.4538451e+02
   1.2340000e+02   3.2616000e+02   2.9184509e+01
   1.2350000e+02   9.3160000e+01   5.0504509e+01
   1.2360000e+02   2.5616000e+02  -5.7015491e+01
   1.2370000e+02   1.9916000e+02  -1.5735491e+01
   1.2380000e+02   1.5516000e+02   6.1024509e+01
   1.2390000e+02   2.7316000e+02   5.3045091e+00
   1.2400000e+02   1.8616000e+02  -3.2154909e+00
   1.2410000e+02   2.2016000e+02   6.4245091e+00
   1.2420000e+02   1.2916000e+02   1.8064509e+01
   1.2430000e+02   1.1616000e+02   6.4584509e+01
   1.2440000e+02   2.8416000e+02  -2.7135491e+01
   1.2450000e+02   2.8416000e+02  -3.5135491e+01
   1.2460000e+02   1.6816000e+02  -1.1495491e+01
   1.2470000e+02   8.8160000e+01  -1.1029549e+02
   1.2480000e+02   2.4716000e+02   9.3445091e+00
   1.2490000e+02   2.6916000e+02   6.9464509e+01
   1.2500000e+02   3.8016000e+02  -6.2975491e+01
   1.2510000e+02   2.7616000e+02  -4.7815491e+01
   1.2520000e+02   2.9516000e+02   3.7424509e+01
   1.2530000e+02   1.9616000e+02   3.3384509e+01
   1.2540000e+02   1.8616000e+02  -6.8215491e+01
   1.2550000e+02   1.2816000e+02  -2.0895491e+01
   1.2560000e+02   1.7616000e+02   3.6184509e+01
   1.2570000e+02   3.3160000e+01  -2.9095491e+01
   1.2580000e+02   3.2416000e+02  -5.3735491e+01
   1.2590000e+02   3.7216000e+02   1.7344509e+01
   1.2600000e+02   2.2616000e+02   2.7184509e+01
   1.2610000e+02   2.2916000e+02  -3.7935491e+01
   1.2620000e+02   2.0116000e+02  -3.0815491e+01
   1.2630000e+02   1.4016000e+02   1.4624509e+01
   1.2640000e+02   1.2916000e+02   3.1064509e+01
   1.2650000e+02   2.5216000e+02  -5.2855491e+01
   1.2660000e+02   1.5316000e+02  -1.1895491e+01
   1.2670000e+02   1.9816000e+02  -4.3695491e+01
   1.2680000e+02   3.0016000e+02   3.8224509e+01
   1.2690000e+02   3.1816000e+02  -2.8495491e+01
   1.2700000e+02   1.7716000e+02   4.3144509e+01
   1.2710000e+02   2.1216000e+02  -5.1255491e+01
   1.2720000e+02   2.2416000e+02  -4.3735491e+01
   1.2730000e+02   2.2816000e+02  -5.5895491e+01
   1.2740000e+02   8.0160000e+01  -1.5975491e+01
   1.2750000e+02   2.0016000e+02  -3.4775491e+01
   1.2760000e+02   3.8016000e+02  -9.9754909e+00
   1.2770000e+02   1.7616000e+02  -2.6815491e+01
   1.2780000e+02   1.6416000e+02   1.9664509e+01
   1.2790000e+02   1.9016000e+02   2.1624509e+01
   1.2800000e+02   1.0716000e+02   1.3944509e+01
   1.2810000e+02   1.8516000e+02   8.5824509e+01
   1.2820000e+02   1.8516000e+02   8.8245091e+00
   1.2830000e+02   4.1716000e+02   1.2754451e+02
   1.2840000e+02   1.2116000e+02   6.7384509e+01
   1.2850000e+02   3.0616000e+02   3.9845091e+00
   1.2860000e+02   3.0716000e+02  -8.1055491e+01
   1.2870000e+02   2.4616000e+02  -3.4615491e+01
   1.2880000e+02   1.3116000e+02   5.1984509e+01
   1.2890000e+02   2.4116000e+02   1.2758451e+02
   1.2900000e+02   2.5816000e+02   6.7904509e+01
   1.2910000e+02   2.6916000e+02  -7.3535491e+01
   1.2920000e+02   2.5316000e+02  -3.2895491e+01
   1.2930000e+02   1.6116000e+02   3.8784509e+01
   1.2940000e+02   1.0916000e+02   7.6864509e+01
   1.2950000e+02   2.5716000e+02   5.7944509e+01
   1.2960000e+02   2.4516000e+02   1.2424509e+01
   1.2970000e+02   2.6816000e+02  -5.3495491e+01
   1.2980000e+02   1.0716000e+02   1.8944509e+01
   1.2990000e+02   1.4160000e+01  -3.3549091e-01
   1.3000000e+02   3.5516000e+02   4.4024509e+01
   1.3010000e+02   1.2416000e+02  -1.4735491e+01
   1.3020000e+02   2.1716000e+02   4.6544509e+01
   1.3030000e+02   2.6416000e+02   2.4664509e+01
   1.3040000e+02   1.9216000e+02   1.4544509e+01
   1.3050000e+02   8.0160000e+01  -4.2975491e+01
   1.3060000e+02   1.2116000e+02  -4.6154909e+00
   1.3070000e+02   1.5016000e+02   5.8224509e+01
   1.3080000e+02   2.5216000e+02   4.4144509e+01
   1.3090000e+02   1.3616000e+02  -2.4215491e+01
   1.3100000e+02   9.2160000e+01   3.0544509e+01
   1.3110000e+02   2.7216000e+02  -4.1655491e+01
   1.3120000e+02   1.3716000e+02  -8.6255491e+01
   1.3130000e+02   1.5216000e+02   1.0914451e+02
   1.3140000e+02   2.7916000e+02   1.4706451e+02
   1.3150000e+02   1.5216000e+02  -1.0855491e+01
   1.3160000e+02   1.3816000e+02  -4.1295491e+01
   1.3170000e+02   2.3516000e+02  -7.1754909e+00
   1.3180000e+02   2.1716000e+02  -8.4554909e+00
   1.3190000e+02   1.5316000e+02   2.1045091e+00
   1.3200000e+02   1.7716000e+02  -3.4855491e+01
   1.3210000e+02   2.3416000e+02  -5.9135491e+01
   1.3220000e+02   3.0416000e+02  -5.0935491e+01
   1.3230000e+02   1.9116000e+02  -2.4154909e+00
   1.3240000e+02   1.4916000e+02   4.2645091e+00
   1.3250000e+02   1.6016000e+02  -5.7175491e+01
   1.3260000e+02   2.3716000e+02  -4.2255491e+01
   1.3270000e+02   8.6160000e+01   2.2784509e+01
   1.3280000e+02   1.8816000e+02  -8.0295491e+01
   1.3290000e+02   2.0316000e+02   1.1045091e+00
   1.3300000e+02   5.0160000e+01   1.8224509e+01
   1.3310000e+02   2.1916000e+02  -3.0535491e+01
   1.3320000e+02   9.6160000e+01  -3.1615491e+01
   1.3330000e+02   2.8616000e+02  -8.2154909e+00
   1.3340000e+02   2.6516000e+02   4.7624509e+01
   1.3350000e+02   2.1816000e+02   4.9504509e+01
   1.3360000e+02   6.2160000e+01   2.4744509e+01
   1.3370000e+02   1.6616000e+02   5.8584509e+01
   1.3380000e+02   2.1216000e+02   7.4744509e+01
   1.3390000e+02   1.9516000e+02   4.5424509e+01
   1.3400000e+02   9.8160000e+01   1.5304509e+01
   1.3410000e+02   3.2816000e+02  -3.1895491e+01
   1.3420000e+02   2.0916000e+02   1.0786451e+02
   1.3430000e+02   3.8160000e+01   3.0704509e+01
   1.3440000e+02   3.3160000e+01  -6.0954909e+00
   1.3450000e+02   1.0160000e+01  -5.1754909e+00
   1.3460000e+02   4.1600000e+00   9.0645091e+00
   1.3470000e+02  -4.6840000e+01   4.3104509e+01
   1.3480000e+02   1.7160000e+01   5.8544509e+01
   1.3490000e+02  -5.5840000e+01  -1.5535491e+01
   1.3500000e+02   1.0160000e+01   6.0824509e+01
   1.3510000e+02  -1.9840000e+01   2.8024509e+01
   1.3520000e+02   5.8160000e+01  -8.7095491e+01
   1.3530000e+02   8.4160000e+01   8.6450909e-01
   1.3540000e+02   1.4316000e+02   1.1750451e+02
   1.3550000e+02   1.8316000e+02  -4.4095491e+01
   1.3560000e+02   3.3160000e+01   4.5904509e+01
   1.3570000e+02  -6.7840000e+01   5.7944509e+01
   1.3580000e+02   9.6160000e+01  -1.9615491e+01
   1.3590000e+02   2.4160000e+01  -6.4735491e+01
   1.3600000e+02   1.0716000e+02   1.5944509e+01
   1.3610000e+02  -5.8840000e+01   1.5845091e+00
   1.3620000e+02  -6.5840000e+01  -6.1354909e+00
   1.3630000e+02   1.6160000e+01  -2.8415491e+01
   1.3640000e+02   1.0416000e+02   1.7206451e+02
   1.3650000e+02   9.3160000e+01  -5.3495491e+01
   1.3660000e+02  -3.9840000e+01   7.8824509e+01
   1.3670000e+02   3.4160000e+01  -2.7135491e+01
   1.3680000e+02  -7.8400000e+00   4.5544509e+01
   1.3690000e+02   1.2516000e+02   5.5224509e+01
   1.3700000e+02  -3.1840000e+01   4.5045091e+00
   1.3710000e+02   4.5160000e+01  -2.3575491e+01
   1.3720000e+02  -1.1840000e+01  -9.4295491e+01
   1.3730000e+02   2.6160000e+01   6.9184509e+01
   1.3740000e+02   1.2516000e+02  -3.7754909e+00
   1.3750000e+02   1.8616000e+02  -4.7215491e+01
   1.3760000e+02   4.5160000e+01  -6.1575491e+01
   1.3770000e+02   5.5160000e+01  -4.7975491e+01
   1.3780000e+02   8.1160000e+01   1.0984509e+01
   1.3790000e+02   8.4160000e+01   1.7864509e+01
   1.3800000e+02   1.1516000e+02   1.7062451e+02
   1.3810000e+02   5.2160000e+01   1.2144509e+01
   1.3820000e+02   2.0716000e+02  -4.1055491e+01
   1.3830000e+02   1.2816000e+02   7.5104509e+01
   1.3840000e+02   1.4916000e+02   4.7264509e+01
   1.3850000e+02   5.9160000e+01   3.1864509e+01
   1.3860000e+02  -1.1840000e+01  -2.9549091e-01
   1.3870000e+02   6.0160000e+01   1.9824509e+01
   1.3880000e+02  -2.4840000e+01   3.2245091e+00
   1.3890000e+02   7.8160000e+01   4.8104509e+01
   1.3900000e+02  -6.3840000e+01  -2.1549091e-01
   1.3910000e+02   1.0916000e+02   1.8645091e+00
   1.3920000e+02   2.3116000e+02  -7.0154909e+00
   1.3930000e+02   6.5160000e+01  -7.8375491e+01
   1.3940000e+02   3.1160000e+01  -4.2015491e+01
   1.3950000e+02  -4.1840000e+01   1.2490451e+02
   1.3960000e+02  -1.1840000e+01  -2.1295491e+01
   1.3970000e+02   2.3160000e+01  -7.3695491e+01
   1.3980000e+02   3.7160000e+01   5.0744509e+01
   1.3990000e+02   9.3160000e+01   1.0504509e+01
   1.4000000e+02  -5.2840000e+01   1.1934451e+02
   1.4010000e+02   5.0160000e+01   3.9224509e+01
   1.4020000e+02  -3.8400000e+00   3.2384509e+01
   1.4030000e+02   8.8160000e+01   2.3704509e+01
   1.4040000e+02   4.0160000e+01   8.9624509e+01
   1.4050000e+02   5.5160000e+01   5.4024509e+01
   1.4060000e+02   9.2160000e+01   2.9544509e+01
   1.4070000e+02   8.4160000e+01   2.1864509e+01
   1.4080000e+02  -1.2840000e+01   8.7445091e+00
   1.4090000e+02   1.6160000e+01  -7.6415491e+01
   1.4100000e+02  -3.9840000e+01   1.3824509e+01
   1.4110000e+02   1.2160000e+01  -5.5255491e+01
   1.4120000e+02   4.0160000e+01   3.5624509e+01
   1.4130000e+02   1.3116000e+02   1.5998451e+02
   1.4140000e+02   8.0160000e+01  -2.8975491e+01
   1.4150000e+02   5.2160000e+01  -7.5855491e+01
   1.4160000e+02  -2.1840000e+01   1.1045091e+00
   1.4170000e+02   3.6160000e+01   1.1378451e+02
   1.4180000e+02   8.1600000e+00  -1.1095491e+01
   1.4190000e+02  -6.2840000e+01   1.1174451e+02
   1.4200000e+02  -1.9840000e+01  -5.9754909e+00
   1.4210000e+02   5.0160000e+01   8.9224509e+01
   1.4220000e+02   1.9616000e+02   2.3384509e+01
   1.4230000e+02  -3.7840000e+01  -1.2554909e+00
   1.4240000e+02   6.1160000e+01  -7.3215491e+01
   1.4250000e+02   1.0716000e+02   1.0994451e+02
   1.4260000e+02   4.6160000e+01  -6.0615491e+01
   1.4270000e+02   2.1160000e+01   7.4384509e+01
   1.4280000e+02   1.3916000e+02   3.0664509e+01
   1.4290000e+02   1.6016000e+02   3.8245091e+00
   1.4300000e+02   1.9616000e+02   6.7384509e+01
   1.4310000e+02   1.6160000e+01   1.1584509e+01
   1.4320000e+02   1.1616000e+02   1.8584509e+01
   1.4330000e+02   5.7160000e+01  -1.8055491e+01
   1.4340000e+02   3.5160000e+01   8.8245091e+00
   1.4350000e+02   7.0160000e+01   2.4245091e+00
   1.4360000e+02   1.0160000e+01  -9.4175491e+01
   1.4370000e+02  -2.8400000e+00   3.9344509e+01
   1.4380000e+02  -1.1840000e+01  -1.2295491e+01
   1.4390000e+02   5.7160000e+01   4.1944509e+01
   1.4400000e+02  -5.8400000e+00   5.7464509e+01
   1.4410000e+02   1.1816000e+02  -3.5495491e+01
   1.4420000e+02   1.3160000e+01   5.5704509e+01
   1.4430000e+02   6.0160000e+01   2.2824509e+01
   1.4440000e+02   6.1600000e+00   2.3984509e+01
   1.4450000e+02   1.0816000e+02   1.0904509e+01
   1.4460000e+02   1.5160000e+01  -8.0375491e+01
   1.4470000e+02  -1.2840000e+01  -3.0255491e+01
   1.4480000e+02   1.2116000e+02   4.6384509e+01
   1.4490000e+02   2.1600000e+00   1.1144509e+01
   1.4500000e+02   2.9016000e+02  -1.2375491e+01
   1.4510000e+02   7.9160000e+01  -5.4935491e+01
   1.4520000e+02   1.1916000e+02  -2.8535491e+01
   1.4530000e+02   8.8160000e+01   1.3704509e+01
   1.4540000e+02  -7.8400000e+00  -9.8455491e+01
   1.4550000e+02  -1.3840000e+01   1.5178451e+02
   1.4560000e+02   5.3160000e+01   1.0210451e+02
   1.4570000e+02  -1.0984000e+02  -3.7375491e+01
   1.4580000e+02   1.2116000e+02   4.3384509e+01
   1.4590000e+02   1.1216000e+02  -6.6255491e+01
   1.4600000e+02   1.5116000e+02   2.6184509e+01
   1.4610000e+02   3.4160000e+01  -3.5135491e+01
   1.4620000e+02   3.4160000e+01   7.6864509e+01
   1.4630000e+02  -1.3840000e+01   2.7784509e+01
   1.4640000e+02  -4.3840000e+01   5.9845091e+00
   1.4650000e+02  -3.0840000e+01  -6.3535491e+01
   1.4660000e+02   1.1116000e+02  -2.8215491e+01
   1.4670000e+02   3.0160000e+01  -8.1975491e+01
   1.4680000e+02   4.2160000e+01  -1.8455491e+01
   1.4690000e+02   3.4160000e+01   9.9864509e+01
   1.4700000e+02  -4.7840000e+01   3.6144509e+01
   1.4710000e+02   8.0160000e+01  -4.8975491e+01
   1.4720000e+02  -7.8400000e+00  -7.7455491e+01
   1.4730000e+02  -2.6840000e+01   2.1304509e+01
   1.4740000e+02  -6.8400000e+00  -2.7495491e+01
   1.4750000e+02  -2.8840000e+01  -6.1615491e+01
   1.4760000e+02   1.1016000e+02   1.3824509e+01
   1.4770000e+02  -2.4840000e+01  -1.7754909e+00
   1.4780000e+02   9.1160000e+01  -2.2415491e+01
   1.4790000e+02  -1.7840000e+01  -3.1055491e+01
   1.4800000e+02  -1.0784000e+02  -8.1455491e+01
   1.4810000e+02   9.3160000e+01   6.4504509e+01
   1.4820000e+02   4.1160000e+01   6.6584509e+01
   1.4830000e+02  -5.6840000e+01  -3.6495491e+01
   1.4840000e+02   7.2160000e+01  -5.6655491e+01
   1.4850000e+02   3.7160000e+01   1.7744509e+01
   1.4860000e+02   8.1160000e+01  -8.1015491e+01
   1.4870000e+02   3.1600000e+00  -7.1895491e+01
   1.4880000e+02  -3.1840000e+01   1.2504509e+01
   1.4890000e+02   4.0160000e+01  -4.2375491e+01
   1.4900000e+02  -9.6840000e+01  -1.1789549e+02
   1.4910000e+02   8.3160000e+01   1.5904509e+01
   1.4920000e+02   1.1600000e+00   3.9184509e+01
   1.4930000e+02   1.6000000e-01  -5.0775491e+01
   1.4940000e+02  -9.8400000e+00  -2.8375491e+01
   1.4950000e+02   5.4160000e+01   1.8064509e+01
   1.4960000e+02   1.0216000e+02  -6.3855491e+01
   1.4970000e+02   1.1160000e+01  -6.0215491e+01
   1.4980000e+02  -4.6840000e+01   2.3104509e+01
   1.4990000e+02   8.1160000e+01  -2.5015491e+01
   1.5000000e+02   7.1160000e+01  -4.6615491e+01
   1.5010000e+02   1.0160000e+01   5.0824509e+01
   1.5020000e+02  -8.2840000e+01  -4.7455491e+01
   1.5030000e+02  -2.3840000e+01   3.1184509e+01
   1.5040000e+02   1.0716000e+02   2.9944509e+01
   1.5050000e+02  -1.3684000e+02   7.2704509e+01
   1.5060000e+02  -1.9840000e+01   2.7024509e+01
   1.5070000e+02   1.8160000e+01  -6.0495491e+01
   1.5080000e+02   5.9160000e+01  -2.9135491e+01
   1.5090000e+02   8.1160000e+01   6.6984509e+01
   1.5100000e+02   3.4160000e+01  -4.7135491e+01
   1.5110000e+02   9.1160000e+01  -9.3415491e+01
   1.5120000e+02   1.5916000e+02  -6.1135491e+01
   1.5130000e+02   3.3160000e+01  -9.0954909e+00
   1.5140000e+02  -7.8840000e+01  -4.6154909e+00
   1.5150000e+02   2.2816000e+02  -8.8895491e+01
   1.5160000e+02   1.7160000e+01   2.2544509e+01
   1.5170000e+02   7.3160000e+01  -5.5695491e+01
   1.5180000e+02   8.4160000e+01  -6.6135491e+01
   1.5190000e+02  -8.8400000e+00   4.8584509e+01
   1.5200000e+02  -4.8400000e+00   1.2424509e+01
   1.5210000e+02   1.7160000e+01   3.9544509e+01
   1.5220000e+02  -9.4840000e+01  -4.8975491e+01
   1.5230000e+02  -2.5840000e+01   7.0264509e+01
   1.5240000e+02  -2.7840000e+01   6.4344509e+01
   1.5250000e+02   3.9160000e+01   9.4664509e+01
   1.5260000e+02   9.2160000e+01   5.3544509e+01
   1.5270000e+02   1.6616000e+02  -2.1415491e+01
   1.5280000e+02   4.3160000e+01  -1.0749549e+02
   1.5290000e+02   4.7160000e+01  -3.7655491e+01
   1.5300000e+02   1.2816000e+02  -6.6895491e+01
   1.5310000e+02  -5.5840000e+01  -2.4535491e+01
   1.5320000e+02  -4.4840000e+01   2.5024509e+01
   1.5330000e+02   8.6160000e+01  -2.1215491e+01
   1.5340000e+02   1.4616000e+02  -5.6154909e+00
   1.5350000e+02   1.4416000e+02   7.9464509e+01
   1.5360000e+02   1.0916000e+02   3.7864509e+01
   1.5370000e+02   2.8160000e+01   1.5310451e+02
   1.5380000e+02   1.1116000e+02  -1.0321549e+02
   1.5390000e+02   5.6160000e+01   4.1984509e+01
   1.5400000e+02   5.5160000e+01   8.5024509e+01
   1.5410000e+02   5.9160000e+01  -3.1354909e+00
   1.5420000e+02  -3.8840000e+01  -1.5215491e+01
   1.5430000e+02   8.0160000e+01   1.6024509e+01
   1.5440000e+02   1.2160000e+01  -2.7255491e+01
   1.5450000e+02   3.0160000e+01  -2.7975491e+01
   1.5460000e+02   8.6160000e+01  -9.2154909e+00
   1.5470000e+02  -1.1884000e+02  -8.2015491e+01
   1.5480000e+02   2.4160000e+01  -1.4735491e+01
   1.5490000e+02   1.5816000e+02   6.9045091e+00
   1.5500000e+02  -8.2840000e+01  -9.4554909e+00
   1.5510000e+02   9.2160000e+01   9.5445091e+00
   1.5520000e+02   1.3616000e+02  -2.1215491e+01
   1.5530000e+02  -5.8840000e+01   1.0758451e+02
   1.5540000e+02  -3.0840000e+01  -1.4535491e+01
   1.5550000e+02   8.1600000e+00   8.9045091e+00
   1.5560000e+02  -4.9840000e+01  -4.3775491e+01
   1.5570000e+02   5.6160000e+01   2.0984509e+01
   1.5580000e+02  -1.4840000e+01   2.9824509e+01
   1.5590000e+02   1.3160000e+01  -6.7295491e+01
   1.5600000e+02   1.6316000e+02  -5.7295491e+01
   1.5610000e+02   9.1600000e+00  -3.0135491e+01
   1.5620000e+02   7.6160000e+01   9.7184509e+01
   1.5630000e+02   6.9160000e+01   4.6464509e+01
   1.5640000e+02  -3.8840000e+01   4.0784509e+01
   1.5650000e+02  -1.1840000e+01   4.0704509e+01
   1.5660000e+02   4.8160000e+01   8.9304509e+01
   1.5670000e+02  -5.1840000e+01   1.4304509e+01
   1.5680000e+02   2.7160000e+01  -5.8554909e+00
   1.5690000e+02   4.4160000e+01  -4.8535491e+01
   1.5700000e+02  -3.9840000e+01  -1.1175491e+01
   1.5710000e+02   5.1600000e+00   3.3024509e+01
   1.5720000e+02   9.1160000e+01   3.5845091e+00
   1.5730000e+02  -1.1284000e+02  -3.2255491e+01
   1.5740000e+02   1.0416000e+02  -2.2935491e+01
   1.5750000e+02   6.1160000e+01   7.5784509e+01
   1.5760000e+02   6.3160000e+01  -6.8295491e+01
   1.5770000e+02   1.2416000e+02  -2.8735491e+01
   1.5780000e+02   9.5160000e+01  -4.3575491e+01
   1.5790000e+02   1.1016000e+02   1.2282451e+02
   1.5800000e+02   7.8160000e+01  -1.1895491e+01
   1.5810000e+02   1.0160000e+01   2.4824509e+01
   1.5820000e+02   1.1600000e+00  -3.7815491e+01
   1.5830000e+02   9.3160000e+01  -9.1495491e+01
   1.5840000e+02  -2.3840000e+01  -7.8154909e+00
   1.5850000e+02   3.3160000e+01   2.8904509e+01
   1.5860000e+02   1.1316000e+02  -6.1295491e+01
   1.5870000e+02  -3.3840000e+01   1.3584509e+01
   1.5880000e+02  -5.4840000e+01   1.0742451e+02
   1.5890000e+02  -7.8400000e+00  -8.0455491e+01
   1.5900000e+02   1.6116000e+02   3.1784509e+01
   1.5910000e+02   2.4216000e+02  -1.8455491e+01
   1.5920000e+02  -1.8400000e+00  -1.7695491e+01
   1.5930000e+02   9.5160000e+01  -1.8575491e+01
   1.5940000e+02   2.4160000e+01  -3.9735491e+01
   1.5950000e+02   4.7160000e+01   3.7344509e+01
   1.5960000e+02  -9.8400000e+00  -4.3754909e+00
   1.5970000e+02   1.2160000e+01  -2.0255491e+01
   1.5980000e+02   1.4416000e+02  -5.5535491e+01
   1.5990000e+02  -2.2840000e+01  -8.5549091e-01
   1.6000000e+02   1.4716000e+02  -5.6554909e+00
   1.6010000e+02  -6.8840000e+01   8.0984509e+01
   1.6020000e+02  -3.0840000e+01  -5.2535491e+01
   1.6030000e+02   5.6160000e+01   3.9845091e+00
   1.6040000e+02  -2.2840000e+01  -3.7855491e+01
   1.6050000e+02  -1.8400000e+00   2.1304509e+01
   1.6060000e+02   5.1600000e+00   3.1024509e+01
   1.6070000e+02  -6.6840000e+01  -2.1095491e+01
   1.6080000e+02  -8.0840000e+01  -1.8535491e+01
   1.6090000e+02   6.2160000e+01  -1.1255491e+01
   1.6100000e+02   1.6716000e+02  -1.1455491e+01
   1.6110000e+02   9.1600000e+00  -5.2135491e+01
   1.6120000e+02  -2.6840000e+01  -6.3695491e+01
   1.6130000e+02  -7.8840000e+01   3.2384509e+01
   1.6140000e+02   8.7160000e+01   2.7445091e+00
   1.6150000e+02  -6.8400000e+00   9.0504509e+01
   1.6160000e+02  -9.1840000e+01  -1.3095491e+01
   1.6170000e+02   2.3160000e+01   9.7304509e+01
   1.6180000e+02  -8.3840000e+01  -3.8415491e+01
   1.6190000e+02  -5.4840000e+01  -2.2575491e+01
   1.6200000e+02  -1.4284000e+02  -5.4055491e+01
   1.6210000e+02  -8.2840000e+01  -7.2455491e+01
   1.6220000e+02   8.7160000e+01  -3.9255491e+01
   1.6230000e+02  -2.6840000e+01   2.6304509e+01
   1.6240000e+02  -7.2840000e+01   2.2144509e+01
   1.6250000e+02   1.6000000e-01  -9.1775491e+01
   1.6260000e+02  -5.2840000e+01  -9.5655491e+01
   1.6270000e+02  -9.2840000e+01   5.7944509e+01
   1.6280000e+02   3.4160000e+01  -3.1135491e+01
   1.6290000e+02   4.1600000e+00  -3.9935491e+01
   1.6300000e+02  -6.8400000e+00  -6.3495491e+01
   1.6310000e+02  -5.1840000e+01   9.8304509e+01
   1.6320000e+02   1.7160000e+01   3.5544509e+01
   1.6330000e+02  -9.8400000e+00  -2.1375491e+01
   1.6340000e+02   7.3160000e+01   1.1304509e+01
   1.6350000e+02  -6.6840000e+01   9.0450909e-01
   1.6360000e+02  -1.1184000e+02  -2.2954909e+00
   1.6370000e+02  -3.8400000e+00   6.1384509e+01
   1.6380000e+02  -4.3840000e+01   5.9845091e+00
   1.6390000e+02  -5.6840000e+01  -4.3495491e+01
   1.6400000e+02  -6.3840000e+01   5.2784509e+01
   1.6410000e+02  -1.0484000e+02   1.8424509e+01
   1.6420000e+02  -5.8840000e+01  -5.1415491e+01
   1.6430000e+02  -1.3684000e+02  -3.1295491e+01
   1.6440000e+02  -2.0840000e+01  -1.6935491e+01
   1.6450000e+02  -4.4840000e+01  -6.5975491e+01
   1.6460000e+02  -6.2840000e+01  -7.4255491e+01
   1.6470000e+02  -4.5840000e+01  -3.9935491e+01
   1.6480000e+02   4.5160000e+01   1.8424509e+01
   1.6490000e+02  -1.2684000e+02  -8.5695491e+01
   1.6500000e+02  -2.7840000e+01  -6.2655491e+01
   1.6510000e+02  -1.4840000e+01  -2.3175491e+01
   1.6520000e+02   1.7160000e+01  -9.6455491e+01
   1.6530000e+02  -1.0884000e+02   2.8584509e+01
   1.6540000e+02  -7.3840000e+01  -1.7815491e+01
   1.6550000e+02  -1.8840000e+01  -1.4701549e+02
   1.6560000e+02   6.1600000e+00   2.8984509e+01
   1.6570000e+02   1.6216000e+02  -1.0255491e+01
   1.6580000e+02   6.1600000e+00  -1.0015491e+01
   1.6590000e+02  -3.5840000e+01  -3.3354909e+00
   1.6600000e+02  -3.3840000e+01  -4.3415491e+01
   1.6610000e+02  -7.1840000e+01   7.2104509e+01
   1.6620000e+02  -1.4840000e+01  -1.0175491e+01
   1.6630000e+02   7.3160000e+01   3.9304509e+01
   1.6640000e+02  -1.1784000e+02   5.2944509e+01
   1.6650000e+02  -6.1840000e+01  -6.7295491e+01
   1.6660000e+02  -5.5840000e+01   1.2464509e+01
   1.6670000e+02  -1.9840000e+01  -7.6975491e+01
   1.6680000e+02   6.6160000e+01  -1.9415491e+01
   1.6690000e+02  -7.0840000e+01   8.2064509e+01
   1.6700000e+02   4.3160000e+01  -2.5495491e+01
   1.6710000e+02   5.4160000e+01   9.0645091e+00
   1.6720000e+02  -1.5840000e+01   1.5786451e+02
   1.6730000e+02   3.1160000e+01  -9.4015491e+01
   1.6740000e+02  -1.8840000e+01  -4.0154909e+00
   1.6750000e+02   4.7160000e+01  -1.7655491e+01
   1.6760000e+02   5.6160000e+01   8.4984509e+01
   1.6770000e+02  -5.2840000e+01  -9.9655491e+01
   1.6780000e+02   5.9160000e+01  -3.0135491e+01
   1.6790000e+02  -1.4840000e+01  -7.7175491e+01
   1.6800000e+02   7.3160000e+01  -6.0695491e+01
   1.6810000e+02   1.2116000e+02  -1.6615491e+01
   1.6820000e+02  -1.6840000e+01  -1.0095491e+01
   1.6830000e+02   4.1160000e+01   7.7584509e+01
   1.6840000e+02  -2.0840000e+01   4.0064509e+01
   1.6850000e+02  -7.8400000e+00   2.0544509e+01
   1.6860000e+02   7.1600000e+00   1.5944509e+01
   1.6870000e+02  -5.3840000e+01  -4.2615491e+01
   1.6880000e+02  -7.3840000e+01   3.9184509e+01
   1.6890000e+02  -7.6840000e+01  -1.6954909e+00
   1.6900000e+02  -1.8840000e+01  -2.1015491e+01
   1.6910000e+02  -6.2840000e+01   9.6744509e+01
   1.6920000e+02   1.0916000e+02   1.8645091e+00
   1.6930000e+02  -6.8840000e+01  -3.4015491e+01
   1.6940000e+02   4.3160000e+01  -3.7495491e+01
   1.6950000e+02   9.1600000e+00  -1.1135491e+01
   1.6960000e+02   1.0160000e+01   3.8245091e+00
   1.6970000e+02  -4.9840000e+01   7.4224509e+01
   1.6980000e+02   6.1600000e+00  -6.9015491e+01
   1.6990000e+02  -5.4840000e+01   2.6424509e+01
   1.7000000e+02   5.7160000e+01  -3.0055491e+01
   1.7010000e+02  -6.9840000e+01   7.0024509e+01
   1.7020000e+02  -1.6840000e+01   1.0090451e+02
   1.7030000e+02  -2.0840000e+01   1.5506451e+02
   1.7040000e+02  -1.0984000e+02  -3.0375491e+01
   1.7050000e+02   1.1600000e+00   6.8184509e+01
   1.7060000e+02   7.3160000e+01  -6.9695491e+01
   1.7070000e+02  -1.6840000e+01  -8.0095491e+01
   1.7080000e+02  -6.2840000e+01  -5.6255491e+01
   1.7090000e+02   5.0160000e+01   1.0222451e+02
   1.7100000e+02  -1.0084000e+02   1.0626451e+02
   1.7110000e+02   1.0160000e+01  -9.1754909e+00
   1.7120000e+02  -1.0584000e+02   1.8464509e+01
   1.7130000e+02  -5.5840000e+01  -3.4535491e+01
   1.7140000e+02   8.1600000e+00   3.7904509e+01
   1.7150000e+02  -5.8400000e+00   5.2464509e+01
   1.7160000e+02  -5.2840000e+01   6.2344509e+01
   1.7170000e+02  -1.0884000e+02   2.1584509e+01
   1.7180000e+02  -3.3840000e+01  -5.4154909e+00
   1.7190000e+02  -9.1840000e+01   3.4904509e+01
   1.7200000e+02  -6.0840000e+01   1.1066451e+02
   1.7210000e+02  -2.5840000e+01   2.6450909e-01
   1.7220000e+02   2.1160000e+01  -2.6154909e+00
   1.7230000e+02  -6.0840000e+01  -1.9335491e+01
   1.7240000e+02  -8.6840000e+01   2.7045091e+00
   1.7250000e+02  -4.1840000e+01  -5.5095491e+01
   1.7260000e+02  -5.8400000e+00  -8.1535491e+01
   1.7270000e+02   2.8160000e+01   1.5104509e+01
   1.7280000e+02  -1.3084000e+02   2.2464509e+01
   1.7290000e+02  -5.0840000e+01  -8.7354909e+00
   1.7300000e+02  -6.8400000e+00   5.0504509e+01
   1.7310000e+02  -1.4884000e+02   1.2018451e+02
   1.7320000e+02   7.1600000e+00  -2.6055491e+01
   1.7330000e+02   9.1600000e+00  -4.1135491e+01
   1.7340000e+02   5.1600000e+00  -6.0975491e+01
   1.7350000e+02  -7.2840000e+01  -9.8554909e+00
   1.7360000e+02   4.1600000e+00   2.0645091e+00
   1.7370000e+02  -5.6840000e+01  -2.5495491e+01
   1.7380000e+02   1.0616000e+02   5.9984509e+01
   1.7390000e+02  -3.6840000e+01  -3.1295491e+01
   1.7400000e+02   4.3160000e+01   1.8150451e+02
   1.7410000e+02  -2.7840000e+01   6.3445091e+00
   1.7420000e+02  -5.9840000e+01   6.9624509e+01
   1.7430000e+02  -8.2840000e+01   8.5445091e+00
   1.7440000e+02   3.4160000e+01   8.5864509e+01
   1.7450000e+02   1.7160000e+01   3.5544509e+01
   1.7460000e+02  -6.6840000e+01  -3.0954909e+00
   1.7470000e+02   1.1716000e+02  -8.7455491e+01
   1.7480000e+02  -1.0284000e+02   5.6344509e+01
   1.7490000e+02  -1.1840000e+01   7.5704509e+01
   1.7500000e+02   1.7160000e+01   1.0544509e+01
   1.7510000e+02  -7.5840000e+01   2.0264509e+01
   1.7520000e+02  -4.9840000e+01   1.1722451e+02
   1.7530000e+02  -3.4840000e+01   2.2624509e+01
   1.7540000e+02  -1.2840000e+01   1.9744509e+01
   1.7550000e+02  -3.2840000e+01   1.1544509e+01
   1.7560000e+02  -7.3840000e+01   9.0184509e+01
   1.7570000e+02   4.3160000e+01   7.2504509e+01
   1.7580000e+02   1.2016000e+02  -1.3575491e+01
   1.7590000e+02  -3.8840000e+01  -3.0215491e+01
   1.7600000e+02  -9.5840000e+01  -4.1935491e+01
   1.7610000e+02  -3.3840000e+01   2.6584509e+01
   1.7620000e+02  -3.2840000e+01  -5.5455491e+01
   1.7630000e+02  -5.6840000e+01  -1.4954909e+00
   1.7640000e+02  -1.2840000e+01   7.7445091e+00
   1.7650000e+02  -2.4840000e+01   2.2224509e+01
   1.7660000e+02   3.0160000e+01   3.6024509e+01
   1.7670000e+02  -8.5840000e+01   9.6664509e+01
   1.7680000e+02  -6.4840000e+01   2.8245091e+00
   1.7690000e+02  -6.6840000e+01  -5.1095491e+01
   1.7700000e+02  -8.4000000e-01  -5.2735491e+01
   1.7710000e+02   7.1600000e+00   2.3944509e+01
   1.7720000e+02  -5.8840000e+01   1.5584509e+01
   1.7730000e+02  -4.0840000e+01  -3.5135491e+01
   1.7740000e+02   7.8160000e+01   7.6104509e+01
   1.7750000e+02  -7.0840000e+01   4.0645091e+00
   1.7760000e+02  -8.0840000e+01   1.7464509e+01
   1.7770000e+02  -6.8400000e+00   1.4504509e+01
   1.7780000e+02   1.1600000e+00   2.6184509e+01
   1.7790000e+02   1.6160000e+01  -4.7415491e+01
   1.7800000e+02   3.2160000e+01   2.4944509e+01
   1.7810000e+02  -3.7840000e+01  -2.5549091e-01
   1.7820000e+02  -2.2840000e+01   3.0144509e+01
   1.7830000e+02  -3.3840000e+01  -3.4415491e+01
   1.7840000e+02  -8.8400000e+00  -1.2415491e+01
   1.7850000e+02  -1.8584000e+02   1.8664509e+01
   1.7860000e+02  -8.6840000e+01  -4.2295491e+01
   1.7870000e+02  -6.9840000e+01  -6.7975491e+01
   1.7880000e+02  -6.9840000e+01  -6.7975491e+01
   1.7890000e+02  -9.3840000e+01  -3.3015491e+01
   1.7900000e+02  -4.1840000e+01   1.0790451e+02
   1.7910000e+02  -6.9840000e+01   9.1024509e+01
   1.7920000e+02  -6.8400000e+00   4.5045091e+00
   1.7930000e+02   1.0160000e+01  -1.1754909e+00
   1.7940000e+02  -4.4840000e+01   6.0245091e+00
   1.7950000e+02  -5.3840000e+01   1.3238451e+02
   1.7960000e+02  -4.6840000e+01  -4.6895491e+01
   1.7970000e+02   8.1600000e+00   1.7904509e+01
   1.7980000e+02  -8.8840000e+01  -5.4215491e+01
   1.7990000e+02  -9.3840000e+01  -4.9015491e+01
   1.8000000e+02  -1.9840000e+01  -5.3975491e+01
   1.8010000e+02  -6.8400000e+00   2.0504509e+01
   1.8020000e+02  -1.6840000e+01  -5.0954909e+00
   1.8030000e+02  -5.2840000e+01  -1.9655491e+01
   1.8040000e+02  -1.1384000e+02  -9.6215491e+01
   1.8050000e+02   9.1600000e+00  -8.3135491e+01
   1.8060000e+02   2.1600000e+00  -6.8554909e+00
   1.8070000e+02  -2.8400000e+00   8.0344509e+01
   1.8080000e+02  -1.6840000e+01  -4.0095491e+01
   1.8090000e+02  -8.4000000e-01  -8.2735491e+01
   1.8100000e+02  -6.8840000e+01   5.4984509e+01
   1.8110000e+02  -4.6840000e+01   1.0104509e+01
   1.8120000e+02   1.6016000e+02   1.7824509e+01
   1.8130000e+02   1.1016000e+02  -7.1175491e+01
   1.8140000e+02   1.5016000e+02  -5.9775491e+01
   1.8150000e+02  -4.9840000e+01  -5.9775491e+01
   1.8160000e+02  -1.9840000e+01  -4.7975491e+01
   1.8170000e+02   1.3160000e+01  -7.2295491e+01
   1.8180000e+02   9.8160000e+01  -4.6695491e+01
   1.8190000e+02  -1.9840000e+01  -5.9754909e+00
   1.8200000e+02  -3.2840000e+01   7.5544509e+01
   1.8210000e+02  -3.2840000e+01   1.6544509e+01
   1.8220000e+02   2.3160000e+01  -9.6954909e+00
   1.8230000e+02  -4.2840000e+01  -2.3055491e+01
   1.8240000e+02  -2.4840000e+01  -5.7754909e+00
   1.8250000e+02  -8.4000000e-01   6.7264509e+01
   1.8260000e+02  -1.0840000e+01  -4.3354909e+00
   1.8270000e+02   8.1600000e+00   3.9045091e+00
   1.8280000e+02  -8.8400000e+00  -1.4154909e+00
   1.8290000e+02  -7.0840000e+01   9.4064509e+01
   1.8300000e+02  -5.9840000e+01  -7.6375491e+01
   1.8310000e+02  -1.1484000e+02   3.2824509e+01
   1.8320000e+02  -1.1484000e+02  -1.9175491e+01
   1.8330000e+02  -5.7840000e+01   5.5445091e+00
   1.8340000e+02   2.7160000e+01   7.4144509e+01
   1.8350000e+02  -8.9840000e+01   5.7824509e+01
   1.8360000e+02   2.8160000e+01  -5.2895491e+01
   1.8370000e+02   2.1600000e+00  -4.0855491e+01
   1.8380000e+02  -6.0840000e+01   3.6664509e+01
   1.8390000e+02   2.4160000e+01   6.2645091e+00
   1.8400000e+02   2.5160000e+01  -7.7754909e+00
   1.8410000e+02   8.5160000e+01  -3.1754909e+00
   1.8420000e+02  -8.2840000e+01   1.5445091e+00
   1.8430000e+02  -4.8400000e+00  -6.8575491e+01
   1.8440000e+02   2.9160000e+01  -4.2935491e+01
   1.8450000e+02  -2.0840000e+01   5.2064509e+01
   1.8460000e+02   3.9160000e+01   5.6645091e+00
   1.8470000e+02  -3.5840000e+01   2.5664509e+01
   1.8480000e+02  -2.8840000e+01   1.5384509e+01
   1.8490000e+02  -1.8840000e+01   7.9984509e+01
   1.8500000e+02  -8.0840000e+01  -1.9535491e+01
   1.8510000e+02   1.4616000e+02   3.6384509e+01
   1.8520000e+02  -7.3840000e+01   4.1184509e+01
   1.8530000e+02  -1.8840000e+01   7.3984509e+01
   1.8540000e+02   3.8160000e+01   5.8704509e+01
   1.8550000e+02   5.0160000e+01   5.1224509e+01
   1.8560000e+02   5.2160000e+01   2.4144509e+01
   1.8570000e+02   9.1600000e+00   1.8645091e+00
   1.8580000e+02   1.2416000e+02   1.0926451e+02
   1.8590000e+02  -1.2840000e+01  -1.2255491e+01
   1.8600000e+02  -2.8400000e+00   1.3344509e+01
   1.8610000e+02   1.1116000e+02  -1.6215491e+01
   1.8620000e+02  -8.8400000e+00   1.0458451e+02
   1.8630000e+02  -2.9840000e+01   2.5424509e+01
   1.8640000e+02   1.7916000e+02  -7.1935491e+01
   1.8650000e+02  -4.1840000e+01   7.5904509e+01
   1.8660000e+02   3.3160000e+01   6.0904509e+01
   1.8670000e+02  -8.4000000e-01  -5.8735491e+01
   1.8680000e+02   7.8160000e+01   6.1045091e+00
   1.8690000e+02   1.3116000e+02   1.3984509e+01
   1.8700000e+02   1.0416000e+02   5.4064509e+01
   1.8710000e+02  -1.8400000e+00  -2.7695491e+01
   1.8720000e+02   6.6160000e+01   4.2584509e+01
   1.8730000e+02  -5.0840000e+01   3.6264509e+01
   1.8740000e+02   2.3160000e+01   3.5304509e+01
   1.8750000e+02  -4.1840000e+01   2.4904509e+01
   1.8760000e+02  -7.5840000e+01   6.7264509e+01
   1.8770000e+02   3.5160000e+01   7.8245091e+00
   1.8780000e+02  -3.8840000e+01  -4.7215491e+01
   1.8790000e+02   8.3160000e+01  -1.9095491e+01
   1.8800000e+02  -3.8840000e+01  -8.6215491e+01
   1.8810000e+02  -1.8840000e+01  -1.7015491e+01
   1.8820000e+02  -1.8840000e+01  -2.4015491e+01
   1.8830000e+02   2.1160000e+01   5.1384509e+01
   1.8840000e+02   5.1600000e+00   2.0024509e+01
   1.8850000e+02  -1.0984000e+02  -2.9375491e+01
   1.8860000e+02  -8.7840000e+01  -3.0255491e+01
   1.8870000e+02  -1.1484000e+02   7.3824509e+01
   1.8880000e+02   1.3016000e+02  -1.1197549e+02
   1.8890000e+02   2.2016000e+02  -5.6575491e+01
   1.8900000e+02  -5.0840000e+01   1.1026451e+02
   1.8910000e+02  -1.3384000e+02   4.5845091e+00
   1.8920000e+02   9.3160000e+01  -7.4954909e+00
   1.8930000e+02  -1.0084000e+02  -5.5735491e+01
   1.8940000e+02  -1.1384000e+02  -1.9215491e+01
   1.8950000e+02  -7.3840000e+01   4.1845091e+00
   1.8960000e+02  -3.0840000e+01   1.4645091e+00
   1.8970000e+02  -3.0840000e+01  -3.6535491e+01
   1.8980000e+02  -8.4840000e+01  -6.2375491e+01
   1.8990000e+02   2.3160000e+01  -3.6954909e+00
   1.9000000e+02  -1.0384000e+02  -9.6154909e+00
   1.9010000e+02  -7.8400000e+00   2.8544509e+01
   1.9020000e+02  -7.7840000e+01   9.3445091e+00
   1.9030000e+02  -4.9840000e+01  -3.0775491e+01
   1.9040000e+02   5.1160000e+01   4.1184509e+01
   1.9050000e+02   4.5160000e+01  -4.0575491e+01
   1.9060000e+02   2.3160000e+01   1.7304509e+01
   1.9070000e+02  -1.3984000e+02  -6.4175491e+01
   1.9080000e+02   2.9160000e+01   5.9064509e+01
   1.9090000e+02   1.9160000e+01  -1.1253549e+02
   1.9100000e+02  -6.1840000e+01  -3.1295491e+01
   1.9110000e+02   7.1600000e+00  -4.4055491e+01
   1.9120000e+02  -1.3484000e+02   4.8624509e+01
   1.9130000e+02   1.6000000e-01  -8.9775491e+01
   1.9140000e+02  -8.0840000e+01  -5.3549091e-01
   1.9150000e+02   2.1160000e+01  -1.7615491e+01
   1.9160000e+02   3.1160000e+01  -6.7015491e+01
   1.9170000e+02  -9.3840000e+01  -9.0154909e+00
   1.9180000e+02   8.3160000e+01  -5.7095491e+01
   1.9190000e+02   3.0160000e+01   2.0024509e+01
   1.9200000e+02   1.2116000e+02  -1.6615491e+01
   1.9210000e+02  -1.6184000e+02   1.2670451e+02
   1.9220000e+02  -6.4840000e+01  -6.6175491e+01
   1.9230000e+02   2.4160000e+01   7.2645091e+00
   1.9240000e+02   9.1600000e+00   5.4864509e+01
   1.9250000e+02  -2.3840000e+01  -5.8815491e+01
   1.9260000e+02  -6.9840000e+01  -3.3975491e+01
   1.9270000e+02   3.0160000e+01   1.4024509e+01
   1.9280000e+02  -4.7840000e+01   3.4144509e+01
   1.9290000e+02   5.2160000e+01   5.0144509e+01
   1.9300000e+02  -7.1840000e+01  -7.6895491e+01
   1.9310000e+02  -7.8400000e+00  -4.2455491e+01
   1.9320000e+02  -1.9840000e+01  -2.5975491e+01
   1.9330000e+02  -5.0840000e+01  -2.6735491e+01
   1.9340000e+02   7.2160000e+01   8.9344509e+01
   1.9350000e+02   1.5616000e+02   1.7984509e+01
   1.9360000e+02  -4.5840000e+01  -1.9354909e+00
   1.9370000e+02  -2.3840000e+01   4.8184509e+01
   1.9380000e+02  -4.9840000e+01   1.2245091e+00
   1.9390000e+02   4.8160000e+01  -1.2695491e+01
   1.9400000e+02  -8.4000000e-01  -1.2735491e+01
   1.9410000e+02  -2.7840000e+01   5.1344509e+01
   1.9420000e+02   1.8160000e+01  -2.1495491e+01
   1.9430000e+02   1.0116000e+02  -2.9815491e+01
   1.9440000e+02  -4.9840000e+01   1.0222451e+02
   1.9450000e+02  -6.7840000e+01   1.8944509e+01
   1.9460000e+02  -7.0840000e+01  -2.7935491e+01
   1.9470000e+02   1.4516000e+02  -3.2575491e+01
   1.9480000e+02   1.4160000e+01   8.5664509e+01
   1.9490000e+02   1.7160000e+01   1.3544509e+01
   1.9500000e+02  -8.3840000e+01  -3.0415491e+01
   1.9510000e+02  -4.0840000e+01  -1.7135491e+01
   1.9520000e+02   1.1816000e+02   1.6504509e+01
   1.9530000e+02   1.0016000e+02  -7.3775491e+01
   1.9540000e+02   1.0160000e+01  -1.2175491e+01
   1.9550000e+02   4.8160000e+01  -3.0695491e+01
   1.9560000e+02   1.0116000e+02   1.3184509e+01
   1.9570000e+02  -7.2840000e+01  -4.9855491e+01
   1.9580000e+02  -3.0840000e+01   6.2464509e+01
   1.9590000e+02  -2.8400000e+00  -4.4655491e+01
   1.9600000e+02  -5.7840000e+01   5.2544509e+01
   1.9610000e+02   9.3160000e+01   3.8504509e+01
   1.9620000e+02  -2.8840000e+01   4.3384509e+01
   1.9630000e+02   4.1160000e+01  -4.3415491e+01
   1.9640000e+02   1.3416000e+02   4.3864509e+01
   1.9650000e+02  -2.8400000e+00  -3.2655491e+01
   1.9660000e+02   1.5160000e+01  -4.3754909e+00
   1.9670000e+02  -2.0840000e+01   3.7064509e+01
   1.9680000e+02  -3.9840000e+01   7.3824509e+01
   1.9690000e+02   2.4160000e+01   1.2264509e+01
   1.9700000e+02  -1.1284000e+02  -1.4255491e+01
   1.9710000e+02  -3.2840000e+01   9.5544509e+01
   1.9720000e+02  -1.0284000e+02  -8.6554909e+00
   1.9730000e+02  -6.9840000e+01  -3.3975491e+01
   1.9740000e+02   2.1600000e+00   1.4450909e-01
   1.9750000e+02   8.5160000e+01   9.8245091e+00
   1.9760000e+02  -3.5840000e+01   1.7664509e+01
   1.9770000e+02   2.1160000e+01  -6.9615491e+01
   1.9780000e+02  -1.2384000e+02  -2.4815491e+01
   1.9790000e+02   5.0160000e+01   3.8224509e+01
   1.9800000e+02  -1.6840000e+01   3.2904509e+01
   1.9810000e+02  -3.1840000e+01   4.7504509e+01
   1.9820000e+02   1.0160000e+01  -3.5175491e+01
   1.9830000e+02  -3.0840000e+01  -4.4535491e+01
   1.9840000e+02  -1.2840000e+01   5.7445091e+00
   1.9850000e+02  -8.0840000e+01   2.6464509e+01
   1.9860000e+02   1.4160000e+01   2.2664509e+01
   1.9870000e+02   2.4216000e+02   2.4544509e+01
   1.9880000e+02   8.1600000e+00  -5.9095491e+01
   1.9890000e+02   7.4160000e+01  -1.0735491e+01
   1.9900000e+02  -4.1840000e+01  -3.6095491e+01
   1.9910000e+02   7.1600000e+00  -1.0554909e+00
   1.9920000e+02   4.1600000e+00   3.0645091e+00
   1.9930000e+02   6.6160000e+01  -5.4154909e+00
   1.9940000e+02  -3.5840000e+01  -2.7335491e+01
   1.9950000e+02   1.8160000e+01   9.5504509e+01
   1.9960000e+02   1.2160000e+01  -5.2554909e+00
   1.9970000e+02  -1.0284000e+02   2.8344509e+01
   1.9980000e+02  -2.7840000e+01   1.0344509e+01
   1.9990000e+02  -1.7840000e+01  -6.2055491e+01
