   0.0000000e+00  -7.8913043e+00   8.8872174e+01
   1.0000000e-01   1.5810870e+02   1.5223217e+02
   2.0000000e-01   7.8108696e+01   3.1643217e+02
   3.0000000e-01   3.0210870e+02   1.0347217e+02
   4.0000000e-01   6.4510870e+02   1.8975217e+02
   5.0000000e-01   2.4210870e+02   1.9287217e+02
   6.0000000e-01   7.1108696e+01   8.7712174e+01
   7.0000000e-01   1.8810870e+02   7.8032174e+01
   8.0000000e-01  -1.0989130e+02   1.2895217e+02
   9.0000000e-01   2.3410870e+02   1.4619217e+02
   1.0000000e+00   1.4510870e+02   1.2475217e+02
   1.1000000e+00  -1.1891304e+01   1.2203217e+02
   1.2000000e+00   1.6108696e+01   8.9912174e+01
   1.3000000e+00  -3.5891304e+01   2.5992174e+01
   1.4000000e+00   1.1910870e+02   1.5479217e+02
   1.5000000e+00  -5.0891304e+01   1.7659217e+02
   1.6000000e+00   1.0910870e+02   1.2619217e+02
   1.7000000e+00  -8.9130435e-01   4.3592174e+01
   1.8000000e+00   3.4108696e+01   2.3019217e+02
   1.9000000e+00   1.1510870e+02   1.2495217e+02
   2.0000000e+00   1.0610870e+02   1.4231217e+02
   2.1000000e+00   4.5108696e+01   1.3975217e+02
   2.2000000e+00   1.2810870e+02   1.4043217e+02
   2.3000000e+00   4.5108696e+01   1.6275217e+02
   2.4000000e+00   9.9108696e+01   1.0059217e+02
   2.5000000e+00  -7.8913043e+00   1.1987217e+02
   2.6000000e+00   8.7108696e+01   6.8072174e+01
   2.7000000e+00   8.5108696e+01   2.7152174e+01
   2.8000000e+00   5.2108696e+01   7.5472174e+01
   2.9000000e+00   1.3910870e+02   1.8799217e+02
   3.0000000e+00   2.0108696e+01   1.3575217e+02
   3.1000000e+00   6.7108696e+01   1.0087217e+02
   3.2000000e+00   5.1086957e+00   1.2235217e+02
   3.3000000e+00  -2.4891304e+01   1.2555217e+02
   3.4000000e+00  -3.0891304e+01   7.2792174e+01
   3.5000000e+00  -4.8913043e+00   1.2675217e+02
   3.6000000e+00  -1.1589130e+02   1.4219217e+02
   3.7000000e+00   5.1086957e+00   8.5352174e+01
   3.8000000e+00   6.6108696e+01   1.5291217e+02
   3.9000000e+00   5.5108696e+01   9.3352174e+01
   4.0000000e+00   3.1086957e+00   6.4432174e+01
   4.1000000e+00   2.2610870e+02   9.4512174e+01
   4.2000000e+00   3.5108696e+01   1.4315217e+02
   4.3000000e+00   7.9108696e+01   1.9939217e+02
   4.4000000e+00   1.5108696e+01   1.2095217e+02
   4.5000000e+00   4.3108696e+01   2.5832174e+01
   4.6000000e+00  -2.8913043e+00   1.9667217e+02
   4.7000000e+00  -6.4891304e+01   1.6815217e+02
   4.8000000e+00   6.7108696e+01   1.1487217e+02
   4.9000000e+00   5.4108696e+01   1.4339217e+02
   5.0000000e+00   1.0108696e+01   9.6152174e+01
   5.1000000e+00  -2.3891304e+01   2.1751217e+02
   5.2000000e+00   4.0108696e+01   1.5395217e+02
   5.3000000e+00   3.3108696e+01   9.4232174e+01
   5.4000000e+00   2.5108696e+01   1.5855217e+02
   5.5000000e+00  -1.5891304e+01   8.2192174e+01
   5.6000000e+00   3.6108696e+01   4.7112174e+01
   5.7000000e+00   2.2108696e+01   1.0867217e+02
   5.8000000e+00   6.1086957e+00   1.6931217e+02
   5.9000000e+00   2.0410870e+02   2.2539217e+02
   6.0000000e+00   4.1108696e+01   8.4912174e+01
   6.1000000e+00   1.2410870e+02   6.4592174e+01
   6.2000000e+00   5.0108696e+01   1.1255217e+02
   6.3000000e+00   2.1810870e+02   1.2283217e+02
   6.4000000e+00  -5.2891304e+01   1.4867217e+02
   6.5000000e+00   2.6108696e+01   2.4551217e+02
   6.6000000e+00   6.3108696e+01   7.4032174e+01
   6.7000000e+00   1.9610870e+02   2.7271217e+02
   6.8000000e+00   9.8108696e+01   1.6863217e+02
   6.9000000e+00   1.2510870e+02   2.7155217e+02
   7.0000000e+00   9.8108696e+01   1.1963217e+02
   7.1000000e+00   5.6108696e+01   1.2131217e+02
   7.2000000e+00  -5.7891304e+01   1.3487217e+02
   7.3000000e+00  -7.6891304e+01   2.4263217e+02
   7.4000000e+00   1.7710870e+02   2.9447217e+02
   7.5000000e+00  -1.6891304e+01   2.0523217e+02
   7.6000000e+00  -5.4891304e+01   8.3752174e+01
   7.7000000e+00   5.8108696e+01   2.8823217e+02
   7.8000000e+00  -2.7891304e+01   1.5267217e+02
   7.9000000e+00  -9.0891304e+01   2.0019217e+02
   8.0000000e+00   7.9108696e+01   1.1339217e+02
   8.1000000e+00   8.2108696e+01   1.6927217e+02
   8.2000000e+00   4.8108696e+01   1.0963217e+02
   8.3000000e+00   1.2310870e+02   9.7632174e+01
   8.4000000e+00  -1.0589130e+02   1.2079217e+02
   8.5000000e+00   1.3810870e+02   1.8703217e+02
   8.6000000e+00   9.1108696e+01   1.1091217e+02
   8.7000000e+00   1.1108696e+01   1.7911217e+02
   8.8000000e+00  -7.4891304e+01   5.8552174e+01
   8.9000000e+00   4.0108696e+01   1.5095217e+02
   9.0000000e+00   5.2108696e+01   1.2647217e+02
   9.1000000e+00   7.3108696e+01   1.3963217e+02
   9.2000000e+00   5.3108696e+01   1.0743217e+02
   9.3000000e+00   5.4108696e+01   1.4239217e+02
   9.4000000e+00   1.3910870e+02   1.9899217e+02
   9.5000000e+00  -4.7891304e+01   1.6347217e+02
   9.6000000e+00   6.3108696e+01   1.7503217e+02
   9.7000000e+00   1.9108696e+01   8.3792174e+01
   9.8000000e+00  -3.0891304e+01   8.6792174e+01
   9.9000000e+00   2.1108696e+01   1.7371217e+02
   1.0000000e+01   5.0108696e+01   8.6552174e+01
   1.0100000e+01   4.3108696e+01   9.6832174e+01
   1.0200000e+01   1.1108696e+01   2.2711217e+02
   1.0300000e+01   2.5510870e+02   8.1352174e+01
   1.0400000e+01   3.1086957e+00   1.0843217e+02
   1.0500000e+01  -4.8913043e+00   1.0975217e+02
   1.0600000e+01   9.3108696e+01   1.6983217e+02
   1.0700000e+01   2.0108696e+01   1.3752174e+01
   1.0800000e+01   1.1010870e+02   1.1115217e+02
   1.0900000e+01   2.6010870e+02   1.5215217e+02
   1.1000000e+01   9.1108696e+01   9.8912174e+01
   1.1100000e+01   8.3108696e+01   7.5232174e+01
   1.1200000e+01  -4.8891304e+01   1.6151217e+02
   1.1300000e+01   7.2108696e+01   6.3672174e+01
   1.1400000e+01  -5.8913043e+00   8.1792174e+01
   1.1500000e+01   4.2108696e+01   1.2687217e+02
   1.1600000e+01   7.5108696e+01   1.6955217e+02
   1.1700000e+01  -2.8891304e+01   2.4371217e+02
   1.1800000e+01   1.0310870e+02   1.3443217e+02
   1.1900000e+01   6.8108696e+01   7.7832174e+01
   1.2000000e+01   6.9108696e+01   1.1479217e+02
   1.2100000e+01   9.2108696e+01   1.4287217e+02
   1.2200000e+01  -3.9891304e+01   1.8315217e+02
   1.2300000e+01  -4.9891304e+01   2.8255217e+02
   1.2400000e+01   6.9108696e+01   1.9979217e+02
   1.2500000e+01  -7.6891304e+01   1.9963217e+02
   1.2600000e+01   9.1086957e+00   4.5192174e+01
   1.2700000e+01   3.1108696e+01   2.1312174e+01
   1.2800000e+01  -2.1891304e+01   9.6432174e+01
   1.2900000e+01   1.0110870e+02   1.5351217e+02
   1.3000000e+01   2.7108696e+01   2.2347217e+02
   1.3100000e+01   1.6108696e+01   1.8291217e+02
   1.3200000e+01  -1.8913043e+00   1.2263217e+02
   1.3300000e+01  -5.6891304e+01   1.0183217e+02
   1.3400000e+01   1.6210870e+02   2.0107217e+02
   1.3500000e+01   2.9910870e+02   2.3592174e+01
   1.3600000e+01   1.2610870e+02   1.6051217e+02
   1.3700000e+01   5.5108696e+01   3.3335217e+02
   1.3800000e+01   6.4108696e+01   1.1199217e+02
   1.3900000e+01   7.0108696e+01   6.8752174e+01
   1.4000000e+01   5.2108696e+01   5.3472174e+01
   1.4100000e+01  -7.5891304e+01   1.6659217e+02
   1.4200000e+01  -4.2891304e+01   1.6727217e+02
   1.4300000e+01  -9.1891304e+01   3.5232174e+01
   1.4400000e+01   2.2010870e+02   5.7752174e+01
   1.4500000e+01   2.6108696e+01   6.5512174e+01
   1.4600000e+01   1.0510870e+02   1.5335217e+02
   1.4700000e+01   3.7108696e+01   1.1307217e+02
   1.4800000e+01   7.2108696e+01   7.9672174e+01
   1.4900000e+01   1.1910870e+02   1.1579217e+02
   1.5000000e+01   4.5108696e+01   1.7521739e+00
   1.5100000e+01   9.4108696e+01   1.7779217e+02
   1.5200000e+01   1.1910870e+02   1.9279217e+02
   1.5300000e+01  -6.0891304e+01   2.9199217e+02
   1.5400000e+01   4.2108696e+01   1.5987217e+02
   1.5500000e+01   1.9108696e+01   1.5879217e+02
   1.5600000e+01  -8.1891304e+01   2.3283217e+02
   1.5700000e+01   9.6108696e+01   8.3712174e+01
   1.5800000e+01  -5.9891304e+01   1.4595217e+02
   1.5900000e+01  -9.7891304e+01   1.9047217e+02
   1.6000000e+01  -5.8913043e+00   1.8379217e+02
   1.6100000e+01  -5.4891304e+01   7.4752174e+01
   1.6200000e+01   1.2410870e+02   1.2359217e+02
   1.6300000e+01   5.8108696e+01   1.4123217e+02
   1.6400000e+01   4.5108696e+01   9.5752174e+01
   1.6500000e+01   9.9108696e+01   1.9059217e+02
   1.6600000e+01   2.1610870e+02   1.1291217e+02
   1.6700000e+01   1.0869565e-01   9.4552174e+01
   1.6800000e+01   7.6108696e+01   1.0051217e+02
   1.6900000e+01   1.3610870e+02   9.9112174e+01
   1.7000000e+01   7.3108696e+01   1.7363217e+02
   1.7100000e+01   7.7108696e+01   9.4472174e+01
   1.7200000e+01   1.6710870e+02   8.9872174e+01
   1.7300000e+01  -3.2891304e+01   1.9387217e+02
   1.7400000e+01   5.0108696e+01   2.3155217e+02
   1.7500000e+01   2.2510870e+02   1.2955217e+02
   1.7600000e+01  -2.8891304e+01   1.5671217e+02
   1.7700000e+01   9.4108696e+01   1.8079217e+02
   1.7800000e+01   4.3108696e+01   2.1683217e+02
   1.7900000e+01   1.0410870e+02   1.1439217e+02
   1.8000000e+01   7.8108696e+01   1.1843217e+02
   1.8100000e+01   1.7010870e+02   6.4752174e+01
   1.8200000e+01   6.6108696e+01   1.8691217e+02
   1.8300000e+01  -1.4789130e+02   1.1047217e+02
   1.8400000e+01   1.9108696e+01   1.7579217e+02
   1.8500000e+01   2.0108696e+01   4.4752174e+01
   1.8600000e+01  -4.4891304e+01   1.4435217e+02
   1.8700000e+01   1.4310870e+02   3.0083217e+02
   1.8800000e+01   1.1410870e+02   1.9399217e+02
   1.8900000e+01  -9.4891304e+01   1.6535217e+02
   1.9000000e+01   6.8108696e+01   2.1183217e+02
   1.9100000e+01  -2.8891304e+01   2.2671217e+02
   1.9200000e+01  -7.5891304e+01   6.9592174e+01
   1.9300000e+01   8.2108696e+01   2.4227217e+02
   1.9400000e+01   5.1108696e+01   9.6512174e+01
   1.9500000e+01   8.1108696e+01   1.4131217e+02
   1.9600000e+01   7.3108696e+01   8.9632174e+01
   1.9700000e+01  -7.1891304e+01   3.4432174e+01
   1.9800000e+01  -1.6891304e+01   9.2232174e+01
   1.9900000e+01   1.3710870e+02   1.9507217e+02
   2.0000000e+01  -1.1489130e+02   1.8515217e+02
   2.0100000e+01   3.1086957e+00   4.6432174e+01
   2.0200000e+01   6.7108696e+01   1.5387217e+02
   2.0300000e+01   1.0108696e+01   1.1015217e+02
   2.0400000e+01  -2.7891304e+01   1.3967217e+02
   2.0500000e+01  -1.9489130e+02   1.3435217e+02
   2.0600000e+01   1.6108696e+01   9.9912174e+01
   2.0700000e+01  -1.8891304e+01   1.6131217e+02
   2.0800000e+01  -6.8891304e+01   2.6531217e+02
   2.0900000e+01   8.8108696e+01   2.2303217e+02
   2.1000000e+01   3.5108696e+01   1.8115217e+02
   2.1100000e+01  -4.7891304e+01   2.7347217e+02
   2.1200000e+01   1.4108696e+01   1.7499217e+02
   2.1300000e+01  -4.3891304e+01   3.3031217e+02
   2.1400000e+01   1.2410870e+02   1.7659217e+02
   2.1500000e+01  -5.5891304e+01   2.7579217e+02
   2.1600000e+01   1.6210870e+02   3.5072174e+01
   2.1700000e+01   1.7810870e+02   2.1843217e+02
   2.1800000e+01  -1.6891304e+01   1.6023217e+02
   2.1900000e+01   6.1108696e+01   1.0111217e+02
   2.2000000e+01  -2.8891304e+01   1.4371217e+02
   2.2100000e+01   1.1086957e+00   2.8451217e+02
   2.2200000e+01  -2.8913043e+00   3.0967217e+02
   2.2300000e+01   8.1108696e+01   2.0931217e+02
   2.2400000e+01   1.7410870e+02   1.0559217e+02
   2.2500000e+01  -5.7891304e+01   1.5387217e+02
   2.2600000e+01   1.1108696e+01   8.9112174e+01
   2.2700000e+01   7.2108696e+01   1.4367217e+02
   2.2800000e+01   6.0108696e+01   1.3315217e+02
   2.2900000e+01   9.2108696e+01   2.5587217e+02
   2.3000000e+01   7.7108696e+01   8.2472174e+01
   2.3100000e+01   1.3310870e+02   2.9723217e+02
   2.3200000e+01   4.9108696e+01   6.6592174e+01
   2.3300000e+01  -1.1189130e+02   8.8032174e+01
   2.3400000e+01  -6.1891304e+01   2.4303217e+02
   2.3500000e+01  -2.3891304e+01   1.4651217e+02
   2.3600000e+01   1.5210870e+02   1.6447217e+02
   2.3700000e+01  -1.5891304e+01   3.4319217e+02
   2.3800000e+01   5.4108696e+01   2.1539217e+02
   2.3900000e+01  -8.6891304e+01   1.2303217e+02
   2.4000000e+01   1.7108696e+01   2.2087217e+02
   2.4100000e+01   1.2108696e+01   1.0707217e+02
   2.4200000e+01   3.1108696e+01   7.5312174e+01
   2.4300000e+01   1.7510870e+02   2.8455217e+02
   2.4400000e+01  -7.6891304e+01   1.8063217e+02
   2.4500000e+01   1.7610870e+02   1.3051217e+02
   2.4600000e+01  -4.8913043e+00   2.0752174e+01
   2.4700000e+01  -8.6891304e+01   2.0203217e+02
   2.4800000e+01   4.9108696e+01   1.8959217e+02
   2.4900000e+01  -9.0891304e+01   2.4819217e+02
   2.5000000e+01  -7.5891304e+01   1.0259217e+02
   2.5100000e+01  -3.8913043e+00   1.6871217e+02
   2.5200000e+01  -3.9891304e+01   1.7915217e+02
   2.5300000e+01   8.4108696e+01   2.6319217e+02
   2.5400000e+01   7.5108696e+01   1.4755217e+02
   2.5500000e+01   8.0108696e+01   2.3135217e+02
   2.5600000e+01   8.0108696e+01   6.4352174e+01
   2.5700000e+01   7.0108696e+01   1.7175217e+02
   2.5800000e+01  -3.3891304e+01   2.1691217e+02
   2.5900000e+01   2.6108696e+01   1.6951217e+02
   2.6000000e+01   7.9108696e+01   9.7392174e+01
   2.6100000e+01   3.9108696e+01   8.7992174e+01
   2.6200000e+01  -2.8891304e+01   1.7871217e+02
   2.6300000e+01  -2.8891304e+01   1.3671217e+02
   2.6400000e+01   1.4410870e+02   7.8792174e+01
   2.6500000e+01   5.9108696e+01   1.9019217e+02
   2.6600000e+01   1.4410870e+02   9.9792174e+01
   2.6700000e+01   1.8108696e+01   7.8832174e+01
   2.6800000e+01  -2.8913043e+00   1.2067217e+02
   2.6900000e+01   8.7108696e+01   2.5207217e+02
   2.7000000e+01   8.5108696e+01   2.8815217e+02
   2.7100000e+01   1.2810870e+02   1.1643217e+02
   2.7200000e+01   7.8108696e+01   1.5943217e+02
   2.7300000e+01  -2.2891304e+01   1.9547217e+02
   2.7400000e+01  -1.7891304e+01   1.2527217e+02
   2.7500000e+01  -1.4891304e+01   6.3152174e+01
   2.7600000e+01   1.0210870e+02   1.4347217e+02
   2.7700000e+01   7.1108696e+01   1.5871217e+02
   2.7800000e+01   4.2108696e+01   2.0887217e+02
   2.7900000e+01   1.0410870e+02   9.3392174e+01
   2.8000000e+01  -1.1789130e+02   2.4627217e+02
   2.8100000e+01   3.1108696e+01   2.3531217e+02
   2.8200000e+01  -5.1891304e+01   1.3063217e+02
   2.8300000e+01   2.4108696e+01   1.0659217e+02
   2.8400000e+01   1.3108696e+01   5.7032174e+01
   2.8500000e+01   2.5108696e+01   8.5552174e+01
   2.8600000e+01   8.2108696e+01   8.2721739e+00
   2.8700000e+01   5.1086957e+00   9.2352174e+01
   2.8800000e+01  -9.9891304e+01   1.5255217e+02
   2.8900000e+01   9.2108696e+01   1.4787217e+02
   2.9000000e+01  -5.1891304e+01   1.1163217e+02
   2.9100000e+01  -4.6891304e+01   9.5432174e+01
   2.9200000e+01   4.1108696e+01   9.9912174e+01
   2.9300000e+01   5.0108696e+01   6.2552174e+01
   2.9400000e+01   6.7108696e+01   1.3687217e+02
   2.9500000e+01   7.1108696e+01   6.8712174e+01
   2.9600000e+01   6.0108696e+01   6.9152174e+01
   2.9700000e+01  -1.1891304e+01   1.0603217e+02
   2.9800000e+01   2.6108696e+01   2.9951217e+02
   2.9900000e+01   4.9108696e+01   1.2759217e+02
   3.0000000e+01  -1.4389130e+02   1.6631217e+02
   3.0100000e+01   5.9108696e+01   3.1519217e+02
   3.0200000e+01  -1.1089130e+02   1.7992174e+01
   3.0300000e+01  -8.8913043e+00   4.6912174e+01
   3.0400000e+01   1.2610870e+02   1.6751217e+02
   3.0500000e+01   6.9108696e+01   1.4379217e+02
   3.0600000e+01   7.1086957e+00   1.4027217e+02
   3.0700000e+01  -3.8913043e+00   8.2712174e+01
   3.0800000e+01   2.6310870e+02   1.8303217e+02
   3.0900000e+01   2.2108696e+01   1.6267217e+02
   3.1000000e+01   1.1810870e+02   5.0832174e+01
   3.1100000e+01   4.6108696e+01   1.7671217e+02
   3.1200000e+01   5.4108696e+01   9.3921739e+00
   3.1300000e+01   7.1086957e+00   1.6427217e+02
   3.1400000e+01   8.0108696e+01   9.8352174e+01
   3.1500000e+01   5.4108696e+01   1.3439217e+02
   3.1600000e+01   1.5910870e+02   1.0819217e+02
   3.1700000e+01   1.8108696e+01   1.7883217e+02
   3.1800000e+01  -1.1089130e+02   1.1199217e+02
   3.1900000e+01   2.8108696e+01   1.1743217e+02
   3.2000000e+01   1.5108696e+01   6.3952174e+01
   3.2100000e+01   9.1086957e+00   9.7192174e+01
   3.2200000e+01   1.6010870e+02   8.4152174e+01
   3.2300000e+01   5.2108696e+01   1.6147217e+02
   3.2400000e+01   2.8108696e+01   9.9432174e+01
   3.2500000e+01  -8.2891304e+01   2.4887217e+02
   3.2600000e+01   7.6108696e+01   1.1351217e+02
   3.2700000e+01  -8.9130435e-01   2.3159217e+02
   3.2800000e+01  -1.5891304e+01   2.3019217e+02
   3.2900000e+01  -4.0891304e+01   2.7019217e+02
   3.3000000e+01   1.7108696e+01   1.7287217e+02
   3.3100000e+01   3.4108696e+01   1.1119217e+02
   3.3200000e+01   3.0108696e+01   2.1135217e+02
   3.3300000e+01  -2.8913043e+00   1.4667217e+02
   3.3400000e+01   1.1410870e+02   7.0992174e+01
   3.3500000e+01  -5.7891304e+01   2.6587217e+02
   3.3600000e+01   1.1110870e+02   7.0112174e+01
   3.3700000e+01  -3.6891304e+01   1.9503217e+02
   3.3800000e+01   1.5810870e+02   2.8923217e+02
   3.3900000e+01   2.9108696e+01   1.7039217e+02
   3.4000000e+01   6.1108696e+01   1.0511217e+02
   3.4100000e+01  -8.3891304e+01   1.4991217e+02
   3.4200000e+01   1.2610870e+02   1.7351217e+02
   3.4300000e+01   2.7108696e+01   4.4247217e+02
   3.4400000e+01   4.6108696e+01   1.3571217e+02
   3.4500000e+01  -4.2891304e+01   1.2127217e+02
   3.4600000e+01  -7.0891304e+01   1.2539217e+02
   3.4700000e+01   2.8108696e+01   2.6143217e+02
   3.4800000e+01   9.8108696e+01   2.5632174e+01
   3.4900000e+01   9.1086957e+00   1.3419217e+02
   3.5000000e+01   1.3310870e+02   1.3823217e+02
   3.5100000e+01   9.1108696e+01   6.7912174e+01
   3.5200000e+01  -8.2891304e+01   1.8987217e+02
   3.5300000e+01   4.6108696e+01   2.2071217e+02
   3.5400000e+01   1.1410870e+02   4.1992174e+01
   3.5500000e+01  -1.1089130e+02   2.0999217e+02
   3.5600000e+01  -1.4891304e+01   8.3152174e+01
   3.5700000e+01   2.5108696e+01   2.6552174e+01
   3.5800000e+01  -5.6891304e+01   2.4832174e+01
   3.5900000e+01  -6.4891304e+01   1.6715217e+02
   3.6000000e+01   3.3108696e+01   2.0423217e+02
   3.6100000e+01  -3.6891304e+01   1.9203217e+02
   3.6200000e+01   9.1108696e+01   3.0912174e+01
   3.6300000e+01  -8.6891304e+01   2.9003217e+02
   3.6400000e+01  -6.8891304e+01   1.6431217e+02
   3.6500000e+01  -9.2891304e+01   9.2272174e+01
   3.6600000e+01  -1.0789130e+02   3.4872174e+01
   3.6700000e+01  -1.9891304e+01   9.9352174e+01
   3.6800000e+01  -1.0989130e+02   1.4695217e+02
   3.6900000e+01   1.0610870e+02   1.5531217e+02
   3.7000000e+01  -2.1891304e+01   2.2143217e+02
   3.7100000e+01  -5.7891304e+01   2.1487217e+02
   3.7200000e+01  -4.2891304e+01   1.2827217e+02
   3.7300000e+01   2.2410870e+02   1.6159217e+02
   3.7400000e+01   1.6108696e+01   5.4912174e+01
   3.7500000e+01   2.0108696e+01   3.3175217e+02
   3.7600000e+01   9.4108696e+01   1.5979217e+02
   3.7700000e+01  -5.8913043e+00   2.0979217e+02
   3.7800000e+01   6.9108696e+01   1.0879217e+02
   3.7900000e+01   3.5108696e+01   1.0215217e+02
   3.8000000e+01  -9.0891304e+01   9.9192174e+01
   3.8100000e+01   8.7108696e+01  -2.7927826e+01
   3.8200000e+01  -5.2891304e+01   1.2467217e+02
   3.8300000e+01   1.0610870e+02   1.6131217e+02
   3.8400000e+01   1.0869565e-01   1.7552174e+01
   3.8500000e+01   1.9108696e+01   9.0792174e+01
   3.8600000e+01  -2.3891304e+01   1.2051217e+02
   3.8700000e+01  -3.5891304e+01   1.7599217e+02
   3.8800000e+01  -1.8913043e+00   2.7163217e+02
   3.8900000e+01   7.8108696e+01   5.6432174e+01
   3.9000000e+01   5.1086957e+00   9.2352174e+01
   3.9100000e+01  -7.8891304e+01   2.0371217e+02
   3.9200000e+01   1.1086957e+00   1.0251217e+02
   3.9300000e+01   8.1086957e+00   2.2923217e+02
   3.9400000e+01   9.4108696e+01   1.1479217e+02
   3.9500000e+01  -7.9891304e+01   3.1975217e+02
   3.9600000e+01   2.0310870e+02   1.3643217e+02
   3.9700000e+01  -6.9891304e+01   1.0135217e+02
   3.9800000e+01  -5.8913043e+00   5.7792174e+01
   3.9900000e+01   3.0108696e+01  -1.2647826e+01
   4.0000000e+01   2.6108696e+01   1.7451217e+02
   4.0100000e+01   1.7610870e+02  -1.9487826e+01
   4.0200000e+01   4.5108696e+01   1.6675217e+02
   4.0300000e+01   3.5108696e+01   1.5815217e+02
   4.0400000e+01   1.1410870e+02   1.9699217e+02
   4.0500000e+01  -6.4891304e+01   7.7152174e+01
   4.0600000e+01  -1.1689130e+02   2.1523217e+02
   4.0700000e+01   1.4110870e+02   9.3912174e+01
   4.0800000e+01   6.7108696e+01   1.7387217e+02
   4.0900000e+01  -6.9891304e+01   1.5935217e+02
   4.1000000e+01   2.6108696e+01   1.0551217e+02
   4.1100000e+01   1.3108696e+01   1.0321739e+00
   4.1200000e+01   1.2910870e+02   5.1392174e+01
   4.1300000e+01  -5.6891304e+01   1.8483217e+02
   4.1400000e+01  -9.8913043e+00   1.4395217e+02
   4.1500000e+01  -5.8891304e+01   5.8912174e+01
   4.1600000e+01   9.1086957e+00   5.6192174e+01
   4.1700000e+01   1.7108696e+01   4.9872174e+01
   4.1800000e+01  -2.0891304e+01   1.0239217e+02
   4.1900000e+01  -3.7891304e+01   7.3072174e+01
   4.2000000e+01   5.1086957e+00   1.2135217e+02
   4.2100000e+01   3.2108696e+01   4.0272174e+01
   4.2200000e+01   1.2010870e+02   2.6875217e+02
   4.2300000e+01  -2.4891304e+01   1.2955217e+02
   4.2400000e+01   2.9310870e+02   1.1283217e+02
   4.2500000e+01   1.0110870e+02   2.3551217e+02
   4.2600000e+01   2.0210870e+02   2.2247217e+02
   4.2700000e+01  -1.4789130e+02   2.0047217e+02
   4.2800000e+01  -1.0891304e+01   2.4099217e+02
   4.2900000e+01   1.2310870e+02   2.4063217e+02
   4.3000000e+01   1.4010870e+02   2.1595217e+02
   4.3100000e+01   8.8108696e+01   2.3903217e+02
   4.3200000e+01   3.6108696e+01   8.7112174e+01
   4.3300000e+01   1.6108696e+01   2.3191217e+02
   4.3400000e+01   8.3108696e+01   3.7232174e+01
   4.3500000e+01   8.3108696e+01   2.1623217e+02
   4.3600000e+01  -1.1989130e+02   3.6835217e+02
   4.3700000e+01   4.6108696e+01   3.6712174e+01
   4.3800000e+01  -3.2891304e+01   8.1872174e+01
   4.3900000e+01   2.1108696e+01   1.4971217e+02
   4.4000000e+01   5.6108696e+01   1.7312174e+01
   4.4100000e+01  -1.1589130e+02   4.8192174e+01
   4.4200000e+01  -1.2891304e+01   1.5307217e+02
   4.4300000e+01  -4.9891304e+01   1.6755217e+02
   4.4400000e+01   1.4108696e+01   2.2899217e+02
   4.4500000e+01  -1.6589130e+02   1.1119217e+02
   4.4600000e+01  -1.0589130e+02  -9.2078261e+00
   4.4700000e+01  -7.5891304e+01   1.5859217e+02
   4.4800000e+01  -2.4891304e+01   3.0555217e+02
   4.4900000e+01   2.0108696e+01   1.9275217e+02
   4.5000000e+01   5.8108696e+01   3.4232174e+01
   4.5100000e+01  -3.8913043e+00   1.9771217e+02
   4.5200000e+01   6.7108696e+01   1.0387217e+02
   4.5300000e+01   1.1110870e+02   8.1112174e+01
   4.5400000e+01  -4.9891304e+01   1.6755217e+02
   4.5500000e+01   4.0108696e+01   1.6295217e+02
   4.5600000e+01   5.2108696e+01   5.0472174e+01
   4.5700000e+01   4.1108696e+01   1.0691217e+02
   4.5800000e+01  -2.0891304e+01   9.8392174e+01
   4.5900000e+01   6.4108696e+01   2.3599217e+02
   4.6000000e+01  -3.9891304e+01   1.4152174e+01
   4.6100000e+01   7.1086957e+00   9.8272174e+01
   4.6200000e+01   5.3108696e+01   1.8243217e+02
   4.6300000e+01  -3.5891304e+01   1.5599217e+02
   4.6400000e+01  -3.3891304e+01   1.8191217e+02
   4.6500000e+01   1.2510870e+02   2.4355217e+02
   4.6600000e+01  -2.7891304e+01   5.6672174e+01
   4.6700000e+01   3.9108696e+01   1.4499217e+02
   4.6800000e+01  -8.1891304e+01   2.1183217e+02
   4.6900000e+01   6.3108696e+01   4.9032174e+01
   4.7000000e+01   3.2910870e+02   3.3921739e+00
   4.7100000e+01   1.6810870e+02   2.4832174e+01
   4.7200000e+01   1.0610870e+02  -1.2687826e+01
   4.7300000e+01   1.4110870e+02   1.3912174e+01
   4.7400000e+01   1.1610870e+02   4.2912174e+01
   4.7500000e+01   1.6710870e+02   2.8721739e+00
   4.7600000e+01   2.0710870e+02  -4.3727826e+01
   4.7700000e+01   1.0110870e+02  -3.4878261e+00
   4.7800000e+01   2.8310870e+02   1.5523217e+02
   4.7900000e+01   4.0108696e+01  -6.1047826e+01
   4.8000000e+01   2.4010870e+02   3.9521739e+00
   4.8100000e+01   1.6910870e+02   3.7792174e+01
   4.8200000e+01   2.4110870e+02  -1.4087826e+01
   4.8300000e+01  -3.8913043e+00  -2.9287826e+01
   4.8400000e+01   1.7710870e+02   9.5472174e+01
   4.8500000e+01   4.4108696e+01  -3.8207826e+01
   4.8600000e+01   1.6610870e+02  -3.7087826e+01
   4.8700000e+01   1.3610870e+02   1.7211217e+02
   4.8800000e+01   2.5810870e+02  -1.4767826e+01
   4.8900000e+01   7.6108696e+01   2.2512174e+01
   4.9000000e+01   3.7810870e+02  -2.1567826e+01
   4.9100000e+01   1.9910870e+02   1.3459217e+02
   4.9200000e+01   2.6110870e+02   5.3112174e+01
   4.9300000e+01   4.1108696e+01   9.1217391e-01
   4.9400000e+01  -3.1891304e+01   1.4832174e+01
   4.9500000e+01   1.0610870e+02   6.3312174e+01
   4.9600000e+01   2.3910870e+02  -2.3007826e+01
   4.9700000e+01   1.6310870e+02   2.3032174e+01
   4.9800000e+01   6.2108696e+01   1.0721739e+00
   4.9900000e+01   4.3108696e+01  -4.1167826e+01
   5.0000000e+01   1.3310870e+02  -2.2767826e+01
   5.0100000e+01   1.4108696e+01  -5.0078261e+00
   5.0200000e+01   9.0108696e+01   8.1952174e+01
   5.0300000e+01  -4.1891304e+01  -3.0767826e+01
   5.0400000e+01  -6.8913043e+00   3.1832174e+01
   5.0500000e+01  -2.8891304e+01   4.0712174e+01
   5.0600000e+01   2.3610870e+02   8.5112174e+01
   5.0700000e+01   1.1910870e+02   1.6792174e+01
   5.0800000e+01   9.4108696e+01   4.7921739e+00
   5.0900000e+01   7.5108696e+01   6.2552174e+01
   5.1000000e+01   6.8108696e+01   4.5832174e+01
   5.1100000e+01   6.8108696e+01   7.0832174e+01
   5.1200000e+01   1.3210870e+02  -2.1727826e+01
   5.1300000e+01   2.2910870e+02   1.5392174e+01
   5.1400000e+01   2.6108696e+01   2.4512174e+01
   5.1500000e+01   1.7710870e+02  -3.3527826e+01
   5.1600000e+01  -7.8913043e+00   5.0872174e+01
   5.1700000e+01   4.8108696e+01  -2.0367826e+01
   5.1800000e+01   4.6108696e+01  -1.2287826e+01
   5.1900000e+01   8.6108696e+01   8.5112174e+01
   5.2000000e+01   1.5510870e+02  -1.9647826e+01
   5.2100000e+01   3.5210870e+02  -3.5527826e+01
   5.2200000e+01   9.3108696e+01  -2.5167826e+01
   5.2300000e+01   2.6310870e+02   1.4032174e+01
   5.2400000e+01   2.2910870e+02  -2.4607826e+01
   5.2500000e+01   1.8210870e+02  -4.7727826e+01
   5.2600000e+01   1.7910870e+02   6.3921739e+00
   5.2700000e+01   1.5210870e+02   3.8472174e+01
   5.2800000e+01   9.6108696e+01  -3.2878261e+00
   5.2900000e+01   9.5108696e+01  -7.0247826e+01
   5.3000000e+01   3.2610870e+02  -1.4487826e+01
   5.3100000e+01   2.0610870e+02   4.8312174e+01
   5.3200000e+01   2.1108696e+01   3.5712174e+01
   5.3300000e+01   2.3710870e+02  -8.9278261e+00
   5.3400000e+01   1.8210870e+02  -1.2727826e+01
   5.3500000e+01   1.1310870e+02   3.3032174e+01
   5.3600000e+01   9.8108696e+01  -4.1367826e+01
   5.3700000e+01   3.7108696e+01  -2.6927826e+01
   5.3800000e+01   1.5310870e+02  -2.5678261e+00
   5.3900000e+01   3.1108696e+01  -2.2687826e+01
   5.4000000e+01   6.5108696e+01  -4.4047826e+01
   5.4100000e+01   1.6810870e+02  -3.4167826e+01
   5.4200000e+01   1.5910870e+02   3.6192174e+01
   5.4300000e+01   1.9108696e+01   2.3792174e+01
   5.4400000e+01   5.7108696e+01   2.2721739e+00
   5.4500000e+01  -5.8913043e+00  -1.9207826e+01
   5.4600000e+01   2.6310870e+02   1.5032174e+01
   5.4700000e+01  -3.6891304e+01   2.1032174e+01
   5.4800000e+01   8.4108696e+01  -3.1807826e+01
   5.4900000e+01   2.2610870e+02  -3.7487826e+01
   5.5000000e+01   1.2610870e+02  -4.5487826e+01
   5.5100000e+01   1.2110870e+02   7.1217391e-01
   5.5200000e+01   1.0110870e+02   5.8512174e+01
   5.5300000e+01   1.1210870e+02  -1.4927826e+01
   5.5400000e+01   1.3110870e+02   7.5312174e+01
   5.5500000e+01   1.7110870e+02  -3.9287826e+01
   5.5600000e+01   1.8310870e+02  -4.1767826e+01
   5.5700000e+01   4.0108696e+01   7.2952174e+01
   5.5800000e+01   2.4110870e+02   1.4912174e+01
   5.5900000e+01   8.7108696e+01   7.6072174e+01
   5.6000000e+01   2.9108696e+01   6.1392174e+01
   5.6100000e+01   1.8010870e+02  -1.3647826e+01
   5.6200000e+01   2.0810870e+02  -7.6767826e+01
   5.6300000e+01   8.4108696e+01   1.3519217e+02
   5.6400000e+01   2.1410870e+02  -2.6007826e+01
   5.6500000e+01   2.4210870e+02  -9.8127826e+01
   5.6600000e+01   1.3910870e+02   9.9921739e+00
   5.6700000e+01   7.3108696e+01   1.2632174e+01
   5.6800000e+01   2.1010870e+02   1.7152174e+01
   5.6900000e+01   1.4210870e+02   1.1687217e+02
   5.7000000e+01   3.0108696e+01   1.5352174e+01
   5.7100000e+01   1.5010870e+02  -1.0447826e+01
   5.7200000e+01   1.4710870e+02  -9.3278261e+00
   5.7300000e+01   2.6110870e+02   3.6112174e+01
   5.7400000e+01   1.7310870e+02   1.1632174e+01
   5.7500000e+01   1.2810870e+02  -3.5567826e+01
   5.7600000e+01   1.9510870e+02  -3.3247826e+01
   5.7700000e+01   1.1410870e+02  -8.0078261e+00
   5.7800000e+01   1.9810870e+02   7.6321739e+00
   5.7900000e+01   1.0410870e+02   2.2392174e+01
   5.8000000e+01   1.2510870e+02  -2.9447826e+01
   5.8100000e+01   8.8108696e+01   7.3032174e+01
   5.8200000e+01   2.8510870e+02   1.1152174e+01
   5.8300000e+01   2.3310870e+02   5.8232174e+01
   5.8400000e+01   1.6010870e+02   1.5152174e+01
   5.8500000e+01   1.4510870e+02  -2.2478261e+00
   5.8600000e+01   2.3610870e+02   2.2112174e+01
   5.8700000e+01   1.8010870e+02   1.0352174e+01
   5.8800000e+01   2.0310870e+02   5.8432174e+01
   5.8900000e+01   3.2510870e+02  -6.7447826e+01
   5.9000000e+01   1.1810870e+02  -9.1678261e+00
   5.9100000e+01   1.8810870e+02   5.6032174e+01
   5.9200000e+01   7.6108696e+01   7.3512174e+01
   5.9300000e+01   4.4910870e+02  -1.4078261e+00
   5.9400000e+01   6.0108696e+01   3.7152174e+01
   5.9500000e+01   5.9108696e+01  -6.4807826e+01
   5.9600000e+01   1.0310870e+02   1.4843217e+02
   5.9700000e+01   2.7610870e+02   6.7512174e+01
   5.9800000e+01   5.1108696e+01   9.3512174e+01
   5.9900000e+01   8.7108696e+01   2.3072174e+01
   6.0000000e+01   2.5810870e+02   6.4232174e+01
   6.0100000e+01   1.5410870e+02   3.3921739e+00
   6.0200000e+01   3.0010870e+02   6.3552174e+01
   6.0300000e+01   2.5910870e+02  -1.0807826e+01
   6.0400000e+01   1.0410870e+02   4.8392174e+01
   6.0500000e+01   5.5108696e+01   1.1352174e+01
   6.0600000e+01   5.0108696e+01   3.8552174e+01
   6.0700000e+01  -1.1891304e+01   3.0032174e+01
   6.0800000e+01   2.3010870e+02  -1.6647826e+01
   6.0900000e+01   1.7310870e+02  -9.3678261e+00
   6.1000000e+01   1.8108696e+01   2.7832174e+01
   6.1100000e+01   1.9210870e+02  -5.2127826e+01
   6.1200000e+01   3.5510870e+02  -2.1647826e+01
   6.1300000e+01   1.1110870e+02   4.7112174e+01
   6.1400000e+01   1.3610870e+02   1.1911217e+02
   6.1500000e+01   1.7410870e+02   5.9217391e-01
   6.1600000e+01   2.0310870e+02   3.7432174e+01
   6.1700000e+01   9.9108696e+01   8.5921739e+00
   6.1800000e+01   8.8108696e+01   2.1032174e+01
   6.1900000e+01   1.1110870e+02   1.9112174e+01
   6.2000000e+01   4.8108696e+01   2.9632174e+01
   6.2100000e+01   1.3010870e+02   9.5352174e+01
   6.2200000e+01   6.1108696e+01   1.0112174e+01
   6.2300000e+01   1.3810870e+02  -1.9678261e+00
   6.2400000e+01   4.2210870e+02   4.9672174e+01
   6.2500000e+01   5.2108696e+01  -2.1527826e+01
   6.2600000e+01   9.5108696e+01   5.7752174e+01
   6.2700000e+01   1.8710870e+02   5.4072174e+01
   6.2800000e+01   2.7410870e+02   3.5592174e+01
   6.2900000e+01   2.3210870e+02   7.4272174e+01
   6.3000000e+01   1.1810870e+02   3.6832174e+01
   6.3100000e+01   1.1810870e+02   1.0583217e+02
   6.3200000e+01   8.7108696e+01  -4.1927826e+01
   6.3300000e+01   1.1010870e+02   6.6152174e+01
   6.3400000e+01   1.0810870e+02   8.7232174e+01
   6.3500000e+01   1.0810870e+02   7.2321739e+00
   6.3600000e+01   8.7108696e+01   6.2072174e+01
   6.3700000e+01   2.3410870e+02   9.8192174e+01
   6.3800000e+01   6.5108696e+01   5.1952174e+01
   6.3900000e+01   2.1410870e+02  -2.5007826e+01
   6.4000000e+01   6.8108696e+01  -3.0167826e+01
   6.4100000e+01   1.8710870e+02  -9.2782609e-01
   6.4200000e+01   2.7410870e+02   7.5921739e+00
   6.4300000e+01   1.6310870e+02  -1.3967826e+01
   6.4400000e+01   1.6610870e+02   8.2912174e+01
   6.4500000e+01   1.1410870e+02   5.5992174e+01
   6.4600000e+01   1.1910870e+02   2.8792174e+01
   6.4700000e+01   6.5108696e+01   5.1952174e+01
   6.4800000e+01   6.8108696e+01   3.8321739e+00
   6.4900000e+01   1.0010870e+02  -1.8447826e+01
   6.5000000e+01   1.9010870e+02   6.2952174e+01
   6.5100000e+01   4.8108696e+01   7.6321739e+00
   6.5200000e+01   1.2610870e+02   2.5121739e+00
   6.5300000e+01   7.6108696e+01   3.2512174e+01
   6.5400000e+01   2.0210870e+02   5.0472174e+01
   6.5500000e+01   1.1710870e+02   4.8721739e+00
   6.5600000e+01   1.0410870e+02   1.0139217e+02
   6.5700000e+01   7.7108696e+01  -1.7527826e+01
   6.5800000e+01   1.1610870e+02   5.0912174e+01
   6.5900000e+01   1.1410870e+02   4.1992174e+01
   6.6000000e+01   7.6108696e+01   1.6512174e+01
   6.6100000e+01   3.1410870e+02  -4.3007826e+01
   6.6200000e+01   1.2110870e+02  -4.1287826e+01
   6.6300000e+01   3.4210870e+02   8.0872174e+01
   6.6400000e+01   5.2108696e+01   2.4721739e+00
   6.6500000e+01   4.0310870e+02   1.8432174e+01
   6.6600000e+01   1.2210870e+02   8.5672174e+01
   6.6700000e+01   2.0110870e+02  -1.5487826e+01
   6.6800000e+01   1.6108696e+01  -1.0878261e+00
   6.6900000e+01   2.0210870e+02  -1.7527826e+01
   6.7000000e+01   8.8108696e+01  -3.3967826e+01
   6.7100000e+01   2.6910870e+02   2.0792174e+01
   6.7200000e+01  -1.4891304e+01  -3.6847826e+01
   6.7300000e+01   6.9108696e+01   1.9792174e+01
   6.7400000e+01   8.0108696e+01   5.3521739e+00
   6.7500000e+01   1.4910870e+02   4.9592174e+01
   6.7600000e+01   3.3910870e+02   4.2992174e+01
   6.7700000e+01   1.5810870e+02  -2.4767826e+01
   6.7800000e+01   7.2108696e+01  -2.0327826e+01
   6.7900000e+01   1.3510870e+02   1.3152174e+01
   6.8000000e+01   1.8010870e+02   3.1352174e+01
   6.8100000e+01   1.3510870e+02   2.9152174e+01
   6.8200000e+01   2.3610870e+02  -9.6887826e+01
   6.8300000e+01   1.3510870e+02  -4.2847826e+01
   6.8400000e+01   2.0910870e+02  -1.4807826e+01
   6.8500000e+01   6.9108696e+01   1.3792174e+01
   6.8600000e+01   1.9210870e+02  -4.1278261e+00
   6.8700000e+01   1.3910870e+02  -1.2007826e+01
   6.8800000e+01   2.7108696e+01  -2.4527826e+01
   6.8900000e+01   1.5210870e+02   5.2472174e+01
   6.9000000e+01   1.6110870e+02   1.1011217e+02
   6.9100000e+01   1.5410870e+02  -2.5607826e+01
   6.9200000e+01   5.2108696e+01  -1.4527826e+01
   6.9300000e+01   1.0810870e+02   6.8232174e+01
   6.9400000e+01   1.0410870e+02  -3.6607826e+01
   6.9500000e+01   1.2610870e+02  -5.3487826e+01
   6.9600000e+01   2.1410870e+02   2.6992174e+01
   6.9700000e+01   8.1086957e+00   6.2321739e+00
   6.9800000e+01   2.8610870e+02   3.5112174e+01
   6.9900000e+01   1.6710870e+02   4.7872174e+01
   7.0000000e+01   9.4108696e+01   4.2792174e+01
   7.0100000e+01   1.5110870e+02   1.1151217e+02
   7.0200000e+01   1.2310870e+02  -6.1367826e+01
   7.0300000e+01   2.0810870e+02   4.1232174e+01
   7.0400000e+01   1.0110870e+02  -2.4878261e+00
   7.0500000e+01   8.1086957e+00  -1.4767826e+01
   7.0600000e+01   5.7108696e+01  -1.5727826e+01
   7.0700000e+01  -8.3891304e+01  -3.7087826e+01
   7.0800000e+01   5.1086957e+00   6.3352174e+01
   7.0900000e+01   1.2110870e+02   5.1712174e+01
   7.1000000e+01  -1.9891304e+01  -3.7647826e+01
   7.1100000e+01   1.8910870e+02   2.5992174e+01
   7.1200000e+01   1.0510870e+02   2.6352174e+01
   7.1300000e+01  -5.7891304e+01  -2.8127826e+01
   7.1400000e+01  -4.2891304e+01  -2.7727826e+01
   7.1500000e+01   3.5108696e+01  -2.8847826e+01
   7.1600000e+01   5.7108696e+01   3.2721739e+00
   7.1700000e+01   6.3108696e+01   4.0032174e+01
   7.1800000e+01   1.1010870e+02   3.2152174e+01
   7.1900000e+01   5.3108696e+01   7.8432174e+01
   7.2000000e+01   7.3108696e+01  -1.3678261e+00
   7.2100000e+01  -3.4891304e+01  -4.2047826e+01
   7.2200000e+01   1.7110870e+02  -5.2878261e+00
   7.2300000e+01   2.3210870e+02   1.0272174e+01
   7.2400000e+01   2.5010870e+02   1.0255217e+02
   7.2500000e+01   1.3310870e+02  -5.3767826e+01
   7.2600000e+01   4.8108696e+01  -4.2367826e+01
   7.2700000e+01   1.9810870e+02   1.3632174e+01
   7.2800000e+01   1.3410870e+02   1.9192174e+01
   7.2900000e+01   1.9610870e+02  -3.0287826e+01
   7.3000000e+01   1.0869565e-01  -1.4447826e+01
   7.3100000e+01   1.6310870e+02   7.7032174e+01
   7.3200000e+01   1.4610870e+02  -6.5287826e+01
   7.3300000e+01   4.3108696e+01   3.8321739e+00
   7.3400000e+01   8.3108696e+01   3.2321739e+00
   7.3500000e+01   8.9108696e+01  -1.3007826e+01
   7.3600000e+01   1.8310870e+02  -6.7678261e+00
   7.3700000e+01   1.5510870e+02  -6.7647826e+01
   7.3800000e+01   1.7210870e+02   1.2367217e+02
   7.3900000e+01   1.9410870e+02  -2.0782609e-01
   7.4000000e+01  -1.1891304e+01  -3.7967826e+01
   7.4100000e+01  -2.8913043e+00   1.3672174e+01
   7.4200000e+01   1.4310870e+02   3.6832174e+01
   7.4300000e+01   2.2210870e+02   5.1672174e+01
   7.4400000e+01   6.2108696e+01   6.8072174e+01
   7.4500000e+01  -8.8913043e+00   9.9121739e+00
   7.4600000e+01  -1.8891304e+01  -2.2687826e+01
   7.4700000e+01   2.1910870e+02   3.0792174e+01
   7.4800000e+01   2.3110870e+02   4.9312174e+01
   7.4900000e+01   1.0010870e+02   2.4552174e+01
   7.5000000e+01   2.3410870e+02  -1.6807826e+01
   7.5100000e+01   1.5010870e+02  -4.3447826e+01
   7.5200000e+01   2.5710870e+02  -1.3727826e+01
   7.5300000e+01   2.8210870e+02   2.4272174e+01
   7.5400000e+01   1.2610870e+02  -3.1487826e+01
   7.5500000e+01   1.7108696e+01  -7.9127826e+01
   7.5600000e+01   1.4210870e+02  -2.0127826e+01
   7.5700000e+01  -8.6891304e+01  -3.5967826e+01
   7.5800000e+01   8.1086957e+00  -2.2767826e+01
   7.5900000e+01  -1.6891304e+01   2.5232174e+01
   7.6000000e+01   6.8108696e+01   8.2832174e+01
   7.6100000e+01   1.3310870e+02   1.6123217e+02
   7.6200000e+01   2.4910870e+02   8.5921739e+00
   7.6300000e+01   1.8610870e+02   3.0112174e+01
   7.6400000e+01   1.9110870e+02  -8.0878261e+00
   7.6500000e+01   4.2108696e+01   3.7872174e+01
   7.6600000e+01   2.2010870e+02   7.6752174e+01
   7.6700000e+01   3.8108696e+01  -1.8967826e+01
   7.6800000e+01   5.3108696e+01  -2.7567826e+01
   7.6900000e+01  -5.3891304e+01   3.5712174e+01
   7.7000000e+01   8.8108696e+01   4.3032174e+01
   7.7100000e+01  -3.4891304e+01   7.7952174e+01
   7.7200000e+01   1.2410870e+02  -7.4078261e+00
   7.7300000e+01   8.5108696e+01  -5.9847826e+01
   7.7400000e+01   1.5108696e+01   5.5952174e+01
   7.7500000e+01   1.2710870e+02  -6.1527826e+01
   7.7600000e+01   5.4108696e+01  -2.0607826e+01
   7.7700000e+01   2.3810870e+02   3.8032174e+01
   7.7800000e+01   5.1108696e+01   7.5121739e+00
   7.7900000e+01   1.0610870e+02   1.3121739e+00
   7.8000000e+01   7.5108696e+01   1.1655217e+02
   7.8100000e+01   2.5108696e+01  -3.4447826e+01
   7.8200000e+01   1.7910870e+02   5.1392174e+01
   7.8300000e+01   1.9010870e+02  -3.6047826e+01
   7.8400000e+01   2.2210870e+02   9.6721739e+00
   7.8500000e+01   1.4310870e+02   1.1283217e+02
   7.8600000e+01   2.3310870e+02  -3.0767826e+01
   7.8700000e+01   1.2810870e+02   3.7432174e+01
   7.8800000e+01   2.3810870e+02  -3.0967826e+01
   7.8900000e+01   2.4610870e+02  -2.8782609e-01
   7.9000000e+01   3.4510870e+02   3.9752174e+01
   7.9100000e+01   1.3310870e+02  -3.6767826e+01
   7.9200000e+01   4.1086957e+00  -7.6078261e+00
   7.9300000e+01   7.9108696e+01   6.7392174e+01
   7.9400000e+01   2.6010870e+02   7.0152174e+01
   7.9500000e+01   2.1310870e+02   2.0321739e+00
   7.9600000e+01   1.1210870e+02   1.3707217e+02
   7.9700000e+01   1.7510870e+02  -1.4447826e+01
   7.9800000e+01   1.8710870e+02  -8.9278261e+00
   7.9900000e+01   7.1086957e+00  -6.4727826e+01
   8.0000000e+01   8.8108696e+01  -2.4967826e+01
   8.0100000e+01   9.8108696e+01   1.1163217e+02
   8.0200000e+01   1.8610870e+02   1.0111217e+02
   8.0300000e+01  -3.1891304e+01   1.0832174e+01
   8.0400000e+01   1.0010870e+02  -3.6447826e+01
   8.0500000e+01   1.0310870e+02  -5.6782609e-01
   8.0600000e+01   8.5108696e+01   1.5217391e-01
   8.0700000e+01   1.4410870e+02  -3.6207826e+01
   8.0800000e+01   1.8110870e+02   7.9312174e+01
   8.0900000e+01   1.2510870e+02   1.9552174e+01
   8.1000000e+01   6.5108696e+01   2.5952174e+01
   8.1100000e+01   1.5210870e+02  -2.3527826e+01
   8.1200000e+01   2.1510870e+02  -3.0478261e+00
   8.1300000e+01   1.5510870e+02   1.1352174e+01
   8.1400000e+01   1.0210870e+02   9.4721739e+00
   8.1500000e+01   8.7108696e+01  -3.6927826e+01
   8.1600000e+01   1.5910870e+02   8.9192174e+01
   8.1700000e+01   3.3210870e+02   2.6272174e+01
   8.1800000e+01   1.0310870e+02   7.6432174e+01
   8.1900000e+01   1.5110870e+02   7.7512174e+01
   8.2000000e+01  -6.9891304e+01   5.9352174e+01
   8.2100000e+01   1.5810870e+02   3.4232174e+01
   8.2200000e+01   1.0010870e+02   3.5552174e+01
   8.2300000e+01   2.2610870e+02   3.0512174e+01
   8.2400000e+01   7.4108696e+01   3.5592174e+01
   8.2500000e+01   9.4108696e+01  -3.8207826e+01
   8.2600000e+01   2.6410870e+02  -1.4007826e+01
   8.2700000e+01   1.0869565e-01   5.7552174e+01
   8.2800000e+01   1.7610870e+02  -1.6487826e+01
   8.2900000e+01   7.4108696e+01   7.6592174e+01
   8.3000000e+01   2.6410870e+02  -1.4007826e+01
   8.3100000e+01   5.6108696e+01  -3.0687826e+01
   8.3200000e+01   1.7210870e+02  -1.1327826e+01
   8.3300000e+01   1.0510870e+02   2.9352174e+01
   8.3400000e+01   1.1510870e+02   2.2952174e+01
   8.3500000e+01   2.4910870e+02   1.2259217e+02
   8.3600000e+01   2.7810870e+02  -2.8567826e+01
   8.3700000e+01   1.5910870e+02   4.5192174e+01
   8.3800000e+01   1.6910870e+02   1.0979217e+02
   8.3900000e+01   3.1510870e+02   4.9521739e+00
   8.4000000e+01   1.0810870e+02   8.4232174e+01
   8.4100000e+01   1.2910870e+02   7.7392174e+01
   8.4200000e+01   1.9010870e+02   1.5952174e+01
   8.4300000e+01   1.7310870e+02   1.1563217e+02
   8.4400000e+01   3.0410870e+02  -4.4607826e+01
   8.4500000e+01   5.8410870e+02   1.5192174e+01
   8.4600000e+01   1.4810870e+02   1.6321739e+00
   8.4700000e+01   1.3410870e+02  -5.9807826e+01
   8.4800000e+01   3.5810870e+02  -7.3767826e+01
   8.4900000e+01   2.7410870e+02   8.5921739e+00
   8.5000000e+01   3.9710870e+02  -4.2327826e+01
   8.5100000e+01   2.5210870e+02  -7.4527826e+01
   8.5200000e+01   1.9510870e+02   7.0752174e+01
   8.5300000e+01   1.6010870e+02   2.4152174e+01
   8.5400000e+01   1.4310870e+02   5.9832174e+01
   8.5500000e+01   6.7108696e+01  -4.3127826e+01
   8.5600000e+01   4.6108696e+01   7.1712174e+01
   8.5700000e+01   1.6108696e+01   2.9121739e+00
   8.5800000e+01   4.1710870e+02  -9.1278261e+00
   8.5900000e+01   3.2710870e+02   1.4472174e+01
   8.6000000e+01   3.2010870e+02   3.6752174e+01
   8.6100000e+01   3.7410870e+02  -3.1407826e+01
   8.6200000e+01   1.2310870e+02   6.9632174e+01
   8.6300000e+01   9.3108696e+01   6.9832174e+01
   8.6400000e+01   2.3110870e+02  -6.8782609e-01
   8.6500000e+01   9.0108696e+01   9.2952174e+01
   8.6600000e+01   1.9310870e+02   1.0383217e+02
   8.6700000e+01   2.1310870e+02  -2.5967826e+01
   8.6800000e+01   7.4108696e+01  -2.4407826e+01
   8.6900000e+01   5.0108696e+01   1.0555217e+02
   8.7000000e+01   1.9310870e+02   1.9832174e+01
   8.7100000e+01   2.1086957e+00   3.3472174e+01
   8.7200000e+01   1.9410870e+02   2.0792174e+01
   8.7300000e+01   2.3810870e+02  -9.6782609e-01
   8.7400000e+01   8.4108696e+01  -5.4807826e+01
   8.7500000e+01   4.1108696e+01   4.9912174e+01
   8.7600000e+01  -7.3891304e+01  -4.8782609e-01
   8.7700000e+01   1.2710870e+02   7.4472174e+01
   8.7800000e+01   1.8310870e+02   8.2232174e+01
   8.7900000e+01  -1.0891304e+01  -9.9007826e+01
   8.8000000e+01   3.2810870e+02  -1.1567826e+01
   8.8100000e+01   2.3210870e+02  -7.7278261e+00
   8.8200000e+01   1.0210870e+02  -1.0527826e+01
   8.8300000e+01   3.4108696e+01  -7.1807826e+01
   8.8400000e+01   1.2510870e+02  -2.2447826e+01
   8.8500000e+01   1.8510870e+02  -5.8478261e+00
   8.8600000e+01   1.4810870e+02   3.3632174e+01
   8.8700000e+01   7.6108696e+01  -8.4878261e+00
   8.8800000e+01   1.1210870e+02  -3.5927826e+01
   8.8900000e+01   1.2610870e+02  -1.3487826e+01
   8.9000000e+01   9.9108696e+01   7.6592174e+01
   8.9100000e+01   5.7108696e+01  -2.3727826e+01
   8.9200000e+01   2.1086957e+00   1.3472174e+01
   8.9300000e+01  -7.7891304e+01  -5.2327826e+01
   8.9400000e+01   1.2410870e+02  -7.7407826e+01
   8.9500000e+01   7.6108696e+01  -1.5487826e+01
   8.9600000e+01   1.2810870e+02   2.3432174e+01
   8.9700000e+01  -1.3891304e+01  -5.4887826e+01
   8.9800000e+01   4.4108696e+01   1.2792174e+01
   8.9900000e+01   1.4310870e+02   5.7832174e+01
   9.0000000e+01   2.8108696e+01  -2.3567826e+01
   9.0100000e+01   2.9108696e+01   2.2392174e+01
   9.0200000e+01   2.7710870e+02  -7.5278261e+00
   9.0300000e+01   4.4510870e+02   1.7752174e+01
   9.0400000e+01   1.2108696e+01  -6.9278261e+00
   9.0500000e+01   1.9010870e+02  -1.0478261e+00
   9.0600000e+01   3.4910870e+02   1.7592174e+01
   9.0700000e+01   5.6410870e+02   2.1992174e+01
   9.0800000e+01   3.1510870e+02  -2.2047826e+01
   9.0900000e+01   5.6108696e+01   6.5312174e+01
   9.1000000e+01   5.1108696e+01   9.0512174e+01
   9.1100000e+01   1.4710870e+02  -2.5327826e+01
   9.1200000e+01   9.2108696e+01  -1.2782609e-01
   9.1300000e+01   1.4510870e+02  -1.3247826e+01
   9.1400000e+01   1.8910870e+02   1.9921739e+00
   9.1500000e+01   7.6108696e+01   7.2512174e+01
   9.1600000e+01   1.6610870e+02  -2.5087826e+01
   9.1700000e+01   4.7010870e+02   6.3752174e+01
   9.1800000e+01   1.4710870e+02   3.6721739e+00
   9.1900000e+01   1.9910870e+02  -3.4407826e+01
   9.2000000e+01   1.9010870e+02   4.2952174e+01
   9.2100000e+01   3.0610870e+02  -9.6878261e+00
   9.2200000e+01   6.9110870e+02   3.5912174e+01
   9.2300000e+01   4.7010870e+02   1.4752174e+01
   9.2400000e+01   1.8310870e+02   2.3217391e-01
   9.2500000e+01   1.4510870e+02   2.3752174e+01
   9.2600000e+01   9.4108696e+01   3.7921739e+00
   9.2700000e+01   2.6110870e+02   7.8112174e+01
   9.2800000e+01   1.4210870e+02   2.0872174e+01
   9.2900000e+01   1.6710870e+02   5.1872174e+01
   9.3000000e+01   2.1710870e+02  -1.4127826e+01
   9.3100000e+01   5.3108696e+01   5.3432174e+01
   9.3200000e+01   1.9510870e+02  -5.2478261e+00
   9.3300000e+01   1.1410870e+02  -1.0078261e+00
   9.3400000e+01   5.6310870e+02   4.3032174e+01
   9.3500000e+01   1.0510870e+02  -2.0647826e+01
   9.3600000e+01   8.6108696e+01   1.9112174e+01
   9.3700000e+01   2.2110870e+02  -5.2878261e+00
   9.3800000e+01   2.4510870e+02   3.7521739e+00
   9.3900000e+01   1.5510870e+02   1.2352174e+01
   9.4000000e+01   1.7110870e+02   5.5712174e+01
   9.4100000e+01   2.2110870e+02  -3.1287826e+01
   9.4200000e+01   2.6810870e+02   4.8832174e+01
   9.4300000e+01   1.0869565e-01   2.1552174e+01
   9.4400000e+01   7.8108696e+01   5.3432174e+01
   9.4500000e+01   1.1610870e+02   7.3912174e+01
   9.4600000e+01   3.6210870e+02   5.3072174e+01
   9.4700000e+01   1.2010870e+02  -1.2478261e+00
   9.4800000e+01   2.0310870e+02  -1.4567826e+01
   9.4900000e+01   1.5910870e+02   4.1192174e+01
   9.5000000e+01   1.3810870e+02  -5.9678261e+00
   9.5100000e+01   8.5108696e+01   1.6115217e+02
   9.5200000e+01   1.9910870e+02   3.3592174e+01
   9.5300000e+01   5.2108696e+01   2.5472174e+01
   9.5400000e+01   4.6108696e+01   1.7121739e+00
   9.5500000e+01   2.0210870e+02   4.1472174e+01
   9.5600000e+01   2.1010870e+02   1.1521739e+00
   9.5700000e+01   3.7310870e+02   6.2632174e+01
   9.5800000e+01   3.9910870e+02   3.5921739e+00
   9.5900000e+01   3.8210870e+02  -6.1727826e+01
   9.6000000e+01   4.3510870e+02   4.4152174e+01
   9.6100000e+01   1.8310870e+02   1.0232174e+01
   9.6200000e+01   1.1710870e+02  -4.2127826e+01
   9.6300000e+01   2.4110870e+02  -6.8087826e+01
   9.6400000e+01   1.2410870e+02   4.5921739e+00
   9.6500000e+01   1.7010870e+02   4.7752174e+01
   9.6600000e+01   1.1010870e+02   1.3152174e+01
   9.6700000e+01   4.5108696e+01  -5.5247826e+01
   9.6800000e+01   7.1108696e+01   4.5712174e+01
   9.6900000e+01   2.3610870e+02   1.5112174e+01
   9.7000000e+01   3.7410870e+02   1.9592174e+01
   9.7100000e+01   1.7810870e+02  -2.5678261e+00
   9.7200000e+01   3.0108696e+01  -5.6478261e+00
   9.7300000e+01   8.6108696e+01   3.1121739e+00
   9.7400000e+01   2.3210870e+02  -7.9727826e+01
   9.7500000e+01   9.9108696e+01  -9.4078261e+00
   9.7600000e+01   1.4310870e+02  -5.4167826e+01
   9.7700000e+01   3.6710870e+02   2.5872174e+01
   9.7800000e+01   5.0108696e+01  -2.2447826e+01
   9.7900000e+01   1.4510870e+02   3.8752174e+01
   9.8000000e+01   1.9410870e+02  -5.8207826e+01
   9.8100000e+01   1.2710870e+02  -1.5278261e+00
   9.8200000e+01   1.3510870e+02   3.3152174e+01
   9.8300000e+01   2.2310870e+02  -4.8367826e+01
   9.8400000e+01  -3.0891304e+01   2.3792174e+01
   9.8500000e+01   2.5210870e+02  -2.6527826e+01
   9.8600000e+01   2.3010870e+02  -2.9647826e+01
   9.8700000e+01   1.9010870e+02  -6.3047826e+01
   9.8800000e+01   8.4108696e+01  -1.9807826e+01
   9.8900000e+01   1.1010870e+02   7.1521739e+00
   9.9000000e+01   3.1110870e+02   3.5112174e+01
   9.9100000e+01   1.2108696e+01  -3.1927826e+01
   9.9200000e+01   8.1108696e+01  -1.3687826e+01
   9.9300000e+01   3.2510870e+02  -5.1447826e+01
   9.9400000e+01   1.5310870e+02   1.8432174e+01
   9.9500000e+01   1.2210870e+02   2.7672174e+01
   9.9600000e+01   1.1410870e+02   9.9921739e+00
   9.9700000e+01   1.9810870e+02  -2.5367826e+01
   9.9800000e+01   1.9010870e+02   3.9952174e+01
   9.9900000e+01   1.7910870e+02   1.3392174e+01
   1.0000000e+02   4.1108696e+01   1.3912174e+01
   1.0010000e+02   8.7108696e+01  -2.3927826e+01
   1.0020000e+02   6.9108696e+01   2.4792174e+01
   1.0030000e+02   2.2810870e+02  -6.3567826e+01
   1.0040000e+02   1.7510870e+02  -2.2447826e+01
   1.0050000e+02   6.2010870e+02   5.7752174e+01
   1.0060000e+02   1.9310870e+02   9.6832174e+01
   1.0070000e+02   2.1108696e+01   4.0712174e+01
   1.0080000e+02   9.1108696e+01  -3.1087826e+01
   1.0090000e+02   2.2010870e+02   4.4752174e+01
   1.0100000e+02   1.4210870e+02  -4.8127826e+01
   1.0110000e+02   5.2108696e+01   3.4472174e+01
   1.0120000e+02   1.4910870e+02   4.1592174e+01
   1.0130000e+02   2.6010870e+02  -1.0847826e+01
   1.0140000e+02   4.5610870e+02  -6.6878261e+00
   1.0150000e+02   3.3210870e+02   2.9272174e+01
   1.0160000e+02   3.0110870e+02  -5.4878261e+00
   1.0170000e+02   2.4310870e+02   3.0832174e+01
   1.0180000e+02   5.3210870e+02   4.9272174e+01
   1.0190000e+02   5.1010870e+02  -2.1847826e+01
   1.0200000e+02   5.9810870e+02  -9.3678261e+00
   1.0210000e+02   3.2210870e+02   9.6721739e+00
   1.0220000e+02   2.9310870e+02  -2.5167826e+01
   1.0230000e+02   2.6110870e+02   4.0112174e+01
   1.0240000e+02   1.4010870e+02  -4.8047826e+01
   1.0250000e+02   4.3410870e+02  -5.2807826e+01
   1.0260000e+02   4.0810870e+02   3.6232174e+01
   1.0270000e+02   2.0310870e+02   5.5432174e+01
   1.0280000e+02   1.3110870e+02   6.3121739e+00
   1.0290000e+02   5.1108696e+01   2.9512174e+01
   1.0300000e+02   5.4108696e+01  -2.2607826e+01
   1.0310000e+02   4.6110870e+02  -8.8878261e+00
   1.0320000e+02   2.6810870e+02   3.3832174e+01
   1.0330000e+02   1.1310870e+02  -2.2967826e+01
   1.0340000e+02   4.7010870e+02  -4.2247826e+01
   1.0350000e+02   5.8510870e+02  -7.8478261e+00
   1.0360000e+02   3.0110870e+02  -4.2487826e+01
   1.0370000e+02   1.5710870e+02   4.5272174e+01
   1.0380000e+02   1.4910870e+02  -2.4407826e+01
   1.0390000e+02   2.5910870e+02  -2.0807826e+01
   1.0400000e+02   1.8910870e+02  -2.1007826e+01
   1.0410000e+02  -6.4891304e+01  -4.0847826e+01
   1.0420000e+02   2.1086957e+00   7.7472174e+01
   1.0430000e+02   7.2108696e+01  -5.8327826e+01
   1.0440000e+02   2.0010870e+02  -3.2447826e+01
   1.0450000e+02   1.3810870e+02   4.2032174e+01
   1.0460000e+02   1.9010870e+02   3.4952174e+01
   1.0470000e+02   1.7410870e+02  -6.5407826e+01
   1.0480000e+02   1.5610870e+02   4.1312174e+01
   1.0490000e+02   6.4108696e+01   3.1992174e+01
   1.0500000e+02   5.4108696e+01   1.3921739e+00
   1.0510000e+02   1.7010870e+02   4.7752174e+01
   1.0520000e+02   7.9108696e+01   2.9392174e+01
   1.0530000e+02  -2.6891304e+01  -7.3678261e+00
   1.0540000e+02   1.3110870e+02  -4.6878261e+00
   1.0550000e+02   3.8210870e+02  -5.0727826e+01
   1.0560000e+02   2.0010870e+02  -2.1447826e+01
   1.0570000e+02   2.5108696e+01   4.8552174e+01
   1.0580000e+02   1.3910870e+02   5.1992174e+01
   1.0590000e+02   8.1086957e+00  -5.5767826e+01
   1.0600000e+02   1.2710870e+02  -2.9527826e+01
   1.0610000e+02   3.2110870e+02  -2.1287826e+01
   1.0620000e+02   5.9108696e+01  -6.3807826e+01
   1.0630000e+02  -3.8913043e+00   3.3712174e+01
   1.0640000e+02   1.9010870e+02   2.9952174e+01
   1.0650000e+02   4.7108696e+01  -1.1327826e+01
   1.0660000e+02  -1.4891304e+01   1.5152174e+01
   1.0670000e+02   1.0310870e+02   9.4321739e+00
   1.0680000e+02   1.9010870e+02   1.4952174e+01
   1.0690000e+02   3.5410870e+02  -6.2607826e+01
   1.0700000e+02   1.5410870e+02  -5.1607826e+01
   1.0710000e+02   5.9108696e+01   7.2192174e+01
   1.0720000e+02   2.3710870e+02   2.4072174e+01
   1.0730000e+02   2.8610870e+02  -3.5887826e+01
   1.0740000e+02   3.1610870e+02   9.8912174e+01
   1.0750000e+02   1.6210870e+02  -5.9278261e+00
   1.0760000e+02   1.1110870e+02   1.0511217e+02
   1.0770000e+02   2.1410870e+02   2.9992174e+01
   1.0780000e+02   1.2910870e+02  -6.2607826e+01
   1.0790000e+02   6.8108696e+01  -5.1678261e+00
   1.0800000e+02   1.1110870e+02  -1.1887826e+01
   1.0810000e+02   5.1086957e+00   2.4352174e+01
   1.0820000e+02   8.8108696e+01   4.0321739e+00
   1.0830000e+02   1.7310870e+02  -2.0367826e+01
   1.0840000e+02   1.1010870e+02  -2.7847826e+01
   1.0850000e+02   2.2610870e+02   3.7512174e+01
   1.0860000e+02   2.2510870e+02  -3.2447826e+01
   1.0870000e+02   2.4810870e+02   2.6632174e+01
   1.0880000e+02   3.5410870e+02   1.9639217e+02
   1.0890000e+02   2.8910870e+02   3.0992174e+01
   1.0900000e+02   3.0108696e+01   6.7352174e+01
   1.0910000e+02   8.3108696e+01   3.4232174e+01
   1.0920000e+02   1.3510870e+02   1.5217391e-01
   1.0930000e+02   1.4108696e+01   2.7992174e+01
   1.0940000e+02   2.7108696e+01  -4.9527826e+01
   1.0950000e+02   4.7108696e+01   3.9672174e+01
   1.0960000e+02   8.1086957e+00  -4.0767826e+01
   1.0970000e+02   3.0108696e+01  -1.0647826e+01
   1.0980000e+02   3.9108696e+01   2.6992174e+01
   1.0990000e+02  -1.1891304e+01  -1.2967826e+01
   1.1000000e+02  -8.9891304e+01   6.1152174e+01
   1.1010000e+02   2.5108696e+01  -4.4782609e-01
   1.1020000e+02   1.6610870e+02  -6.4087826e+01
   1.1030000e+02   3.3108696e+01  -3.3767826e+01
   1.1040000e+02  -6.8913043e+00  -4.9167826e+01
   1.1050000e+02   7.4108696e+01  -1.7407826e+01
   1.1060000e+02   1.1510870e+02   1.9521739e+00
   1.1070000e+02  -4.6891304e+01  -7.8567826e+01
   1.1080000e+02   5.9108696e+01  -8.5807826e+01
   1.1090000e+02   4.3108696e+01   4.7832174e+01
   1.1100000e+02   7.9108696e+01  -4.6607826e+01
   1.1110000e+02   1.2710870e+02  -4.0527826e+01
   1.1120000e+02   2.2810870e+02  -6.9567826e+01
   1.1130000e+02   1.1210870e+02  -4.2927826e+01
   1.1140000e+02   1.8510870e+02   9.1521739e+00
   1.1150000e+02   1.7108696e+01   1.5872174e+01
   1.1160000e+02  -2.4891304e+01   5.5217391e-01
   1.1170000e+02   3.0310870e+02  -4.8567826e+01
   1.1180000e+02   1.2910870e+02   5.0392174e+01
   1.1190000e+02  -4.7891304e+01  -4.3527826e+01
   1.1200000e+02   1.7310870e+02  -3.8367826e+01
   1.1210000e+02   1.4710870e+02  -8.7327826e+01
   1.1220000e+02  -2.5891304e+01  -7.4078261e+00
   1.1230000e+02   1.0110870e+02  -6.6487826e+01
   1.1240000e+02   7.1108696e+01   7.1217391e-01
   1.1250000e+02  -6.0891304e+01  -1.3007826e+01
   1.1260000e+02   1.6610870e+02  -5.9087826e+01
   1.1270000e+02   6.4108696e+01  -2.2007826e+01
   1.1280000e+02   1.0610870e+02   7.3121739e+00
   1.1290000e+02  -4.3891304e+01  -1.1687826e+01
   1.1300000e+02   1.8610870e+02   8.2112174e+01
   1.1310000e+02   1.4810870e+02  -2.3367826e+01
   1.1320000e+02   2.0710870e+02   1.3272174e+01
   1.1330000e+02  -6.8891304e+01  -5.5687826e+01
   1.1340000e+02   2.3410870e+02  -4.8807826e+01
   1.1350000e+02   2.3810870e+02   5.4032174e+01
   1.1360000e+02   1.4610870e+02   1.8712174e+01
   1.1370000e+02   2.0910870e+02   5.8192174e+01
   1.1380000e+02   1.3910870e+02   1.4992174e+01
   1.1390000e+02   1.3610870e+02   4.0112174e+01
   1.1400000e+02   1.1510870e+02   8.9952174e+01
   1.1410000e+02   1.2010870e+02  -2.1247826e+01
   1.1420000e+02   3.5210870e+02   4.4721739e+00
   1.1430000e+02   1.5010870e+02   2.7552174e+01
   1.1440000e+02   2.1610870e+02   1.7912174e+01
   1.1450000e+02  -4.8913043e+00  -2.8247826e+01
   1.1460000e+02   4.4108696e+01   3.4792174e+01
   1.1470000e+02  -3.8891304e+01   2.6112174e+01
   1.1480000e+02   9.7108696e+01   4.6672174e+01
   1.1490000e+02   1.3010870e+02  -2.6647826e+01
   1.1500000e+02   8.7108696e+01  -7.2927826e+01
   1.1510000e+02  -1.8891304e+01  -1.7687826e+01
   1.1520000e+02  -5.2891304e+01  -1.8327826e+01
   1.1530000e+02   3.5108696e+01  -1.8847826e+01
   1.1540000e+02   7.8108696e+01  -5.4567826e+01
   1.1550000e+02   5.9108696e+01  -6.1807826e+01
   1.1560000e+02   1.3310870e+02  -2.7678261e+00
   1.1570000e+02   8.6108696e+01  -3.3887826e+01
   1.1580000e+02  -4.4891304e+01  -5.0647826e+01
   1.1590000e+02   2.1210870e+02   3.5072174e+01
   1.1600000e+02   1.1108696e+01  -2.4887826e+01
   1.1610000e+02   1.3510870e+02  -2.8847826e+01
   1.1620000e+02   8.3108696e+01   2.1232174e+01
   1.1630000e+02   3.9108696e+01  -1.1007826e+01
   1.1640000e+02   1.6310870e+02  -3.4967826e+01
   1.1650000e+02   4.9108696e+01   8.5921739e+00
   1.1660000e+02   4.9108696e+01  -1.4078261e+00
   1.1670000e+02   8.6108696e+01  -8.8878261e+00
   1.1680000e+02   2.1810870e+02   1.2883217e+02
   1.1690000e+02   3.1086957e+00   3.4321739e+00
   1.1700000e+02   5.4108696e+01   1.3392174e+01
   1.1710000e+02  -2.1891304e+01  -1.9567826e+01
   1.1720000e+02  -2.6891304e+01  -3.7367826e+01
   1.1730000e+02   1.9710870e+02  -4.5327826e+01
   1.1740000e+02   5.7108696e+01   1.6272174e+01
   1.1750000e+02   3.5108696e+01   4.7152174e+01
   1.1760000e+02   1.2510870e+02   3.8552174e+01
   1.1770000e+02   1.5610870e+02  -1.3687826e+01
   1.1780000e+02  -6.8913043e+00   3.1832174e+01
   1.1790000e+02   1.2110870e+02  -5.6287826e+01
   1.1800000e+02  -5.2891304e+01   1.0672174e+01
   1.1810000e+02  -1.2089130e+02  -3.0607826e+01
   1.1820000e+02  -1.0789130e+02   3.2872174e+01
   1.1830000e+02   9.1086957e+00  -3.1807826e+01
   1.1840000e+02  -3.5891304e+01  -4.5007826e+01
   1.1850000e+02   2.0108696e+01   5.7521739e+00
   1.1860000e+02   1.6810870e+02  -1.9167826e+01
   1.1870000e+02   2.3210870e+02   6.7272174e+01
   1.1880000e+02   4.1086957e+00  -1.0607826e+01
   1.1890000e+02   2.0108696e+01   4.7521739e+00
   1.1900000e+02  -1.0089130e+02   7.5921739e+00
   1.1910000e+02  -7.6891304e+01  -1.7367826e+01
   1.1920000e+02  -6.4891304e+01  -4.5847826e+01
   1.1930000e+02  -8.6891304e+01  -2.9678261e+00
   1.1940000e+02  -4.5891304e+01   5.0392174e+01
   1.1950000e+02  -1.7891304e+01   4.7272174e+01
   1.1960000e+02   1.2108696e+01   2.1072174e+01
   1.1970000e+02  -8.5891304e+01  -3.6007826e+01
   1.1980000e+02   2.1108696e+01   4.3712174e+01
   1.1990000e+02  -1.7289130e+02  -8.5278261e+00
   1.2000000e+02   2.1086957e+00  -5.0527826e+01
   1.2010000e+02  -5.8913043e+00  -2.4207826e+01
   1.2020000e+02  -1.4289130e+02  -3.5727826e+01
   1.2030000e+02  -1.5389130e+02  -2.3287826e+01
   1.2040000e+02  -8.1891304e+01   9.3832174e+01
   1.2050000e+02  -1.1489130e+02   2.2152174e+01
   1.2060000e+02  -8.7891304e+01  -3.6927826e+01
   1.2070000e+02  -2.0891304e+01   4.0392174e+01
   1.2080000e+02  -3.1891304e+01  -1.1678261e+00
   1.2090000e+02   3.9108696e+01  -2.0007826e+01
   1.2100000e+02  -1.0589130e+02  -8.0207826e+01
   1.2110000e+02  -7.6891304e+01   3.3632174e+01
   1.2120000e+02  -8.3891304e+01  -2.8087826e+01
   1.2130000e+02  -1.1789130e+02   2.3272174e+01
   1.2140000e+02  -3.7891304e+01   1.9072174e+01
   1.2150000e+02  -7.0891304e+01   8.3921739e+00
   1.2160000e+02  -1.5891304e+01  -2.7807826e+01
   1.2170000e+02  -1.3891304e+01   4.8112174e+01
   1.2180000e+02  -6.5891304e+01   2.8192174e+01
   1.2190000e+02   2.1108696e+01   2.1712174e+01
   1.2200000e+02  -1.6891304e+01  -1.2767826e+01
   1.2210000e+02   4.0108696e+01  -8.9047826e+01
   1.2220000e+02   2.3108696e+01  -1.5367826e+01
   1.2230000e+02  -5.9891304e+01  -1.7047826e+01
   1.2240000e+02  -4.3891304e+01  -4.6878261e+00
   1.2250000e+02   8.1086957e+00   4.1232174e+01
   1.2260000e+02   1.3108696e+01   3.7032174e+01
   1.2270000e+02   4.0108696e+01  -9.0478261e+00
   1.2280000e+02   6.1108696e+01   2.7112174e+01
   1.2290000e+02  -3.8891304e+01   6.5112174e+01
   1.2300000e+02   4.6108696e+01  -2.6287826e+01
   1.2310000e+02  -1.4891304e+01   3.4152174e+01
   1.2320000e+02   3.2108696e+01  -1.6727826e+01
   1.2330000e+02  -5.4891304e+01   7.7521739e+00
   1.2340000e+02   5.2108696e+01  -1.4527826e+01
   1.2350000e+02   6.9108696e+01   4.2792174e+01
   1.2360000e+02  -1.2989130e+02   1.8752174e+01
   1.2370000e+02  -1.3891304e+01   2.1121739e+00
   1.2380000e+02  -1.1891304e+01  -3.4967826e+01
   1.2390000e+02  -7.0891304e+01  -6.6078261e+00
   1.2400000e+02   3.4108696e+01   9.4192174e+01
   1.2410000e+02  -6.8891304e+01  -8.6878261e+00
   1.2420000e+02  -1.2891304e+01   4.1072174e+01
   1.2430000e+02  -1.1789130e+02   2.0272174e+01
   1.2440000e+02  -7.6891304e+01   7.2632174e+01
   1.2450000e+02  -6.2891304e+01  -6.5927826e+01
   1.2460000e+02   1.3410870e+02   7.2192174e+01
   1.2470000e+02   6.9108696e+01  -8.2207826e+01
   1.2480000e+02   1.6108696e+01   4.2912174e+01
   1.2490000e+02  -6.1891304e+01   9.5032174e+01
   1.2500000e+02  -2.8891304e+01  -1.4287826e+01
   1.2510000e+02   3.1086957e+00  -2.1567826e+01
   1.2520000e+02  -7.1891304e+01  -8.5678261e+00
   1.2530000e+02  -6.0891304e+01   1.3992174e+01
   1.2540000e+02  -2.8913043e+00  -5.5327826e+01
   1.2550000e+02  -9.6891304e+01   5.1432174e+01
   1.2560000e+02  -1.4891304e+01   3.4152174e+01
   1.2570000e+02  -6.3891304e+01  -5.8878261e+00
   1.2580000e+02   4.1108696e+01   1.5912174e+01
   1.2590000e+02   3.6108696e+01   1.0011217e+02
   1.2600000e+02  -7.4891304e+01   1.9552174e+01
   1.2610000e+02  -1.7889130e+02   7.3712174e+01
   1.2620000e+02  -1.0889130e+02   4.7912174e+01
   1.2630000e+02   1.3108696e+01   1.4032174e+01
   1.2640000e+02  -4.4891304e+01  -1.9647826e+01
   1.2650000e+02  -1.5689130e+02   1.3383217e+02
   1.2660000e+02  -6.3891304e+01  -9.8878261e+00
   1.2670000e+02  -8.9130435e-01   9.9592174e+01
   1.2680000e+02  -9.3891304e+01  -7.2687826e+01
   1.2690000e+02   5.4108696e+01   4.0392174e+01
   1.2700000e+02  -1.1789130e+02  -2.5727826e+01
   1.2710000e+02   2.2108696e+01  -9.3278261e+00
   1.2720000e+02   5.2108696e+01   5.4472174e+01
   1.2730000e+02  -5.3891304e+01   1.0071217e+02
   1.2740000e+02  -4.4891304e+01  -4.0647826e+01
   1.2750000e+02  -4.2891304e+01  -2.3727826e+01
   1.2760000e+02   1.2610870e+02  -6.6487826e+01
   1.2770000e+02  -2.9891304e+01  -1.2247826e+01
   1.2780000e+02   7.1108696e+01   3.8712174e+01
   1.2790000e+02  -6.4891304e+01  -1.8478261e+00
   1.2800000e+02  -9.4891304e+01  -1.9647826e+01
   1.2810000e+02  -9.9891304e+01   5.0552174e+01
   1.2820000e+02  -1.4789130e+02  -1.1527826e+01
   1.2830000e+02   2.1410870e+02  -7.8260870e-03
   1.2840000e+02   1.9210870e+02  -5.3127826e+01
   1.2850000e+02  -1.2989130e+02   8.7752174e+01
   1.2860000e+02  -1.8891304e+01   5.3121739e+00
   1.2870000e+02   1.5108696e+01  -6.5047826e+01
   1.2880000e+02  -1.3089130e+02   2.8792174e+01
   1.2890000e+02  -2.6891304e+01  -1.0367826e+01
   1.2900000e+02  -7.8891304e+01  -1.8287826e+01
   1.2910000e+02  -1.9789130e+02   2.4472174e+01
   1.2920000e+02  -3.8913043e+00   3.4712174e+01
   1.2930000e+02  -4.4891304e+01  -4.3647826e+01
   1.2940000e+02   5.3108696e+01   1.4321739e+00
   1.2950000e+02  -5.1891304e+01  -3.2367826e+01
   1.2960000e+02  -5.4891304e+01  -4.2478261e+00
   1.2970000e+02  -6.0891304e+01   6.9921739e+00
   1.2980000e+02  -2.2891304e+01  -3.3527826e+01
   1.2990000e+02   4.0108696e+01   4.7952174e+01
   1.3000000e+02  -7.5891304e+01   1.2592174e+01
   1.3010000e+02   4.8108696e+01   1.3763217e+02
   1.3020000e+02   1.2108696e+01   1.1707217e+02
   1.3030000e+02  -7.4891304e+01   3.7552174e+01
   1.3040000e+02   5.9108696e+01  -6.8807826e+01
   1.3050000e+02   3.0108696e+01  -2.7647826e+01
   1.3060000e+02  -2.6891304e+01  -2.9367826e+01
   1.3070000e+02   1.0108696e+01  -3.3847826e+01
   1.3080000e+02   1.0010870e+02  -2.3447826e+01
   1.3090000e+02   4.1108696e+01  -6.9087826e+01
   1.3100000e+02   4.1108696e+01  -1.6087826e+01
   1.3110000e+02  -3.8891304e+01   1.8112174e+01
   1.3120000e+02  -2.4891304e+01  -5.4478261e+00
   1.3130000e+02  -4.1891304e+01   2.1232174e+01
   1.3140000e+02  -1.4089130e+02   6.3192174e+01
   1.3150000e+02  -4.5891304e+01  -3.6078261e+00
   1.3160000e+02   1.1108696e+01   1.2112174e+01
   1.3170000e+02   1.4810870e+02   1.6632174e+01
   1.3180000e+02  -1.1891304e+01   1.0703217e+02
   1.3190000e+02  -1.0589130e+02  -5.6207826e+01
   1.3200000e+02  -7.3891304e+01   5.5121739e+00
   1.3210000e+02  -3.0891304e+01  -1.0207826e+01
   1.3220000e+02  -3.8913043e+00  -4.3287826e+01
   1.3230000e+02  -1.0891304e+01  -7.0078261e+00
   1.3240000e+02  -1.3889130e+02  -1.0887826e+01
   1.3250000e+02  -1.6891304e+01  -1.7767826e+01
   1.3260000e+02  -8.2891304e+01   2.5872174e+01
   1.3270000e+02   3.3108696e+01  -4.7678261e+00
   1.3280000e+02  -6.9891304e+01   4.4352174e+01
   1.3290000e+02   4.1086957e+00  -1.3607826e+01
   1.3300000e+02  -1.0589130e+02  -1.2078261e+00
   1.3310000e+02  -1.3089130e+02  -4.0207826e+01
   1.3320000e+02  -6.2891304e+01   7.2072174e+01
   1.3330000e+02  -6.1891304e+01  -4.0967826e+01
   1.3340000e+02  -3.1891304e+01   2.6832174e+01
   1.3350000e+02  -4.0891304e+01   1.1921739e+00
   1.3360000e+02  -5.6891304e+01   2.8832174e+01
   1.3370000e+02  -3.0891304e+01  -5.1207826e+01
   1.3380000e+02  -1.0389130e+02  -1.9287826e+01
   1.3390000e+02  -3.3891304e+01  -6.0087826e+01
   1.3400000e+02   1.6108696e+01   6.4912174e+01
   1.3410000e+02  -6.2891304e+01   3.3072174e+01
   1.3420000e+02  -8.9130435e-01  -4.4078261e+00
   1.3430000e+02  -1.8913043e+00  -4.2367826e+01
   1.3440000e+02  -4.9891304e+01  -1.7447826e+01
   1.3450000e+02   2.9108696e+01  -1.0060783e+02
   1.3460000e+02  -8.3891304e+01  -1.7087826e+01
   1.3470000e+02   4.4108696e+01  -4.0207826e+01
   1.3480000e+02  -7.7891304e+01  -1.9327826e+01
   1.3490000e+02  -2.8913043e+00  -5.5327826e+01
   1.3500000e+02  -1.3689130e+02  -3.5967826e+01
   1.3510000e+02   3.8108696e+01  -2.0967826e+01
   1.3520000e+02  -4.5891304e+01  -2.7607826e+01
   1.3530000e+02   5.7108696e+01   6.6272174e+01
   1.3540000e+02  -1.0089130e+02   6.6592174e+01
   1.3550000e+02  -2.3891304e+01   2.9512174e+01
   1.3560000e+02  -1.7891304e+01   1.4272174e+01
   1.3570000e+02  -1.1689130e+02  -1.5767826e+01
   1.3580000e+02   1.1510870e+02   1.7952174e+01
   1.3590000e+02  -6.6891304e+01   5.2321739e+00
   1.3600000e+02   3.9108696e+01  -1.6007826e+01
   1.3610000e+02   1.3410870e+02   3.1921739e+00
   1.3620000e+02  -2.6891304e+01  -6.0367826e+01
   1.3630000e+02   1.5910870e+02  -4.4807826e+01
   1.3640000e+02  -3.2891304e+01  -4.5127826e+01
   1.3650000e+02  -7.8913043e+00  -2.0127826e+01
   1.3660000e+02  -5.6891304e+01  -1.2167826e+01
   1.3670000e+02   9.5108696e+01  -4.5247826e+01
   1.3680000e+02   2.1086957e+00   7.0472174e+01
   1.3690000e+02  -4.3891304e+01  -5.5687826e+01
   1.3700000e+02  -8.5891304e+01  -7.0007826e+01
   1.3710000e+02   2.1108696e+01  -6.9287826e+01
   1.3720000e+02   9.5108696e+01  -4.7247826e+01
   1.3730000e+02  -1.2389130e+02  -2.6487826e+01
   1.3740000e+02  -9.0891304e+01  -1.6807826e+01
   1.3750000e+02  -2.1089130e+02  -4.4007826e+01
   1.3760000e+02   8.8108696e+01  -6.4967826e+01
   1.3770000e+02   2.5108696e+01  -4.9447826e+01
   1.3780000e+02  -1.9891304e+01   5.3352174e+01
   1.3790000e+02  -3.9891304e+01   5.7152174e+01
   1.3800000e+02   1.0910870e+02  -2.4807826e+01
   1.3810000e+02  -5.2891304e+01  -1.3278261e+00
   1.3820000e+02   8.9108696e+01  -9.0078261e+00
   1.3830000e+02  -1.2789130e+02   6.8672174e+01
   1.3840000e+02  -3.0891304e+01   6.6792174e+01
   1.3850000e+02  -2.4891304e+01  -5.2447826e+01
   1.3860000e+02   6.9108696e+01  -1.9207826e+01
   1.3870000e+02   4.8108696e+01   2.7632174e+01
   1.3880000e+02   2.6110870e+02   5.1121739e+00
   1.3890000e+02  -7.1891304e+01   1.1432174e+01
   1.3900000e+02  -4.5891304e+01   2.0392174e+01
   1.3910000e+02   2.4108696e+01  -1.7407826e+01
   1.3920000e+02  -2.5891304e+01  -4.3407826e+01
   1.3930000e+02  -9.1891304e+01   3.3232174e+01
   1.3940000e+02  -8.5891304e+01   5.8992174e+01
   1.3950000e+02   1.3810870e+02  -2.4967826e+01
   1.3960000e+02   7.1086957e+00   3.9272174e+01
   1.3970000e+02   1.7910870e+02  -1.6607826e+01
   1.3980000e+02  -1.7489130e+02  -2.2447826e+01
   1.3990000e+02   2.0108696e+01   8.7521739e+00
   1.4000000e+02  -4.2891304e+01  -2.3727826e+01
   1.4010000e+02  -9.9891304e+01   1.9552174e+01
   1.4020000e+02   1.0869565e-01  -5.4478261e+00
   1.4030000e+02  -1.7189130e+02  -8.5678261e+00
   1.4040000e+02   1.4310870e+02  -6.3167826e+01
   1.4050000e+02   1.7108696e+01  -7.1127826e+01
   1.4060000e+02   1.3108696e+01  -1.9678261e+00
   1.4070000e+02  -6.4891304e+01  -4.8847826e+01
   1.4080000e+02   8.2108696e+01  -5.5727826e+01
   1.4090000e+02  -2.5891304e+01  -3.1407826e+01
   1.4100000e+02   1.0210870e+02  -3.4527826e+01
   1.4110000e+02  -3.8891304e+01  -4.8878261e+00
   1.4120000e+02  -9.3891304e+01   2.4312174e+01
   1.4130000e+02  -1.1089130e+02  -4.3007826e+01
   1.4140000e+02  -9.3891304e+01  -6.8782609e-01
   1.4150000e+02  -1.5589130e+02  -7.5207826e+01
   1.4160000e+02  -6.0891304e+01  -8.0078261e+00
   1.4170000e+02  -7.0891304e+01   4.4392174e+01
   1.4180000e+02   5.6108696e+01  -2.1687826e+01
   1.4190000e+02  -1.8789130e+02   4.6072174e+01
   1.4200000e+02   6.7108696e+01   1.9872174e+01
   1.4210000e+02  -2.7891304e+01  -9.3278261e+00
   1.4220000e+02   3.2710870e+02  -2.4527826e+01
   1.4230000e+02   2.1108696e+01   9.7121739e+00
   1.4240000e+02   4.1108696e+01   2.2912174e+01
   1.4250000e+02  -1.1889130e+02  -1.2687826e+01
   1.4260000e+02  -5.6891304e+01   5.8832174e+01
   1.4270000e+02  -1.7891304e+01   2.8272174e+01
   1.4280000e+02   2.6108696e+01   1.3551217e+02
   1.4290000e+02  -1.0889130e+02   2.3912174e+01
   1.4300000e+02  -3.1891304e+01   4.1832174e+01
   1.4310000e+02   5.1086957e+00   1.8352174e+01
   1.4320000e+02  -9.7891304e+01  -1.2527826e+01
   1.4330000e+02  -9.1891304e+01  -1.8767826e+01
   1.4340000e+02   8.3108696e+01  -1.3767826e+01
   1.4350000e+02   5.1108696e+01  -3.8487826e+01
   1.4360000e+02  -1.0189130e+02   8.9632174e+01
   1.4370000e+02  -1.2089130e+02   2.2392174e+01
   1.4380000e+02   3.0108696e+01   1.5352174e+01
   1.4390000e+02  -3.0891304e+01  -6.8207826e+01
   1.4400000e+02  -3.0891304e+01   6.7792174e+01
   1.4410000e+02  -8.9130435e-01  -3.1407826e+01
   1.4420000e+02   1.2110870e+02   3.2712174e+01
   1.4430000e+02   2.2108696e+01  -1.8327826e+01
   1.4440000e+02  -5.3891304e+01   6.7121739e+00
   1.4450000e+02   9.1086957e+00  -4.0807826e+01
   1.4460000e+02   7.8108696e+01  -1.6567826e+01
   1.4470000e+02  -1.0689130e+02   4.2832174e+01
   1.4480000e+02  -4.6891304e+01   9.7432174e+01
   1.4490000e+02   8.5108696e+01  -2.8478261e+00
   1.4500000e+02  -8.2891304e+01   3.4872174e+01
   1.4510000e+02   1.3410870e+02   7.6192174e+01
   1.4520000e+02   6.8108696e+01   1.7832174e+01
   1.4530000e+02   5.2108696e+01  -2.8527826e+01
   1.4540000e+02   1.1010870e+02   8.1521739e+00
   1.4550000e+02  -6.0891304e+01  -3.7007826e+01
   1.4560000e+02  -7.9891304e+01   7.7521739e+00
   1.4570000e+02   1.7108696e+01  -2.3127826e+01
   1.4580000e+02  -1.5891304e+01   3.1921739e+00
   1.4590000e+02  -6.3891304e+01  -3.8878261e+00
   1.4600000e+02   8.0108696e+01   2.9352174e+01
   1.4610000e+02   2.8108696e+01  -2.9567826e+01
   1.4620000e+02   5.1108696e+01   5.0512174e+01
   1.4630000e+02  -1.2589130e+02  -3.6407826e+01
   1.4640000e+02  -5.8891304e+01   5.5912174e+01
   1.4650000e+02  -9.8891304e+01  -5.8487826e+01
   1.4660000e+02  -2.3891304e+01  -3.8487826e+01
   1.4670000e+02  -7.8913043e+00  -3.1127826e+01
   1.4680000e+02  -4.8891304e+01   1.9512174e+01
   1.4690000e+02  -4.7891304e+01   1.4472174e+01
   1.4700000e+02   2.9108696e+01  -2.1607826e+01
   1.4710000e+02   2.0810870e+02  -2.5767826e+01
   1.4720000e+02  -2.4891304e+01  -6.3447826e+01
   1.4730000e+02  -9.4891304e+01   3.5217391e-01
   1.4740000e+02  -3.0891304e+01  -4.7207826e+01
   1.4750000e+02  -6.8891304e+01  -3.6878261e+00
   1.4760000e+02   5.1086957e+00   5.1352174e+01
   1.4770000e+02  -1.4489130e+02   2.8352174e+01
   1.4780000e+02   5.8108696e+01   6.4232174e+01
   1.4790000e+02  -4.5891304e+01   2.3921739e+00
   1.4800000e+02   1.9108696e+01   1.7792174e+01
   1.4810000e+02   8.0108696e+01   7.2352174e+01
   1.4820000e+02   3.7108696e+01  -6.2927826e+01
   1.4830000e+02  -7.9891304e+01  -4.1247826e+01
   1.4840000e+02   2.1108696e+01  -1.8287826e+01
   1.4850000e+02   5.1108696e+01   1.9512174e+01
   1.4860000e+02   7.4108696e+01  -6.3407826e+01
   1.4870000e+02  -1.5689130e+02  -7.3167826e+01
   1.4880000e+02  -9.2891304e+01   2.3272174e+01
   1.4890000e+02  -4.7891304e+01  -3.5527826e+01
   1.4900000e+02   2.1086957e+00  -5.4527826e+01
   1.4910000e+02   2.7108696e+01  -5.7527826e+01
   1.4920000e+02   4.0108696e+01  -3.3047826e+01
   1.4930000e+02   6.0108696e+01  -4.4847826e+01
   1.4940000e+02  -6.7891304e+01  -1.4727826e+01
   1.4950000e+02  -5.7891304e+01  -1.6127826e+01
   1.4960000e+02   1.0108696e+01  -2.4847826e+01
   1.4970000e+02   7.7108696e+01   2.5472174e+01
   1.4980000e+02   2.3108696e+01   1.0763217e+02
   1.4990000e+02  -3.0891304e+01  -2.6207826e+01
   1.5000000e+02   5.9108696e+01   5.3192174e+01
   1.5010000e+02  -2.2891304e+01  -9.5278261e+00
   1.5020000e+02   7.1086957e+00  -1.5727826e+01
   1.5030000e+02   3.3108696e+01   5.2321739e+00
   1.5040000e+02  -1.7891304e+01   6.8272174e+01
   1.5050000e+02  -6.0891304e+01   1.0399217e+02
   1.5060000e+02   2.5710870e+02  -8.7278261e+00
   1.5070000e+02   6.5108696e+01  -7.4047826e+01
   1.5080000e+02  -6.8913043e+00  -2.2167826e+01
   1.5090000e+02  -9.2891304e+01  -2.2727826e+01
   1.5100000e+02   5.0108696e+01   1.9552174e+01
   1.5110000e+02   4.0108696e+01  -2.2047826e+01
   1.5120000e+02   8.1108696e+01  -2.4687826e+01
   1.5130000e+02   1.2010870e+02  -4.2247826e+01
   1.5140000e+02   1.4210870e+02   7.3872174e+01
   1.5150000e+02  -3.5891304e+01  -9.0007826e+01
   1.5160000e+02  -5.9891304e+01  -1.0047826e+01
   1.5170000e+02  -5.3891304e+01   5.5712174e+01
   1.5180000e+02  -2.7891304e+01   8.5672174e+01
   1.5190000e+02   1.1810870e+02   6.0832174e+01
   1.5200000e+02   6.7108696e+01   2.7872174e+01
   1.5210000e+02  -1.3389130e+02  -3.6087826e+01
   1.5220000e+02  -1.1389130e+02   7.1121739e+00
   1.5230000e+02  -5.3891304e+01  -1.3287826e+01
   1.5240000e+02  -2.8891304e+01   1.5712174e+01
   1.5250000e+02  -9.2891304e+01  -5.3727826e+01
   1.5260000e+02  -4.2891304e+01   6.6272174e+01
   1.5270000e+02  -5.9891304e+01  -4.0478261e+00
   1.5280000e+02  -5.9891304e+01  -5.3047826e+01
   1.5290000e+02  -8.6891304e+01  -2.7967826e+01
   1.5300000e+02  -5.5891304e+01  -6.8207826e+01
   1.5310000e+02  -1.2189130e+02  -7.5678261e+00
   1.5320000e+02   7.8108696e+01  -1.7567826e+01
   1.5330000e+02  -1.8891304e+01   6.3121739e+00
   1.5340000e+02  -1.2189130e+02  -3.5678261e+00
   1.5350000e+02  -2.5891304e+01  -1.4078261e+00
   1.5360000e+02  -1.0891304e+01  -1.1007826e+01
   1.5370000e+02  -7.9891304e+01   1.5752174e+01
   1.5380000e+02  -4.3891304e+01   4.9312174e+01
   1.5390000e+02   1.0869565e-01  -2.8447826e+01
   1.5400000e+02  -7.8891304e+01  -2.1287826e+01
   1.5410000e+02   9.4108696e+01  -2.9207826e+01
   1.5420000e+02  -4.1891304e+01  -1.8767826e+01
   1.5430000e+02   2.2108696e+01   4.1672174e+01
   1.5440000e+02  -3.7891304e+01  -1.2927826e+01
   1.5450000e+02   2.8108696e+01  -1.2567826e+01
   1.5460000e+02   4.3108696e+01  -4.4167826e+01
   1.5470000e+02  -6.0891304e+01  -2.0078261e+00
   1.5480000e+02  -1.1589130e+02   5.9192174e+01
   1.5490000e+02  -1.8891304e+01  -3.5687826e+01
   1.5500000e+02   7.6108696e+01  -7.9487826e+01
   1.5510000e+02  -6.8891304e+01  -3.0687826e+01
   1.5520000e+02  -3.5891304e+01   3.8992174e+01
   1.5530000e+02   7.1086957e+00  -1.6727826e+01
   1.5540000e+02   3.6108696e+01  -1.7887826e+01
   1.5550000e+02  -3.7891304e+01  -1.7927826e+01
   1.5560000e+02   1.7108696e+01   1.3872174e+01
   1.5570000e+02   9.1108696e+01  -1.6087826e+01
   1.5580000e+02  -8.1891304e+01   4.6832174e+01
   1.5590000e+02  -5.2891304e+01  -2.8327826e+01
   1.5600000e+02  -6.0891304e+01   5.7992174e+01
   1.5610000e+02  -5.6891304e+01   1.9832174e+01
   1.5620000e+02   2.1086957e+00   2.1472174e+01
   1.5630000e+02   1.0108696e+01   1.2115217e+02
   1.5640000e+02  -3.5891304e+01   7.2992174e+01
   1.5650000e+02   6.3108696e+01  -2.8967826e+01
   1.5660000e+02  -9.9891304e+01   4.9552174e+01
   1.5670000e+02   5.0108696e+01  -1.6447826e+01
   1.5680000e+02   2.4610870e+02   4.6712174e+01
   1.5690000e+02   5.1086957e+00   8.1352174e+01
   1.5700000e+02   1.0610870e+02   5.9312174e+01
   1.5710000e+02  -4.4891304e+01   1.6352174e+01
   1.5720000e+02  -8.4891304e+01   4.1952174e+01
   1.5730000e+02  -7.2891304e+01  -2.4527826e+01
   1.5740000e+02   1.0510870e+02  -5.2647826e+01
   1.5750000e+02  -7.0891304e+01   1.1392174e+01
   1.5760000e+02   1.1910870e+02  -2.5207826e+01
   1.5770000e+02   9.1086957e+00   6.2192174e+01
   1.5780000e+02   3.7108696e+01   1.5072174e+01
   1.5790000e+02   2.0810870e+02   6.2321739e+00
   1.5800000e+02   3.3108696e+01   4.5232174e+01
   1.5810000e+02  -4.5891304e+01  -4.5607826e+01
   1.5820000e+02  -1.0789130e+02   7.3872174e+01
   1.5830000e+02   7.1086957e+00   5.5272174e+01
   1.5840000e+02   2.5510870e+02  -6.4782609e-01
   1.5850000e+02   1.6310870e+02   5.5032174e+01
   1.5860000e+02   6.4108696e+01  -2.9007826e+01
   1.5870000e+02   2.1108696e+01  -2.2878261e+00
   1.5880000e+02   2.8108696e+01  -1.1567826e+01
   1.5890000e+02   1.2710870e+02  -2.5278261e+00
   1.5900000e+02   3.1108696e+01   6.3121739e+00
   1.5910000e+02  -3.2891304e+01  -3.2127826e+01
   1.5920000e+02   3.8108696e+01   4.0321739e+00
   1.5930000e+02  -3.3891304e+01  -2.2087826e+01
   1.5940000e+02   7.8108696e+01   1.0432174e+01
   1.5950000e+02  -7.2891304e+01   5.1472174e+01
   1.5960000e+02   2.2010870e+02  -1.8247826e+01
   1.5970000e+02   1.2108696e+01   3.7072174e+01
   1.5980000e+02   2.1086957e+00  -3.8527826e+01
   1.5990000e+02   4.0108696e+01  -1.9047826e+01
   1.6000000e+02   1.8610870e+02   6.0112174e+01
   1.6010000e+02   2.3108696e+01   5.8632174e+01
   1.6020000e+02  -8.0891304e+01   7.3792174e+01
   1.6030000e+02   8.1108696e+01   5.3121739e+00
   1.6040000e+02   1.8410870e+02   5.9192174e+01
   1.6050000e+02  -5.9891304e+01  -1.0478261e+00
   1.6060000e+02   3.4108696e+01   1.4192174e+01
   1.6070000e+02   1.9108696e+01   1.6792174e+01
   1.6080000e+02   1.0110870e+02  -2.2487826e+01
   1.6090000e+02   1.5310870e+02  -4.5567826e+01
   1.6100000e+02   7.5108696e+01   4.5521739e+00
   1.6110000e+02   3.7108696e+01   2.0721739e+00
   1.6120000e+02  -1.8891304e+01  -3.8687826e+01
   1.6130000e+02  -1.0789130e+02  -7.8127826e+01
   1.6140000e+02  -1.8891304e+01   1.3312174e+01
   1.6150000e+02   3.2108696e+01  -1.0727826e+01
   1.6160000e+02  -8.8913043e+00   1.9912174e+01
   1.6170000e+02   4.5108696e+01  -2.5247826e+01
   1.6180000e+02   1.6010870e+02   7.9152174e+01
   1.6190000e+02   2.4510870e+02   7.3752174e+01
   1.6200000e+02   4.6108696e+01  -1.2287826e+01
   1.6210000e+02   3.6108696e+01   5.5112174e+01
   1.6220000e+02   1.1110870e+02  -3.2887826e+01
   1.6230000e+02  -9.4891304e+01   5.7352174e+01
   1.6240000e+02   1.1310870e+02  -4.9678261e+00
   1.6250000e+02  -1.0589130e+02   6.0792174e+01
   1.6260000e+02   4.0108696e+01  -2.0478261e+00
   1.6270000e+02  -3.9891304e+01   8.0152174e+01
   1.6280000e+02   4.9108696e+01   6.1592174e+01
   1.6290000e+02  -1.6789130e+02   8.9272174e+01
   1.6300000e+02   2.1086957e+00  -3.5527826e+01
   1.6310000e+02  -1.1891304e+01  -2.9967826e+01
   1.6320000e+02   4.9108696e+01   2.0592174e+01
   1.6330000e+02  -1.1891304e+01   2.6032174e+01
   1.6340000e+02   1.7108696e+01   4.3872174e+01
   1.6350000e+02  -7.7891304e+01   3.2672174e+01
   1.6360000e+02  -1.0891304e+01  -2.0007826e+01
   1.6370000e+02  -6.0891304e+01   2.4992174e+01
   1.6380000e+02   4.6108696e+01   1.4071217e+02
   1.6390000e+02  -6.6891304e+01   1.5232174e+01
   1.6400000e+02   5.1086957e+00  -4.3647826e+01
   1.6410000e+02  -1.3589130e+02   8.3992174e+01
   1.6420000e+02   6.4108696e+01  -4.3007826e+01
   1.6430000e+02   1.1086957e+00  -1.2487826e+01
   1.6440000e+02  -5.9891304e+01   1.4795217e+02
   1.6450000e+02  -1.3289130e+02  -1.4127826e+01
   1.6460000e+02  -2.9891304e+01   1.7521739e+00
   1.6470000e+02  -6.4891304e+01  -2.8478261e+00
   1.6480000e+02   1.3108696e+01   4.8032174e+01
   1.6490000e+02   1.1510870e+02  -2.6047826e+01
   1.6500000e+02  -3.0891304e+01  -5.5207826e+01
   1.6510000e+02  -1.2389130e+02  -3.4487826e+01
   1.6520000e+02  -3.1891304e+01  -3.7167826e+01
   1.6530000e+02   5.5108696e+01  -1.5647826e+01
   1.6540000e+02  -1.8913043e+00   4.2632174e+01
   1.6550000e+02   4.2108696e+01  -1.1278261e+00
   1.6560000e+02  -1.3891304e+01   1.4112174e+01
   1.6570000e+02   1.8108696e+01  -1.6782609e-01
   1.6580000e+02   3.2108696e+01   3.6272174e+01
   1.6590000e+02  -1.6891304e+01  -7.2767826e+01
   1.6600000e+02  -8.5891304e+01  -1.8007826e+01
   1.6610000e+02   7.6108696e+01  -5.6487826e+01
   1.6620000e+02  -5.9891304e+01  -2.2047826e+01
   1.6630000e+02  -3.3891304e+01  -3.9087826e+01
   1.6640000e+02  -6.7891304e+01   8.2721739e+00
   1.6650000e+02   1.6610870e+02  -8.8087826e+01
   1.6660000e+02  -4.6891304e+01  -2.9567826e+01
   1.6670000e+02  -2.2891304e+01   6.4721739e+00
   1.6680000e+02   1.3810870e+02  -4.4967826e+01
   1.6690000e+02   2.3108696e+01   2.6321739e+00
   1.6700000e+02  -9.6891304e+01   2.9432174e+01
   1.6710000e+02   7.1108696e+01  -4.2287826e+01
   1.6720000e+02   9.9108696e+01   6.7592174e+01
   1.6730000e+02   2.8108696e+01   1.4432174e+01
   1.6740000e+02  -7.8913043e+00   3.6872174e+01
   1.6750000e+02  -5.3891304e+01   9.7121739e+00
   1.6760000e+02   8.6108696e+01   3.7112174e+01
   1.6770000e+02   2.3108696e+01   7.1632174e+01
   1.6780000e+02   4.8108696e+01   4.6321739e+00
   1.6790000e+02   7.0108696e+01  -5.6247826e+01
   1.6800000e+02  -1.9891304e+01   1.6352174e+01
   1.6810000e+02   1.2310870e+02  -5.5367826e+01
   1.6820000e+02   3.3108696e+01   6.0232174e+01
   1.6830000e+02   2.3108696e+01   5.1632174e+01
   1.6840000e+02   5.2108696e+01  -4.1527826e+01
   1.6850000e+02  -3.8891304e+01   2.1121739e+00
   1.6860000e+02  -1.7891304e+01  -5.7278261e+00
   1.6870000e+02  -1.3889130e+02  -5.1887826e+01
   1.6880000e+02   6.1086957e+00  -4.6687826e+01
   1.6890000e+02  -1.1789130e+02  -6.9727826e+01
   1.6900000e+02  -5.6891304e+01  -1.0167826e+01
   1.6910000e+02   1.1086957e+00   6.5512174e+01
   1.6920000e+02  -9.1891304e+01  -2.2767826e+01
   1.6930000e+02  -3.4891304e+01  -4.6047826e+01
   1.6940000e+02   2.6108696e+01  -6.0487826e+01
   1.6950000e+02   9.1086957e+00  -2.9807826e+01
   1.6960000e+02  -1.0289130e+02  -8.5327826e+01
   1.6970000e+02   7.3108696e+01  -3.2367826e+01
   1.6980000e+02   6.7108696e+01   2.2872174e+01
   1.6990000e+02  -3.0891304e+01   6.7921739e+00
   1.7000000e+02  -5.3891304e+01  -4.8287826e+01
   1.7010000e+02  -8.0891304e+01  -4.9207826e+01
   1.7020000e+02  -6.3891304e+01  -2.0887826e+01
   1.7030000e+02  -1.8913043e+00  -4.9367826e+01
   1.7040000e+02  -1.2889130e+02   7.1217391e-01
   1.7050000e+02   8.4108696e+01  -1.6807826e+01
   1.7060000e+02  -4.5891304e+01   6.2392174e+01
   1.7070000e+02  -5.1891304e+01  -2.7367826e+01
   1.7080000e+02  -3.9891304e+01  -2.5847826e+01
   1.7090000e+02   9.1086957e+00  -1.4807826e+01
   1.7100000e+02  -8.2891304e+01  -4.0127826e+01
   1.7110000e+02  -9.5891304e+01   4.0392174e+01
   1.7120000e+02  -4.3891304e+01   4.5312174e+01
   1.7130000e+02  -7.4891304e+01  -1.9447826e+01
   1.7140000e+02   5.7108696e+01   7.8272174e+01
   1.7150000e+02   4.5108696e+01  -7.9247826e+01
   1.7160000e+02   2.0108696e+01  -1.1247826e+01
   1.7170000e+02  -5.8891304e+01  -2.0087826e+01
   1.7180000e+02   5.8108696e+01  -6.4767826e+01
   1.7190000e+02  -1.5889130e+02  -6.0878261e+00
   1.7200000e+02  -1.7891304e+01   6.7272174e+01
   1.7210000e+02   1.1210870e+02  -2.4927826e+01
   1.7220000e+02  -6.8891304e+01  -1.4687826e+01
   1.7230000e+02  -1.2989130e+02  -6.5247826e+01
   1.7240000e+02  -3.9891304e+01  -5.8847826e+01
   1.7250000e+02  -1.1891304e+01  -5.0967826e+01
   1.7260000e+02  -3.3891304e+01  -8.9087826e+01
   1.7270000e+02  -9.7891304e+01  -1.2527826e+01
   1.7280000e+02   4.9108696e+01   3.5921739e+00
   1.7290000e+02   8.3108696e+01  -3.7767826e+01
   1.7300000e+02  -1.0289130e+02  -4.2327826e+01
   1.7310000e+02  -5.8891304e+01   1.6912174e+01
   1.7320000e+02   2.1086957e+00   3.3472174e+01
   1.7330000e+02   3.5108696e+01   3.3152174e+01
   1.7340000e+02  -6.3891304e+01  -3.7887826e+01
   1.7350000e+02  -2.4891304e+01  -8.4478261e+00
   1.7360000e+02   9.1086957e+00  -4.7807826e+01
   1.7370000e+02   5.8108696e+01   1.8232174e+01
   1.7380000e+02  -4.9891304e+01   5.7552174e+01
   1.7390000e+02  -4.9891304e+01  -5.9447826e+01
   1.7400000e+02  -4.0891304e+01  -6.5807826e+01
   1.7410000e+02   1.1210870e+02  -4.4927826e+01
   1.7420000e+02  -5.9891304e+01   1.2952174e+01
   1.7430000e+02  -1.7891304e+01  -2.6727826e+01
   1.7440000e+02   2.0108696e+01  -1.2247826e+01
   1.7450000e+02  -3.7891304e+01   4.9072174e+01
   1.7460000e+02   4.2108696e+01  -5.7127826e+01
   1.7470000e+02   6.4108696e+01  -5.9007826e+01
   1.7480000e+02   3.4108696e+01  -5.0807826e+01
   1.7490000e+02  -6.6891304e+01  -7.7678261e+00
   1.7500000e+02   1.0710870e+02   1.7427217e+02
   1.7510000e+02   2.1086957e+00   3.0472174e+01
   1.7520000e+02  -8.9891304e+01  -3.9847826e+01
   1.7530000e+02  -1.0589130e+02  -3.5207826e+01
   1.7540000e+02  -9.3891304e+01  -2.6687826e+01
   1.7550000e+02   1.2108696e+01   2.5072174e+01
   1.7560000e+02  -5.0891304e+01  -4.3407826e+01
   1.7570000e+02   1.4910870e+02  -6.6407826e+01
   1.7580000e+02  -8.4891304e+01  -8.0478261e+00
   1.7590000e+02   1.8310870e+02  -8.7678261e+00
   1.7600000e+02  -1.5891304e+01  -5.5807826e+01
   1.7610000e+02  -9.4891304e+01   6.5352174e+01
   1.7620000e+02  -4.3891304e+01  -9.6878261e+00
   1.7630000e+02  -1.0289130e+02  -5.4327826e+01
   1.7640000e+02   7.6108696e+01   4.2512174e+01
   1.7650000e+02  -2.2891304e+01   1.0472174e+01
   1.7660000e+02  -3.7891304e+01   1.1107217e+02
   1.7670000e+02   1.0910870e+02  -5.8078261e+00
   1.7680000e+02   5.0108696e+01  -1.8447826e+01
   1.7690000e+02   1.6710870e+02   1.1687217e+02
   1.7700000e+02   5.1108696e+01   3.3512174e+01
   1.7710000e+02   1.5910870e+02  -3.0807826e+01
   1.7720000e+02   3.6410870e+02   1.8992174e+01
   1.7730000e+02   1.9010870e+02  -2.4047826e+01
   1.7740000e+02   1.2610870e+02  -7.4878261e+00
   1.7750000e+02   7.1108696e+01   5.9712174e+01
   1.7760000e+02   3.7108696e+01  -4.3927826e+01
   1.7770000e+02  -1.5891304e+01  -5.4807826e+01
   1.7780000e+02  -5.6891304e+01  -1.1167826e+01
   1.7790000e+02  -7.5891304e+01  -7.2407826e+01
   1.7800000e+02   7.1086957e+00   8.2721739e+00
   1.7810000e+02   6.8108696e+01  -1.0167826e+01
   1.7820000e+02   5.7108696e+01   4.6272174e+01
   1.7830000e+02   1.9108696e+01  -5.1207826e+01
   1.7840000e+02   8.8108696e+01  -6.9678261e+00
   1.7850000e+02   4.1086957e+00  -2.1607826e+01
   1.7860000e+02   8.7108696e+01  -2.2927826e+01
   1.7870000e+02  -3.8891304e+01   2.1121739e+00
   1.7880000e+02  -6.2891304e+01   2.0721739e+00
   1.7890000e+02  -3.8913043e+00  -4.4287826e+01
   1.7900000e+02   4.1086957e+00   1.2392174e+01
   1.7910000e+02  -1.8289130e+02  -1.4127826e+01
   1.7920000e+02   2.0108696e+01   7.9752174e+01
   1.7930000e+02  -6.6891304e+01  -4.9767826e+01
   1.7940000e+02   1.3108696e+01   6.0321739e+00
   1.7950000e+02   1.2108696e+01  -4.5927826e+01
   1.7960000e+02  -1.0891304e+01  -7.4007826e+01
   1.7970000e+02   1.3910870e+02   8.2992174e+01
   1.7980000e+02   6.1086957e+00  -6.6878261e+00
   1.7990000e+02   5.6108696e+01  -1.2687826e+01
   1.8000000e+02   1.0510870e+02  -5.5647826e+01
   1.8010000e+02  -3.3891304e+01  -1.0087826e+01
   1.8020000e+02  -5.3891304e+01   7.7121739e+00
   1.8030000e+02   3.9108696e+01  -5.5007826e+01
   1.8040000e+02   1.8108696e+01  -6.7167826e+01
   1.8050000e+02   1.5310870e+02   5.2432174e+01
   1.8060000e+02   1.1086957e+00  -4.4487826e+01
   1.8070000e+02  -7.2891304e+01  -4.5278261e+00
   1.8080000e+02  -4.4891304e+01   5.8352174e+01
   1.8090000e+02  -7.6891304e+01   3.3632174e+01
   1.8100000e+02  -9.8913043e+00  -9.0478261e+00
   1.8110000e+02  -5.7891304e+01  -4.7127826e+01
   1.8120000e+02  -1.2289130e+02  -1.6527826e+01
   1.8130000e+02   2.5108696e+01   2.5552174e+01
   1.8140000e+02   1.0869565e-01  -2.8447826e+01
   1.8150000e+02  -9.2891304e+01  -4.3727826e+01
   1.8160000e+02  -1.2689130e+02   9.6321739e+00
   1.8170000e+02  -1.5891304e+01  -9.8078261e+00
   1.8180000e+02  -8.2891304e+01  -8.1127826e+01
   1.8190000e+02  -3.7891304e+01   4.8072174e+01
   1.8200000e+02   6.0108696e+01   6.8152174e+01
   1.8210000e+02   4.1108696e+01  -2.3087826e+01
   1.8220000e+02   3.9108696e+01   3.4992174e+01
   1.8230000e+02  -6.3891304e+01   2.2112174e+01
   1.8240000e+02  -7.7891304e+01   8.6721739e+00
   1.8250000e+02  -4.8913043e+00  -6.3247826e+01
   1.8260000e+02  -6.1891304e+01   6.0321739e+00
   1.8270000e+02  -2.7891304e+01  -4.2327826e+01
   1.8280000e+02  -1.1689130e+02  -1.5767826e+01
   1.8290000e+02   6.6108696e+01   2.2912174e+01
   1.8300000e+02   1.4110870e+02   4.9121739e+00
   1.8310000e+02   5.5108696e+01   6.0352174e+01
   1.8320000e+02   2.1610870e+02  -8.0087826e+01
   1.8330000e+02   1.2108696e+01  -1.2927826e+01
   1.8340000e+02   1.8810870e+02   3.7032174e+01
   1.8350000e+02   8.1108696e+01   4.8312174e+01
   1.8360000e+02   1.3210870e+02   1.2721739e+00
   1.8370000e+02  -1.0989130e+02  -3.6047826e+01
   1.8380000e+02   1.8108696e+01  -1.6782609e-01
   1.8390000e+02  -9.3891304e+01   7.1312174e+01
   1.8400000e+02  -5.5891304e+01   5.7921739e+00
   1.8410000e+02   3.7108696e+01   5.1072174e+01
   1.8420000e+02  -6.4891304e+01  -1.7847826e+01
   1.8430000e+02  -6.8913043e+00  -8.3167826e+01
   1.8440000e+02   2.9108696e+01   2.3392174e+01
   1.8450000e+02  -6.8891304e+01  -3.5687826e+01
   1.8460000e+02  -1.6289130e+02  -5.7927826e+01
   1.8470000e+02   2.1410870e+02  -4.1007826e+01
   1.8480000e+02  -7.1891304e+01  -3.6567826e+01
   1.8490000e+02   7.1108696e+01   1.1712174e+01
   1.8500000e+02  -1.3089130e+02  -8.6207826e+01
   1.8510000e+02   6.3108696e+01  -1.1396783e+02
   1.8520000e+02   2.9108696e+01  -6.9607826e+01
   1.8530000e+02   7.0108696e+01  -4.9247826e+01
   1.8540000e+02   4.6108696e+01   5.0712174e+01
   1.8550000e+02   1.3110870e+02  -5.4687826e+01
   1.8560000e+02  -8.8891304e+01   1.8112174e+01
   1.8570000e+02   4.6108696e+01  -5.8287826e+01
   1.8580000e+02  -6.8913043e+00  -6.3167826e+01
   1.8590000e+02  -1.8891304e+01  -2.1687826e+01
   1.8600000e+02   3.7108696e+01  -1.5927826e+01
   1.8610000e+02   1.9510870e+02   8.3752174e+01
   1.8620000e+02   1.9810870e+02   6.4632174e+01
   1.8630000e+02   1.8810870e+02   4.0032174e+01
   1.8640000e+02   1.1010870e+02  -2.5847826e+01
   1.8650000e+02  -6.7891304e+01   3.3272174e+01
   1.8660000e+02  -3.3891304e+01   5.2912174e+01
   1.8670000e+02   5.3108696e+01  -1.3567826e+01
   1.8680000e+02  -1.3289130e+02   3.7872174e+01
   1.8690000e+02   1.1108696e+01  -6.6887826e+01
   1.8700000e+02   5.6108696e+01  -1.7687826e+01
   1.8710000e+02   1.8108696e+01   7.8321739e+00
   1.8720000e+02  -9.9891304e+01   7.5552174e+01
   1.8730000e+02  -2.4891304e+01  -6.4447826e+01
   1.8740000e+02  -7.1891304e+01  -5.6782609e-01
   1.8750000e+02   4.1108696e+01  -3.9087826e+01
   1.8760000e+02  -7.7891304e+01  -1.2327826e+01
   1.8770000e+02  -7.5891304e+01   2.4592174e+01
   1.8780000e+02  -8.3891304e+01  -5.5087826e+01
   1.8790000e+02  -9.5891304e+01   5.4392174e+01
   1.8800000e+02   1.5108696e+01  -8.0478261e+00
   1.8810000e+02  -3.7891304e+01   1.5072174e+01
   1.8820000e+02   1.2108696e+01   3.5072174e+01
   1.8830000e+02   1.8010870e+02  -5.7647826e+01
   1.8840000e+02   1.6010870e+02  -1.3847826e+01
   1.8850000e+02  -7.0891304e+01   3.2392174e+01
   1.8860000e+02   4.1086957e+00   6.2392174e+01
   1.8870000e+02   9.5108696e+01   1.1075217e+02
   1.8880000e+02   1.4710870e+02  -3.5327826e+01
   1.8890000e+02   9.7108696e+01   1.0672174e+01
   1.8900000e+02  -1.6891304e+01  -4.1767826e+01
   1.8910000e+02  -5.3891304e+01  -2.9287826e+01
   1.8920000e+02   1.0869565e-01   6.9552174e+01
   1.8930000e+02   1.2910870e+02  -4.6607826e+01
   1.8940000e+02  -1.0891304e+01   2.6992174e+01
   1.8950000e+02   1.5210870e+02  -8.5278261e+00
   1.8960000e+02   9.0108696e+01  -3.7047826e+01
   1.8970000e+02  -5.0891304e+01   2.4592174e+01
   1.8980000e+02  -3.2891304e+01  -3.5127826e+01
   1.8990000e+02   3.9108696e+01  -1.9007826e+01
   1.9000000e+02  -6.1891304e+01   1.3032174e+01
   1.9010000e+02   1.6210870e+02  -4.3927826e+01
   1.9020000e+02   1.4210870e+02  -7.5127826e+01
   1.9030000e+02  -2.5891304e+01   8.6592174e+01
   1.9040000e+02  -4.5891304e+01  -2.4607826e+01
   1.9050000e+02   2.6108696e+01  -2.5487826e+01
   1.9060000e+02   1.0910870e+02   2.9192174e+01
   1.9070000e+02   1.0810870e+02  -4.7767826e+01
   1.9080000e+02  -5.6891304e+01   1.4832174e+01
   1.9090000e+02  -5.1891304e+01  -1.6367826e+01
   1.9100000e+02  -8.9130435e-01  -1.5407826e+01
   1.9110000e+02   4.1086957e+00  -1.9607826e+01
   1.9120000e+02  -1.0089130e+02  -3.0407826e+01
   1.9130000e+02  -7.5891304e+01  -3.0407826e+01
   1.9140000e+02  -6.5891304e+01  -6.3807826e+01
   1.9150000e+02  -5.3891304e+01  -2.3287826e+01
   1.9160000e+02  -6.1891304e+01   3.0321739e+00
   1.9170000e+02   2.8108696e+01   4.3432174e+01
   1.9180000e+02   5.6108696e+01   1.4312174e+01
   1.9190000e+02  -1.8589130e+02  -3.6007826e+01
   1.9200000e+02   6.6108696e+01   5.8912174e+01
   1.9210000e+02  -6.4891304e+01   4.0152174e+01
   1.9220000e+02  -1.1891304e+01  -4.9678261e+00
   1.9230000e+02   4.6108696e+01   3.1712174e+01
   1.9240000e+02   5.8108696e+01   1.6232174e+01
   1.9250000e+02   2.4108696e+01  -4.5407826e+01
   1.9260000e+02  -2.3891304e+01   4.5512174e+01
   1.9270000e+02   6.2108696e+01   4.8072174e+01
   1.9280000e+02  -3.2891304e+01   8.7217391e-01
   1.9290000e+02   1.1310870e+02  -4.3967826e+01
   1.9300000e+02   1.7810870e+02   2.2432174e+01
   1.9310000e+02  -6.0891304e+01   2.9992174e+01
   1.9320000e+02  -1.7891304e+01   2.1272174e+01
   1.9330000e+02   7.2108696e+01   6.7217391e-01
   1.9340000e+02   2.5108696e+01   6.8552174e+01
   1.9350000e+02  -9.5891304e+01   2.1392174e+01
   1.9360000e+02  -3.8913043e+00  -2.2287826e+01
   1.9370000e+02   7.6108696e+01   1.8512174e+01
   1.9380000e+02   1.4710870e+02   7.3672174e+01
   1.9390000e+02   2.4108696e+01  -5.3407826e+01
   1.9400000e+02  -1.3891304e+01   1.1217391e-01
   1.9410000e+02   1.2010870e+02  -1.2478261e+00
   1.9420000e+02   3.8108696e+01   1.0303217e+02
   1.9430000e+02  -1.0891304e+01  -3.4007826e+01
   1.9440000e+02  -6.8891304e+01  -2.8687826e+01
   1.9450000e+02   5.0108696e+01  -5.8447826e+01
   1.9460000e+02   1.3210870e+02   4.2721739e+00
   1.9470000e+02   6.0108696e+01  -2.7847826e+01
   1.9480000e+02  -1.8891304e+01  -3.4687826e+01
   1.9490000e+02  -9.5891304e+01  -9.6078261e+00
   1.9500000e+02   2.6108696e+01  -1.5487826e+01
   1.9510000e+02  -1.8891304e+01  -7.6878261e+00
   1.9520000e+02  -1.8789130e+02   1.5072174e+01
   1.9530000e+02   7.1086957e+00   1.8272174e+01
   1.9540000e+02   1.0710870e+02   1.0027217e+02
   1.9550000e+02   3.9108696e+01  -1.0078261e+00
   1.9560000e+02  -4.8891304e+01   1.5512174e+01
   1.9570000e+02  -1.4891304e+01   7.1521739e+00
   1.9580000e+02   8.2108696e+01   6.9272174e+01
   1.9590000e+02  -1.2989130e+02   3.6752174e+01
   1.9600000e+02  -6.8913043e+00   6.3832174e+01
   1.9610000e+02  -5.0891304e+01   4.5592174e+01
   1.9620000e+02  -4.2891304e+01   8.5272174e+01
   1.9630000e+02   3.8108696e+01   5.1032174e+01
   1.9640000e+02  -2.4891304e+01   2.5521739e+00
   1.9650000e+02  -8.3891304e+01  -4.6087826e+01
   1.9660000e+02   2.1086957e+00   4.9472174e+01
   1.9670000e+02  -1.8913043e+00  -5.5367826e+01
   1.9680000e+02   1.2108696e+01   8.2072174e+01
   1.9690000e+02  -3.1891304e+01   6.8321739e+00
   1.9700000e+02  -3.9891304e+01   9.4152174e+01
   1.9710000e+02   1.0510870e+02   1.9352174e+01
   1.9720000e+02  -5.0891304e+01   7.1592174e+01
   1.9730000e+02   3.1108696e+01  -5.1687826e+01
   1.9740000e+02   1.9510870e+02  -1.6247826e+01
   1.9750000e+02  -4.1891304e+01   6.5232174e+01
   1.9760000e+02   6.0108696e+01  -6.6847826e+01
   1.9770000e+02  -5.0891304e+01   3.3592174e+01
   1.9780000e+02   3.6108696e+01  -2.1887826e+01
   1.9790000e+02   2.8108696e+01   9.8432174e+01
   1.9800000e+02   1.3110870e+02   1.2312174e+01
   1.9810000e+02   1.3510870e+02   6.0152174e+01
   1.9820000e+02   1.0010870e+02   1.8552174e+01
   1.9830000e+02   2.8108696e+01   2.4432174e+01
   1.9840000e+02  -4.3891304e+01   4.6312174e+01
   1.9850000e+02  -1.0189130e+02   2.3632174e+01
   1.9860000e+02  -1.9891304e+01   2.3521739e+00
   1.9870000e+02  -1.1189130e+02  -4.6967826e+01
   1.9880000e+02  -1.0689130e+02  -6.7167826e+01
   1.9890000e+02  -5.9891304e+01   3.1952174e+01
   1.9900000e+02   1.3108696e+01  -6.2967826e+01
   1.9910000e+02   2.0108696e+01  -5.2478261e+00
   1.9920000e+02  -4.7891304e+01   5.5472174e+01
   1.9930000e+02  -1.4189130e+02   4.9232174e+01
   1.9940000e+02   2.3108696e+01   2.3632174e+01
   1.9950000e+02  -2.0891304e+01   7.3921739e+00
   1.9960000e+02  -9.5891304e+01   3.7392174e+01
   1.9970000e+02  -4.0891304e+01  -1.8807826e+01
   1.9980000e+02   3.8108696e+01   1.4503217e+02
   1.9990000e+02  -2.6891304e+01   1.0763217e+02
