   0.0000000e+00   1.1515604e+02   2.4521134e+02
   1.0000000e-01   3.5156044e+01   1.6941134e+02
   2.0000000e-01  -5.8843956e+01   1.5917134e+02
   3.0000000e-01   3.8156044e+01   1.7029134e+02
   4.0000000e-01  -6.1843956e+01   2.4829134e+02
   5.0000000e-01   1.9515604e+02   3.0301134e+02
   6.0000000e-01   3.5156044e+01   1.3041134e+02
   7.0000000e-01   1.6715604e+02   1.7313134e+02
   8.0000000e-01   6.1560440e+00   1.2757134e+02
   9.0000000e-01   1.5415604e+02   2.3465134e+02
   1.0000000e+00   4.2915604e+02   3.3265134e+02
   1.1000000e+00   1.5615604e+02   2.0957134e+02
   1.2000000e+00   1.6815604e+02   1.6309134e+02
   1.3000000e+00   2.1315604e+02   2.3529134e+02
   1.4000000e+00   1.8156044e+01   7.7091341e+01
   1.5000000e+00   6.8156044e+01   2.4109134e+02
   1.6000000e+00   9.0156044e+01   1.1621134e+02
   1.7000000e+00   7.5156044e+01   2.9581134e+02
   1.8000000e+00  -2.4843956e+01   3.2381134e+02
   1.9000000e+00   1.3615604e+02   1.8137134e+02
   2.0000000e+00   1.2015604e+02   2.7501134e+02
   2.1000000e+00   1.2215604e+02   1.9393134e+02
   2.2000000e+00   1.8415604e+02   2.3145134e+02
   2.3000000e+00  -3.5843956e+01   1.4325134e+02
   2.4000000e+00   8.0156044e+01   1.7261134e+02
   2.5000000e+00   1.2915604e+02   1.9465134e+02
   2.6000000e+00   5.9156044e+01   1.9545134e+02
   2.7000000e+00   1.4315604e+02   1.4009134e+02
   2.8000000e+00   2.1315604e+02   1.6929134e+02
   2.9000000e+00   1.2015604e+02   1.1501134e+02
   3.0000000e+00  -7.8439560e+00   9.5131341e+01
   3.1000000e+00  -2.8843956e+01   3.0697134e+02
   3.2000000e+00   7.9156044e+01   2.5465134e+02
   3.3000000e+00  -4.3843956e+01   1.5857134e+02
   3.4000000e+00   7.8156044e+01   1.3769134e+02
   3.5000000e+00   1.2415604e+02   1.8385134e+02
   3.6000000e+00   9.4156044e+01   1.3205134e+02
   3.7000000e+00   6.9156044e+01   2.3005134e+02
   3.8000000e+00  -5.9843956e+01   5.4211341e+01
   3.9000000e+00   1.4156044e+01   7.7251341e+01
   4.0000000e+00   4.1156044e+01   2.4417134e+02
   4.1000000e+00   1.3915604e+02   1.9625134e+02
   4.2000000e+00   4.8156044e+01   1.8089134e+02
   4.3000000e+00   1.8415604e+02   2.6245134e+02
   4.4000000e+00   7.9156044e+01   2.4565134e+02
   4.5000000e+00   5.9156044e+01   1.7845134e+02
   4.6000000e+00   2.1015604e+02   1.3941134e+02
   4.7000000e+00   4.3156044e+01   1.8609134e+02
   4.8000000e+00   4.1156044e+01   1.1017134e+02
   4.9000000e+00   2.3715604e+02   3.0333134e+02
   5.0000000e+00   1.5215604e+02   2.2173134e+02
   5.1000000e+00   3.3156044e+01   2.9949134e+02
   5.2000000e+00   9.5156044e+01   2.5601134e+02
   5.3000000e+00   4.2156044e+01   2.9131341e+01
   5.4000000e+00   6.6156044e+01   3.0171341e+01
   5.5000000e+00   5.7156044e+01   1.2053134e+02
   5.6000000e+00   2.2015604e+02   1.7601134e+02
   5.7000000e+00   7.4156044e+01   1.1585134e+02
   5.8000000e+00   8.5156044e+01   2.0441134e+02
   5.9000000e+00   1.2215604e+02   2.6593134e+02
   6.0000000e+00   6.6156044e+01   2.4617134e+02
   6.1000000e+00  -2.8843956e+01   1.3097134e+02
   6.2000000e+00   2.6156044e+01   2.8677134e+02
   6.3000000e+00   1.3015604e+02   2.1861134e+02
   6.4000000e+00   1.2415604e+02   2.2785134e+02
   6.5000000e+00   1.8215604e+02   1.3553134e+02
   6.6000000e+00  -5.7843956e+01   2.0113134e+02
   6.7000000e+00   6.9156044e+01   2.2405134e+02
   6.8000000e+00   1.0715604e+02   1.5953134e+02
   6.9000000e+00   1.0515604e+02   1.0761134e+02
   7.0000000e+00   1.0415604e+02   2.5365134e+02
   7.1000000e+00   1.3156044e+01   2.4729134e+02
   7.2000000e+00   5.0156044e+01   2.0181134e+02
   7.3000000e+00   1.2815604e+02   9.2691341e+01
   7.4000000e+00   2.2715604e+02   1.0673134e+02
   7.5000000e+00   1.2815604e+02   1.4169134e+02
   7.6000000e+00   4.8156044e+01   9.3891341e+01
   7.7000000e+00   1.0315604e+02   1.0269134e+02
   7.8000000e+00   3.3715604e+02   1.0433134e+02
   7.9000000e+00   1.6315604e+02   1.0829134e+02
   8.0000000e+00   4.6156044e+01   1.5297134e+02
   8.1000000e+00   1.4815604e+02   3.3189134e+02
   8.2000000e+00   1.7415604e+02   7.3851341e+01
   8.3000000e+00   2.5415604e+02   1.3365134e+02
   8.4000000e+00  -1.8439560e+00   1.7289134e+02
   8.5000000e+00   3.1560440e+00   3.8469134e+02
   8.6000000e+00   7.6156044e+01   1.4277134e+02
   8.7000000e+00   2.4415604e+02   1.7905134e+02
   8.8000000e+00   5.1156044e+01   2.0677134e+02
   8.9000000e+00   7.6156044e+01   1.7177134e+02
   9.0000000e+00   4.6156044e+01   3.2971341e+01
   9.1000000e+00   6.6156044e+01   1.0917134e+02
   9.2000000e+00   1.3815604e+02   1.5529134e+02
   9.3000000e+00   2.0215604e+02   1.1873134e+02
   9.4000000e+00   7.0156044e+01   1.9701134e+02
   9.5000000e+00   5.5156044e+01   2.9161134e+02
   9.6000000e+00   2.0715604e+02   1.3253134e+02
   9.7000000e+00   2.1156044e+01   1.6597134e+02
   9.8000000e+00   1.2615604e+02   6.9771341e+01
   9.9000000e+00   1.3415604e+02   9.9451341e+01
   1.0000000e+01   3.7156044e+01   7.8331341e+01
   1.0100000e+01   2.5715604e+02   3.3531341e+01
   1.0200000e+01  -3.6843956e+01   1.5629134e+02
   1.0300000e+01   2.3315604e+02   4.1149134e+02
   1.0400000e+01   1.8315604e+02   7.2491341e+01
   1.0500000e+01   8.9156044e+01   6.1251341e+01
   1.0600000e+01  -2.0843956e+01   1.1365134e+02
   1.0700000e+01  -2.7843956e+01   1.4931341e+01
   1.0800000e+01  -5.8439560e+00   2.0105134e+02
   1.0900000e+01   1.4915604e+02   1.4285134e+02
   1.1000000e+01   1.3715604e+02   2.2033134e+02
   1.1100000e+01   1.4915604e+02   5.0851341e+01
   1.1200000e+01   1.2515604e+02   1.7281134e+02
   1.1300000e+01   4.4156044e+01   2.0305134e+02
   1.1400000e+01   1.7915604e+02   4.4065134e+02
   1.1500000e+01   5.2156044e+01   2.4873134e+02
   1.1600000e+01   1.0415604e+02   2.5665134e+02
   1.1700000e+01   1.8215604e+02   9.6531341e+01
   1.1800000e+01   1.3115604e+02   2.2557134e+02
   1.1900000e+01   1.5915604e+02   2.1245134e+02
   1.2000000e+01   1.2815604e+02   1.1169134e+02
   1.2100000e+01   1.9515604e+02   1.1701134e+02
   1.2200000e+01   2.2815604e+02   1.8569134e+02
   1.2300000e+01   2.4415604e+02   1.8005134e+02
   1.2400000e+01   1.9915604e+02   3.8485134e+02
   1.2500000e+01   2.4915604e+02   2.5685134e+02
   1.2600000e+01   8.7156044e+01   7.2331341e+01
   1.2700000e+01   2.2215604e+02   1.0693134e+02
   1.2800000e+01   4.0156044e+01   4.1211341e+01
   1.2900000e+01   3.9156044e+01   9.5251341e+01
   1.3000000e+01   1.5156044e+01   1.2121134e+02
   1.3100000e+01  -4.3843956e+01   9.9571341e+01
   1.3200000e+01   7.0156044e+01  -1.5988659e+01
   1.3300000e+01   2.4156044e+01   1.2385134e+02
   1.3400000e+01   2.1156044e+01   9.4971341e+01
   1.3500000e+01   4.3156044e+01  -7.9086593e+00
   1.3600000e+01  -6.9843956e+01   6.3611341e+01
   1.3700000e+01   3.6156044e+01   2.4371341e+01
   1.3800000e+01   1.6415604e+02   5.8251341e+01
   1.3900000e+01   7.4156044e+01   5.4851341e+01
   1.4000000e+01   6.6156044e+01   1.8417134e+02
   1.4100000e+01  -3.8439560e+00   1.4597134e+02
   1.4200000e+01   1.3515604e+02   1.3841134e+02
   1.4300000e+01   6.4156044e+01   1.5425134e+02
   1.4400000e+01   5.1560440e+00   2.3661134e+02
   1.4500000e+01   1.1015604e+02   6.7411341e+01
   1.4600000e+01   1.2156044e+01   5.7331341e+01
   1.4700000e+01  -2.2843956e+01   1.6673134e+02
   1.4800000e+01  -9.9843956e+01   1.8481134e+02
   1.4900000e+01  -6.8843956e+01   1.1257134e+02
   1.5000000e+01  -1.0843956e+01   1.2325134e+02
   1.5100000e+01  -8.7843956e+01  -4.6686593e+00
   1.5200000e+01   1.0615604e+02   1.9571341e+01
   1.5300000e+01   8.7156044e+01   1.8533134e+02
   1.5400000e+01  -4.1843956e+01   1.4549134e+02
   1.5500000e+01  -4.3843956e+01   2.3757134e+02
   1.5600000e+01   5.1156044e+01   1.8677134e+02
   1.5700000e+01   2.8156044e+01   1.4169134e+02
   1.5800000e+01   5.2156044e+01   2.5173134e+02
   1.5900000e+01   1.9715604e+02   1.8993134e+02
   1.6000000e+01   3.1560440e+00   2.4269134e+02
   1.6100000e+01   2.7156044e+01   1.0073134e+02
   1.6200000e+01   8.2156044e+01   1.3153134e+02
   1.6300000e+01   2.3156044e+01   1.0589134e+02
   1.6400000e+01   2.6156044e+01   2.4777134e+02
   1.6500000e+01   8.6156044e+01   1.0537134e+02
   1.6600000e+01   1.5615604e+02   7.2571341e+01
   1.6700000e+01   9.1156044e+01   9.0171341e+01
   1.6800000e+01  -1.8584396e+02   2.2825134e+02
   1.6900000e+01   2.0156044e+01   2.1801134e+02
   1.7000000e+01   2.6156044e+01   1.8277134e+02
   1.7100000e+01   7.7156044e+01   1.2573134e+02
   1.7200000e+01   1.2115604e+02   1.4697134e+02
   1.7300000e+01   1.5015604e+02   2.3081134e+02
   1.7400000e+01   8.4156044e+01   1.9945134e+02
   1.7500000e+01   2.1915604e+02   1.3005134e+02
   1.7600000e+01   1.0915604e+02   1.9245134e+02
   1.7700000e+01   5.5156044e+01   9.5611341e+01
   1.7800000e+01   3.4156044e+01   1.9845134e+02
   1.7900000e+01   9.9156044e+01   1.8785134e+02
   1.8000000e+01   1.2415604e+02   1.3785134e+02
   1.8100000e+01   1.6915604e+02   1.9305134e+02
   1.8200000e+01   1.1815604e+02   1.0509134e+02
   1.8300000e+01   1.7715604e+02   1.1273134e+02
   1.8400000e+01   2.3115604e+02   1.4457134e+02
   1.8500000e+01   3.8156044e+01   1.5129134e+02
   1.8600000e+01  -9.7843956e+01   1.9773134e+02
   1.8700000e+01  -4.8843956e+01   2.3677134e+02
   1.8800000e+01   7.9156044e+01   1.3565134e+02
   1.8900000e+01   1.5115604e+02   2.7177134e+02
   1.9000000e+01   3.5156044e+01   2.0541134e+02
   1.9100000e+01   1.6156044e+01   5.7171341e+01
   1.9200000e+01  -6.4843956e+01   2.1441134e+02
   1.9300000e+01   7.0156044e+01   2.6101134e+02
   1.9400000e+01   7.4156044e+01   5.3851341e+01
   1.9500000e+01   1.4215604e+02   1.6313134e+02
   1.9600000e+01  -3.5843956e+01   1.5225134e+02
   1.9700000e+01  -4.1843956e+01   1.2249134e+02
   1.9800000e+01   1.1315604e+02   1.4529134e+02
   1.9900000e+01   1.9515604e+02   3.0801134e+02
   2.0000000e+01   3.1615604e+02   9.7171341e+01
   2.0100000e+01   7.0156044e+01   1.7201134e+02
   2.0200000e+01  -5.7843956e+01   9.3131341e+01
   2.0300000e+01   7.6156044e+01   2.2177134e+02
   2.0400000e+01   4.5156044e+01   1.5401134e+02
   2.0500000e+01   3.1156044e+01   2.3357134e+02
   2.0600000e+01   2.3715604e+02   1.1633134e+02
   2.0700000e+01   1.1915604e+02   6.4051341e+01
   2.0800000e+01   1.7515604e+02   1.3781134e+02
   2.0900000e+01   1.7215604e+02   6.9313407e+00
   2.1000000e+01   2.1715604e+02   1.8513134e+02
   2.1100000e+01  -5.7843956e+01   5.0131341e+01
   2.1200000e+01   4.1156044e+01   2.1817134e+02
   2.1300000e+01   6.7156044e+01   2.7213134e+02
   2.1400000e+01   4.4156044e+01   2.4905134e+02
   2.1500000e+01  -2.6843956e+01   2.0989134e+02
   2.1600000e+01   4.7156044e+01   1.6393134e+02
   2.1700000e+01   1.6815604e+02   3.1309134e+02
   2.1800000e+01  -3.8439560e+00   1.3997134e+02
   2.1900000e+01   1.3415604e+02   1.1645134e+02
   2.2000000e+01  -1.5843956e+01   2.7345134e+02
   2.2100000e+01   4.2156044e+01  -2.8868659e+01
   2.2200000e+01   3.1415604e+02   4.2513407e+00
   2.2300000e+01   2.5815604e+02  -4.5086593e+00
   2.2400000e+01   2.5215604e+02   3.7731341e+01
   2.2500000e+01   1.8115604e+02   2.5713407e+00
   2.2600000e+01   3.2915604e+02  -1.6348659e+01
   2.2700000e+01   2.5615604e+02   5.0571341e+01
   2.2800000e+01   8.9156044e+01   9.6251341e+01
   2.2900000e+01   1.8515604e+02  -2.6588659e+01
   2.3000000e+01   1.0915604e+02   6.4513407e+00
   2.3100000e+01   6.8156044e+01   2.3091341e+01
   2.3200000e+01  -4.2843956e+01   1.7531341e+01
   2.3300000e+01  -3.8439560e+00  -5.3028659e+01
   2.3400000e+01   2.0315604e+02   1.2469134e+02
   2.3500000e+01   2.9115604e+02  -4.1828659e+01
   2.3600000e+01   1.9915604e+02   1.8851341e+01
   2.3700000e+01   1.8315604e+02   6.5491341e+01
   2.3800000e+01   2.3515604e+02   4.3411341e+01
   2.3900000e+01   3.2215604e+02   4.9313407e+00
   2.4000000e+01   3.4115604e+02   4.1171341e+01
   2.4100000e+01   2.2615604e+02   1.2177134e+02
   2.4200000e+01   3.3315604e+02  -3.0508659e+01
   2.4300000e+01   1.5915604e+02  -4.2548659e+01
   2.4400000e+01   2.2215604e+02  -5.7068659e+01
   2.4500000e+01   3.2156044e+01  -5.4686593e+00
   2.4600000e+01  -2.4843956e+01   5.6811341e+01
   2.4700000e+01   3.4115604e+02   1.7134066e-01
   2.4800000e+01   1.3115604e+02  -1.1428659e+01
   2.4900000e+01   8.8156044e+01   8.2913407e+00
   2.5000000e+01   4.0156044e+01   1.8211341e+01
   2.5100000e+01   1.1215604e+02   4.3313407e+00
   2.5200000e+01   1.6156044e+01   8.8171341e+01
   2.5300000e+01  -1.1284396e+02   8.3331341e+01
   2.5400000e+01   1.1515604e+02   8.0211341e+01
   2.5500000e+01  -6.8439560e+00   1.2809134e+02
   2.5600000e+01   1.4715604e+02   1.1931341e+01
   2.5700000e+01   1.4015604e+02   3.0211341e+01
   2.5800000e+01   2.6715604e+02  -4.8686593e+00
   2.5900000e+01   2.7015604e+02   2.3011341e+01
   2.6000000e+01   1.3515604e+02   1.1441134e+02
   2.6100000e+01   3.0615604e+02   4.3571341e+01
   2.6200000e+01   2.2415604e+02   4.0851341e+01
   2.6300000e+01   1.6915604e+02  -6.2948659e+01
   2.6400000e+01   1.5715604e+02  -4.4468659e+01
   2.6500000e+01   5.1156044e+01   8.0771341e+01
   2.6600000e+01   1.9315604e+02   1.9409134e+02
   2.6700000e+01   1.9315604e+02   1.5709134e+02
   2.6800000e+01   4.5156044e+01   8.2011341e+01
   2.6900000e+01   1.6815604e+02   9.8091341e+01
   2.7000000e+01   1.6415604e+02  -3.8748659e+01
   2.7100000e+01   8.3156044e+01   6.5491341e+01
   2.7200000e+01   1.7615604e+02   1.0477134e+02
   2.7300000e+01   3.2815604e+02  -3.3086593e+00
   2.7400000e+01   1.7415604e+02   2.0851341e+01
   2.7500000e+01   4.2115604e+02  -8.8028659e+01
   2.7600000e+01   2.3915604e+02   5.2513407e+00
   2.7700000e+01   1.8815604e+02   1.6291341e+01
   2.7800000e+01   1.8215604e+02  -6.3468659e+01
   2.7900000e+01   9.3156044e+01   7.2091341e+01
   2.8000000e+01   3.4015604e+02  -4.9788659e+01
   2.8100000e+01   9.8156044e+01  -4.1108659e+01
   2.8200000e+01   1.1015604e+02   5.5411341e+01
   2.8300000e+01   2.2815604e+02  -5.3086593e+00
   2.8400000e+01   2.0615604e+02  -4.1428659e+01
   2.8500000e+01   3.1615604e+02   4.8171341e+01
   2.8600000e+01   5.3415604e+02  -1.8548659e+01
   2.8700000e+01   1.7515604e+02   2.8811341e+01
   2.8800000e+01   2.6515604e+02   3.7211341e+01
   2.8900000e+01   1.7315604e+02   1.3889134e+02
   2.9000000e+01   1.4315604e+02   1.4109134e+02
   2.9100000e+01   9.5156044e+01  -6.0988659e+01
   2.9200000e+01   3.5615604e+02  -4.4428659e+01
   2.9300000e+01   2.4156044e+01  -6.0148659e+01
   2.9400000e+01   2.0615604e+02   4.2571341e+01
   2.9500000e+01   1.0315604e+02  -1.2308659e+01
   2.9600000e+01   1.6215604e+02   2.0331341e+01
   2.9700000e+01   6.6156044e+01   8.1713407e+00
   2.9800000e+01   1.2215604e+02   4.9313407e+00
   2.9900000e+01   1.6215604e+02   1.3633134e+02
   3.0000000e+01   1.4215604e+02   7.8131341e+01
   3.0100000e+01   7.8156044e+01   5.6913407e+00
   3.0200000e+01   3.9715604e+02  -4.3068659e+01
   3.0300000e+01   3.7156044e+01   5.5331341e+01
   3.0400000e+01   1.9415604e+02   1.0405134e+02
   3.0500000e+01   2.0115604e+02   7.7713407e+00
   3.0600000e+01   1.4615604e+02   3.1971341e+01
   3.0700000e+01   2.2915604e+02   1.1651341e+01
   3.0800000e+01   9.9156044e+01  -4.8148659e+01
   3.0900000e+01   1.5515604e+02   2.0611341e+01
   3.1000000e+01   1.9815604e+02   3.9891341e+01
   3.1100000e+01   1.9415604e+02  -4.7948659e+01
   3.1200000e+01   2.2415604e+02   1.8851341e+01
   3.1300000e+01   3.0515604e+02  -4.0388659e+01
   3.1400000e+01   6.7156044e+01  -1.4868659e+01
   3.1500000e+01   1.7715604e+02  -1.3268659e+01
   3.1600000e+01   1.0415604e+02   1.4165134e+02
   3.1700000e+01   1.0015604e+02   1.8113407e+00
   3.1800000e+01   2.6415604e+02  -4.9748659e+01
   3.1900000e+01   1.5915604e+02  -4.1548659e+01
   3.2000000e+01   5.2156044e+01   7.4731341e+01
   3.2100000e+01  -5.8439560e+00   2.0513407e+00
   3.2200000e+01   2.5015604e+02  -6.1886593e+00
   3.2300000e+01   1.9815604e+02  -4.1086593e+00
   3.2400000e+01   1.8015604e+02   1.0461134e+02
   3.2500000e+01   2.1815604e+02  -2.7908659e+01
   3.2600000e+01   1.7815604e+02   1.3169134e+02
   3.2700000e+01   1.5315604e+02   1.1969134e+02
   3.2800000e+01   1.6815604e+02   8.0913407e+00
   3.2900000e+01   3.6415604e+02   1.8251341e+01
   3.3000000e+01   2.0315604e+02   6.6691341e+01
   3.3100000e+01   1.6315604e+02   5.0291341e+01
   3.3200000e+01   2.3315604e+02  -4.5086593e+00
   3.3300000e+01   1.4515604e+02   7.1011341e+01
   3.3400000e+01   1.4515604e+02   1.6601134e+02
   3.3500000e+01   2.4815604e+02   7.9891341e+01
   3.3600000e+01   2.4815604e+02  -5.1086593e+00
   3.3700000e+01   3.3615604e+02  -9.4628659e+01
   3.3800000e+01   2.3415604e+02   3.5451341e+01
   3.3900000e+01   3.5515604e+02   4.0611341e+01
   3.4000000e+01   3.3815604e+02   1.2029134e+02
   3.4100000e+01   2.5815604e+02  -1.7508659e+01
   3.4200000e+01   1.8115604e+02   1.5713407e+00
   3.4300000e+01   7.2156044e+01   1.2393134e+02
   3.4400000e+01   1.6815604e+02   3.1091341e+01
   3.4500000e+01   3.2015604e+02   3.7011341e+01
   3.4600000e+01   1.1915604e+02   9.8051341e+01
   3.4700000e+01   1.3315604e+02  -4.6508659e+01
   3.4800000e+01   2.2015604e+02   8.6011341e+01
   3.4900000e+01   2.0715604e+02   1.8531341e+01
   3.5000000e+01   2.2715604e+02   9.4731341e+01
   3.5100000e+01   2.2215604e+02   2.2931341e+01
   3.5200000e+01   2.0115604e+02   1.7771341e+01
   3.5300000e+01   1.9015604e+02   3.0211341e+01
   3.5400000e+01   3.3156044e+01   4.8491341e+01
   3.5500000e+01   1.9315604e+02   1.9091341e+01
   3.5600000e+01   1.7615604e+02   6.8771341e+01
   3.5700000e+01   1.6015604e+02   7.3411341e+01
   3.5800000e+01   2.9415604e+02  -4.0948659e+01
   3.5900000e+01   2.6915604e+02   1.7051341e+01
   3.6000000e+01   2.0915604e+02  -4.2548659e+01
   3.6100000e+01   2.4715604e+02  -7.3068659e+01
   3.6200000e+01   3.7315604e+02   6.8913407e+00
   3.6300000e+01   3.0215604e+02  -5.4268659e+01
   3.6400000e+01   2.4115604e+02   4.9171341e+01
   3.6500000e+01   2.2015604e+02   1.2101134e+02
   3.6600000e+01   6.0156044e+01   5.5411341e+01
   3.6700000e+01   2.2115604e+02  -4.8028659e+01
   3.6800000e+01   1.2215604e+02  -6.8659341e-02
   3.6900000e+01   3.5515604e+02  -1.9388659e+01
   3.7000000e+01   8.3156044e+01   3.3491341e+01
   3.7100000e+01   1.0315604e+02   2.9691341e+01
   3.7200000e+01   1.0015604e+02  -3.6188659e+01
   3.7300000e+01   9.0156044e+01  -3.8788659e+01
   3.7400000e+01   2.0215604e+02  -9.2686593e+00
   3.7500000e+01   2.4215604e+02   1.0613134e+02
   3.7600000e+01   2.9156044e+01   7.6651341e+01
   3.7700000e+01   1.5515604e+02   9.6113407e+00
   3.7800000e+01   1.3815604e+02  -1.7086593e+00
   3.7900000e+01   1.6915604e+02   5.0051341e+01
   3.8000000e+01   2.7715604e+02  -1.3268659e+01
   3.8100000e+01   2.1715604e+02  -8.0868659e+01
   3.8200000e+01   2.4015604e+02  -6.7788659e+01
   3.8300000e+01   2.3715604e+02  -2.3668659e+01
   3.8400000e+01   1.2315604e+02   3.2891341e+01
   3.8500000e+01   1.7515604e+02  -2.5188659e+01
   3.8600000e+01   1.5915604e+02  -5.4548659e+01
   3.8700000e+01   3.6415604e+02  -2.0748659e+01
   3.8800000e+01   2.8515604e+02  -6.6588659e+01
   3.8900000e+01   2.6115604e+02  -9.6286593e+00
   3.9000000e+01   1.2715604e+02  -3.4268659e+01
   3.9100000e+01   5.5156044e+01   6.4611341e+01
   3.9200000e+01   8.2156044e+01  -1.4468659e+01
   3.9300000e+01   1.2515604e+02  -2.7188659e+01
   3.9400000e+01   1.5815604e+02  -6.2508659e+01
   3.9500000e+01   1.0515604e+02   1.0861134e+02
   3.9600000e+01   3.8156044e+01   4.0291341e+01
   3.9700000e+01   2.2515604e+02  -6.1886593e+00
   3.9800000e+01   4.1560440e+00   4.9651341e+01
   3.9900000e+01   2.4515604e+02  -7.8988659e+01
   4.0000000e+01   2.5815604e+02   5.8491341e+01
   4.0100000e+01   1.9115604e+02  -8.4828659e+01
   4.0200000e+01   9.9156044e+01   6.1851341e+01
   4.0300000e+01   6.1560440e+00  -2.0428659e+01
   4.0400000e+01   1.4115604e+02  -9.8286593e+00
   4.0500000e+01   1.0215604e+02   3.2731341e+01
   4.0600000e+01   2.3315604e+02   1.8491341e+01
   4.0700000e+01   2.6515604e+02  -1.6788659e+01
   4.0800000e+01   3.7715604e+02   2.6073134e+02
   4.0900000e+01   1.6415604e+02   6.2513407e+00
   4.1000000e+01   1.7615604e+02  -3.3228659e+01
   4.1100000e+01   3.0415604e+02  -9.1348659e+01
   4.1200000e+01   1.8415604e+02   1.9451341e+01
   4.1300000e+01   2.4815604e+02  -1.1108659e+01
   4.1400000e+01   5.1560440e+00  -2.0388659e+01
   4.1500000e+01   2.6715604e+02   3.7131341e+01
   4.1600000e+01   7.8156044e+01   4.1691341e+01
   4.1700000e+01   3.5915604e+02  -3.8548659e+01
   4.1800000e+01   8.6156044e+01   4.9371341e+01
   4.1900000e+01   3.3515604e+02  -4.6588659e+01
   4.2000000e+01   8.6156044e+01  -6.9628659e+01
   4.2100000e+01   1.1815604e+02  -2.7908659e+01
   4.2200000e+01   1.6515604e+02   9.1211341e+01
   4.2300000e+01   1.6215604e+02   9.0331341e+01
   4.2400000e+01   1.4515604e+02   2.6011341e+01
   4.2500000e+01   6.4156044e+01   3.4251341e+01
   4.2600000e+01  -6.7843956e+01   4.2531341e+01
   4.2700000e+01   1.3615604e+02  -4.5628659e+01
   4.2800000e+01   2.2515604e+02  -1.5188659e+01
   4.2900000e+01   3.0015604e+02   3.4811341e+01
   4.3000000e+01   1.2315604e+02  -1.8108659e+01
   4.3100000e+01   2.9815604e+02   1.1989134e+02
   4.3200000e+01  -2.9843956e+01   9.9011341e+01
   4.3300000e+01  -7.8439560e+00  -6.2868659e+01
   4.3400000e+01   4.4156044e+01   8.3051341e+01
   4.3500000e+01   1.8615604e+02   9.4371341e+01
   4.3600000e+01  -2.8439560e+00   8.3931341e+01
   4.3700000e+01  -5.5843956e+01   7.0513407e+00
   4.3800000e+01  -2.6843956e+01  -8.8108659e+01
   4.3900000e+01   1.0415604e+02   1.1651341e+01
   4.4000000e+01   1.6415604e+02   2.2513407e+00
   4.4100000e+01   1.3715604e+02  -5.6686593e+00
   4.4200000e+01   1.8115604e+02   2.8571341e+01
   4.4300000e+01   1.9315604e+02   5.2091341e+01
   4.4400000e+01   3.1215604e+02   1.2033134e+02
   4.4500000e+01   1.2315604e+02  -5.8108659e+01
   4.4600000e+01   2.3515604e+02   1.2141134e+02
   4.4700000e+01   6.8156044e+01   9.6091341e+01
   4.4800000e+01   2.1115604e+02   3.0371341e+01
   4.4900000e+01   1.9015604e+02   1.1121134e+02
   4.5000000e+01   1.6615604e+02   1.9917134e+02
   4.5100000e+01   2.1915604e+02  -6.7948659e+01
   4.5200000e+01  -3.9843956e+01   5.2411341e+01
   4.5300000e+01   1.8815604e+02   4.1291341e+01
   4.5400000e+01   1.4015604e+02   3.8211341e+01
   4.5500000e+01   2.1615604e+02   8.1713407e+00
   4.5600000e+01   1.1815604e+02   6.0091341e+01
   4.5700000e+01   7.1156044e+01   3.1971341e+01
   4.5800000e+01   1.7415604e+02  -3.9148659e+01
   4.5900000e+01   2.8615604e+02  -1.5628659e+01
   4.6000000e+01   1.2515604e+02   1.1811341e+01
   4.6100000e+01   1.2115604e+02   6.5971341e+01
   4.6200000e+01   1.1915604e+02   7.1051341e+01
   4.6300000e+01  -4.1843956e+01   4.2491341e+01
   4.6400000e+01   1.8515604e+02   5.9411341e+01
   4.6500000e+01  -2.4843956e+01   6.9811341e+01
   4.6600000e+01   1.4515604e+02   2.6011341e+01
   4.6700000e+01   1.9615604e+02   6.5971341e+01
   4.6800000e+01   8.0156044e+01   6.5611341e+01
   4.6900000e+01  -4.2843956e+01   2.2531341e+01
   4.7000000e+01   1.8515604e+02   1.2411341e+01
   4.7100000e+01   4.5156044e+01  -2.3988659e+01
   4.7200000e+01   1.2015604e+02   8.0113407e+00
   4.7300000e+01   1.8415604e+02   4.5134066e-01
   4.7400000e+01   3.2156044e+01   8.9531341e+01
   4.7500000e+01   1.6515604e+02   2.6211341e+01
   4.7600000e+01   1.2015604e+02  -4.3988659e+01
   4.7700000e+01   4.7615604e+02  -1.4228659e+01
   4.7800000e+01   1.8156044e+01   9.7091341e+01
   4.7900000e+01   1.6915604e+02   7.4051341e+01
   4.8000000e+01   1.0715604e+02  -4.4468659e+01
   4.8100000e+01   6.3156044e+01  -2.9708659e+01
   4.8200000e+01   1.1615604e+02   1.2171341e+01
   4.8300000e+01   7.7156044e+01   4.8731341e+01
   4.8400000e+01   2.1315604e+02   4.2913407e+00
   4.8500000e+01   2.7015604e+02   7.0011341e+01
   4.8600000e+01   7.6156044e+01   2.2477134e+02
   4.8700000e+01   2.9515604e+02   1.4011341e+01
   4.8800000e+01   2.0715604e+02  -2.1468659e+01
   4.8900000e+01  -9.8439560e+00  -1.7788659e+01
   4.9000000e+01   1.6915604e+02   2.1051341e+01
   4.9100000e+01   5.8156044e+01  -6.2508659e+01
   4.9200000e+01   1.8315604e+02   5.4913407e+00
   4.9300000e+01   2.2515604e+02   1.0281134e+02
   4.9400000e+01   3.1715604e+02   4.3131341e+01
   4.9500000e+01   2.9715604e+02   1.0931341e+01
   4.9600000e+01   2.8615604e+02   1.1737134e+02
   4.9700000e+01   1.0515604e+02   1.1361134e+02
   4.9800000e+01   1.3015604e+02   1.0061134e+02
   4.9900000e+01   2.5115604e+02   9.6771341e+01
   5.0000000e+01   5.2156044e+01   8.4731341e+01
   5.0100000e+01   2.2815604e+02   8.6913407e+00
   5.0200000e+01   6.8156044e+01   1.2091341e+01
   5.0300000e+01   5.4156044e+01   3.3651341e+01
   5.0400000e+01   1.9715604e+02   6.9931341e+01
   5.0500000e+01   1.8015604e+02   1.8611341e+01
   5.0600000e+01   2.0215604e+02   5.6731341e+01
   5.0700000e+01   2.2115604e+02   2.1971341e+01
   5.0800000e+01   1.1215604e+02   1.0033134e+02
   5.0900000e+01   5.6156044e+01   1.9571341e+01
   5.1000000e+01  -4.8843956e+01   3.5771341e+01
   5.1100000e+01   1.0015604e+02  -1.9188659e+01
   5.1200000e+01  -2.4843956e+01   6.7811341e+01
   5.1300000e+01   7.7156044e+01   4.7731341e+01
   5.1400000e+01   2.7915604e+02   4.5651341e+01
   5.1500000e+01   1.1315604e+02  -7.7086593e+00
   5.1600000e+01   1.3715604e+02  -3.7668659e+01
   5.1700000e+01   5.8156044e+01  -2.5508659e+01
   5.1800000e+01   2.7715604e+02  -5.5268659e+01
   5.1900000e+01   3.1156044e+01   9.7571341e+01
   5.2000000e+01  -4.7843956e+01   4.6731341e+01
   5.2100000e+01   2.0415604e+02   2.6651341e+01
   5.2200000e+01   1.8415604e+02   4.4451341e+01
   5.2300000e+01   3.3715604e+02   7.0331341e+01
   5.2400000e+01   1.8115604e+02  -1.3428659e+01
   5.2500000e+01   9.4156044e+01   9.2051341e+01
   5.2600000e+01   5.4156044e+01   6.7651341e+01
   5.2700000e+01  -2.0843956e+01  -4.8348659e+01
   5.2800000e+01   1.0015604e+02   3.6811341e+01
   5.2900000e+01   2.0715604e+02   1.0531341e+01
   5.3000000e+01   1.6015604e+02  -3.9588659e+01
   5.3100000e+01   1.1815604e+02  -3.2908659e+01
   5.3200000e+01   1.7715604e+02   3.9731341e+01
   5.3300000e+01   3.0815604e+02  -3.2508659e+01
   5.3400000e+01   2.3715604e+02   1.5733134e+02
   5.3500000e+01   2.1715604e+02  -8.8686593e+00
   5.3600000e+01  -1.2843956e+01   5.8331341e+01
   5.3700000e+01   2.3215604e+02   5.4531341e+01
   5.3800000e+01   1.3715604e+02   1.0033134e+02
   5.3900000e+01   2.9915604e+02  -6.3148659e+01
   5.4000000e+01   1.7615604e+02   8.1771341e+01
   5.4100000e+01   7.3156044e+01   1.0589134e+02
   5.4200000e+01   1.5515604e+02   5.1611341e+01
   5.4300000e+01   8.0156044e+01   1.4861134e+02
   5.4400000e+01   1.4415604e+02  -3.0948659e+01
   5.4500000e+01   1.5715604e+02   1.1453134e+02
   5.4600000e+01   2.6715604e+02   6.1313407e+00
   5.4700000e+01   1.4115604e+02  -1.5828659e+01
   5.4800000e+01  -8.1843956e+01   3.6091341e+01
   5.4900000e+01  -4.3843956e+01  -5.6428659e+01
   5.5000000e+01   9.7156044e+01   8.9313407e+00
   5.5100000e+01   1.5615604e+02   3.9571341e+01
   5.5200000e+01   5.4156044e+01   5.5651341e+01
   5.5300000e+01   7.9156044e+01   8.6651341e+01
   5.5400000e+01   3.1915604e+02   1.3105134e+02
   5.5500000e+01   1.6615604e+02  -1.6828659e+01
   5.5600000e+01   2.5915604e+02   8.6451341e+01
   5.5700000e+01   1.6715604e+02  -2.3868659e+01
   5.5800000e+01   1.5715604e+02  -7.4686593e+00
   5.5900000e+01   1.8715604e+02   2.0331341e+01
   5.6000000e+01   2.2215604e+02   7.2931341e+01
   5.6100000e+01   1.1715604e+02   2.7131341e+01
   5.6200000e+01   2.1615604e+02   1.8171341e+01
   5.6300000e+01   2.3915604e+02   1.1925134e+02
   5.6400000e+01   3.1156044e+01  -1.4286593e+00
   5.6500000e+01   2.5215604e+02   5.2731341e+01
   5.6600000e+01   1.1115604e+02   6.4371341e+01
   5.6700000e+01  -2.4843956e+01   1.7811341e+01
   5.6800000e+01   1.7715604e+02   1.4731341e+01
   5.6900000e+01  -1.6843956e+01  -8.5086593e+00
   5.7000000e+01   7.9156044e+01  -7.3348659e+01
   5.7100000e+01   2.4615604e+02   2.5971341e+01
   5.7200000e+01   1.0215604e+02   6.9731341e+01
   5.7300000e+01   2.1015604e+02  -5.9588659e+01
   5.7400000e+01   8.2156044e+01   4.2531341e+01
   5.7500000e+01   1.0115604e+02  -1.4228659e+01
   5.7600000e+01   1.8115604e+02   2.6571341e+01
   5.7700000e+01   8.2156044e+01   1.6531341e+01
   5.7800000e+01   1.5115604e+02  -1.9228659e+01
   5.7900000e+01  -2.0843956e+01   8.1651341e+01
   5.8000000e+01   9.8156044e+01  -5.1108659e+01
   5.8100000e+01   2.4715604e+02   9.9313407e+00
   5.8200000e+01   1.2815604e+02   6.3691341e+01
   5.8300000e+01   3.1215604e+02  -4.6686593e+00
   5.8400000e+01   5.9156044e+01   9.9451341e+01
   5.8500000e+01   1.5415604e+02  -1.7348659e+01
   5.8600000e+01   2.5215604e+02   3.6731341e+01
   5.8700000e+01   3.4515604e+02  -2.7988659e+01
   5.8800000e+01   9.2156044e+01   5.7131341e+01
   5.8900000e+01   1.3815604e+02   7.0291341e+01
   5.9000000e+01   2.3415604e+02  -4.5548659e+01
   5.9100000e+01   1.4915604e+02   2.1851341e+01
   5.9200000e+01   2.0315604e+02   4.1691341e+01
   5.9300000e+01   5.3156044e+01   1.1169134e+02
   5.9400000e+01   1.5015604e+02  -4.3188659e+01
   5.9500000e+01   2.4215604e+02  -6.0868659e+01
   5.9600000e+01   2.1815604e+02  -1.5908659e+01
   5.9700000e+01   6.8156044e+01  -3.5908659e+01
   5.9800000e+01   8.8156044e+01  -4.0708659e+01
   5.9900000e+01   4.9156044e+01   3.0851341e+01
   6.0000000e+01  -2.2843956e+01   1.0731341e+01
   6.0100000e+01   8.4156044e+01  -1.4548659e+01
   6.0200000e+01   1.1915604e+02  -1.0948659e+01
   6.0300000e+01  -1.1784396e+02  -8.6468659e+01
   6.0400000e+01   2.8215604e+02  -4.6468659e+01
   6.0500000e+01   1.3215604e+02  -3.4686593e+00
   6.0600000e+01   2.7215604e+02  -2.5068659e+01
   6.0700000e+01   1.0715604e+02  -4.7468659e+01
   6.0800000e+01   1.5715604e+02   7.7531341e+01
   6.0900000e+01   1.0615604e+02   6.5571341e+01
   6.1000000e+01   2.7015604e+02   7.3011341e+01
   6.1100000e+01   3.5156044e+01   6.6411341e+01
   6.1200000e+01   2.7215604e+02  -2.3068659e+01
   6.1300000e+01   1.4915604e+02  -9.1486593e+00
   6.1400000e+01   1.9315604e+02  -1.6908659e+01
   6.1500000e+01  -6.7843956e+01   7.5313407e+00
   6.1600000e+01   1.7115604e+02  -6.0286593e+00
   6.1700000e+01   2.5415604e+02   6.8651341e+01
   6.1800000e+01   7.8156044e+01   2.0691341e+01
   6.1900000e+01   2.6615604e+02   4.2171341e+01
   6.2000000e+01   1.1415604e+02   3.5251341e+01
   6.2100000e+01   4.9156044e+01   7.8513407e+00
   6.2200000e+01   2.5015604e+02   7.7811341e+01
   6.2300000e+01   1.8315604e+02  -2.2508659e+01
   6.2400000e+01   2.8415604e+02  -2.4548659e+01
   6.2500000e+01   1.0815604e+02   1.8491341e+01
   6.2600000e+01   1.2315604e+02  -3.3108659e+01
   6.2700000e+01   2.5615604e+02   5.6571341e+01
   6.2800000e+01   1.9815604e+02   8.9891341e+01
   6.2900000e+01   1.5015604e+02  -3.7188659e+01
   6.3000000e+01   7.6156044e+01   1.2771341e+01
   6.3100000e+01   2.4315604e+02   6.5091341e+01
   6.3200000e+01   2.8515604e+02   1.4113407e+00
   6.3300000e+01   7.1156044e+01   1.6971341e+01
   6.3400000e+01   2.7715604e+02  -1.3268659e+01
   6.3500000e+01   5.1156044e+01   6.5771341e+01
   6.3600000e+01   1.6515604e+02   4.4211341e+01
   6.3700000e+01   1.2215604e+02   5.4931341e+01
   6.3800000e+01   1.9615604e+02   2.1971341e+01
   6.3900000e+01  -9.8843956e+01   1.0177134e+02
   6.4000000e+01  -8.4395604e-01   4.8513407e+00
   6.4100000e+01   2.3015604e+02  -3.4388659e+01
   6.4200000e+01   1.2315604e+02  -2.2108659e+01
   6.4300000e+01   1.6415604e+02   1.1325134e+02
   6.4400000e+01   1.5115604e+02   1.4577134e+02
   6.4500000e+01   4.3715604e+02   8.2331341e+01
   6.4600000e+01   2.3815604e+02  -4.7086593e+00
   6.4700000e+01  -6.8439560e+00   7.0913407e+00
   6.4800000e+01   1.3815604e+02  -3.5708659e+01
   6.4900000e+01  -3.5843956e+01   9.2251341e+01
   6.5000000e+01   7.1156044e+01   5.7971341e+01
   6.5100000e+01   9.6156044e+01   3.4971341e+01
   6.5200000e+01   4.2156044e+01  -4.8686593e+00
   6.5300000e+01   1.2615604e+02  -1.5228659e+01
   6.5400000e+01  -5.9843956e+01   7.0211341e+01
   6.5500000e+01   2.2615604e+02  -3.7228659e+01
   6.5600000e+01   2.0715604e+02  -1.0468659e+01
   6.5700000e+01   3.4315604e+02  -2.6908659e+01
   6.5800000e+01   1.6515604e+02  -7.2788659e+01
   6.5900000e+01   3.4156044e+01   8.4513407e+00
   6.6000000e+01   1.4415604e+02  -4.1948659e+01
   6.6100000e+01   1.1156044e+01   4.5371341e+01
   6.6200000e+01   2.2715604e+02   1.0373134e+02
   6.6300000e+01   1.5715604e+02  -6.1468659e+01
   6.6400000e+01   8.6156044e+01   1.5837134e+02
   6.6500000e+01   2.5815604e+02  -5.5086593e+00
   6.6600000e+01   3.4615604e+02  -7.3028659e+01
   6.6700000e+01   3.6115604e+02   2.4371341e+01
   6.6800000e+01   1.0115604e+02   6.1771341e+01
   6.6900000e+01  -5.2843956e+01   1.0693134e+02
   6.7000000e+01   9.5156044e+01   1.3501134e+02
   6.7100000e+01   2.2915604e+02  -4.6348659e+01
   6.7200000e+01   1.5115604e+02   6.3771341e+01
   6.7300000e+01   1.6715604e+02   3.2131341e+01
   6.7400000e+01   2.3156044e+01  -1.7108659e+01
   6.7500000e+01   3.7215604e+02   4.4931341e+01
   6.7600000e+01   2.9915604e+02   8.1851341e+01
   6.7700000e+01   3.6515604e+02  -1.6788659e+01
   6.7800000e+01   6.3156044e+01   1.2913407e+00
   6.7900000e+01   1.4315604e+02   6.4091341e+01
   6.8000000e+01  -5.0843956e+01   7.5851341e+01
   6.8100000e+01   1.9715604e+02  -4.6068659e+01
   6.8200000e+01   1.2415604e+02  -4.1486593e+00
   6.8300000e+01   1.6715604e+02   7.0131341e+01
   6.8400000e+01   1.1015604e+02   4.2411341e+01
   6.8500000e+01   2.3156044e+01   3.0891341e+01
   6.8600000e+01   2.2815604e+02   4.7691341e+01
   6.8700000e+01   9.4156044e+01   6.7051341e+01
   6.8800000e+01   3.1815604e+02  -4.4908659e+01
   6.8900000e+01   1.7415604e+02  -4.5148659e+01
   6.9000000e+01   1.1715604e+02  -1.0868659e+01
   6.9100000e+01   5.8156044e+01  -2.1508659e+01
   6.9200000e+01   2.8915604e+02  -1.0748659e+01
   6.9300000e+01   4.0156044e+01  -1.9788659e+01
   6.9400000e+01   1.7115604e+02  -7.0286593e+00
   6.9500000e+01   1.9215604e+02  -7.8868659e+01
   6.9600000e+01   3.3415604e+02   6.4513407e+00
   6.9700000e+01   1.0915604e+02  -1.2548659e+01
   6.9800000e+01   7.9156044e+01   1.8651341e+01
   6.9900000e+01   1.6615604e+02   3.2171341e+01
   7.0000000e+01   1.8115604e+02   4.5571341e+01
   7.0100000e+01   1.6715604e+02  -1.2868659e+01
   7.0200000e+01   1.5115604e+02   4.7771341e+01
   7.0300000e+01   3.1815604e+02   6.4091341e+01
   7.0400000e+01   7.8156044e+01   1.9691341e+01
   7.0500000e+01   4.3156044e+01  -1.0090866e+02
   7.0600000e+01   3.6615604e+02   1.1117134e+02
   7.0700000e+01   2.6915604e+02   6.5051341e+01
   7.0800000e+01  -2.9843956e+01   4.2011341e+01
   7.0900000e+01   1.3915604e+02   2.2513407e+00
   7.1000000e+01   1.5115604e+02   8.9771341e+01
   7.1100000e+01  -8.4395604e-01  -1.9148659e+01
   7.1200000e+01   3.8415604e+02   2.1451341e+01
   7.1300000e+01   1.4515604e+02   2.3011341e+01
   7.1400000e+01   1.1515604e+02   1.0121134e+02
   7.1500000e+01   2.5915604e+02  -4.4548659e+01
   7.1600000e+01   1.1215604e+02   3.5331341e+01
   7.1700000e+01   1.0615604e+02   2.0571341e+01
   7.1800000e+01   1.6015604e+02   7.7411341e+01
   7.1900000e+01   1.1115604e+02  -3.3628659e+01
   7.2000000e+01   5.5156044e+01  -1.6388659e+01
   7.2100000e+01   3.1115604e+02   5.6371341e+01
   7.2200000e+01   2.2115604e+02   9.9713407e+00
   7.2300000e+01   4.3156044e+01  -5.9086593e+00
   7.2400000e+01   3.4156044e+01  -4.8548659e+01
   7.2500000e+01   1.7715604e+02  -1.0526866e+02
   7.2600000e+01   9.1156044e+01   7.0171341e+01
   7.2700000e+01   1.4156044e+01   4.7251341e+01
   7.2800000e+01   1.2515604e+02  -1.5188659e+01
   7.2900000e+01   1.0415604e+02   1.9651341e+01
   7.3000000e+01  -1.9843956e+01  -3.4388659e+01
   7.3100000e+01   1.2015604e+02  -2.0988659e+01
   7.3200000e+01   5.1156044e+01  -5.2286593e+00
   7.3300000e+01   1.6515604e+02  -1.3788659e+01
   7.3400000e+01   8.7156044e+01  -2.1668659e+01
   7.3500000e+01   3.3215604e+02  -6.8468659e+01
   7.3600000e+01   2.0815604e+02  -2.3508659e+01
   7.3700000e+01   2.0115604e+02   6.8771341e+01
   7.3800000e+01   1.6015604e+02  -5.4588659e+01
   7.3900000e+01   1.2815604e+02   1.0669134e+02
   7.4000000e+01   2.0815604e+02  -2.0508659e+01
   7.4100000e+01   9.2156044e+01   9.9131341e+01
   7.4200000e+01   1.9915604e+02   8.1851341e+01
   7.4300000e+01   1.8315604e+02   2.2491341e+01
   7.4400000e+01   1.6315604e+02  -3.7708659e+01
   7.4500000e+01   1.1156044e+01  -4.1628659e+01
   7.4600000e+01   1.2215604e+02   7.0931341e+01
   7.4700000e+01   1.8115604e+02  -4.2865934e-01
   7.4800000e+01   2.3156044e+01   3.3891341e+01
   7.4900000e+01   3.0915604e+02   1.3451341e+01
   7.5000000e+01   1.4015604e+02  -4.3788659e+01
   7.5100000e+01   1.4015604e+02  -1.7788659e+01
   7.5200000e+01   5.0156044e+01   7.1811341e+01
   7.5300000e+01   8.3156044e+01  -1.6508659e+01
   7.5400000e+01   1.5515604e+02   4.3611341e+01
   7.5500000e+01   3.3415604e+02  -4.9548659e+01
   7.5600000e+01   2.1615604e+02   1.0417134e+02
   7.5700000e+01   2.1215604e+02   5.5331341e+01
   7.5800000e+01  -3.9843956e+01  -3.0588659e+01
   7.5900000e+01   2.1615604e+02   1.3017134e+02
   7.6000000e+01   1.1515604e+02   2.2113407e+00
   7.6100000e+01   2.9915604e+02  -7.6148659e+01
   7.6200000e+01   1.2815604e+02  -1.4308659e+01
   7.6300000e+01   2.7815604e+02   8.0691341e+01
   7.6400000e+01  -2.8439560e+00  -5.0686593e+00
   7.6500000e+01   1.2215604e+02  -8.0686593e+00
   7.6600000e+01   1.0515604e+02  -2.9388659e+01
   7.6700000e+01   1.7215604e+02  -5.0068659e+01
   7.6800000e+01   1.4515604e+02  -4.1988659e+01
   7.6900000e+01   5.4156044e+01   8.8651341e+01
   7.7000000e+01   2.0015604e+02  -4.4188659e+01
   7.7100000e+01   2.7615604e+02  -5.2228659e+01
   7.7200000e+01  -1.1084396e+02  -7.7486593e+00
   7.7300000e+01   1.9015604e+02  -1.6788659e+01
   7.7400000e+01   1.4415604e+02   2.5051341e+01
   7.7500000e+01   2.0415604e+02   2.0665134e+02
   7.7600000e+01   1.2915604e+02   2.2651341e+01
   7.7700000e+01   1.3315604e+02   4.8491341e+01
   7.7800000e+01   2.2156044e+01  -1.2068659e+01
   7.7900000e+01   3.3215604e+02  -5.4686593e+00
   7.8000000e+01   1.4156044e+01   9.3251341e+01
   7.8100000e+01   3.5156044e+01  -3.3588659e+01
   7.8200000e+01   1.5215604e+02  -3.6268659e+01
   7.8300000e+01   1.1015604e+02  -2.1588659e+01
   7.8400000e+01   1.3215604e+02  -2.4468659e+01
   7.8500000e+01   1.0815604e+02   4.1491341e+01
   7.8600000e+01   1.0515604e+02  -8.2388659e+01
   7.8700000e+01   2.8915604e+02  -5.3748659e+01
   7.8800000e+01   2.0715604e+02  -4.5468659e+01
   7.8900000e+01   1.5415604e+02  -2.3486593e+00
   7.9000000e+01   3.0515604e+02   5.1611341e+01
   7.9100000e+01   2.6156044e+01   6.6771341e+01
   7.9200000e+01   1.5515604e+02  -1.6388659e+01
   7.9300000e+01   5.7156044e+01   1.6453134e+02
   7.9400000e+01   4.0156044e+01  -3.4788659e+01
   7.9500000e+01   1.2415604e+02  -4.7148659e+01
   7.9600000e+01   3.2015604e+02   3.2011341e+01
   7.9700000e+01   2.3215604e+02   1.0531341e+01
   7.9800000e+01   9.0156044e+01  -1.8788659e+01
   7.9900000e+01   8.2156044e+01   1.2653134e+02
   8.0000000e+01   1.1415604e+02   3.7251341e+01
   8.0100000e+01   6.8156044e+01   6.8091341e+01
   8.0200000e+01   6.8156044e+01   6.9091341e+01
   8.0300000e+01   9.1560440e+00   1.1745134e+02
   8.0400000e+01   1.5115604e+02   1.1771341e+01
   8.0500000e+01   1.1156044e+01   2.3713407e+00
   8.0600000e+01  -5.3843956e+01   1.8971341e+01
   8.0700000e+01   1.0415604e+02   1.0765134e+02
   8.0800000e+01   2.2615604e+02  -2.6228659e+01
   8.0900000e+01   4.7156044e+01  -5.7068659e+01
   8.1000000e+01   9.9156044e+01   1.8851341e+01
   8.1100000e+01   1.6015604e+02  -5.9588659e+01
   8.1200000e+01   2.4315604e+02   3.3091341e+01
   8.1300000e+01   7.5156044e+01   1.2811341e+01
   8.1400000e+01   2.7715604e+02   7.3134066e-01
   8.1500000e+01   1.4156044e+01   4.1251341e+01
   8.1600000e+01   1.9415604e+02  -3.0948659e+01
   8.1700000e+01   8.1156044e+01   2.3571341e+01
   8.1800000e+01   1.1715604e+02  -1.4868659e+01
   8.1900000e+01   1.1715604e+02   7.3131341e+01
   8.2000000e+01   3.5156044e+01  -4.5886593e+00
   8.2100000e+01  -8.4395604e-01  -4.1486593e+00
   8.2200000e+01  -2.6843956e+01   2.9891341e+01
   8.2300000e+01   1.1615604e+02   4.1171341e+01
   8.2400000e+01   1.6615604e+02   8.9171341e+01
   8.2500000e+01   7.5156044e+01   9.5811341e+01
   8.2600000e+01   6.2156044e+01  -6.6686593e+00
   8.2700000e+01   1.7515604e+02   4.8811341e+01
   8.2800000e+01  -8.7843956e+01   1.9331341e+01
   8.2900000e+01   1.0315604e+02  -4.9308659e+01
   8.3000000e+01   8.3156044e+01   3.4491341e+01
   8.3100000e+01   1.6315604e+02  -1.7086593e+00
   8.3200000e+01   4.9156044e+01   6.4851341e+01
   8.3300000e+01   9.7156044e+01  -6.5068659e+01
   8.3400000e+01  -2.7843956e+01   6.9931341e+01
   8.3500000e+01   7.1560440e+00  -2.8468659e+01
   8.3600000e+01   2.1415604e+02  -2.2748659e+01
   8.3700000e+01   9.0156044e+01  -1.8788659e+01
   8.3800000e+01   2.9015604e+02   2.2211341e+01
   8.3900000e+01   1.6215604e+02   8.3313407e+00
   8.4000000e+01   4.2156044e+01  -4.8686593e+00
   8.4100000e+01   7.6156044e+01   2.2771341e+01
   8.4200000e+01   2.2915604e+02   2.4651341e+01
   8.4300000e+01   1.5815604e+02   2.1491341e+01
   8.4400000e+01   6.6156044e+01  -5.8286593e+00
   8.4500000e+01   1.7156044e+01  -1.2868659e+01
   8.4600000e+01   4.7156044e+01  -3.0686593e+00
   8.4700000e+01   2.7156044e+01  -4.2686593e+00
   8.4800000e+01   8.1156044e+01   2.5713407e+00
   8.4900000e+01   1.2415604e+02  -1.4114866e+02
   8.5000000e+01   1.0215604e+02   1.1973134e+02
   8.5100000e+01   9.7156044e+01   6.3931341e+01
   8.5200000e+01  -5.2843956e+01   5.5931341e+01
   8.5300000e+01   2.3015604e+02  -1.9388659e+01
   8.5400000e+01   1.9315604e+02   1.7091341e+01
   8.5500000e+01   1.1415604e+02  -1.3748659e+01
   8.5600000e+01   2.1715604e+02  -8.6865934e-01
   8.5700000e+01   1.4815604e+02  -4.1086593e+00
   8.5800000e+01   2.4515604e+02  -1.7988659e+01
   8.5900000e+01   2.8156044e+01   2.6691341e+01
   8.6000000e+01   9.8156044e+01   5.2891341e+01
   8.6100000e+01   1.4115604e+02  -5.6828659e+01
   8.6200000e+01   1.3515604e+02  -2.6588659e+01
   8.6300000e+01   4.1560440e+00   7.1651341e+01
   8.6400000e+01   1.0315604e+02   3.8691341e+01
   8.6500000e+01   2.0115604e+02   2.7771341e+01
   8.6600000e+01   9.4156044e+01   4.2051341e+01
   8.6700000e+01   1.9915604e+02  -4.4148659e+01
   8.6800000e+01   2.6015604e+02  -4.1588659e+01
   8.6900000e+01   1.5715604e+02  -5.0468659e+01
   8.7000000e+01   1.2115604e+02   2.9971341e+01
   8.7100000e+01   1.7315604e+02   2.7891341e+01
   8.7200000e+01   7.7156044e+01   5.0731341e+01
   8.7300000e+01   9.6156044e+01   2.4971341e+01
   8.7400000e+01   2.3415604e+02   5.4513407e+00
   8.7500000e+01   1.9715604e+02   9.3134066e-01
   8.7600000e+01   1.5415604e+02  -2.2348659e+01
   8.7700000e+01  -5.9843956e+01   1.4211341e+01
   8.7800000e+01   2.3156044e+01   1.2891341e+01
   8.7900000e+01   1.6915604e+02   2.4051341e+01
   8.8000000e+01   5.3156044e+01  -7.8308659e+01
   8.8100000e+01   4.2156044e+01   4.4131341e+01
   8.8200000e+01   1.3215604e+02   2.3531341e+01
   8.8300000e+01   2.4515604e+02  -3.0988659e+01
   8.8400000e+01  -2.7843956e+01   2.8931341e+01
   8.8500000e+01   6.3156044e+01   4.9291341e+01
   8.8600000e+01   1.5715604e+02  -3.3468659e+01
   8.8700000e+01  -7.8843956e+01  -2.8028659e+01
   8.8800000e+01   1.3515604e+02  -4.6588659e+01
   8.8900000e+01   2.3215604e+02   5.3134066e-01
   8.9000000e+01   1.2315604e+02  -6.3108659e+01
   8.9100000e+01   3.8156044e+01  -1.7086593e+00
   8.9200000e+01   6.8156044e+01  -1.0908659e+01
   8.9300000e+01   1.8715604e+02  -6.6686593e+00
   8.9400000e+01   8.2156044e+01  -1.4686593e+00
   8.9500000e+01   1.0915604e+02   4.8451341e+01
   8.9600000e+01   9.1560440e+00   3.6451341e+01
   8.9700000e+01   1.2515604e+02   3.1811341e+01
   8.9800000e+01   6.9156044e+01  -5.5948659e+01
   8.9900000e+01   1.8915604e+02  -1.0748659e+01
   9.0000000e+01   1.0156044e+01   4.3411341e+01
   9.0100000e+01   1.5815604e+02   4.2491341e+01
   9.0200000e+01   1.2915604e+02   2.3651341e+01
   9.0300000e+01   4.7156044e+01   4.1931341e+01
   9.0400000e+01   2.0615604e+02  -4.2865934e-01
   9.0500000e+01   2.7156044e+01   3.5731341e+01
   9.0600000e+01   2.8156044e+01   2.9691341e+01
   9.0700000e+01   3.2915604e+02   1.6165134e+02
   9.0800000e+01   2.1015604e+02  -3.5886593e+00
   9.0900000e+01   2.0815604e+02   4.4913407e+00
   9.1000000e+01   1.3415604e+02  -2.5486593e+00
   9.1100000e+01   4.6156044e+01   8.9713407e+00
   9.1200000e+01   1.4915604e+02  -2.4148659e+01
   9.1300000e+01   1.9315604e+02   4.5091341e+01
   9.1400000e+01   8.9156044e+01  -1.6748659e+01
   9.1500000e+01   1.3815604e+02  -3.7086593e+00
   9.1600000e+01   1.1715604e+02   1.1213134e+02
   9.1700000e+01   2.1156044e+01   5.9713407e+00
   9.1800000e+01   1.6415604e+02  -2.9748659e+01
   9.1900000e+01   1.2815604e+02  -6.6308659e+01
   9.2000000e+01   1.6315604e+02  -2.6708659e+01
   9.2100000e+01   1.2915604e+02   8.6513407e+00
   9.2200000e+01   2.1815604e+02   1.4091341e+01
   9.2300000e+01   1.0115604e+02   7.3771341e+01
   9.2400000e+01   8.0156044e+01  -1.6388659e+01
   9.2500000e+01   6.2156044e+01   5.6331341e+01
   9.2600000e+01  -1.2843956e+01   7.3313407e+00
   9.2700000e+01   1.2815604e+02  -4.6308659e+01
   9.2800000e+01   2.7156044e+01  -5.0268659e+01
   9.2900000e+01   1.1415604e+02   2.0251341e+01
   9.3000000e+01   1.7215604e+02   1.4931341e+01
   9.3100000e+01  -2.8439560e+00  -4.6068659e+01
   9.3200000e+01  -1.0984396e+02  -1.1788659e+01
   9.3300000e+01   6.1560440e+00  -2.2428659e+01
   9.3400000e+01   4.1215604e+02  -6.1668659e+01
   9.3500000e+01   1.9515604e+02  -3.2988659e+01
   9.3600000e+01   1.0615604e+02   1.8571341e+01
   9.3700000e+01   1.1215604e+02  -1.3668659e+01
   9.3800000e+01   1.0615604e+02   8.0571341e+01
   9.3900000e+01   2.2156044e+01   8.3931341e+01
   9.4000000e+01   1.5315604e+02   2.1691341e+01
   9.4100000e+01   2.0915604e+02   4.0451341e+01
   9.4200000e+01   1.8315604e+02   8.0491341e+01
   9.4300000e+01   1.0215604e+02   7.7313407e+00
   9.4400000e+01   5.2156044e+01   1.8731341e+01
   9.4500000e+01   9.1156044e+01   3.0171341e+01
   9.4600000e+01  -1.6284396e+02  -1.5668659e+01
   9.4700000e+01   9.9156044e+01  -4.7148659e+01
   9.4800000e+01   1.1215604e+02   3.0133134e+02
   9.4900000e+01   1.0915604e+02   5.0451341e+01
   9.5000000e+01   2.1156044e+01   5.9971341e+01
   9.5100000e+01   1.3715604e+02   3.0331341e+01
   9.5200000e+01   1.1415604e+02   8.5251341e+01
   9.5300000e+01   2.0115604e+02  -4.2228659e+01
   9.5400000e+01   1.3715604e+02  -4.6686593e+00
   9.5500000e+01   1.7715604e+02  -6.7268659e+01
   9.5600000e+01  -4.7843956e+01   6.4731341e+01
   9.5700000e+01   2.9915604e+02  -6.1486593e+00
   9.5800000e+01   2.6415604e+02   6.2513407e+00
   9.5900000e+01   3.1560440e+00   3.1691341e+01
   9.6000000e+01  -6.5843956e+01   1.6945134e+02
   9.6100000e+01   8.3156044e+01  -5.2508659e+01
   9.6200000e+01   1.4415604e+02   7.0513407e+00
   9.6300000e+01   1.8315604e+02   4.1491341e+01
   9.6400000e+01   1.7815604e+02   2.9691341e+01
   9.6500000e+01   9.6156044e+01   7.9713407e+00
   9.6600000e+01  -3.6843956e+01   5.2291341e+01
   9.6700000e+01   1.3215604e+02  -2.5468659e+01
   9.6800000e+01   1.8215604e+02   6.5313407e+00
   9.6900000e+01   3.7156044e+01   1.6331341e+01
   9.7000000e+01   5.6156044e+01   8.5713407e+00
   9.7100000e+01   7.1156044e+01  -3.4028659e+01
   9.7200000e+01   1.0515604e+02   2.1611341e+01
   9.7300000e+01   2.2015604e+02   9.5011341e+01
   9.7400000e+01   1.3015604e+02  -4.7388659e+01
   9.7500000e+01   2.1815604e+02  -3.3908659e+01
   9.7600000e+01   1.5515604e+02   5.4611341e+01
   9.7700000e+01   2.0156044e+01  -1.2988659e+01
   9.7800000e+01   4.1560440e+00   7.7651341e+01
   9.7900000e+01   2.5715604e+02  -3.2468659e+01
   9.8000000e+01  -1.8784396e+02   1.5331341e+01
   9.8100000e+01   9.9156044e+01   7.5851341e+01
   9.8200000e+01   6.2156044e+01   2.8331341e+01
   9.8300000e+01   1.3815604e+02  -3.3708659e+01
   9.8400000e+01   1.7015604e+02  -6.0988659e+01
   9.8500000e+01   9.4156044e+01  -8.5948659e+01
   9.8600000e+01   1.8415604e+02  -5.5548659e+01
   9.8700000e+01  -4.4843956e+01  -4.8388659e+01
   9.8800000e+01   1.7915604e+02   4.5651341e+01
   9.8900000e+01   5.3156044e+01  -4.7308659e+01
   9.9000000e+01   2.1156044e+01  -6.6028659e+01
   9.9100000e+01   8.7156044e+01   4.6331341e+01
   9.9200000e+01   2.5315604e+02  -4.7308659e+01
   9.9300000e+01   2.1415604e+02  -3.0748659e+01
   9.9400000e+01   1.6515604e+02  -6.8788659e+01
   9.9500000e+01   7.0156044e+01  -3.1988659e+01
   9.9600000e+01   8.4156044e+01  -6.3548659e+01
   9.9700000e+01   1.9015604e+02   1.1221134e+02
   9.9800000e+01   3.8156044e+01  -1.8708659e+01
   9.9900000e+01   2.9415604e+02   5.1051341e+01
   1.0000000e+02   8.9156044e+01   6.0251341e+01
   1.0010000e+02   1.0015604e+02  -7.1886593e+00
   1.0020000e+02   4.1560440e+00  -3.0348659e+01
   1.0030000e+02   1.2715604e+02   5.7313407e+00
   1.0040000e+02   1.8515604e+02   4.7411341e+01
   1.0050000e+02   1.2515604e+02   1.0081134e+02
   1.0060000e+02   7.0156044e+01   2.5011341e+01
   1.0070000e+02   1.4015604e+02   4.0211341e+01
   1.0080000e+02   2.9156044e+01   1.4365134e+02
   1.0090000e+02   3.0156044e+01   9.6113407e+00
   1.0100000e+02   3.5156044e+01   3.3411341e+01
   1.0110000e+02   9.8156044e+01  -1.5108659e+01
   1.0120000e+02   1.0515604e+02   5.8611341e+01
   1.0130000e+02   1.5515604e+02   5.8611341e+01
   1.0140000e+02   8.0156044e+01   4.7611341e+01
   1.0150000e+02   8.5156044e+01   1.8411341e+01
   1.0160000e+02   1.7615604e+02   2.6771341e+01
   1.0170000e+02  -5.8439560e+00  -2.6948659e+01
   1.0180000e+02   5.5156044e+01   5.1611341e+01
   1.0190000e+02  -6.5843956e+01   2.0451341e+01
   1.0200000e+02   4.7156044e+01  -4.2068659e+01
   1.0210000e+02   2.4156044e+01   6.8513407e+00
   1.0220000e+02  -5.7843956e+01  -1.5868659e+01
   1.0230000e+02   2.3156044e+01   7.0891341e+01
   1.0240000e+02  -1.4843956e+01  -2.2588659e+01
   1.0250000e+02   9.6156044e+01  -6.6028659e+01
   1.0260000e+02  -2.5843956e+01   4.8513407e+00
   1.0270000e+02  -2.5843956e+01  -9.1486593e+00
   1.0280000e+02  -2.4843956e+01  -6.3188659e+01
   1.0290000e+02  -1.1284396e+02  -1.2668659e+01
   1.0300000e+02  -1.4384396e+02   5.5713407e+00
   1.0310000e+02  -3.4843956e+01   6.7211341e+01
   1.0320000e+02  -8.4843956e+01   3.6211341e+01
   1.0330000e+02   2.8156044e+01   6.7691341e+01
   1.0340000e+02  -9.3843956e+01   7.3571341e+01
   1.0350000e+02  -7.2843956e+01  -6.7268659e+01
   1.0360000e+02  -7.7843956e+01  -1.0686593e+00
   1.0370000e+02  -4.2843956e+01   2.7531341e+01
   1.0380000e+02  -3.8439560e+00   1.2597134e+02
   1.0390000e+02  -1.0843956e+01  -4.3748659e+01
   1.0400000e+02   6.1156044e+01   8.1371341e+01
   1.0410000e+02  -4.8439560e+00  -5.7988659e+01
   1.0420000e+02  -2.4843956e+01  -3.4188659e+01
   1.0430000e+02  -6.9843956e+01  -3.7388659e+01
   1.0440000e+02   7.5156044e+01  -4.1886593e+00
   1.0450000e+02   1.3156044e+01   9.2913407e+00
   1.0460000e+02   1.3156044e+01   7.1291341e+01
   1.0470000e+02  -8.6843956e+01   4.2291341e+01
   1.0480000e+02   2.2615604e+02  -5.3228659e+01
   1.0490000e+02  -3.5843956e+01   1.0925134e+02
   1.0500000e+02   1.3215604e+02  -6.4468659e+01
   1.0510000e+02  -1.8784396e+02   5.0331341e+01
   1.0520000e+02   9.6156044e+01   2.1971341e+01
   1.0530000e+02  -1.7843956e+01  -6.6468659e+01
   1.0540000e+02  -1.8843956e+01  -2.8428659e+01
   1.0550000e+02  -1.2084396e+02  -4.0348659e+01
   1.0560000e+02   7.0156044e+01   1.0201134e+02
   1.0570000e+02   6.5156044e+01  -7.1788659e+01
   1.0580000e+02  -2.8843956e+01   2.3971341e+01
   1.0590000e+02   1.3156044e+01  -2.8708659e+01
   1.0600000e+02  -1.8843956e+01  -1.0142866e+02
   1.0610000e+02   7.1560440e+00  -5.5468659e+01
   1.0620000e+02  -9.2843956e+01  -6.4686593e+00
   1.0630000e+02  -7.3843956e+01  -2.6228659e+01
   1.0640000e+02  -2.1843956e+01  -1.0308659e+01
   1.0650000e+02   1.1560440e+00   6.7771341e+01
   1.0660000e+02   1.1156044e+01  -5.4628659e+01
   1.0670000e+02  -1.1984396e+02   1.2611341e+01
   1.0680000e+02  -9.8843956e+01  -5.0228659e+01
   1.0690000e+02  -5.4843956e+01  -1.3988659e+01
   1.0700000e+02   4.3156044e+01   5.0091341e+01
   1.0710000e+02  -3.1843956e+01  -6.4908659e+01
   1.0720000e+02  -1.1484396e+02  -1.5588659e+01
   1.0730000e+02   7.8156044e+01   9.6913407e+00
   1.0740000e+02  -4.9843956e+01  -5.1886593e+00
   1.0750000e+02  -6.8439560e+00   4.1091341e+01
   1.0760000e+02  -3.3843956e+01   5.4171341e+01
   1.0770000e+02   1.1515604e+02   1.1921134e+02
   1.0780000e+02  -7.4843956e+01  -3.1886593e+00
   1.0790000e+02   7.6156044e+01  -7.2286593e+00
   1.0800000e+02  -1.1484396e+02  -2.4588659e+01
   1.0810000e+02  -5.4843956e+01  -3.0988659e+01
   1.0820000e+02   4.2156044e+01  -4.2868659e+01
   1.0830000e+02   1.4156044e+01   8.6251341e+01
   1.0840000e+02   6.1156044e+01  -2.2628659e+01
   1.0850000e+02  -7.9843956e+01   2.6011341e+01
   1.0860000e+02   2.5156044e+01  -3.4188659e+01
   1.0870000e+02  -3.6843956e+01  -3.7708659e+01
   1.0880000e+02  -1.2984396e+02   1.0501134e+02
   1.0890000e+02   4.3156044e+01   2.5091341e+01
   1.0900000e+02   9.1156044e+01  -5.6828659e+01
   1.0910000e+02  -4.4843956e+01  -6.7388659e+01
   1.0920000e+02  -7.7843956e+01   4.4931341e+01
   1.0930000e+02  -2.6843956e+01  -7.5108659e+01
   1.0940000e+02  -4.6843956e+01   3.5691341e+01
   1.0950000e+02  -1.5284396e+02  -6.0068659e+01
   1.0960000e+02  -7.9843956e+01  -4.7988659e+01
   1.0970000e+02  -9.4843956e+01   3.0611341e+01
   1.0980000e+02  -8.2843956e+01  -4.5868659e+01
   1.0990000e+02  -1.1084396e+02  -3.1748659e+01
   1.1000000e+02   4.1560440e+00   3.7651341e+01
   1.1010000e+02  -1.3384396e+02   1.9171341e+01
   1.1020000e+02   6.7156044e+01  -3.6868659e+01
   1.1030000e+02  -5.7843956e+01   6.2131341e+01
   1.1040000e+02   8.8156044e+01  -9.9708659e+01
   1.1050000e+02  -7.5843956e+01   1.0785134e+02
   1.1060000e+02  -3.2843956e+01  -1.5868659e+01
   1.1070000e+02  -4.0843956e+01  -4.3548659e+01
   1.1080000e+02   9.2156044e+01  -2.9868659e+01
   1.1090000e+02  -1.2384396e+02   4.1771341e+01
   1.1100000e+02  -1.3184396e+02  -2.9086593e+00
   1.1110000e+02   8.4156044e+01  -1.9548659e+01
   1.1120000e+02  -3.1843956e+01   4.4091341e+01
   1.1130000e+02   9.6156044e+01  -2.0028659e+01
   1.1140000e+02   3.1560440e+00  -3.2308659e+01
   1.1150000e+02  -7.7843956e+01   4.9931341e+01
   1.1160000e+02   9.1560440e+00  -3.2548659e+01
   1.1170000e+02   5.8156044e+01   3.5491341e+01
   1.1180000e+02  -1.8843956e+01   5.9571341e+01
   1.1190000e+02  -2.5843956e+01  -6.4148659e+01
   1.1200000e+02   1.8156044e+01   5.9091341e+01
   1.1210000e+02   5.2156044e+01  -7.2686593e+00
   1.1220000e+02   2.1560440e+00  -1.9268659e+01
   1.1230000e+02   9.5156044e+01  -1.2988659e+01
   1.1240000e+02   6.0156044e+01  -2.3588659e+01
   1.1250000e+02  -8.4395604e-01  -8.7148659e+01
   1.1260000e+02  -5.8843956e+01  -2.6828659e+01
   1.1270000e+02  -4.1843956e+01   4.9134066e-01
   1.1280000e+02   1.1315604e+02  -5.4708659e+01
   1.1290000e+02  -6.5843956e+01   7.9451341e+01
   1.1300000e+02   5.9156044e+01  -2.7548659e+01
   1.1310000e+02  -6.0843956e+01  -5.7748659e+01
   1.1320000e+02  -5.6843956e+01  -1.5908659e+01
   1.1330000e+02  -1.0884396e+02  -1.5828659e+01
   1.1340000e+02  -3.5843956e+01  -2.3748659e+01
   1.1350000e+02   1.8815604e+02   6.8291341e+01
   1.1360000e+02   7.6156044e+01   6.2771341e+01
   1.1370000e+02   8.6156044e+01   3.5371341e+01
   1.1380000e+02  -1.3584396e+02  -1.7486593e+00
   1.1390000e+02  -1.1084396e+02  -9.7486593e+00
   1.1400000e+02  -1.6843956e+01  -2.7508659e+01
   1.1410000e+02  -8.5843956e+01  -3.1748659e+01
   1.1420000e+02  -2.8439560e+00   3.9313407e+00
   1.1430000e+02   1.0615604e+02   1.2571341e+01
   1.1440000e+02  -5.8843956e+01  -8.2865934e-01
   1.1450000e+02  -6.1843956e+01   4.7291341e+01
   1.1460000e+02  -4.6843956e+01   3.1691341e+01
   1.1470000e+02   2.1156044e+01  -6.1028659e+01
   1.1480000e+02   7.6156044e+01   4.5771341e+01
   1.1490000e+02   9.1560440e+00  -4.5548659e+01
   1.1500000e+02  -1.5084396e+02   2.8851341e+01
   1.1510000e+02  -8.8439560e+00  -2.5828659e+01
   1.1520000e+02  -1.9843956e+01  -1.6388659e+01
   1.1530000e+02   1.4815604e+02   5.8913407e+00
   1.1540000e+02  -5.3843956e+01  -3.3028659e+01
   1.1550000e+02   2.4156044e+01   1.5851341e+01
   1.1560000e+02   6.4156044e+01  -3.7486593e+00
   1.1570000e+02  -4.4843956e+01   4.4611341e+01
   1.1580000e+02   6.6156044e+01  -8.8286593e+00
   1.1590000e+02   9.4156044e+01  -2.0948659e+01
   1.1600000e+02   5.5156044e+01  -6.8388659e+01
   1.1610000e+02   5.1156044e+01  -2.0228659e+01
   1.1620000e+02  -1.7843956e+01   4.7531341e+01
   1.1630000e+02  -2.5843956e+01  -1.3148659e+01
   1.1640000e+02   2.2156044e+01  -5.6068659e+01
   1.1650000e+02  -4.3843956e+01  -8.0428659e+01
   1.1660000e+02  -2.3843956e+01  -4.2286593e+00
   1.1670000e+02  -7.9843956e+01  -7.4988659e+01
   1.1680000e+02  -2.2843956e+01  -1.7268659e+01
   1.1690000e+02  -4.9843956e+01  -5.8188659e+01
   1.1700000e+02  -1.0843956e+01  -2.3748659e+01
   1.1710000e+02  -4.2843956e+01  -7.2468659e+01
   1.1720000e+02   1.0215604e+02   4.9731341e+01
   1.1730000e+02  -1.0784396e+02   1.2131341e+01
   1.1740000e+02   1.4215604e+02   1.5131341e+01
   1.1750000e+02   6.1560440e+00  -1.0642866e+02
   1.1760000e+02   2.2156044e+01   6.1931341e+01
   1.1770000e+02  -9.0843956e+01  -9.5486593e+00
   1.1780000e+02  -7.8439560e+00  -5.8686593e+00
   1.1790000e+02  -3.8843956e+01  -4.2628659e+01
   1.1800000e+02   2.4156044e+01  -6.6148659e+01
   1.1810000e+02   1.4715604e+02   3.4931341e+01
   1.1820000e+02   5.6156044e+01   6.0571341e+01
   1.1830000e+02  -2.9843956e+01   9.5011341e+01
   1.1840000e+02   2.5156044e+01   9.8113407e+00
   1.1850000e+02   1.1560440e+00  -3.5228659e+01
   1.1860000e+02   1.4156044e+01  -1.7486593e+00
   1.1870000e+02   1.3156044e+01  -8.7708659e+01
   1.1880000e+02  -4.4843956e+01  -4.3886593e+00
   1.1890000e+02  -1.3184396e+02   5.0091341e+01
   1.1900000e+02  -3.1843956e+01  -3.9086593e+00
   1.1910000e+02  -1.4984396e+02   8.4811341e+01
   1.1920000e+02   8.2156044e+01  -8.4686593e+00
   1.1930000e+02  -2.3843956e+01  -2.7228659e+01
   1.1940000e+02  -1.2284396e+02  -5.0268659e+01
   1.1950000e+02   5.8156044e+01   2.3491341e+01
   1.1960000e+02   5.6156044e+01  -6.7428659e+01
   1.1970000e+02   4.7156044e+01   4.2931341e+01
   1.1980000e+02   4.3156044e+01   4.5091341e+01
   1.1990000e+02   1.0156044e+01   3.1411341e+01
   1.2000000e+02  -1.0084396e+02  -6.1148659e+01
   1.2010000e+02   4.1156044e+01   9.1171341e+01
   1.2020000e+02  -5.5843956e+01   2.9051341e+01
   1.2030000e+02  -7.9843956e+01   4.0113407e+00
   1.2040000e+02   2.1560440e+00  -3.1268659e+01
   1.2050000e+02  -5.8439560e+00   6.9051341e+01
   1.2060000e+02  -6.0843956e+01  -8.7748659e+01
   1.2070000e+02  -1.1384396e+02  -6.9628659e+01
   1.2080000e+02   5.8156044e+01  -4.5086593e+00
   1.2090000e+02   6.8156044e+01  -6.9086593e+00
   1.2100000e+02  -2.9843956e+01   1.4011341e+01
   1.2110000e+02   9.0156044e+01  -9.5788659e+01
   1.2120000e+02   1.3515604e+02   7.7411341e+01
   1.2130000e+02  -5.0843956e+01   7.8513407e+00
   1.2140000e+02  -1.2484396e+02  -1.3188659e+01
   1.2150000e+02  -3.1843956e+01  -4.3908659e+01
   1.2160000e+02  -6.0843956e+01  -5.3748659e+01
   1.2170000e+02   2.1560440e+00   3.8731341e+01
   1.2180000e+02  -6.6843956e+01   2.8491341e+01
   1.2190000e+02   5.1560440e+00   2.9611341e+01
   1.2200000e+02  -5.8439560e+00  -5.0948659e+01
   1.2210000e+02   3.1560440e+00  -6.1308659e+01
   1.2220000e+02   1.7815604e+02  -1.2308659e+01
   1.2230000e+02  -2.6843956e+01  -1.1086593e+00
   1.2240000e+02  -8.0843956e+01   6.0513407e+00
   1.2250000e+02   6.7156044e+01   1.2813134e+02
   1.2260000e+02  -4.8439560e+00  -4.8988659e+01
   1.2270000e+02  -7.5843956e+01  -7.9148659e+01
   1.2280000e+02   3.7156044e+01   2.2331341e+01
   1.2290000e+02   5.5156044e+01   2.4611341e+01
   1.2300000e+02  -5.6843956e+01  -5.9086593e+00
   1.2310000e+02   4.9156044e+01  -2.3148659e+01
   1.2320000e+02  -1.1843956e+01  -9.7086593e+00
   1.2330000e+02  -5.4843956e+01   2.9011341e+01
   1.2340000e+02   4.5156044e+01  -5.8988659e+01
   1.2350000e+02  -1.2784396e+02  -3.0686593e+00
   1.2360000e+02   1.4156044e+01  -5.5748659e+01
   1.2370000e+02  -1.7843956e+01  -3.3468659e+01
   1.2380000e+02   5.3156044e+01  -7.8308659e+01
   1.2390000e+02   1.0715604e+02   6.2531341e+01
   1.2400000e+02  -1.2684396e+02  -1.6108659e+01
   1.2410000e+02  -3.8843956e+01   2.6371341e+01
   1.2420000e+02   1.3615604e+02  -4.6286593e+00
   1.2430000e+02   1.6015604e+02   2.4411341e+01
   1.2440000e+02  -1.6384396e+02   3.2371341e+01
   1.2450000e+02   1.5215604e+02   4.5731341e+01
   1.2460000e+02  -1.1284396e+02  -9.1668659e+01
   1.2470000e+02   1.1615604e+02  -8.8286593e+00
   1.2480000e+02  -7.9843956e+01  -6.9886593e+00
   1.2490000e+02  -5.3843956e+01   2.4971341e+01
   1.2500000e+02   3.1560440e+00   8.0691341e+01
   1.2510000e+02  -4.0843956e+01   3.4513407e+00
   1.2520000e+02   3.7156044e+01  -8.9668659e+01
   1.2530000e+02  -7.8439560e+00  -7.8868659e+01
   1.2540000e+02  -2.5843956e+01  -2.0148659e+01
   1.2550000e+02   1.4315604e+02   1.3091341e+01
   1.2560000e+02   1.4015604e+02  -3.4788659e+01
   1.2570000e+02  -4.2843956e+01   6.6531341e+01
   1.2580000e+02  -4.2843956e+01   5.5313407e+00
   1.2590000e+02  -3.3843956e+01   7.1713407e+00
   1.2600000e+02  -2.5843956e+01  -3.4148659e+01
   1.2610000e+02  -3.8843956e+01  -4.3628659e+01
   1.2620000e+02   1.1560440e+00  -3.2286593e+00
   1.2630000e+02  -7.7843956e+01   9.7931341e+01
   1.2640000e+02   3.6156044e+01   8.3371341e+01
   1.2650000e+02   3.5156044e+01  -2.7588659e+01
   1.2660000e+02  -1.3584396e+02   6.7251341e+01
   1.2670000e+02   8.1560440e+00  -4.0508659e+01
   1.2680000e+02  -4.0843956e+01   8.3451341e+01
   1.2690000e+02  -8.0843956e+01   1.7051341e+01
   1.2700000e+02  -1.5284396e+02   1.9313407e+00
   1.2710000e+02   1.0015604e+02  -6.0188659e+01
   1.2720000e+02   4.5156044e+01  -2.1988659e+01
   1.2730000e+02  -9.4843956e+01  -3.4388659e+01
   1.2740000e+02  -2.7843956e+01   1.9931341e+01
   1.2750000e+02   9.4156044e+01  -1.1494866e+02
   1.2760000e+02  -1.2843956e+01   4.0331341e+01
   1.2770000e+02   1.8915604e+02  -4.3748659e+01
   1.2780000e+02   1.0515604e+02  -2.3886593e+00
   1.2790000e+02  -4.9843956e+01  -7.9188659e+01
   1.2800000e+02   3.4156044e+01  -4.6548659e+01
   1.2810000e+02   1.7415604e+02  -1.6148659e+01
   1.2820000e+02   4.3156044e+01  -2.6908659e+01
   1.2830000e+02  -1.8843956e+01  -6.4286593e+00
   1.2840000e+02  -6.5843956e+01   2.3451341e+01
   1.2850000e+02   2.5156044e+01   1.8113407e+00
   1.2860000e+02  -1.1684396e+02  -5.1508659e+01
   1.2870000e+02  -4.2843956e+01  -4.2468659e+01
   1.2880000e+02  -4.8843956e+01   2.6771341e+01
   1.2890000e+02  -4.7843956e+01   8.5731341e+01
   1.2900000e+02   8.9156044e+01  -2.6748659e+01
   1.2910000e+02  -2.1843956e+01  -4.4308659e+01
   1.2920000e+02   5.0156044e+01   8.1134066e-01
   1.2930000e+02   1.4715604e+02   2.9313407e+00
   1.2940000e+02   3.9156044e+01   6.3251341e+01
   1.2950000e+02  -5.2843956e+01  -4.0686593e+00
   1.2960000e+02  -5.1843956e+01  -2.5108659e+01
   1.2970000e+02  -1.9843956e+01   3.8611341e+01
   1.2980000e+02  -1.6384396e+02   1.2371341e+01
   1.2990000e+02   2.7156044e+01   8.5731341e+01
   1.3000000e+02   5.6156044e+01   9.6571341e+01
   1.3010000e+02   1.0215604e+02   1.7313407e+00
   1.3020000e+02  -1.4484396e+02   8.2611341e+01
   1.3030000e+02   1.4215604e+02   6.5131341e+01
   1.3040000e+02  -1.8439560e+00  -5.2108659e+01
   1.3050000e+02   1.5156044e+01   4.8211341e+01
   1.3060000e+02  -7.8439560e+00   1.6131341e+01
   1.3070000e+02  -9.0843956e+01   6.9451341e+01
   1.3080000e+02   1.8215604e+02   3.1531341e+01
   1.3090000e+02   3.9156044e+01   3.0251341e+01
   1.3100000e+02   1.6156044e+01  -2.6828659e+01
   1.3110000e+02   6.9156044e+01   2.3051341e+01
   1.3120000e+02  -7.2843956e+01   3.5731341e+01
   1.3130000e+02  -3.4843956e+01  -2.9788659e+01
   1.3140000e+02   1.5156044e+01  -9.7886593e+00
   1.3150000e+02  -1.7843956e+01   2.1531341e+01
   1.3160000e+02   5.1156044e+01   9.7713407e+00
   1.3170000e+02  -5.3843956e+01  -2.7028659e+01
   1.3180000e+02   1.0156044e+01   2.4113407e+00
   1.3190000e+02   3.8156044e+01  -2.2708659e+01
   1.3200000e+02  -9.9843956e+01  -3.8188659e+01
   1.3210000e+02  -2.9843956e+01   3.3011341e+01
   1.3220000e+02  -1.2284396e+02   4.7313407e+00
   1.3230000e+02   1.5156044e+01  -7.9788659e+01
   1.3240000e+02   8.1560440e+00  -4.8508659e+01
   1.3250000e+02  -4.4843956e+01   2.4611341e+01
   1.3260000e+02   1.5604396e-01  -4.0188659e+01
   1.3270000e+02  -8.8439560e+00  -3.6828659e+01
   1.3280000e+02  -6.9843956e+01  -7.5388659e+01
   1.3290000e+02   2.3015604e+02  -1.0538866e+02
   1.3300000e+02  -1.1084396e+02   4.4251341e+01
   1.3310000e+02  -2.1843956e+01   6.6913407e+00
   1.3320000e+02  -9.9843956e+01  -4.5188659e+01
   1.3330000e+02  -3.2843956e+01   1.2131341e+01
   1.3340000e+02   4.2156044e+01   6.9131341e+01
   1.3350000e+02   2.9156044e+01  -1.5348659e+01
   1.3360000e+02   1.1315604e+02   5.2913407e+00
   1.3370000e+02   6.1560440e+00  -5.1428659e+01
   1.3380000e+02  -3.2843956e+01  -9.8686593e+00
   1.3390000e+02  -8.0843956e+01  -1.1694866e+02
   1.3400000e+02  -9.0843956e+01  -1.5486593e+00
   1.3410000e+02   8.3156044e+01  -6.5086593e+00
   1.3420000e+02  -3.0843956e+01  -6.6948659e+01
   1.3430000e+02  -2.8984396e+02   1.2411341e+01
   1.3440000e+02   1.4415604e+02  -4.1948659e+01
   1.3450000e+02   1.2515604e+02  -9.4188659e+01
   1.3460000e+02   2.8156044e+01  -6.7308659e+01
   1.3470000e+02  -2.9843956e+01   3.0113407e+00
   1.3480000e+02  -5.3843956e+01  -5.2028659e+01
   1.3490000e+02  -1.6184396e+02   1.4429134e+02
   1.3500000e+02  -8.8843956e+01   2.0371341e+01
   1.3510000e+02  -1.6843956e+01   2.1491341e+01
   1.3520000e+02   1.5915604e+02   1.3451341e+01
   1.3530000e+02  -4.1843956e+01  -7.5086593e+00
   1.3540000e+02   2.1156044e+01   6.7971341e+01
   1.3550000e+02   5.7156044e+01   2.8531341e+01
   1.3560000e+02  -7.8843956e+01  -5.0286593e+00
   1.3570000e+02   3.0156044e+01  -2.2388659e+01
   1.3580000e+02   3.2156044e+01  -3.9468659e+01
   1.3590000e+02  -4.0843956e+01  -4.5486593e+00
   1.3600000e+02   1.0156044e+01   7.6411341e+01
   1.3610000e+02  -7.4843956e+01   5.0811341e+01
   1.3620000e+02   4.1560440e+00  -3.4348659e+01
   1.3630000e+02  -9.1843956e+01   8.4913407e+00
   1.3640000e+02  -1.5384396e+02  -3.4028659e+01
   1.3650000e+02   3.5156044e+01  -3.7588659e+01
   1.3660000e+02   1.5604396e-01  -5.0188659e+01
   1.3670000e+02  -3.7843956e+01   4.9331341e+01
   1.3680000e+02  -2.1843956e+01   7.8691341e+01
   1.3690000e+02   4.7156044e+01  -2.9068659e+01
   1.3700000e+02  -7.7843956e+01   7.2931341e+01
   1.3710000e+02  -1.1184396e+02  -7.7708659e+01
   1.3720000e+02  -1.8843956e+01  -3.5428659e+01
   1.3730000e+02   3.4156044e+01  -5.2548659e+01
   1.3740000e+02  -7.8843956e+01   2.9971341e+01
   1.3750000e+02   3.8156044e+01  -5.6708659e+01
   1.3760000e+02  -8.1843956e+01   4.2091341e+01
   1.3770000e+02   1.6015604e+02  -2.9588659e+01
   1.3780000e+02   1.6156044e+01  -1.4828659e+01
   1.3790000e+02  -9.9843956e+01  -3.6188659e+01
   1.3800000e+02   8.7156044e+01  -1.6668659e+01
   1.3810000e+02  -4.7843956e+01  -8.0268659e+01
   1.3820000e+02  -1.5284396e+02  -3.3068659e+01
   1.3830000e+02  -1.3284396e+02   2.3131341e+01
   1.3840000e+02   5.3156044e+01  -2.3086593e+00
   1.3850000e+02  -8.8439560e+00   2.6171341e+01
   1.3860000e+02  -2.0184396e+02  -2.1108659e+01
   1.3870000e+02  -8.4395604e-01  -8.1486593e+00
   1.3880000e+02   1.5215604e+02  -2.1268659e+01
   1.3890000e+02   2.4115604e+02  -3.1828659e+01
   1.3900000e+02  -1.4684396e+02   6.6913407e+00
   1.3910000e+02   1.0156044e+01  -3.0588659e+01
   1.3920000e+02   3.1560440e+00  -7.8308659e+01
   1.3930000e+02   1.1560440e+00   6.7713407e+00
   1.3940000e+02  -7.8843956e+01   5.4971341e+01
   1.3950000e+02   4.4156044e+01  -1.0948659e+01
   1.3960000e+02  -9.0843956e+01  -2.8548659e+01
   1.3970000e+02  -9.6843956e+01  -3.6308659e+01
   1.3980000e+02  -5.8439560e+00  -2.9948659e+01
   1.3990000e+02  -4.0843956e+01   1.2451341e+01
   1.4000000e+02   1.0415604e+02  -7.7348659e+01
   1.4010000e+02  -4.8439560e+00  -5.0988659e+01
   1.4020000e+02  -2.3843956e+01  -2.7228659e+01
   1.4030000e+02   4.2156044e+01  -3.8868659e+01
   1.4040000e+02   9.2156044e+01   7.1313407e+00
   1.4050000e+02   6.6156044e+01   9.1713407e+00
   1.4060000e+02  -6.8843956e+01   5.7134066e-01
   1.4070000e+02   3.3156044e+01   8.7491341e+01
   1.4080000e+02   1.6015604e+02   9.4411341e+01
   1.4090000e+02   9.7156044e+01   1.6931341e+01
   1.4100000e+02   4.6156044e+01  -4.5028659e+01
   1.4110000e+02  -3.4843956e+01   6.6211341e+01
   1.4120000e+02   5.9156044e+01   6.4451341e+01
   1.4130000e+02   1.1515604e+02   1.1121134e+02
   1.4140000e+02  -8.2843956e+01  -7.8686593e+00
   1.4150000e+02  -5.4843956e+01   1.1340659e-02
   1.4160000e+02   2.5156044e+01   3.8113407e+00
   1.4170000e+02   1.1215604e+02   1.0331341e+01
   1.4180000e+02   2.4156044e+01  -3.1148659e+01
   1.4190000e+02  -5.5843956e+01   1.1305134e+02
   1.4200000e+02  -1.6843956e+01  -1.9508659e+01
   1.4210000e+02   1.2115604e+02  -6.7028659e+01
   1.4220000e+02  -4.7843956e+01   1.7731341e+01
   1.4230000e+02   4.3156044e+01  -9.4908659e+01
   1.4240000e+02   1.1515604e+02   5.1211341e+01
   1.4250000e+02   3.1156044e+01   6.6571341e+01
   1.4260000e+02   5.2156044e+01  -7.2686593e+00
   1.4270000e+02   3.3156044e+01   1.2749134e+02
   1.4280000e+02   1.4915604e+02  -3.2148659e+01
   1.4290000e+02   1.7515604e+02   3.0811341e+01
   1.4300000e+02   2.6156044e+01   1.4477134e+02
   1.4310000e+02   7.0156044e+01  -7.9886593e+00
   1.4320000e+02  -1.1843956e+01  -5.8708659e+01
   1.4330000e+02  -1.5984396e+02  -2.3788659e+01
   1.4340000e+02   1.7315604e+02   9.2891341e+01
   1.4350000e+02  -7.5843956e+01   4.5851341e+01
   1.4360000e+02   1.1156044e+01  -1.1628659e+01
   1.4370000e+02  -3.8439560e+00   3.8971341e+01
   1.4380000e+02   4.9156044e+01   6.4851341e+01
   1.4390000e+02   6.1156044e+01   4.8371341e+01
   1.4400000e+02   1.5604396e-01   6.1811341e+01
   1.4410000e+02  -1.8843956e+01  -3.8428659e+01
   1.4420000e+02  -1.8439560e+00   7.6891341e+01
   1.4430000e+02   9.2156044e+01  -1.3868659e+01
   1.4440000e+02  -4.8843956e+01   1.7713407e+00
   1.4450000e+02  -2.0843956e+01   3.6513407e+00
   1.4460000e+02  -1.3484396e+02  -1.7788659e+01
   1.4470000e+02  -1.3843956e+01  -2.2628659e+01
   1.4480000e+02   2.9156044e+01   1.0565134e+02
   1.4490000e+02  -7.4843956e+01   5.7811341e+01
   1.4500000e+02  -7.4843956e+01  -3.8188659e+01
   1.4510000e+02  -1.4884396e+02   2.3477134e+02
   1.4520000e+02  -5.0843956e+01   3.6851341e+01
   1.4530000e+02   8.9156044e+01  -1.0574866e+02
   1.4540000e+02   1.1560440e+00   4.5771341e+01
   1.4550000e+02  -1.2843956e+01  -6.6686593e+00
   1.4560000e+02  -5.6843956e+01  -6.9086593e+00
   1.4570000e+02  -4.2843956e+01   3.5313407e+00
   1.4580000e+02   1.5604396e-01  -7.1886593e+00
   1.4590000e+02   5.7156044e+01  -6.9468659e+01
   1.4600000e+02   1.7156044e+01  -2.5868659e+01
   1.4610000e+02  -1.1184396e+02  -1.2708659e+01
   1.4620000e+02  -9.0843956e+01   3.4451341e+01
   1.4630000e+02  -8.6843956e+01  -3.0708659e+01
   1.4640000e+02   2.3156044e+01  -4.8108659e+01
   1.4650000e+02   1.6156044e+01   5.1713407e+00
   1.4660000e+02  -1.8843956e+01  -5.8428659e+01
   1.4670000e+02  -8.4395604e-01  -9.7148659e+01
   1.4680000e+02  -1.8843956e+01   2.2571341e+01
   1.4690000e+02  -4.8439560e+00  -2.4988659e+01
   1.4700000e+02  -3.5843956e+01  -4.7486593e+00
   1.4710000e+02  -1.9584396e+02  -4.1348659e+01
   1.4720000e+02  -8.4843956e+01  -7.7788659e+01
   1.4730000e+02   4.1156044e+01   7.1713407e+00
   1.4740000e+02   1.8715604e+02  -4.9668659e+01
   1.4750000e+02  -1.1284396e+02   9.3331341e+01
   1.4760000e+02   4.7156044e+01  -4.6068659e+01
   1.4770000e+02  -9.1843956e+01  -2.5086593e+00
   1.4780000e+02   2.6156044e+01   4.7713407e+00
   1.4790000e+02   3.7156044e+01  -8.6686593e+00
   1.4800000e+02  -1.2843956e+01   3.3331341e+01
   1.4810000e+02   1.0815604e+02  -1.3508659e+01
   1.4820000e+02  -1.4843956e+01  -6.1588659e+01
   1.4830000e+02  -1.3084396e+02  -5.9486593e+00
   1.4840000e+02  -9.6843956e+01   1.9691341e+01
   1.4850000e+02   2.1156044e+01  -3.8028659e+01
   1.4860000e+02  -1.3843956e+01   8.3371341e+01
   1.4870000e+02  -1.1884396e+02   5.9571341e+01
   1.4880000e+02  -7.6843956e+01  -7.1086593e+00
   1.4890000e+02  -1.8843956e+01   4.3571341e+01
   1.4900000e+02  -4.8439560e+00   2.5011341e+01
   1.4910000e+02  -4.8439560e+00   1.2011341e+01
   1.4920000e+02  -2.8843956e+01   8.9713407e+00
   1.4930000e+02  -1.7484396e+02  -5.1188659e+01
   1.4940000e+02  -1.4843956e+01  -4.9588659e+01
   1.4950000e+02  -2.8439560e+00   2.6931341e+01
   1.4960000e+02   2.1560440e+00  -1.2686593e+00
   1.4970000e+02  -4.7843956e+01  -3.2268659e+01
   1.4980000e+02   1.9156044e+01  -2.6948659e+01
   1.4990000e+02   1.1156044e+01   3.5371341e+01
   1.5000000e+02  -5.8843956e+01  -9.8828659e+01
   1.5010000e+02  -1.5843956e+01  -8.7548659e+01
   1.5020000e+02  -8.1843956e+01  -1.9086593e+00
   1.5030000e+02  -1.2784396e+02   5.6931341e+01
   1.5040000e+02   9.4156044e+01  -1.9948659e+01
   1.5050000e+02   3.8156044e+01  -3.7708659e+01
   1.5060000e+02   5.2156044e+01   7.4731341e+01
   1.5070000e+02  -9.5843956e+01  -1.8348659e+01
   1.5080000e+02   2.1156044e+01   3.1971341e+01
   1.5090000e+02   4.3156044e+01  -4.6908659e+01
   1.5100000e+02  -1.3584396e+02   8.9251341e+01
   1.5110000e+02   4.7156044e+01   5.7931341e+01
   1.5120000e+02   1.7156044e+01   8.1313407e+00
   1.5130000e+02   2.0915604e+02  -1.1548659e+01
   1.5140000e+02  -7.1843956e+01   3.4691341e+01
   1.5150000e+02  -1.6884396e+02   3.0571341e+01
   1.5160000e+02  -3.1843956e+01   3.0913407e+00
   1.5170000e+02   3.6156044e+01  -4.3628659e+01
   1.5180000e+02   8.8156044e+01   1.8291341e+01
   1.5190000e+02  -1.2084396e+02  -3.7348659e+01
   1.5200000e+02   1.0715604e+02  -5.2468659e+01
   1.5210000e+02  -3.2843956e+01  -2.6868659e+01
   1.5220000e+02  -7.6843956e+01  -1.0865934e-01
   1.5230000e+02  -3.1843956e+01   2.2091341e+01
   1.5240000e+02  -6.5843956e+01  -7.4548659e+01
   1.5250000e+02  -1.7184396e+02  -1.3308659e+01
   1.5260000e+02  -3.2843956e+01  -1.7868659e+01
   1.5270000e+02  -3.8843956e+01   3.3713407e+00
   1.5280000e+02  -1.1584396e+02  -9.5548659e+01
   1.5290000e+02  -1.5843956e+01  -3.3548659e+01
   1.5300000e+02  -2.5843956e+01   5.5851341e+01
   1.5310000e+02   3.0156044e+01  -8.8388659e+01
   1.5320000e+02  -1.2584396e+02   1.1851341e+01
   1.5330000e+02   6.9156044e+01  -6.5948659e+01
   1.5340000e+02   7.1560440e+00   1.0531341e+01
   1.5350000e+02  -1.1884396e+02  -1.4428659e+01
   1.5360000e+02  -2.4843956e+01  -1.5188659e+01
   1.5370000e+02  -9.8439560e+00   3.5211341e+01
   1.5380000e+02  -6.8439560e+00  -4.6908659e+01
   1.5390000e+02  -1.0284396e+02  -1.6068659e+01
   1.5400000e+02  -1.1084396e+02  -1.0748659e+01
   1.5410000e+02  -4.8843956e+01   3.2771341e+01
   1.5420000e+02  -1.1884396e+02   9.5713407e+00
   1.5430000e+02   5.2156044e+01  -7.2268659e+01
   1.5440000e+02   9.4156044e+01   8.0513407e+00
   1.5450000e+02  -9.7843956e+01   7.7313407e+00
   1.5460000e+02  -1.5084396e+02  -4.3148659e+01
   1.5470000e+02  -3.1843956e+01  -6.9908659e+01
   1.5480000e+02  -1.2784396e+02   3.5931341e+01
   1.5490000e+02   1.9015604e+02   6.2211341e+01
   1.5500000e+02  -1.4843956e+01  -9.6588659e+01
   1.5510000e+02   7.9156044e+01   2.6651341e+01
   1.5520000e+02  -4.8843956e+01   2.2771341e+01
   1.5530000e+02   8.1156044e+01  -4.4286593e+00
   1.5540000e+02  -1.1484396e+02   3.2411341e+01
   1.5550000e+02   8.8156044e+01   2.1291341e+01
   1.5560000e+02   1.5156044e+01   7.2211341e+01
   1.5570000e+02   1.3156044e+01  -7.9708659e+01
   1.5580000e+02  -5.7843956e+01  -5.8868659e+01
   1.5590000e+02   8.8156044e+01   1.4291341e+01
   1.5600000e+02  -5.0843956e+01  -7.6148659e+01
   1.5610000e+02   2.9156044e+01  -1.2348659e+01
   1.5620000e+02   2.3215604e+02  -3.9468659e+01
   1.5630000e+02   2.1315604e+02   3.2913407e+00
   1.5640000e+02   1.1560440e+00  -4.1228659e+01
   1.5650000e+02   2.7156044e+01   1.6731341e+01
   1.5660000e+02   2.5156044e+01   5.0811341e+01
   1.5670000e+02   4.6156044e+01  -3.7028659e+01
   1.5680000e+02  -3.3843956e+01   1.3171341e+01
   1.5690000e+02   8.7156044e+01  -4.1668659e+01
   1.5700000e+02  -4.1843956e+01   4.5491341e+01
   1.5710000e+02  -6.2843956e+01   1.6331341e+01
   1.5720000e+02  -2.7843956e+01   6.6931341e+01
   1.5730000e+02  -6.1843956e+01   6.2913407e+00
   1.5740000e+02   7.7156044e+01  -2.1268659e+01
   1.5750000e+02   4.7156044e+01   3.6931341e+01
   1.5760000e+02   1.0156044e+01   1.4113407e+00
   1.5770000e+02  -1.2843956e+01  -5.3668659e+01
   1.5780000e+02   1.1415604e+02   1.2251341e+01
   1.5790000e+02  -3.6843956e+01   4.2913407e+00
   1.5800000e+02   1.2315604e+02   6.2891341e+01
   1.5810000e+02   1.3115604e+02   3.5571341e+01
   1.5820000e+02   4.1156044e+01  -1.3828659e+01
   1.5830000e+02   1.7315604e+02   6.8913407e+00
   1.5840000e+02  -9.1843956e+01   1.1491341e+01
   1.5850000e+02   8.1560440e+00   3.1491341e+01
   1.5860000e+02   1.2615604e+02   5.7713407e+00
   1.5870000e+02   1.4515604e+02   9.0113407e+00
   1.5880000e+02   1.2615604e+02  -7.6228659e+01
   1.5890000e+02  -1.5084396e+02  -4.1148659e+01
   1.5900000e+02   5.1560440e+00  -7.2388659e+01
   1.5910000e+02  -1.6843956e+01  -4.0508659e+01
   1.5920000e+02   6.5156044e+01   5.8211341e+01
   1.5930000e+02   7.9156044e+01  -9.3486593e+00
   1.5940000e+02   1.3156044e+01   3.0291341e+01
   1.5950000e+02   9.8156044e+01  -7.1086593e+00
   1.5960000e+02  -1.8439560e+00   6.1891341e+01
   1.5970000e+02   3.8156044e+01  -4.2708659e+01
   1.5980000e+02  -8.2843956e+01  -4.3868659e+01
   1.5990000e+02  -4.6843956e+01  -2.9308659e+01
   1.6000000e+02  -3.6843956e+01   1.0529134e+02
   1.6010000e+02   7.5156044e+01   4.4811341e+01
   1.6020000e+02  -8.2843956e+01   4.4131341e+01
   1.6030000e+02   1.5604396e-01   8.1134066e-01
   1.6040000e+02   2.3156044e+01   6.6891341e+01
   1.6050000e+02   9.3156044e+01  -8.3908659e+01
   1.6060000e+02   1.5156044e+01  -9.5788659e+01
   1.6070000e+02  -1.3284396e+02   4.8131341e+01
   1.6080000e+02  -6.9843956e+01   2.3611341e+01
   1.6090000e+02  -9.9843956e+01   8.0811341e+01
   1.6100000e+02   8.0156044e+01   1.0761134e+02
   1.6110000e+02   9.1560440e+00  -3.0548659e+01
   1.6120000e+02   1.2315604e+02  -3.5108659e+01
   1.6130000e+02  -1.5484396e+02   1.7011341e+01
   1.6140000e+02   1.3815604e+02   3.2913407e+00
   1.6150000e+02   4.5156044e+01   4.3011341e+01
   1.6160000e+02   5.1560440e+00   1.5611341e+01
   1.6170000e+02   9.3156044e+01  -2.8908659e+01
   1.6180000e+02   5.3156044e+01  -6.7308659e+01
   1.6190000e+02   1.3615604e+02   2.6371341e+01
   1.6200000e+02  -1.1284396e+02  -1.5668659e+01
   1.6210000e+02  -1.0843956e+01   1.6251341e+01
   1.6220000e+02  -1.8439560e+00   1.2689134e+02
   1.6230000e+02  -1.3843956e+01  -4.6628659e+01
   1.6240000e+02  -7.3843956e+01  -2.4228659e+01
   1.6250000e+02   9.8156044e+01  -4.8108659e+01
   1.6260000e+02  -2.0843956e+01  -3.0348659e+01
   1.6270000e+02  -3.1843956e+01  -3.1908659e+01
   1.6280000e+02  -6.2843956e+01   1.0533134e+02
   1.6290000e+02   7.3156044e+01   1.2891341e+01
   1.6300000e+02   8.0156044e+01   5.7611341e+01
   1.6310000e+02   8.2156044e+01  -1.8468659e+01
   1.6320000e+02  -6.8439560e+00   4.9091341e+01
   1.6330000e+02  -1.2784396e+02   3.9313407e+00
   1.6340000e+02   2.0156044e+01   9.0113407e+00
   1.6350000e+02   9.5156044e+01   4.7011341e+01
   1.6360000e+02   4.1156044e+01  -3.0828659e+01
   1.6370000e+02   4.1156044e+01   6.9171341e+01
   1.6380000e+02   1.1415604e+02   5.1251341e+01
   1.6390000e+02  -3.8843956e+01  -3.2628659e+01
   1.6400000e+02  -2.6843956e+01  -1.4108659e+01
   1.6410000e+02   9.6156044e+01   1.0971341e+01
   1.6420000e+02   2.1415604e+02   1.0251341e+01
   1.6430000e+02   2.5156044e+01   8.0811341e+01
   1.6440000e+02   2.1315604e+02   3.7291341e+01
   1.6450000e+02   8.0156044e+01  -1.9388659e+01
   1.6460000e+02   1.5915604e+02  -6.1548659e+01
   1.6470000e+02  -3.8843956e+01   2.8371341e+01
   1.6480000e+02   1.2615604e+02   1.0277134e+02
   1.6490000e+02   9.0156044e+01   4.2113407e+00
   1.6500000e+02   1.4515604e+02  -9.7988659e+01
   1.6510000e+02   8.5156044e+01  -4.9588659e+01
   1.6520000e+02  -1.0084396e+02   7.4851341e+01
   1.6530000e+02   6.5156044e+01  -3.7788659e+01
   1.6540000e+02   1.5315604e+02   4.9691341e+01
   1.6550000e+02   2.1615604e+02   2.4171341e+01
   1.6560000e+02   1.7315604e+02  -4.3108659e+01
   1.6570000e+02   1.4215604e+02   1.0313134e+02
   1.6580000e+02   1.1615604e+02   4.4171341e+01
   1.6590000e+02   6.2156044e+01  -6.6865934e-01
   1.6600000e+02   1.1215604e+02  -4.1668659e+01
   1.6610000e+02  -1.4843956e+01  -2.1588659e+01
   1.6620000e+02  -5.2843956e+01   3.9931341e+01
   1.6630000e+02  -1.0484396e+02  -3.7988659e+01
   1.6640000e+02   1.4715604e+02  -5.4068659e+01
   1.6650000e+02   3.4156044e+01   2.4513407e+00
   1.6660000e+02   1.0415604e+02  -8.3486593e+00
   1.6670000e+02  -1.3843956e+01   6.6371341e+01
   1.6680000e+02  -3.5843956e+01  -1.3748659e+01
   1.6690000e+02   1.4015604e+02   1.3211341e+01
   1.6700000e+02   1.3156044e+01  -3.7086593e+00
   1.6710000e+02  -1.5184396e+02   7.4891341e+01
   1.6720000e+02  -5.8439560e+00   1.1051341e+01
   1.6730000e+02   4.5156044e+01  -5.9886593e+00
   1.6740000e+02   4.3156044e+01  -5.2908659e+01
   1.6750000e+02   2.7156044e+01   1.5731341e+01
   1.6760000e+02  -4.9843956e+01   7.3811341e+01
   1.6770000e+02  -1.0843956e+01   1.2225134e+02
   1.6780000e+02  -3.2843956e+01   6.1313407e+00
   1.6790000e+02   6.2156044e+01  -7.6686593e+00
   1.6800000e+02   1.5156044e+01   6.1211341e+01
   1.6810000e+02  -6.0843956e+01   9.8251341e+01
   1.6820000e+02   1.8156044e+01   5.9091341e+01
   1.6830000e+02  -1.7843956e+01   3.7531341e+01
   1.6840000e+02  -4.9843956e+01   1.7811341e+01
   1.6850000e+02  -8.5843956e+01  -1.2748659e+01
   1.6860000e+02  -7.7843956e+01  -8.2068659e+01
   1.6870000e+02   1.0215604e+02   4.0731341e+01
   1.6880000e+02  -1.0684396e+02   3.9091341e+01
   1.6890000e+02  -1.0084396e+02  -1.0114866e+02
   1.6900000e+02  -3.7843956e+01  -5.3668659e+01
   1.6910000e+02   7.6156044e+01  -3.5228659e+01
   1.6920000e+02  -8.2843956e+01   1.8131341e+01
   1.6930000e+02  -1.2384396e+02   8.0771341e+01
   1.6940000e+02   5.3156044e+01   4.4691341e+01
   1.6950000e+02  -9.7843956e+01   6.7313407e+00
   1.6960000e+02  -5.7843956e+01   2.6131341e+01
   1.6970000e+02   1.7415604e+02  -6.1148659e+01
   1.6980000e+02   7.9156044e+01   1.1651341e+01
   1.6990000e+02   4.1560440e+00  -3.3486593e+00
   1.7000000e+02   6.1560440e+00   9.6571341e+01
   1.7010000e+02  -7.5843956e+01  -4.1486593e+00
   1.7020000e+02  -8.3843956e+01  -2.4828659e+01
   1.7030000e+02   3.2156044e+01  -4.7468659e+01
   1.7040000e+02   1.9515604e+02  -7.5988659e+01
   1.7050000e+02  -1.2884396e+02   4.8971341e+01
   1.7060000e+02  -1.8439560e+00  -3.6108659e+01
   1.7070000e+02  -6.8439560e+00  -1.8908659e+01
   1.7080000e+02   7.1560440e+00   5.3134066e-01
   1.7090000e+02   2.7156044e+01  -3.3268659e+01
   1.7100000e+02   1.0156044e+01  -1.1588659e+01
   1.7110000e+02  -5.7843956e+01   1.6131341e+01
   1.7120000e+02   4.0156044e+01  -3.3788659e+01
   1.7130000e+02   6.0156044e+01  -1.1588659e+01
   1.7140000e+02   9.9156044e+01   1.7851341e+01
   1.7150000e+02   8.4156044e+01  -1.7548659e+01
   1.7160000e+02  -3.7843956e+01   3.4331341e+01
   1.7170000e+02  -8.0843956e+01  -6.5948659e+01
   1.7180000e+02   1.4815604e+02  -3.4108659e+01
   1.7190000e+02   8.0156044e+01  -2.2388659e+01
   1.7200000e+02  -8.1843956e+01   5.0913407e+00
   1.7210000e+02  -6.2843956e+01   1.3331341e+01
   1.7220000e+02  -3.3843956e+01  -3.0828659e+01
   1.7230000e+02  -1.0884396e+02   9.1713407e+00
   1.7240000e+02  -7.6843956e+01  -6.9108659e+01
   1.7250000e+02   2.6156044e+01  -2.0228659e+01
   1.7260000e+02   7.1156044e+01   2.3971341e+01
   1.7270000e+02   8.2156044e+01  -5.2468659e+01
   1.7280000e+02  -1.5843956e+01  -1.8548659e+01
   1.7290000e+02  -1.2484396e+02   5.5811341e+01
   1.7300000e+02   1.0915604e+02   8.4513407e+00
   1.7310000e+02  -7.6843956e+01  -6.0108659e+01
   1.7320000e+02   8.1560440e+00   4.5491341e+01
   1.7330000e+02   4.3156044e+01  -1.5908659e+01
   1.7340000e+02   2.8156044e+01   5.9691341e+01
   1.7350000e+02  -7.9843956e+01  -1.2988659e+01
   1.7360000e+02   8.8156044e+01   2.0291341e+01
   1.7370000e+02   5.4156044e+01  -2.0348659e+01
   1.7380000e+02  -5.4843956e+01  -5.9886593e+00
   1.7390000e+02  -4.7843956e+01  -2.3268659e+01
   1.7400000e+02   7.3156044e+01   7.1891341e+01
   1.7410000e+02   1.9156044e+01  -4.3948659e+01
   1.7420000e+02   1.0015604e+02  -4.8188659e+01
   1.7430000e+02  -1.2843956e+01  -9.0668659e+01
   1.7440000e+02  -6.8439560e+00   6.6091341e+01
   1.7450000e+02   8.3156044e+01  -5.0865934e-01
   1.7460000e+02  -1.3843956e+01  -6.6286593e+00
   1.7470000e+02  -1.0784396e+02   2.4131341e+01
   1.7480000e+02  -1.3684396e+02  -1.7086593e+00
   1.7490000e+02   2.9156044e+01  -4.9348659e+01
   1.7500000e+02  -3.3843956e+01  -4.1828659e+01
   1.7510000e+02  -1.2884396e+02  -4.7028659e+01
   1.7520000e+02   1.0156044e+01   5.6411341e+01
   1.7530000e+02  -9.8843956e+01  -1.7228659e+01
   1.7540000e+02   1.5604396e-01  -1.1886593e+00
   1.7550000e+02   9.1560440e+00  -4.5486593e+00
   1.7560000e+02  -2.6843956e+01   1.6891341e+01
   1.7570000e+02   2.4156044e+01  -2.3148659e+01
   1.7580000e+02   2.7156044e+01  -4.1268659e+01
   1.7590000e+02   9.9156044e+01  -5.1486593e+00
   1.7600000e+02   3.4156044e+01   3.5451341e+01
   1.7610000e+02   9.4156044e+01  -4.9948659e+01
   1.7620000e+02   1.4156044e+01  -2.2748659e+01
   1.7630000e+02  -4.8439560e+00   1.3011341e+01
   1.7640000e+02   2.5415604e+02  -5.2348659e+01
   1.7650000e+02   4.5015604e+02  -2.0188659e+01
   1.7660000e+02  -7.9843956e+01  -3.3988659e+01
   1.7670000e+02  -1.5843956e+01  -6.6548659e+01
   1.7680000e+02   1.3156044e+01  -3.9708659e+01
   1.7690000e+02   1.2415604e+02   6.8513407e+00
   1.7700000e+02   3.3156044e+01   3.9491341e+01
   1.7710000e+02  -8.6843956e+01  -3.4708659e+01
   1.7720000e+02   1.4315604e+02   1.8091341e+01
   1.7730000e+02  -1.2084396e+02   4.6513407e+00
   1.7740000e+02   1.3015604e+02  -6.3886593e+00
   1.7750000e+02   8.1560440e+00   7.9491341e+01
   1.7760000e+02  -3.8843956e+01   7.8371341e+01
   1.7770000e+02  -2.8843956e+01   2.8971341e+01
   1.7780000e+02   5.0156044e+01   2.2811341e+01
   1.7790000e+02   7.7156044e+01  -3.0268659e+01
   1.7800000e+02  -2.3843956e+01   7.2771341e+01
   1.7810000e+02  -1.4184396e+02   1.4913407e+00
   1.7820000e+02   1.0715604e+02  -2.4468659e+01
   1.7830000e+02   1.2015604e+02  -4.2988659e+01
   1.7840000e+02  -4.8843956e+01  -2.4228659e+01
   1.7850000e+02  -1.4843956e+01   3.5411341e+01
   1.7860000e+02   1.2156044e+01   2.9331341e+01
   1.7870000e+02  -2.4843956e+01  -6.0188659e+01
   1.7880000e+02   1.4156044e+01   7.0251341e+01
   1.7890000e+02  -5.7843956e+01  -8.4868659e+01
   1.7900000e+02   8.1560440e+00  -2.8508659e+01
   1.7910000e+02  -8.4395604e-01  -5.0148659e+01
   1.7920000e+02  -9.8843956e+01  -6.9228659e+01
   1.7930000e+02   9.5156044e+01  -5.8988659e+01
   1.7940000e+02  -1.2843956e+01   2.3313407e+00
   1.7950000e+02  -9.1843956e+01   6.4913407e+00
   1.7960000e+02   2.1560440e+00  -1.6268659e+01
   1.7970000e+02   2.1315604e+02   3.2291341e+01
   1.7980000e+02   1.4815604e+02   5.8891341e+01
   1.7990000e+02  -1.1784396e+02  -1.8468659e+01
   1.8000000e+02   1.1815604e+02  -1.9086593e+00
   1.8010000e+02   1.4156044e+01  -3.1748659e+01
   1.8020000e+02   4.8156044e+01   7.8913407e+00
   1.8030000e+02   4.1156044e+01  -1.1828659e+01
   1.8040000e+02   2.6156044e+01  -2.6228659e+01
   1.8050000e+02   7.1156044e+01  -2.5028659e+01
   1.8060000e+02  -2.9843956e+01  -3.8988659e+01
   1.8070000e+02   3.4156044e+01  -3.3548659e+01
   1.8080000e+02  -5.1843956e+01  -3.5108659e+01
   1.8090000e+02  -5.7843956e+01   4.5131341e+01
   1.8100000e+02  -9.8843956e+01   2.0771341e+01
   1.8110000e+02  -8.4395604e-01  -5.3148659e+01
   1.8120000e+02   6.1156044e+01  -7.8628659e+01
   1.8130000e+02  -1.3584396e+02  -5.4748659e+01
   1.8140000e+02  -2.2843956e+01  -4.0268659e+01
   1.8150000e+02  -7.8439560e+00   3.5131341e+01
   1.8160000e+02  -2.9843956e+01  -3.5988659e+01
   1.8170000e+02  -1.0784396e+02  -9.9868659e+01
   1.8180000e+02  -5.8439560e+00   7.3051341e+01
   1.8190000e+02  -3.9843956e+01  -5.5886593e+00
   1.8200000e+02  -5.6843956e+01  -4.9086593e+00
   1.8210000e+02  -3.1843956e+01   1.3091341e+01
   1.8220000e+02  -5.6843956e+01  -3.0908659e+01
   1.8230000e+02   5.1560440e+00  -1.4388659e+01
   1.8240000e+02  -6.0843956e+01  -4.2748659e+01
   1.8250000e+02   4.2156044e+01  -4.7868659e+01
   1.8260000e+02  -6.8439560e+00  -6.6908659e+01
   1.8270000e+02   4.1156044e+01   5.3171341e+01
   1.8280000e+02  -8.7843956e+01   4.3331341e+01
   1.8290000e+02   4.1156044e+01   7.1713407e+00
   1.8300000e+02   2.0615604e+02  -2.2428659e+01
   1.8310000e+02  -8.4843956e+01   3.6211341e+01
   1.8320000e+02  -2.8439560e+00  -9.0686593e+00
   1.8330000e+02   3.7156044e+01   2.8331341e+01
   1.8340000e+02  -1.5843956e+01   5.5451341e+01
   1.8350000e+02  -1.1843956e+01  -1.0370866e+02
   1.8360000e+02  -1.3843956e+01  -2.8628659e+01
   1.8370000e+02  -5.0843956e+01   5.8851341e+01
   1.8380000e+02   1.7415604e+02  -6.1486593e+00
   1.8390000e+02   1.6215604e+02  -5.1668659e+01
   1.8400000e+02   8.1560440e+00   4.4913407e+00
   1.8410000e+02  -2.7843956e+01  -4.2068659e+01
   1.8420000e+02  -5.9843956e+01   1.2221134e+02
   1.8430000e+02  -1.4384396e+02  -1.2428659e+01
   1.8440000e+02  -5.6843956e+01   8.3091341e+01
   1.8450000e+02  -4.8439560e+00  -1.0298866e+02
   1.8460000e+02  -8.6843956e+01   2.8291341e+01
   1.8470000e+02  -1.0684396e+02   9.1340659e-02
   1.8480000e+02  -3.5843956e+01   5.2513407e+00
   1.8490000e+02  -8.4843956e+01  -1.3788659e+01
   1.8500000e+02  -6.1843956e+01  -9.0708659e+01
   1.8510000e+02  -4.9843956e+01   5.2811341e+01
   1.8520000e+02  -1.0684396e+02  -6.7908659e+01
   1.8530000e+02   1.2415604e+02  -9.2148659e+01
   1.8540000e+02   2.1415604e+02   2.3251341e+01
   1.8550000e+02  -2.1843956e+01  -4.5308659e+01
   1.8560000e+02   1.0156044e+01  -2.2588659e+01
   1.8570000e+02   5.5156044e+01   5.1611341e+01
   1.8580000e+02   2.9156044e+01  -1.2348659e+01
   1.8590000e+02  -6.6843956e+01   3.4491341e+01
   1.8600000e+02  -1.2184396e+02  -3.0865934e-01
   1.8610000e+02   2.0156044e+01   3.5011341e+01
   1.8620000e+02   5.0156044e+01   6.0811341e+01
   1.8630000e+02   1.2115604e+02   1.8971341e+01
   1.8640000e+02  -8.7843956e+01   2.4331341e+01
   1.8650000e+02  -5.3843956e+01   3.6971341e+01
   1.8660000e+02   6.2156044e+01  -4.3668659e+01
   1.8670000e+02   9.4156044e+01   1.4051341e+01
   1.8680000e+02  -1.0843956e+01  -2.0748659e+01
   1.8690000e+02   3.0156044e+01  -3.4388659e+01
   1.8700000e+02  -1.1984396e+02  -4.8388659e+01
   1.8710000e+02   1.3156044e+01   3.3291341e+01
   1.8720000e+02   8.9156044e+01  -6.5748659e+01
   1.8730000e+02  -8.1843956e+01   3.8091341e+01
   1.8740000e+02  -7.9843956e+01  -1.4988659e+01
   1.8750000e+02  -1.1584396e+02   9.4513407e+00
   1.8760000e+02   2.9156044e+01   2.5651341e+01
   1.8770000e+02  -6.1843956e+01   4.1291341e+01
   1.8780000e+02   6.7156044e+01  -9.8686593e+00
   1.8790000e+02  -5.8439560e+00   3.7051341e+01
   1.8800000e+02  -4.4843956e+01   2.4611341e+01
   1.8810000e+02   7.3156044e+01  -5.7108659e+01
   1.8820000e+02   1.2156044e+01   9.3313407e+00
   1.8830000e+02  -4.6843956e+01  -5.1308659e+01
   1.8840000e+02   3.1560440e+00   7.6691341e+01
   1.8850000e+02   3.4156044e+01   3.0451341e+01
   1.8860000e+02  -6.8843956e+01   4.4571341e+01
   1.8870000e+02  -2.4843956e+01   3.4811341e+01
   1.8880000e+02  -1.4843956e+01  -4.1588659e+01
   1.8890000e+02  -7.9843956e+01   5.5011341e+01
   1.8900000e+02   5.1156044e+01   1.5477134e+02
   1.8910000e+02   8.9156044e+01   1.0025134e+02
   1.8920000e+02   9.9156044e+01   1.0085134e+02
   1.8930000e+02   3.5156044e+01  -4.2588659e+01
   1.8940000e+02  -2.4843956e+01  -4.4188659e+01
   1.8950000e+02   7.0156044e+01   3.7011341e+01
   1.8960000e+02  -8.4843956e+01   4.1211341e+01
   1.8970000e+02  -1.3843956e+01  -4.2628659e+01
   1.8980000e+02   7.5156044e+01  -6.2188659e+01
   1.8990000e+02   6.5156044e+01  -6.3788659e+01
   1.9000000e+02  -1.3843956e+01  -2.3628659e+01
   1.9010000e+02  -2.5843956e+01   4.5851341e+01
   1.9020000e+02  -1.0884396e+02   4.5171341e+01
   1.9030000e+02   2.1156044e+01   7.5971341e+01
   1.9040000e+02  -5.3843956e+01  -5.8028659e+01
   1.9050000e+02   2.7156044e+01   1.0773134e+02
   1.9060000e+02   8.4156044e+01   4.5134066e-01
   1.9070000e+02  -7.9843956e+01  -8.9886593e+00
   1.9080000e+02   1.8215604e+02   5.4531341e+01
   1.9090000e+02  -1.0384396e+02  -4.1028659e+01
   1.9100000e+02   1.1315604e+02  -2.5708659e+01
   1.9110000e+02   5.0156044e+01   1.3811341e+01
   1.9120000e+02  -9.0843956e+01   7.3451341e+01
   1.9130000e+02  -1.2484396e+02  -6.8188659e+01
   1.9140000e+02  -1.7584396e+02  -4.0148659e+01
   1.9150000e+02   3.2156044e+01  -2.4686593e+00
   1.9160000e+02   3.1560440e+00   5.0691341e+01
   1.9170000e+02   8.3156044e+01   2.3491341e+01
   1.9180000e+02  -2.1843956e+01   2.0691341e+01
   1.9190000e+02  -6.9843956e+01   4.9611341e+01
   1.9200000e+02   2.4156044e+01  -1.0148659e+01
   1.9210000e+02  -4.5843956e+01  -2.6348659e+01
   1.9220000e+02   1.9156044e+01   2.0051341e+01
   1.9230000e+02  -4.2843956e+01   1.7531341e+01
   1.9240000e+02  -6.5843956e+01   4.3451341e+01
   1.9250000e+02  -7.4843956e+01   8.8811341e+01
   1.9260000e+02   5.2156044e+01   3.5731341e+01
   1.9270000e+02  -1.6843956e+01   9.3491341e+01
   1.9280000e+02   8.9156044e+01  -3.7486593e+00
   1.9290000e+02   5.4156044e+01   4.6513407e+00
   1.9300000e+02   3.0156044e+01  -1.3886593e+00
   1.9310000e+02  -3.8843956e+01   6.7371341e+01
   1.9320000e+02  -1.3284396e+02   1.9131341e+01
   1.9330000e+02   3.0156044e+01   5.4611341e+01
   1.9340000e+02  -9.7843956e+01   6.3731341e+01
   1.9350000e+02   1.2715604e+02  -7.0268659e+01
   1.9360000e+02   2.6156044e+01  -9.2286593e+00
   1.9370000e+02  -5.7843956e+01   4.3131341e+01
   1.9380000e+02   4.3156044e+01  -1.3908659e+01
   1.9390000e+02   2.1156044e+01   1.1971341e+01
   1.9400000e+02   8.1560440e+00  -2.4508659e+01
   1.9410000e+02   6.8156044e+01   2.1091341e+01
   1.9420000e+02   3.8156044e+01  -3.3708659e+01
   1.9430000e+02  -1.2784396e+02  -5.0068659e+01
   1.9440000e+02  -9.3843956e+01   5.2571341e+01
   1.9450000e+02  -7.9843956e+01   2.0011341e+01
   1.9460000e+02  -8.7843956e+01   9.6331341e+01
   1.9470000e+02  -9.6843956e+01   1.3691341e+01
   1.9480000e+02   1.1515604e+02   4.1211341e+01
   1.9490000e+02   4.0156044e+01   5.2113407e+00
   1.9500000e+02  -2.9843956e+01  -2.5988659e+01
   1.9510000e+02   3.1156044e+01   6.1571341e+01
   1.9520000e+02  -3.8843956e+01   5.3713407e+00
   1.9530000e+02  -9.8843956e+01   4.7713407e+00
   1.9540000e+02   4.7156044e+01  -1.4068659e+01
   1.9550000e+02  -1.0843956e+01   2.5134066e-01
   1.9560000e+02   5.9156044e+01  -5.6548659e+01
   1.9570000e+02  -1.3684396e+02  -4.3708659e+01
   1.9580000e+02   4.7156044e+01   6.4931341e+01
   1.9590000e+02   1.7815604e+02   1.2691341e+01
   1.9600000e+02  -4.0843956e+01   1.7345134e+02
   1.9610000e+02   1.9156044e+01   6.0513407e+00
   1.9620000e+02  -6.9843956e+01  -1.4388659e+01
   1.9630000e+02   5.2156044e+01  -2.6268659e+01
   1.9640000e+02  -2.1843956e+01  -5.9308659e+01
   1.9650000e+02   2.9156044e+01  -2.9348659e+01
   1.9660000e+02  -6.4843956e+01   3.3411341e+01
   1.9670000e+02   8.1560440e+00  -7.5086593e+00
   1.9680000e+02  -1.5984396e+02   1.2113407e+00
   1.9690000e+02   4.0156044e+01  -1.2788659e+01
   1.9700000e+02   2.3156044e+01  -4.4108659e+01
   1.9710000e+02   1.5156044e+01  -2.0788659e+01
   1.9720000e+02  -2.8439560e+00   4.4931341e+01
   1.9730000e+02  -6.9843956e+01   4.0611341e+01
   1.9740000e+02  -1.9843956e+01   2.6113407e+00
   1.9750000e+02  -1.8843956e+01  -8.2428659e+01
   1.9760000e+02   1.2156044e+01  -2.2668659e+01
   1.9770000e+02  -7.8843956e+01  -5.1028659e+01
   1.9780000e+02  -4.4843956e+01   1.1761134e+02
   1.9790000e+02   3.5156044e+01  -3.5588659e+01
   1.9800000e+02  -1.8784396e+02   5.5331341e+01
   1.9810000e+02  -2.7843956e+01   1.8931341e+01
   1.9820000e+02  -8.4395604e-01   4.8851341e+01
   1.9830000e+02  -1.9843956e+01  -2.5388659e+01
   1.9840000e+02  -6.2843956e+01  -1.4668659e+01
   1.9850000e+02  -8.3843956e+01   6.6171341e+01
   1.9860000e+02   1.0615604e+02   5.5713407e+00
   1.9870000e+02   1.3015604e+02  -1.2388659e+01
   1.9880000e+02   3.7156044e+01   4.0331341e+01
   1.9890000e+02   1.1215604e+02   2.8331341e+01
   1.9900000e+02   1.4156044e+01   1.0025134e+02
   1.9910000e+02   9.6156044e+01  -2.7028659e+01
   1.9920000e+02   1.8615604e+02   1.0437134e+02
   1.9930000e+02  -9.3843956e+01  -1.8428659e+01
   1.9940000e+02  -4.5843956e+01   4.6513407e+00
   1.9950000e+02   5.8156044e+01   6.6491341e+01
   1.9960000e+02  -1.0384396e+02   1.5971341e+01
   1.9970000e+02   7.6156044e+01  -2.6228659e+01
   1.9980000e+02  -9.3843956e+01  -1.9428659e+01
   1.9990000e+02  -6.2843956e+01  -4.5668659e+01
