   0.0000000e+00   3.1428571e+01   5.4888889e+00
   1.0000000e-01   1.6942857e+02   1.3996889e+02
   2.0000000e-01   1.4042857e+02   3.5128889e+01
   3.0000000e-01   1.2242857e+02   5.8848889e+01
   4.0000000e-01   2.6742857e+02  -3.9951111e+01
   5.0000000e-01   3.1142857e+02   1.9728889e+02
   6.0000000e-01   1.4642857e+02   2.9888889e+01
   7.0000000e-01   9.7428571e+01   2.0184889e+02
   8.0000000e-01   9.3428571e+01   1.8008889e+01
   9.0000000e-01   2.5442857e+02   1.2568889e+01
   1.0000000e+00  -4.5571429e+01  -4.2431111e+01
   1.1000000e+00   1.3742857e+02   3.6248889e+01
   1.2000000e+00   2.1942857e+02  -4.0311111e+00
   1.3000000e+00   1.5642857e+02   4.6488889e+01
   1.4000000e+00  -5.5714286e+00   2.6968889e+01
   1.5000000e+00   3.1742857e+02   7.9048889e+01
   1.6000000e+00   1.0442857e+02   5.4568889e+01
   1.7000000e+00   1.6442857e+02   2.3168889e+01
   1.8000000e+00   9.6428571e+01   7.8888889e+00
   1.9000000e+00   1.5042857e+02   1.1172889e+02
   2.0000000e+00   1.6942857e+02  -8.9031111e+01
   2.1000000e+00   1.2942857e+02  -4.2431111e+01
   2.2000000e+00   3.3142857e+02   7.0488889e+01
   2.3000000e+00   1.8242857e+02   5.7448889e+01
   2.4000000e+00   8.5428571e+01  -6.6711111e+00
   2.5000000e+00   1.5342857e+02   3.5608889e+01
   2.6000000e+00   1.9242857e+02   3.7048889e+01
   2.7000000e+00   8.3428571e+01   7.1408889e+01
   2.8000000e+00   1.5142857e+02   5.2688889e+01
   2.9000000e+00   1.8342857e+02   3.0408889e+01
   3.0000000e+00   1.4542857e+02  -7.1111111e-02
   3.1000000e+00   1.0428571e+01   1.5328889e+01
   3.2000000e+00   2.7842857e+02   9.2608889e+01
   3.3000000e+00   1.1842857e+02  -8.9911111e+00
   3.4000000e+00   2.6142857e+02   4.1288889e+01
   3.5000000e+00   7.4428571e+01   8.8768889e+01
   3.6000000e+00   1.3142857e+02   9.4488889e+01
   3.7000000e+00   1.0842857e+02   1.1040889e+02
   3.8000000e+00   1.0642857e+02  -5.6511111e+01
   3.9000000e+00   1.8542857e+02   4.1328889e+01
   4.0000000e+00   2.8242857e+02   2.1448889e+01
   4.1000000e+00   1.9742857e+02   4.3848889e+01
   4.2000000e+00   1.4342857e+02   3.1008889e+01
   4.3000000e+00   2.5042857e+02   1.4172889e+02
   4.4000000e+00   5.8428571e+01   5.2408889e+01
   4.5000000e+00   1.2842857e+02   8.5608889e+01
   4.6000000e+00   1.1442857e+02   7.2168889e+01
   4.7000000e+00   1.3542857e+02   2.5328889e+01
   4.8000000e+00   6.0428571e+01  -2.0671111e+01
   4.9000000e+00  -1.7571429e+01   1.3944889e+02
   5.0000000e+00   3.1542857e+02   8.3128889e+01
   5.1000000e+00   1.9142857e+02   4.0888889e+00
   5.2000000e+00   1.6142857e+02   8.0288889e+01
   5.3000000e+00   1.1742857e+02   1.4604889e+02
   5.4000000e+00   1.2428571e+01   5.0248889e+01
   5.5000000e+00   2.0942857e+02   3.3688889e+00
   5.6000000e+00   1.1842857e+02   1.5500889e+02
   5.7000000e+00   1.3942857e+02   1.2316889e+02
   5.8000000e+00   9.9428571e+01   2.3376889e+02
   5.9000000e+00   1.6842857e+02   7.5008889e+01
   6.0000000e+00   7.7428571e+01   1.7648889e+01
   6.1000000e+00   2.2442857e+02   4.6768889e+01
   6.2000000e+00   1.3042857e+02   1.3152889e+02
   6.3000000e+00   2.7442857e+02  -9.2311111e+00
   6.4000000e+00   2.7842857e+02  -6.3911111e+00
   6.5000000e+00   2.0642857e+02   6.9488889e+01
   6.6000000e+00  -3.8571429e+01   4.8288889e+01
   6.7000000e+00   1.1942857e+02  -7.0311111e+00
   6.8000000e+00   1.5042857e+02  -1.1271111e+01
   6.9000000e+00   1.8642857e+02   2.9288889e+01
   7.0000000e+00  -6.2571429e+01   4.0248889e+01
   7.1000000e+00   2.0428571e+01   1.0692889e+02
   7.2000000e+00   2.0428571e+01   7.3928889e+01
   7.3000000e+00   8.5428571e+01  -7.6711111e+00
   7.4000000e+00   7.7428571e+01   8.6648889e+01
   7.5000000e+00   9.9428571e+01  -1.9231111e+01
   7.6000000e+00   1.3942857e+02   1.3016889e+02
   7.7000000e+00   7.4428571e+01   2.7688889e+00
   7.8000000e+00   1.3042857e+02   1.3352889e+02
   7.9000000e+00   3.3442857e+02   5.6368889e+01
   8.0000000e+00   1.2342857e+02  -4.0191111e+01
   8.1000000e+00   1.7442857e+02   1.7476889e+02
   8.2000000e+00  -9.2571429e+01   1.7344889e+02
   8.3000000e+00   1.9042857e+02   8.4128889e+01
   8.4000000e+00   9.3428571e+01   3.3008889e+01
   8.5000000e+00   1.2842857e+02   2.1560889e+02
   8.6000000e+00   1.8442857e+02   7.6368889e+01
   8.7000000e+00   1.1442857e+02   3.1688889e+00
   8.8000000e+00   3.5428571e+01   1.6932889e+02
   8.9000000e+00   5.2428571e+01   1.8064889e+02
   9.0000000e+00   2.1542857e+02   7.3128889e+01
   9.1000000e+00   2.0542857e+02   1.6552889e+02
   9.2000000e+00   1.0242857e+02   6.4648889e+01
   9.3000000e+00   1.3342857e+02   1.1840889e+02
   9.4000000e+00   1.1542857e+02   1.2112889e+02
   9.5000000e+00   1.0442857e+02   7.0568889e+01
   9.6000000e+00   1.1642857e+02  -3.0911111e+01
   9.7000000e+00   2.3428571e+01   1.1380889e+02
   9.8000000e+00   7.9428571e+01   5.9568889e+01
   9.9000000e+00   2.5142857e+02   6.6688889e+01
   1.0000000e+01   2.2242857e+02   6.4848889e+01
   1.0100000e+01   2.3842857e+02  -1.3791111e+01
   1.0200000e+01   1.8442857e+02   1.1736889e+02
   1.0300000e+01   1.7242857e+02   1.1084889e+02
   1.0400000e+01   1.3442857e+02   1.6136889e+02
   1.0500000e+01   1.5442857e+02   6.5568889e+01
   1.0600000e+01   2.0242857e+02  -1.3511111e+00
   1.0700000e+01   5.7428571e+01   1.1448889e+01
   1.0800000e+01   1.5042857e+02   4.5728889e+01
   1.0900000e+01   3.2842857e+02   5.2608889e+01
   1.1000000e+01   2.1042857e+02   1.3832889e+02
   1.1100000e+01   2.6442857e+02   8.3168889e+01
   1.1200000e+01   8.4285714e+00  -2.5591111e+01
   1.1300000e+01   3.8642857e+02   3.4288889e+01
   1.1400000e+01   2.2542857e+02   8.7288889e+00
   1.1500000e+01   3.7942857e+02  -1.0431111e+01
   1.1600000e+01   9.5428571e+01  -1.5071111e+01
   1.1700000e+01   1.5042857e+02  -1.1271111e+01
   1.1800000e+01   2.1242857e+02  -2.3751111e+01
   1.1900000e+01   2.7642857e+02   2.4688889e+01
   1.2000000e+01   6.0428571e+01  -1.4671111e+01
   1.2100000e+01   9.8428571e+01   1.5180889e+02
   1.2200000e+01   3.2542857e+02   1.7728889e+01
   1.2300000e+01   1.8042857e+02   4.3528889e+01
   1.2400000e+01   1.8042857e+02   1.7528889e+01
   1.2500000e+01   1.0742857e+02   1.3444889e+02
   1.2600000e+01   3.2642857e+02   1.7468889e+02
   1.2700000e+01   6.3428571e+01   3.5208889e+01
   1.2800000e+01   1.6342857e+02   1.3620889e+02
   1.2900000e+01  -6.5714286e+00   2.0008889e+01
   1.3000000e+01   8.5428571e+01  -5.6711111e+00
   1.3100000e+01   5.3428571e+01   6.5608889e+01
   1.3200000e+01   2.1142857e+02   8.2288889e+01
   1.3300000e+01   3.0428571e+01   1.1852889e+02
   1.3400000e+01   2.8542857e+02   1.1432889e+02
   1.3500000e+01   1.2742857e+02   6.7648889e+01
   1.3600000e+01   1.5142857e+02   1.0768889e+02
   1.3700000e+01   4.3428571e+01   1.3500889e+02
   1.3800000e+01   5.0428571e+01   1.2072889e+02
   1.3900000e+01   2.2428571e+01   6.0848889e+01
   1.4000000e+01   5.4285714e+00  -6.4711111e+00
   1.4100000e+01  -3.6571429e+01   5.3208889e+01
   1.4200000e+01   1.6242857e+02   6.1248889e+01
   1.4300000e+01   1.2342857e+02   3.1808889e+01
   1.4400000e+01   1.1342857e+02   6.2088889e+00
   1.4500000e+01   8.9428571e+01  -4.8311111e+00
   1.4600000e+01   1.0442857e+02   8.2568889e+01
   1.4700000e+01   1.2942857e+02   7.9568889e+01
   1.4800000e+01   1.8242857e+02   8.1448889e+01
   1.4900000e+01   4.7428571e+01   1.1848889e+01
   1.5000000e+01   2.1428571e+01   1.4888889e+02
   1.5100000e+01   1.3428571e+01  -2.7911111e+00
   1.5200000e+01  -8.7571429e+01   9.7248889e+01
   1.5300000e+01   2.0842857e+02   3.1408889e+01
   1.5400000e+01   1.7542857e+02   5.4728889e+01
   1.5500000e+01   2.4142857e+02   8.9088889e+01
   1.5600000e+01   2.2642857e+02   1.0468889e+02
   1.5700000e+01   3.3542857e+02   1.6328889e+01
   1.5800000e+01   1.0242857e+02   1.0864889e+02
   1.5900000e+01   8.0428571e+01   7.4528889e+01
   1.6000000e+01   2.0642857e+02   2.0488889e+01
   1.6100000e+01   6.0428571e+01   4.6328889e+01
   1.6200000e+01   1.5342857e+02  -6.3911111e+00
   1.6300000e+01   7.1428571e+01   3.2888889e+01
   1.6400000e+01   7.9428571e+01   8.5568889e+01
   1.6500000e+01   9.2428571e+01   5.9048889e+01
   1.6600000e+01   1.0542857e+02   2.5528889e+01
   1.6700000e+01   1.3742857e+02   1.3424889e+02
   1.6800000e+01   5.0428571e+01   3.5728889e+01
   1.6900000e+01   6.5428571e+01  -1.7871111e+01
   1.7000000e+01   8.3428571e+01  -3.8591111e+01
   1.7100000e+01   1.2942857e+02  -6.9431111e+01
   1.7200000e+01   2.3842857e+02  -4.8791111e+01
   1.7300000e+01   2.0542857e+02   1.0752889e+02
   1.7400000e+01   2.7442857e+02  -2.3111111e-01
   1.7500000e+01   2.3642857e+02  -7.0711111e+01
   1.7600000e+01   1.6242857e+02  -4.0751111e+01
   1.7700000e+01   3.2542857e+02   2.5728889e+01
   1.7800000e+01   2.7042857e+02   5.3928889e+01
   1.7900000e+01   3.1942857e+02  -2.4031111e+01
   1.8000000e+01   1.3342857e+02  -1.2591111e+01
   1.8100000e+01   1.0042857e+02  -7.2711111e+00
   1.8200000e+01   2.7742857e+02  -3.3351111e+01
   1.8300000e+01   1.5242857e+02  -2.6351111e+01
   1.8400000e+01   1.0642857e+02  -7.7511111e+01
   1.8500000e+01   2.9542857e+02   2.4928889e+01
   1.8600000e+01   9.4428571e+01   2.1968889e+01
   1.8700000e+01   1.2142857e+02   2.2888889e+01
   1.8800000e+01   7.6428571e+01  -5.4311111e+01
   1.8900000e+01   1.0942857e+02  -1.0631111e+01
   1.9000000e+01   3.9442857e+02   4.9968889e+01
   1.9100000e+01   1.7842857e+02  -1.3391111e+01
   1.9200000e+01   5.8428571e+01   7.5408889e+01
   1.9300000e+01   2.5742857e+02  -5.9551111e+01
   1.9400000e+01   7.7428571e+01   4.3648889e+01
   1.9500000e+01   1.6342857e+02   4.6208889e+01
   1.9600000e+01   8.8428571e+01   4.1208889e+01
   1.9700000e+01   3.3742857e+02  -1.4751111e+01
   1.9800000e+01   1.9142857e+02  -9.9111111e+00
   1.9900000e+01   2.7042857e+02  -3.9071111e+01
   2.0000000e+01   1.9042857e+02  -1.2871111e+01
   2.0100000e+01   3.6042857e+02   8.3288889e+00
   2.0200000e+01   2.3942857e+02  -6.0831111e+01
   2.0300000e+01   1.3142857e+02  -7.0511111e+01
   2.0400000e+01   1.7342857e+02  -2.9191111e+01
   2.0500000e+01   2.2542857e+02  -2.8271111e+01
   2.0600000e+01   1.2842857e+02   4.2608889e+01
   2.0700000e+01   1.6942857e+02  -3.6031111e+01
   2.0800000e+01   2.2742857e+02   9.6488889e+00
   2.0900000e+01   3.7428571e+01   1.8248889e+01
   2.1000000e+01   1.2042857e+02   8.2928889e+01
   2.1100000e+01   8.2428571e+01   2.5448889e+01
   2.1200000e+01   1.7342857e+02   7.8088889e+00
   2.1300000e+01   3.2042857e+02  -7.1111111e-02
   2.1400000e+01   2.0442857e+02   7.9568889e+01
   2.1500000e+01   3.2942857e+02   2.5568889e+01
   2.1600000e+01   1.3342857e+02  -3.4591111e+01
   2.1700000e+01   1.4642857e+02   4.3888889e+01
   2.1800000e+01   1.3242857e+02   5.9448889e+01
   2.1900000e+01   4.2428571e+01   8.0048889e+01
   2.2000000e+01   6.3428571e+01  -1.3791111e+01
   2.2100000e+01   2.4842857e+02  -9.0191111e+01
   2.2200000e+01   1.7542857e+02  -3.6271111e+01
   2.2300000e+01   1.1942857e+02   1.2968889e+01
   2.2400000e+01   1.4542857e+02  -3.3071111e+01
   2.2500000e+01   3.5428571e+01  -3.0671111e+01
   2.2600000e+01   2.7642857e+02  -5.9311111e+01
   2.2700000e+01   1.4428571e+01  -5.8311111e+00
   2.2800000e+01   1.4842857e+02  -6.1191111e+01
   2.2900000e+01   7.6428571e+01  -1.7311111e+01
   2.3000000e+01   3.0142857e+02  -1.3311111e+01
   2.3100000e+01   4.7428571e+01  -3.7151111e+01
   2.3200000e+01   3.7428571e+01   6.0248889e+01
   2.3300000e+01   2.4285714e+00  -1.7351111e+01
   2.3400000e+01   1.0042857e+02  -7.7271111e+01
   2.3500000e+01   1.7342857e+02   4.8088889e+00
   2.3600000e+01   2.1442857e+02  -4.6831111e+01
   2.3700000e+01   1.5142857e+02  -3.9311111e+01
   2.3800000e+01   1.4442857e+02   4.4968889e+01
   2.3900000e+01   2.6442857e+02  -3.8831111e+01
   2.4000000e+01   1.4442857e+02  -8.0031111e+01
   2.4100000e+01   9.1428571e+01  -3.0911111e+01
   2.4200000e+01   1.6842857e+02   2.1008889e+01
   2.4300000e+01   1.0842857e+02   2.5408889e+01
   2.4400000e+01   1.9042857e+02  -1.5871111e+01
   2.4500000e+01   1.2442857e+02  -2.3111111e-01
   2.4600000e+01   1.4428571e+01  -2.0831111e+01
   2.4700000e+01   1.7242857e+02   4.5848889e+01
   2.4800000e+01   1.0942857e+02  -6.6631111e+01
   2.4900000e+01   9.3428571e+01  -5.9991111e+01
   2.5000000e+01   2.1542857e+02   6.3128889e+01
   2.5100000e+01   3.5842857e+02  -2.1591111e+01
   2.5200000e+01   6.8428571e+01  -1.8991111e+01
   2.5300000e+01   1.4742857e+02  -6.9151111e+01
   2.5400000e+01   6.0428571e+01  -4.5671111e+01
   2.5500000e+01   1.2428571e+01   1.1248889e+01
   2.5600000e+01   1.3942857e+02  -5.2831111e+01
   2.5700000e+01   2.0742857e+02   4.9448889e+01
   2.5800000e+01   1.0242857e+02  -1.3511111e+00
   2.5900000e+01   1.6842857e+02  -5.5991111e+01
   2.6000000e+01   8.6428571e+01   4.2888889e+00
   2.6100000e+01   8.9428571e+01  -5.4831111e+01
   2.6200000e+01   1.6142857e+02  -5.1711111e+01
   2.6300000e+01   1.2242857e+02  -6.1511111e+00
   2.6400000e+01   1.3442857e+02  -6.8631111e+01
   2.6500000e+01   3.8542857e+02  -7.4671111e+01
   2.6600000e+01   1.5642857e+02  -1.0511111e+01
   2.6700000e+01   1.9342857e+02  -5.5991111e+01
   2.6800000e+01   1.6842857e+02  -4.2991111e+01
   2.6900000e+01   2.2342857e+02  -8.2191111e+01
   2.7000000e+01   2.0942857e+02   2.0368889e+01
   2.7100000e+01   1.6242857e+02  -5.9751111e+01
   2.7200000e+01   2.1742857e+02  -7.9951111e+01
   2.7300000e+01   1.3242857e+02   2.8448889e+01
   2.7400000e+01   2.2042857e+02   4.1928889e+01
   2.7500000e+01   2.0442857e+02   2.6568889e+01
   2.7600000e+01   3.6142857e+02  -4.0711111e+01
   2.7700000e+01   9.7428571e+01   1.5848889e+01
   2.7800000e+01   5.0428571e+01   1.0672889e+02
   2.7900000e+01   1.3442857e+02   1.2136889e+02
   2.8000000e+01   1.3742857e+02  -7.5111111e-01
   2.8100000e+01   1.9742857e+02   3.5848889e+01
   2.8200000e+01   2.7242857e+02  -5.2151111e+01
   2.8300000e+01   1.7042857e+02  -8.0711111e+00
   2.8400000e+01   2.5942857e+02  -8.1631111e+01
   2.8500000e+01   1.8142857e+02  -8.3511111e+01
   2.8600000e+01   1.3342857e+02  -3.5591111e+01
   2.8700000e+01   4.1428571e+01  -9.1111111e-01
   2.8800000e+01   2.1642857e+02   3.9088889e+01
   2.8900000e+01   1.9942857e+02   3.1768889e+01
   2.9000000e+01   1.9042857e+02  -6.7871111e+01
   2.9100000e+01   7.1428571e+01   3.5888889e+01
   2.9200000e+01   2.1442857e+02  -4.5831111e+01
   2.9300000e+01   1.8942857e+02  -8.8831111e+01
   2.9400000e+01   1.9742857e+02  -5.5151111e+01
   2.9500000e+01   2.8942857e+02  -7.1831111e+01
   2.9600000e+01   2.4042857e+02   7.3128889e+01
   2.9700000e+01   3.3842857e+02  -6.7911111e+00
   2.9800000e+01   2.9642857e+02   7.1888889e+01
   2.9900000e+01   3.5942857e+02  -2.1631111e+01
   3.0000000e+01   1.5942857e+02  -1.4631111e+01
   3.0100000e+01   1.5842857e+02  -1.4591111e+01
   3.0200000e+01   2.6742857e+02  -7.9511111e+00
   3.0300000e+01   6.8428571e+01   8.0088889e+00
   3.0400000e+01   1.3042857e+02  -2.5471111e+01
   3.0500000e+01   2.4742857e+02   7.7848889e+01
   3.0600000e+01   1.4742857e+02  -5.8151111e+01
   3.0700000e+01   4.0042857e+02   4.9728889e+01
   3.0800000e+01   3.6428571e+01  -4.0711111e+01
   3.0900000e+01   1.9242857e+02  -6.2951111e+01
   3.1000000e+01   6.8428571e+01  -5.9911111e+00
   3.1100000e+01   2.1842857e+02   1.6008889e+01
   3.1200000e+01   1.5142857e+02   3.3688889e+01
   3.1300000e+01   2.6842857e+02  -5.2991111e+01
   3.1400000e+01  -3.1571429e+01  -1.0991111e+01
   3.1500000e+01   9.4428571e+01   1.6968889e+01
   3.1600000e+01   1.1142857e+02  -5.9711111e+01
   3.1700000e+01   2.3942857e+02   1.1168889e+01
   3.1800000e+01   2.6842857e+02  -1.7991111e+01
   3.1900000e+01   2.1542857e+02   5.1288889e+00
   3.2000000e+01   4.3342857e+02  -6.1591111e+01
   3.2100000e+01   3.7342857e+02  -8.3191111e+01
   3.2200000e+01   1.9342857e+02  -6.4991111e+01
   3.2300000e+01   1.8642857e+02  -4.9711111e+01
   3.2400000e+01   1.5042857e+02   7.3728889e+01
   3.2500000e+01   1.8042857e+02   1.2528889e+01
   3.2600000e+01   4.0142857e+02  -1.4311111e+01
   3.2700000e+01   1.4242857e+02   5.4048889e+01
   3.2800000e+01   8.1428571e+01   2.7488889e+01
   3.2900000e+01   1.8042857e+02  -1.8471111e+01
   3.3000000e+01   1.4042857e+02   4.5128889e+01
   3.3100000e+01   1.6542857e+02  -4.0871111e+01
   3.3200000e+01   3.0142857e+02   7.4688889e+01
   3.3300000e+01   1.2242857e+02   9.8488889e+00
   3.3400000e+01   2.3542857e+02  -5.0671111e+01
   3.3500000e+01   2.4542857e+02   1.5928889e+01
   3.3600000e+01   2.0842857e+02  -4.8591111e+01
   3.3700000e+01   2.7142857e+02  -3.9111111e+01
   3.3800000e+01   2.1942857e+02   3.6968889e+01
   3.3900000e+01   8.5428571e+01   1.6032889e+02
   3.4000000e+01   3.2428571e+01   3.7448889e+01
   3.4100000e+01   1.8942857e+02  -3.7831111e+01
   3.4200000e+01   1.7642857e+02  -5.6311111e+01
   3.4300000e+01   1.1342857e+02  -1.1279111e+02
   3.4400000e+01   3.3142857e+02  -2.6511111e+01
   3.4500000e+01   1.7142857e+02   1.7888889e+01
   3.4600000e+01   1.8242857e+02   3.3448889e+01
   3.4700000e+01   1.5142857e+02   6.6888889e+00
   3.4800000e+01   1.1042857e+02  -3.4671111e+01
   3.4900000e+01   2.2742857e+02  -5.5351111e+01
   3.5000000e+01   4.1242857e+02  -4.3751111e+01
   3.5100000e+01   5.7428571e+01  -3.1551111e+01
   3.5200000e+01   2.0442857e+02  -6.8431111e+01
   3.5300000e+01   1.6642857e+02  -8.2911111e+01
   3.5400000e+01   1.4042857e+02   2.8128889e+01
   3.5500000e+01   8.4428571e+01  -1.0263111e+02
   3.5600000e+01   2.2242857e+02  -1.0151111e+01
   3.5700000e+01   1.8842857e+02   2.1208889e+01
   3.5800000e+01   1.8642857e+02  -2.3711111e+01
   3.5900000e+01   1.0442857e+02   3.2568889e+01
   3.6000000e+01   1.8642857e+02   9.2888889e+00
   3.6100000e+01   5.1428571e+01  -3.5311111e+01
   3.6200000e+01   1.5742857e+02   1.4488889e+00
   3.6300000e+01   2.8142857e+02  -4.5511111e+01
   3.6400000e+01   1.6942857e+02  -4.0031111e+01
   3.6500000e+01   1.2542857e+02   2.9728889e+01
   3.6600000e+01   3.3942857e+02  -4.8311111e+00
   3.6700000e+01   1.0642857e+02  -3.8511111e+01
   3.6800000e+01   1.5142857e+02  -1.4311111e+01
   3.6900000e+01   2.5642857e+02   5.1488889e+01
   3.7000000e+01   2.5842857e+02  -1.8591111e+01
   3.7100000e+01   1.7642857e+02   1.6888889e+00
   3.7200000e+01   2.1842857e+02   2.5008889e+01
   3.7300000e+01   9.4428571e+01  -4.0031111e+01
   3.7400000e+01   4.7428571e+01  -2.2151111e+01
   3.7500000e+01   2.1242857e+02  -7.0751111e+01
   3.7600000e+01   6.5428571e+01   1.4128889e+01
   3.7700000e+01   1.2842857e+02   2.5608889e+01
   3.7800000e+01   1.2242857e+02   5.3848889e+01
   3.7900000e+01   3.5442857e+02   1.1556889e+02
   3.8000000e+01   1.6942857e+02  -5.7031111e+01
   3.8100000e+01   1.5042857e+02  -7.2711111e+00
   3.8200000e+01   3.7142857e+02  -3.6111111e+01
   3.8300000e+01   2.7142857e+02  -3.2111111e+01
   3.8400000e+01   2.6242857e+02  -3.8751111e+01
   3.8500000e+01   9.9428571e+01  -6.1231111e+01
   3.8600000e+01   1.3142857e+02  -2.1511111e+01
   3.8700000e+01   1.9442857e+02  -2.2031111e+01
   3.8800000e+01  -9.5714286e+00  -2.8711111e+00
   3.8900000e+01   2.6842857e+02   1.5008889e+01
   3.9000000e+01   1.1742857e+02  -3.9511111e+00
   3.9100000e+01   2.0642857e+02   2.3488889e+01
   3.9200000e+01   1.4742857e+02   9.8488889e+00
   3.9300000e+01   2.4042857e+02   6.9128889e+01
   3.9400000e+01   1.3842857e+02   5.7208889e+01
   3.9500000e+01   2.1442857e+02  -4.8831111e+01
   3.9600000e+01   2.2042857e+02   5.7928889e+01
   3.9700000e+01   2.5142857e+02   9.6888889e+00
   3.9800000e+01   2.6042857e+02   4.9328889e+01
   3.9900000e+01   3.9428571e+01  -6.5831111e+01
   4.0000000e+01   2.7442857e+02  -2.9231111e+01
   4.0100000e+01   1.7542857e+02  -4.2711111e+00
   4.0200000e+01   6.8428571e+01   3.3008889e+01
   4.0300000e+01   2.7842857e+02  -6.2391111e+01
   4.0400000e+01   1.4242857e+02   3.0048889e+01
   4.0500000e+01   2.5342857e+02   5.1608889e+01
   4.0600000e+01   6.2428571e+01  -1.5751111e+01
   4.0700000e+01   6.5428571e+01  -9.2871111e+01
   4.0800000e+01   8.2428571e+01   7.6448889e+01
   4.0900000e+01   1.1342857e+02  -7.1791111e+01
   4.1000000e+01   7.8428571e+01   7.8608889e+01
   4.1100000e+01   2.4942857e+02  -6.5231111e+01
   4.1200000e+01   1.9742857e+02  -1.0615111e+02
   4.1300000e+01   3.1342857e+02   5.9208889e+01
   4.1400000e+01   1.7942857e+02  -8.2431111e+01
   4.1500000e+01   2.1242857e+02   2.9248889e+01
   4.1600000e+01   1.9442857e+02   6.0968889e+01
   4.1700000e+01   1.8442857e+02   8.7368889e+01
   4.1800000e+01   2.0242857e+02   6.3648889e+01
   4.1900000e+01   1.6742857e+02   1.1048889e+01
   4.2000000e+01   3.1142857e+02   6.2888889e+00
   4.2100000e+01   1.5842857e+02  -3.6591111e+01
   4.2200000e+01   2.3942857e+02   2.0168889e+01
   4.2300000e+01   3.1242857e+02   6.7248889e+01
   4.2400000e+01   1.1542857e+02   8.5128889e+01
   4.2500000e+01   1.8842857e+02   1.1208889e+01
   4.2600000e+01   2.1242857e+02  -1.7751111e+01
   4.2700000e+01   1.6242857e+02  -6.7511111e+00
   4.2800000e+01   6.5428571e+01  -2.8711111e+00
   4.2900000e+01   3.6542857e+02   2.7128889e+01
   4.3000000e+01   1.9942857e+02   7.6888889e-01
   4.3100000e+01   1.5842857e+02  -3.5591111e+01
   4.3200000e+01   1.2542857e+02  -3.2271111e+01
   4.3300000e+01   1.4042857e+02   6.4128889e+01
   4.3400000e+01   3.3442857e+02  -2.1631111e+01
   4.3500000e+01   8.4285714e+00   5.4088889e+00
   4.3600000e+01   9.0428571e+01   3.6128889e+01
   4.3700000e+01   1.4842857e+02  -7.1911111e+00
   4.3800000e+01   1.8542857e+02   2.4328889e+01
   4.3900000e+01   2.1542857e+02   2.4128889e+01
   4.4000000e+01   2.2242857e+02  -1.6151111e+01
   4.4100000e+01   4.8428571e+01   1.3808889e+01
   4.4200000e+01   3.4542857e+02  -4.4071111e+01
   4.4300000e+01   1.2142857e+02   1.0888889e+01
   4.4400000e+01   1.5442857e+02  -3.3431111e+01
   4.4500000e+01   1.5842857e+02   3.0408889e+01
   4.4600000e+01   2.0042857e+02  -4.2271111e+01
   4.4700000e+01   9.7428571e+01  -4.0151111e+01
   4.4800000e+01   3.0428571e+01   4.5528889e+01
   4.4900000e+01   5.6428571e+01  -7.8511111e+01
   4.5000000e+01   2.0242857e+02  -6.3511111e+00
   4.5100000e+01   3.5542857e+02  -5.8471111e+01
   4.5200000e+01   3.8542857e+02  -6.8671111e+01
   4.5300000e+01   3.2642857e+02  -5.4311111e+01
   4.5400000e+01   2.0742857e+02   2.8448889e+01
   4.5500000e+01   1.0042857e+02  -9.7271111e+01
   4.5600000e+01   1.6642857e+02  -5.2911111e+01
   4.5700000e+01   1.2342857e+02   8.8088889e+00
   4.5800000e+01   8.0428571e+01  -3.5471111e+01
   4.5900000e+01   6.6428571e+01  -2.7911111e+01
   4.6000000e+01   1.7242857e+02   2.6848889e+01
   4.6100000e+01   2.4142857e+02  -6.2911111e+01
   4.6200000e+01   1.6042857e+02  -3.1671111e+01
   4.6300000e+01   1.2742857e+02  -3.8351111e+01
   4.6400000e+01   2.6842857e+02  -3.1991111e+01
   4.6500000e+01   8.5428571e+01  -3.1671111e+01
   4.6600000e+01   1.7742857e+02  -1.7351111e+01
   4.6700000e+01   3.3842857e+02   1.3208889e+01
   4.6800000e+01   2.9442857e+02   4.3968889e+01
   4.6900000e+01   2.4042857e+02  -8.8711111e+00
   4.7000000e+01   1.9142857e+02  -7.1911111e+01
   4.7100000e+01   1.3942857e+02   1.2168889e+01
   4.7200000e+01   1.1042857e+02  -5.7671111e+01
   4.7300000e+01   1.0142857e+02  -2.4311111e+01
   4.7400000e+01   1.6442857e+02  -8.4831111e+01
   4.7500000e+01   2.3342857e+02  -4.6591111e+01
   4.7600000e+01   1.4842857e+02   1.8088889e+00
   4.7700000e+01   2.3042857e+02  -7.1471111e+01
   4.7800000e+01   2.1042857e+02   4.8328889e+01
   4.7900000e+01   8.6428571e+01   5.2888889e+00
   4.8000000e+01   3.1042857e+02  -6.2671111e+01
   4.8100000e+01   1.7042857e+02  -1.8071111e+01
   4.8200000e+01   1.2742857e+02  -3.0351111e+01
   4.8300000e+01   8.3428571e+01   4.8408889e+01
   4.8400000e+01   1.2042857e+02   4.3928889e+01
   4.8500000e+01   4.0428571e+01  -2.8711111e+00
   4.8600000e+01   2.7942857e+02  -7.7431111e+01
   4.8700000e+01   3.7642857e+02   1.7688889e+01
   4.8800000e+01   7.4428571e+01  -7.2311111e+00
   4.8900000e+01   3.1142857e+02  -2.6711111e+01
   4.9000000e+01   3.5642857e+02  -1.3511111e+01
   4.9100000e+01   3.0042857e+02   6.7288889e+00
   4.9200000e+01   8.4428571e+01  -7.2631111e+01
   4.9300000e+01   2.3542857e+02  -2.6711111e+00
   4.9400000e+01   1.5842857e+02   9.4408889e+01
   4.9500000e+01   1.1642857e+02   3.7088889e+01
   4.9600000e+01   2.4742857e+02  -1.5151111e+01
   4.9700000e+01   2.0242857e+02   4.2648889e+01
   4.9800000e+01   1.8242857e+02  -2.5551111e+01
   4.9900000e+01   1.2142857e+02  -1.5111111e+01
   5.0000000e+01   6.4285714e+00   5.5488889e+01
   5.0100000e+01   2.0542857e+02  -4.8471111e+01
   5.0200000e+01   2.3542857e+02  -1.8671111e+01
   5.0300000e+01   2.7942857e+02   5.4568889e+01
   5.0400000e+01   1.9342857e+02   4.0008889e+01
   5.0500000e+01   9.8428571e+01  -7.5191111e+01
   5.0600000e+01   1.4542857e+02  -5.5071111e+01
   5.0700000e+01   4.0428571e+01   3.1128889e+01
   5.0800000e+01   2.2842857e+02   3.6608889e+01
   5.0900000e+01   1.8042857e+02   4.0528889e+01
   5.1000000e+01   2.5042857e+02  -1.6271111e+01
   5.1100000e+01   4.7428571e+01   5.7848889e+01
   5.1200000e+01   2.2242857e+02  -1.1151111e+01
   5.1300000e+01   7.9428571e+01  -4.7431111e+01
   5.1400000e+01   2.0942857e+02  -3.0631111e+01
   5.1500000e+01   1.5942857e+02   1.0036889e+02
   5.1600000e+01   1.3442857e+02  -3.1631111e+01
   5.1700000e+01   1.6842857e+02  -7.9911111e+00
   5.1800000e+01   3.5428571e+01   1.0432889e+02
   5.1900000e+01   2.1042857e+02  -6.7671111e+01
   5.2000000e+01   1.7342857e+02  -5.5191111e+01
   5.2100000e+01   1.7742857e+02  -6.2351111e+01
   5.2200000e+01   2.5742857e+02   2.0448889e+01
   5.2300000e+01   1.5042857e+02   7.2888889e-01
   5.2400000e+01   1.9842857e+02  -3.5191111e+01
   5.2500000e+01   2.9642857e+02  -6.1111111e+00
   5.2600000e+01   1.9142857e+02   1.4088889e+01
   5.2700000e+01   1.9142857e+02   9.0888889e+00
   5.2800000e+01   1.0242857e+02  -4.5351111e+01
   5.2900000e+01   2.1542857e+02  -6.6871111e+01
   5.3000000e+01   8.8428571e+01   3.0208889e+01
   5.3100000e+01   4.7428571e+01  -7.1511111e+00
   5.3200000e+01  -3.5714286e+00  -6.4111111e+01
   5.3300000e+01   3.6428571e+01   3.0288889e+01
   5.3400000e+01   1.2842857e+02  -8.4391111e+01
   5.3500000e+01   1.0342857e+02  -4.3391111e+01
   5.3600000e+01   1.6242857e+02  -4.7751111e+01
   5.3700000e+01   1.5042857e+02   1.0872889e+02
   5.3800000e+01   8.3428571e+01   2.8408889e+01
   5.3900000e+01   1.2042857e+02  -1.0071111e+01
   5.4000000e+01   1.4842857e+02   5.4808889e+01
   5.4100000e+01   3.1142857e+02  -1.9711111e+01
   5.4200000e+01   7.1428571e+01  -4.5111111e+01
   5.4300000e+01   1.6042857e+02   4.3288889e+00
   5.4400000e+01   1.1642857e+02   1.5088889e+01
   5.4500000e+01   2.5042857e+02   6.6728889e+01
   5.4600000e+01  -5.3571429e+01  -4.7111111e+01
   5.4700000e+01   1.4642857e+02  -1.2111111e+01
   5.4800000e+01   1.8742857e+02  -2.2751111e+01
   5.4900000e+01   2.8342857e+02   4.4088889e+00
   5.5000000e+01   2.0142857e+02  -3.7311111e+01
   5.5100000e+01   6.9428571e+01   1.8968889e+01
   5.5200000e+01   3.8842857e+02   8.2088889e+00
   5.5300000e+01   2.8942857e+02  -1.9831111e+01
   5.5400000e+01   2.9542857e+02   3.9928889e+01
   5.5500000e+01   1.6742857e+02   1.8048889e+01
   5.5600000e+01   1.2942857e+02   2.6568889e+01
   5.5700000e+01   1.1842857e+02  -4.9911111e+00
   5.5800000e+01   1.4142857e+02   1.3088889e+01
   5.5900000e+01   1.3242857e+02  -1.8551111e+01
   5.6000000e+01   1.0942857e+02  -5.7631111e+01
   5.6100000e+01   1.3242857e+02   4.5448889e+01
   5.6200000e+01   1.4242857e+02   1.2048889e+01
   5.6300000e+01   2.3942857e+02   1.5168889e+01
   5.6400000e+01   1.9442857e+02  -4.9031111e+01
   5.6500000e+01   1.8242857e+02  -6.3551111e+01
   5.6600000e+01   5.4428571e+01   1.5568889e+01
   5.6700000e+01   1.3842857e+02   4.4208889e+01
   5.6800000e+01   2.1842857e+02  -1.1991111e+01
   5.6900000e+01   1.7042857e+02  -9.0711111e+00
   5.7000000e+01   1.2842857e+02   5.5608889e+01
   5.7100000e+01   2.1842857e+02  -8.9911111e+00
   5.7200000e+01   1.0742857e+02   7.4488889e+00
   5.7300000e+01   1.1042857e+02  -1.9671111e+01
   5.7400000e+01   1.1342857e+02   2.7208889e+01
   5.7500000e+01   1.9142857e+02  -7.3911111e+01
   5.7600000e+01   1.1428571e+01  -3.5711111e+01
   5.7700000e+01   3.0842857e+02  -4.6591111e+01
   5.7800000e+01   2.7742857e+02  -3.7351111e+01
   5.7900000e+01   2.8442857e+02   7.3688889e+00
   5.8000000e+01   1.9642857e+02   1.9888889e+01
   5.8100000e+01   2.0428571e+01   1.0928889e+01
   5.8200000e+01   1.2642857e+02  -2.8311111e+01
   5.8300000e+01   1.3642857e+02   2.2888889e+00
   5.8400000e+01   1.2342857e+02  -6.9191111e+01
   5.8500000e+01   2.9942857e+02  -2.2311111e+00
   5.8600000e+01   1.0742857e+02   8.1448889e+01
   5.8700000e+01   1.0642857e+02  -4.5111111e+00
   5.8800000e+01   8.4428571e+01  -5.2631111e+01
   5.8900000e+01   1.6942857e+02  -4.1031111e+01
   5.9000000e+01   2.3342857e+02  -1.6591111e+01
   5.9100000e+01   1.4942857e+02   2.0768889e+01
   5.9200000e+01   1.6742857e+02   5.8048889e+01
   5.9300000e+01   1.0642857e+02   5.2488889e+01
   5.9400000e+01   1.9542857e+02  -3.4071111e+01
   5.9500000e+01   2.1142857e+02  -6.7111111e+00
   5.9600000e+01   6.6428571e+01  -2.6911111e+01
   5.9700000e+01   3.3428571e+01  -2.9591111e+01
   5.9800000e+01   3.6428571e+01   2.9288889e+01
   5.9900000e+01   2.0242857e+02  -4.9351111e+01
   6.0000000e+01   1.0442857e+02  -5.0431111e+01
   6.0100000e+01   1.5642857e+02  -2.0511111e+01
   6.0200000e+01   1.3342857e+02   5.9408889e+01
   6.0300000e+01   2.4142857e+02   2.5088889e+01
   6.0400000e+01   1.8742857e+02  -4.1751111e+01
   6.0500000e+01   8.4285714e+00  -1.4591111e+01
   6.0600000e+01   1.3542857e+02   6.9328889e+01
   6.0700000e+01   1.6042857e+02  -1.1671111e+01
   6.0800000e+01  -1.5571429e+01  -3.4631111e+01
   6.0900000e+01   2.2142857e+02  -5.4111111e+01
   6.1000000e+01   1.7742857e+02  -4.7351111e+01
   6.1100000e+01   1.6842857e+02  -1.5991111e+01
   6.1200000e+01   2.9428571e+01  -5.3431111e+01
   6.1300000e+01   1.0942857e+02  -2.9631111e+01
   6.1400000e+01   2.0242857e+02   2.1648889e+01
   6.1500000e+01   1.3142857e+02   4.8888889e-01
   6.1600000e+01   1.4842857e+02  -1.9191111e+01
   6.1700000e+01   2.1542857e+02  -3.1871111e+01
   6.1800000e+01   2.1542857e+02  -2.6871111e+01
   6.1900000e+01   9.6428571e+01   2.2888889e+01
   6.2000000e+01   7.3428571e+01  -8.2191111e+01
   6.2100000e+01   7.5428571e+01   8.7288889e+00
   6.2200000e+01   6.1428571e+01  -2.1711111e+01
   6.2300000e+01   1.0642857e+02  -4.8511111e+01
   6.2400000e+01   8.2428571e+01  -5.9551111e+01
   6.2500000e+01   1.3842857e+02  -8.7791111e+01
   6.2600000e+01   1.2142857e+02  -5.7111111e+01
   6.2700000e+01   1.1742857e+02  -4.9511111e+00
   6.2800000e+01   9.6428571e+01  -3.1111111e+00
   6.2900000e+01   7.7428571e+01  -3.3511111e+00
   6.3000000e+01   1.8428571e+01   1.1008889e+01
   6.3100000e+01   2.2428571e+01  -3.7151111e+01
   6.3200000e+01   5.0428571e+01  -4.5271111e+01
   6.3300000e+01   2.7342857e+02  -3.5191111e+01
   6.3400000e+01   1.5242857e+02  -6.4351111e+01
   6.3500000e+01   3.0342857e+02   2.1608889e+01
   6.3600000e+01   1.6428571e+01  -7.4911111e+01
   6.3700000e+01   2.5642857e+02  -8.0511111e+01
   6.3800000e+01   1.3742857e+02  -4.1751111e+01
   6.3900000e+01   2.3542857e+02   2.1328889e+01
   6.4000000e+01   1.6042857e+02   4.1328889e+01
   6.4100000e+01   2.0242857e+02  -2.3511111e+00
   6.4200000e+01   1.9742857e+02   4.5848889e+01
   6.4300000e+01   1.4542857e+02  -3.6071111e+01
   6.4400000e+01   1.0842857e+02  -1.7591111e+01
   6.4500000e+01   1.9042857e+02   2.6128889e+01
   6.4600000e+01   1.7428571e+01   8.0488889e+00
   6.4700000e+01   1.9242857e+02   3.0488889e+00
   6.4800000e+01   3.1442857e+02  -8.5831111e+01
   6.4900000e+01   7.3428571e+01  -4.1911111e+00
   6.5000000e+01   1.4742857e+02   4.1848889e+01
   6.5100000e+01   4.3542857e+02  -2.1671111e+01
   6.5200000e+01   4.0428571e+01  -8.1871111e+01
   6.5300000e+01   1.6742857e+02  -5.4951111e+01
   6.5400000e+01   1.4742857e+02  -9.1511111e+00
   6.5500000e+01   7.8428571e+01   3.3608889e+01
   6.5600000e+01   2.1542857e+02  -5.5871111e+01
   6.5700000e+01   5.1428571e+01  -1.6311111e+01
   6.5800000e+01   5.4428571e+01   1.6568889e+01
   6.5900000e+01   2.3742857e+02  -1.8751111e+01
   6.6000000e+01   3.5428571e+01   2.3288889e+00
   6.6100000e+01   1.3442857e+02  -2.3631111e+01
   6.6200000e+01   2.9842857e+02   4.0808889e+01
   6.6300000e+01   4.1842857e+02  -9.9111111e-01
   6.6400000e+01   5.1642857e+02  -2.7911111e+01
   6.6500000e+01   1.4842857e+02   6.8088889e+00
   6.6600000e+01   1.7042857e+02   4.9288889e+00
   6.6700000e+01   1.5428571e+01   9.6128889e+01
   6.6800000e+01   1.4542857e+02   3.1928889e+01
   6.6900000e+01   1.9642857e+02  -3.9111111e+01
   6.7000000e+01   2.5942857e+02  -2.2631111e+01
   6.7100000e+01   6.1428571e+01  -4.6711111e+01
   6.7200000e+01   1.0142857e+02   1.1688889e+01
   6.7300000e+01   2.2542857e+02  -3.5271111e+01
   6.7400000e+01   2.9428571e+01  -5.8431111e+01
   6.7500000e+01   3.7642857e+02   1.2688889e+01
   6.7600000e+01   1.1642857e+02  -7.5911111e+01
   6.7700000e+01   1.7342857e+02   1.1808889e+01
   6.7800000e+01   5.6428571e+01  -3.7511111e+01
   6.7900000e+01   1.5242857e+02  -3.0351111e+01
   6.8000000e+01   3.2342857e+02  -1.7191111e+01
   6.8100000e+01   8.0428571e+01   5.2528889e+01
   6.8200000e+01   8.5428571e+01   8.0328889e+01
   6.8300000e+01   1.5742857e+02  -3.5551111e+01
   6.8400000e+01   2.3242857e+02  -1.6551111e+01
   6.8500000e+01   3.2428571e+01   1.4488889e+00
   6.8600000e+01   3.6428571e+01   4.3288889e+01
   6.8700000e+01   1.3842857e+02  -4.8791111e+01
   6.8800000e+01   1.1042857e+02  -2.3671111e+01
   6.8900000e+01   3.2428571e+01  -4.5551111e+01
   6.9000000e+01   1.6042857e+02  -3.4671111e+01
   6.9100000e+01   3.0042857e+02  -5.6271111e+01
   6.9200000e+01   2.7642857e+02   8.6888889e+00
   6.9300000e+01   2.0842857e+02  -6.0591111e+01
   6.9400000e+01   1.7842857e+02  -3.3911111e+00
   6.9500000e+01  -1.2571429e+01  -5.4751111e+01
   6.9600000e+01  -3.3571429e+01  -1.9111111e+00
   6.9700000e+01   1.0642857e+02  -5.1111111e-01
   6.9800000e+01   1.0342857e+02   2.1608889e+01
   6.9900000e+01  -8.5714286e+00  -4.8911111e+01
   7.0000000e+01   1.4142857e+02   9.0888889e+00
   7.0100000e+01   3.7428571e+01   1.3248889e+01
   7.0200000e+01   1.5342857e+02  -4.0391111e+01
   7.0300000e+01   4.8428571e+01   2.3808889e+01
   7.0400000e+01   1.2242857e+02   8.0848889e+01
   7.0500000e+01   2.0842857e+02  -3.3591111e+01
   7.0600000e+01   1.8542857e+02   3.5328889e+01
   7.0700000e+01   1.6142857e+02   2.6288889e+01
   7.0800000e+01   2.0842857e+02  -1.8591111e+01
   7.0900000e+01   3.1342857e+02  -7.7911111e+00
   7.1000000e+01   1.4342857e+02   9.0008889e+01
   7.1100000e+01   1.9142857e+02   3.3088889e+01
   7.1200000e+01   2.3342857e+02  -8.0591111e+01
   7.1300000e+01   2.5542857e+02   6.0528889e+01
   7.1400000e+01   1.1742857e+02  -1.5951111e+01
   7.1500000e+01   7.2428571e+01  -2.4151111e+01
   7.1600000e+01  -3.1571429e+01  -4.7991111e+01
   7.1700000e+01  -7.5714286e+00  -4.6951111e+01
   7.1800000e+01   5.8428571e+01   2.5408889e+01
   7.1900000e+01   2.5342857e+02  -7.2391111e+01
   7.2000000e+01   1.1942857e+02  -1.0031111e+01
   7.2100000e+01   4.2428571e+01   5.2048889e+01
   7.2200000e+01   2.5142857e+02  -1.4311111e+01
   7.2300000e+01   1.9542857e+02  -3.1071111e+01
   7.2400000e+01   3.3642857e+02  -4.2711111e+01
   7.2500000e+01   7.8428571e+01  -4.3911111e+00
   7.2600000e+01   1.4742857e+02  -8.1511111e+00
   7.2700000e+01   1.1342857e+02  -2.8791111e+01
   7.2800000e+01   2.2442857e+02  -3.9231111e+01
   7.2900000e+01   2.1742857e+02   3.7048889e+01
   7.3000000e+01   1.4742857e+02   2.8848889e+01
   7.3100000e+01   3.0242857e+02  -6.3511111e+00
   7.3200000e+01   2.2742857e+02  -1.4351111e+01
   7.3300000e+01   1.5242857e+02  -3.3511111e+00
   7.3400000e+01   3.0642857e+02  -3.7511111e+01
   7.3500000e+01   1.3442857e+02  -2.6311111e+00
   7.3600000e+01   5.6428571e+01   4.7488889e+01
   7.3700000e+01   1.7442857e+02  -5.2231111e+01
   7.3800000e+01   1.1242857e+02  -1.4751111e+01
   7.3900000e+01  -6.5571429e+01  -2.8631111e+01
   7.4000000e+01   2.7042857e+02   1.2192889e+02
   7.4100000e+01   2.0042857e+02  -7.1271111e+01
   7.4200000e+01  -1.0571429e+01   9.1688889e+00
   7.4300000e+01   1.7342857e+02   4.8808889e+01
   7.4400000e+01   1.5742857e+02   1.2244889e+02
   7.4500000e+01   1.1842857e+02   1.0088889e+00
   7.4600000e+01   4.4428571e+01  -1.0031111e+01
   7.4700000e+01   2.2742857e+02   6.4888889e-01
   7.4800000e+01   2.2542857e+02  -3.2711111e+00
   7.4900000e+01   5.2428571e+01   3.1648889e+01
   7.5000000e+01   2.9142857e+02  -4.8911111e+01
   7.5100000e+01   3.0442857e+02  -1.4311111e+00
   7.5200000e+01   1.4442857e+02   1.1296889e+02
   7.5300000e+01   3.1442857e+02   2.1688889e+00
   7.5400000e+01   1.0342857e+02   2.4608889e+01
   7.5500000e+01   1.7942857e+02  -2.4431111e+01
   7.5600000e+01   7.3428571e+01   5.8088889e+00
   7.5700000e+01   1.7242857e+02  -1.1151111e+01
   7.5800000e+01   1.5542857e+02  -3.5471111e+01
   7.5900000e+01   2.8742857e+02  -2.4751111e+01
   7.6000000e+01   1.3042857e+02  -8.0471111e+01
   7.6100000e+01   1.1042857e+02  -3.0671111e+01
   7.6200000e+01   5.7428571e+01   6.0448889e+01
   7.6300000e+01   1.7042857e+02   5.7928889e+01
   7.6400000e+01   2.3542857e+02  -3.2671111e+01
   7.6500000e+01   6.3428571e+01   1.0208889e+01
   7.6600000e+01   1.5842857e+02  -6.7591111e+01
   7.6700000e+01   1.9842857e+02   1.5808889e+01
   7.6800000e+01   1.4742857e+02   6.8488889e+00
   7.6900000e+01   2.2428571e+01  -9.1511111e+00
   7.7000000e+01   8.2428571e+01   2.7448889e+01
   7.7100000e+01   1.1142857e+02   3.3288889e+01
   7.7200000e+01   1.8642857e+02   9.2888889e+00
   7.7300000e+01   1.8142857e+02  -3.3511111e+01
   7.7400000e+01   1.3042857e+02  -5.1471111e+01
   7.7500000e+01   1.4142857e+02   5.5088889e+01
   7.7600000e+01   2.4428571e+01   3.7688889e+00
   7.7700000e+01   3.4285714e+00   7.5608889e+01
   7.7800000e+01   1.2642857e+02  -2.0311111e+01
   7.7900000e+01   1.5942857e+02  -8.5631111e+01
   7.8000000e+01   1.0742857e+02  -6.1551111e+01
   7.8100000e+01   1.7742857e+02  -3.3511111e+00
   7.8200000e+01   1.3142857e+02  -6.5111111e+00
   7.8300000e+01   8.5428571e+01   1.5328889e+01
   7.8400000e+01   2.3742857e+02   2.8248889e+01
   7.8500000e+01   1.3342857e+02  -2.7591111e+01
   7.8600000e+01   1.7642857e+02   1.8688889e+01
   7.8700000e+01   1.9342857e+02  -1.9911111e+00
   7.8800000e+01   1.2842857e+02   4.2608889e+01
   7.8900000e+01   2.5242857e+02   1.2664889e+02
   7.9000000e+01   5.3428571e+01   3.2608889e+01
   7.9100000e+01   2.9042857e+02  -2.9871111e+01
   7.9200000e+01   2.4142857e+02   1.0888889e+00
   7.9300000e+01   3.8742857e+02   4.3248889e+01
   7.9400000e+01   1.3342857e+02   1.4088889e+00
   7.9500000e+01   1.7542857e+02  -3.4271111e+01
   7.9600000e+01   1.4542857e+02   2.4928889e+01
   7.9700000e+01   2.0542857e+02  -3.3471111e+01
   7.9800000e+01   2.2042857e+02  -3.7071111e+01
   7.9900000e+01   6.2428571e+01   1.6248889e+01
   8.0000000e+01   1.4642857e+02   5.8888889e+00
   8.0100000e+01   2.6842857e+02  -1.0899111e+02
   8.0200000e+01   2.3642857e+02  -2.5711111e+01
   8.0300000e+01   2.4428571e+01  -2.2311111e+00
   8.0400000e+01   1.1942857e+02   1.1196889e+02
   8.0500000e+01   1.0842857e+02   5.9408889e+01
   8.0600000e+01   5.7428571e+01   4.3448889e+01
   8.0700000e+01   2.3542857e+02   6.3288889e+00
   8.0800000e+01   3.2042857e+02  -7.9071111e+01
   8.0900000e+01   2.1942857e+02   3.4968889e+01
   8.1000000e+01   1.4642857e+02   3.8888889e+01
   8.1100000e+01   1.4042857e+02  -4.5871111e+01
   8.1200000e+01   2.0642857e+02   7.6488889e+01
   8.1300000e+01   1.0942857e+02   9.2368889e+01
   8.1400000e+01   1.8442857e+02  -3.2631111e+01
   8.1500000e+01   2.0442857e+02   1.8568889e+01
   8.1600000e+01   2.9442857e+02   2.5968889e+01
   8.1700000e+01   2.8542857e+02   2.1328889e+01
   8.1800000e+01   1.9942857e+02  -5.2231111e+01
   8.1900000e+01   2.2342857e+02  -6.3191111e+01
   8.2000000e+01   6.4428571e+01   7.2168889e+01
   8.2100000e+01   2.0042857e+02   5.7288889e+00
   8.2200000e+01   2.3142857e+02  -3.5111111e+00
   8.2300000e+01   2.7742857e+02   3.4648889e+01
   8.2400000e+01   2.6142857e+02   3.8288889e+01
   8.2500000e+01   1.1542857e+02  -6.9871111e+01
   8.2600000e+01   2.0042857e+02  -4.5271111e+01
   8.2700000e+01   3.0742857e+02  -2.4551111e+01
   8.2800000e+01   1.5342857e+02  -1.8391111e+01
   8.2900000e+01  -1.5571429e+01  -8.6311111e+00
   8.3000000e+01  -2.5714286e+00  -3.8151111e+01
   8.3100000e+01   1.0242857e+02   1.7648889e+01
   8.3200000e+01   1.6542857e+02   2.9128889e+01
   8.3300000e+01   1.7842857e+02  -2.1391111e+01
   8.3400000e+01   1.1042857e+02   7.8328889e+01
   8.3500000e+01   2.2342857e+02  -2.4191111e+01
   8.3600000e+01   2.9642857e+02  -3.7111111e+01
   8.3700000e+01   1.0342857e+02  -1.0391111e+01
   8.3800000e+01   2.8042857e+02  -2.7471111e+01
   8.3900000e+01   5.6428571e+01  -2.6511111e+01
   8.4000000e+01   2.2942857e+02   2.7568889e+01
   8.4100000e+01   1.5242857e+02  -2.2351111e+01
   8.4200000e+01   2.0842857e+02  -8.3591111e+01
   8.4300000e+01   1.2642857e+02   3.3688889e+01
   8.4400000e+01   2.3642857e+02   1.1128889e+02
   8.4500000e+01   1.0428571e+01  -2.3671111e+01
   8.4600000e+01   1.5542857e+02  -5.1471111e+01
   8.4700000e+01   1.0842857e+02  -8.4591111e+01
   8.4800000e+01   8.6428571e+01  -1.0771111e+02
   8.4900000e+01   2.0442857e+02  -3.4311111e+00
   8.5000000e+01   1.5742857e+02  -2.2551111e+01
   8.5100000e+01   8.8428571e+01  -4.4791111e+01
   8.5200000e+01   1.4942857e+02  -2.2231111e+01
   8.5300000e+01   1.4242857e+02  -1.3951111e+01
   8.5400000e+01   1.4742857e+02  -5.4151111e+01
   8.5500000e+01   1.9642857e+02  -3.4111111e+01
   8.5600000e+01   1.6842857e+02  -5.1991111e+01
   8.5700000e+01   2.1242857e+02   2.4888889e-01
   8.5800000e+01   3.0342857e+02  -4.8391111e+01
   8.5900000e+01   1.7742857e+02  -2.3351111e+01
   8.6000000e+01   3.6428571e+01  -4.7711111e+01
   8.6100000e+01   1.5842857e+02  -2.6591111e+01
   8.6200000e+01   3.7428571e+01   2.4888889e-01
   8.6300000e+01   6.5428571e+01  -2.9871111e+01
   8.6400000e+01   1.1242857e+02  -4.2751111e+01
   8.6500000e+01   1.3842857e+02   5.6208889e+01
   8.6600000e+01   1.2642857e+02  -5.9311111e+01
   8.6700000e+01   1.7842857e+02   2.3608889e+01
   8.6800000e+01   1.8042857e+02   1.0252889e+02
   8.6900000e+01   1.4942857e+02   6.5768889e+01
   8.7000000e+01   1.3742857e+02  -9.7511111e+00
   8.7100000e+01   1.3042857e+02   1.5528889e+01
   8.7200000e+01   2.1142857e+02   1.1628889e+02
   8.7300000e+01   1.6242857e+02  -9.7511111e+00
   8.7400000e+01   2.1742857e+02  -3.9951111e+01
   8.7500000e+01   2.5542857e+02   2.5288889e+00
   8.7600000e+01   1.1442857e+02  -2.9831111e+01
   8.7700000e+01   1.5342857e+02   8.5608889e+01
   8.7800000e+01   1.5342857e+02   7.8608889e+01
   8.7900000e+01   1.7428571e+01  -6.4951111e+01
   8.8000000e+01   3.6042857e+02  -3.0671111e+01
   8.8100000e+01   3.7742857e+02   5.0648889e+01
   8.8200000e+01   3.3042857e+02  -3.9471111e+01
   8.8300000e+01   6.6428571e+01   9.0888889e+00
   8.8400000e+01   1.6142857e+02  -4.6711111e+01
   8.8500000e+01   1.6742857e+02   3.4048889e+01
   8.8600000e+01   3.1142857e+02  -1.0571111e+02
   8.8700000e+01   2.5642857e+02  -2.5111111e+00
   8.8800000e+01   2.5342857e+02   1.8608889e+01
   8.8900000e+01   9.4428571e+01   1.5968889e+01
   8.9000000e+01   2.3742857e+02   9.2488889e+00
   8.9100000e+01   1.6942857e+02   2.7968889e+01
   8.9200000e+01   1.8242857e+02   5.9448889e+01
   8.9300000e+01   2.0742857e+02  -4.2551111e+01
   8.9400000e+01   3.9428571e+01  -1.7831111e+01
   8.9500000e+01   1.0442857e+02  -3.6431111e+01
   8.9600000e+01   1.8842857e+02   1.1208889e+01
   8.9700000e+01   2.7342857e+02  -3.6191111e+01
   8.9800000e+01   2.2242857e+02  -6.1151111e+01
   8.9900000e+01   1.7142857e+02  -1.3111111e+01
   9.0000000e+01   2.0242857e+02   2.1648889e+01
   9.0100000e+01   4.0428571e+01  -5.8871111e+01
   9.0200000e+01   1.1642857e+02  -4.9911111e+01
   9.0300000e+01   7.2428571e+01   1.0848889e+01
   9.0400000e+01   2.3942857e+02  -2.2831111e+01
   9.0500000e+01   3.6542857e+02  -2.1871111e+01
   9.0600000e+01   1.1242857e+02  -5.3751111e+01
   9.0700000e+01   1.7442857e+02  -1.8231111e+01
   9.0800000e+01   4.6428571e+01   5.9888889e+01
   9.0900000e+01   1.5742857e+02  -1.4551111e+01
   9.1000000e+01   1.3042857e+02  -1.5471111e+01
   9.1100000e+01  -1.9571429e+01  -6.7471111e+01
   9.1200000e+01   2.0042857e+02   4.9728889e+01
   9.1300000e+01   1.3642857e+02  -2.1711111e+01
   9.1400000e+01   2.4342857e+02  -1.7991111e+01
   9.1500000e+01   1.1242857e+02  -2.0751111e+01
   9.1600000e+01   1.7642857e+02  -3.2311111e+01
   9.1700000e+01   4.9428571e+01   3.4768889e+01
   9.1800000e+01   2.0342857e+02  -7.5391111e+01
   9.1900000e+01   9.5428571e+01  -1.7071111e+01
   9.2000000e+01   2.0642857e+02  -5.5511111e+01
   9.2100000e+01   1.2742857e+02   6.4888889e-01
   9.2200000e+01   1.6842857e+02   5.7008889e+01
   9.2300000e+01   8.3428571e+01   5.5408889e+01
   9.2400000e+01   2.7142857e+02  -5.7111111e+01
   9.2500000e+01   1.5842857e+02  -4.0591111e+01
   9.2600000e+01   8.1428571e+01  -6.7511111e+01
   9.2700000e+01   1.1242857e+02  -5.7511111e+00
   9.2800000e+01   1.7342857e+02   3.9808889e+01
   9.2900000e+01   2.0642857e+02  -2.3511111e+01
   9.3000000e+01   2.6742857e+02  -3.1951111e+01
   9.3100000e+01   5.0428571e+01  -2.3271111e+01
   9.3200000e+01   1.3642857e+02  -3.3711111e+01
   9.3300000e+01   1.3642857e+02  -3.7711111e+01
   9.3400000e+01   1.1842857e+02  -6.5991111e+01
   9.3500000e+01   3.3042857e+02  -1.0547111e+02
   9.3600000e+01   1.6742857e+02  -7.3951111e+01
   9.3700000e+01   1.9942857e+02   2.8768889e+01
   9.3800000e+01   8.2428571e+01   8.4488889e+00
   9.3900000e+01   1.9642857e+02  -2.7111111e+01
   9.4000000e+01   2.7742857e+02  -4.5351111e+01
   9.4100000e+01   3.8428571e+01  -4.7911111e+00
   9.4200000e+01   1.1142857e+02   4.4288889e+01
   9.4300000e+01   2.9642857e+02  -6.9111111e+01
   9.4400000e+01   9.6428571e+01  -5.5111111e+01
   9.4500000e+01   9.5428571e+01  -6.7071111e+01
   9.4600000e+01   1.0142857e+02  -5.6311111e+01
   9.4700000e+01   7.2428571e+01  -7.9151111e+01
   9.4800000e+01   6.1428571e+01  -1.4711111e+01
   9.4900000e+01   1.0342857e+02  -5.3391111e+01
   9.5000000e+01   3.0428571e+01   8.5288889e+00
   9.5100000e+01   3.0242857e+02  -5.5351111e+01
   9.5200000e+01   1.8742857e+02  -4.8751111e+01
   9.5300000e+01  -5.9571429e+01   1.8128889e+01
   9.5400000e+01   2.7428571e+01   1.8648889e+01
   9.5500000e+01   2.8142857e+02   5.4888889e+00
   9.5600000e+01   1.4842857e+02  -1.8191111e+01
   9.5700000e+01   3.4042857e+02   3.1288889e+00
   9.5800000e+01   1.3242857e+02   3.8448889e+01
   9.5900000e+01   2.5142857e+02  -6.8311111e+01
   9.6000000e+01   2.5142857e+02   6.3688889e+01
   9.6100000e+01   9.8428571e+01   1.1808889e+01
   9.6200000e+01   2.1142857e+02  -2.5711111e+01
   9.6300000e+01   2.3542857e+02   7.3288889e+00
   9.6400000e+01   1.9842857e+02  -2.5191111e+01
   9.6500000e+01   1.7542857e+02  -4.6271111e+01
   9.6600000e+01   5.7428571e+01  -6.9551111e+01
   9.6700000e+01   3.2242857e+02  -6.1511111e+00
   9.6800000e+01   2.5142857e+02  -1.0311111e+01
   9.6900000e+01   3.2428571e+01  -2.6551111e+01
   9.7000000e+01   1.1942857e+02  -3.8031111e+01
   9.7100000e+01   1.1342857e+02   3.3208889e+01
   9.7200000e+01   2.4242857e+02  -5.4951111e+01
   9.7300000e+01   2.3342857e+02   2.5408889e+01
   9.7400000e+01   1.7042857e+02  -4.0711111e+00
   9.7500000e+01   3.1542857e+02  -1.0987111e+02
   9.7600000e+01   8.8428571e+01  -1.9791111e+01
   9.7700000e+01   1.6942857e+02   2.7968889e+01
   9.7800000e+01   3.2142857e+02  -3.8111111e+01
   9.7900000e+01   1.3242857e+02   2.2448889e+01
   9.8000000e+01   1.9642857e+02  -5.1111111e+00
   9.8100000e+01   3.9542857e+02   1.9928889e+01
   9.8200000e+01   2.0042857e+02  -6.5271111e+01
   9.8300000e+01   3.0942857e+02  -7.6311111e+00
   9.8400000e+01   6.7428571e+01  -5.9511111e+00
   9.8500000e+01   6.7428571e+01  -7.8951111e+01
   9.8600000e+01   1.6542857e+02  -2.6871111e+01
   9.8700000e+01   9.8428571e+01  -1.1911111e+00
   9.8800000e+01  -8.5714286e+00   1.3908889e+02
   9.8900000e+01   5.2428571e+01   1.3664889e+02
   9.9000000e+01   3.9428571e+01   1.7168889e+01
   9.9100000e+01  -2.5714286e+00   7.7848889e+01
   9.9200000e+01   1.4742857e+02   1.0884889e+02
   9.9300000e+01   2.6142857e+02   3.6288889e+01
   9.9400000e+01   1.6542857e+02   3.4128889e+01
   9.9500000e+01   3.9428571e+01  -3.8311111e+00
   9.9600000e+01   2.0142857e+02   1.6888889e+00
   9.9700000e+01   1.7428571e+01   5.4048889e+01
   9.9800000e+01   1.1742857e+02   1.1704889e+02
   9.9900000e+01   1.3542857e+02   7.6328889e+01
   1.0000000e+02   1.7742857e+02  -5.4351111e+01
   1.0010000e+02  -7.7571429e+01   2.3848889e+01
   1.0020000e+02  -4.4571429e+01   1.0452889e+02
   1.0030000e+02  -1.5571429e+01   6.2368889e+01
   1.0040000e+02  -2.9571429e+01   1.1392889e+02
   1.0050000e+02  -2.4571429e+01   6.0728889e+01
   1.0060000e+02  -3.7571429e+01  -4.7511111e+00
   1.0070000e+02   9.4285714e+00   1.4368889e+01
   1.0080000e+02   1.1242857e+02   1.2488889e+00
   1.0090000e+02   1.2742857e+02  -4.8351111e+01
   1.0100000e+02   7.4285714e+00   1.2144889e+02
   1.0110000e+02  -1.5571429e+01   3.6368889e+01
   1.0120000e+02   2.5042857e+02   8.7728889e+01
   1.0130000e+02   1.2042857e+02   2.4928889e+01
   1.0140000e+02   6.3428571e+01  -9.7911111e+00
   1.0150000e+02   6.8428571e+01   7.0088889e+00
   1.0160000e+02   1.8842857e+02   4.6208889e+01
   1.0170000e+02   1.2142857e+02   1.0788889e+02
   1.0180000e+02   7.1428571e+01  -4.1111111e+00
   1.0190000e+02  -4.9571429e+01   1.4728889e+01
   1.0200000e+02  -1.7571429e+01   1.0744889e+02
   1.0210000e+02   8.7428571e+01   8.0248889e+01
   1.0220000e+02  -5.2571429e+01   1.5848889e+01
   1.0230000e+02   2.1042857e+02   2.8328889e+01
   1.0240000e+02   1.6742857e+02  -4.1951111e+01
   1.0250000e+02   1.6042857e+02  -6.3671111e+01
   1.0260000e+02  -2.7571429e+01   1.7284889e+02
   1.0270000e+02  -2.5571429e+01  -1.1231111e+01
   1.0280000e+02   3.1428571e+01  -2.8511111e+01
   1.0290000e+02   7.0428571e+01   9.9928889e+01
   1.0300000e+02   2.6342857e+02   1.4208889e+01
   1.0310000e+02   8.8428571e+01   1.0220889e+02
   1.0320000e+02   1.3942857e+02  -7.4831111e+01
   1.0330000e+02   7.7428571e+01   4.0648889e+01
   1.0340000e+02   3.5428571e+01   1.1832889e+02
   1.0350000e+02   7.8428571e+01   1.0960889e+02
   1.0360000e+02   5.1428571e+01   8.0688889e+01
   1.0370000e+02   4.1428571e+01   4.8088889e+01
   1.0380000e+02  -2.6571429e+01   7.7808889e+01
   1.0390000e+02   4.3428571e+01   5.9008889e+01
   1.0400000e+02   1.1442857e+02   2.0116889e+02
   1.0410000e+02   2.0242857e+02   9.8648889e+01
   1.0420000e+02   2.0942857e+02   4.5368889e+01
   1.0430000e+02   4.2857143e-01   3.6728889e+01
   1.0440000e+02   4.0428571e+01   4.1128889e+01
   1.0450000e+02   1.6842857e+02  -5.4991111e+01
   1.0460000e+02   1.3142857e+02   1.8488889e+01
   1.0470000e+02   2.6042857e+02  -5.9671111e+01
   1.0480000e+02   1.2042857e+02   1.0592889e+02
   1.0490000e+02   1.3042857e+02   1.0752889e+02
   1.0500000e+02   1.7842857e+02  -1.7391111e+01
   1.0510000e+02   1.5242857e+02   6.6648889e+01
   1.0520000e+02   1.7042857e+02   3.0928889e+01
   1.0530000e+02   6.5428571e+01   2.6128889e+01
   1.0540000e+02   2.8942857e+02  -3.6831111e+01
   1.0550000e+02   7.1428571e+01   3.9888889e+01
   1.0560000e+02   7.7428571e+01   2.6648889e+01
   1.0570000e+02   2.4942857e+02   8.0768889e+01
   1.0580000e+02   9.1428571e+01  -9.9111111e+00
   1.0590000e+02   1.5942857e+02   1.7536889e+02
   1.0600000e+02   8.1428571e+01  -2.2511111e+01
   1.0610000e+02   8.0428571e+01   3.9528889e+01
   1.0620000e+02  -2.7571429e+01   1.1684889e+02
   1.0630000e+02   1.4942857e+02   2.3768889e+01
   1.0640000e+02   4.0428571e+01   1.2412889e+02
   1.0650000e+02   5.8428571e+01   1.6440889e+02
   1.0660000e+02  -9.9571429e+01   2.1728889e+01
   1.0670000e+02   5.0428571e+01   6.2728889e+01
   1.0680000e+02   1.1942857e+02   3.8968889e+01
   1.0690000e+02   1.1242857e+02   2.1248889e+01
   1.0700000e+02   1.2142857e+02   7.8888889e+01
   1.0710000e+02   1.8428571e+01   4.8008889e+01
   1.0720000e+02   1.4542857e+02   2.4928889e+01
   1.0730000e+02   8.8428571e+01  -4.6791111e+01
   1.0740000e+02   1.0342857e+02  -1.8391111e+01
   1.0750000e+02   9.0428571e+01   3.0128889e+01
   1.0760000e+02   9.6428571e+01  -2.6111111e+01
   1.0770000e+02   9.5428571e+01   1.9192889e+02
   1.0780000e+02  -7.7571429e+01  -7.2151111e+01
   1.0790000e+02  -3.8571429e+01   7.1288889e+01
   1.0800000e+02   4.3428571e+01   2.4008889e+01
   1.0810000e+02   7.3428571e+01   5.3808889e+01
   1.0820000e+02   2.1042857e+02   9.7328889e+01
   1.0830000e+02   1.8342857e+02   2.8408889e+01
   1.0840000e+02   1.9428571e+01   4.0968889e+01
   1.0850000e+02   9.4428571e+01  -4.7031111e+01
   1.0860000e+02   2.3428571e+01  -4.1191111e+01
   1.0870000e+02   1.1642857e+02   2.4088889e+01
   1.0880000e+02   6.4285714e+00  -2.8511111e+01
   1.0890000e+02  -3.5714286e+00  -2.7111111e+01
   1.0900000e+02   2.4285714e+00   1.1464889e+02
   1.0910000e+02   2.4285714e+00   1.2764889e+02
   1.0920000e+02   1.1242857e+02  -1.5751111e+01
   1.0930000e+02   1.2742857e+02   3.1648889e+01
   1.0940000e+02   3.0428571e+01   4.5288889e+00
   1.0950000e+02   1.3242857e+02   1.8448889e+01
   1.0960000e+02   7.4428571e+01   1.4576889e+02
   1.0970000e+02   7.4428571e+01   1.0768889e+01
   1.0980000e+02   1.3742857e+02   4.5248889e+01
   1.0990000e+02   5.2428571e+01  -1.3511111e+00
   1.1000000e+02   2.0142857e+02   3.6888889e+00
   1.1010000e+02   1.4542857e+02   1.6928889e+01
   1.1020000e+02   5.3428571e+01  -2.4391111e+01
   1.1030000e+02   3.7428571e+01   6.2248889e+01
   1.1040000e+02   4.3428571e+01   6.1008889e+01
   1.1050000e+02   1.4642857e+02   4.9888889e+01
   1.1060000e+02   2.4428571e+01   9.7688889e+00
   1.1070000e+02   8.0428571e+01   1.0552889e+02
   1.1080000e+02   8.4285714e+00   3.7408889e+01
   1.1090000e+02   8.4285714e+00   6.3408889e+01
   1.1100000e+02   1.6342857e+02   8.5208889e+01
   1.1110000e+02   2.7428571e+01  -1.5351111e+01
   1.1120000e+02   1.2142857e+02   5.0888889e+01
   1.1130000e+02  -5.7142857e-01   1.6768889e+01
   1.1140000e+02   7.7428571e+01   5.6648889e+01
   1.1150000e+02   8.5428571e+01   4.4328889e+01
   1.1160000e+02   9.3428571e+01  -2.6991111e+01
   1.1170000e+02   8.7428571e+01  -2.0751111e+01
   1.1180000e+02   6.7428571e+01  -3.6951111e+01
   1.1190000e+02  -9.5714286e+00  -5.2871111e+01
   1.1200000e+02  -7.1571429e+01  -3.0391111e+01
   1.1210000e+02   5.5428571e+01   2.3528889e+01
   1.1220000e+02  -4.8571429e+01  -4.7311111e+01
   1.1230000e+02   1.0042857e+02   9.8728889e+01
   1.1240000e+02   1.0942857e+02   8.0368889e+01
   1.1250000e+02   1.1042857e+02   9.5328889e+01
   1.1260000e+02   6.1428571e+01  -1.0711111e+01
   1.1270000e+02   3.3428571e+01  -3.0591111e+01
   1.1280000e+02   1.5642857e+02  -4.2511111e+01
   1.1290000e+02   1.0342857e+02   5.6088889e+00
   1.1300000e+02   5.6428571e+01   1.1148889e+02
   1.1310000e+02   6.8428571e+01   8.3008889e+01
   1.1320000e+02   3.4428571e+01   2.9368889e+01
   1.1330000e+02   1.4285714e+00  -5.3111111e+00
   1.1340000e+02  -1.9571429e+01   4.5528889e+01
   1.1350000e+02   7.7428571e+01   8.8648889e+01
   1.1360000e+02   1.2242857e+02   6.4848889e+01
   1.1370000e+02   1.1842857e+02   3.6008889e+01
   1.1380000e+02   7.8428571e+01  -4.0391111e+01
   1.1390000e+02  -4.1571429e+01  -1.5591111e+01
   1.1400000e+02   1.0442857e+02  -4.7431111e+01
   1.1410000e+02   8.8428571e+01  -4.6791111e+01
   1.1420000e+02   1.1742857e+02   1.6104889e+02
   1.1430000e+02  -1.5571429e+01   1.5736889e+02
   1.1440000e+02  -7.5714286e+00  -2.9511111e+00
   1.1450000e+02   1.1842857e+02   9.7008889e+01
   1.1460000e+02  -5.6571429e+01   6.9008889e+01
   1.1470000e+02  -1.8571429e+01  -5.3511111e+01
   1.1480000e+02   6.4428571e+01   6.4168889e+01
   1.1490000e+02   4.1428571e+01   6.6088889e+01
   1.1500000e+02   1.3842857e+02   2.7208889e+01
   1.1510000e+02   2.0142857e+02  -4.3111111e+00
   1.1520000e+02   4.6428571e+01   9.6888889e+01
   1.1530000e+02   2.1242857e+02  -3.2751111e+01
   1.1540000e+02  -7.5714286e+00  -3.1951111e+01
   1.1550000e+02  -4.0571429e+01  -1.9631111e+01
   1.1560000e+02   5.3428571e+01   2.3608889e+01
   1.1570000e+02   9.3428571e+01   4.0088889e+00
   1.1580000e+02   2.8428571e+01  -6.2391111e+01
   1.1590000e+02   1.7142857e+02  -5.0111111e+01
   1.1600000e+02   7.6428571e+01  -2.2311111e+01
   1.1610000e+02   1.3428571e+01   2.0888889e-01
   1.1620000e+02   1.1342857e+02   6.1208889e+01
   1.1630000e+02   9.4285714e+00   9.3688889e+00
   1.1640000e+02   5.6428571e+01  -7.2511111e+01
   1.1650000e+02   2.5542857e+02   3.2528889e+01
   1.1660000e+02   2.2542857e+02   2.6728889e+01
   1.1670000e+02   1.5142857e+02   3.5688889e+01
   1.1680000e+02   8.6428571e+01   1.8288889e+01
   1.1690000e+02   1.5142857e+02  -1.1311111e+01
   1.1700000e+02   5.7428571e+01   1.8448889e+01
   1.1710000e+02   1.8842857e+02   3.6208889e+01
   1.1720000e+02  -2.1571429e+01   5.8608889e+01
   1.1730000e+02   2.0428571e+01   2.7928889e+01
   1.1740000e+02   1.0042857e+02   7.4728889e+01
   1.1750000e+02  -7.5714286e+00   9.0488889e+00
   1.1760000e+02   1.7742857e+02   7.6488889e+00
   1.1770000e+02  -3.1571429e+01   1.3600889e+02
   1.1780000e+02   6.3428571e+01   4.2088889e+00
   1.1790000e+02   2.5442857e+02   2.0568889e+01
   1.1800000e+02   9.2428571e+01   6.6048889e+01
   1.1810000e+02   1.4042857e+02   4.0128889e+01
   1.1820000e+02   1.5742857e+02  -9.2551111e+01
   1.1830000e+02  -4.4571429e+01   1.4052889e+02
   1.1840000e+02   1.4542857e+02   3.7928889e+01
   1.1850000e+02   1.5842857e+02  -2.5911111e+00
   1.1860000e+02   1.5942857e+02   8.9368889e+01
   1.1870000e+02  -2.9571429e+01   8.6928889e+01
   1.1880000e+02   5.9428571e+01   1.3368889e+01
   1.1890000e+02  -8.3571429e+01   5.7088889e+01
   1.1900000e+02   1.4342857e+02   2.3008889e+01
   1.1910000e+02   2.2242857e+02   2.2848889e+01
   1.1920000e+02   1.0742857e+02  -1.5511111e+00
   1.1930000e+02   6.0428571e+01   2.0328889e+01
   1.1940000e+02   2.1942857e+02  -2.8031111e+01
   1.1950000e+02   7.0428571e+01   8.3928889e+01
   1.1960000e+02   5.9428571e+01   8.8368889e+01
   1.1970000e+02  -3.5714286e+00   8.2888889e+01
   1.1980000e+02   9.9428571e+01   3.9768889e+01
   1.1990000e+02   1.2442857e+02  -2.2231111e+01
   1.2000000e+02   6.0428571e+01  -1.9671111e+01
   1.2010000e+02   7.7428571e+01  -2.2351111e+01
   1.2020000e+02  -3.7571429e+01  -3.6751111e+01
   1.2030000e+02   6.6428571e+01  -3.1911111e+01
   1.2040000e+02   7.8428571e+01  -3.9111111e-01
   1.2050000e+02   2.8342857e+02  -2.6591111e+01
   1.2060000e+02   4.1428571e+01   6.3088889e+01
   1.2070000e+02   7.6428571e+01   6.4688889e+01
   1.2080000e+02   1.8042857e+02   5.5288889e+00
   1.2090000e+02   1.5142857e+02   3.6888889e+00
   1.2100000e+02  -6.0571429e+01   3.1168889e+01
   1.2110000e+02   6.4428571e+01   1.1916889e+02
   1.2120000e+02   1.8542857e+02  -4.7671111e+01
   1.2130000e+02   1.8842857e+02   2.3208889e+01
   1.2140000e+02   1.1742857e+02  -1.9951111e+01
   1.2150000e+02  -1.4571429e+01   8.1328889e+01
   1.2160000e+02   1.0242857e+02   4.2648889e+01
   1.2170000e+02   4.5428571e+01  -2.2071111e+01
   1.2180000e+02   1.5142857e+02   4.0688889e+01
   1.2190000e+02   7.7428571e+01  -3.8351111e+01
   1.2200000e+02   6.9428571e+01  -3.1031111e+01
   1.2210000e+02   1.6442857e+02   7.5168889e+01
   1.2220000e+02  -3.3571429e+01   8.0888889e+00
   1.2230000e+02   6.8428571e+01  -7.8991111e+01
   1.2240000e+02   1.4942857e+02   2.3768889e+01
   1.2250000e+02   1.4442857e+02  -1.9031111e+01
   1.2260000e+02   2.5842857e+02   3.7408889e+01
   1.2270000e+02   3.8428571e+01   1.1420889e+02
   1.2280000e+02  -1.1457143e+02   1.4532889e+02
   1.2290000e+02  -1.4571429e+01   3.9328889e+01
   1.2300000e+02   1.1242857e+02   5.4248889e+01
   1.2310000e+02   1.6442857e+02   1.0316889e+02
   1.2320000e+02   1.0042857e+02   8.2728889e+01
   1.2330000e+02   7.4285714e+00   1.8044889e+02
   1.2340000e+02   1.0242857e+02   6.9648889e+01
   1.2350000e+02   2.8428571e+01   7.9608889e+01
   1.2360000e+02  -4.3571429e+01   1.8348889e+02
   1.2370000e+02   1.4428571e+01   8.0168889e+01
   1.2380000e+02   6.0428571e+01   1.8332889e+02
   1.2390000e+02   1.0642857e+02   3.9488889e+01
   1.2400000e+02   1.0428571e+01   5.2328889e+01
   1.2410000e+02   4.9428571e+01   7.0768889e+01
   1.2420000e+02  -2.5714286e+00   3.4848889e+01
   1.2430000e+02   1.3242857e+02   8.7448889e+01
   1.2440000e+02   2.4142857e+02   2.0608889e+02
   1.2450000e+02   1.2942857e+02  -8.4311111e+00
   1.2460000e+02  -7.2571429e+01   6.6648889e+01
   1.2470000e+02   9.8428571e+01   1.0280889e+02
   1.2480000e+02   2.0428571e+01   1.2692889e+02
   1.2490000e+02  -1.2757143e+02   1.0184889e+02
   1.2500000e+02  -6.1571429e+01   1.6120889e+02
   1.2510000e+02   3.8428571e+01   1.8320889e+02
   1.2520000e+02   1.5428571e+01   1.2712889e+02
   1.2530000e+02   4.2857143e-01   6.3728889e+01
   1.2540000e+02  -3.2571429e+01   9.4048889e+01
   1.2550000e+02   8.4285714e+00   2.6408889e+01
   1.2560000e+02   3.9428571e+01   4.4168889e+01
   1.2570000e+02   1.6428571e+01   2.8088889e+01
   1.2580000e+02   4.6428571e+01   3.3888889e+01
   1.2590000e+02   6.4428571e+01   1.2516889e+02
   1.2600000e+02   4.6428571e+01   4.5888889e+01
   1.2610000e+02   6.3428571e+01   4.6208889e+01
   1.2620000e+02  -3.5714286e+00   1.0488889e+02
   1.2630000e+02   9.4285714e+00   5.1368889e+01
   1.2640000e+02   2.3842857e+02   1.5820889e+02
   1.2650000e+02  -7.2571429e+01   1.6164889e+02
   1.2660000e+02   1.7242857e+02   8.4888889e-01
   1.2670000e+02   1.0142857e+02  -2.7311111e+01
   1.2680000e+02   3.3428571e+01   5.9408889e+01
   1.2690000e+02  -8.5714286e+00   3.7088889e+01
   1.2700000e+02   2.0842857e+02   4.3408889e+01
   1.2710000e+02   1.7642857e+02   6.9688889e+01
   1.2720000e+02   1.0742857e+02   5.3448889e+01
   1.2730000e+02   5.9428571e+01   1.3036889e+02
   1.2740000e+02   5.7428571e+01   4.4448889e+01
   1.2750000e+02   1.5842857e+02   1.0540889e+02
   1.2760000e+02  -2.3571429e+01   1.3768889e+02
   1.2770000e+02  -8.5714286e+00   9.8088889e+01
   1.2780000e+02   3.7428571e+01   4.2488889e+00
   1.2790000e+02   1.0242857e+02   1.8864889e+02
   1.2800000e+02  -1.0057143e+02   1.5976889e+02
   1.2810000e+02  -7.0571429e+01   5.1568889e+01
   1.2820000e+02   1.2428571e+01  -4.7751111e+01
   1.2830000e+02   7.6428571e+01   9.6888889e+00
   1.2840000e+02   1.2428571e+01   5.1248889e+01
   1.2850000e+02   1.0142857e+02  -7.8311111e+01
   1.2860000e+02   1.5428571e+01  -1.2871111e+01
   1.2870000e+02   3.5428571e+01  -1.1671111e+01
   1.2880000e+02   4.6428571e+01  -6.0111111e+01
   1.2890000e+02   2.9428571e+01  -7.1431111e+01
   1.2900000e+02   2.6428571e+01  -6.3111111e+00
   1.2910000e+02  -4.5571429e+01   1.0156889e+02
   1.2920000e+02  -1.4571429e+01   1.8328889e+01
   1.2930000e+02   2.2428571e+01   1.2848889e+01
   1.2940000e+02   6.6428571e+01   3.3088889e+01
   1.2950000e+02   4.0428571e+01   2.8128889e+01
   1.2960000e+02   2.0428571e+01   2.9288889e+00
   1.2970000e+02  -3.8571429e+01   1.3128889e+02
   1.2980000e+02   1.0142857e+02   6.9688889e+01
   1.2990000e+02   1.2428571e+01   1.8248889e+01
   1.3000000e+02   3.6428571e+01   5.2888889e+00
   1.3010000e+02  -9.4571429e+01   3.5528889e+01
   1.3020000e+02   1.0042857e+02   4.9728889e+01
   1.3030000e+02   2.0428571e+01  -5.5071111e+01
   1.3040000e+02  -6.7571429e+01   1.8448889e+01
   1.3050000e+02   1.0942857e+02  -2.2631111e+01
   1.3060000e+02   1.4342857e+02   7.0008889e+01
   1.3070000e+02   2.7428571e+01   2.9648889e+01
   1.3080000e+02  -1.0257143e+02   6.8488889e+00
   1.3090000e+02   3.5428571e+01  -1.0467111e+02
   1.3100000e+02   2.0642857e+02  -6.2511111e+01
   1.3110000e+02   6.4428571e+01   6.0168889e+01
   1.3120000e+02   1.3042857e+02  -8.4711111e+00
   1.3130000e+02   7.4428571e+01   2.0768889e+01
   1.3140000e+02   2.2242857e+02   1.2384889e+02
   1.3150000e+02   1.1342857e+02   4.7208889e+01
   1.3160000e+02   1.0242857e+02  -1.3511111e+00
   1.3170000e+02   1.4742857e+02  -2.9151111e+01
   1.3180000e+02  -9.5714286e+00   3.2128889e+01
   1.3190000e+02   1.0742857e+02   5.9448889e+01
   1.3200000e+02   7.7428571e+01   5.8648889e+01
   1.3210000e+02   1.5428571e+01   1.4612889e+02
   1.3220000e+02   8.6428571e+01  -4.9711111e+01
   1.3230000e+02   1.4442857e+02   8.0968889e+01
   1.3240000e+02  -1.2571429e+01  -1.4751111e+01
   1.3250000e+02   1.4042857e+02  -1.6871111e+01
   1.3260000e+02   1.7242857e+02   4.2848889e+01
   1.3270000e+02   7.0428571e+01   5.6928889e+01
   1.3280000e+02   8.2428571e+01  -1.6551111e+01
   1.3290000e+02   1.1442857e+02   2.6168889e+01
   1.3300000e+02   1.8428571e+01   1.1500889e+02
   1.3310000e+02   9.7428571e+01   2.4848889e+01
   1.3320000e+02   1.3442857e+02   3.3368889e+01
   1.3330000e+02   2.6428571e+01   2.8688889e+01
   1.3340000e+02   5.4428571e+01   3.8568889e+01
   1.3350000e+02   1.5742857e+02   2.2448889e+01
   1.3360000e+02   1.0442857e+02   4.1568889e+01
   1.3370000e+02   1.6342857e+02   5.4208889e+01
   1.3380000e+02   1.6428571e+01  -2.1911111e+01
   1.3390000e+02   4.1428571e+01  -2.4911111e+01
   1.3400000e+02   8.6428571e+01   6.1288889e+01
   1.3410000e+02   3.0428571e+01   2.8528889e+01
   1.3420000e+02   4.4428571e+01  -1.0311111e+00
   1.3430000e+02   2.4428571e+01   3.2768889e+01
   1.3440000e+02   1.0142857e+02  -1.5311111e+01
   1.3450000e+02   1.5842857e+02  -3.1591111e+01
   1.3460000e+02   1.7642857e+02   3.8688889e+01
   1.3470000e+02  -6.2571429e+01  -1.4751111e+01
   1.3480000e+02   3.4285714e+00  -1.5391111e+01
   1.3490000e+02   2.2942857e+02   1.2568889e+01
   1.3500000e+02   2.0442857e+02   1.9156889e+02
   1.3510000e+02   5.8428571e+01   1.9040889e+02
   1.3520000e+02   5.7428571e+01   4.7448889e+01
   1.3530000e+02   1.5428571e+01  -1.6871111e+01
   1.3540000e+02  -9.3571429e+01   9.3488889e+01
   1.3550000e+02   1.2842857e+02   1.6088889e+00
   1.3560000e+02   6.4428571e+01  -5.7831111e+01
   1.3570000e+02   2.3428571e+01  -3.3191111e+01
   1.3580000e+02   8.8428571e+01   2.6208889e+01
   1.3590000e+02   9.3428571e+01   7.4008889e+01
   1.3600000e+02  -2.8571429e+01  -3.1111111e+00
   1.3610000e+02  -2.4571429e+01   4.6728889e+01
   1.3620000e+02   1.4742857e+02   3.4848889e+01
   1.3630000e+02   7.5428571e+01  -3.2711111e+00
   1.3640000e+02   4.5428571e+01  -7.2071111e+01
   1.3650000e+02  -2.3571429e+01   1.1688889e+01
   1.3660000e+02   1.2442857e+02   6.5768889e+01
   1.3670000e+02   5.8428571e+01   8.7408889e+01
   1.3680000e+02  -2.4571429e+01  -5.2271111e+01
   1.3690000e+02   5.4428571e+01   1.2456889e+02
   1.3700000e+02   4.3428571e+01   3.7008889e+01
   1.3710000e+02   3.0428571e+01   2.6528889e+01
   1.3720000e+02   5.8428571e+01   1.3140889e+02
   1.3730000e+02   2.2642857e+02  -6.3111111e+00
   1.3740000e+02   1.1142857e+02   1.2888889e+00
   1.3750000e+02   1.2942857e+02  -6.0431111e+01
   1.3760000e+02   6.0428571e+01   6.8328889e+01
   1.3770000e+02   2.9428571e+01  -7.4311111e+00
   1.3780000e+02   2.7342857e+02  -5.4191111e+01
   1.3790000e+02   8.3428571e+01   1.0840889e+02
   1.3800000e+02   1.3142857e+02   3.5488889e+01
   1.3810000e+02  -3.2571429e+01   1.2804889e+02
   1.3820000e+02   1.1442857e+02   5.8168889e+01
   1.3830000e+02   2.5428571e+01   5.8728889e+01
   1.3840000e+02   1.0242857e+02   1.0364889e+02
   1.3850000e+02   2.1442857e+02   5.5168889e+01
   1.3860000e+02   9.9428571e+01   5.0768889e+01
   1.3870000e+02  -2.1571429e+01   5.6608889e+01
   1.3880000e+02  -1.9571429e+01   4.2528889e+01
   1.3890000e+02  -1.5571429e+01   1.0236889e+02
   1.3900000e+02   6.2428571e+01   2.2324889e+02
   1.3910000e+02  -3.5714286e+00   3.1688889e+02
   1.3920000e+02   1.3942857e+02   9.8168889e+01
   1.3930000e+02   2.0428571e+01   1.4928889e+01
   1.3940000e+02   1.4285714e+00  -2.2311111e+01
   1.3950000e+02   4.0428571e+01  -2.3871111e+01
   1.3960000e+02   5.7428571e+01  -2.7551111e+01
   1.3970000e+02   1.0342857e+02  -2.2391111e+01
   1.3980000e+02   6.4428571e+01  -5.7831111e+01
   1.3990000e+02   2.7428571e+01  -3.5111111e-01
   1.4000000e+02   9.4285714e+00   5.9368889e+01
   1.4010000e+02   6.8428571e+01  -1.5991111e+01
   1.4020000e+02   1.2442857e+02   2.0768889e+01
   1.4030000e+02   1.0442857e+02  -1.0431111e+01
   1.4040000e+02   1.1642857e+02  -3.1911111e+01
   1.4050000e+02   9.1428571e+01  -1.1911111e+01
   1.4060000e+02   5.5428571e+01  -1.5471111e+01
   1.4070000e+02   2.3542857e+02   3.1328889e+01
   1.4080000e+02   1.3142857e+02   6.9488889e+01
   1.4090000e+02   1.2342857e+02   7.8088889e+00
   1.4100000e+02   1.8242857e+02   2.0448889e+01
   1.4110000e+02   1.4842857e+02   2.0808889e+01
   1.4120000e+02   1.5642857e+02   8.4488889e+01
   1.4130000e+02   2.1442857e+02   1.3168889e+01
   1.4140000e+02   8.5428571e+01   1.3288889e+00
   1.4150000e+02   1.6242857e+02  -4.3751111e+01
   1.4160000e+02   5.3428571e+01  -1.5391111e+01
   1.4170000e+02   1.9428571e+01   3.4968889e+01
   1.4180000e+02   3.3428571e+01   4.4088889e+00
   1.4190000e+02   1.9342857e+02  -2.9911111e+00
   1.4200000e+02   8.0428571e+01   1.3252889e+02
   1.4210000e+02   1.5442857e+02   1.4568889e+01
   1.4220000e+02   4.4285714e+00  -1.1431111e+01
   1.4230000e+02  -9.5714286e+00   1.1212889e+02
   1.4240000e+02   3.3428571e+01   4.4088889e+00
   1.4250000e+02   1.2842857e+02   3.3608889e+01
   1.4260000e+02   1.6428571e+01   6.8088889e+01
   1.4270000e+02   3.0428571e+01   4.6528889e+01
   1.4280000e+02  -5.5714286e+00   1.2596889e+02
   1.4290000e+02  -5.8571429e+01   2.6088889e+01
   1.4300000e+02   1.2442857e+02   4.9768889e+01
   1.4310000e+02   1.0742857e+02   4.8448889e+01
   1.4320000e+02   2.0428571e+01  -9.0711111e+00
   1.4330000e+02   2.0542857e+02   8.1528889e+01
   1.4340000e+02   7.3428571e+01  -3.1911111e+00
   1.4350000e+02   1.6942857e+02   2.3968889e+01
   1.4360000e+02   1.1842857e+02   5.0088889e+00
   1.4370000e+02   3.4428571e+01   5.3688889e+00
   1.4380000e+02  -4.5571429e+01   4.2568889e+01
   1.4390000e+02   6.1428571e+01   7.4288889e+01
   1.4400000e+02   1.5942857e+02  -3.7631111e+01
   1.4410000e+02   4.0428571e+01   8.5128889e+01
   1.4420000e+02   1.0342857e+02   4.0608889e+01
   1.4430000e+02   5.9428571e+01   1.3688889e+00
   1.4440000e+02   2.1242857e+02  -1.1751111e+01
   1.4450000e+02   1.4342857e+02   1.7008889e+01
   1.4460000e+02   3.1742857e+02   2.0304889e+02
   1.4470000e+02   7.3428571e+01   1.2780889e+02
   1.4480000e+02   9.4285714e+00   1.0236889e+02
   1.4490000e+02   2.0542857e+02   1.6652889e+02
   1.4500000e+02   3.7428571e+01   8.4248889e+01
   1.4510000e+02   6.3428571e+01   2.8208889e+01
   1.4520000e+02  -2.8571429e+01   9.8888889e+01
   1.4530000e+02   7.8428571e+01   1.3608889e+01
   1.4540000e+02  -1.3357143e+02   6.9088889e+01
   1.4550000e+02   7.3428571e+01   5.7808889e+01
   1.4560000e+02   1.1442857e+02   2.1168889e+01
   1.4570000e+02   4.7428571e+01   2.6848889e+01
   1.4580000e+02   1.0342857e+02  -4.2391111e+01
   1.4590000e+02   4.3428571e+01   2.5008889e+01
   1.4600000e+02   7.1428571e+01   5.6888889e+01
   1.4610000e+02   5.3428571e+01   4.6608889e+01
   1.4620000e+02   1.4442857e+02  -3.8031111e+01
   1.4630000e+02   2.9428571e+01   7.4568889e+01
   1.4640000e+02   1.0542857e+02   4.9528889e+01
   1.4650000e+02   1.2542857e+02   3.7288889e+00
   1.4660000e+02   5.9428571e+01   6.3368889e+01
   1.4670000e+02   1.8442857e+02   1.8368889e+01
   1.4680000e+02   1.7242857e+02   1.0584889e+02
   1.4690000e+02   1.6942857e+02  -1.9031111e+01
   1.4700000e+02   1.2742857e+02   7.1648889e+01
   1.4710000e+02   1.8942857e+02  -2.1831111e+01
   1.4720000e+02   1.6242857e+02   5.1248889e+01
   1.4730000e+02   9.3428571e+01   1.3400889e+02
   1.4740000e+02   1.0842857e+02   5.2408889e+01
   1.4750000e+02   2.2742857e+02  -3.7351111e+01
   1.4760000e+02   1.3342857e+02   7.4088889e+00
   1.4770000e+02  -5.7142857e-01   7.0768889e+01
   1.4780000e+02   2.5342857e+02   2.8608889e+01
   1.4790000e+02   1.2142857e+02   5.3888889e+01
   1.4800000e+02   2.9342857e+02   2.6008889e+01
   1.4810000e+02   3.0442857e+02   1.2156889e+02
   1.4820000e+02   5.1428571e+01   5.7688889e+01
   1.4830000e+02   1.0342857e+02   5.7608889e+01
   1.4840000e+02   1.3342857e+02   1.5408889e+01
   1.4850000e+02   3.1142857e+02   5.7288889e+01
   1.4860000e+02   8.9428571e+01   6.8168889e+01
   1.4870000e+02   8.7428571e+01   2.3224889e+02
   1.4880000e+02  -5.3571429e+01   1.7888889e+01
   1.4890000e+02   2.8428571e+01   1.3608889e+01
   1.4900000e+02  -7.6571429e+01   1.2380889e+02
   1.4910000e+02   6.1428571e+01   1.1288889e+01
   1.4920000e+02   8.7428571e+01   1.7248889e+01
   1.4930000e+02   1.8142857e+02   1.3748889e+02
   1.4940000e+02   1.1042857e+02   1.0632889e+02
   1.4950000e+02   1.2242857e+02   1.4684889e+02
   1.4960000e+02   8.9428571e+01  -3.8311111e+00
   1.4970000e+02   1.5842857e+02   3.0408889e+01
   1.4980000e+02   1.1242857e+02   1.4824889e+02
   1.4990000e+02   7.5428571e+01   3.7728889e+01
   1.5000000e+02   2.0442857e+02   2.9568889e+01
   1.5010000e+02   2.1742857e+02   4.0488889e+00
   1.5020000e+02   6.4285714e+00   8.7488889e+01
   1.5030000e+02   3.3428571e+01   7.0408889e+01
   1.5040000e+02   1.9642857e+02  -3.2111111e+01
   1.5050000e+02   1.4442857e+02  -6.5031111e+01
   1.5060000e+02   2.9442857e+02   2.5968889e+01
   1.5070000e+02   4.1428571e+01   3.3088889e+01
   1.5080000e+02   2.9242857e+02  -3.6951111e+01
   1.5090000e+02   1.8242857e+02  -5.5511111e+00
   1.5100000e+02   8.7428571e+01  -5.6751111e+01
   1.5110000e+02   2.4942857e+02   5.3768889e+01
   1.5120000e+02   1.3042857e+02   7.6528889e+01
   1.5130000e+02   4.5428571e+01   5.3928889e+01
   1.5140000e+02   1.1942857e+02   4.3968889e+01
   1.5150000e+02   1.0642857e+02   8.0488889e+01
   1.5160000e+02   1.2428571e+01   4.9248889e+01
   1.5170000e+02   3.7428571e+01   1.4424889e+02
   1.5180000e+02   1.2642857e+02  -4.2311111e+01
   1.5190000e+02   3.1542857e+02   2.9128889e+01
   1.5200000e+02   1.3942857e+02   3.8168889e+01
   1.5210000e+02   7.2428571e+01   5.4848889e+01
   1.5220000e+02   1.6442857e+02   6.5168889e+01
   1.5230000e+02   8.5428571e+01   9.3288889e+00
   1.5240000e+02   1.1442857e+02   6.3168889e+01
   1.5250000e+02   1.5142857e+02  -1.6311111e+01
   1.5260000e+02   6.0428571e+01   9.3328889e+01
   1.5270000e+02   1.2142857e+02  -1.6111111e+01
   1.5280000e+02  -3.1571429e+01  -1.6991111e+01
   1.5290000e+02   1.8342857e+02   9.2408889e+01
   1.5300000e+02   4.1428571e+01   3.0088889e+01
   1.5310000e+02   1.2242857e+02   3.3848889e+01
   1.5320000e+02   3.3428571e+01   4.9408889e+01
   1.5330000e+02   3.2428571e+01  -2.3551111e+01
   1.5340000e+02   1.3642857e+02  -1.7111111e+00
   1.5350000e+02   1.5542857e+02   1.6528889e+01
   1.5360000e+02   1.5042857e+02  -7.5271111e+01
   1.5370000e+02   2.1542857e+02  -3.8711111e+00
   1.5380000e+02   1.5428571e+01   4.6128889e+01
   1.5390000e+02   7.3428571e+01   7.7808889e+01
   1.5400000e+02   1.0542857e+02  -4.3471111e+01
   1.5410000e+02   1.2642857e+02   1.0568889e+02
   1.5420000e+02  -1.8571429e+01   1.0848889e+02
   1.5430000e+02   1.3342857e+02   6.5408889e+01
   1.5440000e+02   1.8242857e+02   4.4488889e+00
   1.5450000e+02   1.7442857e+02   5.5768889e+01
   1.5460000e+02   4.3428571e+01   1.1400889e+02
   1.5470000e+02  -8.5714286e+00   1.1708889e+02
   1.5480000e+02  -4.2571429e+01   5.6448889e+01
   1.5490000e+02   2.7428571e+01   1.6648889e+01
   1.5500000e+02   8.3428571e+01   4.0408889e+01
   1.5510000e+02  -8.6571429e+01   3.9208889e+01
   1.5520000e+02   8.7428571e+01   5.3248889e+01
   1.5530000e+02   1.7642857e+02  -1.8311111e+01
   1.5540000e+02   2.4285714e+00   6.1648889e+01
   1.5550000e+02   2.3042857e+02   3.9528889e+01
   1.5560000e+02   8.8428571e+01   5.2208889e+01
   1.5570000e+02   1.8942857e+02   1.0316889e+02
   1.5580000e+02   1.5742857e+02  -4.0551111e+01
   1.5590000e+02   1.3428571e+01  -3.0791111e+01
   1.5600000e+02   1.1342857e+02   5.8208889e+01
   1.5610000e+02   5.5428571e+01   6.5288889e+00
   1.5620000e+02   1.3542857e+02   4.9328889e+01
   1.5630000e+02   9.2428571e+01   4.1048889e+01
   1.5640000e+02   4.1428571e+01  -1.7911111e+01
   1.5650000e+02   2.0042857e+02   2.3728889e+01
   1.5660000e+02   1.1742857e+02  -4.5951111e+01
   1.5670000e+02   1.2342857e+02   3.7808889e+01
   1.5680000e+02   3.5428571e+01   1.3232889e+02
   1.5690000e+02   2.8242857e+02  -1.4551111e+01
   1.5700000e+02   2.5942857e+02   1.1368889e+01
   1.5710000e+02   1.0342857e+02   1.0060889e+02
   1.5720000e+02   1.2142857e+02   4.1888889e+01
   1.5730000e+02   1.7342857e+02  -1.9111111e-01
   1.5740000e+02   1.9642857e+02   7.8888889e+00
   1.5750000e+02   1.1242857e+02   6.3248889e+01
   1.5760000e+02   1.0742857e+02   1.8448889e+01
   1.5770000e+02   2.7142857e+02   2.4888889e+01
   1.5780000e+02   1.3742857e+02  -2.0751111e+01
   1.5790000e+02   7.5428571e+01   6.9728889e+01
   1.5800000e+02   3.4428571e+01  -2.0631111e+01
   1.5810000e+02   2.8342857e+02   1.5440889e+02
   1.5820000e+02   5.8428571e+01   5.1408889e+01
   1.5830000e+02   1.2242857e+02  -1.8151111e+01
   1.5840000e+02   1.5942857e+02   3.0368889e+01
   1.5850000e+02   1.9342857e+02   2.9008889e+01
   1.5860000e+02   1.0342857e+02  -3.9111111e-01
   1.5870000e+02   1.6342857e+02   1.1920889e+02
   1.5880000e+02   1.5742857e+02   3.4488889e+00
   1.5890000e+02   1.4142857e+02   2.1088889e+01
   1.5900000e+02   1.6342857e+02   2.3208889e+01
   1.5910000e+02   2.0142857e+02   8.9688889e+01
   1.5920000e+02   1.3042857e+02   9.9528889e+01
   1.5930000e+02   1.4842857e+02   9.9808889e+01
   1.5940000e+02   1.3542857e+02   1.1832889e+02
   1.5950000e+02   1.8042857e+02   1.7528889e+01
   1.5960000e+02   2.1642857e+02   6.8088889e+01
   1.5970000e+02   3.0242857e+02   1.6864889e+02
   1.5980000e+02   1.5542857e+02  -2.4471111e+01
   1.5990000e+02   1.7642857e+02   1.2468889e+02
   1.6000000e+02   1.5842857e+02   6.2408889e+01
   1.6010000e+02   3.4285714e+00   1.3760889e+02
   1.6020000e+02  -1.5571429e+01   1.3236889e+02
   1.6030000e+02   1.1142857e+02   2.2928889e+02
   1.6040000e+02   1.3342857e+02   9.6408889e+01
   1.6050000e+02   1.0642857e+02   8.8488889e+01
   1.6060000e+02   1.9342857e+02   6.6008889e+01
   1.6070000e+02   1.0242857e+02   2.2648889e+01
   1.6080000e+02   8.4285714e+00   2.5408889e+01
   1.6090000e+02   9.3428571e+01   1.0800889e+02
   1.6100000e+02   7.5428571e+01   2.2728889e+01
   1.6110000e+02   2.4428571e+01   7.2768889e+01
   1.6120000e+02   1.4428571e+01   5.8168889e+01
   1.6130000e+02   9.6428571e+01   7.2888889e+01
   1.6140000e+02   2.6142857e+02   1.7228889e+02
   1.6150000e+02   8.7428571e+01  -2.8751111e+01
   1.6160000e+02   7.0428571e+01   5.2928889e+01
   1.6170000e+02   2.5428571e+01   2.0728889e+01
   1.6180000e+02   1.3642857e+02   1.5728889e+02
   1.6190000e+02   1.4285714e+00   4.9688889e+01
   1.6200000e+02   9.6428571e+01   2.2888889e+01
   1.6210000e+02   1.7142857e+02   1.1188889e+02
   1.6220000e+02   2.0242857e+02   9.1648889e+01
   1.6230000e+02   1.7942857e+02   1.0568889e+01
   1.6240000e+02   6.4428571e+01   2.3168889e+01
   1.6250000e+02   6.8428571e+01  -1.7991111e+01
   1.6260000e+02   1.7542857e+02  -1.9271111e+01
   1.6270000e+02   1.4042857e+02   1.2212889e+02
   1.6280000e+02  -5.6571429e+01   3.9008889e+01
   1.6290000e+02  -6.5571429e+01   6.0368889e+01
   1.6300000e+02   1.2442857e+02   7.7688889e+00
   1.6310000e+02   7.9428571e+01   3.0568889e+01
   1.6320000e+02  -9.7571429e+01   5.3648889e+01
   1.6330000e+02   1.0428571e+01   2.8328889e+01
   1.6340000e+02   1.6142857e+02  -5.7111111e+00
   1.6350000e+02   1.8842857e+02  -3.4791111e+01
   1.6360000e+02   1.6642857e+02  -1.9111111e+00
   1.6370000e+02   8.4428571e+01   1.5368889e+01
   1.6380000e+02   2.4542857e+02   6.5928889e+01
   1.6390000e+02   1.9342857e+02  -5.9911111e+00
   1.6400000e+02   5.1428571e+01   4.0688889e+01
   1.6410000e+02  -3.7571429e+01   2.2488889e+00
   1.6420000e+02  -3.5714286e+00   6.6888889e+01
   1.6430000e+02   8.8428571e+01  -8.7911111e+00
   1.6440000e+02   2.3742857e+02  -4.9751111e+01
   1.6450000e+02   1.3428571e+01  -2.8791111e+01
   1.6460000e+02   1.8042857e+02  -2.2471111e+01
   1.6470000e+02  -3.9571429e+01   8.2328889e+01
   1.6480000e+02   4.4285714e+00   1.4956889e+02
   1.6490000e+02   6.6428571e+01   4.0088889e+01
   1.6500000e+02  -6.8571429e+01   8.9488889e+01
   1.6510000e+02   3.9428571e+01   3.3168889e+01
   1.6520000e+02   6.6428571e+01   2.9088889e+01
   1.6530000e+02   4.1428571e+01   4.5088889e+01
   1.6540000e+02  -2.1571429e+01   1.4560889e+02
   1.6550000e+02   1.1542857e+02   1.5112889e+02
   1.6560000e+02   1.9442857e+02   1.1696889e+02
   1.6570000e+02  -5.1571429e+01  -4.1191111e+01
   1.6580000e+02   1.1142857e+02   8.4288889e+01
   1.6590000e+02   5.8428571e+01  -5.2591111e+01
   1.6600000e+02   1.5442857e+02   9.7568889e+01
   1.6610000e+02   1.5042857e+02   9.9728889e+01
   1.6620000e+02  -2.5714286e+00   5.1848889e+01
   1.6630000e+02  -6.3571429e+01   1.1628889e+02
   1.6640000e+02   2.4042857e+02   1.0012889e+02
   1.6650000e+02   6.8428571e+01  -7.9991111e+01
   1.6660000e+02   1.4642857e+02  -6.1111111e+00
   1.6670000e+02  -2.8571429e+01   1.0888889e+01
   1.6680000e+02   1.6542857e+02   3.1288889e+00
   1.6690000e+02   1.5042857e+02  -4.1271111e+01
   1.6700000e+02   2.3542857e+02   6.0328889e+01
   1.6710000e+02   1.0942857e+02   7.2368889e+01
   1.6720000e+02   8.0428571e+01   1.3752889e+02
   1.6730000e+02   7.8428571e+01   1.3608889e+01
   1.6740000e+02   9.2428571e+01   2.8048889e+01
   1.6750000e+02   8.9428571e+01   5.9168889e+01
   1.6760000e+02   8.2428571e+01   1.1844889e+02
   1.6770000e+02   8.0428571e+01   7.0528889e+01
   1.6780000e+02   8.0428571e+01   7.7528889e+01
   1.6790000e+02   1.4042857e+02   3.0128889e+01
   1.6800000e+02   1.7742857e+02  -1.3511111e+00
   1.6810000e+02   8.9428571e+01   2.5168889e+01
   1.6820000e+02   8.9428571e+01  -2.5831111e+01
   1.6830000e+02   1.5642857e+02   6.3488889e+01
   1.6840000e+02   1.8542857e+02   8.3288889e+00
   1.6850000e+02  -5.6571429e+01   1.0700889e+02
   1.6860000e+02   1.8042857e+02  -9.4711111e+00
   1.6870000e+02   3.4285714e+00   3.9608889e+01
   1.6880000e+02   2.8428571e+01   5.0608889e+01
   1.6890000e+02   1.8428571e+01   1.3500889e+02
   1.6900000e+02   1.1142857e+02   1.1828889e+02
   1.6910000e+02   4.6428571e+01  -4.6111111e+01
   1.6920000e+02   3.6428571e+01   1.2328889e+02
   1.6930000e+02   2.0242857e+02   6.6648889e+01
   1.6940000e+02   7.4285714e+00   5.9448889e+01
   1.6950000e+02   6.4428571e+01   1.3316889e+02
   1.6960000e+02   1.7428571e+01   1.1048889e+01
   1.6970000e+02   3.1942857e+02   1.7968889e+01
   1.6980000e+02   3.6428571e+01   3.1288889e+01
   1.6990000e+02   1.0842857e+02   1.7040889e+02
   1.7000000e+02   1.2242857e+02  -1.2151111e+01
   1.7010000e+02   7.4285714e+00   7.9448889e+01
   1.7020000e+02   1.4942857e+02  -5.5231111e+01
   1.7030000e+02   1.8042857e+02   8.5288889e+00
   1.7040000e+02   1.2942857e+02   5.5568889e+01
   1.7050000e+02   9.3428571e+01   5.2008889e+01
   1.7060000e+02   8.5428571e+01   1.1328889e+01
   1.7070000e+02   2.8642857e+02  -2.2711111e+01
   1.7080000e+02  -3.0571429e+01   8.6968889e+01
   1.7090000e+02   1.2042857e+02   1.5392889e+02
   1.7100000e+02   9.4428571e+01   4.5968889e+01
   1.7110000e+02   2.1542857e+02   1.2712889e+02
   1.7120000e+02   6.9428571e+01   3.3968889e+01
   1.7130000e+02   8.2428571e+01   7.5448889e+01
   1.7140000e+02   1.1142857e+02   6.3288889e+01
   1.7150000e+02   1.1242857e+02  -2.7511111e+00
   1.7160000e+02  -1.5714286e+00   1.4280889e+02
   1.7170000e+02   4.0428571e+01   1.0412889e+02
   1.7180000e+02   1.3742857e+02   9.2248889e+01
   1.7190000e+02   1.1342857e+02   1.3420889e+02
   1.7200000e+02   1.8942857e+02   7.1168889e+01
   1.7210000e+02   6.5428571e+01   1.2128889e+01
   1.7220000e+02   9.6428571e+01   1.7888889e+01
   1.7230000e+02   2.2428571e+01   1.1848889e+01
   1.7240000e+02   1.1642857e+02   2.0888889e+00
   1.7250000e+02   1.4642857e+02   2.2888889e+01
   1.7260000e+02   1.0542857e+02   1.7528889e+01
   1.7270000e+02   3.5428571e+01   8.1328889e+01
   1.7280000e+02   1.7242857e+02   1.8848889e+01
   1.7290000e+02   1.4142857e+02   5.0088889e+01
   1.7300000e+02   1.3242857e+02   2.9448889e+01
   1.7310000e+02   7.9428571e+01   1.5256889e+02
   1.7320000e+02   1.6242857e+02   1.0924889e+02
   1.7330000e+02   1.1042857e+02  -6.7111111e-01
   1.7340000e+02   1.2428571e+01  -3.8751111e+01
   1.7350000e+02   1.0242857e+02   1.2648889e+01
   1.7360000e+02   1.2842857e+02   1.4060889e+02
   1.7370000e+02   3.2428571e+01   1.0644889e+02
   1.7380000e+02   1.2542857e+02   4.5728889e+01
   1.7390000e+02   4.4285714e+00   2.6568889e+01
   1.7400000e+02   2.3142857e+02   1.1548889e+02
   1.7410000e+02   3.0942857e+02   4.3368889e+01
   1.7420000e+02   1.2242857e+02   3.8848889e+01
   1.7430000e+02   3.9428571e+01   4.9168889e+01
   1.7440000e+02   4.9428571e+01   9.1768889e+01
   1.7450000e+02   2.9428571e+01   1.9568889e+01
   1.7460000e+02   1.0428571e+01  -1.2671111e+01
   1.7470000e+02   6.9428571e+01   5.8968889e+01
   1.7480000e+02   1.4342857e+02   8.8888889e-03
   1.7490000e+02  -9.3571429e+01   5.2488889e+01
   1.7500000e+02   4.7428571e+01   6.0848889e+01
   1.7510000e+02   2.3428571e+01   6.2808889e+01
   1.7520000e+02   2.5842857e+02  -1.8591111e+01
   1.7530000e+02   2.5142857e+02   7.4688889e+01
   1.7540000e+02   2.1428571e+01  -9.1111111e+00
   1.7550000e+02   1.5428571e+01  -3.6871111e+01
   1.7560000e+02   1.1642857e+02  -9.1111111e-01
   1.7570000e+02   7.6428571e+01   8.2688889e+01
   1.7580000e+02   1.2142857e+02   6.9888889e+01
   1.7590000e+02   8.1428571e+01   9.2488889e+01
   1.7600000e+02   1.0342857e+02   1.6260889e+02
   1.7610000e+02   1.1142857e+02   4.3288889e+01
   1.7620000e+02   8.4285714e+00   6.3408889e+01
   1.7630000e+02   8.7428571e+01  -4.9751111e+01
   1.7640000e+02   7.9428571e+01   3.6568889e+01
   1.7650000e+02   2.2742857e+02  -4.5351111e+01
   1.7660000e+02   1.2242857e+02   6.4848889e+01
   1.7670000e+02   1.6742857e+02   6.0488889e+00
   1.7680000e+02   2.9442857e+02   2.3968889e+01
   1.7690000e+02   1.5542857e+02   6.8528889e+01
   1.7700000e+02   3.2428571e+01   7.0448889e+01
   1.7710000e+02   1.0742857e+02   8.4488889e+00
   1.7720000e+02   1.0542857e+02   2.0528889e+01
   1.7730000e+02  -6.4571429e+01   4.2328889e+01
   1.7740000e+02   1.7842857e+02  -2.0391111e+01
   1.7750000e+02   9.6428571e+01   2.5888889e+01
   1.7760000e+02   8.4428571e+01   3.4368889e+01
   1.7770000e+02   5.1428571e+01  -9.3111111e+00
   1.7780000e+02   7.7428571e+01  -2.5351111e+01
   1.7790000e+02   9.0428571e+01   1.2512889e+02
   1.7800000e+02   8.2428571e+01   6.4448889e+01
   1.7810000e+02   1.2942857e+02   4.0568889e+01
   1.7820000e+02   2.5428571e+01  -1.1271111e+01
   1.7830000e+02   1.2442857e+02  -2.2231111e+01
   1.7840000e+02   1.8342857e+02  -5.5911111e+00
   1.7850000e+02   4.5428571e+01   9.3928889e+01
   1.7860000e+02   1.3428571e+01   5.0208889e+01
   1.7870000e+02  -5.1571429e+01  -1.8191111e+01
   1.7880000e+02   5.1428571e+01  -3.7311111e+01
   1.7890000e+02   8.3428571e+01   4.0408889e+01
   1.7900000e+02   1.6142857e+02  -4.2711111e+01
   1.7910000e+02   2.4742857e+02  -2.2151111e+01
   1.7920000e+02   4.5428571e+01   3.6928889e+01
   1.7930000e+02   9.7428571e+01  -2.5151111e+01
   1.7940000e+02   4.2857143e-01   3.2728889e+01
   1.7950000e+02   6.1428571e+01   7.8288889e+01
   1.7960000e+02   1.6242857e+02  -2.7511111e+00
   1.7970000e+02   9.3428571e+01   4.3008889e+01
   1.7980000e+02   4.8428571e+01   6.1808889e+01
   1.7990000e+02   6.9428571e+01   7.6968889e+01
   1.8000000e+02   5.1428571e+01  -2.5311111e+01
   1.8010000e+02   2.0542857e+02   1.3352889e+02
   1.8020000e+02   2.1428571e+01   1.1888889e+01
   1.8030000e+02   2.2142857e+02  -1.3111111e+01
   1.8040000e+02   1.9542857e+02   6.7928889e+01
   1.8050000e+02   1.6742857e+02  -6.6951111e+01
   1.8060000e+02   1.9342857e+02  -3.4991111e+01
   1.8070000e+02   1.1042857e+02   6.3288889e+00
   1.8080000e+02   8.0428571e+01   1.5528889e+01
   1.8090000e+02   4.4428571e+01   2.4968889e+01
   1.8100000e+02   2.2642857e+02   2.3688889e+01
   1.8110000e+02   2.4742857e+02   8.8488889e+00
   1.8120000e+02   7.4428571e+01   1.3076889e+02
   1.8130000e+02   1.6942857e+02  -5.1031111e+01
   1.8140000e+02   1.2742857e+02   7.0648889e+01
   1.8150000e+02   5.5428571e+01   3.0528889e+01
   1.8160000e+02   1.2042857e+02   5.7928889e+01
   1.8170000e+02   1.3428571e+01  -1.6791111e+01
   1.8180000e+02   1.5942857e+02   1.9368889e+01
   1.8190000e+02   1.2542857e+02   2.1728889e+01
   1.8200000e+02   3.0428571e+01  -2.0471111e+01
   1.8210000e+02   1.7142857e+02   2.5888889e+01
   1.8220000e+02   1.1428571e+01  -2.9711111e+01
   1.8230000e+02   1.1942857e+02  -6.2031111e+01
   1.8240000e+02   7.6428571e+01   6.6888889e+00
   1.8250000e+02   7.2428571e+01   8.8488889e+00
   1.8260000e+02   1.7428571e+01   2.9048889e+01
   1.8270000e+02   1.0942857e+02   4.2368889e+01
   1.8280000e+02   7.3428571e+01   1.0580889e+02
   1.8290000e+02   8.9428571e+01   1.2916889e+02
   1.8300000e+02   4.2428571e+01  -1.2951111e+01
   1.8310000e+02   8.1428571e+01   2.1488889e+01
   1.8320000e+02  -1.0571429e+01   5.5168889e+01
   1.8330000e+02   1.3042857e+02   1.1652889e+02
   1.8340000e+02  -2.6571429e+01   4.8088889e+00
   1.8350000e+02   1.0842857e+02   1.9408889e+01
   1.8360000e+02   2.6342857e+02   3.9208889e+01
   1.8370000e+02   2.4285714e+00   3.2648889e+01
   1.8380000e+02   7.5428571e+01  -2.5271111e+01
   1.8390000e+02   5.7428571e+01   1.3448889e+01
   1.8400000e+02   2.1942857e+02   4.0968889e+01
   1.8410000e+02   1.4428571e+01   3.0168889e+01
   1.8420000e+02   8.3428571e+01   1.5408889e+01
   1.8430000e+02   9.1428571e+01  -9.1111111e-01
   1.8440000e+02  -1.5571429e+01  -5.1631111e+01
   1.8450000e+02   1.0842857e+02   3.0408889e+01
   1.8460000e+02   1.3242857e+02  -2.1551111e+01
   1.8470000e+02   2.3542857e+02   1.2132889e+02
   1.8480000e+02   3.0428571e+01   1.7052889e+02
   1.8490000e+02   5.9428571e+01   1.5368889e+01
   1.8500000e+02   3.2428571e+01  -1.6551111e+01
   1.8510000e+02   1.4642857e+02   2.2888889e+01
   1.8520000e+02   2.2428571e+01  -1.5151111e+01
   1.8530000e+02   1.1642857e+02   5.6088889e+01
   1.8540000e+02   1.5842857e+02  -2.7591111e+01
   1.8550000e+02   1.9642857e+02  -1.1111111e+01
   1.8560000e+02   2.2428571e+01   4.6848889e+01
   1.8570000e+02   2.0542857e+02  -8.7471111e+01
   1.8580000e+02  -4.1571429e+01   3.4408889e+01
   1.8590000e+02   2.6542857e+02   4.4128889e+01
   1.8600000e+02   1.2842857e+02   1.6088889e+00
   1.8610000e+02   1.3242857e+02  -3.8551111e+01
   1.8620000e+02   1.1442857e+02   4.5168889e+01
   1.8630000e+02   1.0942857e+02   1.3368889e+01
   1.8640000e+02   7.3428571e+01  -6.4191111e+01
   1.8650000e+02   2.0542857e+02   5.5528889e+01
   1.8660000e+02   9.2428571e+01   2.2048889e+01
   1.8670000e+02   4.3428571e+01  -4.1991111e+01
   1.8680000e+02   6.7428571e+01  -1.4951111e+01
   1.8690000e+02   6.0428571e+01  -1.1671111e+01
   1.8700000e+02   1.3342857e+02   8.9408889e+01
   1.8710000e+02   2.6642857e+02   1.4408889e+02
   1.8720000e+02  -4.5714286e+00  -2.4071111e+01
   1.8730000e+02   1.6042857e+02  -7.6711111e+00
   1.8740000e+02   2.1428571e+01   5.9888889e+01
   1.8750000e+02   8.3428571e+01  -4.5591111e+01
   1.8760000e+02   1.7042857e+02  -4.8071111e+01
   1.8770000e+02   2.6542857e+02   9.6128889e+01
   1.8780000e+02   3.6428571e+01   1.8288889e+01
   1.8790000e+02   1.8542857e+02   4.3288889e+00
   1.8800000e+02   1.4342857e+02  -4.8991111e+01
   1.8810000e+02   1.7642857e+02  -9.2311111e+01
   1.8820000e+02   2.9428571e+01   1.7568889e+01
   1.8830000e+02   1.7242857e+02  -1.4151111e+01
   1.8840000e+02   1.3542857e+02   4.0328889e+01
   1.8850000e+02   1.5042857e+02  -2.9271111e+01
   1.8860000e+02   5.2428571e+01  -1.8351111e+01
   1.8870000e+02   1.5342857e+02  -4.3391111e+01
   1.8880000e+02   2.3842857e+02  -7.9111111e-01
   1.8890000e+02   2.2542857e+02  -1.2711111e+00
   1.8900000e+02   1.2642857e+02   1.8688889e+01
   1.8910000e+02   8.7428571e+01  -1.4751111e+01
   1.8920000e+02   1.6042857e+02   1.1532889e+02
   1.8930000e+02   1.9342857e+02   8.1008889e+01
   1.8940000e+02   1.3542857e+02   6.9328889e+01
   1.8950000e+02   3.0428571e+01   2.3952889e+02
   1.8960000e+02   1.5042857e+02   3.0572889e+02
   1.8970000e+02   4.0542857e+02   1.9528889e+01
   1.8980000e+02   1.0642857e+02   4.9488889e+01
   1.8990000e+02   6.4285714e+00   2.4488889e+01
   1.9000000e+02   9.8428571e+01   1.8808889e+01
   1.9010000e+02   7.7428571e+01  -3.8351111e+01
   1.9020000e+02   6.3428571e+01  -8.2791111e+01
   1.9030000e+02   3.7428571e+01   2.3248889e+01
   1.9040000e+02   1.0242857e+02   1.5648889e+01
   1.9050000e+02   3.1342857e+02   4.9208889e+01
   1.9060000e+02   3.4942857e+02  -2.0231111e+01
   1.9070000e+02   8.5428571e+01   6.3288889e+00
   1.9080000e+02   1.4542857e+02  -5.3071111e+01
   1.9090000e+02   2.1342857e+02   2.0888889e-01
   1.9100000e+02   2.3442857e+02   9.3368889e+01
   1.9110000e+02   1.0142857e+02   3.6888889e+00
   1.9120000e+02  -2.6571429e+01   6.6808889e+01
   1.9130000e+02   1.4942857e+02   1.2176889e+02
   1.9140000e+02   1.0742857e+02  -1.0551111e+01
   1.9150000e+02   8.2428571e+01   1.1144889e+02
   1.9160000e+02   1.8142857e+02   1.4888889e+00
   1.9170000e+02   7.7428571e+01   5.0648889e+01
   1.9180000e+02   1.3442857e+02  -8.6311111e+00
   1.9190000e+02   3.4428571e+01  -5.6311111e+00
   1.9200000e+02   5.4285714e+00  -3.6471111e+01
   1.9210000e+02   1.2428571e+01  -8.7511111e+00
   1.9220000e+02  -9.6571429e+01  -2.3391111e+01
   1.9230000e+02  -2.8571429e+01  -4.0111111e+01
   1.9240000e+02  -7.0571429e+01  -1.1431111e+01
   1.9250000e+02  -2.7571429e+01  -3.1511111e+00
   1.9260000e+02   4.5428571e+01   2.6928889e+01
   1.9270000e+02   1.0742857e+02   1.7448889e+01
   1.9280000e+02  -6.5571429e+01  -6.3111111e-01
   1.9290000e+02  -3.0571429e+01  -9.0031111e+01
   1.9300000e+02  -5.3571429e+01   7.8888889e+00
   1.9310000e+02  -5.6571429e+01   3.8008889e+01
   1.9320000e+02  -2.4571429e+01   2.6728889e+01
   1.9330000e+02  -1.5714286e+00  -2.7191111e+01
   1.9340000e+02  -6.5571429e+01   4.3368889e+01
   1.9350000e+02  -3.1571429e+01  -4.7991111e+01
   1.9360000e+02  -2.3571429e+01  -1.7311111e+01
   1.9370000e+02  -5.9571429e+01   1.2128889e+01
   1.9380000e+02   1.2428571e+01  -1.5751111e+01
   1.9390000e+02  -1.1457143e+02  -3.0671111e+01
   1.9400000e+02  -2.8571429e+01  -5.1111111e+00
   1.9410000e+02   1.5442857e+02  -4.4311111e+00
   1.9420000e+02   8.4428571e+01  -1.1631111e+01
   1.9430000e+02   1.4442857e+02  -3.1031111e+01
   1.9440000e+02  -1.6571429e+01   2.4408889e+01
   1.9450000e+02  -5.4571429e+01  -5.3071111e+01
   1.9460000e+02  -3.9571429e+01   3.9328889e+01
   1.9470000e+02   1.2428571e+01   1.2624889e+02
   1.9480000e+02  -1.1571429e+01  -1.3791111e+01
   1.9490000e+02  -1.8571429e+01   8.0488889e+01
   1.9500000e+02  -1.7571429e+01  -1.6551111e+01
   1.9510000e+02   1.0428571e+01   2.3288889e+00
   1.9520000e+02   1.6428571e+01   2.6088889e+01
   1.9530000e+02  -7.9571429e+01   9.4928889e+01
   1.9540000e+02  -1.1357143e+02   6.2888889e+00
   1.9550000e+02   1.7428571e+01   3.3048889e+01
   1.9560000e+02   8.9428571e+01   6.2168889e+01
   1.9570000e+02  -2.6571429e+01   3.3808889e+01
   1.9580000e+02   5.5428571e+01  -2.2471111e+01
   1.9590000e+02  -6.1571429e+01  -1.0579111e+02
   1.9600000e+02  -4.0571429e+01  -2.7631111e+01
   1.9610000e+02   2.4285714e+00  -1.1035111e+02
   1.9620000e+02  -9.5714286e+00  -3.8711111e+00
   1.9630000e+02   5.0428571e+01  -1.0271111e+01
   1.9640000e+02  -2.7571429e+01  -1.5111111e-01
   1.9650000e+02  -7.5714286e+00  -4.2951111e+01
   1.9660000e+02   7.4428571e+01  -4.7231111e+01
   1.9670000e+02   1.6442857e+02   2.4168889e+01
   1.9680000e+02  -3.9571429e+01   3.7328889e+01
   1.9690000e+02   1.2428571e+01  -6.7511111e+00
   1.9700000e+02   1.9428571e+01   1.1968889e+01
   1.9710000e+02  -8.9571429e+01  -1.8671111e+01
   1.9720000e+02   4.4285714e+00  -1.9431111e+01
   1.9730000e+02  -1.3571429e+01   2.2888889e+00
   1.9740000e+02   1.2842857e+02  -3.5391111e+01
   1.9750000e+02   3.5428571e+01   1.4328889e+01
   1.9760000e+02  -1.2571429e+01  -7.7751111e+01
   1.9770000e+02  -9.1571429e+01   1.4408889e+01
   1.9780000e+02  -8.6571429e+01   2.5208889e+01
   1.9790000e+02   8.1428571e+01   2.0488889e+01
   1.9800000e+02  -6.4571429e+01  -5.3671111e+01
   1.9810000e+02  -7.2571429e+01   6.6488889e+00
   1.9820000e+02  -1.0757143e+02   7.1048889e+01
   1.9830000e+02   1.0642857e+02  -3.2511111e+01
   1.9840000e+02  -3.0571429e+01  -3.1111111e-02
   1.9850000e+02  -7.3571429e+01   6.4688889e+01
   1.9860000e+02   1.1142857e+02  -3.8711111e+01
   1.9870000e+02  -3.5571429e+01  -4.1831111e+01
   1.9880000e+02   1.2142857e+02  -3.1111111e+01
   1.9890000e+02   2.3428571e+01   1.2808889e+01
   1.9900000e+02  -3.0571429e+01  -4.6031111e+01
   1.9910000e+02   3.1428571e+01  -2.9511111e+01
   1.9920000e+02  -3.9571429e+01   4.0328889e+01
   1.9930000e+02   4.5428571e+01   1.2928889e+01
   1.9940000e+02   2.4428571e+01  -3.4231111e+01
   1.9950000e+02  -1.3857143e+02   2.6288889e+01
   1.9960000e+02  -5.5714286e+00   5.9688889e+00
   1.9970000e+02   3.2428571e+01   6.4488889e+00
   1.9980000e+02  -3.5714286e+00   6.5888889e+01
   1.9990000e+02  -3.5714286e+00   1.3888889e+01
