   0.0000000e+00   7.1446682e+01   1.8310777e+02
   1.0000000e-01   2.4944668e+02   5.0698777e+02
   2.0000000e-01   2.7244668e+02   1.8206777e+02
   3.0000000e-01   3.6144668e+02   1.1750777e+02
   4.0000000e-01   3.8044668e+02   1.7174777e+02
   5.0000000e-01   4.9344668e+02   2.1222777e+02
   6.0000000e-01   3.1344668e+02   2.2142777e+02
   7.0000000e-01   3.6044668e+02   3.2554777e+02
   8.0000000e-01   4.0544668e+02   1.9674777e+02
   9.0000000e-01   2.3744668e+02   2.4546777e+02
   1.0000000e+00   2.9244668e+02   1.6726777e+02
   1.1000000e+00   1.8544668e+02   2.2354777e+02
   1.2000000e+00   2.6044668e+02   1.6454777e+02
   1.3000000e+00   3.0544668e+02   1.3374777e+02
   1.4000000e+00   1.4446682e+01   8.4387773e+01
   1.5000000e+00   2.7344668e+02   2.1002777e+02
   1.6000000e+00   2.6444668e+02   2.6938777e+02
   1.7000000e+00   1.3744668e+02   3.2846777e+02
   1.8000000e+00   2.1544668e+02   1.9034777e+02
   1.9000000e+00  -2.9553318e+01   3.2814777e+02
   2.0000000e+00   6.5446682e+01   4.0634777e+02
   2.1000000e+00   7.7446682e+01   3.0086777e+02
   2.2000000e+00   1.4466825e+00   1.6490777e+02
   2.3000000e+00   2.1844668e+02   2.5622777e+02
   2.4000000e+00   3.6344668e+02   1.4342777e+02
   2.5000000e+00   3.7344668e+02   2.0002777e+02
   2.6000000e+00   1.4744668e+02   2.9606777e+02
   2.7000000e+00   9.2446682e+01   2.4326777e+02
   2.8000000e+00   3.5446682e+01   1.3254777e+02
   2.9000000e+00   2.5644668e+02   3.3970777e+02
   3.0000000e+00   4.0244668e+02   2.0086777e+02
   3.1000000e+00   2.1744668e+02   1.7726777e+02
   3.2000000e+00   2.3744668e+02   2.9346777e+02
   3.3000000e+00   3.4544668e+02   3.2014777e+02
   3.4000000e+00   9.4446682e+01   2.6918777e+02
   3.5000000e+00   2.6044668e+02   2.1954777e+02
   3.6000000e+00   4.4344668e+02   2.1122777e+02
   3.7000000e+00   1.9444668e+02   3.3818777e+02
   3.8000000e+00   3.1844668e+02   9.5227773e+01
   3.9000000e+00   2.2244668e+02   6.1067773e+01
   4.0000000e+00   3.1244668e+02   1.6746777e+02
   4.1000000e+00   5.0544668e+02   2.1374777e+02
   4.2000000e+00   2.6644668e+02   1.5930777e+02
   4.3000000e+00   2.1344668e+02   2.0742777e+02
   4.4000000e+00   7.7446682e+01   1.3186777e+02
   4.5000000e+00   3.5244668e+02   3.4686777e+02
   4.6000000e+00   3.5344668e+02   3.1682777e+02
   4.7000000e+00   3.9444668e+02   7.8187773e+01
   4.8000000e+00   4.8744668e+02   2.4546777e+02
   4.9000000e+00   2.8544668e+02   1.6254777e+02
   5.0000000e+00   3.6144668e+02   1.7507773e+01
   5.1000000e+00   2.5844668e+02   2.4062777e+02
   5.2000000e+00   1.8044668e+02   9.4747773e+01
   5.3000000e+00   2.3644668e+02   3.0507773e+01
   5.4000000e+00   3.1044668e+02   3.2454777e+02
   5.5000000e+00   2.3044668e+02   1.5374777e+02
   5.6000000e+00   3.9844668e+02   2.2102777e+02
   5.7000000e+00   2.2844668e+02   1.1282777e+02
   5.8000000e+00   3.6444668e+02   7.9387773e+01
   5.9000000e+00   1.5444668e+02   2.0878777e+02
   6.0000000e+00   1.4644668e+02   1.6310777e+02
   6.1000000e+00   2.4544668e+02   1.9314777e+02
   6.2000000e+00   3.4044668e+02   2.2434777e+02
   6.3000000e+00   1.9944668e+02   2.0898777e+02
   6.4000000e+00   2.3744668e+02   1.4246777e+02
   6.5000000e+00   3.6244668e+02   2.5946777e+02
   6.6000000e+00   2.3744668e+02   1.4346777e+02
   6.7000000e+00   3.8044668e+02   1.1974777e+02
   6.8000000e+00   2.6644668e+02   1.1030777e+02
   6.9000000e+00   1.3444668e+02   2.0458777e+02
   7.0000000e+00   2.6744668e+02   1.6026777e+02
   7.1000000e+00   3.0444668e+02   1.3478777e+02
   7.2000000e+00   4.6944668e+02   1.1918777e+02
   7.3000000e+00   4.6944668e+02   1.2818777e+02
   7.4000000e+00   3.6744668e+02   1.1226777e+02
   7.5000000e+00   5.7044668e+02   2.1314777e+02
   7.6000000e+00   3.8044668e+02   1.4674777e+02
   7.7000000e+00   2.3944668e+02   1.2938777e+02
   7.8000000e+00   4.1744668e+02   1.5526777e+02
   7.9000000e+00   2.0944668e+02   9.3587773e+01
   8.0000000e+00   2.7644668e+02   1.9490777e+02
   8.1000000e+00   4.1144668e+02   1.2450777e+02
   8.2000000e+00   3.9944668e+02   2.2198777e+02
   8.3000000e+00   3.3144668e+02   1.4707773e+01
   8.4000000e+00   2.2044668e+02   1.5014777e+02
   8.5000000e+00   3.0144668e+02   2.3907773e+01
   8.6000000e+00   4.2344668e+02  -2.4972227e+01
   8.7000000e+00   3.7244668e+02   1.8806777e+02
   8.8000000e+00   2.7944668e+02   1.8478777e+02
   8.9000000e+00   1.4744668e+02   2.4206777e+02
   9.0000000e+00   3.1544668e+02   1.5334777e+02
   9.1000000e+00   4.7744668e+02   1.6286777e+02
   9.2000000e+00   2.8944668e+02   1.3338777e+02
   9.3000000e+00   4.5344668e+02   1.1982777e+02
   9.4000000e+00   2.7744668e+02   1.1786777e+02
   9.5000000e+00   1.9544668e+02   1.7014777e+02
   9.6000000e+00   1.7344668e+02   2.6102777e+02
   9.7000000e+00   2.9644668e+02   1.6110777e+02
   9.8000000e+00   1.9244668e+02   1.9326777e+02
   9.9000000e+00   3.6044668e+02   1.8154777e+02
   1.0000000e+01   2.9444668e+02   1.9218777e+02
   1.0100000e+01   1.5944668e+02   4.2358777e+02
   1.0200000e+01   3.7944668e+02   2.2678777e+02
   1.0300000e+01   3.2844668e+02   1.5182777e+02
   1.0400000e+01   3.4244668e+02   1.1826777e+02
   1.0500000e+01   2.0044668e+02   1.0094777e+02
   1.0600000e+01   4.8244668e+02   9.7667773e+01
   1.0700000e+01   5.2144668e+02   1.9110777e+02
   1.0800000e+01   4.1144668e+02   1.6450777e+02
   1.0900000e+01   2.7644668e+02   2.6790777e+02
   1.1000000e+01   3.1844668e+02   2.5022777e+02
   1.1100000e+01   2.9044668e+02   1.0734777e+02
   1.1200000e+01   2.1044668e+02   9.5547773e+01
   1.1300000e+01   1.9544668e+02   2.6147773e+01
   1.1400000e+01   2.8144668e+02   1.0970777e+02
   1.1500000e+01   3.4744668e+02   5.8067773e+01
   1.1600000e+01   4.6944668e+02   2.3818777e+02
   1.1700000e+01   4.0244668e+02   2.0686777e+02
   1.1800000e+01   4.5044668e+02   1.4394777e+02
   1.1900000e+01   2.5844668e+02   1.1962777e+02
   1.2000000e+01   2.5244668e+02   6.7867773e+01
   1.2100000e+01   3.3144668e+02   7.6707773e+01
   1.2200000e+01   3.8844668e+02   2.0842777e+02
   1.2300000e+01   2.1944668e+02   2.6418777e+02
   1.2400000e+01   4.0044668e+02   2.5794777e+02
   1.2500000e+01   3.6844668e+02   2.3922777e+02
   1.2600000e+01   3.2044668e+02   2.5914777e+02
   1.2700000e+01   2.0744668e+02   1.7066777e+02
   1.2800000e+01   1.4744668e+02   3.9006777e+02
   1.2900000e+01   2.2744668e+02   2.1786777e+02
   1.3000000e+01   3.2944668e+02   1.6778777e+02
   1.3100000e+01   2.0344668e+02   9.2827773e+01
   1.3200000e+01   3.2744668e+02   1.7386777e+02
   1.3300000e+01   5.4144668e+02   5.6307773e+01
   1.3400000e+01   3.8844668e+02   8.8427773e+01
   1.3500000e+01   2.8044668e+02   1.4674777e+02
   1.3600000e+01   2.7444668e+02   9.3987773e+01
   1.3700000e+01   3.7444668e+02   1.6198777e+02
   1.3800000e+01   4.0944668e+02   1.9858777e+02
   1.3900000e+01   2.7344668e+02   2.0802777e+02
   1.4000000e+01   2.0644668e+02   2.2070777e+02
   1.4100000e+01   3.4744668e+02   1.2067773e+01
   1.4200000e+01   3.5244668e+02   2.5867773e+01
   1.4300000e+01   2.6344668e+02   2.7942777e+02
   1.4400000e+01   2.3044668e+02   2.3274777e+02
   1.4500000e+01   3.3744668e+02   7.2467773e+01
   1.4600000e+01   5.7844668e+02   1.0682777e+02
   1.4700000e+01   2.4644668e+02   3.2107773e+01
   1.4800000e+01   2.5144668e+02   8.9907773e+01
   1.4900000e+01   2.6644668e+02   8.1307773e+01
   1.5000000e+01   3.8344668e+02   2.0562777e+02
   1.5100000e+01   4.4144668e+02   5.7307773e+01
   1.5200000e+01   1.8044668e+02   1.2474777e+02
   1.5300000e+01   2.3244668e+02   6.4667773e+01
   1.5400000e+01   4.1744668e+02   1.7426777e+02
   1.5500000e+01   2.8144668e+02   8.9707773e+01
   1.5600000e+01   2.7444668e+02   1.0987773e+01
   1.5700000e+01   3.8144668e+02   5.1707773e+01
   1.5800000e+01   1.3344668e+02   1.3627773e+01
   1.5900000e+01   1.6044668e+02   1.5454777e+02
   1.6000000e+01   3.3044668e+02   1.2874777e+02
   1.6100000e+01   3.0444668e+02   7.0787773e+01
   1.6200000e+01   3.7744668e+02   8.1867773e+01
   1.6300000e+01   3.3544668e+02   1.3554777e+02
   1.6400000e+01   2.7044668e+02   5.3147773e+01
   1.6500000e+01   2.7644668e+02   1.9790777e+02
   1.6600000e+01   3.7144668e+02   2.9107773e+01
   1.6700000e+01   4.1044668e+02  -3.8452227e+01
   1.6800000e+01   3.2544668e+02   1.8094777e+02
   1.6900000e+01   1.6044668e+02   1.0954777e+02
   1.7000000e+01   4.4044668e+02   6.0347773e+01
   1.7100000e+01   2.9544668e+02  -4.8522275e+00
   1.7200000e+01   3.4844668e+02   7.9027773e+01
   1.7300000e+01   1.2444668e+02   2.5398777e+02
   1.7400000e+01   2.1244668e+02   1.8346777e+02
   1.7500000e+01   2.5244668e+02   1.6086777e+02
   1.7600000e+01   3.2644668e+02   1.5490777e+02
   1.7700000e+01   4.3144668e+02   1.3570777e+02
   1.7800000e+01   3.5344668e+02   2.7827773e+01
   1.7900000e+01   3.8844668e+02   2.0542777e+02
   1.8000000e+01   4.3044668e+02   6.9747773e+01
   1.8100000e+01   1.1744668e+02   5.9267773e+01
   1.8200000e+01   5.2446682e+01   9.4867773e+01
   1.8300000e+01   1.9444668e+02   3.7187773e+01
   1.8400000e+01   2.1144668e+02   1.0550777e+02
   1.8500000e+01   2.4044668e+02   2.5834777e+02
   1.8600000e+01   2.8644668e+02   1.2550777e+02
   1.8700000e+01   3.9144668e+02   7.0307773e+01
   1.8800000e+01   2.8844668e+02   1.3742777e+02
   1.8900000e+01   3.0744668e+02   9.9667773e+01
   1.9000000e+01   1.8944668e+02   1.4338777e+02
   1.9100000e+01   2.6744668e+02   1.3426777e+02
   1.9200000e+01   2.6444668e+02   9.5387773e+01
   1.9300000e+01   4.6444668e+02   4.1387773e+01
   1.9400000e+01   2.0644668e+02   2.3870777e+02
   1.9500000e+01   1.3744668e+02   9.0467773e+01
   1.9600000e+01   2.0244668e+02   2.0186777e+02
   1.9700000e+01   3.9644668e+02   1.5410777e+02
   1.9800000e+01   2.9144668e+02   2.0530777e+02
   1.9900000e+01   1.0644668e+02   1.9070777e+02
   2.0000000e+01   2.5044668e+02   4.2947773e+01
   2.0100000e+01   2.4466825e+00   1.5486777e+02
   2.0200000e+01   2.0944668e+02   3.5587773e+01
   2.0300000e+01   2.4644668e+02   1.0310777e+02
   2.0400000e+01   1.0244668e+02   6.5867773e+01
   2.0500000e+01   3.0344668e+02   2.7782777e+02
   2.0600000e+01   2.7444668e+02   2.3098777e+02
   2.0700000e+01   3.4944668e+02   2.0798777e+02
   2.0800000e+01   1.8344668e+02   1.6262777e+02
   2.0900000e+01   1.1744668e+02   1.5726777e+02
   2.1000000e+01   2.6244668e+02   1.9346777e+02
   2.1100000e+01   1.8444668e+02   2.7058777e+02
   2.1200000e+01   2.3144668e+02   1.9870777e+02
   2.1300000e+01   2.0144668e+02   1.7290777e+02
   2.1400000e+01   2.2944668e+02   6.6787773e+01
   2.1500000e+01   9.0446682e+01   1.4834777e+02
   2.1600000e+01   3.2844668e+02   3.9827773e+01
   2.1700000e+01   1.9044668e+02   9.1347773e+01
   2.1800000e+01   3.1344668e+02   1.4042777e+02
   2.1900000e+01   3.3744668e+02   1.0546777e+02
   2.2000000e+01   2.5044668e+02   2.0194777e+02
   2.2100000e+01   3.1544668e+02   4.4347773e+01
   2.2200000e+01   3.2344668e+02   8.0027773e+01
   2.2300000e+01   2.5344668e+02   4.0827773e+01
   2.2400000e+01   3.4044668e+02   1.8934777e+02
   2.2500000e+01   2.9544668e+02   3.2147773e+01
   2.2600000e+01   1.7044668e+02   8.5147773e+01
   2.2700000e+01   2.8144668e+02   1.2270777e+02
   2.2800000e+01   2.0144668e+02   3.5907773e+01
   2.2900000e+01   3.9944668e+02   1.6198777e+02
   2.3000000e+01   2.2044668e+02   1.0714777e+02
   2.3100000e+01   3.5944668e+02   4.5587773e+01
   2.3200000e+01   2.2844668e+02   6.7827773e+01
   2.3300000e+01   3.7644668e+02   8.6907773e+01
   2.3400000e+01   4.4144668e+02   7.7307773e+01
   2.3500000e+01   3.3444668e+02   1.0458777e+02
   2.3600000e+01   3.0944668e+02   8.3587773e+01
   2.3700000e+01   1.6244668e+02   1.6146777e+02
   2.3800000e+01   1.0944668e+02   1.0958777e+02
   2.3900000e+01   2.6844668e+02   1.4022777e+02
   2.4000000e+01   3.1544668e+02   1.8834777e+02
   2.4100000e+01   2.7844668e+02   7.9827773e+01
   2.4200000e+01   2.7044668e+02   1.8014777e+02
   2.4300000e+01   3.2544668e+02   6.3947773e+01
   2.4400000e+01   1.7244668e+02   1.0067773e+01
   2.4500000e+01   2.5544668e+02   8.3747773e+01
   2.4600000e+01   2.6344668e+02   1.7742777e+02
   2.4700000e+01   1.9244668e+02   4.0626777e+02
   2.4800000e+01   5.2446682e+01   2.2086777e+02
   2.4900000e+01   2.8744668e+02   1.7146777e+02
   2.5000000e+01   1.5644668e+02   1.2670777e+02
   2.5100000e+01   2.5844668e+02   1.2262777e+02
   2.5200000e+01   2.3344668e+02   3.0627773e+01
   2.5300000e+01   2.9044668e+02   4.8347773e+01
   2.5400000e+01   3.1144668e+02   3.2750777e+02
   2.5500000e+01   1.0944668e+02   2.3558777e+02
   2.5600000e+01   2.4044668e+02   1.4634777e+02
   2.5700000e+01   3.2944668e+02   2.0787773e+01
   2.5800000e+01   2.6944668e+02   2.6718777e+02
   2.5900000e+01   2.7244668e+02   2.0606777e+02
   2.6000000e+01  -2.5533175e+00   1.9506777e+02
   2.6100000e+01   3.0344668e+02   2.1982777e+02
   2.6200000e+01   3.2144668e+02   1.8510777e+02
   2.6300000e+01   2.8144668e+02   1.3470777e+02
   2.6400000e+01   1.0944668e+02   1.9358777e+02
   2.6500000e+01   3.5844668e+02   1.4162777e+02
   2.6600000e+01   2.7244668e+02   7.5067773e+01
   2.6700000e+01   1.1744668e+02   5.9267773e+01
   2.6800000e+01   5.4544668e+02   1.0314777e+02
   2.6900000e+01   2.4944668e+02   6.9877725e+00
   2.7000000e+01   2.3944668e+02   1.7638777e+02
   2.7100000e+01   4.2244668e+02   1.0306777e+02
   2.7200000e+01   3.2944668e+02   6.2787773e+01
   2.7300000e+01   3.1844668e+02   9.0227773e+01
   2.7400000e+01   3.2444668e+02   6.8987773e+01
   2.7500000e+01   3.1144668e+02   1.5250777e+02
   2.7600000e+01   1.9644668e+02   2.0310777e+02
   2.7700000e+01   2.5944668e+02   1.5458777e+02
   2.7800000e+01   2.3144668e+02   1.4270777e+02
   2.7900000e+01   1.7044668e+02   1.1214777e+02
   2.8000000e+01   2.2844668e+02   1.6982777e+02
   2.8100000e+01   9.4466825e+00   1.6358777e+02
   2.8200000e+01   1.1744668e+02   1.1426777e+02
   2.8300000e+01   3.0144668e+02   1.6590777e+02
   2.8400000e+01   3.5844668e+02   1.4962777e+02
   2.8500000e+01   2.3446682e+01   2.2002777e+02
   2.8600000e+01   4.0144668e+02   1.1990777e+02
   2.8700000e+01   2.6144668e+02   2.8507773e+01
   2.8800000e+01   2.1244668e+02   9.7467773e+01
   2.8900000e+01   1.7844668e+02   1.4382777e+02
   2.9000000e+01   3.4244668e+02   1.2226777e+02
   2.9100000e+01   3.4144668e+02   6.8307773e+01
   2.9200000e+01   2.5244668e+02   7.7867773e+01
   2.9300000e+01   4.2944668e+02   6.7787773e+01
   2.9400000e+01   9.9446682e+01   4.3987773e+01
   2.9500000e+01   3.2344668e+02   8.1027773e+01
   2.9600000e+01   2.9244668e+02   5.5267773e+01
   2.9700000e+01   3.1044668e+02   1.4254777e+02
   2.9800000e+01   4.3344668e+02   1.0262777e+02
   2.9900000e+01   2.7344668e+02   7.9027773e+01
   3.0000000e+01   3.7444668e+02   7.7987773e+01
   3.0100000e+01   2.1244668e+02   7.4467773e+01
   3.0200000e+01   2.4844668e+02   1.0502777e+02
   3.0300000e+01   1.6844668e+02   1.5422777e+02
   3.0400000e+01   6.0446682e+01   5.7547773e+01
   3.0500000e+01   3.5744668e+02   8.2667773e+01
   3.0600000e+01   3.0244668e+02   1.4186777e+02
   3.0700000e+01   2.4944668e+02   5.1987773e+01
   3.0800000e+01   3.2444668e+02   1.7598777e+02
   3.0900000e+01   3.1044668e+02   1.9654777e+02
   3.1000000e+01   4.0944668e+02   1.7458777e+02
   3.1100000e+01   4.1344668e+02  -2.3572227e+01
   3.1200000e+01   2.2544668e+02   3.4947773e+01
   3.1300000e+01   4.8544668e+02   4.6547773e+01
   3.1400000e+01   3.0144668e+02   1.1890777e+02
   3.1500000e+01   3.3844668e+02   1.2242777e+02
   3.1600000e+01   2.8344668e+02   1.4862777e+02
   3.1700000e+01   1.9144668e+02   1.2330777e+02
   3.1800000e+01   2.9744668e+02   1.4006777e+02
   3.1900000e+01   3.6644668e+02   8.0307773e+01
   3.2000000e+01   2.8144668e+02   2.1370777e+02
   3.2100000e+01   3.7244668e+02   1.6906777e+02
   3.2200000e+01   1.4744668e+02   1.4206777e+02
   3.2300000e+01   3.0844668e+02   1.1762777e+02
   3.2400000e+01   2.4944668e+02   2.5398777e+02
   3.2500000e+01   2.1044668e+02   1.2854777e+02
   3.2600000e+01   2.8844668e+02   2.3442777e+02
   3.2700000e+01   3.1744668e+02   1.9026777e+02
   3.2800000e+01   3.7444668e+02   1.0398777e+02
   3.2900000e+01   2.7044668e+02   6.9147773e+01
   3.3000000e+01   2.8844668e+02   1.6042777e+02
   3.3100000e+01   1.6944668e+02   2.4187773e+01
   3.3200000e+01   1.4844668e+02   7.3027773e+01
   3.3300000e+01   2.6244668e+02   2.2246777e+02
   3.3400000e+01   1.9044668e+02   2.6347773e+01
   3.3500000e+01   4.7344668e+02   5.0277725e+00
   3.3600000e+01   2.4244668e+02   1.2426777e+02
   3.3700000e+01   2.1544668e+02   6.1347773e+01
   3.3800000e+01   3.1644668e+02   5.9307773e+01
   3.3900000e+01   4.0844668e+02   5.4627773e+01
   3.4000000e+01   1.4544668e+02   3.1614777e+02
   3.4100000e+01   2.7344668e+02   2.1402777e+02
   3.4200000e+01   4.4244668e+02   7.6267773e+01
   3.4300000e+01   2.5744668e+02   2.3366777e+02
   3.4400000e+01   2.6144668e+02   2.4507773e+01
   3.4500000e+01   1.9944668e+02   1.8898777e+02
   3.4600000e+01   2.0544668e+02   1.2747773e+01
   3.4700000e+01   1.5644668e+02   1.4670777e+02
   3.4800000e+01   1.1544668e+02   1.2334777e+02
   3.4900000e+01   1.4444668e+02   9.1877725e+00
   3.5000000e+01   9.5446682e+01   7.5147773e+01
   3.5100000e+01   1.5744668e+02   5.7667773e+01
   3.5200000e+01   1.5744668e+02   2.5667773e+01
   3.5300000e+01   1.6544668e+02   1.3534777e+02
   3.5400000e+01   2.1544668e+02   1.4434777e+02
   3.5500000e+01   1.8544668e+02   9.3547773e+01
   3.5600000e+01   6.5446682e+01   1.4634777e+02
   3.5700000e+01   2.3544668e+02   7.5547773e+01
   3.5800000e+01   2.0844668e+02   1.0627773e+01
   3.5900000e+01   2.3244668e+02   2.1566777e+02
   3.6000000e+01   4.4944668e+02   2.2298777e+02
   3.6100000e+01   1.9744668e+02   1.8306777e+02
   3.6200000e+01   3.4944668e+02   1.4498777e+02
   3.6300000e+01   3.5044668e+02  -3.5052227e+01
   3.6400000e+01   3.1644668e+02   6.5307773e+01
   3.6500000e+01   1.4044668e+02  -6.0652227e+01
   3.6600000e+01   2.0244668e+02   4.2867773e+01
   3.6700000e+01   3.2844668e+02   5.6827773e+01
   3.6800000e+01   1.0944668e+02   1.1658777e+02
   3.6900000e+01   1.7344668e+02   9.4027773e+01
   3.7000000e+01   1.6344668e+02   3.7427773e+01
   3.7100000e+01   1.8844668e+02   1.7942777e+02
   3.7200000e+01   3.1444668e+02   1.3138777e+02
   3.7300000e+01   2.1944668e+02   5.1187773e+01
   3.7400000e+01   2.2544668e+02   3.2947773e+01
   3.7500000e+01   1.4944668e+02   4.2987773e+01
   3.7600000e+01   1.4244668e+02   5.8267773e+01
   3.7700000e+01  -5.8553318e+01   6.1307773e+01
   3.7800000e+01   1.7544668e+02  -4.4052227e+01
   3.7900000e+01   1.9744668e+02   4.0067773e+01
   3.8000000e+01   1.4944668e+02   1.3998777e+02
   3.8100000e+01   1.6944668e+02   7.7187773e+01
   3.8200000e+01   8.4446682e+01   4.5587773e+01
   3.8300000e+01   2.2944668e+02   4.0787773e+01
   3.8400000e+01   2.0344668e+02   7.3827773e+01
   3.8500000e+01   3.2544668e+02   3.0947773e+01
   3.8600000e+01   3.7244668e+02   2.5067773e+01
   3.8700000e+01   2.3844668e+02   1.4142777e+02
   3.8800000e+01   1.6844668e+02   3.2277725e+00
   3.8900000e+01   8.1446682e+01   5.3707773e+01
   3.9000000e+01   1.3944668e+02   1.1538777e+02
   3.9100000e+01   1.7144668e+02   3.3107773e+01
   3.9200000e+01   9.8446682e+01   2.3027773e+01
   3.9300000e+01   2.6944668e+02   6.7187773e+01
   3.9400000e+01   2.2044668e+02  -2.8522275e+00
   3.9500000e+01   3.2844668e+02   1.4582777e+02
   3.9600000e+01   3.5944668e+02   1.4587773e+01
   3.9700000e+01   3.3444668e+02  -4.1412227e+01
   3.9800000e+01   2.6244668e+02   1.2846777e+02
   3.9900000e+01   1.2244668e+02   2.2067773e+01
   4.0000000e+01   2.8044668e+02   1.0374777e+02
   4.0100000e+01   3.0144668e+02  -2.1092227e+01
   4.0200000e+01   1.3544668e+02   3.5477725e+00
   4.0300000e+01   1.4744668e+02  -1.7932227e+01
   4.0400000e+01   3.6044668e+02   9.5547773e+01
   4.0500000e+01   2.9544668e+02   1.7614777e+02
   4.0600000e+01   1.8544668e+02   1.4654777e+02
   4.0700000e+01   2.8544668e+02   4.0547773e+01
   4.0800000e+01   2.1344668e+02   6.6427773e+01
   4.0900000e+01   1.4444668e+02   8.9187773e+01
   4.1000000e+01   2.2944668e+02   1.4787773e+01
   4.1100000e+01   2.8044668e+02   1.2747773e+01
   4.1200000e+01   3.8544668e+02   1.1547773e+01
   4.1300000e+01   2.8344668e+02   4.9627773e+01
   4.1400000e+01   2.5644668e+02   1.1470777e+02
   4.1500000e+01   1.1244668e+02   6.9467773e+01
   4.1600000e+01   2.3044668e+02   9.2747773e+01
   4.1700000e+01   2.8844668e+02   2.9442777e+02
   4.1800000e+01   1.9544668e+02   1.6214777e+02
   4.1900000e+01   2.0144668e+02   2.0090777e+02
   4.2000000e+01   2.7544668e+02   5.1947773e+01
   4.2100000e+01   3.6944668e+02   9.3187773e+01
   4.2200000e+01   2.1644668e+02   2.3077725e+00
   4.2300000e+01   2.4044668e+02   1.5934777e+02
   4.2400000e+01   1.8944668e+02   9.8387773e+01
   4.2500000e+01   2.5944668e+02   8.3587773e+01
   4.2600000e+01   2.1544668e+02   1.9134777e+02
   4.2700000e+01   1.8544668e+02   1.2454777e+02
   4.2800000e+01   1.0644668e+02   1.1870777e+02
   4.2900000e+01   1.4344668e+02   2.5227773e+01
   4.3000000e+01   3.3544668e+02  -1.8452227e+01
   4.3100000e+01   2.4544668e+02   1.1147773e+01
   4.3200000e+01   2.5144668e+02   2.1390777e+02
   4.3300000e+01   9.8446682e+01   7.3027773e+01
   4.3400000e+01   2.1944668e+02   1.7218777e+02
   4.3500000e+01   1.2744668e+02   6.3867773e+01
   4.3600000e+01   1.7044668e+02   1.1014777e+02
   4.3700000e+01   2.2844668e+02   1.6582777e+02
   4.3800000e+01   2.1044668e+02   1.8454777e+02
   4.3900000e+01   2.5144668e+02   6.7907773e+01
   4.4000000e+01   1.6944668e+02   7.6187773e+01
   4.4100000e+01   1.3344668e+02   2.6627773e+01
   4.4200000e+01   2.3344668e+02   2.9762777e+02
   4.4300000e+01   2.2844668e+02   1.8882777e+02
   4.4400000e+01   2.2644668e+02   7.9907773e+01
   4.4500000e+01   2.4744668e+02   2.2406777e+02
   4.4600000e+01   3.7344668e+02   4.9027773e+01
   4.4700000e+01   1.8044668e+02   2.1747773e+01
   4.4800000e+01   1.3444668e+02   2.1587773e+01
   4.4900000e+01   1.6044668e+02   5.6547773e+01
   4.5000000e+01   1.6944668e+02  -1.4812227e+01
   4.5100000e+01   8.8446682e+01   5.9427773e+01
   4.5200000e+01   2.7244668e+02   1.4206777e+02
   4.5300000e+01   3.0544668e+02   1.3074777e+02
   4.5400000e+01   1.0844668e+02   7.8627773e+01
   4.5500000e+01   2.2444668e+02   1.3398777e+02
   4.5600000e+01   2.8844668e+02   1.0342777e+02
   4.5700000e+01   1.5644668e+02   3.4707773e+01
   4.5800000e+01   2.0644668e+02   9.0707773e+01
   4.5900000e+01   7.0446682e+01   1.5814777e+02
   4.6000000e+01   3.4144668e+02   9.4307773e+01
   4.6100000e+01   2.8144668e+02   1.0670777e+02
   4.6200000e+01   1.7844668e+02   2.1182777e+02
   4.6300000e+01   7.3446682e+01   1.0802777e+02
   4.6400000e+01   1.6344668e+02   6.3427773e+01
   4.6500000e+01   7.7446682e+01   1.3186777e+02
   4.6600000e+01   3.6044668e+02   1.6654777e+02
   4.6700000e+01   1.4544668e+02  -2.8522275e+00
   4.6800000e+01   1.5144668e+02   7.9907773e+01
   4.6900000e+01   2.7444668e+02   2.4987773e+01
   4.7000000e+01   4.3446682e+01  -2.2772227e+01
   4.7100000e+01   4.8544668e+02   5.0547773e+01
   4.7200000e+01   3.2244668e+02  -9.3932227e+01
   4.7300000e+01   1.3644668e+02  -6.4492227e+01
   4.7400000e+01   2.7044668e+02   9.1477725e+00
   4.7500000e+01   1.5444668e+02   2.7877725e+00
   4.7600000e+01   2.4044668e+02   1.5347773e+01
   4.7700000e+01   2.3744668e+02   2.6467773e+01
   4.7800000e+01   2.2044668e+02   2.1147773e+01
   4.7900000e+01   2.3144668e+02  -5.1292227e+01
   4.8000000e+01   1.2444668e+02  -8.0122275e+00
   4.8100000e+01   3.0844668e+02   1.1062777e+02
   4.8200000e+01   3.8144668e+02   1.3570777e+02
   4.8300000e+01   2.6244668e+02  -5.3222749e-01
   4.8400000e+01   2.9644668e+02   5.7107773e+01
   4.8500000e+01   3.2344668e+02  -3.9722275e+00
   4.8600000e+01   1.9944668e+02   4.9877725e+00
   4.8700000e+01   2.5144668e+02   9.5907773e+01
   4.8800000e+01   4.4144668e+02  -6.6922275e+00
   4.8900000e+01   1.8044668e+02   2.8747773e+01
   4.9000000e+01   2.7344668e+02  -3.8972227e+01
   4.9100000e+01   3.0044668e+02  -2.9052227e+01
   4.9200000e+01   1.3944668e+02   7.7387773e+01
   4.9300000e+01   3.4644668e+02  -7.4892227e+01
   4.9400000e+01   1.5344668e+02   2.8277725e+00
   4.9500000e+01   3.1644668e+02   4.2307773e+01
   4.9600000e+01   1.7944668e+02   2.9787773e+01
   4.9700000e+01   4.7544668e+02   1.1394777e+02
   4.9800000e+01   2.0244668e+02   2.5867773e+01
   4.9900000e+01   2.1744668e+02   1.0726777e+02
   5.0000000e+01   2.5044668e+02   4.9477725e+00
   5.0100000e+01   3.7144668e+02   6.7107773e+01
   5.0200000e+01   2.7644668e+02   5.0907773e+01
   5.0300000e+01   4.6344668e+02  -2.6572227e+01
   5.0400000e+01   3.6944668e+02  -8.8122275e+00
   5.0500000e+01   2.8844668e+02   9.4277725e+00
   5.0600000e+01   3.0644668e+02   1.2570777e+02
   5.0700000e+01   2.1144668e+02   1.2350777e+02
   5.0800000e+01   4.2844668e+02  -6.0172227e+01
   5.0900000e+01   3.9844668e+02   1.6302777e+02
   5.1000000e+01   3.3944668e+02  -1.0061223e+02
   5.1100000e+01   3.0544668e+02   5.0747773e+01
   5.1200000e+01   3.4544668e+02   8.1477725e+00
   5.1300000e+01   3.5344668e+02  -2.6172227e+01
   5.1400000e+01   2.8844668e+02  -1.7572227e+01
   5.1500000e+01   2.8744668e+02   8.2467773e+01
   5.1600000e+01   1.9644668e+02   5.2107773e+01
   5.1700000e+01   3.0044668e+02   7.0947773e+01
   5.1800000e+01   1.7544668e+02  -3.7052227e+01
   5.1900000e+01   1.9844668e+02   1.4602777e+02
   5.2000000e+01   4.3444668e+02  -1.4412227e+01
   5.2100000e+01   3.0544668e+02   1.1874777e+02
   5.2200000e+01   2.7744668e+02   8.5867773e+01
   5.2300000e+01   3.1544668e+02  -5.7652227e+01
   5.2400000e+01   3.5944668e+02   7.5877725e+00
   5.2500000e+01   2.0244668e+02  -4.0132227e+01
   5.2600000e+01   1.4044668e+02   4.6347773e+01
   5.2700000e+01   2.8144668e+02   4.0707773e+01
   5.2800000e+01   3.9844668e+02  -3.5972227e+01
   5.2900000e+01   3.7944668e+02  -1.9212227e+01
   5.3000000e+01   4.4244668e+02  -5.6732227e+01
   5.3100000e+01   2.5144668e+02  -3.0092227e+01
   5.3200000e+01   3.3344668e+02   8.8627773e+01
   5.3300000e+01   1.9044668e+02   2.8347773e+01
   5.3400000e+01   4.3644668e+02  -2.1492227e+01
   5.3500000e+01   3.5044668e+02  -7.0522275e+00
   5.3600000e+01   3.7144668e+02   1.0010777e+02
   5.3700000e+01   3.5544668e+02   1.4747773e+01
   5.3800000e+01   2.8044668e+02   3.4747773e+01
   5.3900000e+01   3.6844668e+02   1.1227773e+01
   5.4000000e+01   3.4544668e+02  -6.8522275e+00
   5.4100000e+01   3.2944668e+02   2.0787773e+01
   5.4200000e+01   5.5144668e+02   2.1907773e+01
   5.4300000e+01   2.2444668e+02   5.8987773e+01
   5.4400000e+01   3.3344668e+02  -9.6372227e+01
   5.4500000e+01   2.3444668e+02   1.5587773e+01
   5.4600000e+01   1.8644668e+02   1.4507773e+01
   5.4700000e+01   3.1844668e+02   9.4227773e+01
   5.4800000e+01   2.8944668e+02   8.8387773e+01
   5.4900000e+01   3.3044668e+02   4.5747773e+01
   5.5000000e+01   4.1844668e+02  -3.3772227e+01
   5.5100000e+01   3.1544668e+02  -2.4652227e+01
   5.5200000e+01   3.2244668e+02   5.0677725e+00
   5.5300000e+01   4.0844668e+02   8.6627773e+01
   5.5400000e+01   3.7044668e+02   4.1147773e+01
   5.5500000e+01   4.4444668e+02   6.6187773e+01
   5.5600000e+01   4.3144668e+02   9.7707773e+01
   5.5700000e+01   2.0844668e+02   4.2627773e+01
   5.5800000e+01   9.0446682e+01  -3.0652227e+01
   5.5900000e+01   2.4544668e+02   7.9147773e+01
   5.6000000e+01   1.7744668e+02   8.5867773e+01
   5.6100000e+01   2.9544668e+02   2.9147773e+01
   5.6200000e+01   2.2144668e+02  -3.8892227e+01
   5.6300000e+01   1.4044668e+02   5.6347773e+01
   5.6400000e+01   1.2544668e+02   8.9477725e+00
   5.6500000e+01   1.1044668e+02  -4.4522275e+00
   5.6600000e+01   1.6744668e+02   7.8267773e+01
   5.6700000e+01   7.9446682e+01   8.4787773e+01
   5.6800000e+01   1.7244668e+02   4.1067773e+01
   5.6900000e+01   2.1244668e+02  -2.3532227e+01
   5.7000000e+01   3.3744668e+02   5.9467773e+01
   5.7100000e+01   4.6244668e+02   1.7467773e+01
   5.7200000e+01   2.3144668e+02   2.3707773e+01
   5.7300000e+01   1.5444668e+02   9.5787773e+01
   5.7400000e+01   8.4446682e+01  -1.4412227e+01
   5.7500000e+01   1.1644668e+02  -3.4692227e+01
   5.7600000e+01   2.9444668e+02   1.8187773e+01
   5.7700000e+01   1.7344668e+02   8.2027773e+01
   5.7800000e+01   3.9544668e+02  -4.8522275e+00
   5.7900000e+01   1.3544668e+02   2.2547773e+01
   5.8000000e+01   3.0944668e+02   4.6587773e+01
   5.8100000e+01   1.3544668e+02   3.7547773e+01
   5.8200000e+01   1.1044668e+02   2.5547773e+01
   5.8300000e+01   1.7744668e+02   1.0886777e+02
   5.8400000e+01   2.1044668e+02   5.4547773e+01
   5.8500000e+01   3.7244668e+02  -5.8932227e+01
   5.8600000e+01   3.2344668e+02   1.0027773e+01
   5.8700000e+01   3.3744668e+02   3.4677725e+00
   5.8800000e+01   3.1044668e+02  -9.4522275e+00
   5.8900000e+01   2.8444668e+02  -2.7412227e+01
   5.9000000e+01   3.4244668e+02   7.2677725e+00
   5.9100000e+01   9.9446682e+01   1.9987773e+01
   5.9200000e+01   3.0144668e+02   1.9077725e+00
   5.9300000e+01   1.1044668e+02  -5.4522275e+00
   5.9400000e+01   6.3446682e+01   1.7342777e+02
   5.9500000e+01   3.8844668e+02  -2.1572227e+01
   5.9600000e+01   2.6144668e+02  -6.7492227e+01
   5.9700000e+01   2.3544668e+02   5.9547773e+01
   5.9800000e+01   1.9344668e+02  -1.2772227e+01
   5.9900000e+01   8.7446682e+01   6.4677725e+00
   6.0000000e+01   3.3044668e+02   1.2747773e+01
   6.0100000e+01   3.3444668e+02  -7.4122275e+00
   6.0200000e+01   1.9544668e+02   2.7147773e+01
   6.0300000e+01   3.3844668e+02  -7.9572227e+01
   6.0400000e+01   3.2644668e+02  -6.0922275e+00
   6.0500000e+01   2.8344668e+02  -1.6372227e+01
   6.0600000e+01   2.1344668e+02   3.5427773e+01
   6.0700000e+01   2.7744668e+02  -1.0132227e+01
   6.0800000e+01   1.8044668e+02   4.2747773e+01
   6.0900000e+01   2.1144668e+02   6.1507773e+01
   6.1000000e+01   7.8446682e+01  -3.5172227e+01
   6.1100000e+01   3.2044668e+02  -1.1785223e+02
   6.1200000e+01   1.1344668e+02   9.7427773e+01
   6.1300000e+01   1.7944668e+02   8.1787773e+01
   6.1400000e+01   1.8144668e+02  -5.2292227e+01
   6.1500000e+01   1.4044668e+02  -2.2652227e+01
   6.1600000e+01   2.7344668e+02  -1.6972227e+01
   6.1700000e+01   3.0044668e+02   1.2194777e+02
   6.1800000e+01   5.7446682e+01  -2.2332227e+01
   6.1900000e+01   2.2944668e+02  -2.4212227e+01
   6.2000000e+01   2.1244668e+02  -4.1532227e+01
   6.2100000e+01   1.3444668e+02  -1.5412227e+01
   6.2200000e+01   2.4644668e+02   8.5107773e+01
   6.2300000e+01   1.0444668e+02   1.9787773e+01
   6.2400000e+01   1.7644668e+02  -3.0922275e+00
   6.2500000e+01   1.9444668e+02   9.4187773e+01
   6.2600000e+01   2.0446682e+01   3.5147773e+01
   6.2700000e+01   3.6644668e+02   8.6307773e+01
   6.2800000e+01   1.8544668e+02   3.5477725e+00
   6.2900000e+01   1.9044668e+02  -6.2652227e+01
   6.3000000e+01   2.5744668e+02  -7.6332227e+01
   6.3100000e+01   1.1844668e+02  -2.0772227e+01
   6.3200000e+01   2.0144668e+02   3.8907773e+01
   6.3300000e+01   9.2446682e+01  -1.5732227e+01
   6.3400000e+01   2.2944668e+02  -5.0212227e+01
   6.3500000e+01   2.9144668e+02   7.8307773e+01
   6.3600000e+01   2.4944668e+02  -2.0012227e+01
   6.3700000e+01   4.5446682e+01  -2.7852227e+01
   6.3800000e+01   5.8446682e+01  -2.6372227e+01
   6.3900000e+01   1.4244668e+02  -8.7322275e+00
   6.4000000e+01   1.5844668e+02  -4.8372227e+01
   6.4100000e+01   1.6744668e+02  -4.7322275e+00
   6.4200000e+01   1.4744668e+02   1.7067773e+01
   6.4300000e+01   1.2644668e+02   1.1907773e+01
   6.4400000e+01   2.6544668e+02  -3.6522275e+00
   6.4500000e+01   1.1344668e+02   6.0427773e+01
   6.4600000e+01   1.4744668e+02  -9.9322275e+00
   6.4700000e+01   2.4344668e+02  -9.1772227e+01
   6.4800000e+01   2.6544668e+02  -1.8652227e+01
   6.4900000e+01   1.6446682e+01   5.3077725e+00
   6.5000000e+01   8.6446682e+01  -2.7492227e+01
   6.5100000e+01   3.1644668e+02  -8.8692227e+01
   6.5200000e+01   1.0844668e+02   1.8627773e+01
   6.5300000e+01   1.6444668e+02   7.3387773e+01
   6.5400000e+01   1.4444668e+02   1.5187773e+01
   6.5500000e+01   1.0244668e+02   3.9867773e+01
   6.5600000e+01   8.2446682e+01   1.0667773e+01
   6.5700000e+01   2.6544668e+02   4.1347773e+01
   6.5800000e+01   9.8446682e+01   3.9027773e+01
   6.5900000e+01   2.3344668e+02  -4.8372227e+01
   6.6000000e+01   2.3444668e+02  -2.7412227e+01
   6.6100000e+01   1.4144668e+02  -8.6922275e+00
   6.6200000e+01   1.2044668e+02  -2.8522275e+00
   6.6300000e+01   1.9944668e+02   1.3987773e+01
   6.6400000e+01   2.1446682e+01  -3.3892227e+01
   6.6500000e+01   1.4644668e+02   8.8107773e+01
   6.6600000e+01   2.0344668e+02   2.6827773e+01
   6.6700000e+01   1.8544668e+02   1.5154777e+02
   6.6800000e+01   1.2944668e+02   2.0787773e+01
   6.6900000e+01   1.5444668e+02   2.1787773e+01
   6.7000000e+01   4.8446682e+01   3.4027773e+01
   6.7100000e+01   2.2144668e+02   1.1310777e+02
   6.7200000e+01   7.2446682e+01  -9.3222749e-01
   6.7300000e+01   5.7446682e+01   5.4667773e+01
   6.7400000e+01   2.6644668e+02   6.8307773e+01
   6.7500000e+01   1.1844668e+02   3.5227773e+01
   6.7600000e+01   1.8844668e+02  -9.6572227e+01
   6.7700000e+01   7.5446682e+01  -4.8052227e+01
   6.7800000e+01   1.1344668e+02  -1.6572227e+01
   6.7900000e+01   2.5744668e+02   6.8667773e+01
   6.8000000e+01   1.2244668e+02  -6.8932227e+01
   6.8100000e+01   3.7144668e+02  -4.4892227e+01
   6.8200000e+01   1.5744668e+02  -2.6332227e+01
   6.8300000e+01   2.0344668e+02   5.1827773e+01
   6.8400000e+01   3.4644668e+02   1.0777251e-01
   6.8500000e+01   2.6544668e+02  -1.0665223e+02
   6.8600000e+01   1.9244668e+02  -5.8732227e+01
   6.8700000e+01   1.9944668e+02  -1.5012227e+01
   6.8800000e+01   1.7244668e+02  -1.7932227e+01
   6.8900000e+01   2.1244668e+02   5.3467773e+01
   6.9000000e+01   4.2446682e+01  -5.9732227e+01
   6.9100000e+01   1.7344668e+02   9.0277725e+00
   6.9200000e+01   2.1444668e+02  -1.2612227e+01
   6.9300000e+01   1.9446682e+01   7.9187773e+01
   6.9400000e+01   1.4644668e+02   4.1077725e+00
   6.9500000e+01   2.2344668e+02  -5.4972227e+01
   6.9600000e+01   2.0944668e+02   5.8777251e-01
   6.9700000e+01   1.0544668e+02   4.1747773e+01
   6.9800000e+01   2.5244668e+02  -2.6132227e+01
   6.9900000e+01   1.6544668e+02   2.5347773e+01
   7.0000000e+01   2.3744668e+02   1.3467773e+01
   7.0100000e+01   3.5844668e+02  -2.1372227e+01
   7.0200000e+01   3.1244668e+02   1.2546777e+02
   7.0300000e+01   2.0644668e+02  -4.9292227e+01
   7.0400000e+01   2.7044668e+02   8.2147773e+01
   7.0500000e+01   1.6544668e+02  -1.5652227e+01
   7.0600000e+01   2.5044668e+02  -2.5052227e+01
   7.0700000e+01   2.1244668e+02   5.4677725e+00
   7.0800000e+01   2.8444668e+02  -7.8412227e+01
   7.0900000e+01   1.9944668e+02   1.9987773e+01
   7.1000000e+01   2.0244668e+02   1.1686777e+02
   7.1100000e+01   1.6244668e+02  -1.0532227e+01
   7.1200000e+01   2.2644668e+02   1.0190777e+02
   7.1300000e+01   1.1144668e+02   7.1507773e+01
   7.1400000e+01   2.4544668e+02  -3.7852227e+01
   7.1500000e+01   1.8144668e+02  -6.4292227e+01
   7.1600000e+01   1.0744668e+02   1.6667773e+01
   7.1700000e+01   1.6144668e+02   2.4507773e+01
   7.1800000e+01   2.5444668e+02   1.0178777e+02
   7.1900000e+01   1.1944668e+02  -6.9812227e+01
   7.2000000e+01   1.6544668e+02  -1.2065223e+02
   7.2100000e+01  -5.5331754e-01  -1.2012227e+01
   7.2200000e+01  -1.9553318e+01  -1.6252227e+01
   7.2300000e+01   1.6244668e+02  -2.9532227e+01
   7.2400000e+01   1.7446682e+01  -5.2732227e+01
   7.2500000e+01   4.1446682e+01  -1.6692227e+01
   7.2600000e+01  -1.7553318e+01  -4.0332227e+01
   7.2700000e+01   2.4344668e+02   1.3722777e+02
   7.2800000e+01   7.4446682e+01   1.9877725e+00
   7.2900000e+01   1.7944668e+02  -2.8212227e+01
   7.3000000e+01  -6.5533175e+00  -9.7722275e+00
   7.3100000e+01   4.4466825e+00  -4.9212227e+01
   7.3200000e+01   2.2446682e+01   1.4506777e+02
   7.3300000e+01   9.9446682e+01   9.8777251e-01
   7.3400000e+01   6.6446682e+01  -9.6922275e+00
   7.3500000e+01  -2.5533175e+00   2.0067773e+01
   7.3600000e+01   1.2544668e+02  -9.0522275e+00
   7.3700000e+01   1.5044668e+02   1.1947773e+01
   7.3800000e+01   4.1446682e+01  -2.6922275e+00
   7.3900000e+01  -6.5533175e+00   1.0322777e+02
   7.4000000e+01  -3.9553318e+01  -1.6452227e+01
   7.4100000e+01  -4.7553318e+01  -3.8132227e+01
   7.4200000e+01   7.6446682e+01  -1.8092227e+01
   7.4300000e+01   5.5446682e+01  -2.7252227e+01
   7.4400000e+01   1.8744668e+02  -4.0532227e+01
   7.4500000e+01   1.5544668e+02   2.0747773e+01
   7.4600000e+01   1.2344668e+02  -1.8972227e+01
   7.4700000e+01   9.8446682e+01  -9.9722275e+00
   7.4800000e+01   3.8446682e+01  -1.1557223e+02
   7.4900000e+01   5.9446682e+01  -7.7412227e+01
   7.5000000e+01   1.4446682e+01   5.4387773e+01
   7.5100000e+01   1.5744668e+02   6.1667773e+01
   7.5200000e+01   1.3446682e+01   1.9427773e+01
   7.5300000e+01   1.4744668e+02   1.0106777e+02
   7.5400000e+01   9.0446682e+01   1.0347773e+01
   7.5500000e+01   1.1044668e+02  -4.3452227e+01
   7.5600000e+01   1.4944668e+02  -4.9012227e+01
   7.5700000e+01   2.1744668e+02   1.9267773e+01
   7.5800000e+01   2.1844668e+02  -5.4772227e+01
   7.5900000e+01   1.4744668e+02   8.7067773e+01
   7.6000000e+01   1.0044668e+02  -1.5052227e+01
   7.6100000e+01   9.6446682e+01   3.1107773e+01
   7.6200000e+01  -2.8553318e+01   5.2107773e+01
   7.6300000e+01   1.8446682e+01  -9.7722275e+00
   7.6400000e+01  -1.9553318e+01   6.7477725e+00
   7.6500000e+01   1.6446682e+01   1.7307773e+01
   7.6600000e+01   5.3446682e+01   1.9827773e+01
   7.6700000e+01  -7.5533175e+00   4.8267773e+01
   7.6800000e+01  -5.6553318e+01  -5.7722275e+00
   7.6900000e+01   5.9446682e+01   8.3587773e+01
   7.7000000e+01   5.0446682e+01  -7.1052227e+01
   7.7100000e+01   1.3644668e+02   4.8507773e+01
   7.7200000e+01  -1.5553318e+01  -2.4122275e+00
   7.7300000e+01  -3.4553318e+01   2.8347773e+01
   7.7400000e+01   7.6446682e+01   5.5907773e+01
   7.7500000e+01   2.2446682e+01   8.3067773e+01
   7.7600000e+01  -1.0553318e+01   2.4387773e+01
   7.7700000e+01   4.4668246e-01   6.1947773e+01
   7.7800000e+01  -5.1553318e+01  -2.4972227e+01
   7.7900000e+01  -4.1553318e+01   2.6627773e+01
   7.8000000e+01   7.7446682e+01  -6.2132227e+01
   7.8100000e+01  -3.4553318e+01   7.6347773e+01
   7.8200000e+01   5.4466825e+00   9.9747773e+01
   7.8300000e+01   3.4446682e+01  -1.4412227e+01
   7.8400000e+01   6.1446682e+01  -1.4922275e+00
   7.8500000e+01   3.1446682e+01   1.4870777e+02
   7.8600000e+01   1.2644668e+02   1.6907773e+01
   7.8700000e+01   1.1544668e+02   4.9347773e+01
   7.8800000e+01  -2.3553318e+01  -3.7092227e+01
   7.8900000e+01   1.9446682e+01   1.1877725e+00
   7.9000000e+01   1.3244668e+02   6.3667773e+01
   7.9100000e+01   1.8244668e+02   6.9667773e+01
   7.9200000e+01   4.9446682e+01   9.7987773e+01
   7.9300000e+01   2.8544668e+02   5.7547773e+01
   7.9400000e+01   2.8444668e+02   8.3587773e+01
   7.9500000e+01   1.4944668e+02   3.0987773e+01
   7.9600000e+01   6.3446682e+01  -8.3572227e+01
   7.9700000e+01   5.4466825e+00   5.3747773e+01
   7.9800000e+01   8.9446682e+01  -6.1222749e-01
   7.9900000e+01   2.1144668e+02  -2.5492227e+01
   8.0000000e+01   1.1144668e+02   4.5077725e+00
   8.0100000e+01   1.1944668e+02   6.0187773e+01
   8.0200000e+01   1.0044668e+02  -6.3052227e+01
   8.0300000e+01   8.0446682e+01   1.9747773e+01
   8.0400000e+01   1.1544668e+02  -5.5652227e+01
   8.0500000e+01  -2.0553318e+01  -4.0212227e+01
   8.0600000e+01   1.6544668e+02  -3.8652227e+01
   8.0700000e+01   9.3446682e+01  -6.7722275e+00
   8.0800000e+01   1.4244668e+02  -3.7732227e+01
   8.0900000e+01   9.3446682e+01   1.0322777e+02
   8.1000000e+01   8.4446682e+01   2.7587773e+01
   8.1100000e+01   5.6446682e+01   2.1707773e+01
   8.1200000e+01   3.6446682e+01   3.5507773e+01
   8.1300000e+01   1.6944668e+02   9.1877725e+00
   8.1400000e+01   2.0446682e+01   6.1477725e+00
   8.1500000e+01   2.6446682e+01   1.9907773e+01
   8.1600000e+01   1.2144668e+02   5.7107773e+01
   8.1700000e+01   1.0344668e+02   4.0827773e+01
   8.1800000e+01  -4.1553318e+01   3.2627773e+01
   8.1900000e+01  -5.2553318e+01  -2.5932227e+01
   8.2000000e+01   1.6844668e+02   2.2227773e+01
   8.2100000e+01   1.3944668e+02   7.0387773e+01
   8.2200000e+01   1.9244668e+02  -1.7732227e+01
   8.2300000e+01   2.5444668e+02   7.7877725e+00
   8.2400000e+01   3.9446682e+01   2.2387773e+01
   8.2500000e+01  -2.5533175e+00   6.3067773e+01
   8.2600000e+01   1.0444668e+02   3.7877725e+00
   8.2700000e+01   5.1446682e+01  -9.2227488e-02
   8.2800000e+01   4.6446682e+01   8.2107773e+01
   8.2900000e+01   1.3446682e+01   2.1427773e+01
   8.3000000e+01   9.1446682e+01   3.7307773e+01
   8.3100000e+01   8.3446682e+01   1.2862777e+02
   8.3200000e+01   1.5044668e+02   4.5947773e+01
   8.3300000e+01   1.5944668e+02   3.7587773e+01
   8.3400000e+01   1.6446682e+01  -1.5692227e+01
   8.3500000e+01   7.1446682e+01   7.1077725e+00
   8.3600000e+01  -1.3553318e+01  -4.6492227e+01
   8.3700000e+01   8.0446682e+01  -1.2522275e+00
   8.3800000e+01   6.0446682e+01   2.4547773e+01
   8.3900000e+01  -9.1553318e+01  -4.7372227e+01
   8.4000000e+01   1.0844668e+02  -7.7372227e+01
   8.4100000e+01  -3.0553318e+01   5.6187773e+01
   8.4200000e+01   6.4466825e+00  -5.0292227e+01
   8.4300000e+01   2.3644668e+02  -6.6492227e+01
   8.4400000e+01  -1.5553318e+01   7.5587773e+01
   8.4500000e+01   1.1944668e+02  -2.7812227e+01
   8.4600000e+01   1.8044668e+02   1.5747773e+01
   8.4700000e+01   4.4446682e+01   1.9187773e+01
   8.4800000e+01   1.7446682e+01   2.0267773e+01
   8.4900000e+01  -1.5533175e+00  -1.0972227e+01
   8.5000000e+01   2.5446682e+01  -5.4052227e+01
   8.5100000e+01   1.0444668e+02  -1.0421223e+02
   8.5200000e+01   1.0444668e+02   1.0787773e+01
   8.5300000e+01   1.5844668e+02  -4.0372227e+01
   8.5400000e+01   9.5446682e+01  -2.7852227e+01
   8.5500000e+01   1.1744668e+02  -8.0732227e+01
   8.5600000e+01   7.4466825e+00   4.7667773e+01
   8.5700000e+01   1.1844668e+02   5.0227773e+01
   8.5800000e+01  -2.9553318e+01  -4.4852227e+01
   8.5900000e+01   2.7446682e+01   1.7867773e+01
   8.6000000e+01  -6.5533175e+00  -1.2477223e+02
   8.6100000e+01  -8.2553318e+01   7.0267773e+01
   8.6200000e+01   1.0446682e+01   8.5477725e+00
   8.6300000e+01  -6.5533175e+00   9.1227773e+01
   8.6400000e+01   2.4444668e+02  -4.8812227e+01
   8.6500000e+01   1.2544668e+02  -4.9052227e+01
   8.6600000e+01   1.1446682e+01  -1.4492227e+01
   8.6700000e+01   6.5446682e+01   3.8347773e+01
   8.6800000e+01   9.3446682e+01   7.9227773e+01
   8.6900000e+01   1.1244668e+02   1.1346777e+02
   8.7000000e+01   1.4446682e+01   1.1387773e+01
   8.7100000e+01   4.3446682e+01   1.0227773e+01
   8.7200000e+01  -1.6553318e+01   6.6277725e+00
   8.7300000e+01   7.7446682e+01  -1.9132227e+01
   8.7400000e+01   8.5446682e+01  -4.5222749e-01
   8.7500000e+01  -2.9553318e+01  -2.7852227e+01
   8.7600000e+01  -1.7553318e+01  -8.3322275e+00
   8.7700000e+01  -1.5553318e+01   4.4587773e+01
   8.7800000e+01   8.7446682e+01  -6.5322275e+00
   8.7900000e+01   1.6944668e+02   3.3187773e+01
   8.8000000e+01   6.5446682e+01   6.0347773e+01
   8.8100000e+01  -4.8553318e+01   9.8907773e+01
   8.8200000e+01  -1.0553318e+01  -1.5612227e+01
   8.8300000e+01   1.9344668e+02  -2.7722275e+00
   8.8400000e+01   1.1144668e+02  -4.2492227e+01
   8.8500000e+01  -2.1553318e+01   4.9827773e+01
   8.8600000e+01  -4.6553318e+01   9.8277725e+00
   8.8700000e+01   1.8444668e+02  -1.5412227e+01
   8.8800000e+01   2.0446682e+01   3.5147773e+01
   8.8900000e+01   1.6544668e+02  -6.1652227e+01
   8.9000000e+01   1.2044668e+02   9.7147773e+01
   8.9100000e+01  -6.5533175e+00   2.5227773e+01
   8.9200000e+01   6.9446682e+01  -2.3812227e+01
   8.9300000e+01   9.4446682e+01   4.4187773e+01
   8.9400000e+01   7.1446682e+01  -2.9892227e+01
   8.9500000e+01   1.4844668e+02   4.2027773e+01
   8.9600000e+01   5.8446682e+01   8.5627773e+01
   8.9700000e+01   1.0444668e+02   8.1787773e+01
   8.9800000e+01   1.1344668e+02   8.3427773e+01
   8.9900000e+01   2.1446682e+01  -3.2892227e+01
   9.0000000e+01   4.3446682e+01   3.0227773e+01
   9.0100000e+01   6.2446682e+01   6.1467773e+01
   9.0200000e+01  -7.5533175e+00   1.2126777e+02
   9.0300000e+01  -3.5553318e+01  -4.5612227e+01
   9.0400000e+01   9.6446682e+01  -5.5892227e+01
   9.0500000e+01  -5.5331754e-01  -1.1012227e+01
   9.0600000e+01   1.6344668e+02  -1.1572227e+01
   9.0700000e+01   1.7844668e+02  -5.6172227e+01
   9.0800000e+01   4.1446682e+01  -4.9692227e+01
   9.0900000e+01   1.1446682e+01  -3.4492227e+01
   9.1000000e+01  -4.4553318e+01   1.5747773e+01
   9.1100000e+01   1.2644668e+02   4.7907773e+01
   9.1200000e+01  -6.3553318e+01  -2.1492227e+01
   9.1300000e+01  -4.4553318e+01  -4.8252227e+01
   9.1400000e+01   1.3344668e+02  -3.4372227e+01
   9.1500000e+01   2.5446682e+01   3.7947773e+01
   9.1600000e+01  -1.1655332e+02  -2.3372227e+01
   9.1700000e+01  -5.1553318e+01   1.0702777e+02
   9.1800000e+01  -1.6553318e+01   5.6627773e+01
   9.1900000e+01  -1.2553318e+01   5.9467773e+01
   9.2000000e+01   7.2446682e+01   1.3006777e+02
   9.2100000e+01   4.6446682e+01   8.7107773e+01
   9.2200000e+01   2.4446682e+01   5.7987773e+01
   9.2300000e+01  -1.3553318e+01  -2.4922275e+00
   9.2400000e+01   7.4446682e+01   6.1987773e+01
   9.2500000e+01   1.3344668e+02   8.7627773e+01
   9.2600000e+01   1.0244668e+02   7.4867773e+01
   9.2700000e+01  -1.9553318e+01   7.1747773e+01
   9.2800000e+01   1.8144668e+02   3.7077725e+00
   9.2900000e+01  -2.8553318e+01   1.2107773e+01
   9.3000000e+01   1.1244668e+02  -1.4532227e+01
   9.3100000e+01   8.3446682e+01   2.8627773e+01
   9.3200000e+01   2.3446682e+01  -2.7972227e+01
   9.3300000e+01  -7.5533175e+00  -1.0732227e+01
   9.3400000e+01   1.2844668e+02  -5.4172227e+01
   9.3500000e+01   3.6446682e+01   7.5077725e+00
   9.3600000e+01  -2.3553318e+01  -4.8092227e+01
   9.3700000e+01   2.6446682e+01  -7.0922275e+00
   9.3800000e+01   7.3446682e+01   2.6027773e+01
   9.3900000e+01  -3.7553318e+01  -2.7532227e+01
   9.4000000e+01   5.7446682e+01  -2.4332227e+01
   9.4100000e+01   1.6446682e+01   3.6307773e+01
   9.4200000e+01  -1.4553318e+01   2.0547773e+01
   9.4300000e+01   1.0244668e+02   4.8677725e+00
   9.4400000e+01   1.2244668e+02   4.0067773e+01
   9.4500000e+01  -5.7553318e+01  -1.5732227e+01
   9.4600000e+01   1.0446682e+01  -9.4522275e+00
   9.4700000e+01   8.4446682e+01  -5.3412227e+01
   9.4800000e+01   4.2446682e+01   1.2726777e+02
   9.4900000e+01  -2.2553318e+01  -1.1132227e+01
   9.5000000e+01   9.0446682e+01  -8.1652227e+01
   9.5100000e+01   7.0446682e+01  -4.6852227e+01
   9.5200000e+01   1.2744668e+02  -4.9132227e+01
   9.5300000e+01   4.1446682e+01  -2.3692227e+01
   9.5400000e+01   4.2446682e+01  -6.1732227e+01
   9.5500000e+01  -3.5533175e+00  -9.8922275e+00
   9.5600000e+01   2.6446682e+01  -5.7092227e+01
   9.5700000e+01   1.3144668e+02  -6.8292227e+01
   9.5800000e+01   1.1144668e+02   1.4050777e+02
   9.5900000e+01   2.2844668e+02  -3.5172227e+01
   9.6000000e+01  -8.3553318e+01   1.9307773e+01
   9.6100000e+01   1.1744668e+02   4.0267773e+01
   9.6200000e+01  -1.5533175e+00  -5.5972227e+01
   9.6300000e+01   4.7446682e+01  -5.9322275e+00
   9.6400000e+01   2.0446682e+01   2.7147773e+01
   9.6500000e+01   1.4844668e+02  -1.4972227e+01
   9.6600000e+01   1.4644668e+02  -5.7892227e+01
   9.6700000e+01   1.4466825e+00  -3.1092227e+01
   9.6800000e+01  -1.4553318e+01   1.3547773e+01
   9.6900000e+01  -2.0553318e+01  -8.2122275e+00
   9.7000000e+01   1.1244668e+02  -2.5322275e+00
   9.7100000e+01   1.3844668e+02  -8.6572227e+01
   9.7200000e+01  -3.5533175e+00  -3.6892227e+01
   9.7300000e+01   7.7446682e+01  -3.1132227e+01
   9.7400000e+01   1.2544668e+02  -1.1052227e+01
   9.7500000e+01   5.2446682e+01   2.8677725e+00
   9.7600000e+01   2.4446682e+01   3.9877725e+00
   9.7700000e+01   1.1644668e+02  -3.0692227e+01
   9.7800000e+01   4.9446682e+01   3.2987773e+01
   9.7900000e+01   1.2444668e+02   5.9987773e+01
   9.8000000e+01  -5.8553318e+01   6.8307773e+01
   9.8100000e+01   3.7446682e+01  -8.5322275e+00
   9.8200000e+01   3.9446682e+01  -2.3612227e+01
   9.8300000e+01   1.2744668e+02  -3.3132227e+01
   9.8400000e+01  -1.4553318e+01   1.0554777e+02
   9.8500000e+01   5.6446682e+01  -4.3292227e+01
   9.8600000e+01   1.3446682e+01  -1.0157223e+02
   9.8700000e+01  -2.1553318e+01  -5.3172227e+01
   9.8800000e+01  -4.3553318e+01   9.8707773e+01
   9.8900000e+01  -7.0553318e+01   9.1787773e+01
   9.9000000e+01   1.1744668e+02  -7.3732227e+01
   9.9100000e+01  -8.5533175e+00   1.3307773e+01
   9.9200000e+01  -1.0553318e+01   2.3877725e+00
   9.9300000e+01   1.0444668e+02   1.1787773e+01
   9.9400000e+01   5.8446682e+01  -3.8372227e+01
   9.9500000e+01   1.0244668e+02   2.2867773e+01
   9.9600000e+01   4.4446682e+01  -9.0812227e+01
   9.9700000e+01   1.1544668e+02   2.5347773e+01
   9.9800000e+01   4.0446682e+01  -7.6522275e+00
   9.9900000e+01  -7.4553318e+01  -1.7052227e+01
   1.0000000e+02  -1.4455332e+02  -7.3252227e+01
   1.0010000e+02  -8.6553318e+01   1.5242777e+02
   1.0020000e+02   7.4446682e+01  -3.1012227e+01
   1.0030000e+02  -2.5533175e+00  -5.9322275e+00
   1.0040000e+02  -6.3553318e+01  -3.9492227e+01
   1.0050000e+02   1.8244668e+02  -3.0332227e+01
   1.0060000e+02  -4.0553318e+01  -2.5412227e+01
   1.0070000e+02  -2.1553318e+01   2.5827773e+01
   1.0080000e+02  -2.3553318e+01   9.0777251e-01
   1.0090000e+02  -5.6553318e+01   1.1227773e+01
   1.0100000e+02   2.5446682e+01   2.2947773e+01
   1.0110000e+02   5.3446682e+01  -1.1722275e+00
   1.0120000e+02   1.9344668e+02   2.2277725e+00
   1.0130000e+02   6.4466825e+00  -5.7292227e+01
   1.0140000e+02  -1.0955332e+02  -3.3652227e+01
   1.0150000e+02  -8.0553318e+01   2.5187773e+01
   1.0160000e+02  -1.4553318e+01  -1.0745223e+02
   1.0170000e+02   1.5444668e+02   7.7877725e+00
   1.0180000e+02   6.8446682e+01   1.1227773e+01
   1.0190000e+02   1.0744668e+02  -5.3332227e+01
   1.0200000e+02   1.2446682e+01  -3.7532227e+01
   1.0210000e+02   1.5144668e+02  -4.9092227e+01
   1.0220000e+02   2.9644668e+02   3.5107773e+01
   1.0230000e+02  -5.6553318e+01  -5.8772227e+01
   1.0240000e+02   8.4466825e+00  -2.8372227e+01
   1.0250000e+02  -1.0955332e+02   8.6347773e+01
   1.0260000e+02   8.1446682e+01  -3.8292227e+01
   1.0270000e+02   1.1944668e+02  -6.4812227e+01
   1.0280000e+02  -2.5533175e+00  -8.6932227e+01
   1.0290000e+02   1.4544668e+02  -4.2852227e+01
   1.0300000e+02   1.1144668e+02  -9.4922275e+00
   1.0310000e+02   7.9446682e+01   1.0787773e+01
   1.0320000e+02  -2.5553318e+01  -1.4012227e+01
   1.0330000e+02   9.7446682e+01   1.9067773e+01
   1.0340000e+02   3.4446682e+01   3.9587773e+01
   1.0350000e+02   5.4466825e+00   9.4747773e+01
   1.0360000e+02  -2.0553318e+01   3.2787773e+01
   1.0370000e+02   1.3744668e+02  -6.3532227e+01
   1.0380000e+02   1.0744668e+02  -5.3322275e+00
   1.0390000e+02   1.7344668e+02  -8.9722275e+00
   1.0400000e+02  -2.9553318e+01   2.4147773e+01
   1.0410000e+02  -5.5331754e-01   7.9987773e+01
   1.0420000e+02  -7.9553318e+01   1.1147773e+01
   1.0430000e+02   2.8446682e+01  -3.1172227e+01
   1.0440000e+02  -4.2553318e+01  -5.2332227e+01
   1.0450000e+02   6.2446682e+01  -3.5322275e+00
   1.0460000e+02  -7.6553318e+01   3.9027773e+01
   1.0470000e+02  -3.5533175e+00  -2.7892227e+01
   1.0480000e+02   4.3446682e+01   2.1227773e+01
   1.0490000e+02  -4.2553318e+01   3.6677725e+00
   1.0500000e+02   1.5446682e+01   2.7347773e+01
   1.0510000e+02   1.6446682e+01  -3.2692227e+01
   1.0520000e+02  -2.5533175e+00  -2.6932227e+01
   1.0530000e+02  -5.3553318e+01   4.9107773e+01
   1.0540000e+02   6.2446682e+01   2.0467773e+01
   1.0550000e+02   1.4466825e+00  -4.0092227e+01
   1.0560000e+02   2.6446682e+01   2.9077725e+00
   1.0570000e+02   9.0446682e+01  -6.1652227e+01
   1.0580000e+02   1.2144668e+02  -2.9892227e+01
   1.0590000e+02  -3.3553318e+01   8.9307773e+01
   1.0600000e+02  -4.8553318e+01  -7.4092227e+01
   1.0610000e+02  -5.3553318e+01   4.3107773e+01
   1.0620000e+02   2.8446682e+01   2.5827773e+01
   1.0630000e+02  -1.2055332e+02   3.2787773e+01
   1.0640000e+02  -5.0553318e+01  -4.3012227e+01
   1.0650000e+02   4.1446682e+01   1.2930777e+02
   1.0660000e+02   3.8446682e+01   2.4277725e+00
   1.0670000e+02   4.0446682e+01  -4.6522275e+00
   1.0680000e+02   1.9446682e+01  -4.7812227e+01
   1.0690000e+02  -1.1553318e+01  -6.2572227e+01
   1.0700000e+02   7.7446682e+01  -6.4132227e+01
   1.0710000e+02  -8.5533175e+00  -1.4692227e+01
   1.0720000e+02  -3.9553318e+01  -1.4522275e+00
   1.0730000e+02   2.0446682e+01  -5.7852227e+01
   1.0740000e+02   3.3446682e+01  -3.3372227e+01
   1.0750000e+02  -1.5533175e+00  -1.9972227e+01
   1.0760000e+02  -7.0553318e+01  -3.0212227e+01
   1.0770000e+02   8.4466825e+00  -4.1372227e+01
   1.0780000e+02   1.8446682e+01   1.5227773e+01
   1.0790000e+02   8.5446682e+01  -5.6452227e+01
   1.0800000e+02   5.3446682e+01  -4.8172227e+01
   1.0810000e+02   1.1644668e+02   3.2307773e+01
   1.0820000e+02  -6.5533175e+00  -4.1772227e+01
   1.0830000e+02   3.4446682e+01   5.8777251e-01
   1.0840000e+02  -4.2553318e+01   5.5667773e+01
   1.0850000e+02   8.2446682e+01  -3.3332227e+01
   1.0860000e+02   1.1944668e+02  -2.8122275e+00
   1.0870000e+02  -1.2955332e+02   2.1147773e+01
   1.0880000e+02  -5.9553318e+01   5.2347773e+01
   1.0890000e+02  -3.4553318e+01   1.8347773e+01
   1.0900000e+02  -3.8553318e+01  -6.4922275e+00
   1.0910000e+02  -5.9553318e+01   6.3477725e+00
   1.0920000e+02  -2.1553318e+01  -2.9172227e+01
   1.0930000e+02  -1.1755332e+02  -3.1332227e+01
   1.0940000e+02   3.5446682e+01  -3.3452227e+01
   1.0950000e+02  -1.1155332e+02   4.8427773e+01
   1.0960000e+02  -3.6553318e+01   1.5427773e+01
   1.0970000e+02  -5.8553318e+01   5.4307773e+01
   1.0980000e+02   4.6446682e+01   3.1077725e+00
   1.0990000e+02  -1.6553318e+01  -8.1372227e+01
   1.1000000e+02   5.4446682e+01   4.7877725e+00
   1.1010000e+02   7.9446682e+01  -5.0212227e+01
   1.1020000e+02   1.4446682e+01   2.3387773e+01
   1.1030000e+02   1.7044668e+02  -3.3852227e+01
   1.1040000e+02   2.4466825e+00   3.0867773e+01
   1.1050000e+02  -7.5533175e+00  -8.9732227e+01
   1.1060000e+02   9.1446682e+01  -2.7692227e+01
   1.1070000e+02  -3.6553318e+01  -2.6572227e+01
   1.1080000e+02   1.2944668e+02   2.3787773e+01
   1.1090000e+02  -1.3755332e+02  -3.2532227e+01
   1.1100000e+02   9.8446682e+01  -3.9972227e+01
   1.1110000e+02   1.9446682e+01   4.4187773e+01
   1.1120000e+02  -1.5553318e+01  -4.7412227e+01
   1.1130000e+02  -4.6553318e+01   2.8827773e+01
   1.1140000e+02   1.1744668e+02  -3.1732227e+01
   1.1150000e+02   6.7446682e+01  -8.8732227e+01
   1.1160000e+02  -3.6553318e+01   8.4277725e+00
   1.1170000e+02  -8.6553318e+01  -4.3572227e+01
   1.1180000e+02  -1.0553318e+01   9.3877725e+00
   1.1190000e+02   4.9446682e+01  -6.3012227e+01
   1.1200000e+02  -5.0553318e+01  -3.8012227e+01
   1.1210000e+02   7.3446682e+01  -2.6972227e+01
   1.1220000e+02   1.7446682e+01  -2.9732227e+01
   1.1230000e+02   2.6446682e+01  -3.0922275e+00
   1.1240000e+02  -2.3553318e+01   1.2290777e+02
   1.1250000e+02  -3.3553318e+01  -3.8692227e+01
   1.1260000e+02   7.0446682e+01   9.5147773e+01
   1.1270000e+02  -6.5553318e+01  -5.0412227e+01
   1.1280000e+02   2.1446682e+01   2.9107773e+01
   1.1290000e+02  -5.2553318e+01  -1.2932227e+01
   1.1300000e+02   8.3446682e+01  -7.5372227e+01
   1.1310000e+02   2.2446682e+01  -3.8932227e+01
   1.1320000e+02  -5.6553318e+01   1.2022777e+02
   1.1330000e+02  -7.0553318e+01  -6.3212227e+01
   1.1340000e+02  -1.1055332e+02   2.9387773e+01
   1.1350000e+02   8.2446682e+01   2.3667773e+01
   1.1360000e+02   1.1044668e+02  -8.5452227e+01
   1.1370000e+02  -1.1255332e+02  -8.5322275e+00
   1.1380000e+02  -1.7355332e+02  -2.4092227e+01
   1.1390000e+02   7.0446682e+01   1.4147773e+01
   1.1400000e+02  -4.0553318e+01   3.5877725e+00
   1.1410000e+02   1.4446682e+01  -4.6612227e+01
   1.1420000e+02  -8.5553318e+01  -4.5612227e+01
   1.1430000e+02  -1.0455332e+02   5.4147773e+01
   1.1440000e+02   1.3844668e+02   9.5427773e+01
   1.1450000e+02  -9.9553318e+01   7.9477725e+00
   1.1460000e+02   3.4446682e+01   1.9587773e+01
   1.1470000e+02  -1.5553318e+01   3.5877725e+00
   1.1480000e+02  -3.3553318e+01   6.7307773e+01
   1.1490000e+02   4.3446682e+01   9.0227773e+01
   1.1500000e+02  -5.2553318e+01   8.9067773e+01
   1.1510000e+02   2.2446682e+01   2.9067773e+01
   1.1520000e+02  -3.2553318e+01  -4.9732227e+01
   1.1530000e+02  -6.6553318e+01   2.7627773e+01
   1.1540000e+02  -2.9553318e+01  -8.1852227e+01
   1.1550000e+02  -1.5553318e+01   2.8587773e+01
   1.1560000e+02   2.9446682e+01  -4.7212227e+01
   1.1570000e+02   3.3446682e+01  -2.0372227e+01
   1.1580000e+02   3.0446682e+01   2.7747773e+01
   1.1590000e+02  -4.3553318e+01  -4.0292227e+01
   1.1600000e+02   7.3446682e+01  -7.3972227e+01
   1.1610000e+02  -1.2553318e+01  -8.5532227e+01
   1.1620000e+02  -2.1553318e+01  -5.2172227e+01
   1.1630000e+02   3.2446682e+01  -1.7332227e+01
   1.1640000e+02   3.2446682e+01   8.6677725e+00
   1.1650000e+02   2.5446682e+01  -8.2052227e+01
   1.1660000e+02   9.8446682e+01   4.0277725e+00
   1.1670000e+02   6.8446682e+01  -4.6772227e+01
   1.1680000e+02  -8.5533175e+00  -5.0692227e+01
   1.1690000e+02   3.4446682e+01   1.1258777e+02
   1.1700000e+02   7.8446682e+01   1.9827773e+01
   1.1710000e+02   6.6446682e+01  -6.2692227e+01
   1.1720000e+02   8.8446682e+01   1.9427773e+01
   1.1730000e+02  -4.0553318e+01   1.2587773e+01
   1.1740000e+02   1.2844668e+02  -1.8172227e+01
   1.1750000e+02  -3.4553318e+01  -1.6652227e+01
   1.1760000e+02   1.1144668e+02   1.1507773e+01
   1.1770000e+02   5.1446682e+01  -1.3092227e+01
   1.1780000e+02  -4.9553318e+01   1.9477725e+00
   1.1790000e+02  -4.6553318e+01   4.3827773e+01
   1.1800000e+02   1.2044668e+02  -1.0085223e+02
   1.1810000e+02  -7.3553318e+01   1.9907773e+01
   1.1820000e+02  -8.7553318e+01  -1.9532227e+01
   1.1830000e+02   1.5444668e+02  -2.5212227e+01
   1.1840000e+02   2.6446682e+01  -8.5092227e+01
   1.1850000e+02   5.3446682e+01  -3.3172227e+01
   1.1860000e+02   5.4466825e+00   5.0747773e+01
   1.1870000e+02  -4.1553318e+01   7.6627773e+01
   1.1880000e+02   3.3446682e+01  -4.1372227e+01
   1.1890000e+02  -6.5553318e+01  -5.7412227e+01
   1.1900000e+02  -3.4553318e+01  -6.6522275e+00
   1.1910000e+02  -7.5553318e+01  -8.7012227e+01
   1.1920000e+02   2.1446682e+01   1.4107773e+01
   1.1930000e+02   1.3844668e+02  -1.8572227e+01
   1.1940000e+02   5.3446682e+01  -1.1172227e+01
   1.1950000e+02   5.4466825e+00  -7.8252227e+01
   1.1960000e+02   3.7446682e+01  -5.2532227e+01
   1.1970000e+02  -3.4553318e+01  -2.8652227e+01
   1.1980000e+02   5.0446682e+01  -6.0522275e+00
   1.1990000e+02   7.8446682e+01  -7.9172227e+01
   1.2000000e+02   1.0744668e+02  -5.8332227e+01
   1.2010000e+02   1.6544668e+02  -1.2652227e+01
   1.2020000e+02   1.4466825e+00   3.3907773e+01
   1.2030000e+02  -9.8553318e+01   3.5907773e+01
   1.2040000e+02   3.3446682e+01  -6.6372227e+01
   1.2050000e+02   4.4466825e+00  -3.2212227e+01
   1.2060000e+02   4.4466825e+00  -4.6212227e+01
   1.2070000e+02  -6.7553318e+01  -7.0332227e+01
   1.2080000e+02  -6.9553318e+01   2.7747773e+01
   1.2090000e+02   1.1944668e+02  -8.0812227e+01
   1.2100000e+02   1.1244668e+02  -9.5322275e+00
   1.2110000e+02  -1.1955332e+02  -7.2522275e+00
   1.2120000e+02  -6.9553318e+01   9.7477725e+00
   1.2130000e+02  -6.2553318e+01   2.1467773e+01
   1.2140000e+02   2.8446682e+01  -1.1722275e+00
   1.2150000e+02  -1.5553318e+01  -1.4412227e+01
   1.2160000e+02   9.4466825e+00  -4.4122275e+00
   1.2170000e+02  -9.7553318e+01  -4.1322275e+00
   1.2180000e+02   4.3446682e+01  -1.2772227e+01
   1.2190000e+02  -4.9553318e+01  -9.1052227e+01
   1.2200000e+02   2.8446682e+01  -2.8172227e+01
   1.2210000e+02   1.7446682e+01  -6.7732227e+01
   1.2220000e+02   1.0144668e+02  -2.3092227e+01
   1.2230000e+02   1.3446682e+01   1.8427773e+01
   1.2240000e+02   3.0446682e+01  -1.0252227e+01
   1.2250000e+02   1.2446682e+01   2.9467773e+01
   1.2260000e+02   5.8446682e+01   9.8627773e+01
   1.2270000e+02   1.4466825e+00  -7.1092227e+01
   1.2280000e+02  -4.1553318e+01   1.0862777e+02
   1.2290000e+02  -8.8553318e+01   1.0507773e+01
   1.2300000e+02   3.2446682e+01  -2.4332227e+01
   1.2310000e+02   2.8446682e+01  -8.7172227e+01
   1.2320000e+02   1.9446682e+01   1.3418777e+02
   1.2330000e+02   1.7446682e+01   4.8267773e+01
   1.2340000e+02  -7.2553318e+01   7.1867773e+01
   1.2350000e+02   5.5446682e+01   2.6747773e+01
   1.2360000e+02   6.6446682e+01   1.3307773e+01
   1.2370000e+02   1.4544668e+02   4.1477725e+00
   1.2380000e+02  -3.5553318e+01  -6.1612227e+01
   1.2390000e+02   5.7446682e+01  -6.3322275e+00
   1.2400000e+02   5.8446682e+01   1.6627773e+01
   1.2410000e+02   7.5446682e+01  -3.9052227e+01
   1.2420000e+02   9.9446682e+01  -4.9012227e+01
   1.2430000e+02   4.4466825e+00  -1.2212227e+01
   1.2440000e+02  -2.3553318e+01  -5.0922275e+00
   1.2450000e+02  -3.5533175e+00   2.5107773e+01
   1.2460000e+02   3.4466825e+00  -3.7172227e+01
   1.2470000e+02   3.3446682e+01  -2.0372227e+01
   1.2480000e+02  -9.4553318e+01   6.8747773e+01
   1.2490000e+02   4.4466825e+00  -8.2122275e+00
   1.2500000e+02  -4.2553318e+01  -2.3332227e+01
   1.2510000e+02   7.5446682e+01  -4.0052227e+01
   1.2520000e+02  -3.5553318e+01   7.9387773e+01
   1.2530000e+02  -1.9553318e+01   2.5747773e+01
   1.2540000e+02   1.4466825e+00   1.2907773e+01
   1.2550000e+02   7.1446682e+01   9.9107773e+01
   1.2560000e+02   9.7446682e+01  -5.7932227e+01
   1.2570000e+02   2.4466825e+00  -1.3222749e-01
   1.2580000e+02   4.8446682e+01  -1.2097223e+02
   1.2590000e+02   7.6446682e+01  -7.3092227e+01
   1.2600000e+02   1.2544668e+02  -5.2227488e-02
   1.2610000e+02  -6.9553318e+01   7.0747773e+01
   1.2620000e+02   1.0446682e+01  -3.6452227e+01
   1.2630000e+02  -2.5553318e+01   2.9877725e+00
   1.2640000e+02   2.0446682e+01  -2.2852227e+01
   1.2650000e+02   1.8744668e+02  -4.5322275e+00
   1.2660000e+02   2.5446682e+01   9.5947773e+01
   1.2670000e+02  -4.7553318e+01   4.3867773e+01
   1.2680000e+02  -7.9553318e+01   1.0714777e+02
   1.2690000e+02   4.3446682e+01  -3.8772227e+01
   1.2700000e+02  -5.2553318e+01   1.0067773e+01
   1.2710000e+02  -2.6553318e+01  -1.0972227e+01
   1.2720000e+02   3.7446682e+01   3.7467773e+01
   1.2730000e+02  -7.4553318e+01  -2.6052227e+01
   1.2740000e+02   3.5446682e+01   2.7547773e+01
   1.2750000e+02   5.7446682e+01   2.5667773e+01
   1.2760000e+02   5.4466825e+00  -2.2252227e+01
   1.2770000e+02  -1.2553318e+01   5.8467773e+01
   1.2780000e+02   6.7446682e+01   1.3426777e+02
   1.2790000e+02  -1.9553318e+01  -3.6252227e+01
   1.2800000e+02  -8.5533175e+00   3.8307773e+01
   1.2810000e+02  -5.3553318e+01  -4.5892227e+01
   1.2820000e+02  -4.5553318e+01  -4.8212227e+01
   1.2830000e+02  -1.5553318e+01   1.5587773e+01
   1.2840000e+02   3.6446682e+01   2.8507773e+01
   1.2850000e+02   7.2446682e+01  -5.1932227e+01
   1.2860000e+02  -7.3553318e+01   6.4907773e+01
   1.2870000e+02   3.1446682e+01  -3.4292227e+01
   1.2880000e+02   1.1144668e+02   2.1507773e+01
   1.2890000e+02   8.3446682e+01  -3.8372227e+01
   1.2900000e+02  -2.6553318e+01  -1.2972227e+01
   1.2910000e+02  -8.4553318e+01  -4.0652227e+01
   1.2920000e+02   8.2446682e+01  -6.5332227e+01
   1.2930000e+02  -7.6553318e+01  -1.1972227e+01
   1.2940000e+02  -6.4553318e+01   5.3547773e+01
   1.2950000e+02   3.6446682e+01  -4.6492227e+01
   1.2960000e+02  -4.9553318e+01   2.8947773e+01
   1.2970000e+02  -4.9553318e+01  -1.1052227e+01
   1.2980000e+02   1.1444668e+02  -6.3612227e+01
   1.2990000e+02  -6.1553318e+01  -2.5572227e+01
   1.3000000e+02  -1.4553318e+01   2.2547773e+01
   1.3010000e+02  -8.2553318e+01  -4.9732227e+01
   1.3020000e+02  -4.7553318e+01   2.5867773e+01
   1.3030000e+02   4.7446682e+01  -5.4932227e+01
   1.3040000e+02   5.7446682e+01  -6.4332227e+01
   1.3050000e+02   3.3446682e+01  -6.3722275e+00
   1.3060000e+02   2.5446682e+01  -1.9052227e+01
   1.3070000e+02  -1.1955332e+02   4.8747773e+01
   1.3080000e+02  -1.5655332e+02   1.3227773e+01
   1.3090000e+02  -3.4553318e+01  -3.1652227e+01
   1.3100000e+02  -5.5533175e+00   9.6187773e+01
   1.3110000e+02  -7.6553318e+01  -1.2972227e+01
   1.3120000e+02  -1.4553318e+01  -5.4452227e+01
   1.3130000e+02   1.3544668e+02   9.0547773e+01
   1.3140000e+02  -8.8553318e+01   2.2507773e+01
   1.3150000e+02  -1.0955332e+02  -5.7652227e+01
   1.3160000e+02   8.7446682e+01   5.5467773e+01
   1.3170000e+02   5.9446682e+01  -3.0412227e+01
   1.3180000e+02   2.2446682e+01  -6.3932227e+01
   1.3190000e+02  -1.5553318e+01  -6.8412227e+01
   1.3200000e+02   3.4446682e+01  -3.0412227e+01
   1.3210000e+02  -1.4755332e+02   2.3867773e+01
   1.3220000e+02  -6.5553318e+01   1.8587773e+01
   1.3230000e+02   5.8446682e+01   6.5627773e+01
   1.3240000e+02  -4.7553318e+01   1.6867773e+01
   1.3250000e+02   6.4446682e+01  -1.7612227e+01
   1.3260000e+02  -8.0553318e+01   5.7187773e+01
   1.3270000e+02   6.8446682e+01   9.1227773e+01
   1.3280000e+02   5.8446682e+01  -1.7372227e+01
   1.3290000e+02   1.1644668e+02   5.2307773e+01
   1.3300000e+02  -3.2553318e+01   2.7267773e+01
   1.3310000e+02   7.4446682e+01   5.9877725e+00
   1.3320000e+02   5.0446682e+01   9.8947773e+01
   1.3330000e+02   7.2446682e+01  -2.3932227e+01
   1.3340000e+02   6.8446682e+01   3.2277725e+00
   1.3350000e+02   1.1844668e+02   5.7227773e+01
   1.3360000e+02  -6.2553318e+01   3.9467773e+01
   1.3370000e+02   6.4466825e+00  -6.6292227e+01
   1.3380000e+02   7.5446682e+01   3.9477725e+00
   1.3390000e+02   5.4446682e+01  -9.2122275e+00
   1.3400000e+02  -5.7553318e+01  -4.7732227e+01
   1.3410000e+02  -7.5553318e+01   9.8987773e+01
   1.3420000e+02   5.6446682e+01  -7.3292227e+01
   1.3430000e+02  -4.8553318e+01   3.6907773e+01
   1.3440000e+02   1.8446682e+01  -4.3772227e+01
   1.3450000e+02  -2.0553318e+01  -5.0212227e+01
   1.3460000e+02  -1.1553318e+01  -3.3572227e+01
   1.3470000e+02  -1.4255332e+02   1.1667773e+01
   1.3480000e+02   3.9446682e+01  -6.5612227e+01
   1.3490000e+02  -1.2553318e+01   8.4677725e+00
   1.3500000e+02  -7.5553318e+01  -5.1012227e+01
   1.3510000e+02  -1.2655332e+02   2.3027773e+01
   1.3520000e+02   3.9446682e+01  -1.7612227e+01
   1.3530000e+02   6.4446682e+01  -6.6122275e+00
   1.3540000e+02   3.4466825e+00   1.1827773e+01
   1.3550000e+02  -2.3553318e+01   1.1907773e+01
   1.3560000e+02   3.0446682e+01  -1.3252227e+01
   1.3570000e+02   8.4446682e+01  -9.1412227e+01
   1.3580000e+02   5.1446682e+01  -2.5092227e+01
   1.3590000e+02  -3.1553318e+01   2.2277725e+00
   1.3600000e+02   1.7446682e+01  -3.1732227e+01
   1.3610000e+02  -4.5533175e+00   4.5147773e+01
   1.3620000e+02   1.1544668e+02  -4.3652227e+01
   1.3630000e+02  -8.1553318e+01  -2.9772227e+01
   1.3640000e+02  -6.9553318e+01  -1.3252227e+01
   1.3650000e+02  -3.5533175e+00  -7.2892227e+01
   1.3660000e+02  -1.1553318e+01   3.4277725e+00
   1.3670000e+02  -5.0553318e+01  -2.4012227e+01
   1.3680000e+02  -9.4553318e+01   1.2274777e+02
   1.3690000e+02   1.3244668e+02   2.2667773e+01
   1.3700000e+02  -5.9553318e+01   1.7347773e+01
   1.3710000e+02  -6.5553318e+01  -7.6412227e+01
   1.3720000e+02  -2.2553318e+01   5.8677725e+00
   1.3730000e+02  -8.9553318e+01  -1.6452227e+01
   1.3740000e+02  -2.5533175e+00   3.7067773e+01
   1.3750000e+02  -1.0553318e+01  -6.2612227e+01
   1.3760000e+02  -1.9553318e+01   2.3747773e+01
   1.3770000e+02   6.1446682e+01  -3.0492227e+01
   1.3780000e+02  -8.5533175e+00   1.1330777e+02
   1.3790000e+02  -9.1553318e+01  -3.7222749e-01
   1.3800000e+02  -9.8553318e+01   4.9077725e+00
   1.3810000e+02  -4.4553318e+01  -6.3252227e+01
   1.3820000e+02  -8.5533175e+00   5.7307773e+01
   1.3830000e+02  -1.5533175e+00   1.8027773e+01
   1.3840000e+02  -1.4255332e+02   5.9667773e+01
   1.3850000e+02  -6.5553318e+01   5.6587773e+01
   1.3860000e+02   7.6446682e+01  -9.6092227e+01
   1.3870000e+02   5.5446682e+01  -1.9252227e+01
   1.3880000e+02   3.3446682e+01  -3.2372227e+01
   1.3890000e+02   6.1446682e+01   5.8507773e+01
   1.3900000e+02  -5.7553318e+01   2.4267773e+01
   1.3910000e+02  -2.1553318e+01  -2.8172227e+01
   1.3920000e+02   1.7446682e+01   1.0726777e+02
   1.3930000e+02   2.3446682e+01   3.0027773e+01
   1.3940000e+02   5.2446682e+01   8.5867773e+01
   1.3950000e+02   5.1446682e+01   5.6907773e+01
   1.3960000e+02  -2.5553318e+01  -2.0012227e+01
   1.3970000e+02   4.0446682e+01  -1.3865223e+02
   1.3980000e+02   4.8446682e+01  -5.0972227e+01
   1.3990000e+02   2.3446682e+01   6.0277725e+00
   1.4000000e+02   4.4446682e+01  -4.4812227e+01
   1.4010000e+02  -5.5533175e+00  -5.2812227e+01
   1.4020000e+02  -1.8255332e+02  -4.9732227e+01
   1.4030000e+02   1.7744668e+02  -9.0132227e+01
   1.4040000e+02   1.4444668e+02  -8.7812227e+01
   1.4050000e+02  -4.2553318e+01  -2.8332227e+01
   1.4060000e+02   2.5446682e+01  -8.8052227e+01
   1.4070000e+02   3.3446682e+01  -3.1372227e+01
   1.4080000e+02   3.7446682e+01  -7.7532227e+01
   1.4090000e+02  -9.6553318e+01   1.1827773e+01
   1.4100000e+02   5.6446682e+01  -3.4292227e+01
   1.4110000e+02   4.4446682e+01  -4.9812227e+01
   1.4120000e+02  -2.0553318e+01  -5.5212227e+01
   1.4130000e+02  -3.1553318e+01   4.9227773e+01
   1.4140000e+02  -7.5533175e+00  -1.2732227e+01
   1.4150000e+02   8.5446682e+01  -7.2452227e+01
   1.4160000e+02  -1.5533175e+00  -1.9972227e+01
   1.4170000e+02  -7.2553318e+01  -1.5132227e+01
   1.4180000e+02   3.6446682e+01   2.7507773e+01
   1.4190000e+02   1.3144668e+02  -4.9292227e+01
   1.4200000e+02  -1.5755332e+02   4.2677725e+00
   1.4210000e+02   1.3844668e+02  -1.3572227e+01
   1.4220000e+02   8.4466825e+00  -8.7372227e+01
   1.4230000e+02  -1.3455332e+02  -5.4652227e+01
   1.4240000e+02  -1.2155332e+02   5.4827773e+01
   1.4250000e+02   1.3944668e+02  -5.8612227e+01
   1.4260000e+02  -2.2553318e+01   8.8677725e+00
   1.4270000e+02  -4.8553318e+01   5.3907773e+01
   1.4280000e+02   2.9446682e+01   3.0787773e+01
   1.4290000e+02  -9.7553318e+01   1.2867773e+01
   1.4300000e+02   7.4466825e+00  -8.3332227e+01
   1.4310000e+02  -2.8553318e+01  -2.4892227e+01
   1.4320000e+02  -1.8553318e+01  -6.5292227e+01
   1.4330000e+02   2.7446682e+01  -4.7132227e+01
   1.4340000e+02   1.8044668e+02  -8.2522275e+00
   1.4350000e+02   8.5446682e+01   9.5477725e+00
   1.4360000e+02  -2.6553318e+01  -3.8972227e+01
   1.4370000e+02  -2.1553318e+01  -3.1172227e+01
   1.4380000e+02   1.2544668e+02   1.3947773e+01
   1.4390000e+02  -7.6553318e+01   9.0277725e+00
   1.4400000e+02   2.3446682e+01   5.2027773e+01
   1.4410000e+02  -3.0553318e+01  -5.2812227e+01
   1.4420000e+02  -2.5553318e+01  -6.1012227e+01
   1.4430000e+02   3.9446682e+01  -2.9612227e+01
   1.4440000e+02  -5.2553318e+01  -5.5932227e+01
   1.4450000e+02  -4.5533175e+00  -3.8522275e+00
   1.4460000e+02   7.9446682e+01   2.5787773e+01
   1.4470000e+02  -8.5553318e+01  -6.6122275e+00
   1.4480000e+02   2.0446682e+01  -9.8522275e+00
   1.4490000e+02  -1.0655332e+02   5.6227773e+01
   1.4500000e+02   1.8044668e+02   4.2747773e+01
   1.4510000e+02  -1.8553318e+01   3.1707773e+01
   1.4520000e+02  -1.1755332e+02  -6.4332227e+01
   1.4530000e+02   4.1446682e+01   5.4307773e+01
   1.4540000e+02   5.3446682e+01   4.8827773e+01
   1.4550000e+02  -2.0553318e+01   2.2787773e+01
   1.4560000e+02   7.2446682e+01   1.1006777e+02
   1.4570000e+02  -8.7553318e+01   1.2846777e+02
   1.4580000e+02   2.4466825e+00  -2.9132227e+01
   1.4590000e+02  -4.7553318e+01   1.5867773e+01
   1.4600000e+02   1.2446682e+01  -2.6532227e+01
   1.4610000e+02   4.4668246e-01   3.3947773e+01
   1.4620000e+02  -6.3553318e+01   9.2507773e+01
   1.4630000e+02  -3.5533175e+00   3.6107773e+01
   1.4640000e+02   3.0446682e+01   5.8747773e+01
   1.4650000e+02   4.3446682e+01  -1.0477223e+02
   1.4660000e+02   5.4466825e+00   3.7477725e+00
   1.4670000e+02   1.1144668e+02  -5.2492227e+01
   1.4680000e+02   3.1446682e+01   2.8707773e+01
   1.4690000e+02   4.1446682e+01  -7.6922275e+00
   1.4700000e+02  -2.7553318e+01  -5.1932227e+01
   1.4710000e+02   1.5044668e+02   3.7947773e+01
   1.4720000e+02   1.3044668e+02  -5.5252227e+01
   1.4730000e+02   5.2446682e+01   3.0867773e+01
   1.4740000e+02  -6.6553318e+01   3.4627773e+01
   1.4750000e+02   5.6446682e+01   2.3707773e+01
   1.4760000e+02   1.3446682e+01  -3.1572227e+01
   1.4770000e+02  -5.1553318e+01  -2.5972227e+01
   1.4780000e+02   1.3446682e+01  -1.5572227e+01
   1.4790000e+02   2.4446682e+01  -4.0122275e+00
   1.4800000e+02  -3.4553318e+01   7.3477725e+00
   1.4810000e+02  -1.2553318e+01   2.4677725e+00
   1.4820000e+02  -2.7553318e+01   5.6067773e+01
   1.4830000e+02   8.4466825e+00  -5.6372227e+01
   1.4840000e+02  -4.5533175e+00   1.2614777e+02
   1.4850000e+02  -7.7553318e+01   5.0067773e+01
   1.4860000e+02  -4.1553318e+01  -1.1372227e+01
   1.4870000e+02  -9.1553318e+01  -3.5372227e+01
   1.4880000e+02   5.6446682e+01   6.9707773e+01
   1.4890000e+02   1.2144668e+02  -5.8922275e+00
   1.4900000e+02  -3.5553318e+01   1.2538777e+02
   1.4910000e+02   6.7446682e+01   4.9267773e+01
   1.4920000e+02  -2.3553318e+01   1.1290777e+02
   1.4930000e+02   2.5446682e+01   1.0894777e+02
   1.4940000e+02   7.3446682e+01  -1.7972227e+01
   1.4950000e+02   3.6446682e+01  -6.2492227e+01
   1.4960000e+02   3.2446682e+01  -6.9332227e+01
   1.4970000e+02   4.3446682e+01  -7.9772227e+01
   1.4980000e+02   2.2446682e+01   3.6067773e+01
   1.4990000e+02   7.7446682e+01   5.4867773e+01
   1.5000000e+02  -3.2553318e+01   2.1267773e+01
   1.5010000e+02   3.4466825e+00  -2.2172227e+01
   1.5020000e+02   3.3446682e+01   2.1627773e+01
   1.5030000e+02   6.5446682e+01   3.0347773e+01
   1.5040000e+02  -3.5533175e+00  -4.1892227e+01
   1.5050000e+02   1.1444668e+02  -3.6122275e+00
   1.5060000e+02  -4.5553318e+01   3.9787773e+01
   1.5070000e+02   5.7446682e+01  -8.3322275e+00
   1.5080000e+02   2.4466825e+00  -1.7132227e+01
   1.5090000e+02  -6.9553318e+01  -1.8252227e+01
   1.5100000e+02   5.4466825e+00  -6.2522275e+00
   1.5110000e+02   9.6446682e+01   3.4107773e+01
   1.5120000e+02   8.4466825e+00  -4.9372227e+01
   1.5130000e+02   2.0244668e+02  -3.5132227e+01
   1.5140000e+02   8.8446682e+01   1.0442777e+02
   1.5150000e+02   8.4466825e+00   1.8627773e+01
   1.5160000e+02   3.5446682e+01  -8.4522275e+00
   1.5170000e+02  -2.1553318e+01   1.6827773e+01
   1.5180000e+02   6.1446682e+01   5.2507773e+01
   1.5190000e+02   3.1446682e+01  -1.0829223e+02
   1.5200000e+02  -4.7553318e+01   2.9867773e+01
   1.5210000e+02   1.9446682e+01   8.1877725e+00
   1.5220000e+02  -4.2553318e+01  -6.7332227e+01
   1.5230000e+02  -5.9553318e+01  -1.1652227e+01
   1.5240000e+02  -2.5533175e+00   3.3067773e+01
   1.5250000e+02   7.7446682e+01  -4.1322275e+00
   1.5260000e+02  -6.7553318e+01   6.6677725e+00
   1.5270000e+02   1.0544668e+02  -1.3252227e+01
   1.5280000e+02  -1.2755332e+02   4.0677725e+00
   1.5290000e+02   3.7446682e+01  -2.4532227e+01
   1.5300000e+02   1.5446682e+01   2.2347773e+01
   1.5310000e+02  -1.1555332e+02  -4.0412227e+01
   1.5320000e+02   4.6446682e+01  -1.9892227e+01
   1.5330000e+02   2.7446682e+01   5.7867773e+01
   1.5340000e+02   1.1446682e+01   1.0150777e+02
   1.5350000e+02  -1.2155332e+02  -1.2172227e+01
   1.5360000e+02  -4.3553318e+01   3.1707773e+01
   1.5370000e+02  -6.1553318e+01  -1.9572227e+01
   1.5380000e+02   3.0446682e+01  -2.5222749e-01
   1.5390000e+02   1.5444668e+02  -8.2122275e+00
   1.5400000e+02   2.8446682e+01   6.8277725e+00
   1.5410000e+02   8.6446682e+01   4.4507773e+01
   1.5420000e+02   4.8446682e+01  -2.3972227e+01
   1.5430000e+02   1.0446682e+01  -4.4452227e+01
   1.5440000e+02   9.0446682e+01  -5.2652227e+01
   1.5450000e+02   1.1544668e+02  -1.1652227e+01
   1.5460000e+02   2.5446682e+01  -6.7052227e+01
   1.5470000e+02  -4.7553318e+01  -3.9132227e+01
   1.5480000e+02  -9.1553318e+01   1.0627773e+01
   1.5490000e+02   1.0644668e+02  -3.1292227e+01
   1.5500000e+02  -6.7553318e+01   4.8667773e+01
   1.5510000e+02   3.0446682e+01   1.8747773e+01
   1.5520000e+02   8.0446682e+01  -6.1252227e+01
   1.5530000e+02   4.6446682e+01   6.8107773e+01
   1.5540000e+02  -5.5553318e+01  -4.8122275e+00
   1.5550000e+02  -4.1553318e+01  -9.1372227e+01
   1.5560000e+02   3.2446682e+01   3.8667773e+01
   1.5570000e+02   7.4446682e+01  -3.6012227e+01
   1.5580000e+02   7.3446682e+01  -4.3972227e+01
   1.5590000e+02   1.9244668e+02   3.4267773e+01
   1.5600000e+02  -1.1455332e+02   4.6547773e+01
   1.5610000e+02   2.3446682e+01  -3.3972227e+01
   1.5620000e+02   3.6446682e+01   1.5507773e+01
   1.5630000e+02   3.3446682e+01   3.7627773e+01
   1.5640000e+02  -9.5533175e+00   5.2347773e+01
   1.5650000e+02   6.4446682e+01   3.9387773e+01
   1.5660000e+02   2.8446682e+01   3.8827773e+01
   1.5670000e+02  -5.3553318e+01  -1.0892227e+01
   1.5680000e+02   2.6446682e+01   3.9077725e+00
   1.5690000e+02   7.5446682e+01   3.9947773e+01
   1.5700000e+02  -5.3553318e+01   3.6107773e+01
   1.5710000e+02   6.3446682e+01   1.2427773e+01
   1.5720000e+02  -2.8553318e+01  -4.4892227e+01
   1.5730000e+02  -5.5533175e+00   1.2718777e+02
   1.5740000e+02  -2.8553318e+01  -2.5892227e+01
   1.5750000e+02   1.5446682e+01   5.2347773e+01
   1.5760000e+02   3.6446682e+01   8.5507773e+01
   1.5770000e+02   6.3446682e+01   1.5342777e+02
   1.5780000e+02  -6.0553318e+01   5.1387773e+01
   1.5790000e+02   4.5446682e+01   4.8147773e+01
   1.5800000e+02   1.2844668e+02  -5.2172227e+01
   1.5810000e+02  -1.0255332e+02   2.2067773e+01
   1.5820000e+02  -5.5331754e-01   1.7987773e+01
   1.5830000e+02  -3.4553318e+01   3.1347773e+01
   1.5840000e+02  -5.9553318e+01  -9.6522275e+00
   1.5850000e+02  -5.4553318e+01   1.6147773e+01
   1.5860000e+02  -7.1553318e+01   3.0827773e+01
   1.5870000e+02  -2.8553318e+01  -3.8922275e+00
   1.5880000e+02   1.1446682e+01  -2.3492227e+01
   1.5890000e+02  -4.1553318e+01  -1.3722275e+00
   1.5900000e+02   6.4446682e+01   6.1387773e+01
   1.5910000e+02   1.3844668e+02   3.9427773e+01
   1.5920000e+02  -2.6553318e+01   3.3027773e+01
   1.5930000e+02   2.2446682e+01   2.2067773e+01
   1.5940000e+02   8.4466825e+00   4.3627773e+01
   1.5950000e+02  -1.1553318e+01   6.1427773e+01
   1.5960000e+02  -1.5553318e+01   5.0587773e+01
   1.5970000e+02   9.4446682e+01   2.9187773e+01
   1.5980000e+02   1.3744668e+02   4.7467773e+01
   1.5990000e+02  -1.9553318e+01  -1.6252227e+01
   1.6000000e+02  -1.1155332e+02  -1.2572227e+01
   1.6010000e+02   7.4446682e+01   1.5098777e+02
   1.6020000e+02   1.1544668e+02   1.3347773e+01
   1.6030000e+02   1.1446682e+01  -6.0492227e+01
   1.6040000e+02  -2.8553318e+01  -3.2892227e+01
   1.6050000e+02   1.0444668e+02   7.5787773e+01
   1.6060000e+02   1.2344668e+02  -3.2972227e+01
   1.6070000e+02  -2.5553318e+01   4.8987773e+01
   1.6080000e+02   1.1944668e+02  -8.8122275e+00
   1.6090000e+02   1.3444668e+02   1.1587773e+01
   1.6100000e+02   4.1446682e+01   3.0777251e-01
   1.6110000e+02   1.0644668e+02  -4.7292227e+01
   1.6120000e+02   4.1446682e+01  -6.9222749e-01
   1.6130000e+02  -8.8553318e+01   2.2507773e+01
   1.6140000e+02   5.2446682e+01  -6.1322275e+00
   1.6150000e+02  -3.1553318e+01   6.0227773e+01
   1.6160000e+02   2.1446682e+01  -6.4892227e+01
   1.6170000e+02   2.9446682e+01   5.6787773e+01
   1.6180000e+02   1.0544668e+02   9.7477725e+00
   1.6190000e+02  -9.5533175e+00   6.7347773e+01
   1.6200000e+02   8.2446682e+01  -4.3322275e+00
   1.6210000e+02  -9.0553318e+01   2.4587773e+01
   1.6220000e+02  -1.0755332e+02   4.1267773e+01
   1.6230000e+02   1.3244668e+02   1.2766777e+02
   1.6240000e+02  -5.9553318e+01   6.5347773e+01
   1.6250000e+02   4.4668246e-01   1.4947773e+01
   1.6260000e+02   8.4446682e+01   2.5877725e+00
   1.6270000e+02   7.5446682e+01   7.1947773e+01
   1.6280000e+02   1.2446682e+01  -8.0532227e+01
   1.6290000e+02  -2.5533175e+00   2.0677725e+00
   1.6300000e+02   1.1544668e+02   1.1534777e+02
   1.6310000e+02   7.1446682e+01  -7.8892227e+01
   1.6320000e+02   1.3444668e+02  -7.3412227e+01
   1.6330000e+02   4.0446682e+01  -3.3652227e+01
   1.6340000e+02   2.5446682e+01  -5.3052227e+01
   1.6350000e+02   1.1944668e+02   4.4187773e+01
   1.6360000e+02  -1.3553318e+01  -3.7492227e+01
   1.6370000e+02  -1.9553318e+01  -3.2522275e+00
   1.6380000e+02  -4.0553318e+01  -3.4412227e+01
   1.6390000e+02   3.8446682e+01  -1.4572227e+01
   1.6400000e+02   2.5446682e+01  -1.1052227e+01
   1.6410000e+02  -3.3553318e+01   1.2307773e+01
   1.6420000e+02  -7.1553318e+01   2.1827773e+01
   1.6430000e+02  -2.3553318e+01   6.9077725e+00
   1.6440000e+02  -7.4553318e+01   6.2947773e+01
   1.6450000e+02  -1.0255332e+02  -2.9322275e+00
   1.6460000e+02   5.4466825e+00  -6.3252227e+01
   1.6470000e+02   1.3446682e+01  -4.5572227e+01
   1.6480000e+02  -4.4553318e+01  -2.0252227e+01
   1.6490000e+02   4.9446682e+01  -3.3012227e+01
   1.6500000e+02   3.5446682e+01  -1.2452227e+01
   1.6510000e+02  -4.4553318e+01   3.3747773e+01
   1.6520000e+02  -5.9553318e+01   1.2234777e+02
   1.6530000e+02   1.7446682e+01  -4.8732227e+01
   1.6540000e+02  -2.2553318e+01  -2.8132227e+01
   1.6550000e+02  -1.0755332e+02   1.3267773e+01
   1.6560000e+02  -3.8553318e+01   3.5077725e+00
   1.6570000e+02  -2.0553318e+01  -2.2212227e+01
   1.6580000e+02   1.3446682e+01   6.4277725e+00
   1.6590000e+02   6.1446682e+01  -1.9492227e+01
   1.6600000e+02   1.7446682e+01   7.2677725e+00
   1.6610000e+02   1.1644668e+02  -7.5692227e+01
   1.6620000e+02  -4.5533175e+00   2.1147773e+01
   1.6630000e+02  -1.1555332e+02  -4.5412227e+01
   1.6640000e+02   4.4668246e-01   2.9477725e+00
   1.6650000e+02  -4.8553318e+01   7.4907773e+01
   1.6660000e+02  -1.6055332e+02   3.4387773e+01
   1.6670000e+02   4.6446682e+01  -6.9892227e+01
   1.6680000e+02   1.1446682e+01   2.8507773e+01
   1.6690000e+02  -7.2553318e+01  -4.2132227e+01
   1.6700000e+02  -7.4553318e+01   2.0947773e+01
   1.6710000e+02  -9.0553318e+01  -3.9412227e+01
   1.6720000e+02   8.6446682e+01  -3.6492227e+01
   1.6730000e+02  -2.2553318e+01   1.7867773e+01
   1.6740000e+02   1.4466825e+00  -3.5092227e+01
   1.6750000e+02  -5.8553318e+01  -2.6922275e+00
   1.6760000e+02  -1.0855332e+02  -4.4692227e+01
   1.6770000e+02   4.6446682e+01   2.6107773e+01
   1.6780000e+02  -2.5533175e+00   6.7772512e-02
   1.6790000e+02  -5.6553318e+01   1.7227773e+01
   1.6800000e+02   4.9446682e+01   2.4987773e+01
   1.6810000e+02  -4.3553318e+01  -7.2922275e+00
   1.6820000e+02   1.4844668e+02  -1.2972227e+01
   1.6830000e+02  -2.7553318e+01   4.0677725e+00
   1.6840000e+02   9.1446682e+01  -5.3692227e+01
   1.6850000e+02  -1.1553318e+01   2.3427773e+01
   1.6860000e+02  -5.5331754e-01  -1.4012227e+01
   1.6870000e+02  -6.3553318e+01  -5.3492227e+01
   1.6880000e+02  -5.7553318e+01   3.5267773e+01
   1.6890000e+02  -2.2553318e+01  -7.1132227e+01
   1.6900000e+02  -2.9553318e+01  -3.9852227e+01
   1.6910000e+02  -6.5533175e+00  -8.8772227e+01
   1.6920000e+02  -1.6553318e+01  -3.3722275e+00
   1.6930000e+02   4.4466825e+00  -5.5212227e+01
   1.6940000e+02  -5.4553318e+01   1.1477725e+00
   1.6950000e+02  -8.3553318e+01   9.7307773e+01
   1.6960000e+02  -4.7553318e+01  -5.3132227e+01
   1.6970000e+02   1.8446682e+01  -2.4772227e+01
   1.6980000e+02  -5.0553318e+01   1.0498777e+02
   1.6990000e+02   9.4466825e+00   2.7587773e+01
   1.7000000e+02  -7.0553318e+01  -3.3212227e+01
   1.7010000e+02  -6.5533175e+00  -9.7772227e+01
   1.7020000e+02  -1.0355332e+02   1.4107773e+01
   1.7030000e+02  -3.6553318e+01   3.6427773e+01
   1.7040000e+02  -8.1553318e+01   1.1022777e+02
   1.7050000e+02  -3.9553318e+01  -1.9452227e+01
   1.7060000e+02  -4.4553318e+01   9.7747773e+01
   1.7070000e+02  -3.6553318e+01  -2.3572227e+01
   1.7080000e+02  -7.6553318e+01  -4.1972227e+01
   1.7090000e+02   9.4466825e+00  -1.0412227e+01
   1.7100000e+02   4.4446682e+01   3.6187773e+01
   1.7110000e+02   7.8446682e+01  -3.7172227e+01
   1.7120000e+02   3.7446682e+01  -2.5532227e+01
   1.7130000e+02  -4.5533175e+00   9.7147773e+01
   1.7140000e+02  -4.4553318e+01  -2.1252227e+01
   1.7150000e+02  -5.2553318e+01   4.1067773e+01
   1.7160000e+02  -2.4553318e+01  -7.7052227e+01
   1.7170000e+02   9.7446682e+01   1.9067773e+01
   1.7180000e+02   4.7446682e+01   6.4067773e+01
   1.7190000e+02  -3.4553318e+01   9.4347773e+01
   1.7200000e+02   1.1644668e+02   6.1307773e+01
   1.7210000e+02  -7.6553318e+01   3.2027773e+01
   1.7220000e+02   1.3446682e+01   6.1427773e+01
   1.7230000e+02   1.6644668e+02  -1.6922275e+00
   1.7240000e+02  -1.9553318e+01   1.0174777e+02
   1.7250000e+02  -1.4553318e+01   1.5547773e+01
   1.7260000e+02  -9.3553318e+01   1.1707773e+01
   1.7270000e+02   1.4744668e+02   6.6067773e+01
   1.7280000e+02  -1.9553318e+01  -2.5222749e-01
   1.7290000e+02  -6.6553318e+01  -9.3722275e+00
   1.7300000e+02  -8.4553318e+01   8.3477725e+00
   1.7310000e+02   1.0446682e+01  -2.5452227e+01
   1.7320000e+02   2.1446682e+01   4.1107773e+01
   1.7330000e+02   5.7446682e+01  -2.8332227e+01
   1.7340000e+02  -1.0553318e+01   6.3877725e+00
   1.7350000e+02   5.0446682e+01   9.4777251e-01
   1.7360000e+02   1.2744668e+02  -2.9132227e+01
   1.7370000e+02   9.3446682e+01  -6.8772227e+01
   1.7380000e+02  -3.4553318e+01   2.7347773e+01
   1.7390000e+02  -6.5533175e+00   5.3227773e+01
   1.7400000e+02   5.1446682e+01   6.2907773e+01
   1.7410000e+02  -4.5533175e+00   8.6147773e+01
   1.7420000e+02  -4.5553318e+01  -4.0212227e+01
   1.7430000e+02   5.7446682e+01  -4.5332227e+01
   1.7440000e+02  -4.6553318e+01  -3.6172227e+01
   1.7450000e+02  -2.3553318e+01  -4.0092227e+01
   1.7460000e+02  -2.3553318e+01  -2.3092227e+01
   1.7470000e+02  -7.5533175e+00  -4.1732227e+01
   1.7480000e+02  -8.9553318e+01  -5.6452227e+01
   1.7490000e+02  -6.9553318e+01  -4.5252227e+01
   1.7500000e+02  -1.5533175e+00   7.2027773e+01
   1.7510000e+02  -1.6553318e+01   3.9627773e+01
   1.7520000e+02  -8.5553318e+01  -4.0612227e+01
   1.7530000e+02   5.6446682e+01  -4.3292227e+01
   1.7540000e+02  -1.5655332e+02   7.2277725e+00
   1.7550000e+02   1.3844668e+02  -1.2572227e+01
   1.7560000e+02  -5.5533175e+00  -3.0812227e+01
   1.7570000e+02  -1.0355332e+02   8.0107773e+01
   1.7580000e+02  -4.0553318e+01   1.0958777e+02
   1.7590000e+02  -1.7553318e+01   2.1667773e+01
   1.7600000e+02   3.3446682e+01  -1.9372227e+01
   1.7610000e+02  -7.0553318e+01   5.3787773e+01
   1.7620000e+02  -5.6553318e+01  -3.8772227e+01
   1.7630000e+02  -2.0553318e+01  -1.3212227e+01
   1.7640000e+02  -5.5331754e-01   7.8987773e+01
   1.7650000e+02  -1.1455332e+02  -1.9452227e+01
   1.7660000e+02  -7.5533175e+00   8.2267773e+01
   1.7670000e+02  -5.7553318e+01  -5.1732227e+01
   1.7680000e+02  -1.0555332e+02   7.0187773e+01
   1.7690000e+02  -5.7553318e+01   5.2677725e+00
   1.7700000e+02  -1.3755332e+02  -1.7532227e+01
   1.7710000e+02   1.9446682e+01  -5.2812227e+01
   1.7720000e+02   9.2446682e+01   1.2626777e+02
   1.7730000e+02   3.8446682e+01  -2.5572227e+01
   1.7740000e+02   3.6446682e+01  -4.0492227e+01
   1.7750000e+02  -1.4655332e+02   7.1827773e+01
   1.7760000e+02   5.7446682e+01   2.3667773e+01
   1.7770000e+02  -1.5955332e+02   4.5347773e+01
   1.7780000e+02  -4.0553318e+01   3.2587773e+01
   1.7790000e+02  -5.1553318e+01  -4.9722275e+00
   1.7800000e+02  -1.0855332e+02   7.5307773e+01
   1.7810000e+02   2.1446682e+01  -6.3892227e+01
   1.7820000e+02   1.4044668e+02  -2.6522275e+00
   1.7830000e+02   9.4466825e+00   5.2587773e+01
   1.7840000e+02  -1.7553318e+01  -3.2332227e+01
   1.7850000e+02  -1.0755332e+02   5.5267773e+01
   1.7860000e+02   1.7446682e+01   3.3267773e+01
   1.7870000e+02  -1.0955332e+02  -3.1652227e+01
   1.7880000e+02  -3.0553318e+01  -3.7812227e+01
   1.7890000e+02   5.7446682e+01  -1.2332227e+01
   1.7900000e+02   1.7344668e+02   9.0277725e+00
   1.7910000e+02  -3.4553318e+01  -1.0965223e+02
   1.7920000e+02   9.4466825e+00  -2.0412227e+01
   1.7930000e+02  -7.5533175e+00   2.4267773e+01
   1.7940000e+02  -9.3553318e+01   1.3270777e+02
   1.7950000e+02  -1.4553318e+01  -7.2452227e+01
   1.7960000e+02  -6.1553318e+01  -4.4572227e+01
   1.7970000e+02   2.2446682e+01  -3.9932227e+01
   1.7980000e+02  -9.8553318e+01   4.9077725e+00
   1.7990000e+02  -3.5553318e+01   1.5387773e+01
   1.8000000e+02   4.3446682e+01  -4.3772227e+01
   1.8010000e+02  -4.3553318e+01  -6.0292227e+01
   1.8020000e+02  -4.7553318e+01   1.7867773e+01
   1.8030000e+02  -7.9553318e+01  -1.8852227e+01
   1.8040000e+02   5.4466825e+00  -4.4252227e+01
   1.8050000e+02   1.5446682e+01  -2.8652227e+01
   1.8060000e+02  -7.4553318e+01  -2.3052227e+01
   1.8070000e+02  -8.2553318e+01   6.4267773e+01
   1.8080000e+02  -2.5553318e+01   1.1398777e+02
   1.8090000e+02  -7.1553318e+01  -3.7172227e+01
   1.8100000e+02  -8.8553318e+01   3.3507773e+01
   1.8110000e+02   4.8446682e+01   2.5027773e+01
   1.8120000e+02  -1.2155332e+02   2.1827773e+01
   1.8130000e+02  -7.9553318e+01   7.5147773e+01
   1.8140000e+02  -4.2553318e+01  -3.9332227e+01
   1.8150000e+02   9.4446682e+01  -4.6812227e+01
   1.8160000e+02  -4.5533175e+00   8.0147773e+01
   1.8170000e+02  -3.7553318e+01   4.4677725e+00
   1.8180000e+02  -9.8553318e+01   5.5907773e+01
   1.8190000e+02  -8.4553318e+01   2.6347773e+01
   1.8200000e+02  -1.0553318e+01   3.3387773e+01
   1.8210000e+02  -5.5533175e+00  -9.8122275e+00
   1.8220000e+02   1.1844668e+02   1.6227773e+01
   1.8230000e+02   1.1444668e+02   1.0838777e+02
   1.8240000e+02  -1.1355332e+02  -1.4492227e+01
   1.8250000e+02  -3.2553318e+01   1.7267773e+01
   1.8260000e+02   6.6446682e+01  -1.2692227e+01
   1.8270000e+02   4.5446682e+01  -1.6852227e+01
   1.8280000e+02  -5.9553318e+01   5.3477725e+00
   1.8290000e+02   4.5446682e+01   4.5147773e+01
   1.8300000e+02   9.0446682e+01  -4.7652227e+01
   1.8310000e+02  -2.4553318e+01   2.0947773e+01
   1.8320000e+02   9.5446682e+01  -8.8852227e+01
   1.8330000e+02  -3.7553318e+01  -6.2532227e+01
   1.8340000e+02  -5.6553318e+01   1.2922777e+02
   1.8350000e+02   4.8446682e+01   1.0277725e+00
   1.8360000e+02  -1.2055332e+02  -1.6212227e+01
   1.8370000e+02   6.4446682e+01  -6.1222749e-01
   1.8380000e+02  -1.5055332e+02   2.2987773e+01
   1.8390000e+02  -9.3553318e+01  -3.4292227e+01
   1.8400000e+02  -5.0553318e+01  -2.3012227e+01
   1.8410000e+02  -1.2655332e+02   3.2027773e+01
   1.8420000e+02   1.5446682e+01   2.7347773e+01
   1.8430000e+02  -2.0553318e+01   4.7877725e+00
   1.8440000e+02   1.4446682e+01  -1.0612227e+01
   1.8450000e+02  -8.0553318e+01  -5.1812227e+01
   1.8460000e+02  -4.1553318e+01   1.7627773e+01
   1.8470000e+02   8.4466825e+00   2.7627773e+01
   1.8480000e+02  -7.8553318e+01  -2.6892227e+01
   1.8490000e+02  -4.5553318e+01   8.2787773e+01
   1.8500000e+02  -6.9553318e+01  -5.6252227e+01
   1.8510000e+02   5.0446682e+01   4.9477725e+00
   1.8520000e+02   4.1446682e+01  -1.1969223e+02
   1.8530000e+02   1.8446682e+01  -5.2772227e+01
   1.8540000e+02   1.0344668e+02  -3.0172227e+01
   1.8550000e+02   1.1244668e+02  -7.0532227e+01
   1.8560000e+02   8.5446682e+01  -4.8452227e+01
   1.8570000e+02   8.4466825e+00  -3.6372227e+01
   1.8580000e+02  -8.9553318e+01  -3.9452227e+01
   1.8590000e+02  -3.2553318e+01  -1.9732227e+01
   1.8600000e+02  -8.5533175e+00  -5.6922275e+00
   1.8610000e+02  -2.9553318e+01  -7.0852227e+01
   1.8620000e+02  -1.1055332e+02  -5.1612227e+01
   1.8630000e+02  -3.8553318e+01  -3.6492227e+01
   1.8640000e+02  -1.3555332e+02  -1.3612227e+01
   1.8650000e+02  -1.2755332e+02   7.8067773e+01
   1.8660000e+02  -2.8553318e+01   9.1077725e+00
   1.8670000e+02  -1.4553318e+01  -2.4452227e+01
   1.8680000e+02  -5.4553318e+01   6.5147773e+01
   1.8690000e+02  -4.4553318e+01   6.7747773e+01
   1.8700000e+02  -8.7553318e+01   2.4467773e+01
   1.8710000e+02   4.4446682e+01  -3.3812227e+01
   1.8720000e+02   2.7446682e+01   3.8677725e+00
   1.8730000e+02  -8.5533175e+00   2.1307773e+01
   1.8740000e+02   5.5446682e+01   3.9747773e+01
   1.8750000e+02  -7.1553318e+01   4.6827773e+01
   1.8760000e+02   4.3446682e+01  -3.7722275e+00
   1.8770000e+02   1.4344668e+02   1.6227773e+01
   1.8780000e+02  -7.0553318e+01  -4.2212227e+01
   1.8790000e+02  -5.8553318e+01   1.2630777e+02
   1.8800000e+02  -4.1553318e+01  -3.2372227e+01
   1.8810000e+02  -1.3755332e+02   1.3446777e+02
   1.8820000e+02  -2.6553318e+01   6.4027773e+01
   1.8830000e+02   5.0446682e+01  -4.0052227e+01
   1.8840000e+02  -1.5553318e+01   1.1587773e+01
   1.8850000e+02  -4.9553318e+01   3.9477725e+00
   1.8860000e+02   8.9446682e+01  -2.7612227e+01
   1.8870000e+02  -3.2553318e+01  -4.5732227e+01
   1.8880000e+02  -4.7553318e+01  -4.0132227e+01
   1.8890000e+02   5.5446682e+01  -4.5252227e+01
   1.8900000e+02   1.1446682e+01  -2.9492227e+01
   1.8910000e+02  -2.9553318e+01   8.7147773e+01
   1.8920000e+02   6.9446682e+01  -3.7812227e+01
   1.8930000e+02  -1.1255332e+02  -4.5532227e+01
   1.8940000e+02   4.4466825e+00   1.0787773e+01
   1.8950000e+02  -3.3553318e+01  -2.2692227e+01
   1.8960000e+02  -1.2455332e+02  -6.6052227e+01
   1.8970000e+02  -8.2553318e+01  -4.7322275e+00
   1.8980000e+02  -8.6553318e+01   1.7427773e+01
   1.8990000e+02  -2.4553318e+01  -7.0522275e+00
   1.9000000e+02  -1.3555332e+02  -6.0612227e+01
   1.9010000e+02   2.1044668e+02  -5.4452227e+01
   1.9020000e+02  -4.5533175e+00  -1.6852227e+01
   1.9030000e+02  -2.1553318e+01   5.1827773e+01
   1.9040000e+02  -4.4553318e+01   9.7477725e+00
   1.9050000e+02   1.4466825e+00  -1.2092227e+01
   1.9060000e+02  -6.4553318e+01  -9.4452227e+01
   1.9070000e+02   7.3446682e+01  -3.9722275e+00
   1.9080000e+02  -3.3553318e+01   1.0030777e+02
   1.9090000e+02  -2.8553318e+01   4.6107773e+01
   1.9100000e+02  -1.9553318e+01   3.8747773e+01
   1.9110000e+02   1.0944668e+02  -4.6412227e+01
   1.9120000e+02   6.8446682e+01  -2.7722275e+00
   1.9130000e+02  -1.1055332e+02   1.3877725e+00
   1.9140000e+02   7.8446682e+01  -2.1172227e+01
   1.9150000e+02   2.1446682e+01  -1.3892227e+01
   1.9160000e+02   7.6446682e+01  -2.7092227e+01
   1.9170000e+02   2.7446682e+01  -1.6132227e+01
   1.9180000e+02  -6.4553318e+01   7.9547773e+01
   1.9190000e+02  -6.6553318e+01  -5.3372227e+01
   1.9200000e+02  -1.4555332e+02  -2.2212227e+01
   1.9210000e+02  -4.2553318e+01  -3.3222749e-01
   1.9220000e+02  -8.5553318e+01  -8.6122275e+00
   1.9230000e+02   4.0446682e+01   1.2347773e+01
   1.9240000e+02   5.4446682e+01  -2.9212227e+01
   1.9250000e+02  -1.5553318e+01  -1.4412227e+01
   1.9260000e+02  -9.2553318e+01  -9.3322275e+00
   1.9270000e+02   1.0446682e+01  -2.7452227e+01
   1.9280000e+02  -1.5555332e+02  -3.3812227e+01
   1.9290000e+02  -4.6553318e+01  -2.2172227e+01
   1.9300000e+02  -1.0355332e+02  -4.7892227e+01
   1.9310000e+02  -1.3155332e+02  -3.3772227e+01
   1.9320000e+02  -4.5553318e+01  -5.2212227e+01
   1.9330000e+02   3.5446682e+01  -5.4522275e+00
   1.9340000e+02  -1.4055332e+02   3.7587773e+01
   1.9350000e+02  -1.3455332e+02  -4.9652227e+01
   1.9360000e+02  -1.6455332e+02   9.3547773e+01
   1.9370000e+02   6.0446682e+01  -7.0452227e+01
   1.9380000e+02   9.7446682e+01  -1.9322275e+00
   1.9390000e+02  -1.0255332e+02  -5.3932227e+01
   1.9400000e+02  -1.1655332e+02   7.0627773e+01
   1.9410000e+02   1.0544668e+02   2.7477725e+00
   1.9420000e+02  -1.3555332e+02   2.3387773e+01
   1.9430000e+02  -8.6553318e+01  -4.6572227e+01
   1.9440000e+02  -6.5533175e+00  -9.0772227e+01
   1.9450000e+02  -8.9553318e+01   4.5477725e+00
   1.9460000e+02   4.9446682e+01   6.2987773e+01
   1.9470000e+02   1.0344668e+02  -4.6172227e+01
   1.9480000e+02   5.5446682e+01   2.9747773e+01
   1.9490000e+02  -7.9553318e+01  -2.3852227e+01
   1.9500000e+02  -1.2553318e+01   1.1467773e+01
   1.9510000e+02   5.5446682e+01  -5.6252227e+01
   1.9520000e+02  -7.4553318e+01   9.1947773e+01
   1.9530000e+02  -4.0553318e+01   1.3587773e+01
   1.9540000e+02   2.5446682e+01   3.5947773e+01
   1.9550000e+02  -3.5553318e+01   3.2387773e+01
   1.9560000e+02   3.7446682e+01   2.9467773e+01
   1.9570000e+02  -3.2553318e+01   1.4426777e+02
   1.9580000e+02   7.5446682e+01  -5.8052227e+01
   1.9590000e+02  -1.4553318e+01   1.6854777e+02
   1.9600000e+02   4.4466825e+00  -2.6212227e+01
   1.9610000e+02   8.8446682e+01  -1.3572227e+01
   1.9620000e+02   1.3044668e+02  -5.4252227e+01
   1.9630000e+02   1.9446682e+01   2.9187773e+01
   1.9640000e+02   1.0644668e+02   6.7707773e+01
   1.9650000e+02  -3.7553318e+01  -6.5322275e+00
   1.9660000e+02  -6.1553318e+01  -3.1572227e+01
   1.9670000e+02   6.0446682e+01   1.0547773e+01
   1.9680000e+02   2.4466825e+00   1.1867773e+01
   1.9690000e+02   8.2446682e+01  -6.3322275e+00
   1.9700000e+02  -6.5553318e+01   5.8777251e-01
   1.9710000e+02  -3.5553318e+01  -7.7612227e+01
   1.9720000e+02  -3.2553318e+01  -3.9732227e+01
   1.9730000e+02   2.8446682e+01   5.2827773e+01
   1.9740000e+02  -1.1553318e+01  -1.9572227e+01
   1.9750000e+02   4.4466825e+00  -4.1212227e+01
   1.9760000e+02  -1.0553318e+01  -1.0612227e+01
   1.9770000e+02  -4.5533175e+00  -3.9852227e+01
   1.9780000e+02   1.4144668e+02  -1.8692227e+01
   1.9790000e+02   1.2344668e+02   2.7772512e-02
   1.9800000e+02   4.1446682e+01  -4.9692227e+01
   1.9810000e+02  -3.9553318e+01  -2.8452227e+01
   1.9820000e+02  -1.0555332e+02  -5.4812227e+01
   1.9830000e+02  -7.5553318e+01  -4.4012227e+01
   1.9840000e+02  -3.5533175e+00  -9.4892227e+01
   1.9850000e+02  -7.5553318e+01   9.4987773e+01
   1.9860000e+02  -8.5533175e+00  -4.6692227e+01
   1.9870000e+02  -5.5331754e-01   6.0987773e+01
   1.9880000e+02  -7.0553318e+01  -4.4212227e+01
   1.9890000e+02   1.4344668e+02   2.4227773e+01
   1.9900000e+02  -6.1553318e+01   5.6427773e+01
   1.9910000e+02  -3.7553318e+01   6.4677725e+00
   1.9920000e+02  -1.5855332e+02  -1.5692227e+01
   1.9930000e+02  -8.5533175e+00  -3.9692227e+01
   1.9940000e+02   6.6446682e+01  -4.0692227e+01
   1.9950000e+02   1.3744668e+02  -1.6532227e+01
   1.9960000e+02   2.0446682e+01   1.6147773e+01
   1.9970000e+02   4.2446682e+01  -9.7322275e+00
   1.9980000e+02  -3.7553318e+01   4.3467773e+01
   1.9990000e+02  -2.7553318e+01   4.2067773e+01
