   0.0000000e+00   1.0795092e+02   1.1384147e+02
   1.0000000e-01   1.0995092e+02   2.9176147e+02
   2.0000000e-01   1.5095092e+02   5.2121472e+01
   3.0000000e-01   2.5395092e+02   1.8800147e+02
   4.0000000e-01   8.7950920e+01   1.1764147e+02
   5.0000000e-01   1.7950920e+01  -5.5852761e-01
   6.0000000e-01   1.4195092e+02   1.1648147e+02
   7.0000000e-01   1.6795092e+02   1.4414724e+00
   8.0000000e-01   1.3595092e+02   2.5372147e+02
   9.0000000e-01   1.1095092e+02   2.0272147e+02
   1.0000000e+00   3.6950920e+01   3.4068147e+02
   1.1000000e+00   1.3095092e+02   4.4792147e+02
   1.2000000e+00   3.7995092e+02   1.1396147e+02
   1.3000000e+00   1.9509202e+00   4.0008147e+02
   1.4000000e+00   1.1595092e+02   4.2452147e+02
   1.5000000e+00   7.3950920e+01   3.6520147e+02
   1.6000000e+00   4.6950920e+01   1.6128147e+02
   1.7000000e+00   1.4895092e+02   3.1920147e+02
   1.8000000e+00   1.2895092e+02   1.3700147e+02
   1.9000000e+00   1.4295092e+02   2.4244147e+02
   2.0000000e+00   1.4495092e+02   9.1361472e+01
   2.1000000e+00  -3.3049080e+01   5.0481472e+01
   2.2000000e+00   9.7950920e+01   1.3524147e+02
   2.3000000e+00   5.4950920e+01   1.5696147e+02
   2.4000000e+00  -4.0490798e+00   1.1132147e+02
   2.5000000e+00  -9.1049080e+01   1.8780147e+02
   2.6000000e+00   1.6795092e+02  -1.0558528e+01
   2.7000000e+00   2.9695092e+02   7.0281472e+01
   2.8000000e+00   1.9295092e+02   1.4144147e+02
   2.9000000e+00   1.0495092e+02  -4.0385276e+00
   3.0000000e+00   1.0695092e+02   9.4881472e+01
   3.1000000e+00  -2.8049080e+01   2.8528147e+02
   3.2000000e+00  -2.9049080e+01   1.0532147e+02
   3.3000000e+00   4.6950920e+01   5.4281472e+01
   3.4000000e+00   1.6895092e+02   2.3401472e+01
   3.5000000e+00   1.3495092e+02   1.0676147e+02
   3.6000000e+00   2.9195092e+02   8.2481472e+01
   3.7000000e+00   7.7950920e+01   4.7041472e+01
   3.8000000e+00   1.9509202e+00   4.4008147e+02
   3.9000000e+00   5.8950920e+01   3.8280147e+02
   4.0000000e+00   5.3950920e+01   2.2100147e+02
   4.1000000e+00  -4.9079755e-02   4.0916147e+02
   4.2000000e+00  -5.2049080e+01   4.4324147e+02
   4.3000000e+00   9.3950920e+01   2.8540147e+02
   4.4000000e+00   5.7950920e+01   3.9984147e+02
   4.5000000e+00  -5.3049080e+01   3.2628147e+02
   4.6000000e+00   6.7950920e+01   3.7844147e+02
   4.7000000e+00  -1.5204908e+02   4.8724147e+02
   4.8000000e+00  -8.7049080e+01   3.3064147e+02
   4.9000000e+00  -2.0490798e+00   6.6824147e+02
   5.0000000e+00   2.9950920e+01   4.3396147e+02
   5.1000000e+00   1.3295092e+02   1.1784147e+02
   5.2000000e+00   1.1095092e+02   8.2721472e+01
   5.3000000e+00   3.4950920e+01   2.0776147e+02
   5.4000000e+00   6.7950920e+01   1.5944147e+02
   5.5000000e+00   3.0950920e+01   8.1921472e+01
   5.6000000e+00   5.9509202e+00   1.9992147e+02
   5.7000000e+00   5.6950920e+01   1.8588147e+02
   5.8000000e+00   1.1195092e+02   1.4668147e+02
   5.9000000e+00   1.2595092e+02   9.8121472e+01
   6.0000000e+00   2.3950920e+01   8.0201472e+01
   6.1000000e+00   1.6795092e+02   1.5644147e+02
   6.2000000e+00   1.4195092e+02  -3.2518528e+01
   6.3000000e+00  -2.3049080e+01   7.0081472e+01
   6.4000000e+00   4.1950920e+01   2.9948147e+02
   6.5000000e+00   4.9950920e+01   3.5016147e+02
   6.6000000e+00   6.5950920e+01   4.4652147e+02
   6.7000000e+00  -2.6049080e+01   1.3720147e+02
   6.8000000e+00  -9.0490798e+00   6.0252147e+02
   6.9000000e+00  -2.6049080e+01   2.2220147e+02
   7.0000000e+00   1.9995092e+02   8.1161472e+01
   7.1000000e+00   1.8950920e+01   8.3401472e+01
   7.2000000e+00   1.3995092e+02   2.1556147e+02
   7.3000000e+00   7.2950920e+01   6.2241472e+01
   7.4000000e+00   1.2950920e+01   5.0641472e+01
   7.5000000e+00   1.2095092e+02   9.4321472e+01
   7.6000000e+00  -1.1704908e+02   1.6984147e+02
   7.7000000e+00   5.5950920e+01   1.2292147e+02
   7.8000000e+00   9.3950920e+01   6.5401472e+01
   7.9000000e+00   1.1950920e+01   2.0768147e+02
   8.0000000e+00  -6.0490798e+00   1.6340147e+02
   8.1000000e+00   6.3950920e+01   8.5601472e+01
   8.2000000e+00   2.5895092e+02   1.5801472e+01
   8.3000000e+00   1.8295092e+02   1.0684147e+02
   8.4000000e+00   9.3950920e+01   1.2940147e+02
   8.5000000e+00   3.5295092e+02   1.5404147e+02
   8.6000000e+00   1.2895092e+02   3.0900147e+02
   8.7000000e+00   6.9950920e+01   1.6336147e+02
   8.8000000e+00   1.0295092e+02   2.1804147e+02
   8.9000000e+00   1.0095092e+02   2.4712147e+02
   9.0000000e+00   2.6595092e+02   8.7521472e+01
   9.1000000e+00   1.0495092e+02   8.2961472e+01
   9.2000000e+00   6.2950920e+01   2.5164147e+02
   9.3000000e+00   4.1950920e+01   2.3248147e+02
   9.4000000e+00   1.9295092e+02   1.0644147e+02
   9.5000000e+00   3.4495092e+02   1.0036147e+02
   9.6000000e+00   1.2795092e+02   1.4104147e+02
   9.7000000e+00   1.8995092e+02   2.1561472e+01
   9.8000000e+00   1.6595092e+02   1.0552147e+02
   9.9000000e+00   7.7950920e+01   1.1604147e+02
   1.0000000e+01   3.9950920e+01   1.1056147e+02
   1.0100000e+01   2.1795092e+02   1.3444147e+02
   1.0200000e+01   1.6795092e+02   3.1441472e+01
   1.0300000e+01   1.4395092e+02   1.1140147e+02
   1.0400000e+01   1.4195092e+02   5.9481472e+01
   1.0500000e+01   1.7795092e+02   1.8204147e+02
   1.0600000e+01   6.6950920e+01   2.5048147e+02
   1.0700000e+01   1.2595092e+02   1.5412147e+02
   1.0800000e+01  -2.9049080e+01   1.5132147e+02
   1.0900000e+01   1.7895092e+02   1.2600147e+02
   1.1000000e+01   1.9095092e+02   9.2521472e+01
   1.1100000e+01   9.1950920e+01   1.0248147e+02
   1.1200000e+01   2.3995092e+02   1.5856147e+02
   1.1300000e+01   9.1950920e+01   6.1481472e+01
   1.1400000e+01  -8.4049080e+01   7.7521472e+01
   1.1500000e+01   1.6095092e+02   1.4472147e+02
   1.1600000e+01   5.6950920e+01   6.0881472e+01
   1.1700000e+01   3.0495092e+02   1.4096147e+02
   1.1800000e+01  -1.6049080e+01   1.0780147e+02
   1.1900000e+01   1.2995092e+02   1.4496147e+02
   1.2000000e+01   1.5395092e+02   1.2200147e+02
   1.2100000e+01   7.7950920e+01   1.4304147e+02
   1.2200000e+01  -1.9049080e+01   8.7921472e+01
   1.2300000e+01   3.1950920e+01   1.8088147e+02
   1.2400000e+01  -1.4004908e+02   3.9376147e+02
   1.2500000e+01   2.4695092e+02   1.7628147e+02
   1.2600000e+01   2.7695092e+02   6.7081472e+01
   1.2700000e+01   2.5095092e+02   1.1812147e+02
   1.2800000e+01  -1.2504908e+02   1.8716147e+02
   1.2900000e+01   1.1495092e+02   7.9561472e+01
   1.3000000e+01   2.7950920e+01   8.6041472e+01
   1.3100000e+01   1.1950920e+01   1.0268147e+02
   1.3200000e+01   5.4950920e+01   2.6596147e+02
   1.3300000e+01   2.0895092e+02   1.4980147e+02
   1.3400000e+01   2.9595092e+02   9.3321472e+01
   1.3500000e+01   4.7950920e+01  -4.5758528e+01
   1.3600000e+01   5.5950920e+01   1.4492147e+02
   1.3700000e+01  -4.4049080e+01   3.5592147e+02
   1.3800000e+01   8.1950920e+01   3.5388147e+02
   1.3900000e+01   3.7195092e+02   1.1528147e+02
   1.4000000e+01   2.5095092e+02   1.2012147e+02
   1.4100000e+01   3.1195092e+02   1.6768147e+02
   1.4200000e+01  -3.0490798e+00   2.2228147e+02
   1.4300000e+01  -2.6049080e+01   2.0220147e+02
   1.4400000e+01   1.4095092e+02   1.6852147e+02
   1.4500000e+01   1.8795092e+02   6.7641472e+01
   1.4600000e+01  -8.7049080e+01   1.3641472e+01
   1.4700000e+01   5.6950920e+01   2.0188147e+02
   1.4800000e+01   4.0950920e+01   1.5521472e+01
   1.4900000e+01   1.3095092e+02   1.8392147e+02
   1.5000000e+01   4.6950920e+01   7.3281472e+01
   1.5100000e+01   1.0495092e+02   2.8096147e+02
   1.5200000e+01   1.3395092e+02   6.2801472e+01
   1.5300000e+01   6.9950920e+01   1.9336147e+02
   1.5400000e+01   1.4695092e+02   1.4428147e+02
   1.5500000e+01   7.1950920e+01   9.6281472e+01
   1.5600000e+01   1.0895092e+02   1.0480147e+02
   1.5700000e+01   9.3950920e+01   7.5401472e+01
   1.5800000e+01   1.0950920e+01   6.5721472e+01
   1.5900000e+01   1.6095092e+02   5.4721472e+01
   1.6000000e+01   1.6950920e+01   5.7481472e+01
   1.6100000e+01   6.6950920e+01   3.4481472e+01
   1.6200000e+01   1.1295092e+02   1.0964147e+02
   1.6300000e+01   1.1195092e+02   1.1368147e+02
   1.6400000e+01   1.8795092e+02   8.6641472e+01
   1.6500000e+01  -4.8049080e+01   2.0608147e+02
   1.6600000e+01   1.5795092e+02   7.0841472e+01
   1.6700000e+01   6.4950920e+01   1.2561472e+01
   1.6800000e+01   1.1995092e+02   3.1361472e+01
   1.6900000e+01  -1.5049080e+01   9.3761472e+01
   1.7000000e+01  -7.6049080e+01   1.3320147e+02
   1.7100000e+01   4.6950920e+01   2.6728147e+02
   1.7200000e+01   2.9995092e+02   9.5161472e+01
   1.7300000e+01   1.4995092e+02   2.5516147e+02
   1.7400000e+01   2.3495092e+02   2.9076147e+02
   1.7500000e+01   1.5795092e+02   1.3884147e+02
   1.7600000e+01   1.8995092e+02  -1.6438528e+01
   1.7700000e+01  -1.3049080e+01   1.2968147e+02
   1.7800000e+01   1.8950920e+01   9.3401472e+01
   1.7900000e+01   8.8950920e+01   6.0601472e+01
   1.8000000e+01   1.2695092e+02   5.1081472e+01
   1.8100000e+01   9.1950920e+01   1.0548147e+02
   1.8200000e+01   1.7095092e+02   1.9932147e+02
   1.8300000e+01   1.7950920e+01   1.9844147e+02
   1.8400000e+01  -1.2049080e+01   2.7164147e+02
   1.8500000e+01   9.2950920e+01   2.6344147e+02
   1.8600000e+01   5.1950920e+01   1.0508147e+02
   1.8700000e+01  -2.2049080e+01   3.1904147e+02
   1.8800000e+01   9.5950920e+01   2.0232147e+02
   1.8900000e+01   5.8950920e+01   1.5480147e+02
   1.9000000e+01   3.1950920e+01  -4.2118528e+01
   1.9100000e+01   1.7295092e+02   3.3824147e+02
   1.9200000e+01   3.2595092e+02   1.5512147e+02
   1.9300000e+01   1.0595092e+02   2.2892147e+02
   1.9400000e+01   1.8895092e+02   1.9360147e+02
   1.9500000e+01  -3.1049080e+01   1.2940147e+02
   1.9600000e+01  -3.0490798e+00   1.9728147e+02
   1.9700000e+01   3.6950920e+01  -1.3185276e+00
   1.9800000e+01   3.6950920e+01   1.2668147e+02
   1.9900000e+01   9.0950920e+01   2.9452147e+02
   2.0000000e+01   5.1950920e+01   1.6208147e+02
   2.0100000e+01   1.1795092e+02   1.4844147e+02
   2.0200000e+01   1.8395092e+02   2.3880147e+02
   2.0300000e+01   3.7950920e+01   7.9641472e+01
   2.0400000e+01   1.8495092e+02   1.0576147e+02
   2.0500000e+01   1.2495092e+02   2.1916147e+02
   2.0600000e+01   1.2695092e+02   2.0008147e+02
   2.0700000e+01   2.1695092e+02   6.0481472e+01
   2.0800000e+01   6.6950920e+01   1.2048147e+02
   2.0900000e+01   2.8950920e+01   1.2500147e+02
   2.1000000e+01   1.1795092e+02   1.3844147e+02
   2.1100000e+01   1.2795092e+02   1.1304147e+02
   2.1200000e+01   3.7995092e+02   1.6896147e+02
   2.1300000e+01   3.1495092e+02   2.2156147e+02
   2.1400000e+01   2.2195092e+02   2.3228147e+02
   2.1500000e+01   1.5195092e+02   1.9708147e+02
   2.1600000e+01   3.2995092e+02   5.9961472e+01
   2.1700000e+01   1.8595092e+02   1.4672147e+02
   2.1800000e+01  -7.1049080e+01   2.5500147e+02
   2.1900000e+01   2.2195092e+02   6.0281472e+01
   2.2000000e+01  -1.0004908e+02   9.2161472e+01
   2.2100000e+01   1.9095092e+02   8.0521472e+01
   2.2200000e+01   8.5950920e+01   1.4372147e+02
   2.2300000e+01   9.5092025e-01   7.1121472e+01
   2.2400000e+01   5.9509202e+00   2.7892147e+02
   2.2500000e+01  -8.0490798e+00   9.9481472e+01
   2.2600000e+01   9.8950920e+01   6.3201472e+01
   2.2700000e+01   1.1895092e+02   2.2640147e+02
   2.2800000e+01   3.9950920e+01   1.6356147e+02
   2.2900000e+01   7.9950920e+01   1.6961472e+01
   2.3000000e+01   1.8795092e+02   1.4464147e+02
   2.3100000e+01  -7.0490798e+00   1.8344147e+02
   2.3200000e+01   2.8595092e+02   7.2147239e-01
   2.3300000e+01   1.4795092e+02   4.1024147e+02
   2.3400000e+01   4.1950920e+01   2.4048147e+02
   2.3500000e+01   2.9395092e+02   1.7940147e+02
   2.3600000e+01   2.5995092e+02   3.5376147e+02
   2.3700000e+01   2.2095092e+02   2.7332147e+02
   2.3800000e+01   9.4950920e+01   1.0236147e+02
   2.3900000e+01   2.5995092e+02   1.7276147e+02
   2.4000000e+01   1.6595092e+02   1.9521472e+01
   2.4100000e+01   1.5295092e+02   1.0604147e+02
   2.4200000e+01   2.6295092e+02   1.4364147e+02
   2.4300000e+01   1.4950920e+01   7.2561472e+01
   2.4400000e+01   1.9950920e+01   1.7336147e+02
   2.4500000e+01   3.0195092e+02   1.3008147e+02
   2.4600000e+01   7.2950920e+01   2.3424147e+02
   2.4700000e+01   2.7795092e+02   1.7604147e+02
   2.4800000e+01  -5.1049080e+01   9.6201472e+01
   2.4900000e+01   4.2950920e+01   4.3144147e+02
   2.5000000e+01   4.1950920e+01   1.1748147e+02
   2.5100000e+01   6.0950920e+01   7.2721472e+01
   2.5200000e+01  -1.8049080e+01   5.6881472e+01
   2.5300000e+01   8.6950920e+01   1.0968147e+02
   2.5400000e+01   8.6950920e+01   1.6168147e+02
   2.5500000e+01   4.7950920e+01   8.5241472e+01
   2.5600000e+01   1.4995092e+02  -1.2838528e+01
   2.5700000e+01   1.3950920e+01   1.9360147e+02
   2.5800000e+01   6.7950920e+01   1.8844147e+02
   2.5900000e+01  -3.6049080e+01   1.2260147e+02
   2.6000000e+01   1.0395092e+02   8.1001472e+01
   2.6100000e+01   1.1595092e+02   5.2521472e+01
   2.6200000e+01   9.5092025e-01   1.6112147e+02
   2.6300000e+01  -1.2049080e+01   3.5641472e+01
   2.6400000e+01   1.0895092e+02   1.6680147e+02
   2.6500000e+01   5.4950920e+01   9.9961472e+01
   2.6600000e+01   1.3095092e+02   1.8492147e+02
   2.6700000e+01   1.8495092e+02   1.1376147e+02
   2.6800000e+01   5.2950920e+01   1.2804147e+02
   2.6900000e+01   1.1295092e+02   1.4664147e+02
   2.7000000e+01   2.6950920e+01   3.0908147e+02
   2.7100000e+01   1.9950920e+01   1.8636147e+02
   2.7200000e+01  -2.9049080e+01   1.6632147e+02
   2.7300000e+01   5.9950920e+01   1.7476147e+02
   2.7400000e+01  -1.0604908e+02   2.2640147e+02
   2.7500000e+01  -4.0490798e+00   1.9432147e+02
   2.7600000e+01   3.3950920e+01   2.2980147e+02
   2.7700000e+01  -1.7049080e+01   1.8884147e+02
   2.7800000e+01  -5.8049080e+01   8.2481472e+01
   2.7900000e+01   8.0950920e+01   2.9992147e+02
   2.8000000e+01   8.3950920e+01   1.4080147e+02
   2.8100000e+01   1.1695092e+02   1.4548147e+02
   2.8200000e+01  -8.0490798e+00   1.8048147e+02
   2.8300000e+01  -7.0490798e+00   1.0544147e+02
   2.8400000e+01   6.8950920e+01   9.1401472e+01
   2.8500000e+01  -2.1404908e+02   1.9572147e+02
   2.8600000e+01  -5.4049080e+01   4.8321472e+01
   2.8700000e+01  -8.0049080e+01   2.2636147e+02
   2.8800000e+01   1.5950920e+01   2.2052147e+02
   2.8900000e+01   4.9950920e+01   5.6161472e+01
   2.9000000e+01   2.3095092e+02   5.2921472e+01
   2.9100000e+01   4.1950920e+01   4.4481472e+01
   2.9200000e+01   2.0950920e+01   8.8321472e+01
   2.9300000e+01   2.0895092e+02   1.8801472e+01
   2.9400000e+01   8.2950920e+01   1.9884147e+02
   2.9500000e+01   2.0195092e+02   1.1708147e+02
   2.9600000e+01   9.3950920e+01   1.9540147e+02
   2.9700000e+01   2.9509202e+00   1.0604147e+02
   2.9800000e+01   9.5950920e+01   7.3321472e+01
   2.9900000e+01   1.1095092e+02   2.0972147e+02
   3.0000000e+01   5.6950920e+01   1.4788147e+02
   3.0100000e+01   2.7950920e+01   2.1804147e+02
   3.0200000e+01  -3.4049080e+01   9.1521472e+01
   3.0300000e+01   2.8995092e+02   6.7561472e+01
   3.0400000e+01   6.1950920e+01   1.7268147e+02
   3.0500000e+01   3.9509202e+00   3.0000147e+02
   3.0600000e+01   8.8950920e+01   2.6360147e+02
   3.0700000e+01   7.2950920e+01   9.5241472e+01
   3.0800000e+01   6.4950920e+01   2.7156147e+02
   3.0900000e+01   1.8595092e+02   7.0721472e+01
   3.1000000e+01  -4.8049080e+01   6.6081472e+01
   3.1100000e+01   7.4950920e+01   7.2161472e+01
   3.1200000e+01   1.0695092e+02   1.7388147e+02
   3.1300000e+01  -3.8049080e+01   1.0368147e+02
   3.1400000e+01   4.8950920e+01   2.1820147e+02
   3.1500000e+01   8.0950920e+01   1.5092147e+02
   3.1600000e+01  -1.1904908e+02   2.0892147e+02
   3.1700000e+01  -9.0490798e+00   1.4452147e+02
   3.1800000e+01   2.9509202e+00   3.3041472e+01
   3.1900000e+01  -4.2049080e+01   2.1284147e+02
   3.2000000e+01  -3.0490798e+00   1.3728147e+02
   3.2100000e+01  -1.9049080e+01   1.3892147e+02
   3.2200000e+01   1.5095092e+02   1.0412147e+02
   3.2300000e+01  -8.2049080e+01   2.3744147e+02
   3.2400000e+01   8.9509202e+00   8.4801472e+01
   3.2500000e+01   5.7950920e+01   1.8684147e+02
   3.2600000e+01   1.2950920e+01   1.0664147e+02
   3.2700000e+01  -3.2049080e+01   1.4744147e+02
   3.2800000e+01   1.9395092e+02   2.7840147e+02
   3.2900000e+01   7.1950920e+01   8.2281472e+01
   3.3000000e+01  -8.5049080e+01   5.4561472e+01
   3.3100000e+01   7.9950920e+01   1.6196147e+02
   3.3200000e+01   1.8395092e+02   2.3480147e+02
   3.3300000e+01   1.8950920e+01   3.2401472e+01
   3.3400000e+01   9.3950920e+01   7.9401472e+01
   3.3500000e+01   1.2095092e+02   2.2432147e+02
   3.3600000e+01  -8.2049080e+01   3.7441472e+01
   3.3700000e+01  -2.2049080e+01   6.2041472e+01
   3.3800000e+01   6.8950920e+01   1.7940147e+02
   3.3900000e+01   2.5995092e+02   7.1761472e+01
   3.4000000e+01  -4.0490798e+00   6.4321472e+01
   3.4100000e+01  -1.8049080e+01   8.5881472e+01
   3.4200000e+01   1.8695092e+02   2.1468147e+02
   3.4300000e+01  -1.6049080e+01   1.0480147e+02
   3.4400000e+01  -2.0490798e+00   1.1124147e+02
   3.4500000e+01   1.2195092e+02   5.9281472e+01
   3.4600000e+01   3.8950920e+01   1.6560147e+02
   3.4700000e+01   1.6595092e+02   2.7352147e+02
   3.4800000e+01  -3.5049080e+01   1.1956147e+02
   3.4900000e+01   2.2495092e+02   1.1516147e+02
   3.5000000e+01   2.2595092e+02   9.9121472e+01
   3.5100000e+01   2.1595092e+02   8.3521472e+01
   3.5200000e+01   2.8495092e+02   2.0476147e+02
   3.5300000e+01   1.6695092e+02   1.7248147e+02
   3.5400000e+01  -1.9049080e+01   1.8592147e+02
   3.5500000e+01   1.6295092e+02   3.2364147e+02
   3.5600000e+01   1.1095092e+02   4.5872147e+02
   3.5700000e+01   2.0950920e+01   2.0332147e+02
   3.5800000e+01   1.5395092e+02   6.9001472e+01
   3.5900000e+01   1.7195092e+02   7.0281472e+01
   3.6000000e+01   6.7950920e+01   1.7444147e+02
   3.6100000e+01   1.2495092e+02   1.4216147e+02
   3.6200000e+01   1.3395092e+02   2.0780147e+02
   3.6300000e+01   9.2950920e+01   1.8144147e+02
   3.6400000e+01   8.8950920e+01   1.2460147e+02
   3.6500000e+01   8.6950920e+01   2.7068147e+02
   3.6600000e+01   7.2950920e+01   4.4324147e+02
   3.6700000e+01  -8.3049080e+01   2.3048147e+02
   3.6800000e+01   2.1195092e+02   1.6968147e+02
   3.6900000e+01   1.5795092e+02   2.7284147e+02
   3.7000000e+01  -3.0049080e+01   7.7361472e+01
   3.7100000e+01  -1.1049080e+01   1.3360147e+02
   3.7200000e+01   6.3950920e+01   2.2660147e+02
   3.7300000e+01   1.7095092e+02   9.4321472e+01
   3.7400000e+01  -1.3049080e+01   1.8468147e+02
   3.7500000e+01  -5.3049080e+01   1.2128147e+02
   3.7600000e+01   1.1095092e+02   2.6172147e+02
   3.7700000e+01   5.3950920e+01   9.5001472e+01
   3.7800000e+01   1.2695092e+02   1.0008147e+02
   3.7900000e+01   1.5695092e+02   1.1488147e+02
   3.8000000e+01   1.3895092e+02   1.5860147e+02
   3.8100000e+01   2.1695092e+02   1.6348147e+02
   3.8200000e+01   1.6095092e+02   8.6721472e+01
   3.8300000e+01   1.2295092e+02   8.7241472e+01
   3.8400000e+01   6.6950920e+01   3.0481472e+01
   3.8500000e+01   1.8695092e+02   1.0668147e+02
   3.8600000e+01   2.4495092e+02   5.3361472e+01
   3.8700000e+01   7.0950920e+01   1.6532147e+02
   3.8800000e+01   1.0395092e+02   1.2900147e+02
   3.8900000e+01   1.1195092e+02   1.6568147e+02
   3.9000000e+01  -3.5049080e+01   2.1056147e+02
   3.9100000e+01   6.6950920e+01   1.2348147e+02
   3.9200000e+01   2.0695092e+02   9.9881472e+01
   3.9300000e+01  -8.8049080e+01   2.5168147e+02
   3.9400000e+01   8.8950920e+01   1.9560147e+02
   3.9500000e+01   4.4950920e+01   4.5361472e+01
   3.9600000e+01   2.9950920e+01   2.2096147e+02
   3.9700000e+01   1.0995092e+02   2.4676147e+02
   3.9800000e+01   1.3195092e+02  -1.0118528e+01
   3.9900000e+01   9.9509202e+00   3.3276147e+02
   4.0000000e+01   1.4950920e+01   1.0356147e+02
   4.0100000e+01   2.6950920e+01   1.1708147e+02
   4.0200000e+01   9.6950920e+01   1.7028147e+02
   4.0300000e+01   8.9509202e+00   7.6801472e+01
   4.0400000e+01  -3.7049080e+01   5.6641472e+01
   4.0500000e+01   2.5950920e+01  -5.8785276e+00
   4.0600000e+01   5.0950920e+01   4.5121472e+01
   4.0700000e+01  -5.9049080e+01   6.7521472e+01
   4.0800000e+01  -2.2049080e+01   4.6041472e+01
   4.0900000e+01   1.4795092e+02   2.7724147e+02
   4.1000000e+01   9.5950920e+01   7.7321472e+01
   4.1100000e+01   1.5295092e+02  -8.9585276e+00
   4.1200000e+01   1.7095092e+02   8.0321472e+01
   4.1300000e+01   2.6095092e+02   8.8721472e+01
   4.1400000e+01   2.9509202e+00  -1.8958528e+01
   4.1500000e+01   1.2395092e+02   3.1201472e+01
   4.1600000e+01  -1.2704908e+02  -7.5758528e+01
   4.1700000e+01  -7.1049080e+01   7.5001472e+01
   4.1800000e+01   1.4950920e+01   1.9156147e+02
   4.1900000e+01  -1.0104908e+02   1.9520147e+02
   4.2000000e+01  -8.5049080e+01   2.7561472e+01
   4.2100000e+01  -1.0304908e+02   1.8428147e+02
   4.2200000e+01  -1.0049080e+01   2.1356147e+02
   4.2300000e+01  -9.7049080e+01   2.5504147e+02
   4.2400000e+01   2.3950920e+01   1.4320147e+02
   4.2500000e+01  -7.0049080e+01   1.9196147e+02
   4.2600000e+01  -1.9049080e+01   1.4192147e+02
   4.2700000e+01   1.3950920e+01   1.9601472e+01
   4.2800000e+01   9.9509202e+00   2.5476147e+02
   4.2900000e+01  -5.1049080e+01   1.9820147e+02
   4.3000000e+01   3.0950920e+01   1.6592147e+02
   4.3100000e+01  -1.1049080e+01   2.5960147e+02
   4.3200000e+01   6.9509202e+00   9.4881472e+01
   4.3300000e+01   1.2895092e+02   2.0400147e+02
   4.3400000e+01   3.9509202e+00   2.5400147e+02
   4.3500000e+01   2.1950920e+01   1.6628147e+02
   4.3600000e+01   5.5950920e+01   1.5592147e+02
   4.3700000e+01   6.4950920e+01   2.7356147e+02
   4.3800000e+01   1.2195092e+02   2.3628147e+02
   4.3900000e+01   1.8895092e+02   1.3760147e+02
   4.4000000e+01  -2.9049080e+01   1.5732147e+02
   4.4100000e+01   9.3950920e+01   1.8540147e+02
   4.4200000e+01   1.4395092e+02   1.6540147e+02
   4.4300000e+01   2.9950920e+01   1.1096147e+02
   4.4400000e+01   1.4995092e+02   2.2416147e+02
   4.4500000e+01  -7.2049080e+01   6.9041472e+01
   4.4600000e+01   1.7895092e+02   8.4001472e+01
   4.4700000e+01   1.3995092e+02   1.2556147e+02
   4.4800000e+01   1.6395092e+02   1.7601472e+01
   4.4900000e+01   5.0950920e+01   1.5012147e+02
   4.5000000e+01   1.6695092e+02  -2.0518528e+01
   4.5100000e+01   1.9295092e+02   2.0844147e+02
   4.5200000e+01   1.3950920e+01   4.0360147e+02
   4.5300000e+01   2.5950920e+01   1.3612147e+02
   4.5400000e+01  -3.5049080e+01   2.5456147e+02
   4.5500000e+01   5.7950920e+01   1.7184147e+02
   4.5600000e+01   1.4950920e+01   1.8556147e+02
   4.5700000e+01  -1.1704908e+02   2.0884147e+02
   4.5800000e+01   3.4595092e+02   8.2321472e+01
   4.5900000e+01   1.9295092e+02   1.8144147e+02
   4.6000000e+01   1.7495092e+02   1.5316147e+02
   4.6100000e+01   5.3950920e+01   1.6700147e+02
   4.6200000e+01   1.9095092e+02   2.9252147e+02
   4.6300000e+01   1.6695092e+02   1.1448147e+02
   4.6400000e+01   3.5695092e+02   5.6881472e+01
   4.6500000e+01   2.2995092e+02   1.1796147e+02
   4.6600000e+01   2.3795092e+02   1.8564147e+02
   4.6700000e+01   2.1395092e+02  -2.4398528e+01
   4.6800000e+01  -6.3049080e+01   1.0868147e+02
   4.6900000e+01   1.7795092e+02   9.1041472e+01
   4.7000000e+01   5.6950920e+01   1.6188147e+02
   4.7100000e+01  -3.0049080e+01   1.6336147e+02
   4.7200000e+01   4.2950920e+01   1.5844147e+02
   4.7300000e+01   4.9950920e+01   1.1616147e+02
   4.7400000e+01  -4.6049080e+01   2.0600147e+02
   4.7500000e+01  -6.0490798e+00   1.2440147e+02
   4.7600000e+01   1.4395092e+02   1.6740147e+02
   4.7700000e+01   3.4950920e+01   7.7761472e+01
   4.7800000e+01   2.3095092e+02   9.4921472e+01
   4.7900000e+01   1.5695092e+02   8.9881472e+01
   4.8000000e+01   2.8950920e+01   1.0500147e+02
   4.8100000e+01   2.9950920e+01   1.3296147e+02
   4.8200000e+01   6.1950920e+01   8.4681472e+01
   4.8300000e+01   6.9509202e+00   1.4688147e+02
   4.8400000e+01   7.9950920e+01   1.3696147e+02
   4.8500000e+01   9.8950920e+01   4.7201472e+01
   4.8600000e+01   4.9950920e+01   7.5161472e+01
   4.8700000e+01   5.5950920e+01   1.9292147e+02
   4.8800000e+01   3.8950920e+01   1.3660147e+02
   4.8900000e+01  -4.0490798e+00   1.8532147e+02
   4.9000000e+01   2.3950920e+01   9.1201472e+01
   4.9100000e+01  -1.3049080e+01   1.2968147e+02
   4.9200000e+01   1.9950920e+01   3.7361472e+01
   4.9300000e+01  -5.1049080e+01   7.9201472e+01
   4.9400000e+01   2.0950920e+01   2.3232147e+02
   4.9500000e+01  -1.3004908e+02   1.0936147e+02
   4.9600000e+01  -2.8049080e+01   5.5281472e+01
   4.9700000e+01  -1.9049080e+01   8.0921472e+01
   4.9800000e+01  -9.0049080e+01   1.0276147e+02
   4.9900000e+01   3.6950920e+01   3.6368147e+02
   5.0000000e+01  -1.2049080e+01   2.5664147e+02
   5.0100000e+01   6.9950920e+01   1.4936147e+02
   5.0200000e+01  -1.2004908e+02  -6.0385276e+00
   5.0300000e+01  -3.1049080e+01   1.5840147e+02
   5.0400000e+01   1.2795092e+02   1.9804147e+02
   5.0500000e+01   3.8950920e+01   1.2660147e+02
   5.0600000e+01   2.0795092e+02   7.6841472e+01
   5.0700000e+01   2.0950920e+01   1.3332147e+02
   5.0800000e+01   4.4950920e+01   4.4361472e+01
   5.0900000e+01   2.9509202e+00   2.0004147e+02
   5.1000000e+01   7.5950920e+01   2.9412147e+02
   5.1100000e+01   1.7695092e+02   1.0308147e+02
   5.1200000e+01   3.3950920e+01   2.1180147e+02
   5.1300000e+01   1.3195092e+02   1.0788147e+02
   5.1400000e+01   5.5950920e+01   1.7292147e+02
   5.1500000e+01   2.9950920e+01   2.1796147e+02
   5.1600000e+01   5.1950920e+01   1.0508147e+02
   5.1700000e+01   2.2950920e+01   2.3124147e+02
   5.1800000e+01   4.2950920e+01   2.3044147e+02
   5.1900000e+01   1.5095092e+02   1.1312147e+02
   5.2000000e+01   4.5950920e+01   7.0321472e+01
   5.2100000e+01   9.2950920e+01   8.8441472e+01
   5.2200000e+01   4.9950920e+01   1.3116147e+02
   5.2300000e+01  -9.9049080e+01   1.4412147e+02
   5.2400000e+01   7.9509202e+00   2.0584147e+02
   5.2500000e+01   9.5092025e-01   3.1512147e+02
   5.2600000e+01  -7.7049080e+01   2.9724147e+02
   5.2700000e+01  -2.6049080e+01   1.9320147e+02
   5.2800000e+01   3.9509202e+00   1.9400147e+02
   5.2900000e+01  -8.4049080e+01   3.2152147e+02
   5.3000000e+01  -9.3049080e+01   2.4788147e+02
   5.3100000e+01   2.3695092e+02   5.5681472e+01
   5.3200000e+01   2.8495092e+02   2.6761472e+01
   5.3300000e+01   4.4295092e+02   4.4147239e-01
   5.3400000e+01   6.0695092e+02  -3.5118528e+01
   5.3500000e+01   2.1095092e+02  -2.8278528e+01
   5.3600000e+01   4.6995092e+02   5.4361472e+01
   5.3700000e+01   2.2095092e+02  -3.6785276e+00
   5.3800000e+01   1.2095092e+02  -9.6785276e+00
   5.3900000e+01   3.5995092e+02  -6.1238528e+01
   5.4000000e+01   4.2195092e+02   1.1328147e+02
   5.4100000e+01   2.4195092e+02   3.6481472e+01
   5.4200000e+01   3.0995092e+02   5.9761472e+01
   5.4300000e+01   2.0095092e+02  -2.6878528e+01
   5.4400000e+01   3.2295092e+02   6.2414724e+00
   5.4500000e+01   2.6095092e+02  -2.9278528e+01
   5.4600000e+01   3.5095092e+02  -1.9878528e+01
   5.4700000e+01   3.3695092e+02   3.5681472e+01
   5.4800000e+01   3.4095092e+02   4.6521472e+01
   5.4900000e+01   2.2695092e+02  -3.9185276e+00
   5.5000000e+01   2.1395092e+02  -4.0398528e+01
   5.5100000e+01   3.4295092e+02   1.3441472e+01
   5.5200000e+01   2.6495092e+02   9.5614724e+00
   5.5300000e+01   4.5695092e+02   4.0881472e+01
   5.5400000e+01   2.1395092e+02  -2.9398528e+01
   5.5500000e+01   2.9895092e+02   4.7201472e+01
   5.5600000e+01   1.4295092e+02   1.6441472e+01
   5.5700000e+01   2.4595092e+02   6.9321472e+01
   5.5800000e+01   1.1195092e+02   7.6814724e+00
   5.5900000e+01   2.3595092e+02   1.2721472e+01
   5.6000000e+01   1.3095092e+02  -4.6078528e+01
   5.6100000e+01   2.0595092e+02   3.4921472e+01
   5.6200000e+01   1.0795092e+02  -1.5158528e+01
   5.6300000e+01   1.5695092e+02  -1.1852761e-01
   5.6400000e+01   1.7495092e+02  -3.1838528e+01
   5.6500000e+01   3.8395092e+02   3.7801472e+01
   5.6600000e+01   1.6395092e+02   4.8601472e+01
   5.6700000e+01   1.9395092e+02  -5.8598528e+01
   5.6800000e+01   4.4195092e+02  -4.2518528e+01
   5.6900000e+01   4.0595092e+02  -6.5078528e+01
   5.7000000e+01   6.2795092e+02  -9.5852761e-01
   5.7100000e+01   4.6595092e+02  -3.4478528e+01
   5.7200000e+01   1.6095092e+02  -3.2278528e+01
   5.7300000e+01   4.2995092e+02  -7.8038528e+01
   5.7400000e+01   9.9950920e+01   1.0616147e+02
   5.7500000e+01   2.7895092e+02   6.9001472e+01
   5.7600000e+01   2.8795092e+02  -3.5852761e-01
   5.7700000e+01   1.2895092e+02   3.8001472e+01
   5.7800000e+01   2.6495092e+02   5.7561472e+01
   5.7900000e+01   3.9595092e+02   4.9321472e+01
   5.8000000e+01   5.6895092e+02   1.0401472e+01
   5.8100000e+01   1.0395092e+02   1.0001472e+01
   5.8200000e+01   2.3595092e+02   6.6721472e+01
   5.8300000e+01   2.8395092e+02   3.4801472e+01
   5.8400000e+01   3.4595092e+02  -4.1678528e+01
   5.8500000e+01   3.6495092e+02  -7.2438528e+01
   5.8600000e+01   2.7795092e+02   3.4041472e+01
   5.8700000e+01   4.6095092e+02  -3.7278528e+01
   5.8800000e+01   6.0095092e+02  -5.0878528e+01
   5.8900000e+01   3.0495092e+02   2.3961472e+01
   5.9000000e+01   1.4195092e+02   1.6481472e+01
   5.9100000e+01   2.5595092e+02  -1.9078528e+01
   5.9200000e+01   3.9395092e+02   1.1401472e+01
   5.9300000e+01   1.8695092e+02   1.1868147e+02
   5.9400000e+01   2.2495092e+02  -1.6838528e+01
   5.9500000e+01   3.6595092e+02  -4.5478528e+01
   5.9600000e+01   1.8795092e+02  -2.3585276e+00
   5.9700000e+01   1.9950920e+01   2.3361472e+01
   5.9800000e+01   2.4595092e+02   1.3321472e+01
   5.9900000e+01   3.2695092e+02   1.1608147e+02
   6.0000000e+01   5.4795092e+02   3.0241472e+01
   6.0100000e+01   3.3295092e+02   3.1841472e+01
   6.0200000e+01   2.3795092e+02  -4.3358528e+01
   6.0300000e+01   3.4995092e+02  -3.5838528e+01
   6.0400000e+01   3.3795092e+02  -2.1358528e+01
   6.0500000e+01   1.3095092e+02   9.9214724e+00
   6.0600000e+01   2.4995092e+02  -1.5838528e+01
   6.0700000e+01   1.6695092e+02  -5.1852761e-01
   6.0800000e+01   1.4695092e+02  -3.9718528e+01
   6.0900000e+01   3.1695092e+02  -1.7518528e+01
   6.1000000e+01   4.3895092e+02  -9.3985276e+00
   6.1100000e+01   2.5795092e+02   1.3841472e+01
   6.1200000e+01   5.3795092e+02   6.9641472e+01
   6.1300000e+01   3.7595092e+02   9.1214724e+00
   6.1400000e+01   1.2695092e+02   1.4081472e+01
   6.1500000e+01   4.9195092e+02   1.6481472e+01
   6.1600000e+01   2.9795092e+02   4.7241472e+01
   6.1700000e+01   8.8950920e+01  -2.9398528e+01
   6.1800000e+01   1.2795092e+02   1.0414724e+00
   6.1900000e+01   1.3495092e+02  -1.9238528e+01
   6.2000000e+01   2.7795092e+02  -2.4958528e+01
   6.2100000e+01   2.1895092e+02   1.9401472e+01
   6.2200000e+01   2.6295092e+02   2.1641472e+01
   6.2300000e+01   4.3995092e+02  -1.1438528e+01
   6.2400000e+01   2.8095092e+02  -7.8527607e-02
   6.2500000e+01   3.7095092e+02  -2.0678528e+01
   6.2600000e+01   2.7795092e+02   4.3041472e+01
   6.2700000e+01   3.7595092e+02  -1.7878528e+01
   6.2800000e+01   3.6595092e+02  -1.0478528e+01
   6.2900000e+01   1.8395092e+02   1.7801472e+01
   6.3000000e+01   2.8395092e+02   2.7801472e+01
   6.3100000e+01   2.7995092e+02   2.0961472e+01
   6.3200000e+01   4.1695092e+02  -2.6518528e+01
   6.3300000e+01   3.5895092e+02   5.7801472e+01
   6.3400000e+01   2.3695092e+02  -5.4318528e+01
   6.3500000e+01   3.8295092e+02  -4.4158528e+01
   6.3600000e+01   4.4095092e+02  -8.8478528e+01
   6.3700000e+01   2.4795092e+02   1.0324147e+02
   6.3800000e+01   7.7950920e+01   8.7041472e+01
   6.3900000e+01   4.6595092e+02  -2.8478528e+01
   6.4000000e+01   3.1295092e+02   4.0641472e+01
   6.4100000e+01   4.5095092e+02   7.0121472e+01
   6.4200000e+01   3.7895092e+02   1.2001472e+01
   6.4300000e+01   3.1595092e+02  -2.9478528e+01
   6.4400000e+01   1.7595092e+02  -4.2878528e+01
   6.4500000e+01   2.4695092e+02  -1.5718528e+01
   6.4600000e+01   3.9395092e+02   1.0040147e+02
   6.4700000e+01   4.0795092e+02  -4.1585276e+00
   6.4800000e+01   1.2995092e+02  -2.8038528e+01
   6.4900000e+01   1.7495092e+02   4.4161472e+01
   6.5000000e+01   1.8595092e+02  -6.7278528e+01
   6.5100000e+01   2.8895092e+02   4.5601472e+01
   6.5200000e+01   2.7195092e+02  -3.7185276e+00
   6.5300000e+01   2.1095092e+02   1.1072147e+02
   6.5400000e+01   2.3295092e+02   3.8414724e+00
   6.5500000e+01   3.5095092e+02  -7.9878528e+01
   6.5600000e+01   1.1895092e+02   1.0401472e+01
   6.5700000e+01   2.6495092e+02  -3.1438528e+01
   6.5800000e+01   8.7950920e+01   1.0641472e+01
   6.5900000e+01   1.5995092e+02   5.0761472e+01
   6.6000000e+01   2.0095092e+02  -5.6878528e+01
   6.6100000e+01   2.3095092e+02   3.7921472e+01
   6.6200000e+01   4.6695092e+02   1.0481472e+01
   6.6300000e+01   2.6595092e+02   6.6521472e+01
   6.6400000e+01   2.7695092e+02   3.5081472e+01
   6.6500000e+01   1.5895092e+02   7.8014724e+00
   6.6600000e+01   2.7195092e+02  -7.7185276e+00
   6.6700000e+01   3.6295092e+02  -3.4358528e+01
   6.6800000e+01   3.7895092e+02  -3.0998528e+01
   6.6900000e+01   1.2695092e+02   5.2081472e+01
   6.7000000e+01   1.9195092e+02   5.7481472e+01
   6.7100000e+01   9.9509202e+00  -6.1238528e+01
   6.7200000e+01   2.5795092e+02  -5.9158528e+01
   6.7300000e+01   3.5495092e+02   7.0961472e+01
   6.7400000e+01   2.3295092e+02   4.8414724e+00
   6.7500000e+01   3.6395092e+02  -1.1398528e+01
   6.7600000e+01   2.7795092e+02   3.4041472e+01
   6.7700000e+01   4.6295092e+02  -7.3585276e+00
   6.7800000e+01   1.6295092e+02   5.4641472e+01
   6.7900000e+01   2.0995092e+02   1.8761472e+01
   6.8000000e+01   2.0695092e+02  -7.1185276e+00
   6.8100000e+01   2.8795092e+02   6.4147239e-01
   6.8200000e+01   2.6495092e+02  -3.4385276e+00
   6.8300000e+01   2.7995092e+02  -7.0385276e+00
   6.8400000e+01   2.7995092e+02   1.3961472e+01
   6.8500000e+01   3.9195092e+02   1.3548147e+02
   6.8600000e+01   2.8395092e+02   3.5801472e+01
   6.8700000e+01   3.3395092e+02   1.1080147e+02
   6.8800000e+01   3.6495092e+02  -9.4385276e+00
   6.8900000e+01   3.3595092e+02  -9.2785276e+00
   6.9000000e+01   1.8495092e+02  -1.3238528e+01
   6.9100000e+01   2.7995092e+02   2.6961472e+01
   6.9200000e+01   1.7195092e+02   2.8281472e+01
   6.9300000e+01   2.8195092e+02   2.8814724e+00
   6.9400000e+01   1.3695092e+02   2.6814724e+00
   6.9500000e+01   2.7295092e+02  -3.7758528e+01
   6.9600000e+01   6.2950920e+01  -3.0358528e+01
   6.9700000e+01   2.2395092e+02   1.2220147e+02
   6.9800000e+01   2.0950920e+01  -1.9678528e+01
   6.9900000e+01   4.9595092e+02   1.2532147e+02
   7.0000000e+01   2.4795092e+02  -8.8758528e+01
   7.0100000e+01   1.6695092e+02   6.4814724e+00
   7.0200000e+01   2.5695092e+02  -7.5118528e+01
   7.0300000e+01   2.3395092e+02  -2.4198528e+01
   7.0400000e+01   2.0195092e+02   2.4081472e+01
   7.0500000e+01   2.2795092e+02  -4.6958528e+01
   7.0600000e+01   2.6495092e+02   2.8561472e+01
   7.0700000e+01   3.2695092e+02   7.0081472e+01
   7.0800000e+01   4.0095092e+02  -5.3878528e+01
   7.0900000e+01   2.5695092e+02  -2.7118528e+01
   7.1000000e+01   2.7095092e+02  -5.7678528e+01
   7.1100000e+01   5.7195092e+02  -7.6718528e+01
   7.1200000e+01   1.8495092e+02   7.8761472e+01
   7.1300000e+01   3.1695092e+02   1.4814724e+00
   7.1400000e+01   4.1895092e+02   4.1401472e+01
   7.1500000e+01   3.6295092e+02  -2.8358528e+01
   7.1600000e+01   2.8895092e+02   3.1601472e+01
   7.1700000e+01   4.8595092e+02  -3.9278528e+01
   7.1800000e+01   3.6295092e+02   4.2641472e+01
   7.1900000e+01   2.1995092e+02   3.4361472e+01
   7.2000000e+01   2.0295092e+02   1.3041472e+01
   7.2100000e+01   1.0995092e+02   1.7761472e+01
   7.2200000e+01   1.9295092e+02   4.8441472e+01
   7.2300000e+01   5.0195092e+02  -6.1918528e+01
   7.2400000e+01   3.7395092e+02   4.8201472e+01
   7.2500000e+01   2.2295092e+02   1.6224147e+02
   7.2600000e+01   2.6795092e+02  -1.9558528e+01
   7.2700000e+01   1.8495092e+02   1.9761472e+01
   7.2800000e+01   4.2995092e+02  -7.4038528e+01
   7.2900000e+01   3.2095092e+02   5.9321472e+01
   7.3000000e+01   3.3095092e+02  -5.7078528e+01
   7.3100000e+01   1.8795092e+02   1.7641472e+01
   7.3200000e+01   3.1595092e+02  -1.0478528e+01
   7.3300000e+01   3.0595092e+02  -5.0785276e+00
   7.3400000e+01   1.2295092e+02  -1.6758528e+01
   7.3500000e+01   1.8295092e+02   2.2841472e+01
   7.3600000e+01   2.3095092e+02  -4.4078528e+01
   7.3700000e+01   2.4995092e+02   1.0616147e+02
   7.3800000e+01   2.3495092e+02  -3.3238528e+01
   7.3900000e+01   4.7095092e+02  -9.7678528e+01
   7.4000000e+01   4.2950920e+01   1.8441472e+01
   7.4100000e+01   2.8395092e+02  -1.0198528e+01
   7.4200000e+01   2.9695092e+02   5.2814724e+00
   7.4300000e+01   3.9995092e+02   1.0161472e+01
   7.4400000e+01   3.9595092e+02  -4.5678528e+01
   7.4500000e+01   1.7495092e+02   4.7161472e+01
   7.4600000e+01   1.3095092e+02   3.9921472e+01
   7.4700000e+01   5.7950920e+01   1.3984147e+02
   7.4800000e+01   1.5595092e+02   2.9214724e+00
   7.4900000e+01   2.6395092e+02   6.0601472e+01
   7.5000000e+01   3.2495092e+02   2.6161472e+01
   7.5100000e+01   1.5595092e+02  -3.2078528e+01
   7.5200000e+01   4.1495092e+02   1.5356147e+02
   7.5300000e+01   3.7595092e+02  -4.4878528e+01
   7.5400000e+01   2.2995092e+02  -3.2038528e+01
   7.5500000e+01   2.0595092e+02   1.8921472e+01
   7.5600000e+01   2.3995092e+02   9.3561472e+01
   7.5700000e+01   2.9195092e+02   1.0481472e+01
   7.5800000e+01   1.6295092e+02  -1.6358528e+01
   7.5900000e+01   1.4995092e+02  -2.0838528e+01
   7.6000000e+01   2.9295092e+02  -2.2558528e+01
   7.6100000e+01   1.6095092e+02  -2.1278528e+01
   7.6200000e+01   1.7195092e+02   9.2814724e+00
   7.6300000e+01   5.0495092e+02  -6.2038528e+01
   7.6400000e+01   1.2795092e+02  -5.8958528e+01
   7.6500000e+01   1.9895092e+02   2.1201472e+01
   7.6600000e+01   3.3495092e+02   1.1761472e+01
   7.6700000e+01   2.4095092e+02  -8.1478528e+01
   7.6800000e+01   5.9950920e+01  -2.0238528e+01
   7.6900000e+01   2.2895092e+02   7.0014724e+00
   7.7000000e+01   1.5495092e+02  -1.9038528e+01
   7.7100000e+01   2.3195092e+02   2.0881472e+01
   7.7200000e+01   6.1950920e+01   2.3681472e+01
   7.7300000e+01   2.5395092e+02  -4.9998528e+01
   7.7400000e+01   1.9295092e+02   3.5441472e+01
   7.7500000e+01   1.3995092e+02  -1.4438528e+01
   7.7600000e+01   2.8995092e+02  -7.0438528e+01
   7.7700000e+01   2.9695092e+02   1.1281472e+01
   7.7800000e+01   1.2295092e+02   6.3241472e+01
   7.7900000e+01   7.9950920e+01  -9.0385276e+00
   7.8000000e+01   2.8295092e+02  -1.1585276e+00
   7.8100000e+01   1.7795092e+02  -5.0958528e+01
   7.8200000e+01   1.2195092e+02  -3.2718528e+01
   7.8300000e+01   6.7950920e+01   1.0144147e+02
   7.8400000e+01   1.8795092e+02  -3.5358528e+01
   7.8500000e+01   2.9395092e+02   1.1401472e+01
   7.8600000e+01   1.2095092e+02   5.6321472e+01
   7.8700000e+01   3.1195092e+02   3.1681472e+01
   7.8800000e+01   9.5092025e-01  -1.0878528e+01
   7.8900000e+01   2.7495092e+02  -3.0838528e+01
   7.9000000e+01   1.4795092e+02  -1.9758528e+01
   7.9100000e+01   6.1950920e+01   1.6681472e+01
   7.9200000e+01   3.1795092e+02   6.4414724e+00
   7.9300000e+01   1.8495092e+02  -4.1238528e+01
   7.9400000e+01   2.9095092e+02  -4.6478528e+01
   7.9500000e+01   1.8950920e+01   9.4014724e+00
   7.9600000e+01   2.8595092e+02  -6.2785276e+00
   7.9700000e+01   2.5295092e+02  -2.8958528e+01
   7.9800000e+01   2.3595092e+02  -1.2785276e+00
   7.9900000e+01   3.5895092e+02   3.5801472e+01
   8.0000000e+01   2.3495092e+02  -1.7238528e+01
   8.0100000e+01   1.7495092e+02   1.0161472e+01
   8.0200000e+01   3.7395092e+02  -2.9798528e+01
   8.0300000e+01   1.2595092e+02   5.6121472e+01
   8.0400000e+01   2.5695092e+02   5.8814724e+00
   8.0500000e+01   2.5295092e+02   1.1041472e+01
   8.0600000e+01   1.7395092e+02   1.7201472e+01
   8.0700000e+01   1.2995092e+02  -8.6038528e+01
   8.0800000e+01   2.5095092e+02   7.1214724e+00
   8.0900000e+01   2.3395092e+02   4.0801472e+01
   8.1000000e+01   4.0395092e+02  -6.7998528e+01
   8.1100000e+01  -2.2049080e+01  -3.0958528e+01
   8.1200000e+01   3.6895092e+02  -2.0598528e+01
   8.1300000e+01   8.9950920e+01  -1.0438528e+01
   8.1400000e+01   4.4095092e+02  -3.1478528e+01
   8.1500000e+01   2.5795092e+02  -5.1585276e+00
   8.1600000e+01   2.8195092e+02   4.1881472e+01
   8.1700000e+01   3.1795092e+02   9.8441472e+01
   8.1800000e+01   3.6495092e+02   2.4561472e+01
   8.1900000e+01   6.3950920e+01  -1.0398528e+01
   8.2000000e+01   4.4695092e+02  -1.6718528e+01
   8.2100000e+01   2.5895092e+02  -2.5198528e+01
   8.2200000e+01   3.2195092e+02  -3.0718528e+01
   8.2300000e+01   2.4295092e+02   1.0441472e+01
   8.2400000e+01   2.7395092e+02   1.3201472e+01
   8.2500000e+01   3.6195092e+02  -1.3318528e+01
   8.2600000e+01   9.1950920e+01   4.4814724e+00
   8.2700000e+01   2.4995092e+02  -2.5838528e+01
   8.2800000e+01   2.5695092e+02   2.3881472e+01
   8.2900000e+01   3.2095092e+02   4.0321472e+01
   8.3000000e+01   2.2695092e+02   5.3081472e+01
   8.3100000e+01   7.8950920e+01   1.2800147e+02
   8.3200000e+01   2.1895092e+02   3.3401472e+01
   8.3300000e+01   4.1795092e+02   3.1441472e+01
   8.3400000e+01   3.0795092e+02   8.4147239e-01
   8.3500000e+01   2.4995092e+02   2.4161472e+01
   8.3600000e+01   1.7295092e+02   1.2241472e+01
   8.3700000e+01   4.5995092e+02   1.3761472e+01
   8.3800000e+01   1.8195092e+02  -2.8118528e+01
   8.3900000e+01   2.7695092e+02  -2.3918528e+01
   8.4000000e+01   3.3095092e+02  -5.0078528e+01
   8.4100000e+01   1.4995092e+02  -5.8838528e+01
   8.4200000e+01   4.2095092e+02  -9.7678528e+01
   8.4300000e+01   1.9195092e+02   3.7481472e+01
   8.4400000e+01   3.4495092e+02  -2.8638528e+01
   8.4500000e+01   6.6950920e+01  -2.7518528e+01
   8.4600000e+01   5.9509202e+00   3.3921472e+01
   8.4700000e+01   1.8295092e+02   4.7841472e+01
   8.4800000e+01   3.3695092e+02   1.2668147e+02
   8.4900000e+01   3.4895092e+02  -2.7985276e+00
   8.5000000e+01   4.2895092e+02  -3.9998528e+01
   8.5100000e+01   6.0950920e+01  -5.2785276e+00
   8.5200000e+01   1.8095092e+02   4.6921472e+01
   8.5300000e+01   4.4095092e+02  -3.0478528e+01
   8.5400000e+01   1.7695092e+02  -1.8918528e+01
   8.5500000e+01   2.7195092e+02   9.9281472e+01
   8.5600000e+01   3.9795092e+02  -8.1758528e+01
   8.5700000e+01   3.4295092e+02  -5.5585276e+00
   8.5800000e+01   3.2895092e+02   4.9001472e+01
   8.5900000e+01   3.5095092e+02   2.7121472e+01
   8.6000000e+01   2.7595092e+02   2.2121472e+01
   8.6100000e+01   1.6695092e+02   2.4481472e+01
   8.6200000e+01   6.4950920e+01   2.9561472e+01
   8.6300000e+01   4.5995092e+02  -4.9238528e+01
   8.6400000e+01   2.1795092e+02   1.0441472e+01
   8.6500000e+01   4.0095092e+02   5.5121472e+01
   8.6600000e+01   2.7895092e+02  -3.4998528e+01
   8.6700000e+01   4.5095092e+02  -8.8785276e+00
   8.6800000e+01   1.8995092e+02  -3.8438528e+01
   8.6900000e+01   2.2795092e+02  -2.2958528e+01
   8.7000000e+01   2.1295092e+02  -4.3358528e+01
   8.7100000e+01   5.5295092e+02  -5.6958528e+01
   8.7200000e+01   3.2995092e+02   2.9614724e+00
   8.7300000e+01   4.6595092e+02  -9.4785276e+00
   8.7400000e+01   2.5795092e+02   4.7841472e+01
   8.7500000e+01   3.4395092e+02  -1.7598528e+01
   8.7600000e+01   3.2895092e+02   4.0001472e+01
   8.7700000e+01   4.8795092e+02  -8.5358528e+01
   8.7800000e+01   1.0395092e+02   6.7001472e+01
   8.7900000e+01   3.5595092e+02   5.9214724e+00
   8.8000000e+01   2.7595092e+02  -3.3878528e+01
   8.8100000e+01   7.7950920e+01  -1.5958528e+01
   8.8200000e+01   8.8950920e+01   6.0147239e-01
   8.8300000e+01   3.5950920e+01  -5.4278528e+01
   8.8400000e+01   2.2395092e+02  -3.6798528e+01
   8.8500000e+01   2.7895092e+02   1.5001472e+01
   8.8600000e+01   6.7095092e+02  -1.8678528e+01
   8.8700000e+01   2.0495092e+02   3.1961472e+01
   8.8800000e+01   3.7995092e+02  -4.2038528e+01
   8.8900000e+01   2.8595092e+02  -1.9278528e+01
   8.9000000e+01   2.6695092e+02  -8.2518528e+01
   8.9100000e+01   2.0995092e+02  -2.3238528e+01
   8.9200000e+01   4.9695092e+02   7.7281472e+01
   8.9300000e+01   1.8795092e+02   1.0564147e+02
   8.9400000e+01   4.2195092e+02  -7.1852761e-01
   8.9500000e+01   3.9695092e+02  -6.5718528e+01
   8.9600000e+01   7.1950920e+01  -6.7185276e+00
   8.9700000e+01   1.4595092e+02   5.3214724e+00
   8.9800000e+01   3.8795092e+02  -3.2358528e+01
   8.9900000e+01   3.0795092e+02  -5.0158528e+01
   9.0000000e+01   3.3295092e+02   4.8414724e+00
   9.0100000e+01   2.7795092e+02   3.0041472e+01
   9.0200000e+01   2.9995092e+02   5.7161472e+01
   9.0300000e+01   3.9295092e+02  -5.2558528e+01
   9.0400000e+01   3.2595092e+02  -4.7878528e+01
   9.0500000e+01   2.1495092e+02   1.5561472e+01
   9.0600000e+01   1.4995092e+02  -1.2838528e+01
   9.0700000e+01   3.1395092e+02  -3.2398528e+01
   9.0800000e+01   3.5795092e+02  -1.5852761e-01
   9.0900000e+01   3.4695092e+02  -5.5718528e+01
   9.1000000e+01   2.5895092e+02  -3.0198528e+01
   9.1100000e+01   2.0395092e+02   1.6001472e+01
   9.1200000e+01  -4.0049080e+01  -1.0238528e+01
   9.1300000e+01   2.7895092e+02  -5.5998528e+01
   9.1400000e+01   3.3950920e+01  -1.1985276e+00
   9.1500000e+01   2.5295092e+02  -2.4958528e+01
   9.1600000e+01   8.7950920e+01  -1.6358528e+01
   9.1700000e+01   4.8595092e+02  -3.7278528e+01
   9.1800000e+01   2.8595092e+02  -1.7278528e+01
   9.1900000e+01   1.0695092e+02   1.7881472e+01
   9.2000000e+01   7.0950920e+01   2.1321472e+01
   9.2100000e+01   1.3495092e+02  -7.5238528e+01
   9.2200000e+01   2.3895092e+02  -3.0398528e+01
   9.2300000e+01   2.5950920e+01  -1.5878528e+01
   9.2400000e+01   4.6950920e+01   1.5281472e+01
   9.2500000e+01   9.5092025e-01   2.3121472e+01
   9.2600000e+01   1.5995092e+02   2.7614724e+00
   9.2700000e+01   1.5595092e+02  -5.3078528e+01
   9.2800000e+01   3.6195092e+02   7.6681472e+01
   9.2900000e+01   6.0950920e+01   9.7214724e+00
   9.3000000e+01   2.2295092e+02  -2.9758528e+01
   9.3100000e+01   1.5195092e+02  -3.9185276e+00
   9.3200000e+01   3.0595092e+02  -3.2078528e+01
   9.3300000e+01   2.3695092e+02  -3.7318528e+01
   9.3400000e+01   2.1095092e+02  -2.2785276e+00
   9.3500000e+01  -6.0049080e+01  -9.4385276e+00
   9.3600000e+01   2.0895092e+02  -3.3198528e+01
   9.3700000e+01   1.2795092e+02  -4.8958528e+01
   9.3800000e+01   7.6950920e+01  -8.9185276e+00
   9.3900000e+01   1.6950920e+01   9.4481472e+01
   9.4000000e+01   1.1095092e+02  -1.7278528e+01
   9.4100000e+01   1.4495092e+02   3.4361472e+01
   9.4200000e+01   2.5395092e+02  -2.6998528e+01
   9.4300000e+01   1.7795092e+02   5.0414724e+00
   9.4400000e+01   3.9495092e+02   2.5361472e+01
   9.4500000e+01   6.7950920e+01   1.2441472e+01
   9.4600000e+01   3.1295092e+02   3.5641472e+01
   9.4700000e+01   2.1095092e+02  -7.2785276e+00
   9.4800000e+01   2.5095092e+02   4.9121472e+01
   9.4900000e+01   2.6695092e+02   2.5481472e+01
   9.5000000e+01   3.1950920e+01  -3.5118528e+01
   9.5100000e+01   2.5095092e+02  -3.0878528e+01
   9.5200000e+01   1.7795092e+02   7.2041472e+01
   9.5300000e+01   1.9195092e+02   5.4481472e+01
   9.5400000e+01   1.7795092e+02  -3.3958528e+01
   9.5500000e+01   1.7095092e+02  -3.9678528e+01
   9.5600000e+01   1.7795092e+02  -9.9585276e+00
   9.5700000e+01   1.3195092e+02   4.3881472e+01
   9.5800000e+01   4.4695092e+02   3.2281472e+01
   9.5900000e+01   1.3695092e+02   2.1681472e+01
   9.6000000e+01   1.2995092e+02   1.1961472e+01
   9.6100000e+01   3.4395092e+02  -1.6598528e+01
   9.6200000e+01   1.4795092e+02   2.9241472e+01
   9.6300000e+01   1.7595092e+02   3.7121472e+01
   9.6400000e+01   2.9395092e+02   5.6401472e+01
   9.6500000e+01   9.6950920e+01   3.4281472e+01
   9.6600000e+01   1.1695092e+02   5.5481472e+01
   9.6700000e+01   1.6495092e+02   4.5561472e+01
   9.6800000e+01   2.2795092e+02  -3.6958528e+01
   9.6900000e+01   1.9950920e+01   5.4361472e+01
   9.7000000e+01  -1.2504908e+02   5.5161472e+01
   9.7100000e+01   5.4950920e+01  -1.6038528e+01
   9.7200000e+01   1.4295092e+02  -3.6558528e+01
   9.7300000e+01   2.6195092e+02  -3.3318528e+01
   9.7400000e+01   1.4295092e+02  -8.1558528e+01
   9.7500000e+01   1.0595092e+02  -6.2078528e+01
   9.7600000e+01  -1.1049080e+01   7.8601472e+01
   9.7700000e+01   2.8995092e+02   7.5614724e+00
   9.7800000e+01   1.1895092e+02   4.4401472e+01
   9.7900000e+01   1.8095092e+02  -1.0078528e+01
   9.8000000e+01   2.0295092e+02  -1.5958528e+01
   9.8100000e+01   2.0095092e+02  -3.2878528e+01
   9.8200000e+01   1.6395092e+02  -3.1398528e+01
   9.8300000e+01   3.3695092e+02  -6.3185276e+00
   9.8400000e+01   2.6995092e+02  -8.6385276e+00
   9.8500000e+01   1.0495092e+02   1.7961472e+01
   9.8600000e+01   1.0695092e+02  -1.1185276e+00
   9.8700000e+01   1.1095092e+02   1.3272147e+02
   9.8800000e+01   2.8950920e+01  -4.9985276e+00
   9.8900000e+01  -1.3704908e+02   6.4147239e-01
   9.9000000e+01   2.6195092e+02   1.0768147e+02
   9.9100000e+01   3.7895092e+02   2.9001472e+01
   9.9200000e+01   2.9295092e+02   1.9441472e+01
   9.9300000e+01   2.7495092e+02   3.8161472e+01
   9.9400000e+01   3.2595092e+02   1.7121472e+01
   9.9500000e+01   2.6950920e+01   5.0814724e+00
   9.9600000e+01  -6.2049080e+01   5.2641472e+01
   9.9700000e+01   1.1595092e+02   5.8521472e+01
   9.9800000e+01   2.2895092e+02   3.2001472e+01
   9.9900000e+01   1.9595092e+02  -3.5678528e+01
   1.0000000e+02   2.7395092e+02  -4.4798528e+01
   1.0010000e+02   3.2195092e+02   6.9281472e+01
   1.0020000e+02   2.0695092e+02  -1.0118528e+01
   1.0030000e+02   1.1695092e+02  -8.9518528e+01
   1.0040000e+02   2.1695092e+02   2.2481472e+01
   1.0050000e+02   5.9950920e+01   1.1761472e+01
   1.0060000e+02   3.0495092e+02   2.9961472e+01
   1.0070000e+02   1.9995092e+02   8.9161472e+01
   1.0080000e+02   5.6950920e+01  -5.1118528e+01
   1.0090000e+02   1.9495092e+02  -1.7638528e+01
   1.0100000e+02   9.2950920e+01   1.6441472e+01
   1.0110000e+02   1.3995092e+02  -4.1438528e+01
   1.0120000e+02   8.6950920e+01   3.6814724e+00
   1.0130000e+02   1.7995092e+02  -1.3038528e+01
   1.0140000e+02   1.6195092e+02  -3.1852761e-01
   1.0150000e+02   2.4195092e+02   9.4814724e+00
   1.0160000e+02   2.3095092e+02  -1.5078528e+01
   1.0170000e+02   3.0295092e+02  -5.2958528e+01
   1.0180000e+02   2.9895092e+02   7.2201472e+01
   1.0190000e+02   3.5195092e+02   3.7081472e+01
   1.0200000e+02   2.0895092e+02  -7.3198528e+01
   1.0210000e+02   2.0495092e+02  -7.6038528e+01
   1.0220000e+02   3.3395092e+02   8.1801472e+01
   1.0230000e+02   1.2395092e+02  -9.9798528e+01
   1.0240000e+02   2.4095092e+02  -4.7478528e+01
   1.0250000e+02   3.0295092e+02  -5.4958528e+01
   1.0260000e+02   2.5395092e+02  -5.3998528e+01
   1.0270000e+02   1.2895092e+02   7.5001472e+01
   1.0280000e+02   2.5695092e+02  -2.0118528e+01
   1.0290000e+02   3.4395092e+02  -5.5598528e+01
   1.0300000e+02   3.8995092e+02   4.5561472e+01
   1.0310000e+02   1.3195092e+02  -1.9118528e+01
   1.0320000e+02   2.4395092e+02   4.5401472e+01
   1.0330000e+02   4.2095092e+02  -3.9678528e+01
   1.0340000e+02   3.1495092e+02  -7.8438528e+01
   1.0350000e+02   2.2095092e+02  -7.4678528e+01
   1.0360000e+02   2.2495092e+02   3.0161472e+01
   1.0370000e+02   2.2395092e+02   9.2014724e+00
   1.0380000e+02   2.1295092e+02  -2.5358528e+01
   1.0390000e+02   1.6595092e+02  -2.6478528e+01
   1.0400000e+02   2.6795092e+02  -5.0558528e+01
   1.0410000e+02   3.1395092e+02   1.7660147e+02
   1.0420000e+02   4.3295092e+02  -1.6158528e+01
   1.0430000e+02   3.1695092e+02  -8.5518528e+01
   1.0440000e+02   2.7995092e+02   1.1961472e+01
   1.0450000e+02   2.0295092e+02  -3.0958528e+01
   1.0460000e+02   1.4395092e+02   1.9401472e+01
   1.0470000e+02   2.9195092e+02  -7.2518528e+01
   1.0480000e+02   4.4095092e+02  -4.7852761e-01
   1.0490000e+02  -1.7049080e+01  -3.0158528e+01
   1.0500000e+02  -8.5049080e+01  -1.0438528e+01
   1.0510000e+02   3.2195092e+02  -3.0718528e+01
   1.0520000e+02   3.0695092e+02   1.0881472e+01
   1.0530000e+02   2.7595092e+02  -1.9878528e+01
   1.0540000e+02   2.0295092e+02  -1.1495853e+02
   1.0550000e+02   2.2095092e+02  -3.6678528e+01
   1.0560000e+02   1.1195092e+02   1.8681472e+01
   1.0570000e+02   2.7195092e+02  -6.7185276e+00
   1.0580000e+02   9.2950920e+01  -4.4558528e+01
   1.0590000e+02   4.2295092e+02  -9.2758528e+01
   1.0600000e+02   2.9495092e+02  -4.3638528e+01
   1.0610000e+02   2.2495092e+02  -3.1838528e+01
   1.0620000e+02   2.3195092e+02  -5.2118528e+01
   1.0630000e+02   1.9795092e+02   2.0241472e+01
   1.0640000e+02  -4.2049080e+01  -2.8158528e+01
   1.0650000e+02   1.7895092e+02   3.1001472e+01
   1.0660000e+02   1.2695092e+02   2.4081472e+01
   1.0670000e+02   3.2095092e+02  -3.6678528e+01
   1.0680000e+02   4.4395092e+02   2.4401472e+01
   1.0690000e+02   1.2995092e+02   4.8961472e+01
   1.0700000e+02   2.9795092e+02   2.2414724e+00
   1.0710000e+02   8.3950920e+01  -1.3198528e+01
   1.0720000e+02   3.0895092e+02  -8.1985276e+00
   1.0730000e+02   2.4595092e+02  -7.2678528e+01
   1.0740000e+02  -4.5049080e+01  -3.9038528e+01
   1.0750000e+02   1.9295092e+02  -6.5585276e+00
   1.0760000e+02   2.4695092e+02   5.2814724e+00
   1.0770000e+02   1.7995092e+02   1.2961472e+01
   1.0780000e+02   2.6095092e+02  -5.2278528e+01
   1.0790000e+02   1.9295092e+02   3.4414724e+00
   1.0800000e+02   7.5950920e+01   5.7121472e+01
   1.0810000e+02   3.3995092e+02  -2.5438528e+01
   1.0820000e+02   2.1795092e+02   3.2441472e+01
   1.0830000e+02   1.8195092e+02  -6.7118528e+01
   1.0840000e+02   1.5095092e+02   1.3121472e+01
   1.0850000e+02   1.3295092e+02   1.2841472e+01
   1.0860000e+02   1.3195092e+02  -1.2118528e+01
   1.0870000e+02   3.0395092e+02  -4.7998528e+01
   1.0880000e+02   9.4950920e+01  -1.1638528e+01
   1.0890000e+02   1.5095092e+02   1.9121472e+01
   1.0900000e+02   2.8395092e+02   1.1801472e+01
   1.0910000e+02   3.5995092e+02  -8.2238528e+01
   1.0920000e+02   4.9509202e+00  -5.5038528e+01
   1.0930000e+02   1.1595092e+02   6.5521472e+01
   1.0940000e+02   3.1995092e+02  -7.4638528e+01
   1.0950000e+02   2.4895092e+02   6.4201472e+01
   1.0960000e+02   2.6395092e+02  -1.8398528e+01
   1.0970000e+02   6.5950920e+01   1.0521472e+01
   1.0980000e+02   1.8595092e+02   3.0721472e+01
   1.0990000e+02   1.9395092e+02  -6.2598528e+01
   1.1000000e+02   5.6950920e+01   1.1881472e+01
   1.1010000e+02   2.5195092e+02  -7.5918528e+01
   1.1020000e+02   2.8895092e+02  -3.7398528e+01
   1.1030000e+02   1.0395092e+02   1.4001472e+01
   1.1040000e+02   3.7395092e+02   4.0201472e+01
   1.1050000e+02   2.4695092e+02  -4.4718528e+01
   1.1060000e+02   7.8950920e+01   6.8001472e+01
   1.1070000e+02   2.0995092e+02   1.6761472e+01
   1.1080000e+02   2.9395092e+02   2.1401472e+01
   1.1090000e+02   2.9695092e+02   1.7281472e+01
   1.1100000e+02   3.8695092e+02   1.6681472e+01
   1.1110000e+02   2.5195092e+02   5.0814724e+00
   1.1120000e+02   1.5495092e+02   5.1961472e+01
   1.1130000e+02   8.2950920e+01   2.0841472e+01
   1.1140000e+02   1.4095092e+02   1.3452147e+02
   1.1150000e+02   2.7395092e+02   7.8201472e+01
   1.1160000e+02   3.1295092e+02   1.3641472e+01
   1.1170000e+02   2.7195092e+02  -2.1718528e+01
   1.1180000e+02   1.7295092e+02   5.6241472e+01
   1.1190000e+02   3.0695092e+02  -2.6118528e+01
   1.1200000e+02   9.1950920e+01  -1.8518528e+01
   1.1210000e+02   1.6895092e+02   4.0401472e+01
   1.1220000e+02   2.4995092e+02  -4.4838528e+01
   1.1230000e+02   1.0295092e+02  -1.8958528e+01
   1.1240000e+02   2.2895092e+02   6.4001472e+01
   1.1250000e+02   2.2995092e+02   4.4961472e+01
   1.1260000e+02   4.8950920e+01   8.2014724e+00
   1.1270000e+02   2.9195092e+02  -3.1518528e+01
   1.1280000e+02   2.1495092e+02   2.4561472e+01
   1.1290000e+02   2.5695092e+02   2.0881472e+01
   1.1300000e+02   4.2995092e+02   4.6961472e+01
   1.1310000e+02   2.7195092e+02  -3.8718528e+01
   1.1320000e+02   3.9595092e+02   2.3321472e+01
   1.1330000e+02   1.4595092e+02   7.3214724e+00
   1.1340000e+02   2.0695092e+02  -6.1185276e+00
   1.1350000e+02   1.1995092e+02   1.4361472e+01
   1.1360000e+02   4.5395092e+02  -5.9998528e+01
   1.1370000e+02   1.4995092e+02  -1.8385276e+00
   1.1380000e+02   2.8295092e+02  -4.6158528e+01
   1.1390000e+02   3.5495092e+02   4.4961472e+01
   1.1400000e+02   4.4595092e+02  -6.6678528e+01
   1.1410000e+02   1.7195092e+02  -3.0718528e+01
   1.1420000e+02   4.5495092e+02  -1.8038528e+01
   1.1430000e+02   3.1195092e+02  -3.1318528e+01
   1.1440000e+02   3.5795092e+02   2.1841472e+01
   1.1450000e+02   3.8395092e+02  -9.1985276e+00
   1.1460000e+02   1.2695092e+02  -3.0918528e+01
   1.1470000e+02   1.9595092e+02  -5.1678528e+01
   1.1480000e+02   1.5795092e+02  -7.8158528e+01
   1.1490000e+02   2.4950920e+01  -4.8385276e+00
   1.1500000e+02  -4.0490798e+00  -1.6785276e+00
   1.1510000e+02  -7.0490798e+00   3.1441472e+01
   1.1520000e+02   1.7995092e+02  -3.2038528e+01
   1.1530000e+02   3.1795092e+02  -9.6558528e+01
   1.1540000e+02   5.0950920e+01  -2.0878528e+01
   1.1550000e+02   3.9950920e+01   1.3456147e+02
   1.1560000e+02   7.9950920e+01  -3.8038528e+01
   1.1570000e+02   1.9950920e+01   3.4361472e+01
   1.1580000e+02   4.8950920e+01  -5.0798528e+01
   1.1590000e+02   1.0095092e+02  -5.9878528e+01
   1.1600000e+02   2.8395092e+02   2.3801472e+01
   1.1610000e+02   1.6395092e+02  -4.1398528e+01
   1.1620000e+02   6.4950920e+01  -1.0438528e+01
   1.1630000e+02   1.3695092e+02  -5.1318528e+01
   1.1640000e+02   9.1950920e+01  -3.4518528e+01
   1.1650000e+02   1.2595092e+02   1.7121472e+01
   1.1660000e+02  -3.0049080e+01   4.7361472e+01
   1.1670000e+02   1.6295092e+02  -3.4358528e+01
   1.1680000e+02   3.1495092e+02  -3.7438528e+01
   1.1690000e+02   1.9495092e+02   4.2361472e+01
   1.1700000e+02   1.5695092e+02  -4.6118528e+01
   1.1710000e+02   1.0095092e+02  -5.3878528e+01
   1.1720000e+02   5.1595092e+02  -1.1947853e+02
   1.1730000e+02   2.1395092e+02   1.6601472e+01
   1.1740000e+02   2.7995092e+02  -7.7038528e+01
   1.1750000e+02   1.6595092e+02   4.5214724e+00
   1.1760000e+02   3.9509202e+00   4.2001472e+01
   1.1770000e+02   1.4495092e+02  -8.1638528e+01
   1.1780000e+02   1.8395092e+02  -2.4198528e+01
   1.1790000e+02   7.9950920e+01  -3.9038528e+01
   1.1800000e+02   1.9950920e+01  -6.2638528e+01
   1.1810000e+02  -6.0490798e+00  -3.7598528e+01
   1.1820000e+02   8.4950920e+01   2.9761472e+01
   1.1830000e+02  -1.8049080e+01  -5.5118528e+01
   1.1840000e+02   1.1395092e+02   7.3601472e+01
   1.1850000e+02   1.4495092e+02   1.5361472e+01
   1.1860000e+02   1.2695092e+02   3.0814724e+00
   1.1870000e+02   6.6950920e+01  -4.9518528e+01
   1.1880000e+02   1.6495092e+02  -8.9438528e+01
   1.1890000e+02   3.4795092e+02  -6.9758528e+01
   1.1900000e+02   1.6295092e+02  -2.4358528e+01
   1.1910000e+02   3.1695092e+02  -6.2518528e+01
   1.1920000e+02   1.2195092e+02  -2.2718528e+01
   1.1930000e+02   3.5295092e+02   7.1041472e+01
   1.1940000e+02   3.8950920e+01  -7.6398528e+01
   1.1950000e+02   2.1395092e+02   1.3601472e+01
   1.1960000e+02   1.3895092e+02  -2.3398528e+01
   1.1970000e+02   1.0895092e+02   5.2801472e+01
   1.1980000e+02   4.1295092e+02   5.6414724e+00
   1.1990000e+02   1.4995092e+02  -2.2838528e+01
   1.2000000e+02   2.8295092e+02  -5.5158528e+01
   1.2010000e+02   1.6495092e+02  -3.7438528e+01
   1.2020000e+02   1.7595092e+02   2.9121472e+01
   1.2030000e+02   2.9095092e+02  -6.7478528e+01
   1.2040000e+02   2.0495092e+02  -3.1038528e+01
   1.2050000e+02   1.8695092e+02  -5.2318528e+01
   1.2060000e+02   1.7995092e+02  -4.2038528e+01
   1.2070000e+02   2.4195092e+02  -5.4518528e+01
   1.2080000e+02   1.4795092e+02  -5.1758528e+01
   1.2090000e+02   2.0195092e+02   2.4081472e+01
   1.2100000e+02   9.8950920e+01   7.2201472e+01
   1.2110000e+02   2.7995092e+02   4.9961472e+01
   1.2120000e+02  -1.3049080e+01  -4.8318528e+01
   1.2130000e+02   1.0195092e+02  -6.1918528e+01
   1.2140000e+02   7.8950920e+01  -2.0998528e+01
   1.2150000e+02   1.7495092e+02  -2.6838528e+01
   1.2160000e+02   2.7695092e+02  -1.1918528e+01
   1.2170000e+02   9.1950920e+01  -1.0551853e+02
   1.2180000e+02   2.1395092e+02  -4.2398528e+01
   1.2190000e+02   3.2195092e+02   1.2814724e+00
   1.2200000e+02   2.7595092e+02   1.3121472e+01
   1.2210000e+02   1.4995092e+02  -2.3838528e+01
   1.2220000e+02   1.9695092e+02  -7.6718528e+01
   1.2230000e+02   2.6995092e+02  -6.8638528e+01
   1.2240000e+02   2.4095092e+02  -3.2478528e+01
   1.2250000e+02   7.7950920e+01  -5.8958528e+01
   1.2260000e+02   2.8695092e+02  -6.5318528e+01
   1.2270000e+02   2.2095092e+02  -2.9678528e+01
   1.2280000e+02   1.5995092e+02  -7.2238528e+01
   1.2290000e+02   2.0495092e+02  -2.0385276e+00
   1.2300000e+02   2.0295092e+02  -2.5958528e+01
   1.2310000e+02   2.7495092e+02  -1.9838528e+01
   1.2320000e+02   3.8095092e+02   4.1921472e+01
   1.2330000e+02   1.5495092e+02  -1.0603853e+02
   1.2340000e+02   2.4595092e+02  -5.0678528e+01
   1.2350000e+02   3.2395092e+02  -1.2279853e+02
   1.2360000e+02   3.8950920e+01   1.6601472e+01
   1.2370000e+02   3.0950920e+01   9.2147239e-01
   1.2380000e+02   2.2595092e+02  -6.8785276e+00
   1.2390000e+02   2.5395092e+02  -3.6998528e+01
   1.2400000e+02   2.9895092e+02  -7.9852761e-01
   1.2410000e+02   1.2295092e+02   6.8241472e+01
   1.2420000e+02   2.9295092e+02  -3.3558528e+01
   1.2430000e+02   2.7295092e+02   2.3241472e+01
   1.2440000e+02   1.0995092e+02   2.8761472e+01
   1.2450000e+02   3.0895092e+02  -4.5198528e+01
   1.2460000e+02   2.6695092e+02   3.6481472e+01
   1.2470000e+02   3.3895092e+02   2.6601472e+01
   1.2480000e+02   2.5795092e+02  -1.0158528e+01
   1.2490000e+02   2.8695092e+02  -4.4318528e+01
   1.2500000e+02   1.7295092e+02   7.8241472e+01
   1.2510000e+02   3.8395092e+02   3.6801472e+01
   1.2520000e+02   1.6295092e+02  -5.6358528e+01
   1.2530000e+02   1.3095092e+02  -2.0785276e+00
   1.2540000e+02   1.6795092e+02   2.3441472e+01
   1.2550000e+02   2.1395092e+02  -7.3398528e+01
   1.2560000e+02   1.1095092e+02  -3.4278528e+01
   1.2570000e+02   2.7095092e+02   9.3214724e+00
   1.2580000e+02   2.4995092e+02  -1.0838528e+01
   1.2590000e+02   3.3095092e+02  -7.1078528e+01
   1.2600000e+02   1.7495092e+02   1.0316147e+02
   1.2610000e+02   4.8895092e+02  -6.2398528e+01
   1.2620000e+02   1.2195092e+02  -7.7718528e+01
   1.2630000e+02   4.1950920e+01   3.3481472e+01
   1.2640000e+02   1.1795092e+02  -4.1558528e+01
   1.2650000e+02   8.3950920e+01  -8.4198528e+01
   1.2660000e+02   2.4995092e+02   1.0161472e+01
   1.2670000e+02   1.7795092e+02  -5.7958528e+01
   1.2680000e+02   2.8795092e+02  -7.3585276e+00
   1.2690000e+02   1.3695092e+02  -1.5318528e+01
   1.2700000e+02   1.6895092e+02  -6.0598528e+01
   1.2710000e+02   2.5795092e+02   1.9841472e+01
   1.2720000e+02   1.8195092e+02  -2.0118528e+01
   1.2730000e+02   2.5095092e+02  -5.2878528e+01
   1.2740000e+02   3.1695092e+02  -2.9518528e+01
   1.2750000e+02   2.3195092e+02  -4.8118528e+01
   1.2760000e+02   1.4995092e+02  -7.1838528e+01
   1.2770000e+02   5.0950920e+01  -2.9878528e+01
   1.2780000e+02   2.5195092e+02   6.1081472e+01
   1.2790000e+02   3.3995092e+02  -1.8438528e+01
   1.2800000e+02   2.0095092e+02  -2.6878528e+01
   1.2810000e+02   8.2950920e+01   4.1841472e+01
   1.2820000e+02   1.6795092e+02  -4.2558528e+01
   1.2830000e+02   3.8095092e+02  -1.6078528e+01
   1.2840000e+02   1.3195092e+02  -2.5118528e+01
   1.2850000e+02   2.0295092e+02  -9.9585276e+00
   1.2860000e+02   5.0995092e+02   3.8761472e+01
   1.2870000e+02   1.5895092e+02  -1.5198528e+01
   1.2880000e+02   1.0995092e+02  -2.3238528e+01
   1.2890000e+02   1.8595092e+02  -6.3278528e+01
   1.2900000e+02   1.6095092e+02  -6.2785276e+00
   1.2910000e+02   1.1295092e+02   2.8641472e+01
   1.2920000e+02   1.3695092e+02  -1.9318528e+01
   1.2930000e+02   2.4995092e+02   1.1161472e+01
   1.2940000e+02   4.0195092e+02  -1.9918528e+01
   1.2950000e+02   5.6695092e+02  -4.0518528e+01
   1.2960000e+02   8.8950920e+01  -5.3398528e+01
   1.2970000e+02   3.3695092e+02  -1.2031853e+02
   1.2980000e+02   2.7695092e+02  -5.9185276e+00
   1.2990000e+02   4.6695092e+02  -7.1518528e+01
   1.3000000e+02   1.8295092e+02  -7.8158528e+01
   1.3010000e+02   2.5195092e+02  -1.9918528e+01
   1.3020000e+02   3.0595092e+02  -3.6078528e+01
   1.3030000e+02   3.0995092e+02  -3.0238528e+01
   1.3040000e+02   1.3895092e+02   1.6014724e+00
   1.3050000e+02   2.4195092e+02  -5.4518528e+01
   1.3060000e+02   2.6595092e+02   2.5214724e+00
   1.3070000e+02   4.1795092e+02  -6.0558528e+01
   1.3080000e+02   1.8195092e+02  -3.1185276e+00
   1.3090000e+02   1.9695092e+02   8.2814724e+00
   1.3100000e+02   2.7495092e+02  -5.3838528e+01
   1.3110000e+02   1.1695092e+02  -1.3518528e+01
   1.3120000e+02   9.8950920e+01  -7.0798528e+01
   1.3130000e+02   2.4950920e+01  -2.5838528e+01
   1.3140000e+02   2.6795092e+02  -5.6558528e+01
   1.3150000e+02   2.3495092e+02  -4.8238528e+01
   1.3160000e+02   1.3195092e+02   2.4881472e+01
   1.3170000e+02   2.1095092e+02  -4.8278528e+01
   1.3180000e+02   1.3195092e+02  -3.6118528e+01
   1.3190000e+02   3.6495092e+02  -1.8438528e+01
   1.3200000e+02   2.3895092e+02  -2.4398528e+01
   1.3210000e+02   2.8595092e+02   3.4721472e+01
   1.3220000e+02   3.8595092e+02  -5.4278528e+01
   1.3230000e+02   3.4395092e+02  -1.5985276e+00
   1.3240000e+02   1.1395092e+02   3.6014724e+00
   1.3250000e+02   2.2895092e+02  -3.8998528e+01
   1.3260000e+02   4.1195092e+02  -6.4318528e+01
   1.3270000e+02   2.1995092e+02  -3.1638528e+01
   1.3280000e+02   1.7895092e+02  -1.0998528e+01
   1.3290000e+02   3.6695092e+02  -7.9518528e+01
   1.3300000e+02   1.3595092e+02  -2.1278528e+01
   1.3310000e+02   6.7950920e+01   3.5441472e+01
   1.3320000e+02   2.4795092e+02  -6.2758528e+01
   1.3330000e+02   2.2095092e+02   2.3214724e+00
   1.3340000e+02   2.1095092e+02  -6.3278528e+01
   1.3350000e+02   2.6495092e+02  -2.1438528e+01
   1.3360000e+02   2.7395092e+02  -2.9798528e+01
   1.3370000e+02   1.9495092e+02  -2.2638528e+01
   1.3380000e+02   1.1695092e+02   3.9481472e+01
   1.3390000e+02   1.0695092e+02   8.8147239e-01
   1.3400000e+02   3.4595092e+02  -8.3678528e+01
   1.3410000e+02   7.5950920e+01   3.1214724e+00
   1.3420000e+02   2.7295092e+02  -5.1758528e+01
   1.3430000e+02   3.4095092e+02  -3.6478528e+01
   1.3440000e+02   4.4195092e+02  -8.0518528e+01
   1.3450000e+02   2.0995092e+02   6.1761472e+01
   1.3460000e+02   2.2795092e+02  -6.2958528e+01
   1.3470000e+02   5.9950920e+01  -2.9238528e+01
   1.3480000e+02   1.9495092e+02   3.9361472e+01
   1.3490000e+02   1.6895092e+02   4.4014724e+00
   1.3500000e+02   3.3395092e+02   2.0801472e+01
   1.3510000e+02   1.1695092e+02  -4.9518528e+01
   1.3520000e+02   1.4795092e+02  -5.8758528e+01
   1.3530000e+02   5.1950920e+01  -1.3918528e+01
   1.3540000e+02   2.4695092e+02  -3.3718528e+01
   1.3550000e+02   2.6795092e+02  -2.2558528e+01
   1.3560000e+02   2.4950920e+01  -2.1838528e+01
   1.3570000e+02   2.4195092e+02   3.5481472e+01
   1.3580000e+02   8.1950920e+01  -8.7118528e+01
   1.3590000e+02   3.6295092e+02  -1.8358528e+01
   1.3600000e+02   3.1595092e+02  -8.4785276e+00
   1.3610000e+02   3.6095092e+02  -7.4278528e+01
   1.3620000e+02   2.0595092e+02   5.0921472e+01
   1.3630000e+02   1.0395092e+02  -5.2998528e+01
   1.3640000e+02   3.0895092e+02  -5.0198528e+01
   1.3650000e+02   3.4095092e+02  -1.1347853e+02
   1.3660000e+02   1.2495092e+02  -4.4838528e+01
   1.3670000e+02   3.7295092e+02  -1.5758528e+01
   1.3680000e+02   2.2595092e+02  -4.2878528e+01
   1.3690000e+02   1.9395092e+02   3.7401472e+01
   1.3700000e+02   3.2495092e+02   2.9161472e+01
   1.3710000e+02   8.6950920e+01  -3.0318528e+01
   1.3720000e+02   5.0395092e+02  -1.4599853e+02
   1.3730000e+02   1.9095092e+02  -5.2478528e+01
   1.3740000e+02   3.3595092e+02  -1.0278528e+01
   1.3750000e+02   5.6995092e+02  -4.8638528e+01
   1.3760000e+02   5.8095092e+02  -9.9078528e+01
   1.3770000e+02   3.7595092e+02  -2.0878528e+01
   1.3780000e+02   2.0995092e+02  -4.6238528e+01
   1.3790000e+02   2.0395092e+02  -1.7998528e+01
   1.3800000e+02   3.6795092e+02  -6.5585276e+00
   1.3810000e+02   2.9195092e+02   1.4481472e+01
   1.3820000e+02   4.0995092e+02  -3.1238528e+01
   1.3830000e+02   2.7595092e+02  -7.5878528e+01
   1.3840000e+02   2.6395092e+02  -3.0398528e+01
   1.3850000e+02   3.8695092e+02   5.6814724e+00
   1.3860000e+02   4.6895092e+02   1.2240147e+02
   1.3870000e+02   1.6095092e+02   2.6721472e+01
   1.3880000e+02   2.1795092e+02   3.0441472e+01
   1.3890000e+02   2.0195092e+02  -5.5918528e+01
   1.3900000e+02   1.9195092e+02  -4.6518528e+01
   1.3910000e+02   1.8595092e+02   2.4721472e+01
   1.3920000e+02   1.5695092e+02   1.3788147e+02
   1.3930000e+02   2.1395092e+02   5.0601472e+01
   1.3940000e+02   4.0895092e+02   4.6801472e+01
   1.3950000e+02   4.3495092e+02  -5.3238528e+01
   1.3960000e+02   1.3795092e+02   7.6414724e+00
   1.3970000e+02   2.5195092e+02  -1.6918528e+01
   1.3980000e+02   2.1895092e+02  -7.5985276e+00
   1.3990000e+02   7.8950920e+01  -7.4998528e+01
   1.4000000e+02   2.9895092e+02  -5.7798528e+01
   1.4010000e+02   3.4095092e+02   6.2521472e+01
   1.4020000e+02   2.6195092e+02  -4.6318528e+01
   1.4030000e+02   2.7495092e+02   6.1614724e+00
   1.4040000e+02   1.5095092e+02  -7.0878528e+01
   1.4050000e+02   2.9095092e+02   6.5521472e+01
   1.4060000e+02   5.4295092e+02   2.4414724e+00
   1.4070000e+02   2.5195092e+02  -2.9918528e+01
   1.4080000e+02   1.8495092e+02  -5.1238528e+01
   1.4090000e+02   3.1695092e+02   3.0481472e+01
   1.4100000e+02   1.4895092e+02  -3.9798528e+01
   1.4110000e+02   1.8695092e+02  -6.2318528e+01
   1.4120000e+02   1.3895092e+02   1.2460147e+02
   1.4130000e+02   4.2995092e+02  -2.4038528e+01
   1.4140000e+02   4.0195092e+02  -1.9918528e+01
   1.4150000e+02   1.0595092e+02  -1.9078528e+01
   1.4160000e+02   2.9995092e+02  -9.9838528e+01
   1.4170000e+02   4.2595092e+02   3.6121472e+01
   1.4180000e+02   3.9795092e+02  -5.6758528e+01
   1.4190000e+02   1.9295092e+02  -5.4558528e+01
   1.4200000e+02   2.8695092e+02  -9.3185276e+00
   1.4210000e+02   2.0595092e+02  -4.8078528e+01
   1.4220000e+02   1.5795092e+02   6.6841472e+01
   1.4230000e+02   2.6795092e+02   5.0441472e+01
   1.4240000e+02   4.7795092e+02  -1.0395853e+02
   1.4250000e+02   4.2295092e+02  -3.7585276e+00
   1.4260000e+02   3.3895092e+02   8.6014724e+00
   1.4270000e+02   1.0950920e+01  -4.2785276e+00
   1.4280000e+02   3.5195092e+02   5.0081472e+01
   1.4290000e+02   8.6950920e+01   6.8147239e-01
   1.4300000e+02   2.9695092e+02  -5.4718528e+01
   1.4310000e+02   1.6495092e+02   9.5614724e+00
   1.4320000e+02   2.6595092e+02   5.5521472e+01
   1.4330000e+02   1.2495092e+02   8.1614724e+00
   1.4340000e+02   1.2795092e+02  -5.8958528e+01
   1.4350000e+02   1.4995092e+02  -4.1838528e+01
   1.4360000e+02   5.3395092e+02  -4.3198528e+01
   1.4370000e+02   2.3295092e+02   7.3841472e+01
   1.4380000e+02   1.6395092e+02   1.7601472e+01
   1.4390000e+02   9.3950920e+01   3.3401472e+01
   1.4400000e+02   2.4095092e+02  -2.0478528e+01
   1.4410000e+02   1.6795092e+02   9.4414724e+00
   1.4420000e+02   1.2995092e+02   5.5961472e+01
   1.4430000e+02   1.4995092e+02  -3.8385276e+00
   1.4440000e+02   2.3895092e+02  -8.2398528e+01
   1.4450000e+02   1.3895092e+02  -5.4398528e+01
   1.4460000e+02   1.9395092e+02   6.0401472e+01
   1.4470000e+02   9.9950920e+01  -6.8385276e+00
   1.4480000e+02   2.7895092e+02   4.5001472e+01
   1.4490000e+02   2.8495092e+02  -8.6238528e+01
   1.4500000e+02   2.8695092e+02   6.8147239e-01
   1.4510000e+02   5.3595092e+02  -6.2785276e+00
   1.4520000e+02   1.6295092e+02   2.3641472e+01
   1.4530000e+02   1.1995092e+02   2.8361472e+01
   1.4540000e+02   2.2595092e+02  -2.9878528e+01
   1.4550000e+02   3.2895092e+02  -7.1998528e+01
   1.4560000e+02   2.1395092e+02   1.6014724e+00
   1.4570000e+02   4.4950920e+01   3.3614724e+00
   1.4580000e+02   2.1295092e+02   5.2641472e+01
   1.4590000e+02   1.6195092e+02  -2.0318528e+01
   1.4600000e+02   2.8995092e+02  -1.8438528e+01
   1.4610000e+02   3.3795092e+02  -3.6358528e+01
   1.4620000e+02   3.4595092e+02   1.0321472e+01
   1.4630000e+02   3.8795092e+02  -2.2358528e+01
   1.4640000e+02   1.6095092e+02  -4.2278528e+01
   1.4650000e+02   2.8195092e+02   2.4881472e+01
   1.4660000e+02   9.8950920e+01   3.7201472e+01
   1.4670000e+02   2.0295092e+02  -1.8958528e+01
   1.4680000e+02   3.4095092e+02  -1.3847853e+02
   1.4690000e+02   3.2295092e+02   3.4241472e+01
   1.4700000e+02   2.7295092e+02  -5.6758528e+01
   1.4710000e+02   3.2895092e+02  -1.9985276e+00
   1.4720000e+02   2.2895092e+02  -6.0998528e+01
   1.4730000e+02   3.1295092e+02   5.6641472e+01
   1.4740000e+02   2.2195092e+02   1.0928147e+02
   1.4750000e+02   3.5695092e+02  -1.1185276e+00
   1.4760000e+02   2.1695092e+02  -2.5185276e+00
   1.4770000e+02   1.5195092e+02  -1.5918528e+01
   1.4780000e+02   9.2950920e+01  -5.4558528e+01
   1.4790000e+02   2.4295092e+02   4.4441472e+01
   1.4800000e+02   9.0950920e+01  -6.9478528e+01
   1.4810000e+02   2.4295092e+02  -1.9558528e+01
   1.4820000e+02   2.5295092e+02  -3.9585276e+00
   1.4830000e+02   7.1950920e+01  -9.2718528e+01
   1.4840000e+02  -4.9049080e+01  -7.4878528e+01
   1.4850000e+02  -9.0049080e+01   4.4761472e+01
   1.4860000e+02  -1.4404908e+02   5.9214724e+00
   1.4870000e+02   1.9509202e+00  -5.9185276e+00
   1.4880000e+02  -1.2604908e+02   3.2014724e+00
   1.4890000e+02   2.2795092e+02  -4.9958528e+01
   1.4900000e+02   7.3950920e+01  -6.0798528e+01
   1.4910000e+02   3.0495092e+02  -4.7038528e+01
   1.4920000e+02   1.7595092e+02  -5.8785276e+00
   1.4930000e+02   2.6595092e+02   6.8521472e+01
   1.4940000e+02   1.6995092e+02  -1.0638528e+01
   1.4950000e+02   3.5395092e+02  -1.6998528e+01
   1.4960000e+02   3.1195092e+02   3.5681472e+01
   1.4970000e+02   2.4795092e+02   1.9241472e+01
   1.4980000e+02   5.4950920e+01  -3.0385276e+00
   1.4990000e+02   3.0495092e+02  -2.5038528e+01
   1.5000000e+02   3.4095092e+02   5.1521472e+01
   1.5010000e+02   1.6695092e+02   6.4814724e+00
   1.5020000e+02   1.9895092e+02  -3.1798528e+01
   1.5030000e+02   1.6795092e+02  -5.5585276e+00
   1.5040000e+02   9.4950920e+01  -2.7638528e+01
   1.5050000e+02   1.9495092e+02  -4.9638528e+01
   1.5060000e+02   1.2195092e+02   2.9281472e+01
   1.5070000e+02   2.8495092e+02   3.2761472e+01
   1.5080000e+02   7.0950920e+01  -4.5678528e+01
   1.5090000e+02   1.6995092e+02   1.1361472e+01
   1.5100000e+02   1.1095092e+02   1.1672147e+02
   1.5110000e+02   2.4595092e+02  -3.1678528e+01
   1.5120000e+02   3.1895092e+02  -6.5985276e+00
   1.5130000e+02   3.2950920e+01   5.2841472e+01
   1.5140000e+02   9.2950920e+01  -1.8558528e+01
   1.5150000e+02   1.6495092e+02   4.6561472e+01
   1.5160000e+02   2.7195092e+02  -6.9718528e+01
   1.5170000e+02   9.6950920e+01  -2.0718528e+01
   1.5180000e+02   5.2950920e+01   5.4041472e+01
   1.5190000e+02   2.2795092e+02  -5.7958528e+01
   1.5200000e+02   2.3895092e+02   3.2601472e+01
   1.5210000e+02   3.0195092e+02   7.2081472e+01
   1.5220000e+02   5.7950920e+01   1.8841472e+01
   1.5230000e+02   1.4595092e+02   3.4321472e+01
   1.5240000e+02   1.6595092e+02  -1.5478528e+01
   1.5250000e+02   6.8950920e+01   1.3401472e+01
   1.5260000e+02   9.2950920e+01  -4.7558528e+01
   1.5270000e+02   2.3495092e+02   1.0076147e+02
   1.5280000e+02   1.6950920e+01   8.7481472e+01
   1.5290000e+02   3.9295092e+02   4.0441472e+01
   1.5300000e+02   1.4195092e+02  -3.1518528e+01
   1.5310000e+02   4.4395092e+02   7.0401472e+01
   1.5320000e+02   2.0695092e+02  -4.9118528e+01
   1.5330000e+02   1.6195092e+02  -7.9318528e+01
   1.5340000e+02   1.5395092e+02   2.4001472e+01
   1.5350000e+02   3.0995092e+02  -3.1238528e+01
   1.5360000e+02   8.2950920e+01  -5.3158528e+01
   1.5370000e+02   7.9950920e+01   3.1961472e+01
   1.5380000e+02   1.4895092e+02  -7.7985276e+00
   1.5390000e+02   2.9195092e+02  -1.9518528e+01
   1.5400000e+02   2.7295092e+02  -5.1758528e+01
   1.5410000e+02   1.5695092e+02   4.0881472e+01
   1.5420000e+02   2.6995092e+02  -1.7638528e+01
   1.5430000e+02   2.3895092e+02   6.0147239e-01
   1.5440000e+02   1.7095092e+02  -1.2678528e+01
   1.5450000e+02   1.1995092e+02  -6.3638528e+01
   1.5460000e+02   1.9695092e+02  -4.6718528e+01
   1.5470000e+02   1.3695092e+02  -2.6318528e+01
   1.5480000e+02   3.9095092e+02   1.2552147e+02
   1.5490000e+02   2.2395092e+02  -1.0798528e+01
   1.5500000e+02   2.8695092e+02   1.3681472e+01
   1.5510000e+02   2.7095092e+02  -2.8678528e+01
   1.5520000e+02   1.7795092e+02  -3.1958528e+01
   1.5530000e+02   1.3395092e+02   5.1801472e+01
   1.5540000e+02   1.7495092e+02  -4.8838528e+01
   1.5550000e+02   8.9950920e+01  -3.5438528e+01
   1.5560000e+02   8.4950920e+01   2.6761472e+01
   1.5570000e+02   7.0950920e+01  -1.5678528e+01
   1.5580000e+02   3.9395092e+02  -4.5598528e+01
   1.5590000e+02   1.7395092e+02  -7.6798528e+01
   1.5600000e+02  -4.2049080e+01  -3.9158528e+01
   1.5610000e+02   1.2695092e+02  -2.8918528e+01
   1.5620000e+02   1.2695092e+02  -2.1918528e+01
   1.5630000e+02   4.5950920e+01   5.8321472e+01
   1.5640000e+02   1.8950920e+01   3.4014724e+00
   1.5650000e+02   2.5995092e+02  -1.7238528e+01
   1.5660000e+02   1.8595092e+02   2.4721472e+01
   1.5670000e+02   7.3950920e+01   8.6201472e+01
   1.5680000e+02   2.9395092e+02  -3.6598528e+01
   1.5690000e+02   1.1895092e+02  -6.2598528e+01
   1.5700000e+02  -4.6049080e+01  -1.1998528e+01
   1.5710000e+02   1.8595092e+02  -1.1427853e+02
   1.5720000e+02   1.5295092e+02   3.6041472e+01
   1.5730000e+02   2.2395092e+02   2.1201472e+01
   1.5740000e+02   4.2950920e+01   6.8441472e+01
   1.5750000e+02   2.4295092e+02   4.0441472e+01
   1.5760000e+02   7.4950920e+01  -2.0838528e+01
   1.5770000e+02   2.0295092e+02  -7.4958528e+01
   1.5780000e+02   2.1395092e+02  -5.2398528e+01
   1.5790000e+02   6.9950920e+01  -1.7638528e+01
   1.5800000e+02   1.5595092e+02   1.9921472e+01
   1.5810000e+02   2.8395092e+02  -5.7198528e+01
   1.5820000e+02   9.9509202e+00  -9.3238528e+01
   1.5830000e+02  -3.5049080e+01  -3.7438528e+01
   1.5840000e+02   1.8950920e+01  -2.5598528e+01
   1.5850000e+02   8.2950920e+01  -3.9158528e+01
   1.5860000e+02   2.3895092e+02  -7.2398528e+01
   1.5870000e+02   1.9595092e+02  -2.9678528e+01
   1.5880000e+02   1.5295092e+02  -2.6958528e+01
   1.5890000e+02   1.1195092e+02  -2.3318528e+01
   1.5900000e+02   2.2895092e+02  -2.0998528e+01
   1.5910000e+02   5.0795092e+02   1.4841472e+01
   1.5920000e+02   4.8595092e+02  -8.4278528e+01
   1.5930000e+02   1.7495092e+02  -1.3838528e+01
   1.5940000e+02   2.5195092e+02  -3.0918528e+01
   1.5950000e+02   2.4795092e+02   2.8241472e+01
   1.5960000e+02   1.9295092e+02   3.8441472e+01
   1.5970000e+02   3.0995092e+02  -2.7238528e+01
   1.5980000e+02   9.5950920e+01   4.3214724e+00
   1.5990000e+02   2.5995092e+02  -1.2385276e+00
   1.6000000e+02   7.4950920e+01  -3.9838528e+01
   1.6010000e+02   2.9295092e+02  -2.5585276e+00
   1.6020000e+02   3.7595092e+02  -5.8878528e+01
   1.6030000e+02   1.7595092e+02   2.5121472e+01
   1.6040000e+02   2.9795092e+02  -4.0758528e+01
   1.6050000e+02   1.3695092e+02  -3.2318528e+01
   1.6060000e+02   2.7895092e+02   9.0014724e+00
   1.6070000e+02   2.6595092e+02  -7.6478528e+01
   1.6080000e+02   2.0695092e+02  -1.1185276e+00
   1.6090000e+02   6.8950920e+01  -2.5985276e+00
   1.6100000e+02   1.4595092e+02   9.2321472e+01
   1.6110000e+02   2.1995092e+02  -5.4638528e+01
   1.6120000e+02   2.0495092e+02  -4.8038528e+01
   1.6130000e+02   2.1095092e+02  -1.0927853e+02
   1.6140000e+02   2.4095092e+02  -1.1478528e+01
   1.6150000e+02   6.1950920e+01   1.5268147e+02
   1.6160000e+02   6.8950920e+01  -9.5985276e+00
   1.6170000e+02   1.0795092e+02  -9.1158528e+01
   1.6180000e+02   3.7595092e+02   2.3121472e+01
   1.6190000e+02   1.3995092e+02  -3.5438528e+01
   1.6200000e+02   2.8395092e+02   8.8014724e+00
   1.6210000e+02   1.8595092e+02   2.0721472e+01
   1.6220000e+02   1.8295092e+02  -2.1585276e+00
   1.6230000e+02   1.3395092e+02   2.6801472e+01
   1.6240000e+02   2.8995092e+02  -2.4438528e+01
   1.6250000e+02   2.0895092e+02  -6.8198528e+01
   1.6260000e+02   1.3895092e+02  -3.2398528e+01
   1.6270000e+02   1.9095092e+02   1.8521472e+01
   1.6280000e+02   2.1595092e+02   4.4521472e+01
   1.6290000e+02   2.0195092e+02   1.3708147e+02
   1.6300000e+02   2.2595092e+02  -1.2878528e+01
   1.6310000e+02   2.7895092e+02  -5.9998528e+01
   1.6320000e+02   2.0795092e+02  -2.8158528e+01
   1.6330000e+02   3.8795092e+02   6.6414724e+00
   1.6340000e+02   5.4295092e+02  -1.7558528e+01
   1.6350000e+02   8.0950920e+01  -5.5078528e+01
   1.6360000e+02   2.6095092e+02  -5.2278528e+01
   1.6370000e+02   2.1495092e+02   3.6561472e+01
   1.6380000e+02   1.4895092e+02   4.2014724e+00
   1.6390000e+02   2.3195092e+02   2.0881472e+01
   1.6400000e+02   1.1695092e+02  -1.4518528e+01
   1.6410000e+02   3.0595092e+02  -5.3078528e+01
   1.6420000e+02   6.5950920e+01  -1.1447853e+02
   1.6430000e+02   2.7095092e+02   3.2147239e-01
   1.6440000e+02   2.1795092e+02   1.6441472e+01
   1.6450000e+02   2.4495092e+02   9.5361472e+01
   1.6460000e+02   2.0595092e+02   7.5921472e+01
   1.6470000e+02   2.6395092e+02  -4.7398528e+01
   1.6480000e+02   2.5495092e+02  -8.1038528e+01
   1.6490000e+02   3.2950920e+01  -4.7158528e+01
   1.6500000e+02   9.5950920e+01   4.9321472e+01
   1.6510000e+02   1.4195092e+02  -4.5518528e+01
   1.6520000e+02   2.2295092e+02  -1.5758528e+01
   1.6530000e+02   9.9950920e+01  -7.7838528e+01
   1.6540000e+02  -3.0049080e+01  -6.4638528e+01
   1.6550000e+02   1.7395092e+02  -3.7798528e+01
   1.6560000e+02   2.2895092e+02   1.2900147e+02
   1.6570000e+02   2.6895092e+02   2.5401472e+01
   1.6580000e+02   3.4095092e+02   2.6521472e+01
   1.6590000e+02   2.4195092e+02  -6.3518528e+01
   1.6600000e+02   2.1695092e+02   1.5481472e+01
   1.6610000e+02   1.3695092e+02   9.7681472e+01
   1.6620000e+02   4.0950920e+01   2.9521472e+01
   1.6630000e+02   2.9095092e+02   3.6521472e+01
   1.6640000e+02   1.4695092e+02   2.2814724e+00
   1.6650000e+02   2.8495092e+02   7.6147239e-01
   1.6660000e+02   2.9495092e+02   1.1336147e+02
   1.6670000e+02   2.4095092e+02   8.8521472e+01
   1.6680000e+02   2.9595092e+02  -6.6785276e+00
   1.6690000e+02   1.8950920e+01  -6.6598528e+01
   1.6700000e+02   3.0695092e+02  -1.1185276e+00
   1.6710000e+02   1.9895092e+02   7.2014724e+00
   1.6720000e+02   1.9495092e+02  -7.4638528e+01
   1.6730000e+02   1.5795092e+02  -2.4158528e+01
   1.6740000e+02   2.5095092e+02   2.4121472e+01
   1.6750000e+02   1.3995092e+02  -2.3438528e+01
   1.6760000e+02  -6.2049080e+01  -6.4358528e+01
   1.6770000e+02   3.2195092e+02  -4.3718528e+01
   1.6780000e+02  -8.0049080e+01   2.2361472e+01
   1.6790000e+02   8.9509202e+00  -1.3198528e+01
   1.6800000e+02   1.3595092e+02   1.1721472e+01
   1.6810000e+02   1.3195092e+02  -2.3118528e+01
   1.6820000e+02   2.6195092e+02  -2.7318528e+01
   1.6830000e+02   1.6595092e+02  -2.9478528e+01
   1.6840000e+02   2.4695092e+02  -5.4718528e+01
   1.6850000e+02   4.0095092e+02  -2.3878528e+01
   1.6860000e+02  -1.6049080e+01   3.2801472e+01
   1.6870000e+02   2.6195092e+02  -5.0318528e+01
   1.6880000e+02   2.5695092e+02  -2.5118528e+01
   1.6890000e+02   2.4595092e+02  -2.2678528e+01
   1.6900000e+02   9.4950920e+01   2.3361472e+01
   1.6910000e+02   2.9795092e+02  -4.0758528e+01
   1.6920000e+02   1.2195092e+02  -5.4718528e+01
   1.6930000e+02   2.8895092e+02   9.6601472e+01
   1.6940000e+02   1.3295092e+02  -1.1585276e+00
   1.6950000e+02   5.4950920e+01  -4.6038528e+01
   1.6960000e+02   2.5995092e+02   7.6761472e+01
   1.6970000e+02   3.9195092e+02  -6.6518528e+01
   1.6980000e+02   2.9495092e+02  -2.6638528e+01
   1.6990000e+02   8.9950920e+01  -3.1438528e+01
   1.7000000e+02   4.3495092e+02  -4.1238528e+01
   1.7010000e+02   3.7895092e+02  -1.9998528e+01
   1.7020000e+02   2.3195092e+02   2.8814724e+00
   1.7030000e+02   2.3495092e+02   4.7614724e+00
   1.7040000e+02   1.3895092e+02   1.2601472e+01
   1.7050000e+02   2.6395092e+02   7.1601472e+01
   1.7060000e+02   2.0695092e+02  -3.2118528e+01
   1.7070000e+02   2.5195092e+02  -3.7918528e+01
   1.7080000e+02   4.4950920e+01   8.3614724e+00
   1.7090000e+02   1.5595092e+02  -1.7078528e+01
   1.7100000e+02   4.6195092e+02  -3.5318528e+01
   1.7110000e+02   2.9695092e+02   4.0281472e+01
   1.7120000e+02   3.5595092e+02   5.8921472e+01
   1.7130000e+02   2.0595092e+02  -9.3078528e+01
   1.7140000e+02   1.4595092e+02   4.3321472e+01
   1.7150000e+02   8.0950920e+01   4.9214724e+00
   1.7160000e+02   3.0395092e+02  -4.3998528e+01
   1.7170000e+02   2.0695092e+02  -1.4118528e+01
   1.7180000e+02   2.6895092e+02   3.0401472e+01
   1.7190000e+02   2.1595092e+02   7.6521472e+01
   1.7200000e+02   2.3795092e+02   9.5641472e+01
   1.7210000e+02   1.8095092e+02   2.0921472e+01
   1.7220000e+02   1.0395092e+02  -3.5998528e+01
   1.7230000e+02   1.3095092e+02   1.7921472e+01
   1.7240000e+02   1.2595092e+02  -2.8878528e+01
   1.7250000e+02   2.8095092e+02   5.9214724e+00
   1.7260000e+02   3.6795092e+02   7.1441472e+01
   1.7270000e+02   8.3950920e+01  -4.4198528e+01
   1.7280000e+02   1.5195092e+02   1.3508147e+02
   1.7290000e+02   2.0695092e+02   1.2881472e+01
   1.7300000e+02   1.8795092e+02  -3.3585276e+00
   1.7310000e+02   2.9895092e+02  -6.2798528e+01
   1.7320000e+02   2.2095092e+02   3.2147239e-01
   1.7330000e+02   1.9595092e+02   3.9321472e+01
   1.7340000e+02   2.8795092e+02   5.7641472e+01
   1.7350000e+02   3.4795092e+02  -9.7585276e+00
   1.7360000e+02   1.8195092e+02  -2.1118528e+01
   1.7370000e+02   3.1095092e+02  -5.5278528e+01
   1.7380000e+02   3.1095092e+02   6.4721472e+01
   1.7390000e+02   4.6195092e+02   4.5681472e+01
   1.7400000e+02   4.6195092e+02   6.8147239e-01
   1.7410000e+02   2.3295092e+02  -4.6158528e+01
   1.7420000e+02   7.3950920e+01   9.2014724e+00
   1.7430000e+02   1.3695092e+02   2.8681472e+01
   1.7440000e+02   2.1795092e+02  -4.6558528e+01
   1.7450000e+02   2.3695092e+02   5.3681472e+01
   1.7460000e+02   1.7795092e+02   2.5041472e+01
   1.7470000e+02   2.7795092e+02   1.4041472e+01
   1.7480000e+02   2.0295092e+02   7.6041472e+01
   1.7490000e+02   9.9950920e+01  -3.4838528e+01
   1.7500000e+02   1.0295092e+02  -2.0958528e+01
   1.7510000e+02   2.7395092e+02   2.8201472e+01
   1.7520000e+02   9.0950920e+01   2.2521472e+01
   1.7530000e+02   2.0595092e+02  -2.9078528e+01
   1.7540000e+02   2.5595092e+02   1.9921472e+01
   1.7550000e+02   1.8295092e+02   7.8841472e+01
   1.7560000e+02   3.1495092e+02  -5.0438528e+01
   1.7570000e+02   1.4095092e+02   4.1521472e+01
   1.7580000e+02   1.2195092e+02   5.9281472e+01
   1.7590000e+02   3.3895092e+02   6.7601472e+01
   1.7600000e+02   1.1195092e+02  -2.1318528e+01
   1.7610000e+02   1.6095092e+02   3.7214724e+00
   1.7620000e+02   1.7795092e+02  -9.5852761e-01
   1.7630000e+02   2.9595092e+02   1.3214724e+00
   1.7640000e+02   3.2095092e+02  -2.8678528e+01
   1.7650000e+02   3.6395092e+02  -5.4398528e+01
   1.7660000e+02   3.9195092e+02   3.6481472e+01
   1.7670000e+02   4.9995092e+02   8.1161472e+01
   1.7680000e+02   1.3695092e+02  -2.8318528e+01
   1.7690000e+02   1.2595092e+02   5.8121472e+01
   1.7700000e+02   3.1595092e+02   7.9521472e+01
   1.7710000e+02   2.6895092e+02  -3.3598528e+01
   1.7720000e+02   1.3395092e+02   1.0380147e+02
   1.7730000e+02   1.9595092e+02   3.8321472e+01
   1.7740000e+02   2.8195092e+02  -1.0118528e+01
   1.7750000e+02   2.8295092e+02   1.1284147e+02
   1.7760000e+02   4.3695092e+02   3.5681472e+01
   1.7770000e+02   8.3950920e+01   6.1801472e+01
   1.7780000e+02   4.3295092e+02   1.0841472e+01
   1.7790000e+02   2.1895092e+02   7.8401472e+01
   1.7800000e+02   4.6695092e+02  -6.5185276e+00
   1.7810000e+02   1.7195092e+02   6.7281472e+01
   1.7820000e+02   4.6895092e+02   4.7401472e+01
   1.7830000e+02   3.6195092e+02   6.8147239e-01
   1.7840000e+02   2.7195092e+02   5.2814724e+00
   1.7850000e+02   3.1295092e+02   6.6414724e+00
   1.7860000e+02   1.9995092e+02   9.0161472e+01
   1.7870000e+02   4.6295092e+02  -1.3585276e+00
   1.7880000e+02   3.0795092e+02   3.3841472e+01
   1.7890000e+02   2.4795092e+02  -7.2758528e+01
   1.7900000e+02   4.9695092e+02  -6.8718528e+01
   1.7910000e+02   2.8295092e+02  -4.7158528e+01
   1.7920000e+02   2.0595092e+02  -1.8078528e+01
   1.7930000e+02   3.6495092e+02  -1.4438528e+01
   1.7940000e+02   8.5950920e+01  -3.7278528e+01
   1.7950000e+02   8.5950920e+01  -2.7852761e-01
   1.7960000e+02   2.5995092e+02   7.6147239e-01
   1.7970000e+02   1.5395092e+02  -3.0998528e+01
   1.7980000e+02   1.6795092e+02  -3.4558528e+01
   1.7990000e+02   2.4995092e+02  -1.3838528e+01
   1.8000000e+02   2.6895092e+02   7.1401472e+01
   1.8010000e+02   2.0095092e+02  -7.4878528e+01
   1.8020000e+02   2.7495092e+02  -3.9838528e+01
   1.8030000e+02   5.4295092e+02  -3.0558528e+01
   1.8040000e+02   3.5695092e+02   9.8814724e+00
   1.8050000e+02   1.6095092e+02  -5.2278528e+01
   1.8060000e+02  -6.4049080e+01  -4.6278528e+01
   1.8070000e+02  -3.9049080e+01   2.0721472e+01
   1.8080000e+02   2.5995092e+02   1.7761472e+01
   1.8090000e+02   3.1795092e+02  -4.5558528e+01
   1.8100000e+02   3.2595092e+02  -3.2878528e+01
   1.8110000e+02   3.1095092e+02   2.8721472e+01
   1.8120000e+02   2.4295092e+02  -5.5558528e+01
   1.8130000e+02   1.6895092e+02  -1.5598528e+01
   1.8140000e+02   1.2695092e+02   2.1081472e+01
   1.8150000e+02   1.2095092e+02  -5.5678528e+01
   1.8160000e+02   2.4295092e+02   3.7441472e+01
   1.8170000e+02   2.0495092e+02   1.2961472e+01
   1.8180000e+02   4.1295092e+02   3.6641472e+01
   1.8190000e+02   9.8950920e+01   4.2014724e+00
   1.8200000e+02   4.0495092e+02  -5.0038528e+01
   1.8210000e+02   4.3795092e+02  -8.8358528e+01
   1.8220000e+02   8.9950920e+01   2.8561472e+01
   1.8230000e+02   2.7395092e+02  -1.3798528e+01
   1.8240000e+02   1.7895092e+02   1.8001472e+01
   1.8250000e+02   9.4950920e+01  -5.1638528e+01
   1.8260000e+02   3.4995092e+02  -4.6838528e+01
   1.8270000e+02   9.9509202e+00  -3.4238528e+01
   1.8280000e+02  -5.6049080e+01  -4.2598528e+01
   1.8290000e+02  -1.1204908e+02   1.0064147e+02
   1.8300000e+02  -3.0490798e+00  -2.2718528e+01
   1.8310000e+02  -4.3049080e+01   8.8814724e+00
   1.8320000e+02  -1.7204908e+02   4.4041472e+01
   1.8330000e+02  -2.5049080e+01  -3.6838528e+01
   1.8340000e+02  -1.1104908e+02   2.0601472e+01
   1.8350000e+02   7.4950920e+01  -5.8385276e+00
   1.8360000e+02   4.0950920e+01  -3.1478528e+01
   1.8370000e+02   1.7295092e+02   2.6241472e+01
   1.8380000e+02   2.6595092e+02   6.8521472e+01
   1.8390000e+02   2.5950920e+01  -3.2878528e+01
   1.8400000e+02   5.9950920e+01   7.7614724e+00
   1.8410000e+02  -3.3049080e+01   4.5481472e+01
   1.8420000e+02  -3.1049080e+01  -1.2598528e+01
   1.8430000e+02   1.0295092e+02  -6.9585276e+00
   1.8440000e+02  -1.0904908e+02  -1.0478528e+01
   1.8450000e+02   1.4395092e+02   2.6401472e+01
   1.8460000e+02  -4.3049080e+01  -2.1118528e+01
   1.8470000e+02  -1.9049080e+01   5.9921472e+01
   1.8480000e+02  -5.4049080e+01  -3.3678528e+01
   1.8490000e+02  -1.5704908e+02  -6.5585276e+00
   1.8500000e+02   9.9509202e+00  -7.1238528e+01
   1.8510000e+02  -1.0049080e+01  -2.1438528e+01
   1.8520000e+02   7.5950920e+01  -3.6878528e+01
   1.8530000e+02   1.9509202e+00   6.0081472e+01
   1.8540000e+02  -3.9049080e+01  -3.0278528e+01
   1.8550000e+02   1.1950920e+01  -1.6318528e+01
   1.8560000e+02  -1.3804908e+02   6.9681472e+01
   1.8570000e+02  -6.2049080e+01  -1.8358528e+01
   1.8580000e+02   1.3095092e+02  -3.0078528e+01
   1.8590000e+02  -1.5604908e+02   1.5401472e+01
   1.8600000e+02  -9.3049080e+01   1.0288147e+02
   1.8610000e+02  -2.7049080e+01   1.2824147e+02
   1.8620000e+02  -4.7049080e+01   5.6041472e+01
   1.8630000e+02  -9.6049080e+01  -6.3998528e+01
   1.8640000e+02  -1.0490798e+00  -5.2798528e+01
   1.8650000e+02   9.4950920e+01   3.3614724e+00
   1.8660000e+02  -4.9079755e-02   1.4161472e+01
   1.8670000e+02  -4.0490798e+00   4.3321472e+01
   1.8680000e+02  -5.0049080e+01   8.4161472e+01
   1.8690000e+02  -3.4049080e+01   4.5521472e+01
   1.8700000e+02   1.2695092e+02  -5.6918528e+01
   1.8710000e+02  -6.2049080e+01   4.1641472e+01
   1.8720000e+02  -1.0490798e+00   6.6201472e+01
   1.8730000e+02   1.0695092e+02   1.8814724e+00
   1.8740000e+02   4.9509202e+00  -4.0038528e+01
   1.8750000e+02   3.6950920e+01  -2.0318528e+01
   1.8760000e+02  -4.5049080e+01   3.5961472e+01
   1.8770000e+02  -4.9049080e+01  -4.0878528e+01
   1.8780000e+02  -6.4049080e+01   9.7214724e+00
   1.8790000e+02   2.4950920e+01   6.6161472e+01
   1.8800000e+02   1.2950920e+01   3.3641472e+01
   1.8810000e+02  -4.8049080e+01  -3.5918528e+01
   1.8820000e+02  -7.9049080e+01  -7.1678528e+01
   1.8830000e+02   2.8950920e+01  -9.4998528e+01
   1.8840000e+02  -7.7049080e+01   4.4241472e+01
   1.8850000e+02  -8.5049080e+01   5.6147239e-01
   1.8860000e+02   9.7950920e+01  -1.7758528e+01
   1.8870000e+02   1.5195092e+02  -3.8918528e+01
   1.8880000e+02  -3.9049080e+01  -5.3278528e+01
   1.8890000e+02  -3.9049080e+01   1.2872147e+02
   1.8900000e+02   1.2495092e+02   5.7161472e+01
   1.8910000e+02   1.6095092e+02  -3.1278528e+01
   1.8920000e+02  -4.2049080e+01  -5.0158528e+01
   1.8930000e+02  -4.0049080e+01  -5.9238528e+01
   1.8940000e+02   8.6950920e+01   6.6814724e+00
   1.8950000e+02   9.5950920e+01   2.2321472e+01
   1.8960000e+02  -8.4049080e+01   8.2521472e+01
   1.8970000e+02  -2.9049080e+01  -6.3678528e+01
   1.8980000e+02   1.4950920e+01  -3.5438528e+01
   1.8990000e+02   5.9950920e+01   3.2761472e+01
   1.9000000e+02   2.4950920e+01   2.1614724e+00
   1.9010000e+02  -1.0004908e+02   6.7161472e+01
   1.9020000e+02  -3.2049080e+01  -7.1558528e+01
   1.9030000e+02  -7.9049080e+01   1.2321472e+01
   1.9040000e+02   5.7950920e+01  -3.6158528e+01
   1.9050000e+02  -2.4049080e+01   2.2121472e+01
   1.9060000e+02  -9.9049080e+01  -2.1878528e+01
   1.9070000e+02  -4.9079755e-02  -1.2283853e+02
   1.9080000e+02   6.9950920e+01   4.3614724e+00
   1.9090000e+02  -1.7204908e+02  -5.0958528e+01
   1.9100000e+02  -1.6704908e+02   4.0841472e+01
   1.9110000e+02  -3.0490798e+00  -7.9718528e+01
   1.9120000e+02  -7.8049080e+01   5.9281472e+01
   1.9130000e+02  -8.4049080e+01  -5.0478528e+01
   1.9140000e+02  -4.1049080e+01  -3.1198528e+01
   1.9150000e+02  -5.7049080e+01  -3.3558528e+01
   1.9160000e+02   8.9509202e+00   6.7801472e+01
   1.9170000e+02  -6.6049080e+01   6.5801472e+01
   1.9180000e+02  -1.5704908e+02  -7.7558528e+01
   1.9190000e+02  -2.5049080e+01  -1.5838528e+01
   1.9200000e+02   7.3950920e+01  -7.2798528e+01
   1.9210000e+02  -6.9049080e+01  -4.3078528e+01
   1.9220000e+02  -1.4049080e+01  -4.8278528e+01
   1.9230000e+02   6.9509202e+00  -5.1118528e+01
   1.9240000e+02   1.9509202e+00   4.0081472e+01
   1.9250000e+02   1.6595092e+02  -5.2478528e+01
   1.9260000e+02  -4.4049080e+01  -3.5078528e+01
   1.9270000e+02   1.8895092e+02   4.6601472e+01
   1.9280000e+02  -4.1049080e+01  -4.9198528e+01
   1.9290000e+02   1.4950920e+01   2.5614724e+00
   1.9300000e+02  -3.6049080e+01   5.1601472e+01
   1.9310000e+02  -2.8049080e+01  -4.8718528e+01
   1.9320000e+02  -1.0304908e+02  -3.2718528e+01
   1.9330000e+02   1.9950920e+01  -1.7638528e+01
   1.9340000e+02   2.6950920e+01  -7.9918528e+01
   1.9350000e+02  -1.2504908e+02   1.5161472e+01
   1.9360000e+02   2.7950920e+01   5.9041472e+01
   1.9370000e+02  -2.7049080e+01   8.3241472e+01
   1.9380000e+02   4.4950920e+01   1.0361472e+01
   1.9390000e+02   6.2950920e+01   3.2641472e+01
   1.9400000e+02  -3.9049080e+01   1.7721472e+01
   1.9410000e+02   2.1695092e+02   1.2481472e+01
   1.9420000e+02   1.7950920e+01  -5.1558528e+01
   1.9430000e+02   4.1950920e+01  -5.1518528e+01
   1.9440000e+02   6.8950920e+01  -1.3598528e+01
   1.9450000e+02  -5.0490798e+00   1.5361472e+01
   1.9460000e+02  -7.4049080e+01  -8.8785276e+00
   1.9470000e+02   1.4950920e+01   4.9561472e+01
   1.9480000e+02   1.2195092e+02   4.6281472e+01
   1.9490000e+02  -7.0049080e+01  -1.2038528e+01
   1.9500000e+02  -5.4049080e+01   3.2321472e+01
   1.9510000e+02   9.9950920e+01   1.4161472e+01
   1.9520000e+02   1.8495092e+02   4.4761472e+01
   1.9530000e+02   7.3950920e+01   2.2201472e+01
   1.9540000e+02   7.9950920e+01  -3.0385276e+00
   1.9550000e+02   5.2950920e+01  -1.8958528e+01
   1.9560000e+02   5.8950920e+01   3.5801472e+01
   1.9570000e+02  -5.1049080e+01  -3.4798528e+01
   1.9580000e+02   6.9509202e+00  -1.4118528e+01
   1.9590000e+02  -9.2049080e+01   6.4841472e+01
   1.9600000e+02   4.7950920e+01  -1.7585276e+00
   1.9610000e+02  -4.0049080e+01   7.6761472e+01
   1.9620000e+02   4.6950920e+01   4.5281472e+01
   1.9630000e+02  -7.0490798e+00   4.4147239e-01
   1.9640000e+02   6.0950920e+01  -6.0278528e+01
   1.9650000e+02   1.4995092e+02  -1.4838528e+01
   1.9660000e+02  -1.2049080e+01   2.6414724e+00
   1.9670000e+02  -3.3049080e+01  -1.1518528e+01
   1.9680000e+02   6.9509202e+00   2.5881472e+01
   1.9690000e+02   4.4950920e+01   4.3614724e+00
   1.9700000e+02  -7.0490798e+00  -5.5558528e+01
   1.9710000e+02  -1.1104908e+02  -5.3398528e+01
   1.9720000e+02   8.0950920e+01  -3.3078528e+01
   1.9730000e+02  -1.4204908e+02  -6.2158528e+01
   1.9740000e+02  -8.6049080e+01  -4.3398528e+01
   1.9750000e+02   3.9509202e+00   1.0001472e+01
   1.9760000e+02   9.4950920e+01   4.2361472e+01
   1.9770000e+02  -3.8049080e+01  -5.0318528e+01
   1.9780000e+02   3.6950920e+01  -2.6318528e+01
   1.9790000e+02   1.5295092e+02  -2.8958528e+01
   1.9800000e+02  -8.5049080e+01   4.6561472e+01
   1.9810000e+02  -3.3049080e+01   6.4814724e+00
   1.9820000e+02   3.2950920e+01   2.5841472e+01
   1.9830000e+02  -3.1049080e+01   4.0147239e-01
   1.9840000e+02   1.1095092e+02  -4.2278528e+01
   1.9850000e+02   9.4950920e+01  -1.7638528e+01
   1.9860000e+02   3.1950920e+01   2.9881472e+01
   1.9870000e+02  -2.0049080e+01  -5.9038528e+01
   1.9880000e+02   7.9950920e+01  -1.0385276e+00
   1.9890000e+02  -7.5049080e+01  -3.2838528e+01
   1.9900000e+02  -7.0049080e+01   4.4961472e+01
   1.9910000e+02  -6.7049080e+01   1.1841472e+01
   1.9920000e+02   1.0595092e+02  -3.0078528e+01
   1.9930000e+02   1.7950920e+01   6.2441472e+01
   1.9940000e+02  -9.6049080e+01   2.7001472e+01
   1.9950000e+02  -2.9049080e+01   8.7321472e+01
   1.9960000e+02  -1.0490798e+00   1.7201472e+01
   1.9970000e+02  -1.2204908e+02   2.9041472e+01
   1.9980000e+02   3.3950920e+01   6.1801472e+01
   1.9990000e+02  -1.5604908e+02  -5.2598528e+01
