   0.0000000e+00   5.1954545e+01  -9.4181818e-01
   1.0000000e-01   3.5595455e+02   1.3189818e+02
   2.0000000e-01  -1.1045455e+01   2.4557818e+02
   3.0000000e-01   1.8795455e+02   1.5161818e+02
   4.0000000e-01   6.0954545e+01   1.5069818e+02
   5.0000000e-01   3.5954545e+01   2.9169818e+02
   6.0000000e-01  -5.9045455e+01   2.0249818e+02
   7.0000000e-01   2.5095455e+02   1.1209818e+02
   8.0000000e-01   2.0095455e+02   2.1409818e+02
   9.0000000e-01   1.7895455e+02   2.1697818e+02
   1.0000000e+00   1.0695455e+02   1.4085818e+02
   1.1000000e+00   2.4695455e+02   2.6425818e+02
   1.2000000e+00   3.2995455e+02   1.3193818e+02
   1.3000000e+00   3.2954545e+01   1.3181818e+02
   1.4000000e+00   1.8295455e+02   1.6281818e+02
   1.5000000e+00   1.3954545e+01   1.4957818e+02
   1.6000000e+00   5.4695455e+02   3.9258182e+01
   1.7000000e+00   3.1895455e+02   2.8037818e+02
   1.8000000e+00   2.2795455e+02   1.2801818e+02
   1.9000000e+00   3.8954545e+01   1.4457818e+02
   2.0000000e+00   1.5095455e+02   2.8098182e+01
   2.1000000e+00   2.1895455e+02   9.1378182e+01
   2.2000000e+00   2.2195455e+02   1.3925818e+02
   2.3000000e+00   2.6795455e+02   1.2541818e+02
   2.4000000e+00   2.5395455e+02   2.0397818e+02
   2.5000000e+00   9.4954545e+01   8.1338182e+01
   2.6000000e+00   4.7895455e+02   1.0297818e+02
   2.7000000e+00   6.7954545e+01   1.3141818e+02
   2.8000000e+00   3.5095455e+02   2.3509818e+02
   2.9000000e+00   2.3895455e+02   8.7578182e+01
   3.0000000e+00   2.0295455e+02   2.0501818e+02
   3.1000000e+00   2.6395455e+02   1.3157818e+02
   3.2000000e+00   1.3495455e+02   4.5738182e+01
   3.3000000e+00   1.9895455e+02   1.0117818e+02
   3.4000000e+00   1.3495455e+02   2.9973818e+02
   3.5000000e+00   2.5295455e+02   9.0018182e+01
   3.6000000e+00   2.3195455e+02   1.4685818e+02
   3.7000000e+00   3.9295455e+02  -9.3581818e+01
   3.8000000e+00   1.5695455e+02   4.8858182e+01
   3.9000000e+00   2.5495455e+02   1.1493818e+02
   4.0000000e+00   2.3395455e+02   1.7778182e+01
   4.1000000e+00   1.2395455e+02   9.8178182e+01
   4.2000000e+00   1.4295455e+02   2.6641818e+02
   4.3000000e+00   6.0954545e+01   6.3698182e+01
   4.4000000e+00   3.4595455e+02   9.2298182e+01
   4.5000000e+00   1.5495455e+02   1.8493818e+02
   4.6000000e+00   3.1954545e+01   1.2385818e+02
   4.7000000e+00   3.2495455e+02   1.5513818e+02
   4.8000000e+00   1.8895455e+02   1.3657818e+02
   4.9000000e+00   5.2954545e+01   2.4401818e+02
   5.0000000e+00   4.2954545e+01   1.0541818e+02
   5.1000000e+00   2.1595455e+02   1.6449818e+02
   5.2000000e+00   1.8895455e+02   1.6857818e+02
   5.3000000e+00   1.7295455e+02   2.1321818e+02
   5.4000000e+00   1.4495455e+02   7.5338182e+01
   5.5000000e+00   1.0095455e+02   1.6809818e+02
   5.6000000e+00   1.2995455e+02   2.5793818e+02
   5.7000000e+00   2.0195455e+02   3.5805818e+02
   5.8000000e+00   3.6095455e+02  -1.8301818e+01
   5.9000000e+00   1.7495455e+02   3.1513818e+02
   6.0000000e+00   3.2595455e+02   7.1098182e+01
   6.1000000e+00   2.4395455e+02   8.3378182e+01
   6.2000000e+00   1.6995455e+02   1.5033818e+02
   6.3000000e+00   1.8295455e+02   2.4781818e+02
   6.4000000e+00   2.5995455e+02   1.1973818e+02
   6.5000000e+00   4.1195455e+02   7.1658182e+01
   6.6000000e+00   2.4495455e+02   2.8233818e+02
   6.7000000e+00   4.2395455e+02   1.0917818e+02
   6.8000000e+00   3.4395455e+02   1.3937818e+02
   6.9000000e+00   3.1395455e+02   1.9057818e+02
   7.0000000e+00   1.4795455e+02   1.0421818e+02
   7.1000000e+00   3.5195455e+02   1.2105818e+02
   7.2000000e+00   1.2695455e+02   1.8058182e+01
   7.3000000e+00   3.7995455e+02   2.9381818e+00
   7.4000000e+00   4.6995455e+02   1.8733818e+02
   7.5000000e+00   1.6895455e+02   2.9337818e+02
   7.6000000e+00   1.1495455e+02   2.0253818e+02
   7.7000000e+00   2.9895455e+02   1.3117818e+02
   7.8000000e+00   1.6195455e+02   6.0658182e+01
   7.9000000e+00   1.0495455e+02   1.1893818e+02
   8.0000000e+00   3.8095455e+02   1.1589818e+02
   8.1000000e+00   2.5195455e+02   1.6305818e+02
   8.2000000e+00   3.4595455e+02   1.3298182e+01
   8.3000000e+00   3.1695455e+02  -3.6541818e+01
   8.4000000e+00   2.4695455e+02   1.1225818e+02
   8.5000000e+00   8.8954545e+01   1.4257818e+02
   8.6000000e+00   3.9895455e+02   1.4017818e+02
   8.7000000e+00   3.2395455e+02   2.0117818e+02
   8.8000000e+00   1.2295455e+02   2.4521818e+02
   8.9000000e+00   1.5195455e+02   1.6505818e+02
   9.0000000e+00   3.3995455e+02   2.8853818e+02
   9.1000000e+00   9.5454545e-01   1.6109818e+02
   9.2000000e+00   1.2495455e+02   6.9138182e+01
   9.3000000e+00   3.0395455e+02  -8.0021818e+01
   9.4000000e+00  -2.2045455e+01   6.5018182e+01
   9.5000000e+00   2.2095455e+02  -9.7018182e+00
   9.6000000e+00   1.8895455e+02   3.1157818e+02
   9.7000000e+00   1.2895455e+02   3.6997818e+02
   9.8000000e+00   2.6295455e+02   2.0761818e+02
   9.9000000e+00   1.2095455e+02   1.6298182e+01
   1.0000000e+01   3.4595455e+02   8.9298182e+01
   1.0100000e+01   2.3795455e+02   6.4618182e+01
   1.0200000e+01   2.2995455e+02  -6.4061818e+01
   1.0300000e+01   1.1295455e+02   3.5618182e+01
   1.0400000e+01   1.8095455e+02   6.3898182e+01
   1.0500000e+01   1.2195455e+02   1.3625818e+02
   1.0600000e+01   1.9095455e+02   1.6649818e+02
   1.0700000e+01   2.9995455e+02   9.3138182e+01
   1.0800000e+01   3.3195455e+02   6.1858182e+01
   1.0900000e+01   4.7095455e+02  -7.9701818e+01
   1.1000000e+01   1.5895455e+02   8.5778182e+01
   1.1100000e+01   1.4895455e+02   1.5817818e+02
   1.1200000e+01   9.3954545e+01   1.6137818e+02
   1.1300000e+01   2.8595455e+02   5.9698182e+01
   1.1400000e+01   4.0095455e+02  -1.6901818e+01
   1.1500000e+01   7.9545455e+00   6.1818182e+01
   1.1600000e+01   2.3954545e+01   1.6178182e+01
   1.1700000e+01   1.0495455e+02   1.7938182e+01
   1.1800000e+01   1.0795455e+02   7.2818182e+01
   1.1900000e+01   1.2095455e+02   7.2981818e+00
   1.2000000e+01   3.7095455e+02   7.0298182e+01
   1.2100000e+01   8.0954545e+01   3.7898182e+01
   1.2200000e+01   3.0695455e+02   3.1858182e+01
   1.2300000e+01   3.4295455e+02   2.2841818e+02
   1.2400000e+01   3.3595455e+02  -8.5301818e+01
   1.2500000e+01   2.5095455e+02   3.4098182e+01
   1.2600000e+01   1.0495455e+02   1.2893818e+02
   1.2700000e+01   4.1495455e+02   1.5353818e+02
   1.2800000e+01   3.2795455e+02   1.8901818e+02
   1.2900000e+01   1.8795455e+02   1.9961818e+02
   1.3000000e+01   3.4095455e+02   1.3049818e+02
   1.3100000e+01   1.2795455e+02   1.4018182e+01
   1.3200000e+01  -7.0045455e+01   1.1093818e+02
   1.3300000e+01   1.6495455e+02   2.0538182e+01
   1.3400000e+01   2.3495455e+02   3.0473818e+02
   1.3500000e+01   3.9595455e+02   1.0029818e+02
   1.3600000e+01   1.8795455e+02   7.9618182e+01
   1.3700000e+01   4.9545455e+00   1.3193818e+02
   1.3800000e+01   6.2954545e+01   1.6461818e+02
   1.3900000e+01   2.5595455e+02   2.6889818e+02
   1.4000000e+01   7.4954545e+01   2.4813818e+02
   1.4100000e+01   1.9795455e+02   5.9218182e+01
   1.4200000e+01   2.9495455e+02   2.8833818e+02
   1.4300000e+01   1.6295455e+02   1.5618182e+01
   1.4400000e+01   1.4395455e+02   6.7378182e+01
   1.4500000e+01   3.5495455e+02   8.0938182e+01
   1.4600000e+01   1.4895455e+02   1.9917818e+02
   1.4700000e+01   2.3895455e+02   5.9578182e+01
   1.4800000e+01   2.8795455e+02  -5.3818182e+00
   1.4900000e+01   2.5395455e+02   9.7978182e+01
   1.5000000e+01   4.7954545e+01   2.0721818e+02
   1.5100000e+01   1.1595455e+02   1.5749818e+02
   1.5200000e+01   3.3295455e+02   1.4481818e+02
   1.5300000e+01   1.4595455e+02   1.9329818e+02
   1.5400000e+01   6.8954545e+01   2.5737818e+02
   1.5500000e+01   1.3295455e+02   2.3981818e+02
   1.5600000e+01   2.1795455e+02   1.8841818e+02
   1.5700000e+01   1.8395455e+02   2.4778182e+01
   1.5800000e+01   1.4695455e+02   1.7525818e+02
   1.5900000e+01   3.5954545e+01   2.8369818e+02
   1.6000000e+01   1.8954545e+01   6.9378182e+01
   1.6100000e+01   1.5795455e+02   1.4681818e+02
   1.6200000e+01   3.8395455e+02   9.7778182e+01
   1.6300000e+01   1.2495455e+02   6.8138182e+01
   1.6400000e+01   7.5954545e+01   1.8609818e+02
   1.6500000e+01   9.9545455e+00   2.9873818e+02
   1.6600000e+01   3.1395455e+02   1.0757818e+02
   1.6700000e+01   1.1595455e+02   1.6849818e+02
   1.6800000e+01   1.4195455e+02   5.7458182e+01
   1.6900000e+01   2.3095455e+02   1.6889818e+02
   1.7000000e+01   8.6954545e+01   1.5865818e+02
   1.7100000e+01   1.4495455e+02   2.1433818e+02
   1.7200000e+01   7.4954545e+01   1.2213818e+02
   1.7300000e+01   1.4795455e+02   1.4921818e+02
   1.7400000e+01   1.7395455e+02   1.7317818e+02
   1.7500000e+01  -1.3045455e+01   1.9765818e+02
   1.7600000e+01   1.4195455e+02   1.9145818e+02
   1.7700000e+01   1.6795455e+02   2.3641818e+02
   1.7800000e+01   4.9295455e+02   1.7041818e+02
   1.7900000e+01   1.4495455e+02   6.8338182e+01
   1.8000000e+01   2.0495455e+02   9.3818182e-01
   1.8100000e+01   3.8695455e+02   6.6658182e+01
   1.8200000e+01   2.8895455e+02   1.9657818e+02
   1.8300000e+01   1.6695455e+02   1.7545818e+02
   1.8400000e+01   1.4695455e+02   5.5258182e+01
   1.8500000e+01   1.9595455e+02   2.3129818e+02
   1.8600000e+01   1.3695455e+02   2.0265818e+02
   1.8700000e+01   1.2995455e+02   3.6938182e+01
   1.8800000e+01   1.7695455e+02   4.9058182e+01
   1.8900000e+01   1.8895455e+02   9.0578182e+01
   1.9000000e+01   1.4195455e+02   1.6245818e+02
   1.9100000e+01   2.8495455e+02   2.4173818e+02
   1.9200000e+01   3.8395455e+02   1.3877818e+02
   1.9300000e+01   1.2595455e+02   7.8098182e+01
   1.9400000e+01   2.7695455e+02   2.0058182e+01
   1.9500000e+01   2.9395455e+02   1.2437818e+02
   1.9600000e+01   2.1995455e+02   1.1233818e+02
   1.9700000e+01   2.6495455e+02   3.1253818e+02
   1.9800000e+01   3.9495455e+02   2.7833818e+02
   1.9900000e+01   1.2895455e+02   1.5397818e+02
   2.0000000e+01   2.3795455e+02   5.4618182e+01
   2.0100000e+01   2.4995455e+02   1.4613818e+02
   2.0200000e+01   1.7395455e+02   2.1617818e+02
   2.0300000e+01   3.7195455e+02   2.0525818e+02
   2.0400000e+01   2.1295455e+02   2.5161818e+02
   2.0500000e+01   1.2795455e+02   7.1018182e+01
   2.0600000e+01   1.9995455e+02   1.2813818e+02
   2.0700000e+01   3.3795455e+02   9.8618182e+01
   2.0800000e+01   1.7895455e+02   1.6697818e+02
   2.0900000e+01   2.0495455e+02   2.6893818e+02
   2.1000000e+01   2.2595455e+02   2.0009818e+02
   2.1100000e+01   2.6995455e+02  -4.4661818e+01
   2.1200000e+01  -4.5454545e-02   1.5313818e+02
   2.1300000e+01   1.4295455e+02   2.1341818e+02
   2.1400000e+01   1.2695455e+02   1.2205818e+02
   2.1500000e+01   1.3395455e+02   1.0277818e+02
   2.1600000e+01   1.9995455e+02   1.0713818e+02
   2.1700000e+01   3.5395455e+02   1.3597818e+02
   2.1800000e+01   2.6695455e+02   2.5945818e+02
   2.1900000e+01   2.9195455e+02   7.0458182e+01
   2.2000000e+01   2.8095455e+02   2.3489818e+02
   2.2100000e+01   2.0495455e+02   1.5093818e+02
   2.2200000e+01   1.5795455e+02   1.0781818e+02
   2.2300000e+01   2.4195455e+02  -5.4181818e-01
   2.2400000e+01   3.7795455e+02   7.7018182e+01
   2.2500000e+01   2.5595455e+02   1.2689818e+02
   2.2600000e+01   1.0095455e+02   6.4098182e+01
   2.2700000e+01   1.7795455e+02   3.8401818e+02
   2.2800000e+01   2.8495455e+02   1.0573818e+02
   2.2900000e+01   1.7295455e+02   1.9421818e+02
   2.3000000e+01   1.5795455e+02   1.5181818e+02
   2.3100000e+01   8.9954545e+01   8.4538182e+01
   2.3200000e+01   1.2395455e+02   2.4517818e+02
   2.3300000e+01   2.2995455e+02   2.0993818e+02
   2.3400000e+01   2.8295455e+02   1.3581818e+02
   2.3500000e+01   1.0295455e+02   4.4018182e+01
   2.3600000e+01   1.1095455e+02   1.3169818e+02
   2.3700000e+01   1.4395455e+02   2.0237818e+02
   2.3800000e+01   3.5295455e+02   1.5701818e+02
   2.3900000e+01   2.3195455e+02   1.3685818e+02
   2.4000000e+01   2.2295455e+02   1.5121818e+02
   2.4100000e+01   3.9695455e+02   1.7258182e+01
   2.4200000e+01   3.5295455e+02   1.3401818e+02
   2.4300000e+01   4.2995455e+02   1.7893818e+02
   2.4400000e+01   2.4195455e+02   2.6245818e+02
   2.4500000e+01   1.8195455e+02   9.0858182e+01
   2.4600000e+01   1.1195455e+02   1.7165818e+02
   2.4700000e+01   2.4895455e+02   8.3178182e+01
   2.4800000e+01   5.1954545e+01   2.5405818e+02
   2.4900000e+01  -3.2045455e+01  -2.8581818e+01
   2.5000000e+01   1.7395455e+02   1.0917818e+02
   2.5100000e+01   1.9595455e+02   1.1329818e+02
   2.5200000e+01   2.9954545e+01   8.5938182e+01
   2.5300000e+01   2.3695455e+02   5.6658182e+01
   2.5400000e+01   3.2695455e+02   2.4058182e+01
   2.5500000e+01   2.0995455e+02  -5.4261818e+01
   2.5600000e+01   6.6954545e+01   1.1345818e+02
   2.5700000e+01   1.4795455e+02   1.2218182e+01
   2.5800000e+01   2.0595455e+02   1.1089818e+02
   2.5900000e+01   8.7954545e+01   2.1661818e+02
   2.6000000e+01   1.2895455e+02   1.0597818e+02
   2.6100000e+01   1.2895455e+02   1.8697818e+02
   2.6200000e+01   9.0954545e+01   1.4249818e+02
   2.6300000e+01   1.5795455e+02   2.7981818e+02
   2.6400000e+01   5.8954545e+01   5.6778182e+01
   2.6500000e+01   1.7954545e+01   1.4181818e+00
   2.6600000e+01   1.1395455e+02  -3.4218182e+00
   2.6700000e+01   2.5795455e+02   5.0818182e+01
   2.6800000e+01   1.1795455e+02   3.7418182e+01
   2.6900000e+01   2.0954545e+01   6.0298182e+01
   2.7000000e+01   2.3195455e+02   5.9858182e+01
   2.7100000e+01   1.3695455e+02   2.3465818e+02
   2.7200000e+01   1.5795455e+02   1.8181818e+00
   2.7300000e+01  -1.0045455e+01   7.7538182e+01
   2.7400000e+01   2.4954545e+01   1.3513818e+02
   2.7500000e+01   2.3195455e+02   1.0285818e+02
   2.7600000e+01   8.0954545e+01   1.1889818e+02
   2.7700000e+01   2.5395455e+02   2.0797818e+02
   2.7800000e+01   5.1954545e+01   3.0405818e+02
   2.7900000e+01   1.3395455e+02   1.0177818e+02
   2.8000000e+01   1.2995455e+02   4.9381818e+00
   2.8100000e+01   1.6954545e+01   1.2045818e+02
   2.8200000e+01   1.1295455e+02   1.4618182e+01
   2.8300000e+01   1.5295455e+02   3.6018182e+01
   2.8400000e+01   1.4195455e+02   9.6458182e+01
   2.8500000e+01   2.4954545e+01   1.7413818e+02
   2.8600000e+01   1.6595455e+02   7.9498182e+01
   2.8700000e+01   2.1295455e+02   9.8618182e+01
   2.8800000e+01   2.3195455e+02   1.4785818e+02
   2.8900000e+01   1.4395455e+02   1.6737818e+02
   2.9000000e+01   2.9295455e+02   1.4841818e+02
   2.9100000e+01   1.8695455e+02   1.5365818e+02
   2.9200000e+01   7.9954545e+01   1.9193818e+02
   2.9300000e+01   7.4954545e+01   4.9138182e+01
   2.9400000e+01   1.5395455e+02  -4.4021818e+01
   2.9500000e+01   1.4995455e+02   1.8613818e+02
   2.9600000e+01   2.0595455e+02   1.9189818e+02
   2.9700000e+01   3.9545455e+00   1.1797818e+02
   2.9800000e+01   4.0395455e+02   1.0397818e+02
   2.9900000e+01   2.7495455e+02  -2.8618182e+00
   3.0000000e+01   1.0195455e+02   2.0405818e+02
   3.0100000e+01  -1.5045455e+01   2.1673818e+02
   3.0200000e+01   5.9545455e+00  -4.1018182e+00
   3.0300000e+01   3.0295455e+02   1.0101818e+02
   3.0400000e+01   2.3295455e+02   3.6981818e+02
   3.0500000e+01   1.7395455e+02   1.4317818e+02
   3.0600000e+01   1.0295455e+02   2.1301818e+02
   3.0700000e+01   1.7795455e+02   1.4101818e+02
   3.0800000e+01   1.3495455e+02   1.4973818e+02
   3.0900000e+01   2.8595455e+02   6.9818182e-01
   3.1000000e+01   1.3954545e+01   1.1557818e+02
   3.1100000e+01   1.1695455e+02   1.2445818e+02
   3.1200000e+01   2.2295455e+02   1.6521818e+02
   3.1300000e+01   1.3695455e+02   2.9865818e+02
   3.1400000e+01   2.3895455e+02   2.0057818e+02
   3.1500000e+01   3.3295455e+02   1.1081818e+02
   3.1600000e+01   3.1095455e+02   1.9069818e+02
   3.1700000e+01   2.2995455e+02   2.1093818e+02
   3.1800000e+01   2.4195455e+02   7.1458182e+01
   3.1900000e+01   1.2495455e+02   6.1138182e+01
   3.2000000e+01   8.0954545e+01   1.0589818e+02
   3.2100000e+01   5.0954545e+01   3.9098182e+01
   3.2200000e+01   3.0295455e+02   1.4301818e+02
   3.2300000e+01   2.8895455e+02   6.2578182e+01
   3.2400000e+01   2.3295455e+02   1.5781818e+02
   3.2500000e+01   2.0495455e+02   1.2493818e+02
   3.2600000e+01   4.6954545e+01   1.5325818e+02
   3.2700000e+01   2.2795455e+02   1.8601818e+02
   3.2800000e+01   4.3995455e+02   1.1653818e+02
   3.2900000e+01   1.3195455e+02   6.2858182e+01
   3.3000000e+01   2.0295455e+02   1.4201818e+02
   3.3100000e+01   6.9545455e+00   9.8858182e+01
   3.3200000e+01   1.0095455e+02   1.8409818e+02
   3.3300000e+01   4.5954545e+01   1.1629818e+02
   3.3400000e+01   1.8195455e+02   1.8585818e+02
   3.3500000e+01   7.5954545e+01   7.0098182e+01
   3.3600000e+01   1.5295455e+02   1.4401818e+02
   3.3700000e+01   2.1595455e+02   1.6249818e+02
   3.3800000e+01   2.0295455e+02   9.2018182e+01
   3.3900000e+01   8.8954545e+01  -1.4218182e+00
   3.4000000e+01   1.9995455e+02   7.1138182e+01
   3.4100000e+01   4.7954545e+01   1.0821818e+02
   3.4200000e+01   2.5695455e+02  -2.1418182e+00
   3.4300000e+01   2.1495455e+02   1.2953818e+02
   3.4400000e+01   2.1495455e+02   3.3538182e+01
   3.4500000e+01   2.9995455e+02   4.2138182e+01
   3.4600000e+01   1.0695455e+02   3.9585818e+02
   3.4700000e+01   1.1095455e+02   2.1869818e+02
   3.4800000e+01   2.4295455e+02   9.0418182e+01
   3.4900000e+01   2.5595455e+02   1.6689818e+02
   3.5000000e+01   2.2995455e+02   1.3393818e+02
   3.5100000e+01   8.9954545e+01   1.1053818e+02
   3.5200000e+01   2.3295455e+02   3.6818182e+01
   3.5300000e+01   1.8895455e+02  -7.2421818e+01
   3.5400000e+01   1.1795455e+02   4.4181818e+00
   3.5500000e+01   1.7795455e+02   1.1901818e+02
   3.5600000e+01  -2.7045455e+01   1.6421818e+02
   3.5700000e+01   1.5895455e+02   2.1377818e+02
   3.5800000e+01   2.6595455e+02   6.7498182e+01
   3.5900000e+01   1.3395455e+02   6.7781818e+00
   3.6000000e+01   3.0395455e+02   1.0197818e+02
   3.6100000e+01  -2.1045455e+01   1.0397818e+02
   3.6200000e+01   5.9954545e+01   2.0738182e+01
   3.6300000e+01   1.3795455e+02   6.8618182e+01
   3.6400000e+01   1.7895455e+02   1.0997818e+02
   3.6500000e+01   1.3095455e+02   1.2689818e+02
   3.6600000e+01   2.0195455e+02   1.2058182e+01
   3.6700000e+01   4.2954545e+01   1.3141818e+02
   3.6800000e+01   1.6695455e+02   1.5645818e+02
   3.6900000e+01   1.3595455e+02   3.4269818e+02
   3.7000000e+01   1.3595455e+02   1.9169818e+02
   3.7100000e+01   3.1495455e+02   1.6453818e+02
   3.7200000e+01   8.5954545e+01   1.8869818e+02
   3.7300000e+01   2.2195455e+02   7.2258182e+01
   3.7400000e+01   1.3195455e+02   1.3585818e+02
   3.7500000e+01   2.6595455e+02   5.5498182e+01
   3.7600000e+01   2.9695455e+02   2.0725818e+02
   3.7700000e+01   1.9395455e+02   1.2137818e+02
   3.7800000e+01   2.5495455e+02   1.1493818e+02
   3.7900000e+01   2.9795455e+02  -5.0781818e+01
   3.8000000e+01   2.0295455e+02   1.0901818e+02
   3.8100000e+01   1.0795455e+02   2.5481818e+02
   3.8200000e+01   1.9995455e+02   3.8138182e+01
   3.8300000e+01   1.4795455e+02   1.7021818e+02
   3.8400000e+01   3.2954545e+01   1.2381818e+02
   3.8500000e+01  -4.0045455e+01   8.5738182e+01
   3.8600000e+01   3.0395455e+02   2.5197818e+02
   3.8700000e+01   2.0495455e+02   1.3793818e+02
   3.8800000e+01   7.4954545e+01   1.9613818e+02
   3.8900000e+01  -7.8045455e+01   1.0725818e+02
   3.9000000e+01   1.0954545e+01   2.1969818e+02
   3.9100000e+01   2.1495455e+02  -2.4461818e+01
   3.9200000e+01   1.8895455e+02   4.3578182e+01
   3.9300000e+01   1.2195455e+02   9.7258182e+01
   3.9400000e+01   1.1595455e+02   1.8949818e+02
   3.9500000e+01   1.1495455e+02   9.7538182e+01
   3.9600000e+01   1.1795455e+02   1.7441818e+02
   3.9700000e+01   3.2195455e+02   6.1258182e+01
   3.9800000e+01   2.5495455e+02   1.5893818e+02
   3.9900000e+01   1.6395455e+02   7.3578182e+01
   4.0000000e+01   1.8495455e+02   1.5273818e+02
   4.0100000e+01   1.5695455e+02   3.8285818e+02
   4.0200000e+01   1.5095455e+02   1.0809818e+02
   4.0300000e+01   2.0095455e+02   8.9098182e+01
   4.0400000e+01   1.5295455e+02   1.1101818e+02
   4.0500000e+01   2.8695455e+02   7.5658182e+01
   4.0600000e+01   4.7954545e+01   2.1721818e+02
   4.0700000e+01   2.2395455e+02   2.8017818e+02
   4.0800000e+01   2.3295455e+02   1.9081818e+02
   4.0900000e+01   2.3895455e+02  -3.4421818e+01
   4.1000000e+01   4.9545455e+00   6.4938182e+01
   4.1100000e+01   1.9195455e+02   6.2458182e+01
   4.1200000e+01   1.2795455e+02  -2.1981818e+01
   4.1300000e+01   2.2295455e+02   9.3218182e+01
   4.1400000e+01   1.5695455e+02  -6.1418182e+00
   4.1500000e+01   1.3095455e+02   6.2898182e+01
   4.1600000e+01   1.3895455e+02   2.2957818e+02
   4.1700000e+01   1.4954545e+01   1.2953818e+02
   4.1800000e+01   3.2495455e+02   4.9138182e+01
   4.1900000e+01   3.3954545e+01   1.0877818e+02
   4.2000000e+01   1.9595455e+02   2.3529818e+02
   4.2100000e+01   3.1495455e+02   1.5953818e+02
   4.2200000e+01   2.4595455e+02   2.4529818e+02
   4.2300000e+01   6.0954545e+01   2.6169818e+02
   4.2400000e+01   1.7195455e+02   7.6258182e+01
   4.2500000e+01   8.2954545e+01   2.0581818e+02
   4.2600000e+01   3.1295455e+02   2.2461818e+02
   4.2700000e+01   9.7954545e+01   1.4121818e+02
   4.2800000e+01   1.3695455e+02   1.7465818e+02
   4.2900000e+01   3.4954545e+01   2.4273818e+02
   4.3000000e+01   1.3295455e+02   1.0981818e+02
   4.3100000e+01   2.6495455e+02   1.9053818e+02
   4.3200000e+01   5.6954545e+01   2.1385818e+02
   4.3300000e+01   8.7954545e+01   4.3618182e+01
   4.3400000e+01   7.8954545e+01   1.0697818e+02
   4.3500000e+01  -2.4045455e+01   8.6098182e+01
   4.3600000e+01   5.3954545e+01   1.2397818e+02
   4.3700000e+01   1.6695455e+02   3.2845818e+02
   4.3800000e+01   1.5695455e+02   1.8685818e+02
   4.3900000e+01   1.9595455e+02   1.1829818e+02
   4.4000000e+01   3.2895455e+02   1.1097818e+02
   4.4100000e+01   1.0495455e+02   2.2793818e+02
   4.4200000e+01   1.0695455e+02   2.3385818e+02
   4.4300000e+01   1.4695455e+02   1.0425818e+02
   4.4400000e+01   3.3795455e+02   2.1661818e+02
   4.4500000e+01   1.1895455e+02   1.0137818e+02
   4.4600000e+01   1.5995455e+02   1.4373818e+02
   4.4700000e+01   6.3954545e+01   6.8578182e+01
   4.4800000e+01   2.4195455e+02   1.7745818e+02
   4.4900000e+01   1.8495455e+02   2.2273818e+02
   4.5000000e+01   1.5295455e+02   2.0801818e+02
   4.5100000e+01   4.1954545e+01   9.1458182e+01
   4.5200000e+01   1.8695455e+02   2.2765818e+02
   4.5300000e+01   5.5954545e+01   2.4689818e+02
   4.5400000e+01   1.8695455e+02   1.3965818e+02
   4.5500000e+01   3.7954545e+01   2.0561818e+02
   4.5600000e+01   4.7954545e+01   4.1218182e+01
   4.5700000e+01   1.1395455e+02   1.4657818e+02
   4.5800000e+01   1.9495455e+02   2.9733818e+02
   4.5900000e+01   2.2995455e+02   2.3993818e+02
   4.6000000e+01   8.3954545e+01   8.3778182e+01
   4.6100000e+01   1.8595455e+02   1.0669818e+02
   4.6200000e+01   1.5495455e+02  -2.4061818e+01
   4.6300000e+01  -9.0454545e+00   2.0549818e+02
   4.6400000e+01   2.1095455e+02   1.7569818e+02
   4.6500000e+01   3.3295455e+02  -2.6181818e+01
   4.6600000e+01   2.1495455e+02   2.5453818e+02
   4.6700000e+01   1.7895455e+02   1.1097818e+02
   4.6800000e+01   2.1995455e+02   2.4833818e+02
   4.6900000e+01   1.3895455e+02   3.6578182e+01
   4.7000000e+01   2.1995455e+02   2.8033818e+02
   4.7100000e+01   2.7295455e+02   1.1121818e+02
   4.7200000e+01   1.4695455e+02   1.6125818e+02
   4.7300000e+01   1.4095455e+02   6.1498182e+01
   4.7400000e+01   1.5195455e+02   1.1505818e+02
   4.7500000e+01   1.6995455e+02   2.8033818e+02
   4.7600000e+01   1.0695455e+02  -1.5141818e+01
   4.7700000e+01   1.8895455e+02   1.6757818e+02
   4.7800000e+01   1.5395455e+02   4.2978182e+01
   4.7900000e+01   2.8954545e+01   1.5597818e+02
   4.8000000e+01   3.2295455e+02   1.3621818e+02
   4.8100000e+01   1.4795455e+02   5.7218182e+01
   4.8200000e+01   1.6795455e+02   2.3641818e+02
   4.8300000e+01   2.4095455e+02   1.5449818e+02
   4.8400000e+01   2.4954545e+01   2.1413818e+02
   4.8500000e+01   2.5695455e+02   2.6285818e+02
   4.8600000e+01   2.5895455e+02   3.1277818e+02
   4.8700000e+01   4.1795455e+02   2.8441818e+02
   4.8800000e+01   2.1295455e+02   1.1561818e+02
   4.8900000e+01   2.9895455e+02   1.4917818e+02
   4.9000000e+01   1.9895455e+02   2.1917818e+02
   4.9100000e+01   3.5695455e+02   2.0385818e+02
   4.9200000e+01   2.6695455e+02   2.5745818e+02
   4.9300000e+01   3.0895455e+02   1.3177818e+02
   4.9400000e+01   4.0595455e+02   7.9898182e+01
   4.9500000e+01   1.6495455e+02  -3.4618182e+00
   4.9600000e+01   2.6595455e+02   1.4049818e+02
   4.9700000e+01   3.1395455e+02   4.0578182e+01
   4.9800000e+01   2.3895455e+02   3.1457818e+02
   4.9900000e+01   3.2695455e+02   5.6058182e+01
   5.0000000e+01   3.7295455e+02   2.2721818e+02
   5.0100000e+01   2.7895455e+02   3.1897818e+02
   5.0200000e+01   1.6995455e+02   6.6338182e+01
   5.0300000e+01   9.2954545e+01   4.0418182e+01
   5.0400000e+01   2.4295455e+02   2.0941818e+02
   5.0500000e+01   9.7954545e+01   2.2821818e+02
   5.0600000e+01   1.3495455e+02   1.2473818e+02
   5.0700000e+01   3.0395455e+02   1.2897818e+02
   5.0800000e+01   1.6695455e+02   1.2445818e+02
   5.0900000e+01   1.5395455e+02   2.8978182e+01
   5.1000000e+01   2.1295455e+02   1.4161818e+02
   5.1100000e+01   2.5595455e+02   2.3889818e+02
   5.1200000e+01   1.0495455e+02   1.6393818e+02
   5.1300000e+01   1.6495455e+02   2.8953818e+02
   5.1400000e+01   4.0595455e+02  -6.5101818e+01
   5.1500000e+01   2.4195455e+02  -1.3541818e+01
   5.1600000e+01   2.5095455e+02  -1.5901818e+01
   5.1700000e+01   1.2695455e+02  -7.9418182e+00
   5.1800000e+01   1.1395455e+02   1.5757818e+02
   5.1900000e+01   3.4095455e+02   1.0049818e+02
   5.2000000e+01   2.1995455e+02   8.0338182e+01
   5.2100000e+01   1.8395455e+02   1.0877818e+02
   5.2200000e+01   1.3695455e+02   1.6765818e+02
   5.2300000e+01   2.2795455e+02   5.0018182e+01
   5.2400000e+01   9.3954545e+01   1.2137818e+02
   5.2500000e+01  -1.0454545e+00   3.1781818e+00
   5.2600000e+01   2.1395455e+02   1.6657818e+02
   5.2700000e+01   1.5495455e+02   9.7938182e+01
   5.2800000e+01   1.8095455e+02   1.8289818e+02
   5.2900000e+01   1.8295455e+02   5.9818182e+01
   5.3000000e+01   1.8795455e+02   1.1461818e+02
   5.3100000e+01   1.3395455e+02   4.4778182e+01
   5.3200000e+01   2.8595455e+02   2.5569818e+02
   5.3300000e+01   6.8954545e+01   8.6378182e+01
   5.3400000e+01   1.5795455e+02   3.6818182e+01
   5.3500000e+01   2.2795455e+02   4.0018182e+01
   5.3600000e+01   8.2954545e+01   2.6281818e+02
   5.3700000e+01   1.3295455e+02   1.3581818e+02
   5.3800000e+01   1.7195455e+02  -3.7418182e+00
   5.3900000e+01   3.1095455e+02   3.4698182e+01
   5.4000000e+01   3.5395455e+02   2.9781818e+00
   5.4100000e+01   2.6895455e+02   1.5837818e+02
   5.4200000e+01   1.9195455e+02  -5.0541818e+01
   5.4300000e+01   3.4195455e+02  -1.5541818e+01
   5.4400000e+01   3.2195455e+02   1.4025818e+02
   5.4500000e+01   3.3495455e+02   9.7738182e+01
   5.4600000e+01   3.5995455e+02   4.2738182e+01
   5.4700000e+01   4.9495455e+02   1.2333818e+02
   5.4800000e+01   2.9995455e+02   2.1113818e+02
   5.4900000e+01   3.2695455e+02   4.6058182e+01
   5.5000000e+01   4.5595455e+02   8.0898182e+01
   5.5100000e+01   3.5095455e+02   2.3209818e+02
   5.5200000e+01   3.4795455e+02   1.2821818e+02
   5.5300000e+01   3.9095455e+02   1.7549818e+02
   5.5400000e+01   3.2495455e+02  -6.3861818e+01
   5.5500000e+01   2.6395455e+02   1.7857818e+02
   5.5600000e+01   4.7295455e+02   9.5218182e+01
   5.5700000e+01   2.7595455e+02   1.1809818e+02
   5.5800000e+01   1.3095455e+02   7.0898182e+01
   5.5900000e+01   5.2954545e+01   1.4201818e+02
   5.6000000e+01   1.6095455e+02   2.6698182e+01
   5.6100000e+01   2.0095455e+02   2.1309818e+02
   5.6200000e+01   3.9954545e+01   2.1653818e+02
   5.6300000e+01   2.6195455e+02   1.6565818e+02
   5.6400000e+01   2.0695455e+02   7.8858182e+01
   5.6500000e+01   2.2095455e+02   1.0629818e+02
   5.6600000e+01   2.1795455e+02   1.0641818e+02
   5.6700000e+01   2.8095455e+02   1.4989818e+02
   5.6800000e+01   1.2695455e+02   6.2058182e+01
   5.6900000e+01   1.8295455e+02   2.7818182e+01
   5.7000000e+01   2.6595455e+02   5.7498182e+01
   5.7100000e+01   1.3595455e+02   2.4569818e+02
   5.7200000e+01   1.6195455e+02   1.3265818e+02
   5.7300000e+01   4.0954545e+01   1.4549818e+02
   5.7400000e+01   3.0495455e+02   1.4693818e+02
   5.7500000e+01   2.2595455e+02   3.2109818e+02
   5.7600000e+01   6.4954545e+01   9.0538182e+01
   5.7700000e+01   1.6395455e+02   2.3257818e+02
   5.7800000e+01   2.4695455e+02  -1.8741818e+01
   5.7900000e+01  -2.3045455e+01   1.4105818e+02
   5.8000000e+01   2.5095455e+02   5.8098182e+01
   5.8100000e+01   3.0695455e+02   1.1685818e+02
   5.8200000e+01   2.5995455e+02   2.2738182e+01
   5.8300000e+01   2.0195455e+02   1.8705818e+02
   5.8400000e+01   1.1595455e+02   2.8349818e+02
   5.8500000e+01   6.8954545e+01   1.9337818e+02
   5.8600000e+01   2.3395455e+02   1.9677818e+02
   5.8700000e+01   4.9545455e+00   9.5938182e+01
   5.8800000e+01   1.4495455e+02   6.8338182e+01
   5.8900000e+01   1.2895455e+02   1.4197818e+02
   5.9000000e+01   1.6295455e+02   1.5661818e+02
   5.9100000e+01   3.1295455e+02   5.4618182e+01
   5.9200000e+01   1.6295455e+02   9.0618182e+01
   5.9300000e+01   1.1895455e+02   1.8937818e+02
   5.9400000e+01   1.6195455e+02  -5.4341818e+01
   5.9500000e+01   2.2695455e+02   1.0005818e+02
   5.9600000e+01   1.3895455e+02   2.2857818e+02
   5.9700000e+01   1.3295455e+02   7.1818182e+01
   5.9800000e+01   2.2395455e+02   1.5017818e+02
   5.9900000e+01   1.4295455e+02   1.2741818e+02
   6.0000000e+01   2.3595455e+02   7.1698182e+01
   6.0100000e+01   1.6695455e+02  -1.4541818e+01
   6.0200000e+01   3.1795455e+02   9.1418182e+01
   6.0300000e+01   1.2595455e+02   4.9098182e+01
   6.0400000e+01   2.0995455e+02  -1.6261818e+01
   6.0500000e+01   1.7995455e+02   7.6938182e+01
   6.0600000e+01   5.2954545e+01   4.0018182e+01
   6.0700000e+01   2.9954545e+01   1.8793818e+02
   6.0800000e+01   8.8954545e+01   1.1057818e+02
   6.0900000e+01   1.3895455e+02   5.9578182e+01
   6.1000000e+01   3.7695455e+02   2.3105818e+02
   6.1100000e+01   1.4095455e+02   2.4049818e+02
   6.1200000e+01   1.5695455e+02   1.9085818e+02
   6.1300000e+01  -4.4045455e+01   2.4089818e+02
   6.1400000e+01   1.3295455e+02   1.5581818e+02
   6.1500000e+01   4.0954545e+01   7.5498182e+01
   6.1600000e+01   4.6954545e+01   1.1325818e+02
   6.1700000e+01   1.2595455e+02   1.9509818e+02
   6.1800000e+01   7.9954545e+01   1.2793818e+02
   6.1900000e+01   1.7995455e+02   1.6093818e+02
   6.2000000e+01   2.6495455e+02   1.5153818e+02
   6.2100000e+01   1.2995455e+02   7.7938182e+01
   6.2200000e+01   1.0195455e+02   7.4058182e+01
   6.2300000e+01   3.7595455e+02   1.0209818e+02
   6.2400000e+01   1.7795455e+02   1.4101818e+02
   6.2500000e+01   9.4954545e+01   2.3633818e+02
   6.2600000e+01   1.2995455e+02   1.5393818e+02
   6.2700000e+01   3.0595455e+02   1.8189818e+02
   6.2800000e+01   6.6954545e+01   1.8745818e+02
   6.2900000e+01   1.2595455e+02   1.3409818e+02
   6.3000000e+01   2.2395455e+02   1.9717818e+02
   6.3100000e+01   7.9545455e+00   7.7818182e+01
   6.3200000e+01   3.2895455e+02   1.0997818e+02
   6.3300000e+01   8.0954545e+01   5.8898182e+01
   6.3400000e+01   3.4954545e+01   1.2173818e+02
   6.3500000e+01   1.5295455e+02   1.1201818e+02
   6.3600000e+01   1.3095455e+02  -7.4101818e+01
   6.3700000e+01  -1.0454545e+00   1.3917818e+02
   6.3800000e+01   7.4954545e+01   1.6513818e+02
   6.3900000e+01  -9.7045455e+01   2.9401818e+02
   6.4000000e+01  -2.9045455e+01   1.5129818e+02
   6.4100000e+01   1.4195455e+02   2.4045818e+02
   6.4200000e+01   1.2095455e+02   2.5629818e+02
   6.4300000e+01   3.3954545e+01   2.5777818e+02
   6.4400000e+01  -8.0045455e+01   2.6433818e+02
   6.4500000e+01  -2.1045455e+01   2.9997818e+02
   6.4600000e+01   2.4954545e+01   1.0113818e+02
   6.4700000e+01  -4.5045455e+01   7.0938182e+01
   6.4800000e+01   7.9954545e+01   1.3393818e+02
   6.4900000e+01  -5.0045455e+01   2.2913818e+02
   6.5000000e+01   8.2954545e+01   1.2181818e+02
   6.5100000e+01   1.1295455e+02   5.5618182e+01
   6.5200000e+01   2.8954545e+01   4.1978182e+01
   6.5300000e+01   8.4954545e+01   1.5738182e+01
   6.5400000e+01   7.7954545e+01   2.7201818e+02
   6.5500000e+01   2.1095455e+02   6.2698182e+01
   6.5600000e+01   2.5195455e+02   1.3705818e+02
   6.5700000e+01   2.3695455e+02   2.3265818e+02
   6.5800000e+01   4.6954545e+01   1.1025818e+02
   6.5900000e+01   2.0495455e+02   6.5938182e+01
   6.6000000e+01   1.6795455e+02   2.9418182e+01
   6.6100000e+01   9.5954545e+01   1.5129818e+02
   6.6200000e+01   2.2295455e+02  -1.6781818e+01
   6.6300000e+01   3.4095455e+02   7.4981818e+00
   6.6400000e+01   2.9995455e+02  -3.8618182e+00
   6.6500000e+01   1.2695455e+02   6.0058182e+01
   6.6600000e+01   2.0695455e+02   2.5285818e+02
   6.6700000e+01   2.8954545e+01   9.9781818e+00
   6.6800000e+01   2.9695455e+02  -1.1741818e+01
   6.6900000e+01  -2.8045455e+01   1.1025818e+02
   6.7000000e+01   4.1954545e+01  -2.4541818e+01
   6.7100000e+01   3.7954545e+01   6.2618182e+01
   6.7200000e+01   5.9545455e+00   9.5898182e+01
   6.7300000e+01   1.9795455e+02   9.5218182e+01
   6.7400000e+01   1.1295455e+02   1.3861818e+02
   6.7500000e+01   8.5954545e+01   2.2969818e+02
   6.7600000e+01   1.4995455e+02   9.2138182e+01
   6.7700000e+01  -1.3045455e+01   1.2765818e+02
   6.7800000e+01   3.8954545e+01   1.6357818e+02
   6.7900000e+01   5.1954545e+01   1.4005818e+02
   6.8000000e+01   1.8295455e+02   1.0781818e+02
   6.8100000e+01   7.4954545e+01   1.2113818e+02
   6.8200000e+01   3.6395455e+02   1.6257818e+02
   6.8300000e+01   6.2954545e+01   1.6761818e+02
   6.8400000e+01   2.0495455e+02   1.0793818e+02
   6.8500000e+01   1.1995455e+02   4.0133818e+02
   6.8600000e+01   5.0954545e+01   2.0809818e+02
   6.8700000e+01  -2.7045455e+01   1.6221818e+02
   6.8800000e+01   1.5695455e+02   2.6185818e+02
   6.8900000e+01   8.9954545e+01   3.2653818e+02
   6.9000000e+01   1.6954545e+01   2.0045818e+02
   6.9100000e+01   2.4195455e+02   2.2345818e+02
   6.9200000e+01   3.9545455e+00   2.4697818e+02
   6.9300000e+01   1.5195455e+02   1.0805818e+02
   6.9400000e+01   1.2695455e+02   1.7605818e+02
   6.9500000e+01  -6.1045455e+01   3.0557818e+02
   6.9600000e+01   3.8954545e+01   1.8857818e+02
   6.9700000e+01  -5.6045455e+01   8.6378182e+01
   6.9800000e+01  -9.1045455e+01   1.6877818e+02
   6.9900000e+01   3.2954545e+01   1.1281818e+02
   7.0000000e+01   1.5895455e+02   4.8778182e+01
   7.0100000e+01   9.9545455e+00   1.1073818e+02
   7.0200000e+01   6.0954545e+01   1.6069818e+02
   7.0300000e+01  -1.4045455e+01   2.0069818e+02
   7.0400000e+01   1.9095455e+02   3.1949818e+02
   7.0500000e+01   3.4954545e+01   2.7373818e+02
   7.0600000e+01   4.2954545e+01   2.2441818e+02
   7.0700000e+01   1.4595455e+02   1.7329818e+02
   7.0800000e+01   2.3395455e+02   4.9778182e+01
   7.0900000e+01   9.4954545e+01   1.4333818e+02
   7.1000000e+01   5.8954545e+01   1.9077818e+02
   7.1100000e+01   1.0895455e+02   2.4577818e+02
   7.1200000e+01   2.0695455e+02   1.1685818e+02
   7.1300000e+01   1.6595455e+02   1.9349818e+02
   7.1400000e+01   5.3954545e+01   2.0197818e+02
   7.1500000e+01   4.2954545e+01   3.1341818e+02
   7.1600000e+01   7.3954545e+01   2.1317818e+02
   7.1700000e+01   4.0954545e+01   1.8849818e+02
   7.1800000e+01   1.5195455e+02   1.5805818e+02
   7.1900000e+01   2.7954545e+01   1.1018182e+01
   7.2000000e+01   1.3095455e+02   1.3898182e+01
   7.2100000e+01   1.2595455e+02   1.1609818e+02
   7.2200000e+01  -2.1045455e+01   9.5978182e+01
   7.2300000e+01   1.5395455e+02   6.1978182e+01
   7.2400000e+01   1.6954545e+01   2.2045818e+02
   7.2500000e+01   7.8954545e+01   4.5978182e+01
   7.2600000e+01   5.6954545e+01   4.6858182e+01
   7.2700000e+01   1.9545455e+00   1.7605818e+02
   7.2800000e+01   1.6895455e+02   1.4137818e+02
   7.2900000e+01   8.5954545e+01   2.4069818e+02
   7.3000000e+01  -2.8045455e+01   1.8258182e+01
   7.3100000e+01   2.9545455e+00   9.4018182e+01
   7.3200000e+01  -2.7045455e+01   1.5421818e+02
   7.3300000e+01   1.8395455e+02   1.0778182e+01
   7.3400000e+01   1.1695455e+02   1.1245818e+02
   7.3500000e+01   8.9954545e+01   2.8538182e+01
   7.3600000e+01  -5.3045455e+01   1.0025818e+02
   7.3700000e+01   8.5954545e+01   2.6869818e+02
   7.3800000e+01  -1.0504545e+02   3.5533818e+02
   7.3900000e+01   2.5195455e+02   2.1105818e+02
   7.4000000e+01   1.9295455e+02   1.5541818e+02
   7.4100000e+01   8.5954545e+01   1.9069818e+02
   7.4200000e+01   8.7954545e+01   2.0261818e+02
   7.4300000e+01   1.4895455e+02   2.5617818e+02
   7.4400000e+01   1.7954545e+01   1.3641818e+02
   7.4500000e+01   1.8495455e+02   7.7738182e+01
   7.4600000e+01   1.2954545e+01   1.3061818e+02
   7.4700000e+01   6.0954545e+01   1.3469818e+02
   7.4800000e+01  -4.6045455e+01   1.5197818e+02
   7.4900000e+01   4.4954545e+01   6.8338182e+01
   7.5000000e+01  -1.6004545e+02   4.7538182e+01
   7.5100000e+01   2.3954545e+01   1.3217818e+02
   7.5200000e+01  -4.1045455e+01  -2.2181818e-01
   7.5300000e+01   1.9895455e+02   1.1817818e+02
   7.5400000e+01   6.5954545e+01   2.1449818e+02
   7.5500000e+01   1.6795455e+02   1.4541818e+02
   7.5600000e+01   4.4995455e+02   1.1813818e+02
   7.5700000e+01   3.1954545e+01   1.8785818e+02
   7.5800000e+01   9.3954545e+01   4.8378182e+01
   7.5900000e+01   1.6195455e+02   2.3065818e+02
   7.6000000e+01   1.3995455e+02   1.5653818e+02
   7.6100000e+01   4.6954545e+01   1.3625818e+02
   7.6200000e+01   4.5954545e+01   9.2298182e+01
   7.6300000e+01   2.9545455e+00   1.3901818e+02
   7.6400000e+01  -5.7045455e+01   2.6541818e+02
   7.6500000e+01   3.4954545e+01   1.0473818e+02
   7.6600000e+01   1.5954545e+01   4.2498182e+01
   7.6700000e+01   8.7954545e+01   2.0761818e+02
   7.6800000e+01  -1.6045455e+01   3.1377818e+02
   7.6900000e+01   2.4954545e+01   2.0113818e+02
   7.7000000e+01   1.0295455e+02   2.2301818e+02
   7.7100000e+01   2.6954545e+01   2.3305818e+02
   7.7200000e+01   4.9545455e+00   9.1938182e+01
   7.7300000e+01  -1.4004545e+02   1.4273818e+02
   7.7400000e+01  -6.0045455e+01   2.7453818e+02
   7.7500000e+01   3.3954545e+01   3.3977818e+02
   7.7600000e+01  -3.0045455e+01   1.1533818e+02
   7.7700000e+01  -4.9045455e+01   1.5709818e+02
   7.7800000e+01   1.5695455e+02   1.1485818e+02
   7.7900000e+01   4.9954545e+01   6.8138182e+01
   7.8000000e+01   1.8295455e+02   2.9681818e+02
   7.8100000e+01   1.3595455e+02   2.6869818e+02
   7.8200000e+01   5.7954545e+01   9.2818182e+01
   7.8300000e+01   1.3195455e+02   1.3085818e+02
   7.8400000e+01   1.1095455e+02   1.3869818e+02
   7.8500000e+01   1.5895455e+02   4.3778182e+01
   7.8600000e+01   1.9954545e+01   3.4338182e+01
   7.8700000e+01   1.4995455e+02   1.0113818e+02
   7.8800000e+01   5.9545455e+00   1.1889818e+02
   7.8900000e+01  -9.7045455e+01   1.4201818e+02
   7.9000000e+01   1.2495455e+02   1.8513818e+02
   7.9100000e+01  -2.0045455e+01   1.2293818e+02
   7.9200000e+01  -4.1045455e+01   6.4778182e+01
   7.9300000e+01  -4.7045455e+01   1.0901818e+02
   7.9400000e+01  -1.1104545e+02   1.9757818e+02
   7.9500000e+01   3.1954545e+01   3.8858182e+01
   7.9600000e+01   5.2954545e+01   8.8018182e+01
   7.9700000e+01   3.4954545e+01   5.7738182e+01
   7.9800000e+01   5.9545455e+00   5.3898182e+01
   7.9900000e+01  -3.8045455e+01   1.5665818e+02
   8.0000000e+01   8.6954545e+01   1.4065818e+02
   8.0100000e+01  -3.0454545e+00   2.9325818e+02
   8.0200000e+01   1.5954545e+01   2.5949818e+02
   8.0300000e+01  -3.5045455e+01   1.1153818e+02
   8.0400000e+01  -6.0454545e+00   1.9837818e+02
   8.0500000e+01   5.3954545e+01   6.5978182e+01
   8.0600000e+01   4.8954545e+01   5.1178182e+01
   8.0700000e+01   1.7995455e+02   1.8993818e+02
   8.0800000e+01   2.8954545e+01   7.0978182e+01
   8.0900000e+01   1.6095455e+02   1.7669818e+02
   8.1000000e+01   4.9545455e+00   1.2393818e+02
   8.1100000e+01   1.1995455e+02   8.7338182e+01
   8.1200000e+01   4.4954545e+01   2.2333818e+02
   8.1300000e+01   7.0954545e+01   6.8298182e+01
   8.1400000e+01  -5.0045455e+01   9.4138182e+01
   8.1500000e+01   5.6954545e+01   7.5858182e+01
   8.1600000e+01   1.1995455e+02   1.1133818e+02
   8.1700000e+01   6.3954545e+01   1.4457818e+02
   8.1800000e+01   1.3495455e+02   3.7738182e+01
   8.1900000e+01   6.0954545e+01   1.5269818e+02
   8.2000000e+01  -6.0045455e+01   2.3153818e+02
   8.2100000e+01   7.0954545e+01   1.3229818e+02
   8.2200000e+01  -1.7045455e+01   2.1081818e+02
   8.2300000e+01   7.9545455e+00   2.4881818e+02
   8.2400000e+01   1.5195455e+02   1.4405818e+02
   8.2500000e+01   1.0795455e+02   2.5681818e+02
   8.2600000e+01   1.6395455e+02  -2.6421818e+01
   8.2700000e+01   4.7495455e+02   5.5138182e+01
   8.2800000e+01   5.6954545e+01   2.3858182e+01
   8.2900000e+01   6.0954545e+01   6.9698182e+01
   8.3000000e+01   2.4954545e+01   7.5138182e+01
   8.3100000e+01   8.1954545e+01   1.5858182e+01
   8.3200000e+01   2.2795455e+02   2.1018182e+01
   8.3300000e+01   2.4395455e+02   2.1937818e+02
   8.3400000e+01   1.4895455e+02   2.0117818e+02
   8.3500000e+01   2.6954545e+01   1.7205818e+02
   8.3600000e+01   7.1954545e+01   6.8258182e+01
   8.3700000e+01   7.2954545e+01   1.7221818e+02
   8.3800000e+01   7.0954545e+01   1.7029818e+02
   8.3900000e+01   1.6595455e+02   2.0749818e+02
   8.4000000e+01  -3.3045455e+01   3.4458182e+01
   8.4100000e+01  -5.4045455e+01   2.1429818e+02
   8.4200000e+01   3.3954545e+01  -4.3221818e+01
   8.4300000e+01   5.4954545e+01  -3.8061818e+01
   8.4400000e+01   2.4954545e+01   4.2138182e+01
   8.4500000e+01   2.0195455e+02   9.2058182e+01
   8.4600000e+01   3.2954545e+01   1.3981818e+02
   8.4700000e+01  -8.0454545e+00   1.7045818e+02
   8.4800000e+01   5.8954545e+01   1.4377818e+02
   8.4900000e+01   4.3954545e+01   3.2378182e+01
   8.5000000e+01   6.8954545e+01   1.1337818e+02
   8.5100000e+01   6.6954545e+01   2.4245818e+02
   8.5200000e+01   1.5954545e+01   1.2449818e+02
   8.5300000e+01  -3.4045455e+01   1.4449818e+02
   8.5400000e+01  -8.1045455e+01   6.0378182e+01
   8.5500000e+01   1.4895455e+02   1.4017818e+02
   8.5600000e+01  -1.7045455e+01  -1.2181818e+01
   8.5700000e+01  -1.1304545e+02  -1.3418182e+00
   8.5800000e+01  -9.3045455e+01   3.0858182e+01
   8.5900000e+01  -1.3304545e+02   2.6345818e+02
   8.6000000e+01   2.9954545e+01   8.2938182e+01
   8.6100000e+01   8.1954545e+01   1.7858182e+01
   8.6200000e+01  -6.0454545e+00  -7.7621818e+01
   8.6300000e+01  -3.9045455e+01  -2.3301818e+01
   8.6400000e+01   1.2395455e+02  -5.0821818e+01
   8.6500000e+01   2.8295455e+02  -1.6181818e+01
   8.6600000e+01   4.8954545e+01   3.1178182e+01
   8.6700000e+01   1.6995455e+02   1.2333818e+02
   8.6800000e+01  -1.0904545e+02   7.2498182e+01
   8.6900000e+01  -2.4045455e+01   3.0981818e+00
   8.7000000e+01   2.0595455e+02   1.8981818e+00
   8.7100000e+01   2.0954545e+01   6.7298182e+01
   8.7200000e+01   2.9545455e+00  -5.2981818e+01
   8.7300000e+01   4.6954545e+01  -2.0741818e+01
   8.7400000e+01   1.0095455e+02  -6.9901818e+01
   8.7500000e+01   4.9545455e+00  -7.4061818e+01
   8.7600000e+01   5.2954545e+01   1.5101818e+02
   8.7700000e+01   4.5954545e+01   3.2298182e+01
   8.7800000e+01   6.0954545e+01   9.6981818e+00
   8.7900000e+01   7.6954545e+01   6.8058182e+01
   8.8000000e+01   1.9095455e+02  -3.0501818e+01
   8.8100000e+01  -3.4045455e+01   1.0649818e+02
   8.8200000e+01   3.0954545e+01  -3.6101818e+01
   8.8300000e+01  -3.2045455e+01  -4.7581818e+01
   8.8400000e+01   8.7954545e+01   9.7618182e+01
   8.8500000e+01  -3.0454545e+00   8.4258182e+01
   8.8600000e+01  -3.0454545e+00   7.3258182e+01
   8.8700000e+01  -7.8045455e+01  -1.7741818e+01
   8.8800000e+01   2.2695455e+02   1.6058182e+01
   8.8900000e+01  -1.4204545e+02   2.7981818e+02
   8.9000000e+01  -1.1204545e+02   1.2761818e+02
   8.9100000e+01  -3.1045455e+01   8.7378182e+01
   8.9200000e+01  -6.3045455e+01   1.0658182e+01
   8.9300000e+01  -1.2604545e+02   1.0717818e+02
   8.9400000e+01  -1.5004545e+02   6.4138182e+01
   8.9500000e+01  -2.9045455e+01   2.7298182e+01
   8.9600000e+01  -1.6504545e+02   2.5738182e+01
   8.9700000e+01  -6.2045455e+01   1.8961818e+02
   8.9800000e+01   7.9545455e+00   2.6281818e+02
   8.9900000e+01  -1.5504545e+02   2.2533818e+02
   9.0000000e+01   7.5954545e+01   1.6809818e+02
   9.0100000e+01  -6.1045455e+01   2.5457818e+02
   9.0200000e+01  -1.3904545e+02   2.3469818e+02
   9.0300000e+01   2.5954545e+01   1.0609818e+02
   9.0400000e+01   2.8954545e+01   8.9781818e+00
   9.0500000e+01  -3.0454545e+00   1.7725818e+02
   9.0600000e+01   1.2195455e+02   5.8258182e+01
   9.0700000e+01   2.2995455e+02   1.3393818e+02
   9.0800000e+01   1.3954545e+01  -2.1421818e+01
   9.0900000e+01  -1.0404545e+02   1.3929818e+02
   9.1000000e+01   1.0495455e+02   2.6193818e+02
   9.1100000e+01  -7.8045455e+01   1.4425818e+02
   9.1200000e+01   1.8954545e+01   1.7137818e+02
   9.1300000e+01  -4.0045455e+01  -8.2618182e+00
   9.1400000e+01  -7.0454545e+00   1.9441818e+02
   9.1500000e+01   1.2095455e+02   4.7298182e+01
   9.1600000e+01  -1.7045455e+01   8.6818182e+01
   9.1700000e+01  -3.6045455e+01   7.1578182e+01
   9.1800000e+01   1.6695455e+02   9.5458182e+01
   9.1900000e+01   1.2195455e+02   4.1258182e+01
   9.2000000e+01  -1.0704545e+02  -5.5818182e+00
   9.2100000e+01  -2.1045455e+01  -3.7021818e+01
   9.2200000e+01  -1.5045455e+01   1.6673818e+02
   9.2300000e+01  -2.5045455e+01   2.2138182e+01
   9.2400000e+01   4.0954545e+01  -6.5018182e+00
   9.2500000e+01  -1.1304545e+02   2.2658182e+01
   9.2600000e+01  -1.7104545e+02   2.5997818e+02
   9.2700000e+01   2.0954545e+01   1.2529818e+02
   9.2800000e+01   1.6995455e+02   9.3338182e+01
   9.2900000e+01   1.0954545e+01   3.6769818e+02
   9.3000000e+01  -1.2904545e+02   2.3298182e+01
   9.3100000e+01  -5.7045455e+01   1.2941818e+02
   9.3200000e+01  -2.3045455e+01   5.0581818e+00
   9.3300000e+01  -1.5604545e+02   1.4237818e+02
   9.3400000e+01  -4.5454545e-02   3.2138182e+01
   9.3500000e+01  -3.4045455e+01   9.8498182e+01
   9.3600000e+01   9.9954545e+01   1.1213818e+02
   9.3700000e+01  -9.2045455e+01   1.4581818e+02
   9.3800000e+01  -9.8045455e+01   2.3305818e+02
   9.3900000e+01  -1.0504545e+02  -1.5661818e+01
   9.4000000e+01   8.9545455e+00   9.2778182e+01
   9.4100000e+01   3.3954545e+01   2.1277818e+02
   9.4200000e+01   2.1954545e+01   1.1825818e+02
   9.4300000e+01  -3.9045455e+01   1.0069818e+02
   9.4400000e+01   9.8954545e+01   2.1781818e+00
   9.4500000e+01  -6.6045455e+01   1.8577818e+02
   9.4600000e+01  -6.7045455e+01   2.0081818e+02
   9.4700000e+01  -3.0454545e+00   2.3258182e+01
   9.4800000e+01   1.3954545e+01   1.2578182e+01
   9.4900000e+01  -3.0045455e+01   1.7933818e+02
   9.5000000e+01   1.2895455e+02   6.9978182e+01
   9.5100000e+01  -9.4045455e+01   1.6989818e+02
   9.5200000e+01   2.6954545e+01   8.6058182e+01
   9.5300000e+01   5.7954545e+01   8.0818182e+01
   9.5400000e+01   9.5954545e+01   7.0298182e+01
   9.5500000e+01  -3.4045455e+01   8.0498182e+01
   9.5600000e+01  -8.5045455e+01   2.5538182e+01
   9.5700000e+01   2.1954545e+01   4.5258182e+01
   9.5800000e+01  -3.1045455e+01   3.2378182e+01
   9.5900000e+01  -8.3045455e+01   1.9458182e+01
   9.6000000e+01  -1.3704545e+02   2.4861818e+02
   9.6100000e+01   8.8954545e+01   1.1057818e+02
   9.6200000e+01  -4.9045455e+01   4.0098182e+01
   9.6300000e+01  -3.3045455e+01   1.3645818e+02
   9.6400000e+01   6.7954545e+01   1.9741818e+02
   9.6500000e+01  -8.4045455e+01   2.0749818e+02
   9.6600000e+01  -8.6045455e+01   1.3557818e+02
   9.6700000e+01   1.1895455e+02  -2.0621818e+01
   9.6800000e+01  -2.0454545e+00   1.0321818e+02
   9.6900000e+01  -7.9045455e+01   1.0229818e+02
   9.7000000e+01  -2.7045455e+01   1.1821818e+02
   9.7100000e+01  -1.3045455e+01   5.4658182e+01
   9.7200000e+01  -7.6045455e+01   6.8178182e+01
   9.7300000e+01   1.1954545e+01  -5.3418182e+00
   9.7400000e+01   1.5095455e+02  -2.0901818e+01
   9.7500000e+01  -2.4045455e+01   1.0209818e+02
   9.7600000e+01  -7.4045455e+01   1.7209818e+02
   9.7700000e+01  -9.6045455e+01   4.4978182e+01
   9.7800000e+01  -6.4045455e+01   2.9698182e+01
   9.7900000e+01  -1.1504545e+02   8.9738182e+01
   9.8000000e+01   3.3954545e+01   1.0477818e+02
   9.8100000e+01  -2.3045455e+01  -1.1941818e+01
   9.8200000e+01  -2.4045455e+01   1.3609818e+02
   9.8300000e+01   4.0954545e+01   8.9498182e+01
   9.8400000e+01   2.9954545e+01   2.7938182e+01
   9.8500000e+01  -7.0045455e+01   9.9381818e+00
   9.8600000e+01   3.2954545e+01   4.7818182e+01
   9.8700000e+01  -6.3045455e+01   1.0765818e+02
   9.8800000e+01  -7.7045455e+01   1.3821818e+02
   9.8900000e+01  -3.5045455e+01   1.4953818e+02
   9.9000000e+01   9.5954545e+01  -2.0701818e+01
   9.9100000e+01   3.9954545e+01  -2.7461818e+01
   9.9200000e+01   7.1954545e+01   1.1625818e+02
   9.9300000e+01  -4.2045455e+01   1.4281818e+02
   9.9400000e+01   2.1195455e+02   9.3658182e+01
   9.9500000e+01   1.6695455e+02   2.5145818e+02
   9.9600000e+01   1.9795455e+02   1.5221818e+02
   9.9700000e+01  -7.0454545e+00   1.1941818e+02
   9.9800000e+01   8.9545455e+00   1.7977818e+02
   9.9900000e+01  -1.7604545e+02   2.4617818e+02
   1.0000000e+02  -1.1104545e+02   2.0157818e+02
   1.0010000e+02   8.2954545e+01   2.4081818e+02
   1.0020000e+02   3.9954545e+01   9.7538182e+01
   1.0030000e+02  -1.3904545e+02   8.6698182e+01
   1.0040000e+02  -4.1045455e+01   2.3778182e+01
   1.0050000e+02  -2.0454545e+00   9.3218182e+01
   1.0060000e+02  -6.3045455e+01   1.3765818e+02
   1.0070000e+02  -1.1804545e+02  -4.1418182e+00
   1.0080000e+02   3.0954545e+01   1.2289818e+02
   1.0090000e+02  -5.0045455e+01   2.5113818e+02
   1.0100000e+02  -1.2504545e+02   4.0138182e+01
   1.0110000e+02  -8.5045455e+01   1.5453818e+02
   1.0120000e+02   2.9545455e+00   1.9301818e+02
   1.0130000e+02  -5.8045455e+01  -6.2541818e+01
   1.0140000e+02  -1.2404545e+02   6.0981818e+00
   1.0150000e+02  -8.7045455e+01   6.2618182e+01
   1.0160000e+02  -3.6045455e+01   2.1578182e+01
   1.0170000e+02   5.9954545e+01   5.1738182e+01
   1.0180000e+02   1.8954545e+01   1.7378182e+01
   1.0190000e+02  -2.0045455e+01   3.9381818e+00
   1.0200000e+02  -4.0454545e+00   2.3298182e+01
   1.0210000e+02  -5.7045455e+01  -2.6581818e+01
   1.0220000e+02  -4.0045455e+01   3.3738182e+01
   1.0230000e+02   2.4954545e+01   6.4138182e+01
   1.0240000e+02   8.3954545e+01  -6.9221818e+01
   1.0250000e+02  -1.3045455e+01   8.4658182e+01
   1.0260000e+02  -5.0454545e+00   4.2338182e+01
   1.0270000e+02  -6.7045455e+01   1.4981818e+02
   1.0280000e+02   9.2954545e+01   1.5841818e+02
   1.0290000e+02  -1.5104545e+02   6.8178182e+01
   1.0300000e+02   7.1954545e+01   5.1258182e+01
   1.0310000e+02   3.7954545e+01   1.9618182e+01
   1.0320000e+02  -1.1304545e+02   3.6658182e+01
   1.0330000e+02  -3.9045455e+01   2.6269818e+02
   1.0340000e+02  -1.1804545e+02   2.8858182e+01
   1.0350000e+02   4.4954545e+01   6.9338182e+01
   1.0360000e+02   4.9545455e+00   1.6093818e+02
   1.0370000e+02   3.0954545e+01   4.6898182e+01
   1.0380000e+02   2.7954545e+01   1.0501818e+02
   1.0390000e+02  -1.3104545e+02  -2.5621818e+01
   1.0400000e+02   5.1954545e+01   1.2058182e+01
   1.0410000e+02   7.9954545e+01   2.0493818e+02
   1.0420000e+02  -7.8045455e+01   7.4258182e+01
   1.0430000e+02   1.5195455e+02   1.7905818e+02
   1.0440000e+02   9.6954545e+01   1.3125818e+02
   1.0450000e+02   8.9545455e+00   1.3577818e+02
   1.0460000e+02  -1.5104545e+02   1.5217818e+02
   1.0470000e+02  -1.4104545e+02   1.0577818e+02
   1.0480000e+02   6.2954545e+01   7.9618182e+01
   1.0490000e+02   2.0954545e+01   5.4298182e+01
   1.0500000e+02   2.4954545e+01  -8.8618182e+00
   1.0510000e+02  -4.5045455e+01   1.1093818e+02
   1.0520000e+02  -5.8045455e+01   2.4245818e+02
   1.0530000e+02  -6.0454545e+00   7.1378182e+01
   1.0540000e+02  -1.8704545e+02   2.1861818e+02
   1.0550000e+02   1.4195455e+02   1.2458182e+01
   1.0560000e+02  -5.0454545e+00   1.0533818e+02
   1.0570000e+02   1.0195455e+02   1.3905818e+02
   1.0580000e+02   1.7095455e+02   2.7298182e+01
   1.0590000e+02  -7.1045455e+01  -2.0021818e+01
   1.0600000e+02  -3.1045455e+01   1.5337818e+02
   1.0610000e+02   5.9545455e+00   1.6389818e+02
   1.0620000e+02  -9.8045455e+01   1.9105818e+02
   1.0630000e+02   4.8954545e+01   1.5817818e+02
   1.0640000e+02  -3.0045455e+01   1.8133818e+02
   1.0650000e+02   8.6954545e+01   5.0658182e+01
   1.0660000e+02  -8.1045455e+01   1.9137818e+02
   1.0670000e+02  -4.4045455e+01   1.1789818e+02
   1.0680000e+02   9.7954545e+01   9.2218182e+01
   1.0690000e+02  -6.0454545e+00   4.0378182e+01
   1.0700000e+02  -2.6045455e+01   1.3317818e+02
   1.0710000e+02  -1.0204545e+02   2.3921818e+02
   1.0720000e+02  -4.1045455e+01   1.3477818e+02
   1.0730000e+02  -2.5045455e+01   6.9138182e+01
   1.0740000e+02  -3.1045455e+01   3.7378182e+01
   1.0750000e+02   1.7954545e+01   6.0418182e+01
   1.0760000e+02   6.3954545e+01  -2.5421818e+01
   1.0770000e+02   1.3954545e+01   1.8457818e+02
   1.0780000e+02  -9.4045455e+01   1.3898182e+01
   1.0790000e+02  -1.5404545e+02   2.4429818e+02
   1.0800000e+02  -1.9045455e+01   1.3189818e+02
   1.0810000e+02  -9.3045455e+01   1.8585818e+02
   1.0820000e+02  -1.0204545e+02  -7.8781818e+01
   1.0830000e+02  -3.9045455e+01   9.7698182e+01
   1.0840000e+02  -1.0504545e+02   1.0133818e+02
   1.0850000e+02  -1.0704545e+02   1.0741818e+02
   1.0860000e+02  -6.2045455e+01   2.6181818e+00
   1.0870000e+02  -6.4045455e+01   2.3698182e+01
   1.0880000e+02  -7.3045455e+01   4.2058182e+01
   1.0890000e+02  -9.1045455e+01   3.3778182e+01
   1.0900000e+02  -8.8045455e+01   1.9658182e+01
   1.0910000e+02   2.2954545e+01   1.6821818e+02
   1.0920000e+02  -2.0454545e+00   1.2821818e+02
   1.0930000e+02  -1.0504545e+02   1.6033818e+02
   1.0940000e+02  -1.1804545e+02   1.7385818e+02
   1.0950000e+02   7.2954545e+01   1.8218182e+01
   1.0960000e+02  -9.5045455e+01  -8.0618182e+00
   1.0970000e+02  -6.0045455e+01   4.6538182e+01
   1.0980000e+02  -6.7045455e+01   1.4281818e+02
   1.0990000e+02  -5.7045455e+01   9.4418182e+01
   1.1000000e+02  -3.4045455e+01   7.7498182e+01
   1.1010000e+02  -4.4045455e+01   5.9898182e+01
   1.1020000e+02  -2.0454545e+00   1.0121818e+02
   1.1030000e+02  -9.0454545e+00   2.3049818e+02
   1.1040000e+02  -6.0045455e+01   9.8538182e+01
   1.1050000e+02  -1.2404545e+02  -3.5901818e+01
   1.1060000e+02  -2.2404545e+02   1.3009818e+02
   1.1070000e+02  -1.5704545e+02   3.0418182e+01
   1.1080000e+02  -9.4045455e+01   1.7089818e+02
   1.1090000e+02  -1.0904545e+02   9.2498182e+01
   1.1100000e+02  -1.2004545e+02  -3.5061818e+01
   1.1110000e+02  -9.8045455e+01   4.0581818e+00
   1.1120000e+02  -6.1045455e+01   2.0578182e+01
   1.1130000e+02  -1.4604545e+02  -1.0218182e+00
   1.1140000e+02  -5.6045455e+01  -3.2621818e+01
   1.1150000e+02  -1.4204545e+02   9.2818182e+01
   1.1160000e+02  -5.0045455e+01   3.6138182e+01
   1.1170000e+02  -4.9045455e+01   1.8098182e+01
   1.1180000e+02   7.9545455e+00   8.8818182e+01
   1.1190000e+02  -1.4045455e+01   1.7698182e+01
   1.1200000e+02  -1.6204545e+02   1.8761818e+02
   1.1210000e+02   9.9954545e+01  -8.6181818e-01
   1.1220000e+02  -2.7045455e+01   1.1321818e+02
   1.1230000e+02  -1.6204545e+02   1.6661818e+02
   1.1240000e+02  -1.0804545e+02  -5.5418182e+00
   1.1250000e+02  -4.9045455e+01   1.7109818e+02
   1.1260000e+02  -9.0045455e+01  -6.5261818e+01
   1.1270000e+02  -7.3045455e+01   1.7605818e+02
   1.1280000e+02   1.1954545e+01  -3.0341818e+01
   1.1290000e+02   2.7954545e+01   1.9501818e+02
   1.1300000e+02  -1.2504545e+02   7.1138182e+01
   1.1310000e+02   1.0954545e+01  -9.5301818e+01
   1.1320000e+02   4.4954545e+01  -1.9661818e+01
   1.1330000e+02   8.8954545e+01   6.0578182e+01
   1.1340000e+02   1.0595455e+02   2.1898182e+01
   1.1350000e+02  -1.0045455e+01  -4.6181818e-01
   1.1360000e+02  -6.1045455e+01  -3.1421818e+01
   1.1370000e+02   7.0954545e+01   6.6298182e+01
   1.1380000e+02   2.6095455e+02   6.5698182e+01
   1.1390000e+02   2.3595455e+02   1.1069818e+02
   1.1400000e+02  -5.3045455e+01   1.3025818e+02
   1.1410000e+02   1.1295455e+02   9.8618182e+01
   1.1420000e+02   2.2954545e+01  -9.2781818e+01
   1.1430000e+02   1.0395455e+02   1.0397818e+02
   1.1440000e+02  -6.5045455e+01  -2.8261818e+01
   1.1450000e+02  -5.2045455e+01  -1.1078182e+02
   1.1460000e+02  -6.0045455e+01   1.1553818e+02
   1.1470000e+02   9.9954545e+01  -9.3861818e+01
   1.1480000e+02   1.1395455e+02   8.4578182e+01
   1.1490000e+02   1.1395455e+02  -2.5421818e+01
   1.1500000e+02  -2.1045455e+01  -8.1021818e+01
   1.1510000e+02   1.6954545e+01  -4.5541818e+01
   1.1520000e+02  -1.0045455e+01   8.5538182e+01
   1.1530000e+02  -3.7045455e+01   7.4618182e+01
   1.1540000e+02  -1.1604545e+02   1.2377818e+02
   1.1550000e+02   9.9545455e+00   1.0073818e+02
   1.1560000e+02  -1.6404545e+02   1.1969818e+02
   1.1570000e+02  -5.4045455e+01   1.1529818e+02
   1.1580000e+02  -1.2604545e+02   2.1917818e+02
   1.1590000e+02  -1.2904545e+02   5.9298182e+01
   1.1600000e+02  -6.6045455e+01   5.5778182e+01
   1.1610000e+02  -7.3045455e+01   6.1058182e+01
   1.1620000e+02   8.2954545e+01  -2.6181818e+01
   1.1630000e+02  -4.7045455e+01   2.5601818e+02
   1.1640000e+02  -7.6045455e+01   5.8178182e+01
   1.1650000e+02  -1.0704545e+02  -6.2581818e+01
   1.1660000e+02  -1.1304545e+02   1.8658182e+01
   1.1670000e+02  -7.7045455e+01  -1.3781818e+01
   1.1680000e+02  -1.8045455e+01   1.7685818e+02
   1.1690000e+02   2.5954545e+01   2.3209818e+02
   1.1700000e+02  -1.2604545e+02   2.2178182e+01
   1.1710000e+02   6.2954545e+01   6.8618182e+01
   1.1720000e+02  -7.9045455e+01   1.1298182e+01
   1.1730000e+02  -2.5045455e+01   5.3138182e+01
   1.1740000e+02  -1.0404545e+02   1.0529818e+02
   1.1750000e+02  -1.1204545e+02   7.6618182e+01
   1.1760000e+02  -7.9045455e+01   7.2298182e+01
   1.1770000e+02  -5.1045455e+01   1.2417818e+02
   1.1780000e+02  -1.4604545e+02   5.5978182e+01
   1.1790000e+02  -8.8045455e+01  -1.0034182e+02
   1.1800000e+02  -1.9804545e+02  -3.2941818e+01
   1.1810000e+02  -1.6904545e+02   1.0289818e+02
   1.1820000e+02  -4.8045455e+01   1.2705818e+02
   1.1830000e+02  -5.2045455e+01   2.0321818e+02
   1.1840000e+02  -1.0704545e+02   1.2541818e+02
   1.1850000e+02  -1.0504545e+02   1.7133818e+02
   1.1860000e+02  -1.0004545e+02   1.0613818e+02
   1.1870000e+02  -1.4604545e+02   3.5978182e+01
   1.1880000e+02  -1.2204545e+02   1.9018182e+01
   1.1890000e+02  -6.6045455e+01   5.0778182e+01
   1.1900000e+02  -1.9604545e+02   5.0978182e+01
   1.1910000e+02  -3.7045455e+01  -7.3381818e+01
   1.1920000e+02  -7.8045455e+01   1.2581818e+00
   1.1930000e+02  -8.7045455e+01   3.7618182e+01
   1.1940000e+02  -5.8045455e+01   5.8458182e+01
   1.1950000e+02   7.5954545e+01   1.5009818e+02
   1.1960000e+02  -1.7104545e+02   1.4997818e+02
   1.1970000e+02  -1.6045455e+01   2.1377818e+02
   1.1980000e+02  -1.3304545e+02   8.3458182e+01
   1.1990000e+02  -1.7804545e+02   1.6925818e+02
   1.2000000e+02  -1.4504545e+02   2.2493818e+02
   1.2010000e+02  -8.3045455e+01   1.7945818e+02
   1.2020000e+02  -1.5804545e+02   1.4345818e+02
   1.2030000e+02  -2.6045455e+01   9.7178182e+01
   1.2040000e+02  -7.7045455e+01   2.5721818e+02
   1.2050000e+02  -8.6045455e+01   6.9578182e+01
   1.2060000e+02  -2.9045455e+01   7.1298182e+01
   1.2070000e+02  -6.2045455e+01   1.7761818e+02
   1.2080000e+02   1.1595455e+02  -2.5018182e+00
   1.2090000e+02  -1.7404545e+02   3.0098182e+01
   1.2100000e+02  -1.3004545e+02   2.0533818e+02
   1.2110000e+02   1.5954545e+01   3.5498182e+01
   1.2120000e+02  -1.0704545e+02   2.0541818e+02
   1.2130000e+02  -3.4045455e+01   2.2498182e+01
   1.2140000e+02  -1.0004545e+02   2.0913818e+02
   1.2150000e+02   2.3954545e+01   9.6178182e+01
   1.2160000e+02  -6.4045455e+01   3.9698182e+01
   1.2170000e+02   7.9545455e+00   1.8081818e+02
   1.2180000e+02  -7.7045455e+01   1.8821818e+02
   1.2190000e+02  -1.1204545e+02   1.3261818e+02
   1.2200000e+02  -2.0304545e+02   2.7525818e+02
   1.2210000e+02   1.6795455e+02   1.7741818e+02
   1.2220000e+02   9.4954545e+01   1.9833818e+02
   1.2230000e+02  -9.1045455e+01   1.5777818e+02
   1.2240000e+02   4.7954545e+01   8.7218182e+01
   1.2250000e+02  -4.3045455e+01   9.1858182e+01
   1.2260000e+02  -1.7504545e+02   1.1013818e+02
   1.2270000e+02   6.9545455e+00   1.9785818e+02
   1.2280000e+02   9.5454545e-01   3.4098182e+01
   1.2290000e+02  -1.7704545e+02   2.3221818e+02
   1.2300000e+02  -7.4045455e+01   1.3409818e+02
   1.2310000e+02  -1.4404545e+02  -2.8101818e+01
   1.2320000e+02   3.8954545e+01   9.8578182e+01
   1.2330000e+02  -1.4504545e+02   1.7793818e+02
   1.2340000e+02  -1.8204545e+02   6.4418182e+01
   1.2350000e+02  -6.9045455e+01   5.5898182e+01
   1.2360000e+02  -9.2045455e+01   8.1818182e-01
   1.2370000e+02  -5.4045455e+01   3.0129818e+02
   1.2380000e+02  -9.0045455e+01   9.0738182e+01
   1.2390000e+02  -2.3004545e+02   1.2933818e+02
   1.2400000e+02  -1.2204545e+02   2.0801818e+02
   1.2410000e+02  -8.0045455e+01   3.3533818e+02
   1.2420000e+02  -1.9604545e+02   2.3397818e+02
   1.2430000e+02  -1.2004545e+02   4.9381818e+00
   1.2440000e+02  -9.5045455e+01   1.1293818e+02
   1.2450000e+02  -1.1104545e+02   1.6857818e+02
   1.2460000e+02   5.9954545e+01   1.6973818e+02
   1.2470000e+02  -1.0304545e+02   1.1825818e+02
   1.2480000e+02  -1.2004545e+02   2.4993818e+02
   1.2490000e+02  -6.0045455e+01   2.2453818e+02
   1.2500000e+02  -1.0704545e+02   1.6641818e+02
   1.2510000e+02  -1.9045455e+01   1.1389818e+02
   1.2520000e+02  -1.5004545e+02   1.2713818e+02
   1.2530000e+02  -8.3045455e+01   3.4581818e+00
   1.2540000e+02  -1.0404545e+02   1.9229818e+02
   1.2550000e+02  -1.5045455e+01   8.9738182e+01
   1.2560000e+02  -2.9045455e+01   1.7629818e+02
   1.2570000e+02  -1.2045455e+01   2.9561818e+02
   1.2580000e+02  -9.7045455e+01   2.0901818e+02
   1.2590000e+02   5.7954545e+01   7.4818182e+01
   1.2600000e+02  -2.5045455e+01   1.3213818e+02
   1.2610000e+02  -1.0204545e+02   8.6218182e+01
   1.2620000e+02  -9.1045455e+01   1.4377818e+02
   1.2630000e+02   2.0954545e+01   1.3629818e+02
   1.2640000e+02  -7.2045455e+01   6.2018182e+01
   1.2650000e+02  -3.9045455e+01  -3.6301818e+01
   1.2660000e+02   3.2954545e+01   1.4781818e+02
   1.2670000e+02   8.0954545e+01   9.3898182e+01
   1.2680000e+02  -1.3804545e+02  -3.3418182e+00
   1.2690000e+02   2.5954545e+01  -9.9018182e+00
   1.2700000e+02  -4.6045455e+01   1.2297818e+02
   1.2710000e+02  -8.6045455e+01   1.2857818e+02
   1.2720000e+02   3.4954545e+01   1.0373818e+02
   1.2730000e+02  -9.0454545e+00   9.9498182e+01
   1.2740000e+02   7.9545455e+00   2.5818182e+01
   1.2750000e+02   3.9954545e+01   1.5538182e+01
   1.2760000e+02   1.3954545e+01   1.2257818e+02
   1.2770000e+02   5.7954545e+01   2.8181818e+00
   1.2780000e+02  -1.3804545e+02   2.2658182e+01
   1.2790000e+02   2.0954545e+01  -8.7018182e+00
   1.2800000e+02  -3.0045455e+01   7.2338182e+01
   1.2810000e+02   7.1954545e+01   1.9258182e+01
   1.2820000e+02  -7.0045455e+01   8.9381818e+00
   1.2830000e+02   7.9545455e+00  -1.1018182e+02
   1.2840000e+02   4.9954545e+01   2.1138182e+01
   1.2850000e+02  -3.0454545e+00  -5.0741818e+01
   1.2860000e+02   4.5954545e+01   3.1298182e+01
   1.2870000e+02   4.9545455e+00  -7.7061818e+01
   1.2880000e+02  -1.3204545e+02  -7.7581818e+01
   1.2890000e+02  -7.2045455e+01  -2.7981818e+01
   1.2900000e+02  -4.5454545e-02   1.0213818e+02
   1.2910000e+02  -1.4504545e+02   2.0793818e+02
   1.2920000e+02  -7.0454545e+00   1.1418182e+01
   1.2930000e+02  -6.0454545e+00   1.3937818e+02
   1.2940000e+02  -1.9104545e+02   1.5877818e+02
   1.2950000e+02  -1.2404545e+02   2.4098182e+01
   1.2960000e+02   1.4495455e+02   1.3333818e+02
   1.2970000e+02   1.7395455e+02   9.4178182e+01
   1.2980000e+02  -4.7045455e+01   1.0601818e+02
   1.2990000e+02   5.2954545e+01  -9.8181818e-01
   1.3000000e+02   2.1954545e+01  -3.7418182e+00
   1.3010000e+02   1.4195455e+02   1.1845818e+02
   1.3020000e+02   4.4954545e+01   1.6133818e+02
   1.3030000e+02   5.5954545e+01   1.2989818e+02
   1.3040000e+02  -1.1504545e+02   1.1673818e+02
   1.3050000e+02   2.1495455e+02   4.7538182e+01
   1.3060000e+02   2.1495455e+02  -1.4618182e+00
   1.3070000e+02   4.1954545e+01  -9.5418182e+00
   1.3080000e+02  -4.4045455e+01   8.2898182e+01
   1.3090000e+02  -5.3045455e+01   1.4725818e+02
   1.3100000e+02  -6.9045455e+01   9.0898182e+01
   1.3110000e+02   9.8954545e+01   1.6417818e+02
   1.3120000e+02  -4.0045455e+01   1.7873818e+02
   1.3130000e+02   1.4395455e+02   1.2537818e+02
   1.3140000e+02  -6.0454545e+00   2.3781818e+00
   1.3150000e+02  -4.7045455e+01   2.8801818e+02
   1.3160000e+02   8.9545455e+00   8.6778182e+01
   1.3170000e+02   4.5954545e+01   4.9298182e+01
   1.3180000e+02   5.6954545e+01   1.4858182e+01
   1.3190000e+02   2.0995455e+02  -3.8261818e+01
   1.3200000e+02   1.9495455e+02   1.3533818e+02
   1.3210000e+02   8.7954545e+01   1.2161818e+02
   1.3220000e+02   1.0495455e+02   1.0993818e+02
   1.3230000e+02   6.9954545e+01   2.6333818e+02
   1.3240000e+02   1.1295455e+02   2.1961818e+02
   1.3250000e+02   7.9545455e+00   2.5818182e+01
   1.3260000e+02   1.3895455e+02   9.1578182e+01
   1.3270000e+02   1.4095455e+02  -2.9501818e+01
   1.3280000e+02   5.6954545e+01   1.2385818e+02
   1.3290000e+02   6.1954545e+01   1.0665818e+02
   1.3300000e+02  -4.6045455e+01  -2.9021818e+01
   1.3310000e+02   1.6895455e+02   2.3378182e+01
   1.3320000e+02   3.8954545e+01   4.4578182e+01
   1.3330000e+02   4.6954545e+01   8.2581818e+00
   1.3340000e+02  -1.6045455e+01   2.4778182e+01
   1.3350000e+02   2.7954545e+01   6.3018182e+01
   1.3360000e+02   2.2095455e+02   1.1229818e+02
   1.3370000e+02   1.6195455e+02   3.3658182e+01
   1.3380000e+02  -4.2045455e+01   1.4081818e+02
   1.3390000e+02   1.9495455e+02  -2.6661818e+01
   1.3400000e+02   1.1895455e+02   6.8378182e+01
   1.3410000e+02   1.8995455e+02   1.8453818e+02
   1.3420000e+02   2.9545455e+00   2.8018182e+01
   1.3430000e+02   1.9545455e+00   2.8058182e+01
   1.3440000e+02   6.9545455e+00   2.5858182e+01
   1.3450000e+02  -3.5045455e+01   2.9538182e+01
   1.3460000e+02  -6.0045455e+01   1.4153818e+02
   1.3470000e+02   1.1395455e+02   1.3957818e+02
   1.3480000e+02  -1.4045455e+01   1.1369818e+02
   1.3490000e+02   1.2954545e+01   9.6618182e+01
   1.3500000e+02   3.0954545e+01  -7.7101818e+01
   1.3510000e+02   1.8795455e+02   7.3618182e+01
   1.3520000e+02   1.6095455e+02   4.5698182e+01
   1.3530000e+02   9.4954545e+01   1.3233818e+02
   1.3540000e+02   1.1595455e+02   8.2498182e+01
   1.3550000e+02   2.5095455e+02   5.6098182e+01
   1.3560000e+02   3.6954545e+01   3.4658182e+01
   1.3570000e+02  -9.5045455e+01  -2.0618182e+00
   1.3580000e+02   6.2954545e+01   1.8961818e+02
   1.3590000e+02   6.0954545e+01   7.8698182e+01
   1.3600000e+02  -2.8045455e+01   9.3258182e+01
   1.3610000e+02  -6.9045455e+01   2.6889818e+02
   1.3620000e+02   3.8954545e+01   1.8157818e+02
   1.3630000e+02  -3.1045455e+01   2.0537818e+02
   1.3640000e+02  -1.4504545e+02   2.4793818e+02
   1.3650000e+02  -8.5045455e+01   1.2153818e+02
   1.3660000e+02  -6.3045455e+01   6.7658182e+01
   1.3670000e+02  -1.4004545e+02   1.3873818e+02
   1.3680000e+02   1.2595455e+02   1.8609818e+02
   1.3690000e+02  -7.3045455e+01   9.9058182e+01
   1.3700000e+02   3.5954545e+01   5.9698182e+01
   1.3710000e+02  -4.4045455e+01   1.2289818e+02
   1.3720000e+02  -1.0604545e+02   7.9378182e+01
   1.3730000e+02   3.9545455e+00   2.3197818e+02
   1.3740000e+02  -1.1904545e+02   2.2289818e+02
   1.3750000e+02   1.0095455e+02   1.2109818e+02
   1.3760000e+02  -9.5045455e+01   1.1993818e+02
   1.3770000e+02  -6.9045455e+01   1.1789818e+02
   1.3780000e+02   4.8954545e+01   8.0178182e+01
   1.3790000e+02   1.8895455e+02   8.0578182e+01
   1.3800000e+02   3.9545455e+00   1.7097818e+02
   1.3810000e+02   5.8954545e+01   5.1778182e+01
   1.3820000e+02   2.3095455e+02   4.8898182e+01
   1.3830000e+02   3.1954545e+01   4.0858182e+01
   1.3840000e+02  -1.1504545e+02   6.8738182e+01
   1.3850000e+02  -5.9045455e+01   2.1498182e+01
   1.3860000e+02  -7.9045455e+01   3.5298182e+01
   1.3870000e+02  -2.3045455e+01   2.2505818e+02
   1.3880000e+02  -4.6045455e+01  -9.0218182e+00
   1.3890000e+02  -2.3045455e+01   1.0405818e+02
   1.3900000e+02   1.9954545e+01   1.5333818e+02
   1.3910000e+02   2.8954545e+01   8.3978182e+01
   1.3920000e+02  -6.7045455e+01   2.1818182e+01
   1.3930000e+02  -3.9045455e+01   1.8769818e+02
   1.3940000e+02   5.6954545e+01  -1.1418182e+00
   1.3950000e+02  -1.0604545e+02   9.6378182e+01
   1.3960000e+02  -1.9045455e+01  -1.1101818e+01
   1.3970000e+02  -1.0204545e+02   5.6218182e+01
   1.3980000e+02  -9.8045455e+01   1.4805818e+02
   1.3990000e+02   6.9545455e+00   6.3858182e+01
   1.4000000e+02  -8.1045455e+01   4.1378182e+01
   1.4010000e+02  -2.2045455e+01   1.0601818e+02
   1.4020000e+02   1.0954545e+01   1.8698182e+01
   1.4030000e+02  -2.0804545e+02   8.3458182e+01
   1.4040000e+02   1.6954545e+01   2.2045818e+02
   1.4050000e+02  -1.3045455e+01   9.0658182e+01
   1.4060000e+02  -2.4045455e+01   1.9909818e+02
   1.4070000e+02  -7.7045455e+01   1.8221818e+02
   1.4080000e+02  -6.7045455e+01   2.0881818e+02
   1.4090000e+02  -6.3045455e+01   3.9658182e+01
   1.4100000e+02   3.0954545e+01   2.1689818e+02
   1.4110000e+02  -4.0454545e+00   1.7929818e+02
   1.4120000e+02   2.3995455e+02   1.9653818e+02
   1.4130000e+02  -5.6045455e+01   1.2137818e+02
   1.4140000e+02  -5.9045455e+01   2.9949818e+02
   1.4150000e+02  -2.2045455e+01   3.1018182e+01
   1.4160000e+02  -3.9045455e+01   2.5169818e+02
   1.4170000e+02   8.4954545e+01   5.4738182e+01
   1.4180000e+02   1.5395455e+02   4.1978182e+01
   1.4190000e+02  -1.0804545e+02   3.7458182e+01
   1.4200000e+02   3.4954545e+01   3.3738182e+01
   1.4210000e+02  -4.5454545e-02   1.1413818e+02
   1.4220000e+02   1.6954545e+01   1.3645818e+02
   1.4230000e+02   3.9545455e+00  -9.0218182e+00
   1.4240000e+02   9.9545455e+00   7.2738182e+01
   1.4250000e+02   3.9954545e+01  -4.6461818e+01
   1.4260000e+02  -3.6045455e+01  -4.5421818e+01
   1.4270000e+02   9.0954545e+01  -6.1501818e+01
   1.4280000e+02  -1.2045455e+01  -2.8381818e+01
   1.4290000e+02  -6.8045455e+01   1.9858182e+01
   1.4300000e+02   4.5954545e+01   5.2981818e+00
   1.4310000e+02   1.2954545e+01  -3.8381818e+01
   1.4320000e+02  -3.5045455e+01   2.8538182e+01
   1.4330000e+02  -8.2045455e+01  -2.3581818e+01
   1.4340000e+02   1.3954545e+01   8.4578182e+01
   1.4350000e+02  -8.7045455e+01   9.8618182e+01
   1.4360000e+02  -1.6045455e+01  -3.1221818e+01
   1.4370000e+02  -5.7045455e+01  -1.1158182e+02
   1.4380000e+02   9.3954545e+01   1.0378182e+01
   1.4390000e+02   1.9395455e+02   2.6378182e+01
   1.4400000e+02   6.4954545e+01  -2.6461818e+01
   1.4410000e+02  -4.6045455e+01   5.3978182e+01
   1.4420000e+02  -4.0045455e+01   1.7773818e+02
   1.4430000e+02   3.6954545e+01   2.4658182e+01
   1.4440000e+02   2.6954545e+01   2.0581818e+00
   1.4450000e+02   1.6195455e+02   2.9658182e+01
   1.4460000e+02   1.6395455e+02   7.9578182e+01
   1.4470000e+02   8.8954545e+01  -1.5421818e+01
   1.4480000e+02   1.5295455e+02  -1.6981818e+01
   1.4490000e+02   2.1954545e+01   5.2258182e+01
   1.4500000e+02   1.2695455e+02   7.0581818e+00
   1.4510000e+02   6.6954545e+01   2.6458182e+01
   1.4520000e+02   2.1095455e+02   6.5698182e+01
   1.4530000e+02  -3.4045455e+01   1.0049818e+02
   1.4540000e+02  -7.5045455e+01  -4.8861818e+01
   1.4550000e+02  -1.0104545e+02  -2.8821818e+01
   1.4560000e+02   5.9545455e+00   1.5898182e+01
   1.4570000e+02   3.5954545e+01   9.8698182e+01
   1.4580000e+02   1.4295455e+02  -3.7581818e+01
   1.4590000e+02   9.0954545e+01   2.7498182e+01
   1.4600000e+02  -6.5045455e+01   8.6738182e+01
   1.4610000e+02   5.8954545e+01   1.1177818e+02
   1.4620000e+02   2.1795455e+02   1.7641818e+02
   1.4630000e+02  -8.2045455e+01   1.7418182e+01
   1.4640000e+02  -1.2604545e+02  -2.2821818e+01
   1.4650000e+02  -4.0454545e+00  -5.7018182e+00
   1.4660000e+02   3.1954545e+01  -7.1418182e+00
   1.4670000e+02  -1.6045455e+01   7.7818182e-01
   1.4680000e+02   8.9545455e+00  -8.8221818e+01
   1.4690000e+02   4.6954545e+01   2.9258182e+01
   1.4700000e+02  -1.2045455e+01   1.1061818e+02
   1.4710000e+02   2.0495455e+02  -3.3061818e+01
   1.4720000e+02   1.2095455e+02  -2.9701818e+01
   1.4730000e+02  -2.0454545e+00   1.2321818e+02
   1.4740000e+02   8.5954545e+01   2.5698182e+01
   1.4750000e+02   6.2954545e+01   6.2618182e+01
   1.4760000e+02   7.6954545e+01   6.2058182e+01
   1.4770000e+02   6.2954545e+01   1.8061818e+02
   1.4780000e+02   1.4195455e+02   1.4945818e+02
   1.4790000e+02   2.7095455e+02  -2.7701818e+01
   1.4800000e+02  -4.8045455e+01   5.1058182e+01
   1.4810000e+02   1.0595455e+02  -8.1018182e+00
   1.4820000e+02   1.6954545e+01   4.1458182e+01
   1.4830000e+02  -2.9045455e+01  -6.0701818e+01
   1.4840000e+02   1.9095455e+02  -2.4501818e+01
   1.4850000e+02  -2.1045455e+01   8.5978182e+01
   1.4860000e+02   6.9545455e+00   4.1858182e+01
   1.4870000e+02   2.0895455e+02   2.0577818e+02
   1.4880000e+02  -4.8045455e+01   8.1058182e+01
   1.4890000e+02  -7.7045455e+01   1.2218182e+01
   1.4900000e+02   8.9954545e+01   4.9538182e+01
   1.4910000e+02   7.2954545e+01   1.2181818e+00
   1.4920000e+02  -9.8045455e+01   5.9058182e+01
   1.4930000e+02   5.1954545e+01   3.1058182e+01
   1.4940000e+02  -3.1045455e+01  -3.5621818e+01
   1.4950000e+02  -2.3045455e+01   3.3058182e+01
   1.4960000e+02   5.3954545e+01   8.9978182e+01
   1.4970000e+02   4.5954545e+01   1.8329818e+02
   1.4980000e+02   6.3954545e+01  -3.2421818e+01
   1.4990000e+02   2.6954545e+01   2.0305818e+02
   1.5000000e+02   5.9545455e+00   1.6089818e+02
   1.5010000e+02  -3.1045455e+01   1.3037818e+02
   1.5020000e+02  -5.4045455e+01   1.4829818e+02
   1.5030000e+02   5.3954545e+01   1.4697818e+02
   1.5040000e+02  -1.1204545e+02   1.5061818e+02
   1.5050000e+02   6.1954545e+01   1.5065818e+02
   1.5060000e+02  -9.0454545e+00   5.3498182e+01
   1.5070000e+02  -9.2045455e+01   1.2281818e+02
   1.5080000e+02   6.0954545e+01   1.6469818e+02
   1.5090000e+02   1.7954545e+01   1.5141818e+02
   1.5100000e+02  -7.3045455e+01   5.6058182e+01
   1.5110000e+02   7.6954545e+01   1.3605818e+02
   1.5120000e+02   2.5954545e+01   5.6098182e+01
   1.5130000e+02   1.8954545e+01   3.8378182e+01
   1.5140000e+02   4.0954545e+01   5.6498182e+01
   1.5150000e+02   1.5954545e+01  -5.9501818e+01
   1.5160000e+02   1.7495455e+02   9.4138182e+01
   1.5170000e+02   2.6954545e+01   6.4058182e+01
   1.5180000e+02   2.7954545e+01   3.0018182e+01
   1.5190000e+02  -2.2045455e+01   1.2201818e+02
   1.5200000e+02   1.4395455e+02   1.1137818e+02
   1.5210000e+02   3.8954545e+01   5.7818182e-01
   1.5220000e+02   1.8495455e+02  -1.6261818e+01
   1.5230000e+02   8.5954545e+01   7.3698182e+01
   1.5240000e+02   1.9954545e+01  -4.6618182e+00
   1.5250000e+02   2.0795455e+02  -4.2181818e+01
   1.5260000e+02   1.0295455e+02   3.0018182e+01
   1.5270000e+02   9.9954545e+01   2.4138182e+01
   1.5280000e+02   1.9954545e+01   1.4338182e+01
   1.5290000e+02   2.2954545e+01  -2.4781818e+01
   1.5300000e+02   9.8954545e+01  -6.2821818e+01
   1.5310000e+02   2.2195455e+02   1.2581818e+00
   1.5320000e+02   2.7395455e+02   3.6178182e+01
   1.5330000e+02   1.3195455e+02  -6.1418182e+00
   1.5340000e+02   2.4495455e+02   4.1338182e+01
   1.5350000e+02   2.0295455e+02   3.0181818e+00
   1.5360000e+02   1.3495455e+02   4.5738182e+01
   1.5370000e+02   1.8895455e+02  -9.1421818e+01
   1.5380000e+02   2.1195455e+02  -4.7341818e+01
   1.5390000e+02   1.4395455e+02   5.5378182e+01
   1.5400000e+02   1.5954545e+01  -6.5501818e+01
   1.5410000e+02   1.7695455e+02   9.4058182e+01
   1.5420000e+02   2.7395455e+02  -9.9821818e+01
   1.5430000e+02   2.2954545e+01  -3.9781818e+01
   1.5440000e+02   2.3395455e+02  -1.6221818e+01
   1.5450000e+02   1.9295455e+02  -4.3581818e+01
   1.5460000e+02   2.5995455e+02   3.7381818e+00
   1.5470000e+02   2.5495455e+02   5.9938182e+01
   1.5480000e+02   1.0195455e+02  -2.5941818e+01
   1.5490000e+02   1.5495455e+02   1.1938182e+01
   1.5500000e+02   2.8295455e+02   4.5818182e+01
   1.5510000e+02   2.7195455e+02  -3.0741818e+01
   1.5520000e+02   1.1195455e+02   1.1865818e+02
   1.5530000e+02   7.4954545e+01  -1.8861818e+01
   1.5540000e+02   7.0954545e+01   5.7298182e+01
   1.5550000e+02   1.1395455e+02   2.3578182e+01
   1.5560000e+02   2.3695455e+02   7.6581818e+00
   1.5570000e+02  -7.8045455e+01  -8.2741818e+01
   1.5580000e+02   1.3895455e+02   4.3578182e+01
   1.5590000e+02   4.1195455e+02  -1.1341818e+01
   1.5600000e+02   1.7695455e+02   3.8058182e+01
   1.5610000e+02   1.2295455e+02  -3.3781818e+01
   1.5620000e+02   2.3395455e+02  -8.3221818e+01
   1.5630000e+02   2.4895455e+02  -3.1821818e+01
   1.5640000e+02   2.0295455e+02   2.5018182e+01
   1.5650000e+02   3.1695455e+02  -1.0754182e+02
   1.5660000e+02   1.4895455e+02  -1.8218182e+00
   1.5670000e+02   1.0595455e+02   3.3898182e+01
   1.5680000e+02   6.7954545e+01  -8.3581818e+01
   1.5690000e+02   2.2295455e+02  -1.3078182e+02
   1.5700000e+02   9.9954545e+01  -1.4861818e+01
   1.5710000e+02   4.3954545e+01  -4.6621818e+01
   1.5720000e+02   2.9095455e+02  -1.6501818e+01
   1.5730000e+02  -5.6045455e+01   2.3378182e+01
   1.5740000e+02   1.0495455e+02   6.4938182e+01
   1.5750000e+02   4.0954545e+01   5.7498182e+01
   1.5760000e+02   8.3954545e+01  -1.0422182e+02
   1.5770000e+02   4.4954545e+01   4.1338182e+01
   1.5780000e+02   2.0295455e+02  -6.2981818e+01
   1.5790000e+02   1.8495455e+02  -8.2261818e+01
   1.5800000e+02   8.6954545e+01  -1.0934182e+02
   1.5810000e+02   1.8595455e+02  -1.5330182e+02
   1.5820000e+02   3.0095455e+02   5.6098182e+01
   1.5830000e+02   2.6954545e+01  -1.5941818e+01
   1.5840000e+02   2.2395455e+02   1.1417818e+02
   1.5850000e+02   1.9395455e+02  -8.1621818e+01
   1.5860000e+02   9.4954545e+01   1.1633818e+02
   1.5870000e+02   1.7695455e+02   1.0405818e+02
   1.5880000e+02   2.1595455e+02  -4.1501818e+01
   1.5890000e+02   2.5954545e+01   6.6098182e+01
   1.5900000e+02   1.0995455e+02  -2.9261818e+01
   1.5910000e+02   1.9545455e+00  -1.7941818e+01
   1.5920000e+02   1.9595455e+02   4.7298182e+01
   1.5930000e+02  -3.0045455e+01   4.1338182e+01
   1.5940000e+02   1.5595455e+02  -3.9101818e+01
   1.5950000e+02   9.6954545e+01  -4.6741818e+01
   1.5960000e+02   3.1495455e+02   7.0538182e+01
   1.5970000e+02   1.9195455e+02  -5.9541818e+01
   1.5980000e+02   1.0395455e+02  -5.0021818e+01
   1.5990000e+02   3.0954545e+01  -6.1018182e+00
   1.6000000e+02   4.5954545e+01  -1.9701818e+01
   1.6010000e+02   1.4895455e+02  -4.8218182e+00
   1.6020000e+02   3.0895455e+02  -6.3221818e+01
   1.6030000e+02   2.6595455e+02  -7.7501818e+01
   1.6040000e+02   6.9954545e+01  -1.4661818e+01
   1.6050000e+02   2.4954545e+01   8.7138182e+01
   1.6060000e+02   1.0095455e+02  -3.9901818e+01
   1.6070000e+02  -2.2045455e+01  -7.0981818e+01
   1.6080000e+02   5.4954545e+01  -1.9061818e+01
   1.6090000e+02  -4.5454545e-02  -1.0686182e+02
   1.6100000e+02   2.2954545e+01  -1.8781818e+01
   1.6110000e+02   1.6954545e+01  -7.7541818e+01
   1.6120000e+02   1.0395455e+02   5.5978182e+01
   1.6130000e+02   1.4695455e+02  -1.1374182e+02
   1.6140000e+02   1.4795455e+02  -7.4781818e+01
   1.6150000e+02   1.7195455e+02  -7.0741818e+01
   1.6160000e+02   6.6954545e+01   2.3458182e+01
   1.6170000e+02   9.5954545e+01   6.2298182e+01
   1.6180000e+02   2.4954545e+01  -1.2861818e+01
   1.6190000e+02   1.8795455e+02   4.8618182e+01
   1.6200000e+02  -1.9045455e+01  -9.1101818e+01
   1.6210000e+02   1.2595455e+02  -1.6901818e+01
   1.6220000e+02   1.8795455e+02  -1.0038182e+02
   1.6230000e+02   2.1095455e+02  -8.6301818e+01
   1.6240000e+02   1.7695455e+02   3.4058182e+01
   1.6250000e+02   1.1595455e+02   2.5498182e+01
   1.6260000e+02   1.3995455e+02  -2.4618182e+00
   1.6270000e+02   2.5695455e+02  -4.9141818e+01
   1.6280000e+02   1.7695455e+02   1.0581818e+00
   1.6290000e+02   2.8995455e+02   9.5381818e+00
   1.6300000e+02   2.7595455e+02   4.7098182e+01
   1.6310000e+02   1.3195455e+02   7.0858182e+01
   1.6320000e+02   3.9595455e+02   1.5298182e+01
   1.6330000e+02   3.0995455e+02  -2.5261818e+01
   1.6340000e+02   2.0495455e+02  -4.7061818e+01
   1.6350000e+02   4.2495455e+02  -9.8618182e+00
   1.6360000e+02   3.6795455e+02  -2.6581818e+01
   1.6370000e+02   4.3095455e+02  -6.3101818e+01
   1.6380000e+02   3.1195455e+02  -1.0334182e+02
   1.6390000e+02   3.2495455e+02  -6.4861818e+01
   1.6400000e+02   1.8495455e+02  -4.5261818e+01
   1.6410000e+02   4.8954545e+01  -3.1821818e+01
   1.6420000e+02   2.0795455e+02  -9.1818182e+00
   1.6430000e+02   2.7895455e+02  -6.4021818e+01
   1.6440000e+02   1.6195455e+02  -6.4341818e+01
   1.6450000e+02   2.1795455e+02  -3.7581818e+01
   1.6460000e+02   1.5495455e+02   1.0093818e+02
   1.6470000e+02   1.1095455e+02   1.1698182e+01
   1.6480000e+02   2.1095455e+02  -5.3018182e+00
   1.6490000e+02   1.3495455e+02   7.7381818e+00
   1.6500000e+02  -1.0454545e+00  -4.0821818e+01
   1.6510000e+02   7.3954545e+01  -4.2821818e+01
   1.6520000e+02   3.5954545e+01   9.0698182e+01
   1.6530000e+02   9.0954545e+01   6.5498182e+01
   1.6540000e+02   1.1895455e+02   2.6378182e+01
   1.6550000e+02   1.9495455e+02   3.3338182e+01
   1.6560000e+02   2.1995455e+02   8.6338182e+01
   1.6570000e+02   2.9395455e+02  -1.0862182e+02
   1.6580000e+02   9.0954545e+01   4.5498182e+01
   1.6590000e+02   1.3195455e+02  -2.7141818e+01
   1.6600000e+02   2.9395455e+02  -2.0621818e+01
   1.6610000e+02   8.4954545e+01  -2.3261818e+01
   1.6620000e+02   2.2995455e+02  -1.1506182e+02
   1.6630000e+02   2.2595455e+02  -1.8901818e+01
   1.6640000e+02   2.6895455e+02  -7.9621818e+01
   1.6650000e+02   2.8954545e+01  -2.0021818e+01
   1.6660000e+02   1.4954545e+01  -3.6461818e+01
   1.6670000e+02   2.3195455e+02  -3.2141818e+01
   1.6680000e+02   2.1695455e+02   3.4581818e+00
   1.6690000e+02   8.4954545e+01  -6.3261818e+01
   1.6700000e+02   2.0695455e+02   4.2858182e+01
   1.6710000e+02  -4.0454545e+00  -2.6701818e+01
   1.6720000e+02   2.7695455e+02   6.7058182e+01
   1.6730000e+02   1.3095455e+02  -3.9101818e+01
   1.6740000e+02   1.7595455e+02  -7.0901818e+01
   1.6750000e+02   2.7795455e+02   4.9018182e+01
   1.6760000e+02   3.2895455e+02   3.1978182e+01
   1.6770000e+02   1.2395455e+02  -2.8218182e+00
   1.6780000e+02   7.3954545e+01  -4.8218182e+00
   1.6790000e+02   1.1595455e+02  -6.7501818e+01
   1.6800000e+02   2.6395455e+02  -6.4218182e+00
   1.6810000e+02   9.5954545e+01   5.2298182e+01
   1.6820000e+02   1.7795455e+02  -5.9818182e+00
   1.6830000e+02   1.4495455e+02   1.7733818e+02
   1.6840000e+02   2.4795455e+02   3.2181818e+00
   1.6850000e+02   7.4954545e+01  -9.5861818e+01
   1.6860000e+02   1.3195455e+02   1.7785818e+02
   1.6870000e+02   1.6295455e+02  -4.3381818e+01
   1.6880000e+02   9.4954545e+01  -1.1166182e+02
   1.6890000e+02   1.7595455e+02  -6.2901818e+01
   1.6900000e+02   2.5895455e+02  -2.6221818e+01
   1.6910000e+02   8.4954545e+01  -8.8261818e+01
   1.6920000e+02   1.3295455e+02  -3.7181818e+01
   1.6930000e+02   9.6954545e+01   4.2258182e+01
   1.6940000e+02   1.4495455e+02  -7.7661818e+01
   1.6950000e+02   1.5195455e+02  -3.2941818e+01
   1.6960000e+02   8.2954545e+01   2.6818182e+01
   1.6970000e+02   2.3195455e+02  -5.6141818e+01
   1.6980000e+02   2.1695455e+02  -6.3541818e+01
   1.6990000e+02   1.0495455e+02   1.0793818e+02
   1.7000000e+02  -6.5045455e+01  -1.5261818e+01
   1.7010000e+02   1.3954545e+01  -1.6421818e+01
   1.7020000e+02   7.9954545e+01   1.1793818e+02
   1.7030000e+02  -4.5045455e+01   1.6938182e+01
   1.7040000e+02  -9.0045455e+01   6.2738182e+01
   1.7050000e+02   2.3595455e+02  -2.0301818e+01
   1.7060000e+02   1.6395455e+02  -4.2181818e-01
   1.7070000e+02   9.6954545e+01  -1.4741818e+01
   1.7080000e+02   8.6954545e+01  -7.2341818e+01
   1.7090000e+02   7.4954545e+01  -1.7861818e+01
   1.7100000e+02   2.3195455e+02  -5.1418182e+00
   1.7110000e+02   1.0595455e+02   7.8981818e+00
   1.7120000e+02   1.9295455e+02  -5.7581818e+01
   1.7130000e+02   4.0954545e+01  -2.9501818e+01
   1.7140000e+02   5.6954545e+01   4.4858182e+01
   1.7150000e+02   2.2195455e+02  -1.0974182e+02
   1.7160000e+02   9.3954545e+01  -1.0762182e+02
   1.7170000e+02   6.4954545e+01   3.6538182e+01
   1.7180000e+02   2.3295455e+02  -6.2181818e+01
   1.7190000e+02   2.3095455e+02   1.2898182e+01
   1.7200000e+02   1.9795455e+02  -1.5781818e+01
   1.7210000e+02   2.2695455e+02   4.9058182e+01
   1.7220000e+02   1.9795455e+02  -5.6781818e+01
   1.7230000e+02   2.7995455e+02  -1.6061818e+01
   1.7240000e+02   2.9695455e+02  -3.1741818e+01
   1.7250000e+02   1.0995455e+02  -4.7261818e+01
   1.7260000e+02   8.7954545e+01  -6.2381818e+01
   1.7270000e+02   1.0995455e+02   3.4738182e+01
   1.7280000e+02   8.7954545e+01   6.5618182e+01
   1.7290000e+02   8.0954545e+01   7.3898182e+01
   1.7300000e+02   2.1395455e+02   8.1578182e+01
   1.7310000e+02   2.1995455e+02  -4.6618182e+00
   1.7320000e+02   3.1595455e+02   1.4981818e+00
   1.7330000e+02   2.1495455e+02  -8.6461818e+01
   1.7340000e+02   2.2095455e+02  -5.3701818e+01
   1.7350000e+02   1.6595455e+02  -4.5501818e+01
   1.7360000e+02   6.0954545e+01  -4.8301818e+01
   1.7370000e+02   1.0295455e+02  -3.2981818e+01
   1.7380000e+02   1.8995455e+02  -7.9461818e+01
   1.7390000e+02   1.1295455e+02  -1.5381818e+01
   1.7400000e+02   1.2695455e+02   2.0581818e+00
   1.7410000e+02   6.8954545e+01  -9.7621818e+01
   1.7420000e+02   2.4695455e+02  -6.2741818e+01
   1.7430000e+02  -4.5454545e-02  -7.3861818e+01
   1.7440000e+02   1.9995455e+02  -6.4861818e+01
   1.7450000e+02   4.4954545e+01  -3.6618182e+00
   1.7460000e+02   1.2095455e+02  -3.2701818e+01
   1.7470000e+02   1.4954545e+01  -4.1461818e+01
   1.7480000e+02   2.0395455e+02  -5.6021818e+01
   1.7490000e+02   2.4995455e+02  -4.8861818e+01
   1.7500000e+02   2.2954545e+01  -5.9781818e+01
   1.7510000e+02  -4.5454545e-02  -3.9861818e+01
   1.7520000e+02   3.3595455e+02   1.3169818e+02
   1.7530000e+02   1.5095455e+02  -8.8901818e+01
   1.7540000e+02   1.5995455e+02  -8.9261818e+01
   1.7550000e+02   1.3695455e+02   4.1658182e+01
   1.7560000e+02  -2.9045455e+01  -8.3701818e+01
   1.7570000e+02   2.3954545e+01  -3.0821818e+01
   1.7580000e+02  -1.2045455e+01  -4.9381818e+01
   1.7590000e+02   4.3954545e+01  -4.6621818e+01
   1.7600000e+02  -1.0454545e+00   2.3178182e+01
   1.7610000e+02  -2.9045455e+01   1.1429818e+02
   1.7620000e+02   1.1195455e+02  -1.0334182e+02
   1.7630000e+02   1.2395455e+02   7.2178182e+01
   1.7640000e+02   4.6954545e+01   2.1258182e+01
   1.7650000e+02   1.5495455e+02  -9.5061818e+01
   1.7660000e+02   3.8954545e+01   1.7457818e+02
   1.7670000e+02  -6.0454545e+00  -1.8621818e+01
   1.7680000e+02   3.3954545e+01   2.4778182e+01
   1.7690000e+02   1.1095455e+02  -9.7301818e+01
   1.7700000e+02   9.9545455e+00  -7.3261818e+01
   1.7710000e+02   8.0954545e+01  -3.1101818e+01
   1.7720000e+02   1.0295455e+02  -9.3981818e+01
   1.7730000e+02   1.7395455e+02  -1.4382182e+02
   1.7740000e+02   2.2895455e+02   5.9781818e+00
   1.7750000e+02   1.7795455e+02   2.1018182e+01
   1.7760000e+02   7.1954545e+01  -7.4741818e+01
   1.7770000e+02  -9.0454545e+00  -1.2050182e+02
   1.7780000e+02   8.9954545e+01  -1.1546182e+02
   1.7790000e+02   1.3295455e+02   1.1818182e+01
   1.7800000e+02   5.1954545e+01   3.6058182e+01
   1.7810000e+02   1.1095455e+02  -3.3018182e+00
   1.7820000e+02  -1.0454545e+00  -5.7821818e+01
   1.7830000e+02   1.3995455e+02  -2.5461818e+01
   1.7840000e+02   1.8095455e+02   3.5898182e+01
   1.7850000e+02  -3.4045455e+01  -4.5501818e+01
   1.7860000e+02   1.5595455e+02  -4.7101818e+01
   1.7870000e+02   5.8954545e+01  -1.2222182e+02
   1.7880000e+02   1.2395455e+02  -3.1821818e+01
   1.7890000e+02   1.5995455e+02  -6.2261818e+01
   1.7900000e+02   5.2954545e+01  -4.5981818e+01
   1.7910000e+02  -1.0704545e+02   3.5418182e+01
   1.7920000e+02   1.3095455e+02  -1.7101818e+01
   1.7930000e+02   1.3495455e+02  -1.4726182e+02
   1.7940000e+02   1.7195455e+02  -2.7418182e+00
   1.7950000e+02   2.6954545e+01  -1.2694182e+02
   1.7960000e+02   1.0595455e+02  -4.3101818e+01
   1.7970000e+02   5.8954545e+01  -2.1221818e+01
   1.7980000e+02   2.4895455e+02  -5.3821818e+01
   1.7990000e+02   1.4095455e+02  -7.4501818e+01
   1.8000000e+02   3.1954545e+01  -4.3141818e+01
   1.8010000e+02   2.4795455e+02   6.9218182e+01
   1.8020000e+02   1.8895455e+02  -3.5421818e+01
   1.8030000e+02   7.9545455e+00  -8.4181818e+01
   1.8040000e+02   5.5954545e+01   4.6898182e+01
   1.8050000e+02  -4.5454545e-02   8.7138182e+01
   1.8060000e+02  -3.5045455e+01   8.9538182e+01
   1.8070000e+02   1.7954545e+01  -1.2581818e+01
   1.8080000e+02   1.8195455e+02  -1.1141818e+01
   1.8090000e+02   4.3954545e+01  -6.1621818e+01
   1.8100000e+02  -5.4045455e+01  -2.6701818e+01
   1.8110000e+02   5.3954545e+01   9.9781818e+00
   1.8120000e+02   1.4795455e+02  -3.1781818e+01
   1.8130000e+02   5.0954545e+01  -1.8901818e+01
   1.8140000e+02   1.2295455e+02  -7.7818182e+00
   1.8150000e+02   1.3795455e+02   3.4618182e+01
   1.8160000e+02   1.7695455e+02  -7.7941818e+01
   1.8170000e+02  -4.5045455e+01  -1.0618182e+00
   1.8180000e+02   1.2954545e+01  -5.5381818e+01
   1.8190000e+02   1.6595455e+02  -4.5501818e+01
   1.8200000e+02   7.5954545e+01  -6.9901818e+01
   1.8210000e+02   2.4495455e+02  -6.5661818e+01
   1.8220000e+02   6.2954545e+01  -1.3038182e+02
   1.8230000e+02   1.1495455e+02   2.0538182e+01
   1.8240000e+02  -6.0045455e+01  -5.9461818e+01
   1.8250000e+02   4.7954545e+01  -3.6781818e+01
   1.8260000e+02   2.3954545e+01  -4.8218182e+00
   1.8270000e+02   2.0295455e+02   3.2018182e+01
   1.8280000e+02   1.5195455e+02   5.0581818e+00
   1.8290000e+02   5.5954545e+01  -7.0101818e+01
   1.8300000e+02  -4.7045455e+01  -3.5981818e+01
   1.8310000e+02   1.5954545e+01  -1.0050182e+02
   1.8320000e+02  -5.4045455e+01  -1.1701818e+01
   1.8330000e+02   1.0195455e+02  -4.4941818e+01
   1.8340000e+02   8.3954545e+01  -2.7221818e+01
   1.8350000e+02   1.6895455e+02   1.2378182e+01
   1.8360000e+02  -3.9045455e+01   3.6981818e+00
   1.8370000e+02   9.9545455e+00   4.0738182e+01
   1.8380000e+02   6.4954545e+01  -1.0461818e+01
   1.8390000e+02   1.2095455e+02   8.2981818e+00
   1.8400000e+02  -2.8045455e+01   7.2581818e+00
   1.8410000e+02   9.8954545e+01   5.1178182e+01
   1.8420000e+02   1.9295455e+02   5.0418182e+01
   1.8430000e+02   2.9195455e+02  -1.5418182e+00
   1.8440000e+02   2.7295455e+02  -2.8781818e+01
   1.8450000e+02  -4.5454545e-02  -7.0861818e+01
   1.8460000e+02   1.8295455e+02   6.7818182e+01
   1.8470000e+02   3.4795455e+02  -6.1781818e+01
   1.8480000e+02   1.9495455e+02  -3.3661818e+01
   1.8490000e+02   2.6954545e+01  -1.0941818e+01
   1.8500000e+02   1.2695455e+02  -3.9418182e+00
   1.8510000e+02   2.7954545e+01  -2.0981818e+01
   1.8520000e+02   2.0295455e+02   8.5018182e+01
   1.8530000e+02   1.9595455e+02   3.7298182e+01
   1.8540000e+02   2.7954545e+01  -1.4981818e+01
   1.8550000e+02   7.6954545e+01  -8.4941818e+01
   1.8560000e+02   1.1295455e+02   5.6618182e+01
   1.8570000e+02   1.7795455e+02  -6.2981818e+01
   1.8580000e+02  -4.0454545e+00   1.9298182e+01
   1.8590000e+02   1.6195455e+02  -4.6341818e+01
   1.8600000e+02   2.1895455e+02   1.9378182e+01
   1.8610000e+02   1.2495455e+02  -8.8618182e+00
   1.8620000e+02   3.0395455e+02  -1.6021818e+01
   1.8630000e+02   9.5454545e-01  -5.7901818e+01
   1.8640000e+02   2.8395455e+02   5.4778182e+01
   1.8650000e+02   9.4954545e+01  -3.7661818e+01
   1.8660000e+02   2.3195455e+02  -7.2141818e+01
   1.8670000e+02   3.9895455e+02  -4.8821818e+01
   1.8680000e+02   2.1495455e+02  -9.4618182e+00
   1.8690000e+02   1.4695455e+02  -6.5741818e+01
   1.8700000e+02   4.1595455e+02   5.2498182e+01
   1.8710000e+02   2.5795455e+02  -2.2181818e+01
   1.8720000e+02   6.1954545e+01  -1.1341818e+01
   1.8730000e+02   8.4954545e+01  -3.4261818e+01
   1.8740000e+02   1.5295455e+02  -4.4981818e+01
   1.8750000e+02   1.7195455e+02   1.1258182e+01
   1.8760000e+02  -5.5045455e+01  -7.9661818e+01
   1.8770000e+02   9.9545455e+00  -1.1826182e+02
   1.8780000e+02   1.4095455e+02   8.4981818e+00
   1.8790000e+02  -2.2045455e+01  -4.7981818e+01
   1.8800000e+02  -2.9045455e+01   1.2981818e+00
   1.8810000e+02   2.1595455e+02   6.0498182e+01
   1.8820000e+02   1.6595455e+02  -2.8501818e+01
   1.8830000e+02   1.6954545e+01  -8.2541818e+01
   1.8840000e+02   1.0895455e+02  -4.9221818e+01
   1.8850000e+02   2.3395455e+02  -3.2218182e+00
   1.8860000e+02   1.5895455e+02  -1.6221818e+01
   1.8870000e+02   2.4795455e+02  -2.5781818e+01
   1.8880000e+02   1.6295455e+02  -9.6381818e+01
   1.8890000e+02   2.4954545e+01  -6.5861818e+01
   1.8900000e+02   7.9954545e+01  -2.2061818e+01
   1.8910000e+02   1.0954545e+01   3.9698182e+01
   1.8920000e+02   1.7954545e+01   4.1418182e+01
   1.8930000e+02   1.8695455e+02  -8.5341818e+01
   1.8940000e+02   3.5795455e+02  -2.0181818e+01
   1.8950000e+02   2.0195455e+02   5.0581818e+00
   1.8960000e+02   1.2895455e+02   9.3978182e+01
   1.8970000e+02   3.7395455e+02  -5.9821818e+01
   1.8980000e+02   3.0495455e+02  -6.0618182e+00
   1.8990000e+02  -2.4045455e+01  -7.1901818e+01
   1.9000000e+02   1.7495455e+02  -5.0861818e+01
   1.9010000e+02   1.0295455e+02   7.0181818e+00
   1.9020000e+02   1.4095455e+02  -6.9501818e+01
   1.9030000e+02   1.1954545e+01   6.6581818e+00
   1.9040000e+02  -3.9045455e+01  -5.9301818e+01
   1.9050000e+02  -2.9045455e+01  -3.5701818e+01
   1.9060000e+02   4.0954545e+01  -1.4501818e+01
   1.9070000e+02   6.9545455e+00  -3.1141818e+01
   1.9080000e+02   4.7954545e+01  -7.0781818e+01
   1.9090000e+02  -4.5454545e-02  -4.7861818e+01
   1.9100000e+02  -2.6045455e+01   2.9178182e+01
   1.9110000e+02   6.7954545e+01   3.4181818e+00
   1.9120000e+02   2.6095455e+02   3.7698182e+01
   1.9130000e+02   1.6295455e+02  -1.0938182e+02
   1.9140000e+02   1.6295455e+02   1.0861818e+02
   1.9150000e+02   3.5954545e+01  -1.2030182e+02
   1.9160000e+02   2.9495455e+02  -3.9661818e+01
   1.9170000e+02   3.0095455e+02  -3.5901818e+01
   1.9180000e+02   1.7995455e+02   9.9938182e+01
   1.9190000e+02   1.0295455e+02  -1.9818182e+00
   1.9200000e+02   2.5395455e+02   8.6978182e+01
   1.9210000e+02   2.1095455e+02  -5.9301818e+01
   1.9220000e+02   2.0495455e+02  -5.7061818e+01
   1.9230000e+02   1.4195455e+02  -1.1054182e+02
   1.9240000e+02   1.0295455e+02   8.1018182e+01
   1.9250000e+02   1.4395455e+02   6.0378182e+01
   1.9260000e+02   7.7954545e+01  -2.7981818e+01
   1.9270000e+02  -8.0454545e+00  -6.3541818e+01
   1.9280000e+02   3.8395455e+02  -1.1221818e+01
   1.9290000e+02   4.6954545e+01  -5.7418182e+00
   1.9300000e+02   1.0895455e+02  -7.2221818e+01
   1.9310000e+02   2.3295455e+02  -2.2181818e+01
   1.9320000e+02   3.3195455e+02  -3.4141818e+01
   1.9330000e+02   1.3195455e+02  -4.4141818e+01
   1.9340000e+02   2.3895455e+02  -2.1421818e+01
   1.9350000e+02   2.1095455e+02   5.6981818e+00
   1.9360000e+02   1.2695455e+02  -9.0941818e+01
   1.9370000e+02   1.8395455e+02  -2.2221818e+01
   1.9380000e+02   1.3995455e+02  -5.3461818e+01
   1.9390000e+02   1.2595455e+02   3.0981818e+00
   1.9400000e+02   1.7395455e+02   1.4178182e+01
   1.9410000e+02   2.9495455e+02  -1.0266182e+02
   1.9420000e+02   3.3095455e+02  -8.1018182e+00
   1.9430000e+02   1.7095455e+02  -5.8701818e+01
   1.9440000e+02   2.9095455e+02  -2.3501818e+01
   1.9450000e+02   2.2495455e+02   4.5138182e+01
   1.9460000e+02   1.3595455e+02   1.1698182e+01
   1.9470000e+02   1.9595455e+02  -4.7701818e+01
   1.9480000e+02   1.5295455e+02  -1.2981818e+01
   1.9490000e+02   1.1095455e+02  -5.2301818e+01
   1.9500000e+02  -6.4045455e+01  -4.8301818e+01
   1.9510000e+02   1.8895455e+02   4.8578182e+01
   1.9520000e+02   1.1795455e+02   4.3418182e+01
   1.9530000e+02   2.4895455e+02  -3.4821818e+01
   1.9540000e+02   1.0195455e+02  -4.7941818e+01
   1.9550000e+02   2.5695455e+02  -6.2141818e+01
   1.9560000e+02   5.1954545e+01   2.2058182e+01
   1.9570000e+02   2.3295455e+02   6.5818182e+01
   1.9580000e+02   1.0095455e+02  -1.2990182e+02
   1.9590000e+02   2.2295455e+02  -1.2278182e+02
   1.9600000e+02   1.1195455e+02  -8.3341818e+01
   1.9610000e+02   1.2295455e+02   3.8218182e+01
   1.9620000e+02   1.5695455e+02  -2.3141818e+01
   1.9630000e+02   2.9795455e+02  -6.7781818e+01
   1.9640000e+02   1.2795455e+02  -9.9818182e+00
   1.9650000e+02   1.5495455e+02  -2.2061818e+01
   1.9660000e+02   1.6295455e+02   7.6181818e+00
   1.9670000e+02  -8.3045455e+01  -3.1541818e+01
   1.9680000e+02   1.6095455e+02   1.3698182e+01
   1.9690000e+02   2.4995455e+02  -1.9861818e+01
   1.9700000e+02   3.1195455e+02   7.0658182e+01
   1.9710000e+02   1.3895455e+02  -2.7421818e+01
   1.9720000e+02   2.5954545e+01  -1.1901818e+01
   1.9730000e+02   2.5954545e+01   1.8509818e+02
   1.9740000e+02  -9.9045455e+01  -9.3901818e+01
   1.9750000e+02   6.8954545e+01   3.2378182e+01
   1.9760000e+02   1.9995455e+02  -1.5986182e+02
   1.9770000e+02   4.0954545e+01  -8.7501818e+01
   1.9780000e+02  -8.3045455e+01   5.4581818e+00
   1.9790000e+02  -3.4045455e+01   1.3149818e+02
   1.9800000e+02   9.5454545e-01  -8.0901818e+01
   1.9810000e+02   1.7954545e+01   6.4181818e+00
   1.9820000e+02  -3.3045455e+01   2.0458182e+01
   1.9830000e+02  -1.3045455e+01  -1.0341818e+01
   1.9840000e+02   2.8954545e+01  -7.1021818e+01
   1.9850000e+02  -5.2045455e+01  -8.7781818e+01
   1.9860000e+02  -7.3045455e+01   1.4205818e+02
   1.9870000e+02   1.5695455e+02   3.3858182e+01
   1.9880000e+02  -7.5045455e+01  -3.9861818e+01
   1.9890000e+02   3.4954545e+01  -2.9261818e+01
   1.9900000e+02   1.4895455e+02  -3.4821818e+01
   1.9910000e+02   1.4954545e+01   4.2538182e+01
   1.9920000e+02  -5.0045455e+01   4.2138182e+01
   1.9930000e+02  -9.0045455e+01  -7.7261818e+01
   1.9940000e+02   1.1954545e+01   6.6581818e+00
   1.9950000e+02  -2.9045455e+01   2.5298182e+01
   1.9960000e+02   7.9545455e+00  -7.1818182e+00
   1.9970000e+02  -4.5454545e-02  -3.9861818e+01
   1.9980000e+02  -1.1045455e+01   5.6578182e+01
   1.9990000e+02   1.1995455e+02  -3.4661818e+01
