   0.0000000e+00   9.8543424e+01   1.6117489e+02
   1.0000000e-01   8.5543424e+01   2.3969489e+02
   2.0000000e-01   4.2543424e+01   1.2441489e+02
   3.0000000e-01   5.3543424e+01   2.1697489e+02
   4.0000000e-01   1.3154342e+02   2.0485489e+02
   5.0000000e-01   1.3454342e+02   1.2473489e+02
   6.0000000e-01   6.3543424e+01   1.7457489e+02
   7.0000000e-01   3.6543424e+01   1.6065489e+02
   8.0000000e-01   1.8543424e+01   3.3037489e+02
   9.0000000e-01   1.0543424e+01   2.9969489e+02
   1.0000000e+00   1.6254342e+02   2.8261489e+02
   1.1000000e+00   2.5543424e+01   1.6509489e+02
   1.2000000e+00   1.7454342e+02   3.6913489e+02
   1.3000000e+00   9.5434243e+00   2.6273489e+02
   1.4000000e+00   6.5543424e+01   1.5849489e+02
   1.5000000e+00   1.4554342e+02   3.0729489e+02
   1.6000000e+00  -4.3456576e+01   2.1585489e+02
   1.7000000e+00   5.4543424e+01   2.0693489e+02
   1.8000000e+00   5.4543424e+01   2.2793489e+02
   1.9000000e+00   1.1654342e+02   2.5745489e+02
   2.0000000e+00   1.8454342e+02   2.2473489e+02
   2.1000000e+00  -3.1456576e+01   1.8737489e+02
   2.2000000e+00   1.2354342e+02   2.3517489e+02
   2.3000000e+00   6.0543424e+01   1.7869489e+02
   2.4000000e+00   1.1543424e+01   1.4365489e+02
   2.5000000e+00   7.1543424e+01   5.0254888e+01
   2.6000000e+00   3.9543424e+01   7.9534888e+01
   2.7000000e+00   5.3543424e+01   1.2397489e+02
   2.8000000e+00   4.1543424e+01   2.0245489e+02
   2.9000000e+00   5.6543424e+01   1.2785489e+02
   3.0000000e+00  -4.4565757e+00   2.7629489e+02
   3.1000000e+00   1.5543424e+01   2.7449489e+02
   3.2000000e+00  -1.4456576e+01   1.6369489e+02
   3.3000000e+00   1.1554342e+02   2.1649489e+02
   3.4000000e+00   7.9543424e+01   1.3993489e+02
   3.5000000e+00   1.9254342e+02   1.6441489e+02
   3.6000000e+00   2.2543424e+01   1.9421489e+02
   3.7000000e+00   1.4454342e+02   3.2833489e+02
   3.8000000e+00   6.6543424e+01   1.3345489e+02
   3.9000000e+00   4.0543424e+01   1.2349489e+02
   4.0000000e+00  -1.5456576e+01   1.3873489e+02
   4.1000000e+00   5.8543424e+01   2.2077489e+02
   4.2000000e+00   1.4054342e+02   1.9849489e+02
   4.3000000e+00   7.1543424e+01   2.0925489e+02
   4.4000000e+00  -5.4565757e+00   2.7233489e+02
   4.5000000e+00   1.5434243e+00   1.3005489e+02
   4.6000000e+00   7.5543424e+01   2.1609489e+02
   4.7000000e+00   6.8543424e+01   1.3037489e+02
   4.8000000e+00  -6.7456576e+01   1.9781489e+02
   4.9000000e+00  -2.1456576e+01   9.5974888e+01
   5.0000000e+00  -6.0456576e+01   2.7853489e+02
   5.1000000e+00  -3.0456576e+01   8.9334888e+01
   5.2000000e+00   4.3543424e+01   6.3374888e+01
   5.3000000e+00   1.2543424e+01   2.1161489e+02
   5.4000000e+00   1.7254342e+02   4.1521489e+02
   5.5000000e+00   8.8543424e+01   2.9857489e+02
   5.6000000e+00   1.1454342e+02   2.9253489e+02
   5.7000000e+00   8.0543424e+01   3.7289489e+02
   5.8000000e+00   2.8543424e+01   2.2297489e+02
   5.9000000e+00   1.0543424e+01   1.9969489e+02
   6.0000000e+00  -2.4565757e+00   1.4821489e+02
   6.1000000e+00   2.6543424e+01   9.6054888e+01
   6.2000000e+00  -3.0456576e+01   1.8333489e+02
   6.3000000e+00   1.3054342e+02   7.7894888e+01
   6.4000000e+00  -6.5456576e+01   1.8573489e+02
   6.5000000e+00   8.5543424e+01   1.5669489e+02
   6.6000000e+00   1.3054342e+02   2.2589489e+02
   6.7000000e+00   1.0454342e+02   2.6393489e+02
   6.8000000e+00   1.1254342e+02   2.2761489e+02
   6.9000000e+00   8.0543424e+01   1.5889489e+02
   7.0000000e+00   1.1254342e+02   1.3361489e+02
   7.1000000e+00   9.7543424e+01   2.1021489e+02
   7.2000000e+00   6.5434243e+00   1.6485489e+02
   7.3000000e+00   2.2554342e+02   2.0909489e+02
   7.4000000e+00   2.4543424e+01   1.3613489e+02
   7.5000000e+00   6.5434243e+00   4.1085489e+02
   7.6000000e+00   1.0554342e+02   1.6389489e+02
   7.7000000e+00   7.1543424e+01   2.5525489e+02
   7.8000000e+00  -1.1456576e+01   1.7457489e+02
   7.9000000e+00   1.6754342e+02   2.5241489e+02
   8.0000000e+00   1.4543424e+01   2.7953489e+02
   8.1000000e+00   9.6543424e+01   2.6525489e+02
   8.2000000e+00   1.5543424e+01   1.9449489e+02
   8.3000000e+00   5.3543424e+01   3.2697489e+02
   8.4000000e+00  -5.0456576e+01   2.1613489e+02
   8.5000000e+00   2.6543424e+01   2.3705489e+02
   8.6000000e+00   6.6543424e+01   2.1545489e+02
   8.7000000e+00  -5.5456576e+01   1.1433489e+02
   8.8000000e+00   1.3854342e+02   2.8657489e+02
   8.9000000e+00  -1.4456576e+01   3.4769489e+02
   9.0000000e+00  -4.3456576e+01   3.7585489e+02
   9.1000000e+00   5.0543424e+01   3.7509489e+02
   9.2000000e+00   1.3354342e+02   3.7477489e+02
   9.3000000e+00   3.6543424e+01   1.9865489e+02
   9.4000000e+00   1.3654342e+02   1.9865489e+02
   9.5000000e+00   1.2543424e+01   4.1961489e+02
   9.6000000e+00   1.1954342e+02   1.3033489e+02
   9.7000000e+00   3.3543424e+01   9.4774888e+01
   9.8000000e+00   7.6543424e+01   1.8105489e+02
   9.9000000e+00   2.2543424e+01   3.6321489e+02
   1.0000000e+01   5.4342432e-01   2.6009489e+02
   1.0100000e+01   9.6543424e+01   1.2225489e+02
   1.0200000e+01   3.1543424e+01   8.8854888e+01
   1.0300000e+01   1.2554342e+02   2.2509489e+02
   1.0400000e+01   1.6054342e+02   2.8569489e+02
   1.0500000e+01   2.3554342e+02   2.5869489e+02
   1.0600000e+01  -3.7456576e+01   2.0061489e+02
   1.0700000e+01   1.4154342e+02   2.7645489e+02
   1.0800000e+01  -1.1456576e+01   2.1557489e+02
   1.0900000e+01  -1.1456576e+01   1.4257489e+02
   1.1000000e+01   5.7543424e+01   2.1681489e+02
   1.1100000e+01   5.4543424e+01   1.6893489e+02
   1.1200000e+01   7.7543424e+01   1.2501489e+02
   1.1300000e+01   4.2543424e+01   1.7941489e+02
   1.1400000e+01  -2.8456576e+01   7.0254888e+01
   1.1500000e+01   4.7543424e+01   1.3721489e+02
   1.1600000e+01  -1.9456576e+01   5.7894888e+01
   1.1700000e+01  -1.6456576e+01   2.3777489e+02
   1.1800000e+01   1.6254342e+02   1.9361489e+02
   1.1900000e+01   7.5434243e+00   1.7481489e+02
   1.2000000e+01   7.0543424e+01   1.7129489e+02
   1.2100000e+01   1.6654342e+02   2.1045489e+02
   1.2200000e+01   1.5154342e+02   2.4905489e+02
   1.2300000e+01  -1.3456576e+01   3.0665489e+02
   1.2400000e+01   5.2543424e+01   1.2601489e+02
   1.2500000e+01   6.2543424e+01   2.3761489e+02
   1.2600000e+01  -5.4565757e+00   1.8533489e+02
   1.2700000e+01   6.1543424e+01   3.3165489e+02
   1.2800000e+01   7.0543424e+01   6.6294888e+01
   1.2900000e+01   8.4543424e+01   5.3734888e+01
   1.3000000e+01  -1.0545658e+02   1.2433489e+02
   1.3100000e+01   1.1454342e+02   2.7453489e+02
   1.3200000e+01   4.0543424e+01   7.5494888e+01
   1.3300000e+01  -5.4565757e+00   2.1233489e+02
   1.3400000e+01   4.5434243e+00   5.4593489e+02
   1.3500000e+01   6.5434243e+00   2.6285489e+02
   1.3600000e+01  -5.2456576e+01   2.7321489e+02
   1.3700000e+01   1.9543424e+01   1.6533489e+02
   1.3800000e+01   4.6543424e+01   2.1525489e+02
   1.3900000e+01  -6.4456576e+01   2.5369489e+02
   1.4000000e+01   9.2543424e+01   1.2241489e+02
   1.4100000e+01   1.1554342e+02   1.3049489e+02
   1.4200000e+01   1.6854342e+02   1.0537489e+02
   1.4300000e+01   4.8543424e+01   1.0917489e+02
   1.4400000e+01   4.0543424e+01   9.7494888e+01
   1.4500000e+01   1.1954342e+02   2.8533489e+02
   1.4600000e+01   1.2754342e+02   2.6501489e+02
   1.4700000e+01   6.6543424e+01   2.2745489e+02
   1.4800000e+01   1.7154342e+02   2.1225489e+02
   1.4900000e+01   5.4543424e+01   3.2593489e+02
   1.5000000e+01   1.5254342e+02   2.0901489e+02
   1.5100000e+01   1.8543424e+01   2.1137489e+02
   1.5200000e+01   6.7543424e+01   2.5841489e+02
   1.5300000e+01   1.8854342e+02   9.6574888e+01
   1.5400000e+01   1.6954342e+02   6.5334888e+01
   1.5500000e+01   5.5543424e+01   2.8689489e+02
   1.5600000e+01   1.3954342e+02   2.0453489e+02
   1.5700000e+01   1.7854342e+02   1.5897489e+02
   1.5800000e+01   1.5654342e+02   9.6854888e+01
   1.5900000e+01   1.4354342e+02   1.3937489e+02
   1.6000000e+01   7.9543424e+01   1.1893489e+02
   1.6100000e+01   5.4543424e+01   1.0793489e+02
   1.6200000e+01   1.2454342e+02   2.9113489e+02
   1.6300000e+01   1.4054342e+02   7.1494888e+01
   1.6400000e+01   7.2543424e+01   6.5214888e+01
   1.6500000e+01   7.0543424e+01   9.8294888e+01
   1.6600000e+01   1.5554342e+02   1.2489489e+02
   1.6700000e+01   5.5434243e+00   3.2989489e+02
   1.6800000e+01   1.2954342e+02   2.9993489e+02
   1.6900000e+01   6.7543424e+01   3.2414888e+01
   1.7000000e+01  -4.7456576e+01   2.4001489e+02
   1.7100000e+01   5.6543424e+01   3.1854888e+01
   1.7200000e+01  -1.7456576e+01   1.8681489e+02
   1.7300000e+01   2.9543424e+01   2.0293489e+02
   1.7400000e+01   1.2054342e+02   1.8029489e+02
   1.7500000e+01   1.0854342e+02   2.0677489e+02
   1.7600000e+01   7.9543424e+01   1.9893489e+02
   1.7700000e+01   5.5543424e+01   2.3689489e+02
   1.7800000e+01   1.0654342e+02   1.3485489e+02
   1.7900000e+01   3.5543424e+01   4.4694888e+01
   1.8000000e+01   1.1054342e+02   1.2669489e+02
   1.8100000e+01   6.0543424e+01   1.7069489e+02
   1.8200000e+01   4.1543424e+01   1.0645489e+02
   1.8300000e+01   1.4054342e+02   4.4494888e+01
   1.8400000e+01   1.4554342e+02   2.5294888e+01
   1.8500000e+01   1.3854342e+02   1.1557489e+02
   1.8600000e+01   1.1754342e+02   1.5841489e+02
   1.8700000e+01   1.1054342e+02   3.7694888e+01
   1.8800000e+01   5.3543424e+01   2.4297489e+02
   1.8900000e+01   8.6543424e+01   3.5654888e+01
   1.9000000e+01   1.3554342e+02   1.2569489e+02
   1.9100000e+01   1.5434243e+00   1.4405489e+02
   1.9200000e+01   4.2543424e+01   2.0241489e+02
   1.9300000e+01   1.1354342e+02   1.3257489e+02
   1.9400000e+01   9.4543424e+01   2.3433489e+02
   1.9500000e+01  -7.4565757e+00   2.2241489e+02
   1.9600000e+01   1.7454342e+02   1.0813489e+02
   1.9700000e+01   2.6543424e+01   1.3705489e+02
   1.9800000e+01   8.8543424e+01   1.8657489e+02
   1.9900000e+01   7.2543424e+01   1.1721489e+02
   2.0000000e+01   2.7954342e+02   1.6593489e+02
   2.0100000e+01   2.5354342e+02   6.4974888e+01
   2.0200000e+01   1.7154342e+02   1.3625489e+02
   2.0300000e+01   1.1854342e+02   1.9374888e+01
   2.0400000e+01   1.3754342e+02  -2.6385112e+01
   2.0500000e+01   6.2543424e+01   5.9614888e+01
   2.0600000e+01   1.1754342e+02   1.3414888e+01
   2.0700000e+01   1.2454342e+02   2.9134888e+01
   2.0800000e+01  -4.7456576e+01  -1.9985112e+01
   2.0900000e+01   1.4354342e+02   1.1337489e+02
   2.1000000e+01   1.4254342e+02  -4.9585112e+01
   2.1100000e+01   1.0054342e+02   3.7094888e+01
   2.1200000e+01   1.9154342e+02  -2.3545112e+01
   2.1300000e+01   2.4954342e+02  -4.6865112e+01
   2.1400000e+01   1.6754342e+02   6.2414888e+01
   2.1500000e+01   2.8454342e+02   8.6734888e+01
   2.1600000e+01   1.5554342e+02   8.3894888e+01
   2.1700000e+01   9.7543424e+01   2.7214888e+01
   2.1800000e+01   1.3654342e+02   5.8654888e+01
   2.1900000e+01   1.3654342e+02   8.0654888e+01
   2.2000000e+01   2.7454342e+02  -6.8651117e+00
   2.2100000e+01  -2.9456576e+01   6.4294888e+01
   2.2200000e+01   2.5154342e+02   5.8054888e+01
   2.2300000e+01   2.4154342e+02   3.4548883e+00
   2.2400000e+01   1.5054342e+02  -6.0905112e+01
   2.2500000e+01   2.6754342e+02   4.8414888e+01
   2.2600000e+01   3.8554342e+02   5.9694888e+01
   2.2700000e+01   1.1554342e+02   1.0494888e+01
   2.2800000e+01   1.0954342e+02   4.0734888e+01
   2.2900000e+01   3.5554342e+02   8.6894888e+01
   2.3000000e+01   7.0543424e+01  -1.6705112e+01
   2.3100000e+01   2.0954342e+02   1.0873489e+02
   2.3200000e+01   2.0954342e+02   5.7348883e+00
   2.3300000e+01   7.7543424e+01   1.2401489e+02
   2.3400000e+01   3.4654342e+02   2.3254888e+01
   2.3500000e+01   4.2354342e+02   2.4174888e+01
   2.3600000e+01   2.2354342e+02   8.3174888e+01
   2.3700000e+01   1.3254342e+02   1.0781489e+02
   2.3800000e+01   1.4354342e+02   6.1374888e+01
   2.3900000e+01   2.3054342e+02   7.8894888e+01
   2.4000000e+01   2.2054342e+02   1.3294888e+01
   2.4100000e+01   3.8454342e+02  -2.0265112e+01
   2.4200000e+01   1.9254342e+02   8.6414888e+01
   2.4300000e+01   1.1454342e+02  -1.4465112e+01
   2.4400000e+01   2.8054342e+02   6.8948883e+00
   2.4500000e+01   1.4754342e+02   1.1321489e+02
   2.4600000e+01   1.2154342e+02  -2.0745112e+01
   2.4700000e+01   2.1054342e+02   9.4694888e+01
   2.4800000e+01   2.4654342e+02   1.9254888e+01
   2.4900000e+01  -2.0456576e+01   5.4934888e+01
   2.5000000e+01   1.2854342e+02  -2.6025112e+01
   2.5100000e+01   8.9543424e+01  -3.1465112e+01
   2.5200000e+01  -4.3456576e+01   1.0985489e+02
   2.5300000e+01   4.9543424e+01  -1.6865112e+01
   2.5400000e+01   3.6543424e+01   9.1654888e+01
   2.5500000e+01   1.4454342e+02  -8.6651117e+00
   2.5600000e+01   1.6354342e+02   1.2957489e+02
   2.5700000e+01   1.3654342e+02   1.2654888e+01
   2.5800000e+01   6.5434243e+00   6.8854888e+01
   2.5900000e+01   2.0954342e+02   4.5734888e+01
   2.6000000e+01   3.5543424e+01  -7.3051117e+00
   2.6100000e+01   6.0543424e+01   3.8694888e+01
   2.6200000e+01   1.3354342e+02   5.1774888e+01
   2.6300000e+01   3.2654342e+02   3.1054888e+01
   2.6400000e+01   1.6354342e+02   7.6574888e+01
   2.6500000e+01   5.8543424e+01   3.2774888e+01
   2.6600000e+01  -3.2456576e+01   8.4414888e+01
   2.6700000e+01   5.6543424e+01   5.8548883e+00
   2.6800000e+01   1.8454342e+02   1.2573489e+02
   2.6900000e+01  -2.0456576e+01   1.1934888e+01
   2.7000000e+01   1.1154342e+02   2.5654888e+01
   2.7100000e+01   7.0543424e+01   5.2948883e+00
   2.7200000e+01   1.8354342e+02   4.2774888e+01
   2.7300000e+01   2.1554342e+02   3.4948883e+00
   2.7400000e+01   2.6154342e+02   4.0654888e+01
   2.7500000e+01   2.4054342e+02   7.2494888e+01
   2.7600000e+01   3.0543424e+01   7.1894888e+01
   2.7700000e+01   1.1054342e+02  -2.7305112e+01
   2.7800000e+01   1.9554342e+02   7.3294888e+01
   2.7900000e+01   3.4454342e+02   2.5334888e+01
   2.8000000e+01   2.2054342e+02  -1.9705112e+01
   2.8100000e+01   1.7454342e+02   7.8134888e+01
   2.8200000e+01   2.9654342e+02   7.6254888e+01
   2.8300000e+01   2.2054342e+02   5.6294888e+01
   2.8400000e+01   2.8154342e+02   2.0854888e+01
   2.8500000e+01   1.7854342e+02   3.1974888e+01
   2.8600000e+01   1.5654342e+02   5.0854888e+01
   2.8700000e+01   3.8654342e+02   1.3165489e+02
   2.8800000e+01   2.0554342e+02   7.8894888e+01
   2.8900000e+01   1.7054342e+02   1.6294888e+01
   2.9000000e+01   1.0854342e+02   1.1477489e+02
   2.9100000e+01   1.4954342e+02   3.7134888e+01
   2.9200000e+01   1.8054342e+02   9.2894888e+01
   2.9300000e+01   2.9954342e+02  -2.6865112e+01
   2.9400000e+01   1.5254342e+02   8.3014888e+01
   2.9500000e+01   1.4254342e+02   8.6414888e+01
   2.9600000e+01   7.1543424e+01   9.0254888e+01
   2.9700000e+01   2.3654342e+02   9.7654888e+01
   2.9800000e+01   2.6054342e+02   6.9488834e-01
   2.9900000e+01   1.1254342e+02   5.6148883e+00
   3.0000000e+01   1.6554342e+02   9.1494888e+01
   3.0100000e+01   1.0954342e+02   3.3734888e+01
   3.0200000e+01   2.4854342e+02   5.4174888e+01
   3.0300000e+01   1.6754342e+02   1.8414888e+01
   3.0400000e+01   2.5354342e+02   2.3097489e+02
   3.0500000e+01   2.8054342e+02   9.6894888e+01
   3.0600000e+01  -1.4565757e+00   5.9174888e+01
   3.0700000e+01   8.5543424e+01   6.6694888e+01
   3.0800000e+01   9.8543424e+01   8.0174888e+01
   3.0900000e+01  -8.4565757e+00   1.5345489e+02
   3.1000000e+01   2.4354342e+02   1.0237489e+02
   3.1100000e+01  -1.2456576e+01   1.4661489e+02
   3.1200000e+01   6.8543424e+01   8.9374888e+01
   3.1300000e+01   9.7543424e+01   4.1214888e+01
   3.1400000e+01   2.3754342e+02   3.0614888e+01
   3.1500000e+01   1.5454342e+02   6.5934888e+01
   3.1600000e+01   3.2543424e+01   1.7814888e+01
   3.1700000e+01   1.2954342e+02   4.9934888e+01
   3.1800000e+01   7.8543424e+01   2.8974888e+01
   3.1900000e+01   1.5154342e+02   2.5054888e+01
   3.2000000e+01   1.2754342e+02   6.0014888e+01
   3.2100000e+01   1.7254342e+02   4.5214888e+01
   3.2200000e+01   1.1354342e+02  -9.4251117e+00
   3.2300000e+01   7.5254342e+02   1.9601489e+02
   3.2400000e+01   1.7854342e+02   2.5974888e+01
   3.2500000e+01   1.2854342e+02   6.3974888e+01
   3.2600000e+01  -3.4456576e+01   4.8494888e+01
   3.2700000e+01   1.5434243e+00   5.2054888e+01
   3.2800000e+01   8.5543424e+01   3.2694888e+01
   3.2900000e+01   1.9543424e+01   9.3348883e+00
   3.3000000e+01   7.6543424e+01   4.0548883e+00
   3.3100000e+01   1.5254342e+02   4.9014888e+01
   3.3200000e+01   6.8543424e+01   6.1374888e+01
   3.3300000e+01   1.2454342e+02   1.1713489e+02
   3.3400000e+01  -3.4565757e+00   1.7254888e+01
   3.3500000e+01   3.9954342e+02   4.2134888e+01
   3.3600000e+01   2.3054342e+02   1.8948883e+00
   3.3700000e+01   1.6754342e+02   3.2414888e+01
   3.3800000e+01   2.5054342e+02   7.2094888e+01
   3.3900000e+01   2.0954342e+02   1.4734888e+01
   3.4000000e+01   2.3954342e+02   5.5348883e+00
   3.4100000e+01   2.1154342e+02   4.4654888e+01
   3.4200000e+01   1.0854342e+02  -8.2251117e+00
   3.4300000e+01   2.4154342e+02   5.2454888e+01
   3.4400000e+01   1.4254342e+02   5.4148883e+00
   3.4500000e+01   1.9354342e+02   4.1374888e+01
   3.4600000e+01   1.5434243e+00   7.5054888e+01
   3.4700000e+01   1.6254342e+02   2.6614888e+01
   3.4800000e+01   1.3354342e+02   1.7977489e+02
   3.4900000e+01   1.0054342e+02   7.3094888e+01
   3.5000000e+01   1.9754342e+02   7.7214888e+01
   3.5100000e+01   1.3554342e+02   1.0069489e+02
   3.5200000e+01   2.8354342e+02   8.9774888e+01
   3.5300000e+01  -3.5456576e+01   5.5348883e+00
   3.5400000e+01   1.2554342e+02   5.8094888e+01
   3.5500000e+01   2.3054342e+02   1.7894888e+01
   3.5600000e+01   1.7154342e+02   2.5488834e-01
   3.5700000e+01   1.4854342e+02  -3.8251117e+00
   3.5800000e+01   7.6543424e+01   6.2054888e+01
   3.5900000e+01   1.4354342e+02   1.1374888e+01
   3.6000000e+01   1.3154342e+02   9.1854888e+01
   3.6100000e+01   1.5854342e+02   3.4774888e+01
   3.6200000e+01   9.7543424e+01   5.8214888e+01
   3.6300000e+01   9.2543424e+01   6.5414888e+01
   3.6400000e+01   1.7454342e+02  -1.1865112e+01
   3.6500000e+01   2.0254342e+02   8.3014888e+01
   3.6600000e+01   2.0854342e+02   3.9774888e+01
   3.6700000e+01   1.5154342e+02  -9.4511166e-01
   3.6800000e+01   3.5554342e+02   1.0894888e+01
   3.6900000e+01   1.2954342e+02  -4.0651117e+00
   3.7000000e+01   4.2543424e+01  -1.3585112e+01
   3.7100000e+01  -4.4456576e+01   4.3894888e+01
   3.7200000e+01   4.6543424e+01  -6.7451117e+00
   3.7300000e+01   9.0543424e+01   1.4649489e+02
   3.7400000e+01   3.5434243e+00  -1.3025112e+01
   3.7500000e+01   1.2254342e+02  -5.2785112e+01
   3.7600000e+01   9.2543424e+01   1.8741489e+02
   3.7700000e+01  -1.4565757e+00   2.6174888e+01
   3.7800000e+01   1.6854342e+02   2.1374888e+01
   3.7900000e+01   1.4554342e+02   6.2948883e+00
   3.8000000e+01   8.8543424e+01   1.0257489e+02
   3.8100000e+01   9.8543424e+01   8.7174888e+01
   3.8200000e+01   2.9454342e+02   1.9033489e+02
   3.8300000e+01   1.3854342e+02   5.7488834e-01
   3.8400000e+01  -6.2456576e+01   8.6614888e+01
   3.8500000e+01   1.6454342e+02   5.3534888e+01
   3.8600000e+01   3.7954342e+02  -6.0651117e+00
   3.8700000e+01   2.4254342e+02  -4.2585112e+01
   3.8800000e+01   2.0854342e+02   4.7748883e+00
   3.8900000e+01   1.3054342e+02   2.8894888e+01
   3.9000000e+01   1.7654342e+02   1.3805489e+02
   3.9100000e+01   2.4554342e+02   4.0294888e+01
   3.9200000e+01   1.6854342e+02  -2.6251117e+00
   3.9300000e+01   2.0554342e+02   3.9894888e+01
   3.9400000e+01   1.3454342e+02   3.6734888e+01
   3.9500000e+01   1.4154342e+02   6.7454888e+01
   3.9600000e+01   1.5454342e+02  -1.6065112e+01
   3.9700000e+01   3.8054342e+02   7.8894888e+01
   3.9800000e+01   2.8754342e+02   7.0614888e+01
   3.9900000e+01   1.3654342e+02   8.4654888e+01
   4.0000000e+01   1.4154342e+02   2.8454888e+01
   4.0100000e+01   2.0854342e+02   9.6774888e+01
   4.0200000e+01   1.4454342e+02   8.3348883e+00
   4.0300000e+01   2.7054342e+02   1.2294888e+01
   4.0400000e+01   1.7954342e+02   2.9348883e+00
   4.0500000e+01   1.2254342e+02   3.0214888e+01
   4.0600000e+01   8.0543424e+01  -4.9105112e+01
   4.0700000e+01   1.0454342e+02  -4.4065112e+01
   4.0800000e+01   6.8543424e+01  -7.6251117e+00
   4.0900000e+01   3.8543424e+01   3.0574888e+01
   4.1000000e+01   2.4543424e+01   2.2134888e+01
   4.1100000e+01   3.7543424e+01   1.2661489e+02
   4.1200000e+01   4.1543424e+01   2.9454888e+01
   4.1300000e+01   7.7543424e+01   1.0701489e+02
   4.1400000e+01   8.7543424e+01   3.6148883e+00
   4.1500000e+01   3.5543424e+01   3.6694888e+01
   4.1600000e+01   1.0754342e+02   3.8814888e+01
   4.1700000e+01   3.3543424e+01   3.5774888e+01
   4.1800000e+01   1.0054342e+02   5.8094888e+01
   4.1900000e+01   1.3954342e+02   5.5534888e+01
   4.2000000e+01   8.7543424e+01   3.6614888e+01
   4.2100000e+01   3.3543424e+01   2.8774888e+01
   4.2200000e+01   3.0543424e+01   8.4894888e+01
   4.2300000e+01  -2.1456576e+01   4.8974888e+01
   4.2400000e+01   3.4543424e+01  -1.9265112e+01
   4.2500000e+01  -4.4456576e+01   5.6894888e+01
   4.2600000e+01   1.6954342e+02   1.9334888e+01
   4.2700000e+01   1.8754342e+02   1.0261489e+02
   4.2800000e+01   9.6543424e+01   7.5254888e+01
   4.2900000e+01   2.9854342e+02  -2.6825112e+01
   4.3000000e+01   1.7054342e+02   5.1294888e+01
   4.3100000e+01   2.5354342e+02   3.5974888e+01
   4.3200000e+01   1.5154342e+02   8.5054888e+01
   4.3300000e+01   9.3543424e+01   2.5374888e+01
   4.3400000e+01   5.5543424e+01   7.5894888e+01
   4.3500000e+01   1.0654342e+02   7.8548883e+00
   4.3600000e+01   6.4543424e+01   3.3534888e+01
   4.3700000e+01   1.3754342e+02   2.8614888e+01
   4.3800000e+01   1.7654342e+02  -1.5945112e+01
   4.3900000e+01   5.5434243e+00   8.9488834e-01
   4.4000000e+01   4.2543424e+01   5.0414888e+01
   4.4100000e+01   2.1454342e+02   9.7534888e+01
   4.4200000e+01   7.8543424e+01   7.0974888e+01
   4.4300000e+01   2.9554342e+02   9.5294888e+01
   4.4400000e+01   5.1543424e+01   7.5054888e+01
   4.4500000e+01   1.2654342e+02   4.5054888e+01
   4.4600000e+01   6.8543424e+01   9.3374888e+01
   4.4700000e+01   1.5854342e+02   2.6774888e+01
   4.4800000e+01   2.0954342e+02  -3.0265112e+01
   4.4900000e+01   1.7854342e+02   5.6974888e+01
   4.5000000e+01   4.5543424e+01   1.4429489e+02
   4.5100000e+01   2.9954342e+02   2.3134888e+01
   4.5200000e+01   2.0454342e+02   5.9348883e+00
   4.5300000e+01  -1.1456576e+01  -2.2425112e+01
   4.5400000e+01   2.0954342e+02   2.7734888e+01
   4.5500000e+01   8.4543424e+01   9.8734888e+01
   4.5600000e+01   2.8454342e+02  -8.2651117e+00
   4.5700000e+01   1.4954342e+02   3.1348883e+00
   4.5800000e+01   7.3543424e+01   4.6174888e+01
   4.5900000e+01   1.2154342e+02   6.6254888e+01
   4.6000000e+01   4.6543424e+01   6.2254888e+01
   4.6100000e+01   8.3543424e+01   3.6774888e+01
   4.6200000e+01   1.3954342e+02   6.0534888e+01
   4.6300000e+01   1.0654342e+02   7.8854888e+01
   4.6400000e+01   2.4854342e+02   3.9174888e+01
   4.6500000e+01   1.4554342e+02   5.9294888e+01
   4.6600000e+01   3.9654342e+02  -3.0745112e+01
   4.6700000e+01   9.8543424e+01  -2.1825112e+01
   4.6800000e+01   2.1654342e+02   7.6454888e+01
   4.6900000e+01   1.9754342e+02  -6.1785112e+01
   4.7000000e+01   1.9054342e+02   4.6494888e+01
   4.7100000e+01   1.4354342e+02   1.3374888e+01
   4.7200000e+01   1.8054342e+02   3.6894888e+01
   4.7300000e+01   2.3154342e+02   4.5854888e+01
   4.7400000e+01   2.1754342e+02  -2.6585112e+01
   4.7500000e+01   1.3954342e+02   8.6534888e+01
   4.7600000e+01   1.6454342e+02  -1.4465112e+01
   4.7700000e+01   6.7543424e+01  -2.0585112e+01
   4.7800000e+01   9.2543424e+01   2.4414888e+01
   4.7900000e+01   3.0154342e+02   2.9054888e+01
   4.8000000e+01   9.6543424e+01   8.0254888e+01
   4.8100000e+01   4.4543424e+01   7.5334888e+01
   4.8200000e+01   7.9543424e+01   8.2934888e+01
   4.8300000e+01   1.8454342e+02  -4.2651117e+00
   4.8400000e+01   3.1054342e+02  -1.3051117e+00
   4.8500000e+01   1.7054342e+02   2.0294888e+01
   4.8600000e+01   2.0554342e+02  -4.9105112e+01
   4.8700000e+01   1.7254342e+02   2.3214888e+01
   4.8800000e+01   1.3554342e+02   3.3694888e+01
   4.8900000e+01   3.3154342e+02  -2.3145112e+01
   4.9000000e+01   1.4154342e+02   3.1454888e+01
   4.9100000e+01   1.5754342e+02   1.3281489e+02
   4.9200000e+01   2.9454342e+02   1.6334888e+01
   4.9300000e+01   2.0754342e+02   1.2781489e+02
   4.9400000e+01   7.9543424e+01   1.1893489e+02
   4.9500000e+01   2.2654342e+02  -2.4945112e+01
   4.9600000e+01   1.7354342e+02   1.0317489e+02
   4.9700000e+01   3.4543424e+01   2.7734888e+01
   4.9800000e+01   1.3754342e+02   4.2614888e+01
   4.9900000e+01   7.0543424e+01   3.2948883e+00
   5.0000000e+01   2.5754342e+02   1.0814888e+01
   5.0100000e+01   2.1454342e+02  -4.6511166e-01
   5.0200000e+01   2.3554342e+02   6.5694888e+01
   5.0300000e+01   1.2854342e+02   7.1974888e+01
   5.0400000e+01   2.5154342e+02   1.7054888e+01
   5.0500000e+01   1.1354342e+02   2.8574888e+01
   5.0600000e+01   2.3654342e+02   1.6665489e+02
   5.0700000e+01   1.6554342e+02  -2.5051117e+00
   5.0800000e+01   1.6354342e+02   9.4574888e+01
   5.0900000e+01   1.0554342e+02  -6.1051117e+00
   5.1000000e+01   1.2054342e+02   4.4294888e+01
   5.1100000e+01   2.2543424e+01   3.6214888e+01
   5.1200000e+01   6.1543424e+01   6.6654888e+01
   5.1300000e+01   2.5654342e+02   7.4854888e+01
   5.1400000e+01   4.0543424e+01   1.3949489e+02
   5.1500000e+01   2.2154342e+02   6.5254888e+01
   5.1600000e+01   1.8054342e+02   5.1894888e+01
   5.1700000e+01  -1.1145658e+02   8.7574888e+01
   5.1800000e+01  -9.4565757e+00   2.7494888e+01
   5.1900000e+01  -2.4456576e+01   9.8094888e+01
   5.2000000e+01   6.4543424e+01   3.6534888e+01
   5.2100000e+01   1.0543424e+01   3.5694888e+01
   5.2200000e+01  -4.4456576e+01  -4.8105112e+01
   5.2300000e+01  -4.3456576e+01   2.9854888e+01
   5.2400000e+01   1.5554342e+02   7.0894888e+01
   5.2500000e+01   2.0543424e+01   1.0294888e+01
   5.2600000e+01   1.0554342e+02   3.5894888e+01
   5.2700000e+01  -4.8456576e+01  -2.4945112e+01
   5.2800000e+01   9.1543424e+01  -1.2545112e+01
   5.2900000e+01   1.0543424e+01  -6.9305112e+01
   5.3000000e+01   3.5434243e+00   3.1974888e+01
   5.3100000e+01  -1.5456576e+01   1.6734888e+01
   5.3200000e+01   6.5434243e+00   7.9854888e+01
   5.3300000e+01   1.5454342e+02  -3.1065112e+01
   5.3400000e+01   7.7543424e+01   4.0014888e+01
   5.3500000e+01   7.8543424e+01  -2.1025112e+01
   5.3600000e+01   4.5543424e+01   4.8294888e+01
   5.3700000e+01   6.0543424e+01   5.0694888e+01
   5.3800000e+01   1.1754342e+02   2.1414888e+01
   5.3900000e+01   1.0654342e+02   6.5854888e+01
   5.4000000e+01   1.2054342e+02  -4.9705112e+01
   5.4100000e+01   3.7543424e+01  -5.3851117e+00
   5.4200000e+01   1.5543424e+01   4.0494888e+01
   5.4300000e+01  -4.0456576e+01   2.4734888e+01
   5.4400000e+01   5.6543424e+01   8.5488834e-01
   5.4500000e+01   8.5543424e+01   1.6948883e+00
   5.4600000e+01   7.6543424e+01   1.0548883e+00
   5.4700000e+01   1.2954342e+02  -1.9065112e+01
   5.4800000e+01   1.4154342e+02   3.7454888e+01
   5.4900000e+01   6.8543424e+01  -4.4625112e+01
   5.5000000e+01  -3.4565757e+00   2.2548883e+00
   5.5100000e+01   5.5543424e+01  -1.5105112e+01
   5.5200000e+01   2.9154342e+02   6.4548883e+00
   5.5300000e+01   5.7543424e+01   7.1814888e+01
   5.5400000e+01   4.9543424e+01   8.5134888e+01
   5.5500000e+01   1.4054342e+02  -5.6505112e+01
   5.5600000e+01   2.9154342e+02  -1.5545112e+01
   5.5700000e+01   1.5154342e+02   5.2054888e+01
   5.5800000e+01   1.5854342e+02  -1.1225112e+01
   5.5900000e+01   7.9543424e+01   3.4934888e+01
   5.6000000e+01   6.4543424e+01   4.5348883e+00
   5.6100000e+01   2.6854342e+02  -1.0625112e+01
   5.6200000e+01   1.1054342e+02  -2.7305112e+01
   5.6300000e+01   1.0854342e+02  -2.0225112e+01
   5.6400000e+01   2.2954342e+02   7.9348883e+00
   5.6500000e+01   1.3654342e+02   4.5654888e+01
   5.6600000e+01   2.5454342e+02   2.1934888e+01
   5.6700000e+01   2.1354342e+02   4.1574888e+01
   5.6800000e+01   7.6543424e+01   6.3054888e+01
   5.6900000e+01   8.0543424e+01   4.0894888e+01
   5.7000000e+01   2.3054342e+02   2.7894888e+01
   5.7100000e+01   2.8354342e+02  -2.2511166e-01
   5.7200000e+01   2.7454342e+02  -1.6865112e+01
   5.7300000e+01   1.4254342e+02  -8.4585112e+01
   5.7400000e+01   2.3554342e+02   4.8694888e+01
   5.7500000e+01   2.5854342e+02   4.8774888e+01
   5.7600000e+01   4.7543424e+01   1.0121489e+02
   5.7700000e+01   7.4543424e+01  -1.6865112e+01
   5.7800000e+01   1.1754342e+02  -1.5851117e+00
   5.7900000e+01   1.8543424e+01   3.5374888e+01
   5.8000000e+01   1.4054342e+02   6.4948883e+00
   5.8100000e+01   1.4054342e+02   6.3494888e+01
   5.8200000e+01   1.8154342e+02   4.2854888e+01
   5.8300000e+01   1.3054342e+02  -2.3105112e+01
   5.8400000e+01   1.0254342e+02  -3.7985112e+01
   5.8500000e+01   1.6254342e+02   1.8614888e+01
   5.8600000e+01   4.9543424e+01   4.1134888e+01
   5.8700000e+01   2.5154342e+02  -3.8945112e+01
   5.8800000e+01   7.4543424e+01  -8.8651117e+00
   5.8900000e+01   1.0054342e+02   3.0948883e+00
   5.9000000e+01   1.3954342e+02   1.3534888e+01
   5.9100000e+01   1.0754342e+02   1.1581489e+02
   5.9200000e+01   1.5554342e+02  -4.3105112e+01
   5.9300000e+01   7.0543424e+01  -1.4705112e+01
   5.9400000e+01   7.5543424e+01   1.5094888e+01
   5.9500000e+01   2.3754342e+02  -2.4385112e+01
   5.9600000e+01   1.4654342e+02  -7.7451117e+00
   5.9700000e+01   1.7154342e+02   1.0254888e+01
   5.9800000e+01   1.5954342e+02   3.1734888e+01
   5.9900000e+01   9.7543424e+01  -2.5785112e+01
   6.0000000e+01   1.2654342e+02  -1.7945112e+01
   6.0100000e+01   5.7543424e+01  -7.5185112e+01
   6.0200000e+01   6.6543424e+01   5.0454888e+01
   6.0300000e+01   1.3754342e+02   7.4614888e+01
   6.0400000e+01   2.6854342e+02  -6.5625112e+01
   6.0500000e+01   1.4954342e+02   5.7134888e+01
   6.0600000e+01   1.1854342e+02  -2.6251117e+00
   6.0700000e+01   1.1254342e+02  -3.6385112e+01
   6.0800000e+01   2.4154342e+02  -7.5451117e+00
   6.0900000e+01   1.6054342e+02  -6.1305112e+01
   6.1000000e+01   4.5543424e+01  -2.4705112e+01
   6.1100000e+01   2.7454342e+02  -1.9865112e+01
   6.1200000e+01   2.6354342e+02   7.5748883e+00
   6.1300000e+01   1.5354342e+02   5.0974888e+01
   6.1400000e+01   2.0654342e+02   2.0854888e+01
   6.1500000e+01   2.7454342e+02   3.1134888e+01
   6.1600000e+01   9.5543424e+01  -6.4705112e+01
   6.1700000e+01   9.3543424e+01  -1.5625112e+01
   6.1800000e+01   1.1454342e+02   1.6534888e+01
   6.1900000e+01   1.7554342e+02  -3.4905112e+01
   6.2000000e+01   2.0354342e+02  -2.0025112e+01
   6.2100000e+01   1.0654342e+02   6.5854888e+01
   6.2200000e+01   1.7354342e+02  -2.5825112e+01
   6.2300000e+01   9.8543424e+01   3.1748883e+00
   6.2400000e+01   1.4154342e+02   5.7454888e+01
   6.2500000e+01   1.5954342e+02   3.3734888e+01
   6.2600000e+01   3.1254342e+02  -6.8385112e+01
   6.2700000e+01   1.4754342e+02  -5.5785112e+01
   6.2800000e+01   2.2954342e+02  -3.7065112e+01
   6.2900000e+01   3.2254342e+02  -3.3785112e+01
   6.3000000e+01   2.0654342e+02   1.8548883e+00
   6.3100000e+01   7.4543424e+01  -2.1865112e+01
   6.3200000e+01   6.3543424e+01  -5.1425112e+01
   6.3300000e+01   2.1854342e+02  -2.6251117e+00
   6.3400000e+01   1.0054342e+02  -7.6905112e+01
   6.3500000e+01   7.3543424e+01   2.7174888e+01
   6.3600000e+01   6.3543424e+01   5.4574888e+01
   6.3700000e+01  -5.4565757e+00  -7.6651117e+00
   6.3800000e+01   4.2543424e+01   1.7414888e+01
   6.3900000e+01   1.5054342e+02   5.4094888e+01
   6.4000000e+01   3.9654342e+02  -8.9745112e+01
   6.4100000e+01   1.6654342e+02  -3.5545112e+01
   6.4200000e+01   1.4954342e+02  -2.3865112e+01
   6.4300000e+01   2.2354342e+02  -2.9825112e+01
   6.4400000e+01   1.0354342e+02   1.5974888e+01
   6.4500000e+01   1.4354342e+02  -2.1625112e+01
   6.4600000e+01  -5.4565757e+00   1.6334888e+01
   6.4700000e+01   1.4054342e+02   5.8494888e+01
   6.4800000e+01   3.7543424e+01   7.5614888e+01
   6.4900000e+01   1.2754342e+02  -1.0985112e+01
   6.5000000e+01   1.1554342e+02  -4.4505112e+01
   6.5100000e+01   5.4543424e+01   6.2934888e+01
   6.5200000e+01  -5.5456576e+01   4.0334888e+01
   6.5300000e+01   7.7543424e+01   4.2014888e+01
   6.5400000e+01   1.4854342e+02   1.1748883e+00
   6.5500000e+01   1.4754342e+02   1.3214888e+01
   6.5600000e+01   2.6154342e+02   9.6548883e+00
   6.5700000e+01  -3.4565757e+00   9.2254888e+01
   6.5800000e+01   1.6554342e+02   2.6494888e+01
   6.5900000e+01   1.9454342e+02  -1.5665112e+01
   6.6000000e+01   6.5434243e+00   5.6854888e+01
   6.6100000e+01   2.1543424e+01   1.7254888e+01
   6.6200000e+01   2.2543424e+01  -3.8785112e+01
   6.6300000e+01   1.2454342e+02   2.2134888e+01
   6.6400000e+01   2.7654342e+02   5.4888337e-02
   6.6500000e+01   1.2543424e+01   5.9614888e+01
   6.6600000e+01   4.6543424e+01   1.3125489e+02
   6.6700000e+01   1.4554342e+02   4.2294888e+01
   6.6800000e+01   2.7543424e+01  -4.4985112e+01
   6.6900000e+01   1.9154342e+02  -2.7545112e+01
   6.7000000e+01   3.1254342e+02   6.1488834e-01
   6.7100000e+01   1.4754342e+02  -1.6785112e+01
   6.7200000e+01   2.3254342e+02  -8.1851117e+00
   6.7300000e+01   1.5054342e+02   5.6094888e+01
   6.7400000e+01   1.5554342e+02   2.6894888e+01
   6.7500000e+01   9.3543424e+01   9.3748883e+00
   6.7600000e+01   1.0543424e+01   1.3694888e+01
   6.7700000e+01   5.0543424e+01   3.0948883e+00
   6.7800000e+01   5.4543424e+01  -6.0651117e+00
   6.7900000e+01   9.9543424e+01   3.5134888e+01
   6.8000000e+01   6.1543424e+01  -1.3451117e+00
   6.8100000e+01  -4.6456576e+01   3.1974888e+01
   6.8200000e+01   1.5434243e+00  -1.6945112e+01
   6.8300000e+01   1.0754342e+02  -4.3185112e+01
   6.8400000e+01   9.8543424e+01   2.1748883e+00
   6.8500000e+01  -3.4565757e+00   3.0254888e+01
   6.8600000e+01   1.0154342e+02   3.5054888e+01
   6.8700000e+01   6.4543424e+01   1.1534888e+01
   6.8800000e+01   5.3543424e+01   6.5974888e+01
   6.8900000e+01   1.8054342e+02  -1.5105112e+01
   6.9000000e+01   1.6154342e+02  -4.6345112e+01
   6.9100000e+01  -5.4565757e+00  -1.6651117e+00
   6.9200000e+01   1.1543424e+01  -2.1345112e+01
   6.9300000e+01   1.1543424e+01  -1.3345112e+01
   6.9400000e+01   1.4154342e+02  -4.5545112e+01
   6.9500000e+01   8.8543424e+01  -1.7425112e+01
   6.9600000e+01   1.9543424e+01   4.4334888e+01
   6.9700000e+01   1.2254342e+02  -2.3785112e+01
   6.9800000e+01   2.2154342e+02   7.2548883e+00
   6.9900000e+01   1.9154342e+02  -4.0545112e+01
   7.0000000e+01  -2.8456576e+01  -4.4745112e+01
   7.0100000e+01   1.1854342e+02  -1.7625112e+01
   7.0200000e+01   1.9654342e+02  -8.7451117e+00
   7.0300000e+01  -1.9456576e+01   1.3894888e+01
   7.0400000e+01  -2.4565757e+00  -2.5785112e+01
   7.0500000e+01  -3.6456576e+01  -4.5425112e+01
   7.0600000e+01   4.5543424e+01  -2.9705112e+01
   7.0700000e+01   1.1254342e+02  -3.7385112e+01
   7.0800000e+01   3.6543424e+01  -9.0345112e+01
   7.0900000e+01  -4.1456576e+01  -1.4225112e+01
   7.1000000e+01  -4.5657568e-01  -1.3865112e+01
   7.1100000e+01  -8.0456576e+01   2.4334888e+01
   7.1200000e+01   4.5543424e+01  -6.3705112e+01
   7.1300000e+01  -3.1456576e+01  -8.7625112e+01
   7.1400000e+01   1.4543424e+01   6.3534888e+01
   7.1500000e+01   3.0543424e+01  -6.0105112e+01
   7.1600000e+01   1.2154342e+02  -5.5745112e+01
   7.1700000e+01  -1.9456576e+01   2.7894888e+01
   7.1800000e+01   1.1154342e+02  -7.1345112e+01
   7.1900000e+01  -8.1456576e+01  -2.1625112e+01
   7.2000000e+01   1.2543424e+01   2.6148883e+00
   7.2100000e+01   1.3754342e+02   3.8614888e+01
   7.2200000e+01   1.2454342e+02  -4.0865112e+01
   7.2300000e+01   2.5543424e+01  -1.1905112e+01
   7.2400000e+01  -3.5456576e+01   8.2534888e+01
   7.2500000e+01   1.6254342e+02   2.4614888e+01
   7.2600000e+01   2.8543424e+01   9.7488834e-01
   7.2700000e+01   1.4654342e+02  -5.2745112e+01
   7.2800000e+01   6.4543424e+01   7.5348883e+00
   7.2900000e+01   1.6754342e+02  -4.5585112e+01
   7.3000000e+01   1.4354342e+02  -3.6251117e+00
   7.3100000e+01   1.2254342e+02  -5.5785112e+01
   7.3200000e+01   4.2543424e+01  -1.4585112e+01
   7.3300000e+01   3.0543424e+01   2.6894888e+01
   7.3400000e+01   1.5754342e+02  -1.1851117e+00
   7.3500000e+01   1.5954342e+02   6.7348883e+00
   7.3600000e+01   3.8543424e+01  -6.1425112e+01
   7.3700000e+01   9.5543424e+01  -2.7705112e+01
   7.3800000e+01   2.0954342e+02   4.4734888e+01
   7.3900000e+01   1.5954342e+02  -5.3265112e+01
   7.4000000e+01   1.2154342e+02   5.7254888e+01
   7.4100000e+01  -2.4456576e+01  -6.2905112e+01
   7.4200000e+01   6.6543424e+01   3.4548883e+00
   7.4300000e+01   9.4543424e+01   4.4334888e+01
   7.4400000e+01   6.5543424e+01   1.4948883e+00
   7.4500000e+01   1.3554342e+02  -3.1305112e+01
   7.4600000e+01   2.4354342e+02  -4.7625112e+01
   7.4700000e+01   2.2543424e+01  -1.6785112e+01
   7.4800000e+01   1.3754342e+02  -4.7385112e+01
   7.4900000e+01   1.3254342e+02   4.6814888e+01
   7.5000000e+01   1.6543424e+01   3.3454888e+01
   7.5100000e+01   7.3543424e+01   7.6174888e+01
   7.5200000e+01   5.7543424e+01   8.8148883e+00
   7.5300000e+01   7.7543424e+01   1.2014888e+01
   7.5400000e+01   1.6754342e+02   2.4148883e+00
   7.5500000e+01   2.2054342e+02  -5.8705112e+01
   7.5600000e+01   7.3543424e+01   1.7488834e-01
   7.5700000e+01   1.2654342e+02   5.4888337e-02
   7.5800000e+01   8.7543424e+01   1.3614888e+01
   7.5900000e+01   2.5154342e+02  -3.2945112e+01
   7.6000000e+01   6.2543424e+01   3.3614888e+01
   7.6100000e+01   1.0254342e+02   8.0014888e+01
   7.6200000e+01   9.1543424e+01   3.3454888e+01
   7.6300000e+01   2.2454342e+02   4.1348883e+00
   7.6400000e+01   5.8543424e+01  -5.4225112e+01
   7.6500000e+01   2.7454342e+02   4.3134888e+01
   7.6600000e+01   2.5054342e+02   1.2094888e+01
   7.6700000e+01   3.7543424e+01  -2.3851117e+00
   7.6800000e+01   9.9543424e+01  -2.5865112e+01
   7.6900000e+01   2.3354342e+02   6.2774888e+01
   7.7000000e+01   8.4543424e+01  -5.7265112e+01
   7.7100000e+01  -4.7456576e+01  -5.2985112e+01
   7.7200000e+01   1.1354342e+02  -5.7425112e+01
   7.7300000e+01   2.3543424e+01   8.1748883e+00
   7.7400000e+01   1.2543424e+01   2.2614888e+01
   7.7500000e+01   1.9054342e+02  -8.2505112e+01
   7.7600000e+01   1.7454342e+02  -4.8865112e+01
   7.7700000e+01   4.4543424e+01  -1.8665112e+01
   7.7800000e+01   5.5543424e+01  -2.3105112e+01
   7.7900000e+01   1.3054342e+02  -5.4105112e+01
   7.8000000e+01   4.5543424e+01   3.5294888e+01
   7.8100000e+01   5.8543424e+01   1.2774888e+01
   7.8200000e+01   1.4154342e+02  -1.4545112e+01
   7.8300000e+01   6.4543424e+01   2.8534888e+01
   7.8400000e+01   1.4543424e+01  -1.2465112e+01
   7.8500000e+01   1.1554342e+02  -3.6505112e+01
   7.8600000e+01  -6.4456576e+01  -4.7305112e+01
   7.8700000e+01   1.6754342e+02  -3.4585112e+01
   7.8800000e+01   4.7154342e+02  -3.2745112e+01
   7.8900000e+01   3.1543424e+01  -6.0145112e+01
   7.9000000e+01   1.7654342e+02  -2.2945112e+01
   7.9100000e+01   1.6543424e+01  -1.1545112e+01
   7.9200000e+01   3.1554342e+02  -6.9505112e+01
   7.9300000e+01   2.4543424e+01  -2.8651117e+00
   7.9400000e+01   1.4354342e+02   2.8374888e+01
   7.9500000e+01   3.2543424e+01  -1.4185112e+01
   7.9600000e+01   1.9354342e+02  -2.5625112e+01
   7.9700000e+01  -4.4565757e+00  -5.8705112e+01
   7.9800000e+01  -5.4565757e+00   3.9334888e+01
   7.9900000e+01  -7.8456576e+01  -2.7745112e+01
   8.0000000e+01   2.7543424e+01   3.3014888e+01
   8.0100000e+01   5.6543424e+01   2.8548883e+00
   8.0200000e+01   8.8543424e+01  -4.6425112e+01
   8.0300000e+01   1.0854342e+02  -3.2225112e+01
   8.0400000e+01   2.1543424e+01  -2.5745112e+01
   8.0500000e+01   1.7254342e+02  -2.4785112e+01
   8.0600000e+01   1.7543424e+01  -3.3585112e+01
   8.0700000e+01   1.6654342e+02  -8.5545112e+01
   8.0800000e+01   5.0543424e+01   1.8094888e+01
   8.0900000e+01   4.4543424e+01   7.3348883e+00
   8.1000000e+01   2.8543424e+01  -3.6025112e+01
   8.1100000e+01   1.2454342e+02   1.5134888e+01
   8.1200000e+01   6.0543424e+01   1.9694888e+01
   8.1300000e+01   9.3543424e+01  -7.6251117e+00
   8.1400000e+01   6.5543424e+01   2.9494888e+01
   8.1500000e+01   6.8543424e+01   9.3748883e+00
   8.1600000e+01   6.5543424e+01  -5.5051117e+00
   8.1700000e+01   1.3754342e+02  -3.6385112e+01
   8.1800000e+01   2.2154342e+02   2.1254888e+01
   8.1900000e+01   4.0543424e+01   5.1494888e+01
   8.2000000e+01   1.2954342e+02  -6.0651117e+00
   8.2100000e+01   3.1543424e+01   2.3854888e+01
   8.2200000e+01   1.6954342e+02   1.6334888e+01
   8.2300000e+01   1.2554342e+02  -4.9051117e+00
   8.2400000e+01   9.6543424e+01  -2.9745112e+01
   8.2500000e+01   2.5434243e+00   2.0148883e+00
   8.2600000e+01   1.3554342e+02  -5.6305112e+01
   8.2700000e+01   1.6554342e+02  -8.5051117e+00
   8.2800000e+01   2.9543424e+01  -7.0065112e+01
   8.2900000e+01   2.0543424e+01   2.9294888e+01
   8.3000000e+01   1.5543424e+01  -2.4505112e+01
   8.3100000e+01  -1.5456576e+01   4.7348883e+00
   8.3200000e+01   6.5543424e+01  -3.9505112e+01
   8.3300000e+01   1.7454342e+02  -2.4865112e+01
   8.3400000e+01   8.5543424e+01  -1.5305112e+01
   8.3500000e+01   1.0754342e+02   2.8148883e+00
   8.3600000e+01   1.0254342e+02   2.2014888e+01
   8.3700000e+01   1.3954342e+02  -1.5465112e+01
   8.3800000e+01   7.7543424e+01  -6.9985112e+01
   8.3900000e+01   9.1543424e+01  -6.6545112e+01
   8.4000000e+01   2.4543424e+01  -4.8651117e+00
   8.4100000e+01   5.9543424e+01   2.9734888e+01
   8.4200000e+01   2.5543424e+01  -3.5905112e+01
   8.4300000e+01   1.2354342e+02  -2.8825112e+01
   8.4400000e+01   4.8543424e+01  -4.3825112e+01
   8.4500000e+01   2.8254342e+02   3.1814888e+01
   8.4600000e+01   1.1454342e+02  -2.7465112e+01
   8.4700000e+01   1.5254342e+02  -4.3985112e+01
   8.4800000e+01  -1.6456576e+01  -4.9225112e+01
   8.4900000e+01   7.9543424e+01   1.4934888e+01
   8.5000000e+01   1.0354342e+02   1.7974888e+01
   8.5100000e+01   3.4543424e+01   3.6734888e+01
   8.5200000e+01   1.9543424e+01  -1.5665112e+01
   8.5300000e+01   9.1543424e+01  -5.5451117e+00
   8.5400000e+01   1.9054342e+02   3.4494888e+01
   8.5500000e+01   1.2954342e+02  -6.5065112e+01
   8.5600000e+01   1.3654342e+02   1.7654888e+01
   8.5700000e+01   3.0254342e+02   2.2014888e+01
   8.5800000e+01   1.1854342e+02   3.5374888e+01
   8.5900000e+01   3.7543424e+01   1.6614888e+01
   8.6000000e+01   1.1154342e+02  -3.8345112e+01
   8.6100000e+01   6.7543424e+01  -3.3585112e+01
   8.6200000e+01   9.8543424e+01   6.3174888e+01
   8.6300000e+01   1.0554342e+02   3.8894888e+01
   8.6400000e+01   9.2543424e+01   3.0414888e+01
   8.6500000e+01   1.8254342e+02  -5.1851117e+00
   8.6600000e+01   9.5543424e+01   4.2948883e+00
   8.6700000e+01   1.5454342e+02  -1.2065112e+01
   8.6800000e+01   1.3543424e+01  -4.6425112e+01
   8.6900000e+01   9.3543424e+01   1.1374888e+01
   8.7000000e+01   1.2854342e+02   2.9748883e+00
   8.7100000e+01   1.3854342e+02   3.7574888e+01
   8.7200000e+01   2.1654342e+02  -1.3545112e+01
   8.7300000e+01   1.1354342e+02   8.8574888e+01
   8.7400000e+01   1.9454342e+02  -3.8665112e+01
   8.7500000e+01   1.8554342e+02   2.9694888e+01
   8.7600000e+01   1.5954342e+02  -4.2651117e+00
   8.7700000e+01   8.3543424e+01   1.0774888e+01
   8.7800000e+01   6.2543424e+01  -3.5385112e+01
   8.7900000e+01  -2.4565757e+00  -3.8785112e+01
   8.8000000e+01  -2.7456576e+01  -6.0785112e+01
   8.8100000e+01  -2.9456576e+01   6.2948883e+00
   8.8200000e+01  -5.7456576e+01  -1.2585112e+01
   8.8300000e+01   6.2543424e+01   5.6148883e+00
   8.8400000e+01  -1.8456576e+01   8.2854888e+01
   8.8500000e+01   3.2854342e+02   7.1974888e+01
   8.8600000e+01   1.4754342e+02   3.5214888e+01
   8.8700000e+01  -4.4565757e+00  -3.7705112e+01
   8.8800000e+01   1.3354342e+02  -1.8225112e+01
   8.8900000e+01  -7.9456576e+01   6.2948883e+00
   8.9000000e+01   7.6543424e+01   4.3054888e+01
   8.9100000e+01  -3.4565757e+00   3.6254888e+01
   8.9200000e+01   1.2854342e+02   6.4974888e+01
   8.9300000e+01   4.4543424e+01  -3.3665112e+01
   8.9400000e+01   1.4543424e+01   1.7534888e+01
   8.9500000e+01  -1.4456576e+01   8.0694888e+01
   8.9600000e+01   1.5543424e+01   3.7494888e+01
   8.9700000e+01   1.9543424e+01  -1.2665112e+01
   8.9800000e+01  -5.4456576e+01  -6.0705112e+01
   8.9900000e+01   2.0054342e+02  -1.2905112e+01
   9.0000000e+01   1.2554342e+02  -1.5905112e+01
   9.0100000e+01   1.1154342e+02   1.4654888e+01
   9.0200000e+01   9.1543424e+01  -2.0545112e+01
   9.0300000e+01   2.6543424e+01   5.4888337e-02
   9.0400000e+01   8.8543424e+01  -3.9425112e+01
   9.0500000e+01   8.0543424e+01  -6.4105112e+01
   9.0600000e+01   1.5054342e+02   6.0948883e+00
   9.0700000e+01   1.9254342e+02   1.5414888e+01
   9.0800000e+01   1.0854342e+02  -2.2511166e-01
   9.0900000e+01   3.4543424e+01   1.0373489e+02
   9.1000000e+01   5.3543424e+01   3.5974888e+01
   9.1100000e+01   1.2554342e+02   4.9094888e+01
   9.1200000e+01   3.7354342e+02   3.1174888e+01
   9.1300000e+01   1.5354342e+02   2.7974888e+01
   9.1400000e+01   3.9354342e+02  -8.6251117e+00
   9.1500000e+01   3.1854342e+02  -5.3625112e+01
   9.1600000e+01   3.1254342e+02  -5.0385112e+01
   9.1700000e+01   1.4354342e+02   3.0374888e+01
   9.1800000e+01   1.3154342e+02   1.8548883e+00
   9.1900000e+01   2.7054342e+02  -3.5705112e+01
   9.2000000e+01   1.5854342e+02  -5.0225112e+01
   9.2100000e+01   6.8543424e+01   3.0374888e+01
   9.2200000e+01   1.9654342e+02  -4.0745112e+01
   9.2300000e+01   7.8543424e+01  -1.8025112e+01
   9.2400000e+01   7.9543424e+01  -1.9065112e+01
   9.2500000e+01   1.7054342e+02  -1.7705112e+01
   9.2600000e+01   1.3054342e+02  -2.3105112e+01
   9.2700000e+01   1.1754342e+02   6.5414888e+01
   9.2800000e+01   1.9554342e+02  -2.9705112e+01
   9.2900000e+01   1.6254342e+02   1.8614888e+01
   9.3000000e+01   2.0754342e+02   7.7814888e+01
   9.3100000e+01   5.9543424e+01  -4.0265112e+01
   9.3200000e+01   4.7543424e+01  -6.2785112e+01
   9.3300000e+01   1.6543424e+01   2.8454888e+01
   9.3400000e+01   1.5434243e+00   1.0548883e+00
   9.3500000e+01   4.9543424e+01  -1.1865112e+01
   9.3600000e+01   1.3054342e+02  -5.6105112e+01
   9.3700000e+01   4.5543424e+01   1.5294888e+01
   9.3800000e+01   7.5434243e+00  -3.1185112e+01
   9.3900000e+01  -9.2456576e+01   4.5814888e+01
   9.4000000e+01   2.0654342e+02  -6.1451117e+00
   9.4100000e+01   3.3543424e+01  -4.3225112e+01
   9.4200000e+01   1.2054342e+02   3.9294888e+01
   9.4300000e+01  -3.2456576e+01  -6.0585112e+01
   9.4400000e+01  -1.1245658e+02   2.3614888e+01
   9.4500000e+01  -6.6456576e+01   5.7748883e+00
   9.4600000e+01  -3.1456576e+01  -2.9625112e+01
   9.4700000e+01   6.4543424e+01  -1.5465112e+01
   9.4800000e+01   4.5434243e+00  -2.7065112e+01
   9.4900000e+01  -3.4565757e+00   9.2548883e+00
   9.5000000e+01   4.5434243e+00  -2.0651117e+00
   9.5100000e+01  -1.3456576e+01   2.3654888e+01
   9.5200000e+01   1.0754342e+02   8.1488834e-01
   9.5300000e+01  -6.5456576e+01   1.2073489e+02
   9.5400000e+01  -3.4456576e+01   2.1494888e+01
   9.5500000e+01   1.2554342e+02  -6.1905112e+01
   9.5600000e+01  -4.5657568e-01  -1.9865112e+01
   9.5700000e+01  -3.4456576e+01  -7.5051117e+00
   9.5800000e+01   1.9543424e+01   9.3334888e+01
   9.5900000e+01   1.5654342e+02   2.3854888e+01
   9.6000000e+01  -1.3456576e+01  -2.3451117e+00
   9.6100000e+01   8.3543424e+01  -4.3225112e+01
   9.6200000e+01  -5.5456576e+01   3.9334888e+01
   9.6300000e+01   8.2543424e+01   1.8148883e+00
   9.6400000e+01   6.7543424e+01  -5.5851117e+00
   9.6500000e+01   1.1543424e+01   5.3654888e+01
   9.6600000e+01  -2.4565757e+00   7.3214888e+01
   9.6700000e+01  -6.7456576e+01  -6.0185112e+01
   9.6800000e+01  -5.3456576e+01   2.0254888e+01
   9.6900000e+01   1.4754342e+02  -3.7851117e+00
   9.7000000e+01   9.7543424e+01   6.2148883e+00
   9.7100000e+01  -3.4456576e+01  -7.5051117e+00
   9.7200000e+01   2.2543424e+01   5.5214888e+01
   9.7300000e+01  -9.4565757e+00  -4.7505112e+01
   9.7400000e+01  -6.5456576e+01   4.7734888e+01
   9.7500000e+01  -5.2456576e+01   2.2148883e+00
   9.7600000e+01   5.4342432e-01  -7.9051117e+00
   9.7700000e+01   9.5543424e+01  -4.0705112e+01
   9.7800000e+01   1.6543424e+01  -4.3545112e+01
   9.7900000e+01   1.8543424e+01  -9.6251117e+00
   9.8000000e+01   1.3543424e+01  -4.1425112e+01
   9.8100000e+01   6.5434243e+00  -4.9145112e+01
   9.8200000e+01   2.6854342e+02  -5.9625112e+01
   9.8300000e+01  -1.8456576e+01  -1.7145112e+01
   9.8400000e+01   2.7543424e+01   5.0148883e+00
   9.8500000e+01   1.1754342e+02   8.4148883e+00
   9.8600000e+01   5.0543424e+01  -2.6905112e+01
   9.8700000e+01   8.5543424e+01  -1.9305112e+01
   9.8800000e+01  -8.4565757e+00  -1.4545112e+01
   9.8900000e+01  -2.3456576e+01  -2.8945112e+01
   9.9000000e+01   2.1254342e+02  -3.9385112e+01
   9.9100000e+01   7.7543424e+01  -2.3985112e+01
   9.9200000e+01   6.3543424e+01  -9.4251117e+00
   9.9300000e+01  -4.6456576e+01  -1.0251117e+00
   9.9400000e+01   3.1254342e+02  -3.8511166e-01
   9.9500000e+01   2.0554342e+02   3.7894888e+01
   9.9600000e+01   5.2543424e+01  -5.1985112e+01
   9.9700000e+01   2.1554342e+02   1.3494888e+01
   9.9800000e+01   1.1154342e+02   6.8654888e+01
   9.9900000e+01   2.8854342e+02  -1.9425112e+01
   1.0000000e+02   1.9654342e+02   1.2254888e+01
   1.0010000e+02   3.2254342e+02  -2.3785112e+01
   1.0020000e+02  -5.3456576e+01  -2.7745112e+01
   1.0030000e+02  -2.5456576e+01  -6.8651117e+00
   1.0040000e+02   2.7654342e+02   7.9054888e+01
   1.0050000e+02   4.6543424e+01   5.0254888e+01
   1.0060000e+02   1.7454342e+02   6.1348883e+00
   1.0070000e+02   2.7543424e+01   1.6014888e+01
   1.0080000e+02   2.0954342e+02  -3.4265112e+01
   1.0090000e+02   1.1354342e+02  -3.1425112e+01
   1.0100000e+02   6.8543424e+01  -2.0625112e+01
   1.0110000e+02   1.5854342e+02   1.7774888e+01
   1.0120000e+02   1.7454342e+02   9.6134888e+01
   1.0130000e+02   2.5654342e+02  -3.1451117e+00
   1.0140000e+02   1.3454342e+02  -6.2651117e+00
   1.0150000e+02   1.1454342e+02   5.3488834e-01
   1.0160000e+02   1.2354342e+02   2.0174888e+01
   1.0170000e+02   9.4543424e+01  -1.5665112e+01
   1.0180000e+02   1.2254342e+02   2.8214888e+01
   1.0190000e+02   1.2354342e+02  -1.6825112e+01
   1.0200000e+02   1.8554342e+02   1.9694888e+01
   1.0210000e+02   8.5434243e+00   5.9774888e+01
   1.0220000e+02   1.4254342e+02  -3.7585112e+01
   1.0230000e+02   1.1554342e+02  -4.0505112e+01
   1.0240000e+02   1.6154342e+02  -3.0345112e+01
   1.0250000e+02   1.1254342e+02   3.6148883e+00
   1.0260000e+02  -4.5657568e-01  -2.5865112e+01
   1.0270000e+02   6.9543424e+01  -1.0665112e+01
   1.0280000e+02   1.6543424e+01   4.6454888e+01
   1.0290000e+02   1.7254342e+02  -1.4785112e+01
   1.0300000e+02   1.9954342e+02  -1.0865112e+01
   1.0310000e+02   2.3543424e+01   5.0174888e+01
   1.0320000e+02   1.4854342e+02  -2.9825112e+01
   1.0330000e+02   9.5434243e+00  -4.4265112e+01
   1.0340000e+02   1.0554342e+02   9.9894888e+01
   1.0350000e+02   4.9543424e+01  -5.8865112e+01
   1.0360000e+02   1.3954342e+02   1.3534888e+01
   1.0370000e+02   7.3543424e+01   1.7174888e+01
   1.0380000e+02   9.0543424e+01   2.9494888e+01
   1.0390000e+02   1.1054342e+02   5.8694888e+01
   1.0400000e+02   3.1543424e+01   5.6854888e+01
   1.0410000e+02   4.6543424e+01   1.6254888e+01
   1.0420000e+02   1.8254342e+02  -4.0185112e+01
   1.0430000e+02   1.1854342e+02  -2.3625112e+01
   1.0440000e+02   8.5434243e+00  -4.0225112e+01
   1.0450000e+02   1.8354342e+02  -8.2251117e+00
   1.0460000e+02   8.7543424e+01   7.0614888e+01
   1.0470000e+02   1.0754342e+02   2.9814888e+01
   1.0480000e+02   1.2554342e+02  -3.4905112e+01
   1.0490000e+02   8.5434243e+00  -4.2225112e+01
   1.0500000e+02   5.2543424e+01  -2.5985112e+01
   1.0510000e+02   6.3543424e+01   5.3574888e+01
   1.0520000e+02   1.2654342e+02   3.3054888e+01
   1.0530000e+02   1.2854342e+02  -3.9025112e+01
   1.0540000e+02   9.6543424e+01  -2.2745112e+01
   1.0550000e+02   9.5434243e+00   3.2734888e+01
   1.0560000e+02   1.2354342e+02  -5.8251117e+00
   1.0570000e+02   1.9543424e+01  -1.5665112e+01
   1.0580000e+02   1.4154342e+02   2.9454888e+01
   1.0590000e+02   1.3543424e+01   1.9574888e+01
   1.0600000e+02   3.3543424e+01   7.6774888e+01
   1.0610000e+02   1.2654342e+02  -5.3945112e+01
   1.0620000e+02   8.9543424e+01   8.9534888e+01
   1.0630000e+02   1.4054342e+02   1.3149489e+02
   1.0640000e+02   6.6543424e+01  -1.7545112e+01
   1.0650000e+02   1.1154342e+02   4.7654888e+01
   1.0660000e+02   9.8543424e+01  -7.8251117e+00
   1.0670000e+02   7.6543424e+01   2.9054888e+01
   1.0680000e+02   2.6854342e+02  -4.6625112e+01
   1.0690000e+02   1.9954342e+02   7.8134888e+01
   1.0700000e+02   1.0854342e+02   7.5774888e+01
   1.0710000e+02   2.2554342e+02  -7.9051117e+00
   1.0720000e+02   1.6554342e+02  -1.5051117e+00
   1.0730000e+02   1.8654342e+02   4.5654888e+01
   1.0740000e+02   9.0543424e+01  -2.0505112e+01
   1.0750000e+02   4.6543424e+01   5.0254888e+01
   1.0760000e+02   1.8354342e+02  -2.6225112e+01
   1.0770000e+02   8.9543424e+01  -3.9465112e+01
   1.0780000e+02   6.7543424e+01  -2.7585112e+01
   1.0790000e+02   1.3254342e+02  -1.2185112e+01
   1.0800000e+02   1.1054342e+02   7.4694888e+01
   1.0810000e+02   1.6154342e+02   3.0654888e+01
   1.0820000e+02   3.8543424e+01   8.4574888e+01
   1.0830000e+02   1.6154342e+02   6.3654888e+01
   1.0840000e+02   1.5354342e+02  -3.3025112e+01
   1.0850000e+02   1.6954342e+02  -3.6665112e+01
   1.0860000e+02   2.1954342e+02  -3.6665112e+01
   1.0870000e+02   1.3154342e+02  -1.7145112e+01
   1.0880000e+02   7.6543424e+01   2.2054888e+01
   1.0890000e+02  -6.1456576e+01   8.5748883e+00
   1.0900000e+02   4.4543424e+01  -2.6665112e+01
   1.0910000e+02   1.0754342e+02  -3.4185112e+01
   1.0920000e+02   1.0654342e+02   7.8854888e+01
   1.0930000e+02   6.2543424e+01  -9.3851117e+00
   1.0940000e+02   5.8543424e+01   3.4774888e+01
   1.0950000e+02   7.4543424e+01  -4.8651117e+00
   1.0960000e+02   1.6054342e+02  -1.0305112e+01
   1.0970000e+02   1.4543424e+01   3.7534888e+01
   1.0980000e+02   2.3354342e+02   1.0977489e+02
   1.0990000e+02   1.9954342e+02   1.0013489e+02
   1.1000000e+02   1.5154342e+02   7.1054888e+01
   1.1010000e+02   6.4543424e+01   1.1553489e+02
   1.1020000e+02   1.4354342e+02   3.3748883e+00
   1.1030000e+02   1.6254342e+02  -3.3385112e+01
   1.1040000e+02   6.1543424e+01   3.2654888e+01
   1.1050000e+02   4.8543424e+01   8.0174888e+01
   1.1060000e+02   6.5434243e+00  -6.0145112e+01
   1.1070000e+02   1.0254342e+02   1.0301489e+02
   1.1080000e+02   2.3154342e+02   2.5854888e+01
   1.1090000e+02   2.1543424e+01  -2.7451117e+00
   1.1100000e+02   3.2543424e+01  -5.1851117e+00
   1.1110000e+02   7.7543424e+01  -9.9851117e+00
   1.1120000e+02   7.0543424e+01  -2.0705112e+01
   1.1130000e+02   1.3454342e+02   1.7348883e+00
   1.1140000e+02   1.0254342e+02   5.0014888e+01
   1.1150000e+02   1.3654342e+02   2.0654888e+01
   1.1160000e+02   7.7543424e+01   1.9014888e+01
   1.1170000e+02  -3.9456576e+01   3.5694888e+01
   1.1180000e+02   5.5543424e+01  -5.4105112e+01
   1.1190000e+02   5.0543424e+01  -2.9051117e+00
   1.1200000e+02   2.2954342e+02  -5.3065112e+01
   1.1210000e+02  -5.9456576e+01   3.5494888e+01
   1.1220000e+02   2.7654342e+02   5.9054888e+01
   1.1230000e+02   1.5954342e+02   2.8734888e+01
   1.1240000e+02   9.4543424e+01   8.1334888e+01
   1.1250000e+02   1.3054342e+02  -1.4105112e+01
   1.1260000e+02   1.6854342e+02   2.1374888e+01
   1.1270000e+02   2.0854342e+02  -1.3225112e+01
   1.1280000e+02   1.2854342e+02   3.1974888e+01
   1.1290000e+02   5.7543424e+01  -1.0185112e+01
   1.1300000e+02   1.4554342e+02  -1.9705112e+01
   1.1310000e+02   6.3543424e+01   3.4574888e+01
   1.1320000e+02   2.0154342e+02  -1.9451117e+00
   1.1330000e+02   1.0054342e+02  -8.9051117e+00
   1.1340000e+02   1.0654342e+02   3.1854888e+01
   1.1350000e+02   1.3543424e+01  -4.7425112e+01
   1.1360000e+02   4.2543424e+01  -2.0585112e+01
   1.1370000e+02   6.4543424e+01   4.5348883e+00
   1.1380000e+02   9.7543424e+01  -7.7851117e+00
   1.1390000e+02   2.0543424e+01   4.7294888e+01
   1.1400000e+02   1.8254342e+02  -1.4185112e+01
   1.1410000e+02   5.8543424e+01  -1.9225112e+01
   1.1420000e+02   1.7454342e+02  -1.2865112e+01
   1.1430000e+02   1.8754342e+02  -1.9385112e+01
   1.1440000e+02   8.4543424e+01   6.7348883e+00
   1.1450000e+02   8.2543424e+01  -4.2185112e+01
   1.1460000e+02   8.6543424e+01   4.6548883e+00
   1.1470000e+02   1.2154342e+02  -2.1745112e+01
   1.1480000e+02   2.9554342e+02  -1.3705112e+01
   1.1490000e+02   3.1554342e+02  -4.5051117e+00
   1.1500000e+02   9.4543424e+01   1.3334888e+01
   1.1510000e+02   1.4154342e+02   3.7454888e+01
   1.1520000e+02   1.4554342e+02  -2.4705112e+01
   1.1530000e+02   9.4543424e+01   1.5334888e+01
   1.1540000e+02   1.4754342e+02   6.6214888e+01
   1.1550000e+02   2.4354342e+02  -2.8625112e+01
   1.1560000e+02  -1.8456576e+01  -3.2145112e+01
   1.1570000e+02   1.5754342e+02   1.1281489e+02
   1.1580000e+02   1.2254342e+02  -1.5785112e+01
   1.1590000e+02   5.2543424e+01   1.8014888e+01
   1.1600000e+02   1.2654342e+02  -5.3945112e+01
   1.1610000e+02   2.9454342e+02  -2.6665112e+01
   1.1620000e+02   5.6543424e+01   4.8548883e+00
   1.1630000e+02   1.1354342e+02   8.9574888e+01
   1.1640000e+02   1.9054342e+02  -1.5051117e+00
   1.1650000e+02   1.9354342e+02   8.7374888e+01
   1.1660000e+02   9.7543424e+01  -1.6785112e+01
   1.1670000e+02   9.7543424e+01   3.4214888e+01
   1.1680000e+02   1.2543424e+01   5.0614888e+01
   1.1690000e+02  -3.1456576e+01  -4.7625112e+01
   1.1700000e+02   1.6254342e+02  -1.7385112e+01
   1.1710000e+02  -4.0456576e+01  -1.2651117e+00
   1.1720000e+02   2.6354342e+02   4.3574888e+01
   1.1730000e+02   5.3543424e+01   6.1974888e+01
   1.1740000e+02   1.0554342e+02  -4.3105112e+01
   1.1750000e+02  -3.1456576e+01   6.3748883e+00
   1.1760000e+02   3.0054342e+02   3.3094888e+01
   1.1770000e+02   2.2254342e+02   2.7214888e+01
   1.1780000e+02   3.3543424e+01   2.3774888e+01
   1.1790000e+02  -1.1456576e+01  -2.8425112e+01
   1.1800000e+02  -1.6456576e+01   3.4774888e+01
   1.1810000e+02   1.6554342e+02   3.7494888e+01
   1.1820000e+02   1.6054342e+02  -1.5305112e+01
   1.1830000e+02   1.5454342e+02   3.2934888e+01
   1.1840000e+02   4.8543424e+01   1.7174888e+01
   1.1850000e+02   2.4054342e+02   6.4948883e+00
   1.1860000e+02  -1.7456576e+01   1.1814888e+01
   1.1870000e+02   2.3054342e+02  -4.1051117e+00
   1.1880000e+02   2.0554342e+02   4.1894888e+01
   1.1890000e+02   3.0543424e+01  -1.8105112e+01
   1.1900000e+02   9.7543424e+01   3.5214888e+01
   1.1910000e+02   9.5543424e+01  -6.1705112e+01
   1.1920000e+02   1.3354342e+02  -3.7225112e+01
   1.1930000e+02   2.1543424e+01   1.4254888e+01
   1.1940000e+02   8.5543424e+01   4.4694888e+01
   1.1950000e+02   3.6543424e+01  -3.6345112e+01
   1.1960000e+02   1.4854342e+02  -1.3825112e+01
   1.1970000e+02   1.9454342e+02   1.6334888e+01
   1.1980000e+02   1.3154342e+02   1.8548883e+00
   1.1990000e+02   1.3754342e+02   2.6148883e+00
   1.2000000e+02   1.6854342e+02  -4.6251117e+00
   1.2010000e+02   5.6543424e+01   4.9854888e+01
   1.2020000e+02   1.9554342e+02   3.1294888e+01
   1.2030000e+02   2.0254342e+02   8.0148883e+00
   1.2040000e+02   1.2754342e+02  -3.7985112e+01
   1.2050000e+02   2.4554342e+02  -2.8705112e+01
   1.2060000e+02   2.3543424e+01   1.3617489e+02
   1.2070000e+02   1.9154342e+02   1.1045489e+02
   1.2080000e+02   2.0154342e+02   6.9054888e+01
   1.2090000e+02   2.2954342e+02   1.0934888e+01
   1.2100000e+02   1.0454342e+02   4.4934888e+01
   1.2110000e+02   2.2954342e+02  -1.0651117e+00
   1.2120000e+02   3.0854342e+02   2.3774888e+01
   1.2130000e+02   2.0554342e+02  -3.2105112e+01
   1.2140000e+02   4.7543424e+01  -1.7851117e+00
   1.2150000e+02   2.6354342e+02   5.5574888e+01
   1.2160000e+02   1.0554342e+02   4.1894888e+01
   1.2170000e+02   2.8543424e+01   6.9748883e+00
   1.2180000e+02   3.0254342e+02  -3.0985112e+01
   1.2190000e+02   1.2254342e+02  -2.7851117e+00
   1.2200000e+02   1.8954342e+02   8.5348883e+00
   1.2210000e+02   1.6354342e+02  -4.4251117e+00
   1.2220000e+02   1.9554342e+02  -2.1705112e+01
   1.2230000e+02   2.2354342e+02  -7.8251117e+00
   1.2240000e+02   1.5654342e+02  -4.6145112e+01
   1.2250000e+02   7.6543424e+01  -9.9451117e+00
   1.2260000e+02   1.4654342e+02   2.8254888e+01
   1.2270000e+02   3.7454342e+02  -4.7865112e+01
   1.2280000e+02   2.4354342e+02   2.2374888e+01
   1.2290000e+02   5.0543424e+01   1.0094888e+01
   1.2300000e+02   1.2654342e+02   1.6054888e+01
   1.2310000e+02   2.0554342e+02  -2.5105112e+01
   1.2320000e+02   2.1854342e+02   5.1374888e+01
   1.2330000e+02   2.5154342e+02   1.5054888e+01
   1.2340000e+02   1.6954342e+02  -6.6651117e+00
   1.2350000e+02   3.1654342e+02   3.1454888e+01
   1.2360000e+02   2.4454342e+02  -3.4665112e+01
   1.2370000e+02   2.0954342e+02  -4.7265112e+01
   1.2380000e+02   6.7543424e+01   1.4148883e+00
   1.2390000e+02   1.7954342e+02   9.7934888e+01
   1.2400000e+02   1.1054342e+02  -2.4305112e+01
   1.2410000e+02   1.1054342e+02   4.4694888e+01
   1.2420000e+02   1.5754342e+02   2.7814888e+01
   1.2430000e+02   1.5354342e+02   7.9748883e+00
   1.2440000e+02   3.3354342e+02   4.9774888e+01
   1.2450000e+02   2.9854342e+02   1.2217489e+02
   1.2460000e+02   1.5754342e+02  -2.4185112e+01
   1.2470000e+02  -5.3456576e+01  -7.5745112e+01
   1.2480000e+02   1.5543424e+01   9.3494888e+01
   1.2490000e+02   1.5954342e+02  -1.5265112e+01
   1.2500000e+02   7.5543424e+01  -7.5905112e+01
   1.2510000e+02   5.2543424e+01  -2.1985112e+01
   1.2520000e+02   5.3543424e+01  -9.0251117e+00
   1.2530000e+02   3.3543424e+01  -1.4225112e+01
   1.2540000e+02   6.5543424e+01  -1.3505112e+01
   1.2550000e+02   1.4854342e+02   9.1748883e+00
   1.2560000e+02   2.1254342e+02   2.2614888e+01
   1.2570000e+02   4.2543424e+01   1.4414888e+01
   1.2580000e+02   1.6254342e+02  -2.8385112e+01
   1.2590000e+02   1.3543424e+01   4.5748883e+00
   1.2600000e+02  -7.4565757e+00   9.4148883e+00
   1.2610000e+02   8.1543424e+01   4.8854888e+01
   1.2620000e+02   7.9543424e+01  -1.8065112e+01
   1.2630000e+02   3.7054342e+02  -4.1705112e+01
   1.2640000e+02   1.0154342e+02   9.7054888e+01
   1.2650000e+02   2.7654342e+02   4.6054888e+01
   1.2660000e+02   6.6543424e+01   7.3454888e+01
   1.2670000e+02   2.9954342e+02  -1.9865112e+01
   1.2680000e+02   6.4543424e+01  -5.0465112e+01
   1.2690000e+02   3.2254342e+02  -6.9785112e+01
   1.2700000e+02   1.5754342e+02   2.8814888e+01
   1.2710000e+02   3.4543424e+01  -1.2651117e+00
   1.2720000e+02   6.0543424e+01  -3.7305112e+01
   1.2730000e+02   1.1054342e+02  -4.0305112e+01
   1.2740000e+02  -8.4565757e+00   9.9454888e+01
   1.2750000e+02   3.2543424e+01  -2.6185112e+01
   1.2760000e+02   6.4543424e+01   9.5348883e+00
   1.2770000e+02   2.1454342e+02   4.7534888e+01
   1.2780000e+02   1.7954342e+02   6.0934888e+01
   1.2790000e+02   1.1454342e+02   2.1534888e+01
   1.2800000e+02   8.9543424e+01   3.6534888e+01
   1.2810000e+02   2.5154342e+02   3.2054888e+01
   1.2820000e+02   2.9454342e+02   2.3334888e+01
   1.2830000e+02   1.7454342e+02   1.0913489e+02
   1.2840000e+02   3.2454342e+02  -1.9865112e+01
   1.2850000e+02   1.3254342e+02   3.9814888e+01
   1.2860000e+02  -1.4565757e+00   1.4174888e+01
   1.2870000e+02   3.1543424e+01   9.8548883e+00
   1.2880000e+02   1.7954342e+02   1.2193489e+02
   1.2890000e+02   3.9543424e+01   2.1534888e+01
   1.2900000e+02   1.8254342e+02  -1.1851117e+00
   1.2910000e+02   2.3554342e+02   1.6469489e+02
   1.2920000e+02   1.4554342e+02  -3.7051117e+00
   1.2930000e+02   3.7054342e+02   8.8294888e+01
   1.2940000e+02   1.1454342e+02   2.5348883e+00
   1.2950000e+02   2.0654342e+02  -2.1145112e+01
   1.2960000e+02   1.4654342e+02   1.1254888e+01
   1.2970000e+02   1.4354342e+02   3.3748883e+00
   1.2980000e+02   1.2654342e+02   1.3054888e+01
   1.2990000e+02   1.5054342e+02   2.0948883e+00
   1.3000000e+02   2.0054342e+02  -4.0905112e+01
   1.3010000e+02   1.1654342e+02  -1.6545112e+01
   1.3020000e+02   1.5754342e+02   9.9814888e+01
   1.3030000e+02   1.9854342e+02  -2.8251117e+00
   1.3040000e+02   1.9054342e+02   2.4948883e+00
   1.3050000e+02   1.1554342e+02  -9.5051117e+00
   1.3060000e+02   1.1454342e+02  -1.4465112e+01
   1.3070000e+02   1.4554342e+02   4.8294888e+01
   1.3080000e+02   1.8354342e+02  -1.0225112e+01
   1.3090000e+02   1.9054342e+02  -4.8505112e+01
   1.3100000e+02   1.8454342e+02  -3.3265112e+01
   1.3110000e+02   2.1554342e+02  -3.1505112e+01
   1.3120000e+02   1.6154342e+02   1.2165489e+02
   1.3130000e+02   2.2054342e+02   3.3294888e+01
   1.3140000e+02   1.7054342e+02  -3.4705112e+01
   1.3150000e+02   2.9554342e+02   6.2948883e+00
   1.3160000e+02   6.2543424e+01   5.0614888e+01
   1.3170000e+02   8.9543424e+01   2.4534888e+01
   1.3180000e+02   2.4654342e+02  -1.0745112e+01
   1.3190000e+02   1.1154342e+02  -4.3451117e+00
   1.3200000e+02   3.4254342e+02   3.4148883e+00
   1.3210000e+02   1.9254342e+02  -5.9585112e+01
   1.3220000e+02   1.9954342e+02   1.6134888e+01
   1.3230000e+02   1.6654342e+02   2.4548883e+00
   1.3240000e+02   1.8054342e+02   6.0894888e+01
   1.3250000e+02   3.6543424e+01   7.6548883e+00
   1.3260000e+02   6.4543424e+01   1.5534888e+01
   1.3270000e+02   2.2554342e+02  -7.9051117e+00
   1.3280000e+02   1.1154342e+02   6.7654888e+01
   1.3290000e+02   1.1154342e+02   5.7654888e+01
   1.3300000e+02   2.4354342e+02   1.3748883e+00
   1.3310000e+02   1.5054342e+02  -3.9051117e+00
   1.3320000e+02   2.0054342e+02  -2.2905112e+01
   1.3330000e+02   1.6254342e+02   1.0614888e+01
   1.3340000e+02   1.2543424e+01   4.2614888e+01
   1.3350000e+02   1.5754342e+02   5.8148883e+00
   1.3360000e+02   2.1054342e+02   3.6694888e+01
   1.3370000e+02   1.7954342e+02   5.0934888e+01
   1.3380000e+02   2.5854342e+02   3.8774888e+01
   1.3390000e+02   1.3354342e+02  -1.5225112e+01
   1.3400000e+02   8.0543424e+01  -4.2105112e+01
   1.3410000e+02   2.1954342e+02   4.3348883e+00
   1.3420000e+02   2.3954342e+02  -4.4651117e+00
   1.3430000e+02   8.7543424e+01   5.1614888e+01
   1.3440000e+02   3.6543424e+01   7.6548883e+00
   1.3450000e+02   1.4854342e+02  -2.8825112e+01
   1.3460000e+02   2.7754342e+02   6.2014888e+01
   1.3470000e+02   1.0554342e+02   1.1894888e+01
   1.3480000e+02   1.5454342e+02   2.2934888e+01
   1.3490000e+02   1.4054342e+02  -1.0505112e+01
   1.3500000e+02  -2.0456576e+01   8.5934888e+01
   1.3510000e+02   1.7154342e+02   5.7254888e+01
   1.3520000e+02   2.6254342e+02   1.6614888e+01
   1.3530000e+02   4.5434243e+00   7.9934888e+01
   1.3540000e+02   1.3254342e+02   1.0814888e+01
   1.3550000e+02   7.9543424e+01  -6.5111663e-02
   1.3560000e+02   9.2543424e+01   1.4414888e+01
   1.3570000e+02   1.5354342e+02  -3.9025112e+01
   1.3580000e+02   1.6454342e+02   8.5348883e+00
   1.3590000e+02   9.1543424e+01   4.4454888e+01
   1.3600000e+02   9.2543424e+01   3.9414888e+01
   1.3610000e+02   1.4654342e+02   1.5254888e+01
   1.3620000e+02   1.7354342e+02  -4.5825112e+01
   1.3630000e+02   1.1954342e+02   5.8334888e+01
   1.3640000e+02   1.6054342e+02  -1.3305112e+01
   1.3650000e+02   1.6254342e+02   1.0614888e+01
   1.3660000e+02   1.7054342e+02   4.4294888e+01
   1.3670000e+02   1.4354342e+02   8.3748883e+00
   1.3680000e+02   1.7154342e+02   6.2254888e+01
   1.3690000e+02   5.5543424e+01   2.8948883e+00
   1.3700000e+02   2.0454342e+02  -2.1065112e+01
   1.3710000e+02   7.4543424e+01  -8.6511166e-01
   1.3720000e+02   4.9543424e+01   2.5134888e+01
   1.3730000e+02   2.6654342e+02   1.3454888e+01
   1.3740000e+02   1.6754342e+02   3.7414888e+01
   1.3750000e+02   2.5354342e+02  -4.8025112e+01
   1.3760000e+02   3.0054342e+02   6.0948883e+00
   1.3770000e+02   1.3554342e+02   3.8694888e+01
   1.3780000e+02   1.8654342e+02   6.8654888e+01
   1.3790000e+02   1.2454342e+02   4.4134888e+01
   1.3800000e+02   2.2654342e+02   4.3054888e+01
   1.3810000e+02   2.3654342e+02   1.9465489e+02
   1.3820000e+02   9.4543424e+01   2.3334888e+01
   1.3830000e+02   1.2854342e+02   2.2974888e+01
   1.3840000e+02   1.6754342e+02  -4.7585112e+01
   1.3850000e+02   1.7154342e+02   3.9254888e+01
   1.3860000e+02   1.2354342e+02  -1.7825112e+01
   1.3870000e+02   2.4654342e+02   4.6254888e+01
   1.3880000e+02   1.7854342e+02   1.8974888e+01
   1.3890000e+02   1.3854342e+02   1.4574888e+01
   1.3900000e+02   2.0354342e+02  -4.6025112e+01
   1.3910000e+02   2.4854342e+02   3.1174888e+01
   1.3920000e+02   2.4454342e+02   2.0334888e+01
   1.3930000e+02   3.0954342e+02   1.0734888e+01
   1.3940000e+02   1.3954342e+02   7.1534888e+01
   1.3950000e+02   1.5754342e+02   1.8814888e+01
   1.3960000e+02   1.0354342e+02   3.0974888e+01
   1.3970000e+02   1.6254342e+02   6.6148883e+00
   1.3980000e+02   2.3954342e+02   7.5534888e+01
   1.3990000e+02   2.0054342e+02  -1.9051117e+00
   1.4000000e+02   1.4554342e+02   5.6294888e+01
   1.4010000e+02   2.0454342e+02  -6.5111663e-02
   1.4020000e+02   4.1154342e+02   8.0654888e+01
   1.4030000e+02   1.5254342e+02  -1.0985112e+01
   1.4040000e+02   7.1543424e+01  -1.7745112e+01
   1.4050000e+02   2.6254342e+02   1.7614888e+01
   1.4060000e+02   9.6543424e+01   6.7254888e+01
   1.4070000e+02   2.7554342e+02   1.2094888e+01
   1.4080000e+02   1.4454342e+02   2.1334888e+01
   1.4090000e+02   9.5543424e+01   7.6294888e+01
   1.4100000e+02   5.2543424e+01  -5.9851117e+00
   1.4110000e+02   2.4454342e+02   3.9334888e+01
   1.4120000e+02   1.3754342e+02   3.6614888e+01
   1.4130000e+02   1.9554342e+02   5.5294888e+01
   1.4140000e+02   3.3954342e+02   4.2534888e+01
   1.4150000e+02   2.9654342e+02   1.2425489e+02
   1.4160000e+02   2.2254342e+02   9.7214888e+01
   1.4170000e+02   2.4554342e+02   1.2948883e+00
   1.4180000e+02   3.1654342e+02  -8.6545112e+01
   1.4190000e+02   2.3254342e+02  -2.5185112e+01
   1.4200000e+02   1.1554342e+02  -1.9505112e+01
   1.4210000e+02   2.0654342e+02  -3.7145112e+01
   1.4220000e+02   2.2254342e+02   7.3214888e+01
   1.4230000e+02   3.2654342e+02  -7.9451117e+00
   1.4240000e+02   2.0554342e+02   8.9894888e+01
   1.4250000e+02   8.6543424e+01   7.0654888e+01
   1.4260000e+02   1.0654342e+02  -2.7145112e+01
   1.4270000e+02   1.4854342e+02   4.0174888e+01
   1.4280000e+02   1.8854342e+02   7.7574888e+01
   1.4290000e+02   2.6354342e+02  -7.4251117e+00
   1.4300000e+02   5.4543424e+01  -4.9065112e+01
   1.4310000e+02   1.3054342e+02  -5.7105112e+01
   1.4320000e+02   9.3543424e+01  -1.3625112e+01
   1.4330000e+02   1.2254342e+02   1.2148883e+00
   1.4340000e+02   2.1654342e+02   4.7454888e+01
   1.4350000e+02   1.5854342e+02   7.7774888e+01
   1.4360000e+02   1.5154342e+02   2.8054888e+01
   1.4370000e+02   9.6543424e+01   2.2548883e+00
   1.4380000e+02   7.7543424e+01   3.5014888e+01
   1.4390000e+02   1.6754342e+02   1.5414888e+01
   1.4400000e+02   2.6543424e+01   3.2054888e+01
   1.4410000e+02   1.4354342e+02   5.0374888e+01
   1.4420000e+02   1.9654342e+02   1.3254888e+01
   1.4430000e+02  -2.1456576e+01   2.2974888e+01
   1.4440000e+02   1.9854342e+02   1.1748883e+00
   1.4450000e+02   1.2854342e+02  -1.3025112e+01
   1.4460000e+02   8.9543424e+01  -6.9465112e+01
   1.4470000e+02   5.3543424e+01   4.8974888e+01
   1.4480000e+02   1.3654342e+02  -6.6345112e+01
   1.4490000e+02   7.5543424e+01  -2.2905112e+01
   1.4500000e+02   2.8254342e+02   5.6814888e+01
   1.4510000e+02   3.3654342e+02  -3.1345112e+01
   1.4520000e+02   1.5154342e+02   2.1054888e+01
   1.4530000e+02   1.3354342e+02  -3.7225112e+01
   1.4540000e+02   1.4054342e+02  -1.7505112e+01
   1.4550000e+02   1.9554342e+02  -1.3705112e+01
   1.4560000e+02   1.5954342e+02   2.1734888e+01
   1.4570000e+02   1.1954342e+02   3.1334888e+01
   1.4580000e+02   2.1854342e+02   5.6374888e+01
   1.4590000e+02   1.5754342e+02   3.8148883e+00
   1.4600000e+02   7.1543424e+01   1.0225489e+02
   1.4610000e+02   7.5543424e+01   1.7094888e+01
   1.4620000e+02   1.5854342e+02   2.7748883e+00
   1.4630000e+02   1.7954342e+02   4.3934888e+01
   1.4640000e+02   9.9543424e+01  -5.8865112e+01
   1.4650000e+02   2.4854342e+02  -2.4825112e+01
   1.4660000e+02   1.0954342e+02   5.8734888e+01
   1.4670000e+02   1.7154342e+02  -2.0745112e+01
   1.4680000e+02   2.1554342e+02   7.3494888e+01
   1.4690000e+02   1.9854342e+02  -6.0825112e+01
   1.4700000e+02   3.5154342e+02  -3.9945112e+01
   1.4710000e+02   2.4754342e+02   3.9214888e+01
   1.4720000e+02   1.5554342e+02   4.8894888e+01
   1.4730000e+02   7.1543424e+01  -7.4511166e-01
   1.4740000e+02   2.5454342e+02  -5.0651117e+00
   1.4750000e+02   1.1354342e+02  -9.4251117e+00
   1.4760000e+02   1.4554342e+02  -1.2705112e+01
   1.4770000e+02   2.3154342e+02   2.3854888e+01
   1.4780000e+02   2.2854342e+02  -3.1025112e+01
   1.4790000e+02   1.3154342e+02  -4.0145112e+01
   1.4800000e+02   1.5654342e+02  -2.3145112e+01
   1.4810000e+02   1.3154342e+02   4.9854888e+01
   1.4820000e+02   1.8454342e+02  -3.0265112e+01
   1.4830000e+02   2.4754342e+02   5.2148883e+00
   1.4840000e+02   2.3654342e+02  -5.3451117e+00
   1.4850000e+02   7.7543424e+01   2.0014888e+01
   1.4860000e+02   3.6054342e+02  -5.3051117e+00
   1.4870000e+02   1.5854342e+02   4.5774888e+01
   1.4880000e+02   1.3154342e+02  -5.7145112e+01
   1.4890000e+02   1.6554342e+02   5.6494888e+01
   1.4900000e+02   5.1543424e+01  -1.5945112e+01
   1.4910000e+02   1.6954342e+02  -1.6665112e+01
   1.4920000e+02   1.3954342e+02   5.9534888e+01
   1.4930000e+02   1.1154342e+02  -3.4511166e-01
   1.4940000e+02   1.3854342e+02   2.2574888e+01
   1.4950000e+02   1.7754342e+02   9.0014888e+01
   1.4960000e+02   1.8754342e+02  -3.5385112e+01
   1.4970000e+02   1.8454342e+02   1.7734888e+01
   1.4980000e+02   1.2154342e+02   9.6254888e+01
   1.4990000e+02   1.7754342e+02  -3.8985112e+01
   1.5000000e+02   2.0454342e+02  -2.1065112e+01
   1.5010000e+02   1.6654342e+02   3.4454888e+01
   1.5020000e+02   1.3054342e+02  -4.0105112e+01
   1.5030000e+02   2.6454342e+02   2.8534888e+01
   1.5040000e+02   5.1543424e+01  -1.2945112e+01
   1.5050000e+02   2.9254342e+02   1.0414888e+01
   1.5060000e+02   1.6254342e+02   1.7614888e+01
   1.5070000e+02   2.4354342e+02  -1.5625112e+01
   1.5080000e+02   1.2954342e+02  -4.0065112e+01
   1.5090000e+02   1.8054342e+02  -9.1051117e+00
   1.5100000e+02   1.9754342e+02  -1.3785112e+01
   1.5110000e+02   1.1543424e+01  -2.4345112e+01
   1.5120000e+02   5.4342432e-01   1.4094888e+01
   1.5130000e+02   6.1543424e+01  -2.6345112e+01
   1.5140000e+02   3.1154342e+02  -4.2345112e+01
   1.5150000e+02   1.0654342e+02  -5.8145112e+01
   1.5160000e+02   1.5054342e+02  -2.8905112e+01
   1.5170000e+02   1.6354342e+02   5.5748883e+00
   1.5180000e+02   1.1154342e+02  -3.2345112e+01
   1.5190000e+02   8.2543424e+01   4.6814888e+01
   1.5200000e+02   2.1254342e+02  -3.4385112e+01
   1.5210000e+02   1.4354342e+02   4.8374888e+01
   1.5220000e+02   2.2054342e+02  -3.0705112e+01
   1.5230000e+02   1.3354342e+02  -2.2511166e-01
   1.5240000e+02   1.2954342e+02   3.0934888e+01
   1.5250000e+02   1.2354342e+02   1.2174888e+01
   1.5260000e+02   2.5254342e+02  -4.1985112e+01
   1.5270000e+02   1.5254342e+02  -2.1985112e+01
   1.5280000e+02   1.0454342e+02   3.9348883e+00
   1.5290000e+02   1.0654342e+02  -8.1451117e+00
   1.5300000e+02   7.4543424e+01  -5.5865112e+01
   1.5310000e+02   1.6854342e+02   6.0374888e+01
   1.5320000e+02   4.9543424e+01  -1.8865112e+01
   1.5330000e+02   1.9154342e+02   5.8454888e+01
   1.5340000e+02   5.0543424e+01   4.5094888e+01
   1.5350000e+02   2.0554342e+02  -3.5105112e+01
   1.5360000e+02   8.2543424e+01   8.1488834e-01
   1.5370000e+02   1.4254342e+02   4.1488834e-01
   1.5380000e+02   2.3754342e+02   1.0614888e+01
   1.5390000e+02   1.6854342e+02  -1.3625112e+01
   1.5400000e+02   5.6543424e+01   1.9854888e+01
   1.5410000e+02   2.9154342e+02   2.2454888e+01
   1.5420000e+02   7.8543424e+01  -2.5111663e-02
   1.5430000e+02   7.1543424e+01   2.7254888e+01
   1.5440000e+02   1.3954342e+02   1.1534888e+01
   1.5450000e+02   3.4154342e+02   7.4548883e+00
   1.5460000e+02   2.1054342e+02  -3.4305112e+01
   1.5470000e+02   1.7754342e+02   8.8014888e+01
   1.5480000e+02   1.8254342e+02  -1.1185112e+01
   1.5490000e+02   2.1154342e+02   7.9654888e+01
   1.5500000e+02   1.4054342e+02  -6.5505112e+01
   1.5510000e+02   2.1554342e+02   4.9494888e+01
   1.5520000e+02   9.5543424e+01  -7.0511166e-01
   1.5530000e+02   2.4854342e+02  -2.8251117e+00
   1.5540000e+02   1.7254342e+02   1.7214888e+01
   1.5550000e+02   2.5434243e+00  -2.1985112e+01
   1.5560000e+02   3.4754342e+02   1.3214888e+01
   1.5570000e+02   3.2954342e+02  -5.2065112e+01
   1.5580000e+02   1.9354342e+02  -5.3625112e+01
   1.5590000e+02   2.3654342e+02  -3.4345112e+01
   1.5600000e+02   2.4754342e+02   2.2214888e+01
   1.5610000e+02   6.5543424e+01  -9.5051117e+00
   1.5620000e+02   1.6543424e+01  -1.8545112e+01
   1.5630000e+02  -3.7456576e+01  -3.4385112e+01
   1.5640000e+02   9.5434243e+00   8.7348883e+00
   1.5650000e+02   3.7543424e+01   1.5614888e+01
   1.5660000e+02   1.0854342e+02   2.5774888e+01
   1.5670000e+02   1.6254342e+02  -3.6385112e+01
   1.5680000e+02   8.4543424e+01  -4.7265112e+01
   1.5690000e+02   3.9543424e+01  -3.8465112e+01
   1.5700000e+02   1.8254342e+02  -6.0185112e+01
   1.5710000e+02   4.5434243e+00   5.2934888e+01
   1.5720000e+02   1.3354342e+02  -3.4225112e+01
   1.5730000e+02  -4.5657568e-01  -1.2865112e+01
   1.5740000e+02   5.8543424e+01   1.2774888e+01
   1.5750000e+02   1.7354342e+02  -5.2825112e+01
   1.5760000e+02   1.0754342e+02   3.8814888e+01
   1.5770000e+02   1.1954342e+02  -4.7665112e+01
   1.5780000e+02   3.0543424e+01   3.6894888e+01
   1.5790000e+02  -7.1456576e+01  -1.4025112e+01
   1.5800000e+02  -9.4565757e+00   2.9494888e+01
   1.5810000e+02   1.0654342e+02  -5.6145112e+01
   1.5820000e+02  -3.5456576e+01   3.3534888e+01
   1.5830000e+02   4.3543424e+01  -5.3625112e+01
   1.5840000e+02  -2.7456576e+01   3.6214888e+01
   1.5850000e+02  -7.0456576e+01   3.1934888e+01
   1.5860000e+02   1.0954342e+02   2.8734888e+01
   1.5870000e+02  -5.6456576e+01   1.0837489e+02
   1.5880000e+02  -6.4456576e+01  -3.3305112e+01
   1.5890000e+02   1.1254342e+02   2.3614888e+01
   1.5900000e+02  -3.6456576e+01  -3.8425112e+01
   1.5910000e+02  -5.3456576e+01   2.7254888e+01
   1.5920000e+02  -5.4456576e+01   2.0294888e+01
   1.5930000e+02   6.5434243e+00   3.0854888e+01
   1.5940000e+02   1.4543424e+01   1.0534888e+01
   1.5950000e+02  -3.1456576e+01   8.3374888e+01
   1.5960000e+02   5.8543424e+01   2.0774888e+01
   1.5970000e+02  -3.6456576e+01  -2.3425112e+01
   1.5980000e+02  -6.7456576e+01   5.0814888e+01
   1.5990000e+02   4.4543424e+01   3.2334888e+01
   1.6000000e+02   2.5543424e+01  -4.4905112e+01
   1.6010000e+02   2.8543424e+01   6.9748883e+00
   1.6020000e+02   2.5543424e+01  -1.1905112e+01
   1.6030000e+02  -7.1456576e+01  -7.0251117e+00
   1.6040000e+02   1.3543424e+01   1.0157489e+02
   1.6050000e+02  -6.1456576e+01   2.0574888e+01
   1.6060000e+02  -3.0456576e+01  -1.9665112e+01
   1.6070000e+02   2.6543424e+01  -3.5945112e+01
   1.6080000e+02   7.5434243e+00  -2.8185112e+01
   1.6090000e+02  -7.2456576e+01  -3.9985112e+01
   1.6100000e+02  -1.9456576e+01   2.0894888e+01
   1.6110000e+02   1.5434243e+00  -3.8945112e+01
   1.6120000e+02   3.7543424e+01   1.0614888e+01
   1.6130000e+02  -2.8456576e+01   2.1254888e+01
   1.6140000e+02   6.8543424e+01  -4.0625112e+01
   1.6150000e+02   3.2543424e+01  -2.7185112e+01
   1.6160000e+02  -4.5456576e+01   3.0934888e+01
   1.6170000e+02  -1.2456576e+01  -2.3851117e+00
   1.6180000e+02   4.0543424e+01  -3.7505112e+01
   1.6190000e+02   2.5543424e+01  -5.4905112e+01
   1.6200000e+02  -2.9456576e+01  -3.2705112e+01
   1.6210000e+02   6.6543424e+01  -3.5545112e+01
   1.6220000e+02  -3.4565757e+00  -2.5745112e+01
   1.6230000e+02   1.5543424e+01  -4.7505112e+01
   1.6240000e+02   3.6543424e+01  -1.2345112e+01
   1.6250000e+02  -2.4565757e+00   6.2148883e+00
   1.6260000e+02   5.3543424e+01  -1.7025112e+01
   1.6270000e+02   2.7543424e+01  -3.1985112e+01
   1.6280000e+02  -3.4456576e+01   5.0494888e+01
   1.6290000e+02   3.2543424e+01   4.0814888e+01
   1.6300000e+02  -1.2456576e+01  -6.3851117e+00
   1.6310000e+02   3.0543424e+01  -1.7105112e+01
   1.6320000e+02  -3.5456576e+01  -8.6465112e+01
   1.6330000e+02  -8.4565757e+00  -2.5545112e+01
   1.6340000e+02   2.1543424e+01   9.7254888e+01
   1.6350000e+02   3.6543424e+01  -2.6345112e+01
   1.6360000e+02  -1.3456576e+01   6.6548883e+00
   1.6370000e+02   3.8543424e+01  -1.6425112e+01
   1.6380000e+02   5.4342432e-01   2.0948883e+00
   1.6390000e+02   5.3543424e+01  -4.9025112e+01
   1.6400000e+02  -1.8456576e+01  -1.2145112e+01
   1.6410000e+02   1.5434243e+00  -5.5945112e+01
   1.6420000e+02   7.4543424e+01   1.4134888e+01
   1.6430000e+02   4.2543424e+01   2.4414888e+01
   1.6440000e+02   8.2543424e+01  -3.7185112e+01
   1.6450000e+02   5.6543424e+01  -3.2145112e+01
   1.6460000e+02  -1.5456576e+01  -1.1265112e+01
   1.6470000e+02   6.0543424e+01  -3.2305112e+01
   1.6480000e+02   7.9543424e+01  -3.7065112e+01
   1.6490000e+02  -2.8456576e+01   1.7254888e+01
   1.6500000e+02   4.3543424e+01  -2.8625112e+01
   1.6510000e+02   1.3543424e+01  -6.1425112e+01
   1.6520000e+02  -3.9456576e+01   1.1694888e+01
   1.6530000e+02   1.1354342e+02   7.6574888e+01
   1.6540000e+02   3.1543424e+01   1.1854888e+01
   1.6550000e+02   4.5543424e+01  -4.6705112e+01
   1.6560000e+02   2.7543424e+01  -2.9985112e+01
   1.6570000e+02   7.6543424e+01  -3.6945112e+01
   1.6580000e+02   5.2543424e+01  -5.4985112e+01
   1.6590000e+02   1.3854342e+02  -1.1425112e+01
   1.6600000e+02   3.4543424e+01   2.9734888e+01
   1.6610000e+02   1.1554342e+02  -3.9505112e+01
   1.6620000e+02   2.1543424e+01  -4.9745112e+01
   1.6630000e+02   1.0543424e+01   1.2069489e+02
   1.6640000e+02  -1.0145658e+02  -2.6825112e+01
   1.6650000e+02  -3.2456576e+01   1.1414888e+01
   1.6660000e+02  -7.2456576e+01  -1.4985112e+01
   1.6670000e+02  -1.0456576e+01   5.2534888e+01
   1.6680000e+02  -3.8456576e+01   2.4654888e+01
   1.6690000e+02   8.4543424e+01  -2.5265112e+01
   1.6700000e+02  -1.0456576e+01   1.4534888e+01
   1.6710000e+02   3.5434243e+00   5.9748883e+00
   1.6720000e+02   1.4654342e+02  -4.7451117e+00
   1.6730000e+02   1.1954342e+02  -6.1665112e+01
   1.6740000e+02  -1.9456576e+01   1.3989489e+02
   1.6750000e+02  -3.9456576e+01   5.4694888e+01
   1.6760000e+02  -1.0445658e+02  -6.0705112e+01
   1.6770000e+02   3.4543424e+01  -3.8265112e+01
   1.6780000e+02   6.1543424e+01  -3.6345112e+01
   1.6790000e+02  -6.3456576e+01   3.4654888e+01
   1.6800000e+02  -7.9456576e+01  -2.7705112e+01
   1.6810000e+02  -6.0456576e+01  -3.8465112e+01
   1.6820000e+02   7.5543424e+01  -5.9905112e+01
   1.6830000e+02  -3.3456576e+01  -2.1545112e+01
   1.6840000e+02   2.9543424e+01   2.8934888e+01
   1.6850000e+02  -8.9456576e+01   2.9694888e+01
   1.6860000e+02  -1.3245658e+02   2.1414888e+01
   1.6870000e+02   1.0543424e+01  -4.5305112e+01
   1.6880000e+02  -1.6456576e+01  -1.2251117e+00
   1.6890000e+02  -4.0456576e+01   1.5073489e+02
   1.6900000e+02   6.0543424e+01  -5.1305112e+01
   1.6910000e+02   1.4654342e+02  -3.1745112e+01
   1.6920000e+02  -6.0456576e+01  -7.4651117e+00
   1.6930000e+02   2.5434243e+00  -2.2985112e+01
   1.6940000e+02  -1.1645658e+02  -8.2251117e+00
   1.6950000e+02  -1.6456576e+01  -5.6225112e+01
   1.6960000e+02   2.6543424e+01   1.8054888e+01
   1.6970000e+02   2.9543424e+01  -5.0651117e+00
   1.6980000e+02   9.6543424e+01   3.5254888e+01
   1.6990000e+02   9.9543424e+01  -3.9865112e+01
   1.7000000e+02  -4.7456576e+01   4.1014888e+01
   1.7010000e+02   2.9543424e+01   2.5934888e+01
   1.7020000e+02  -2.5456576e+01  -4.0865112e+01
   1.7030000e+02  -2.7456576e+01  -3.1785112e+01
   1.7040000e+02  -2.8456576e+01  -2.7451117e+00
   1.7050000e+02  -4.2456576e+01   9.8148883e+00
   1.7060000e+02  -3.6456576e+01   1.7574888e+01
   1.7070000e+02   2.2543424e+01  -3.3785112e+01
   1.7080000e+02   5.9543424e+01   8.7734888e+01
   1.7090000e+02   1.2354342e+02  -5.0825112e+01
   1.7100000e+02   5.4342432e-01   1.5094888e+01
   1.7110000e+02  -1.0045658e+02  -6.3865112e+01
   1.7120000e+02  -2.0456576e+01  -7.0065112e+01
   1.7130000e+02  -3.3456576e+01  -2.8545112e+01
   1.7140000e+02  -1.2845658e+02  -3.9745112e+01
   1.7150000e+02  -4.6456576e+01   2.3974888e+01
   1.7160000e+02   2.5543424e+01  -3.9905112e+01
   1.7170000e+02  -4.7456576e+01  -2.9851117e+00
   1.7180000e+02   1.8543424e+01  -6.1625112e+01
   1.7190000e+02  -4.9456576e+01  -2.4905112e+01
   1.7200000e+02  -6.4456576e+01  -1.9305112e+01
   1.7210000e+02  -7.3456576e+01  -1.9451117e+00
   1.7220000e+02   8.2543424e+01  -7.4185112e+01
   1.7230000e+02  -7.3456576e+01   2.5054888e+01
   1.7240000e+02  -4.7456576e+01   2.7014888e+01
   1.7250000e+02  -7.4565757e+00   7.4148883e+00
   1.7260000e+02   2.9543424e+01   9.3488834e-01
   1.7270000e+02   6.2543424e+01  -7.6385112e+01
   1.7280000e+02   2.5434243e+00   2.7014888e+01
   1.7290000e+02  -7.4456576e+01   6.4094888e+01
   1.7300000e+02   3.0543424e+01   4.8948883e+00
   1.7310000e+02  -1.0645658e+02  -2.4625112e+01
   1.7320000e+02   8.8543424e+01   9.5748883e+00
   1.7330000e+02   5.4342432e-01  -1.0905112e+01
   1.7340000e+02   1.9543424e+01   7.3348883e+00
   1.7350000e+02   3.7543424e+01  -2.4385112e+01
   1.7360000e+02  -1.0945658e+02  -5.5051117e+00
   1.7370000e+02  -3.3456576e+01  -4.5451117e+00
   1.7380000e+02   9.1543424e+01   7.6454888e+01
   1.7390000e+02  -4.5456576e+01   2.9348883e+00
   1.7400000e+02   6.3543424e+01   1.3574888e+01
   1.7410000e+02   6.2543424e+01   4.5614888e+01
   1.7420000e+02   3.7543424e+01  -1.5385112e+01
   1.7430000e+02   4.2543424e+01   4.6414888e+01
   1.7440000e+02   5.6543424e+01  -3.1145112e+01
   1.7450000e+02   1.1654342e+02  -1.4545112e+01
   1.7460000e+02   8.9543424e+01  -3.7465112e+01
   1.7470000e+02  -9.4565757e+00  -4.6505112e+01
   1.7480000e+02   1.3543424e+01   5.1574888e+01
   1.7490000e+02  -3.6456576e+01  -2.2425112e+01
   1.7500000e+02   4.5434243e+00   1.9934888e+01
   1.7510000e+02  -8.2456576e+01  -2.1585112e+01
   1.7520000e+02  -3.3456576e+01   2.2454888e+01
   1.7530000e+02   2.2543424e+01   4.2214888e+01
   1.7540000e+02   1.1654342e+02   7.4548883e+00
   1.7550000e+02   1.5754342e+02   8.8814888e+01
   1.7560000e+02  -9.6456576e+01   6.1974888e+01
   1.7570000e+02  -2.4565757e+00  -2.2785112e+01
   1.7580000e+02  -9.2456576e+01   4.8148883e+00
   1.7590000e+02  -3.1456576e+01   1.9374888e+01
   1.7600000e+02  -4.2456576e+01   3.3814888e+01
   1.7610000e+02  -1.2456576e+01  -3.2385112e+01
   1.7620000e+02   6.1543424e+01  -2.1345112e+01
   1.7630000e+02   9.7543424e+01  -2.6785112e+01
   1.7640000e+02   4.4543424e+01   2.3348883e+00
   1.7650000e+02   5.1543424e+01   2.4054888e+01
   1.7660000e+02   6.6543424e+01   9.8454888e+01
   1.7670000e+02   6.3543424e+01   1.3574888e+01
   1.7680000e+02   5.4342432e-01  -1.3905112e+01
   1.7690000e+02   2.1543424e+01  -1.5745112e+01
   1.7700000e+02   4.5434243e+00   3.3934888e+01
   1.7710000e+02  -1.3456576e+01   4.6548883e+00
   1.7720000e+02   1.7543424e+01   5.5414888e+01
   1.7730000e+02  -9.5456576e+01  -3.8065112e+01
   1.7740000e+02   6.6543424e+01  -1.4545112e+01
   1.7750000e+02  -4.5456576e+01  -1.0065112e+01
   1.7760000e+02  -1.1456576e+01  -4.2425112e+01
   1.7770000e+02   1.2543424e+01   2.3614888e+01
   1.7780000e+02  -4.7456576e+01   2.1014888e+01
   1.7790000e+02  -9.6456576e+01  -9.0251117e+00
   1.7800000e+02   7.1543424e+01  -9.7451117e+00
   1.7810000e+02  -7.0456576e+01  -2.8065112e+01
   1.7820000e+02  -5.5456576e+01  -1.8665112e+01
   1.7830000e+02  -9.4565757e+00   8.0494888e+01
   1.7840000e+02   6.3543424e+01   2.1574888e+01
   1.7850000e+02  -2.7456576e+01   1.6214888e+01
   1.7860000e+02  -3.3456576e+01  -8.5545112e+01
   1.7870000e+02  -4.9456576e+01  -2.3905112e+01
   1.7880000e+02   5.0543424e+01   1.5094888e+01
   1.7890000e+02  -7.3456576e+01   1.2054888e+01
   1.7900000e+02   2.6543424e+01   6.2054888e+01
   1.7910000e+02   1.6543424e+01  -1.1545112e+01
   1.7920000e+02   9.0543424e+01  -2.5051117e+00
   1.7930000e+02  -6.2456576e+01  -4.7385112e+01
   1.7940000e+02   1.5543424e+01   5.3494888e+01
   1.7950000e+02  -3.1456576e+01   3.6374888e+01
   1.7960000e+02  -8.8456576e+01  -4.3345112e+01
   1.7970000e+02  -1.2456576e+01   1.6614888e+01
   1.7980000e+02   7.5434243e+00   7.2814888e+01
   1.7990000e+02   1.0543424e+01  -3.5305112e+01
   1.8000000e+02  -6.7456576e+01  -1.6185112e+01
   1.8010000e+02   1.4543424e+01   8.1534888e+01
   1.8020000e+02   9.2543424e+01  -2.8585112e+01
   1.8030000e+02   2.9543424e+01  -1.7065112e+01
   1.8040000e+02  -8.4565757e+00   1.0645489e+02
   1.8050000e+02   3.2543424e+01   1.8148883e+00
   1.8060000e+02   2.8543424e+01  -1.2025112e+01
   1.8070000e+02  -1.6456576e+01   7.7748883e+00
   1.8080000e+02   3.5434243e+00   3.7974888e+01
   1.8090000e+02  -4.5456576e+01  -2.6065112e+01
   1.8100000e+02  -4.3456576e+01   1.0854888e+01
   1.8110000e+02   4.9543424e+01   2.2134888e+01
   1.8120000e+02   5.2543424e+01   6.1014888e+01
   1.8130000e+02   4.9543424e+01   6.1348883e+00
   1.8140000e+02  -1.5456576e+01   7.7348883e+00
   1.8150000e+02  -1.1456576e+01   1.0574888e+01
   1.8160000e+02  -4.2456576e+01   1.0881489e+02
   1.8170000e+02   9.2543424e+01   2.8414888e+01
   1.8180000e+02  -2.9456576e+01   8.8294888e+01
   1.8190000e+02   1.1554342e+02  -6.9505112e+01
   1.8200000e+02   6.5434243e+00  -4.2145112e+01
   1.8210000e+02  -1.1345658e+02  -3.4511166e-01
   1.8220000e+02  -3.5456576e+01  -2.4651117e+00
   1.8230000e+02  -6.2456576e+01   1.1614888e+01
   1.8240000e+02   2.2543424e+01  -2.7851117e+00
   1.8250000e+02   3.7543424e+01  -7.0385112e+01
   1.8260000e+02  -2.9456576e+01   1.5294888e+01
   1.8270000e+02  -3.2456576e+01   1.9414888e+01
   1.8280000e+02   1.5543424e+01   4.9494888e+01
   1.8290000e+02   1.5543424e+01  -1.2505112e+01
   1.8300000e+02   7.0543424e+01  -1.7705112e+01
   1.8310000e+02   5.2543424e+01  -1.8985112e+01
   1.8320000e+02  -4.0456576e+01   4.2734888e+01
   1.8330000e+02  -4.6456576e+01   1.1974888e+01
   1.8340000e+02  -4.4565757e+00  -4.7705112e+01
   1.8350000e+02   5.9543424e+01  -3.3265112e+01
   1.8360000e+02  -8.4565757e+00  -1.5545112e+01
   1.8370000e+02  -4.8456576e+01   1.2705489e+02
   1.8380000e+02   1.2854342e+02  -2.3025112e+01
   1.8390000e+02   6.5434243e+00  -4.9145112e+01
   1.8400000e+02   1.1754342e+02   3.1414888e+01
   1.8410000e+02  -1.1745658e+02   4.3814888e+01
   1.8420000e+02   1.0354342e+02  -2.5111663e-02
   1.8430000e+02   1.5434243e+00  -2.9945112e+01
   1.8440000e+02  -1.8456576e+01   9.8548883e+00
   1.8450000e+02   1.4554342e+02   3.5294888e+01
   1.8460000e+02  -2.9456576e+01  -2.9705112e+01
   1.8470000e+02  -1.5456576e+01   4.7348883e+00
   1.8480000e+02  -4.5456576e+01   2.8934888e+01
   1.8490000e+02  -1.6456576e+01  -6.0225112e+01
   1.8500000e+02  -1.2345658e+02   5.1054888e+01
   1.8510000e+02   2.8543424e+01  -1.5025112e+01
   1.8520000e+02  -1.1045658e+02  -1.6465112e+01
   1.8530000e+02   6.3543424e+01   1.5748883e+00
   1.8540000e+02  -1.6456576e+01   3.3774888e+01
   1.8550000e+02   9.0543424e+01   1.6494888e+01
   1.8560000e+02   2.3543424e+01   6.5174888e+01
   1.8570000e+02  -2.6456576e+01   3.1174888e+01
   1.8580000e+02   7.0543424e+01   2.5294888e+01
   1.8590000e+02   2.3543424e+01  -4.5825112e+01
   1.8600000e+02  -2.2456576e+01   4.7014888e+01
   1.8610000e+02   6.2543424e+01  -4.1385112e+01
   1.8620000e+02  -1.0445658e+02  -2.4705112e+01
   1.8630000e+02  -8.9456576e+01  -3.3305112e+01
   1.8640000e+02  -7.7456576e+01   8.2214888e+01
   1.8650000e+02  -2.4565757e+00  -5.7851117e+00
   1.8660000e+02   4.0543424e+01   2.5494888e+01
   1.8670000e+02   5.5543424e+01  -2.3105112e+01
   1.8680000e+02   8.3543424e+01   3.9774888e+01
   1.8690000e+02  -6.1456576e+01   3.6574888e+01
   1.8700000e+02  -4.2456576e+01   6.4814888e+01
   1.8710000e+02  -8.1456576e+01  -3.6251117e+00
   1.8720000e+02   1.8543424e+01   1.3748883e+00
   1.8730000e+02   4.9543424e+01  -4.8651117e+00
   1.8740000e+02   1.7543424e+01  -1.6585112e+01
   1.8750000e+02   1.1354342e+02  -8.4251117e+00
   1.8760000e+02  -1.2456576e+01  -4.5385112e+01
   1.8770000e+02  -9.4565757e+00   2.1494888e+01
   1.8780000e+02  -4.8456576e+01  -9.4511166e-01
   1.8790000e+02  -2.4456576e+01   1.2094888e+01
   1.8800000e+02  -1.0145658e+02   4.1174888e+01
   1.8810000e+02   2.3543424e+01  -1.0825112e+01
   1.8820000e+02  -4.4565757e+00  -4.8705112e+01
   1.8830000e+02  -2.0456576e+01   6.6934888e+01
   1.8840000e+02  -1.4565757e+00   9.0174888e+01
   1.8850000e+02  -2.1456576e+01   5.0974888e+01
   1.8860000e+02   6.9543424e+01   3.5334888e+01
   1.8870000e+02  -1.0545658e+02   2.2334888e+01
   1.8880000e+02  -4.7456576e+01  -4.9851117e+00
   1.8890000e+02  -4.1456576e+01  -6.2225112e+01
   1.8900000e+02  -1.6456576e+01  -2.9225112e+01
   1.8910000e+02  -4.8456576e+01   1.8054888e+01
   1.8920000e+02  -8.7456576e+01  -4.1385112e+01
   1.8930000e+02  -4.6456576e+01  -3.6025112e+01
   1.8940000e+02  -4.2456576e+01   2.0814888e+01
   1.8950000e+02   8.9543424e+01  -3.3465112e+01
   1.8960000e+02  -7.9456576e+01  -4.7051117e+00
   1.8970000e+02   2.8543424e+01  -1.8025112e+01
   1.8980000e+02   1.2543424e+01   4.4614888e+01
   1.8990000e+02  -6.9456576e+01   2.9894888e+01
   1.9000000e+02   6.2543424e+01  -1.1385112e+01
   1.9010000e+02   4.7543424e+01   5.5214888e+01
   1.9020000e+02  -8.3456576e+01  -4.5451117e+00
   1.9030000e+02  -1.8456576e+01  -9.3145112e+01
   1.9040000e+02   2.9543424e+01  -6.8065112e+01
   1.9050000e+02   1.1543424e+01   3.3654888e+01
   1.9060000e+02  -6.4565757e+00  -5.5625112e+01
   1.9070000e+02  -3.0456576e+01  -9.7665112e+01
   1.9080000e+02  -2.4456576e+01  -4.5905112e+01
   1.9090000e+02  -4.5456576e+01   8.9348883e+00
   1.9100000e+02   4.1543424e+01   2.4454888e+01
   1.9110000e+02  -9.3456576e+01  -5.2145112e+01
   1.9120000e+02   6.5434243e+00  -4.0145112e+01
   1.9130000e+02  -1.0945658e+02  -3.3505112e+01
   1.9140000e+02  -9.8456576e+01   2.0054888e+01
   1.9150000e+02   2.2543424e+01  -4.7851117e+00
   1.9160000e+02   1.0543424e+01   3.0694888e+01
   1.9170000e+02  -9.1456576e+01   2.1774888e+01
   1.9180000e+02  -1.1845658e+02  -5.3145112e+01
   1.9190000e+02   1.5054342e+02  -3.9051117e+00
   1.9200000e+02   1.0543424e+01  -1.3051117e+00
   1.9210000e+02  -1.0456576e+01  -3.8465112e+01
   1.9220000e+02  -5.6456576e+01   1.8374888e+01
   1.9230000e+02  -5.5456576e+01   2.5334888e+01
   1.9240000e+02  -6.1456576e+01   7.5748883e+00
   1.9250000e+02  -2.5456576e+01   8.1134888e+01
   1.9260000e+02  -6.4565757e+00   4.7374888e+01
   1.9270000e+02   2.1543424e+01   1.0254888e+01
   1.9280000e+02  -6.9456576e+01  -3.9105112e+01
   1.9290000e+02  -8.1456576e+01   4.0374888e+01
   1.9300000e+02  -4.5456576e+01   1.5593489e+02
   1.9310000e+02  -1.6456576e+01   4.5774888e+01
   1.9320000e+02  -5.4456576e+01   1.9294888e+01
   1.9330000e+02  -2.6456576e+01   6.1748883e+00
   1.9340000e+02   1.3954342e+02  -2.4651117e+00
   1.9350000e+02   7.5434243e+00   6.8148883e+00
   1.9360000e+02   1.0543424e+01   2.7694888e+01
   1.9370000e+02  -2.5456576e+01  -6.8651117e+00
   1.9380000e+02  -8.6456576e+01  -1.8425112e+01
   1.9390000e+02  -2.9456576e+01  -2.0705112e+01
   1.9400000e+02   1.5543424e+01   1.4948883e+00
   1.9410000e+02  -4.5456576e+01  -8.4065112e+01
   1.9420000e+02  -5.7456576e+01  -3.2585112e+01
   1.9430000e+02  -1.6456576e+01   7.7488834e-01
   1.9440000e+02  -1.0245658e+02  -5.9785112e+01
   1.9450000e+02  -5.8456576e+01  -7.5451117e+00
   1.9460000e+02  -7.5456576e+01   2.0134888e+01
   1.9470000e+02   9.9543424e+01  -1.3865112e+01
   1.9480000e+02   6.9543424e+01  -2.5665112e+01
   1.9490000e+02   3.0543424e+01  -1.4105112e+01
   1.9500000e+02   9.5434243e+00  -4.5265112e+01
   1.9510000e+02   1.2054342e+02  -4.7051117e+00
   1.9520000e+02   2.8543424e+01  -2.9025112e+01
   1.9530000e+02   6.5434243e+00   6.9854888e+01
   1.9540000e+02  -3.4456576e+01  -4.1505112e+01
   1.9550000e+02   1.8354342e+02   7.4774888e+01
   1.9560000e+02  -5.4565757e+00   6.9334888e+01
   1.9570000e+02   5.5543424e+01  -4.2105112e+01
   1.9580000e+02   1.4543424e+01   1.0753489e+02
   1.9590000e+02  -9.2456576e+01  -1.9185112e+01
   1.9600000e+02  -2.2456576e+01  -3.0985112e+01
   1.9610000e+02  -1.0945658e+02  -3.2505112e+01
   1.9620000e+02   1.0543424e+01   1.6694888e+01
   1.9630000e+02  -4.1456576e+01  -6.0225112e+01
   1.9640000e+02   3.0543424e+01  -3.4105112e+01
   1.9650000e+02   1.8543424e+01   1.0374888e+01
   1.9660000e+02  -6.0456576e+01   2.5348883e+00
   1.9670000e+02  -6.7456576e+01  -5.3185112e+01
   1.9680000e+02  -9.4565757e+00  -4.0505112e+01
   1.9690000e+02   5.1543424e+01  -1.0945112e+01
   1.9700000e+02   1.2543424e+01  -4.7385112e+01
   1.9710000e+02   5.6543424e+01  -3.5145112e+01
   1.9720000e+02  -3.4565757e+00  -5.8745112e+01
   1.9730000e+02  -8.2456576e+01  -3.5585112e+01
   1.9740000e+02  -8.4456576e+01   6.5494888e+01
   1.9750000e+02   1.7543424e+01  -4.3585112e+01
   1.9760000e+02   1.2354342e+02  -2.7825112e+01
   1.9770000e+02   7.5434243e+00   4.5814888e+01
   1.9780000e+02   1.1543424e+01   9.6548883e+00
   1.9790000e+02   8.2543424e+01  -5.2185112e+01
   1.9800000e+02   5.4543424e+01   2.3934888e+01
   1.9810000e+02  -3.7456576e+01   9.6148883e+00
   1.9820000e+02   1.9543424e+01   2.6334888e+01
   1.9830000e+02  -4.8456576e+01  -1.4945112e+01
   1.9840000e+02  -6.6456576e+01  -3.4225112e+01
   1.9850000e+02  -6.7456576e+01   1.8148883e+00
   1.9860000e+02  -8.1456576e+01   1.2374888e+01
   1.9870000e+02   4.5434243e+00   3.9348883e+00
   1.9880000e+02   2.4543424e+01  -2.5865112e+01
   1.9890000e+02  -5.4565757e+00  -5.5665112e+01
   1.9900000e+02   7.5434243e+00   2.0814888e+01
   1.9910000e+02   1.4543424e+01   1.9534888e+01
   1.9920000e+02  -2.5456576e+01   9.4134888e+01
   1.9930000e+02  -1.8456576e+01  -2.6145112e+01
   1.9940000e+02  -2.4565757e+00   6.9214888e+01
   1.9950000e+02   4.3543424e+01   3.9374888e+01
   1.9960000e+02   5.3543424e+01   7.0974888e+01
   1.9970000e+02   1.9543424e+01   1.8334888e+01
   1.9980000e+02   4.1543424e+01   7.4548883e+00
   1.9990000e+02   4.7543424e+01   2.2148883e+00
