   0.0000000e+00   1.4868857e+02   7.6381029e+01
   1.0000000e-01   2.2668857e+02   9.7261029e+01
   2.0000000e-01   2.5068857e+02   1.0630103e+02
   3.0000000e-01   1.0668857e+02   1.1306103e+02
   4.0000000e-01   1.9468857e+02   7.5541029e+01
   5.0000000e-01   6.6688571e+01   1.5266103e+02
   6.0000000e-01   2.0068857e+02   6.1301029e+01
   7.0000000e-01   1.5668857e+02   8.3061029e+01
   8.0000000e-01   1.5768857e+02   1.2102103e+02
   9.0000000e-01   1.7668857e+02   1.0026103e+02
   1.0000000e+00   2.7568857e+02   7.0301029e+01
   1.1000000e+00   2.3768857e+02   1.2782103e+02
   1.2000000e+00   1.9168857e+02   9.1661029e+01
   1.3000000e+00   2.4768857e+02   1.5142103e+02
   1.4000000e+00   2.2168857e+02   7.1461029e+01
   1.5000000e+00   2.5468857e+02   7.7141029e+01
   1.6000000e+00   2.1568857e+02   1.0370103e+02
   1.7000000e+00   4.7688571e+01   1.2042103e+02
   1.8000000e+00   2.2168857e+02   3.5461029e+01
   1.9000000e+00   2.0268857e+02   1.6922103e+02
   2.0000000e+00   9.5688571e+01   1.5010286e+00
   2.1000000e+00   8.9688571e+01   2.3274103e+02
   2.2000000e+00   2.8068857e+02   7.2101029e+01
   2.3000000e+00   2.4368857e+02   6.0581029e+01
   2.4000000e+00   1.1368857e+02   8.7781029e+01
   2.5000000e+00   1.3068857e+02   1.1110103e+02
   2.6000000e+00   1.2868857e+02   9.2181029e+01
   2.7000000e+00   3.2068857e+02   1.3750103e+02
   2.8000000e+00   1.9068857e+02   1.1070103e+02
   2.9000000e+00   1.0068857e+02   1.5230103e+02
   3.0000000e+00   2.1868857e+02   6.9581029e+01
   3.1000000e+00   2.5668857e+02   6.9061029e+01
   3.2000000e+00   1.9068857e+02   4.4701029e+01
   3.3000000e+00   1.8068857e+02   1.4710103e+02
   3.4000000e+00   1.1568857e+02   1.0070103e+02
   3.5000000e+00   1.7268857e+02   1.4542103e+02
   3.6000000e+00   1.5468857e+02   1.3114103e+02
   3.7000000e+00   2.5768857e+02   1.0902103e+02
   3.8000000e+00   2.5368857e+02   2.1810286e+00
   3.9000000e+00   2.7768857e+02   1.2122103e+02
   4.0000000e+00   2.2668857e+02   9.3261029e+01
   4.1000000e+00   2.5168857e+02   1.0426103e+02
   4.2000000e+00   2.3468857e+02   9.9941029e+01
   4.3000000e+00   3.9368857e+02   1.2958103e+02
   4.4000000e+00   2.4368857e+02   1.8658103e+02
   4.5000000e+00   1.8768857e+02   1.3282103e+02
   4.6000000e+00   1.4868857e+02   5.8381029e+01
   4.7000000e+00   1.9568857e+02   8.5501029e+01
   4.8000000e+00   2.3768857e+02   1.8210286e+00
   4.9000000e+00   2.1568857e+02   1.2470103e+02
   5.0000000e+00   2.8768857e+02   5.2821029e+01
   5.1000000e+00   2.8968857e+02   3.8741029e+01
   5.2000000e+00   2.2168857e+02   1.7346103e+02
   5.3000000e+00   1.7468857e+02   1.4034103e+02
   5.4000000e+00   3.1068857e+02   5.4901029e+01
   5.5000000e+00   1.7068857e+02   4.1501029e+01
   5.6000000e+00   2.1568857e+02   2.0070103e+02
   5.7000000e+00   1.5668857e+02   1.0206103e+02
   5.8000000e+00   2.9668857e+02   3.4461029e+01
   5.9000000e+00   1.9868857e+02   5.8381029e+01
   6.0000000e+00   2.2368857e+02   2.7138103e+02
   6.1000000e+00   2.6068857e+02   1.1990103e+02
   6.2000000e+00   2.3268857e+02   9.0021029e+01
   6.3000000e+00   2.4368857e+02   8.5581029e+01
   6.4000000e+00   2.4268857e+02   1.0862103e+02
   6.5000000e+00   1.9368857e+02   1.0658103e+02
   6.6000000e+00   3.2768857e+02   1.3522103e+02
   6.7000000e+00   2.2868857e+02   1.7118103e+02
   6.8000000e+00   1.6868857e+02   8.6581029e+01
   6.9000000e+00   2.0168857e+02   8.8261029e+01
   7.0000000e+00   1.6668857e+02   9.1661029e+01
   7.1000000e+00   2.3168857e+02   1.3406103e+02
   7.2000000e+00   3.0368857e+02   1.0018103e+02
   7.3000000e+00   1.7968857e+02   2.3141029e+01
   7.4000000e+00   1.8868857e+02   6.2781029e+01
   7.5000000e+00   1.5668857e+02   6.8061029e+01
   7.6000000e+00   2.9568857e+02   9.9501029e+01
   7.7000000e+00   1.4668857e+02   1.2946103e+02
   7.8000000e+00   1.8368857e+02   9.1981029e+01
   7.9000000e+00   1.1868857e+02   1.1858103e+02
   8.0000000e+00   2.3868857e+02   8.1781029e+01
   8.1000000e+00   1.9268857e+02   5.1621029e+01
   8.2000000e+00   1.6768857e+02   5.8621029e+01
   8.3000000e+00   4.5768857e+02   8.2021029e+01
   8.4000000e+00   2.2968857e+02   7.8141029e+01
   8.5000000e+00   1.9168857e+02   1.6966103e+02
   8.6000000e+00   1.9468857e+02   1.5154103e+02
   8.7000000e+00   2.3668857e+02   8.1861029e+01
   8.8000000e+00   2.6968857e+02   9.6541029e+01
   8.9000000e+00   1.8368857e+02   9.5981029e+01
   9.0000000e+00   2.1368857e+02   1.5478103e+02
   9.1000000e+00   2.9068857e+02   1.4670103e+02
   9.2000000e+00   3.5368857e+02   1.1518103e+02
   9.3000000e+00   2.6168857e+02   1.5086103e+02
   9.4000000e+00   2.3168857e+02   3.8061029e+01
   9.5000000e+00   1.1368857e+02   1.2578103e+02
   9.6000000e+00   3.3968857e+02   2.8741029e+01
   9.7000000e+00   1.3668857e+02   1.9886103e+02
   9.8000000e+00   2.5368857e+02   8.9181029e+01
   9.9000000e+00   1.4968857e+02   2.1334103e+02
   1.0000000e+01   2.6868857e+02   7.7581029e+01
   1.0100000e+01   2.6068857e+02   1.2590103e+02
   1.0200000e+01   1.5668857e+02   1.1906103e+02
   1.0300000e+01   2.2768857e+02   2.5221029e+01
   1.0400000e+01   1.3468857e+02   1.2494103e+02
   1.0500000e+01   3.1568857e+02   5.3701029e+01
   1.0600000e+01   1.9768857e+02   2.2421029e+01
   1.0700000e+01   1.8568857e+02   1.2690103e+02
   1.0800000e+01   2.2868857e+02   7.1181029e+01
   1.0900000e+01   1.0968857e+02   6.9941029e+01
   1.1000000e+01   3.4768857e+02   8.4421029e+01
   1.1100000e+01   3.0868857e+02   9.9981029e+01
   1.1200000e+01   4.4168857e+02   1.2766103e+02
   1.1300000e+01   2.2168857e+02   6.6461029e+01
   1.1400000e+01   2.9268857e+02   2.2062103e+02
   1.1500000e+01   2.7468857e+02   8.6341029e+01
   1.1600000e+01   2.4068857e+02   4.7701029e+01
   1.1700000e+01   3.5068857e+02   5.5301029e+01
   1.1800000e+01   1.6768857e+02   1.4262103e+02
   1.1900000e+01   2.9668857e+02   9.5461029e+01
   1.2000000e+01   2.9868857e+02   7.8381029e+01
   1.2100000e+01   1.5368857e+02   4.0181029e+01
   1.2200000e+01   1.7268857e+02   1.1642103e+02
   1.2300000e+01   1.7568857e+02   7.3301029e+01
   1.2400000e+01   1.6068857e+02   1.5190103e+02
   1.2500000e+01   3.0068857e+02   7.3301029e+01
   1.2600000e+01   1.7268857e+02   5.3421029e+01
   1.2700000e+01   1.5768857e+02   1.0602103e+02
   1.2800000e+01   3.2568857e+02   3.9301029e+01
   1.2900000e+01   2.4368857e+02   3.6581029e+01
   1.3000000e+01   2.7568857e+02   7.3010286e+00
   1.3100000e+01   2.7868857e+02   1.0118103e+02
   1.3200000e+01   2.2968857e+02   1.2414103e+02
   1.3300000e+01   1.1868857e+02   1.0758103e+02
   1.3400000e+01   3.4268857e+02   1.3762103e+02
   1.3500000e+01   2.7968857e+02   1.0914103e+02
   1.3600000e+01   6.3688571e+01   6.3781029e+01
   1.3700000e+01   2.0768857e+02   1.3002103e+02
   1.3800000e+01   2.2968857e+02   2.9141029e+01
   1.3900000e+01   1.6368857e+02   9.9781029e+01
   1.4000000e+01   1.3468857e+02   2.2294103e+02
   1.4100000e+01   1.4668857e+02   1.0946103e+02
   1.4200000e+01   1.5968857e+02   2.8941029e+01
   1.4300000e+01   2.2768857e+02   1.5222103e+02
   1.4400000e+01   2.4768857e+02   1.1442103e+02
   1.4500000e+01   1.2668857e+02   5.5261029e+01
   1.4600000e+01   1.6968857e+02   9.0541029e+01
   1.4700000e+01   1.3668857e+02   1.1486103e+02
   1.4800000e+01   3.0268857e+02   7.1221029e+01
   1.4900000e+01   1.9068857e+02   1.0870103e+02
   1.5000000e+01   1.1968857e+02   1.2054103e+02
   1.5100000e+01   1.2768857e+02   9.7221029e+01
   1.5200000e+01   1.3368857e+02   8.4981029e+01
   1.5300000e+01   2.8668857e+02   8.5861029e+01
   1.5400000e+01   2.3068857e+02   8.2101029e+01
   1.5500000e+01   2.6468857e+02   8.8741029e+01
   1.5600000e+01   1.7168857e+02   6.9461029e+01
   1.5700000e+01   2.6668857e+02   2.0966103e+02
   1.5800000e+01   2.9968857e+02   4.5341029e+01
   1.5900000e+01   2.0768857e+02   1.5802103e+02
   1.6000000e+01   1.9268857e+02   1.5762103e+02
   1.6100000e+01   1.9668857e+02  -1.1538971e+01
   1.6200000e+01   2.6768857e+02   1.1862103e+02
   1.6300000e+01   1.7068857e+02   1.4050103e+02
   1.6400000e+01   2.3668857e+02   9.4861029e+01
   1.6500000e+01   1.6768857e+02   7.5621029e+01
   1.6600000e+01   1.6168857e+02   5.8610286e+00
   1.6700000e+01   1.9468857e+02   2.9254103e+02
   1.6800000e+01   3.8668857e+02   1.2886103e+02
   1.6900000e+01   2.8868857e+02   1.0478103e+02
   1.7000000e+01   1.4668857e+02   1.6846103e+02
   1.7100000e+01   2.6368857e+02   1.9781029e+01
   1.7200000e+01   3.5688571e+01   8.1901029e+01
   1.7300000e+01   1.8168857e+02   1.0706103e+02
   1.7400000e+01   1.7668857e+02   3.5261029e+01
   1.7500000e+01   3.0068857e+02   1.1230103e+02
   1.7600000e+01   1.5768857e+02   8.2021029e+01
   1.7700000e+01   1.3168857e+02   1.2206103e+02
   1.7800000e+01   2.5268857e+02   8.3221029e+01
   1.7900000e+01   2.5868857e+02   7.0981029e+01
   1.8000000e+01   2.3368857e+02   9.9810286e+00
   1.8100000e+01   2.9168857e+02   8.7661029e+01
   1.8200000e+01   2.1468857e+02   7.8741029e+01
   1.8300000e+01   1.4768857e+02   9.4421029e+01
   1.8400000e+01   2.2168857e+02   3.3461029e+01
   1.8500000e+01   3.1568857e+02   1.0970103e+02
   1.8600000e+01   3.0168857e+02   4.5261029e+01
   1.8700000e+01   1.6768857e+02   9.7621029e+01
   1.8800000e+01   2.2668857e+02   1.1926103e+02
   1.8900000e+01   2.2668857e+02   1.8526103e+02
   1.9000000e+01   3.4068857e+02   2.8701029e+01
   1.9100000e+01   2.7368857e+02   5.4381029e+01
   1.9200000e+01   3.1968857e+02   2.3541029e+01
   1.9300000e+01   1.6068857e+02   6.6901029e+01
   1.9400000e+01   1.9368857e+02   1.0581029e+01
   1.9500000e+01   1.4568857e+02   4.5501029e+01
   1.9600000e+01   2.2368857e+02   3.7381029e+01
   1.9700000e+01   1.3068857e+02   1.1210103e+02
   1.9800000e+01   3.0468857e+02   4.3141029e+01
   1.9900000e+01   2.3968857e+02   4.2741029e+01
   2.0000000e+01   1.5368857e+02   2.5181029e+01
   2.0100000e+01   2.0568857e+02   7.0101029e+01
   2.0200000e+01   2.6768857e+02   8.2621029e+01
   2.0300000e+01   9.7688571e+01   1.3442103e+02
   2.0400000e+01   1.7668857e+02   1.2226103e+02
   2.0500000e+01   2.2568857e+02   5.8301029e+01
   2.0600000e+01   3.1568857e+02   5.3701029e+01
   2.0700000e+01   2.5168857e+02   8.9261029e+01
   2.0800000e+01   1.7468857e+02   1.0534103e+02
   2.0900000e+01   2.2568857e+02   5.6301029e+01
   2.1000000e+01   1.7868857e+02   1.0618103e+02
   2.1100000e+01   2.8268857e+02   3.5021029e+01
   2.1200000e+01   2.5568857e+02   8.5101029e+01
   2.1300000e+01   1.4668857e+02   1.4046103e+02
   2.1400000e+01   1.5868857e+02   8.7981029e+01
   2.1500000e+01   3.4268857e+02   5.2621029e+01
   2.1600000e+01   1.1368857e+02   1.6178103e+02
   2.1700000e+01   2.3768857e+02   8.8821029e+01
   2.1800000e+01   3.3468857e+02   5.5941029e+01
   2.1900000e+01   1.5868857e+02   9.5981029e+01
   2.2000000e+01   3.3968857e+02   6.2741029e+01
   2.2100000e+01   1.9688571e+01   1.2954103e+02
   2.2200000e+01   2.4368857e+02   4.5581029e+01
   2.2300000e+01   1.1268857e+02   1.0082103e+02
   2.2400000e+01   1.9268857e+02   1.4621029e+01
   2.2500000e+01   2.3268857e+02  -1.3978971e+01
   2.2600000e+01   2.4268857e+02   7.9621029e+01
   2.2700000e+01   1.6868857e+02   2.3581029e+01
   2.2800000e+01   2.0268857e+02   1.1322103e+02
   2.2900000e+01   1.8868857e+02   1.2178103e+02
   2.3000000e+01   2.1368857e+02   2.2781029e+01
   2.3100000e+01   1.7468857e+02   1.1334103e+02
   2.3200000e+01   1.1868857e+02   4.9581029e+01
   2.3300000e+01   1.3468857e+02   4.6941029e+01
   2.3400000e+01   2.8368857e+02   3.4981029e+01
   2.3500000e+01   1.1868857e+02   7.6581029e+01
   2.3600000e+01   3.5068857e+02   7.1301029e+01
   2.3700000e+01   2.9068857e+02   7.4701029e+01
   2.3800000e+01  -3.3114286e+00   9.5461029e+01
   2.3900000e+01   2.0368857e+02   7.5181029e+01
   2.4000000e+01   1.8668857e+02   2.4861029e+01
   2.4100000e+01   2.0568857e+02   1.0101029e+01
   2.4200000e+01   1.2168857e+02   1.5046103e+02
   2.4300000e+01   1.7168857e+02   1.3546103e+02
   2.4400000e+01   3.0688571e+01   6.5101029e+01
   2.4500000e+01   9.0688571e+01   7.6701029e+01
   2.4600000e+01   1.4768857e+02   1.6142103e+02
   2.4700000e+01   1.0868857e+02   7.0981029e+01
   2.4800000e+01   2.9568857e+02   1.1550103e+02
   2.4900000e+01   1.4368857e+02   6.1581029e+01
   2.5000000e+01   1.3268857e+02   1.0702103e+02
   2.5100000e+01   2.3268857e+02   4.6021029e+01
   2.5200000e+01   1.3168857e+02   6.6061029e+01
   2.5300000e+01   1.5468857e+02   9.3141029e+01
   2.5400000e+01   2.0468857e+02   7.6141029e+01
   2.5500000e+01   1.4368857e+02   8.4581029e+01
   2.5600000e+01   1.5268857e+02   1.0622103e+02
   2.5700000e+01   1.7768857e+02   1.0522103e+02
   2.5800000e+01   2.0668857e+02   5.9061029e+01
   2.5900000e+01   1.3568857e+02   6.7901029e+01
   2.6000000e+01   1.8368857e+02   3.6981029e+01
   2.6100000e+01   1.8868857e+02   8.9781029e+01
   2.6200000e+01   2.1168857e+02   1.3786103e+02
   2.6300000e+01   5.3688571e+01   1.0018103e+02
   2.6400000e+01   2.6868857e+02   5.6581029e+01
   2.6500000e+01   1.8268857e+02   3.0210286e+00
   2.6600000e+01   1.6668857e+02   3.5661029e+01
   2.6700000e+01   4.4688571e+01   1.0254103e+02
   2.6800000e+01   2.8068857e+02   5.1010286e+00
   2.6900000e+01   2.1768857e+02   5.7621029e+01
   2.7000000e+01   2.9068857e+02   9.1701029e+01
   2.7100000e+01   1.3468857e+02   2.0941029e+01
   2.7200000e+01   1.6668857e+02   9.0661029e+01
   2.7300000e+01   3.0668857e+02   1.8606103e+02
   2.7400000e+01   1.6668857e+02   5.0661029e+01
   2.7500000e+01   2.1568857e+02   3.4701029e+01
   2.7600000e+01   2.5668857e+02   2.7406103e+02
   2.7700000e+01   3.3968857e+02   4.8741029e+01
   2.7800000e+01   1.6568857e+02   1.8701029e+01
   2.7900000e+01   5.3668857e+02   1.2186103e+02
   2.8000000e+01   3.5268857e+02   5.2210286e+00
   2.8100000e+01   4.4168857e+02  -3.9338971e+01
   2.8200000e+01   4.0868857e+02   1.6981029e+01
   2.8300000e+01   2.6068857e+02   1.6901029e+01
   2.8400000e+01   4.7668857e+02  -2.7738971e+01
   2.8500000e+01   2.7368857e+02   7.9381029e+01
   2.8600000e+01   3.6468857e+02   2.9741029e+01
   2.8700000e+01   2.4068857e+02   4.1701029e+01
   2.8800000e+01   3.9968857e+02  -4.9658971e+01
   2.8900000e+01   5.0468857e+02   5.1410286e+00
   2.9000000e+01   2.8868857e+02  -2.4218971e+01
   2.9100000e+01   4.2468857e+02  -4.8658971e+01
   2.9200000e+01   2.8368857e+02   8.9810286e+00
   2.9300000e+01   4.5968857e+02  -3.8058971e+01
   2.9400000e+01   3.6768857e+02  -2.6378971e+01
   2.9500000e+01   4.3268857e+02  -2.7978971e+01
   2.9600000e+01   2.5068857e+02   2.0301029e+01
   2.9700000e+01   2.4468857e+02   3.4541029e+01
   2.9800000e+01   2.7068857e+02   5.3501029e+01
   2.9900000e+01   1.4868857e+02   3.2381029e+01
   3.0000000e+01   2.3668857e+02   1.5861029e+01
   3.0100000e+01   3.5668857e+02   1.2061029e+01
   3.0200000e+01   3.4568857e+02   2.7501029e+01
   3.0300000e+01   2.6768857e+02   6.2102857e-01
   3.0400000e+01   2.7268857e+02  -4.0578971e+01
   3.0500000e+01   4.3468857e+02  -1.9058971e+01
   3.0600000e+01   2.4868857e+02  -3.6189714e+00
   3.0700000e+01   2.8468857e+02   2.7941029e+01
   3.0800000e+01   4.4368857e+02  -5.4189714e+00
   3.0900000e+01   2.4668857e+02   1.0246103e+02
   3.1000000e+01   3.7868857e+02  -3.5818971e+01
   3.1100000e+01   3.4868857e+02   3.3381029e+01
   3.1200000e+01   2.3768857e+02   5.0821029e+01
   3.1300000e+01   3.8268857e+02   4.4021029e+01
   3.1400000e+01   3.4068857e+02   7.2701029e+01
   3.1500000e+01   4.6368857e+02   5.7810286e+00
   3.1600000e+01   2.4968857e+02  -1.9658971e+01
   3.1700000e+01   1.5968857e+02   3.9410286e+00
   3.1800000e+01   4.0368857e+02   7.3181029e+01
   3.1900000e+01   3.1768857e+02  -3.8378971e+01
   3.2000000e+01   2.4968857e+02   1.1341029e+01
   3.2100000e+01   2.9568857e+02   4.9501029e+01
   3.2200000e+01   3.0768857e+02   5.4021029e+01
   3.2300000e+01   3.2068857e+02   5.1501029e+01
   3.2400000e+01   2.3268857e+02  -2.8978971e+01
   3.2500000e+01   2.8468857e+02  -1.1058971e+01
   3.2600000e+01   3.2668857e+02  -4.3738971e+01
   3.2700000e+01   4.8768857e+02   8.2102857e-01
   3.2800000e+01   4.9868857e+02   6.3810286e+00
   3.2900000e+01   3.1168857e+02   3.8861029e+01
   3.3000000e+01   2.9468857e+02   2.9541029e+01
   3.3100000e+01   4.1468857e+02   1.4741029e+01
   3.3200000e+01   2.0368857e+02  -1.5818971e+01
   3.3300000e+01   2.7668857e+02   2.2610286e+00
   3.3400000e+01   2.4968857e+02  -1.8658971e+01
   3.3500000e+01   3.5068857e+02   1.3301029e+01
   3.3600000e+01   2.3668857e+02  -1.8138971e+01
   3.3700000e+01   1.7768857e+02   2.0221029e+01
   3.3800000e+01   2.6568857e+02  -4.9298971e+01
   3.3900000e+01   2.8368857e+02  -3.1018971e+01
   3.4000000e+01   3.0968857e+02   1.1941029e+01
   3.4100000e+01   3.2368857e+02  -7.0618971e+01
   3.4200000e+01   4.7068857e+02   2.5010286e+00
   3.4300000e+01   2.4568857e+02  -5.4498971e+01
   3.4400000e+01   3.7868857e+02  -7.8189714e+00
   3.4500000e+01   3.0968857e+02  -4.1058971e+01
   3.4600000e+01   1.3068857e+02   4.1010286e+00
   3.4700000e+01   2.6068857e+02   2.9010286e+00
   3.4800000e+01   1.4268857e+02  -1.9378971e+01
   3.4900000e+01   4.9568857e+02  -2.0498971e+01
   3.5000000e+01   4.5768857e+02  -3.8978971e+01
   3.5100000e+01   5.8668857e+02  -1.9138971e+01
   3.5200000e+01   2.5868857e+02   6.3981029e+01
   3.5300000e+01   3.3968857e+02  -2.7258971e+01
   3.5400000e+01   2.5168857e+02   2.9261029e+01
   3.5500000e+01   4.8568857e+02   8.3901029e+01
   3.5600000e+01   4.0268857e+02  -2.2778971e+01
   3.5700000e+01   2.5568857e+02   8.1010286e+00
   3.5800000e+01   2.2168857e+02   3.8461029e+01
   3.5900000e+01   2.8168857e+02   6.5061029e+01
   3.6000000e+01   3.5668857e+02  -1.6938971e+01
   3.6100000e+01   1.8768857e+02   2.6821029e+01
   3.6200000e+01   2.8668857e+02   1.0861029e+01
   3.6300000e+01   3.3268857e+02  -2.0978971e+01
   3.6400000e+01   4.4868857e+02   2.0381029e+01
   3.6500000e+01   1.8468857e+02  -1.3058971e+01
   3.6600000e+01   3.9768857e+02  -3.5578971e+01
   3.6700000e+01   2.4568857e+02  -4.0498971e+01
   3.6800000e+01   1.9268857e+02  -2.3789714e+00
   3.6900000e+01   3.1468857e+02  -3.8258971e+01
   3.7000000e+01   3.7868857e+02  -5.9818971e+01
   3.7100000e+01   3.3768857e+02  -2.0178971e+01
   3.7200000e+01   4.3568857e+02   6.2901029e+01
   3.7300000e+01   2.0168857e+02   5.9261029e+01
   3.7400000e+01   3.0668857e+02  -2.9389714e+00
   3.7500000e+01   2.3968857e+02  -2.2589714e+00
   3.7600000e+01   3.6168857e+02  -3.1389714e+00
   3.7700000e+01   3.2368857e+02   1.2381029e+01
   3.7800000e+01   2.3068857e+02   2.9101029e+01
   3.7900000e+01   3.6168857e+02   9.9861029e+01
   3.8000000e+01   4.6468857e+02  -4.5258971e+01
   3.8100000e+01   2.9268857e+02  -9.3789714e+00
   3.8200000e+01   4.5868857e+02  -5.0189714e+00
   3.8300000e+01   3.7368857e+02  -4.4618971e+01
   3.8400000e+01   3.7468857e+02   1.0341029e+01
   3.8500000e+01   3.9068857e+02   1.4070103e+02
   3.8600000e+01   3.6568857e+02   5.8701029e+01
   3.8700000e+01   2.7168857e+02   3.7461029e+01
   3.8800000e+01   3.8468857e+02  -6.5058971e+01
   3.8900000e+01   4.3268857e+02  -9.9789714e+00
   3.9000000e+01   2.4768857e+02   1.0421029e+01
   3.9100000e+01   3.4568857e+02   6.5010286e+00
   3.9200000e+01   4.1968857e+02  -4.7458971e+01
   3.9300000e+01   3.4168857e+02   5.6610286e+00
   3.9400000e+01   2.1268857e+02  -3.2178971e+01
   3.9500000e+01   3.5668857e+02   5.2061029e+01
   3.9600000e+01   2.7568857e+02   5.7301029e+01
   3.9700000e+01   2.4368857e+02  -8.4189714e+00
   3.9800000e+01   2.3168857e+02  -2.1938971e+01
   3.9900000e+01   2.6368857e+02  -2.1218971e+01
   4.0000000e+01   1.7068857e+02   4.7501029e+01
   4.0100000e+01   1.8168857e+02  -1.6938971e+01
   4.0200000e+01   4.9368857e+02   5.8102857e-01
   4.0300000e+01   2.9868857e+02   2.6381029e+01
   4.0400000e+01   3.2668857e+02  -7.3897143e-01
   4.0500000e+01   3.7068857e+02  -4.4498971e+01
   4.0600000e+01   1.7468857e+02   1.0934103e+02
   4.0700000e+01   3.3568857e+02  -2.0098971e+01
   4.0800000e+01   3.5868857e+02  -1.5018971e+01
   4.0900000e+01   2.5968857e+02  -2.8058971e+01
   4.1000000e+01   1.3068857e+02  -7.8989714e+00
   4.1100000e+01   3.3068857e+02  -1.6898971e+01
   4.1200000e+01   1.4868857e+02  -6.6189714e+00
   4.1300000e+01   3.2068857e+02  -4.4989714e+00
   4.1400000e+01   2.9668857e+02   4.6102857e-01
   4.1500000e+01   3.0568857e+02   3.1010286e+00
   4.1600000e+01   4.0668857e+02   5.0610286e+00
   4.1700000e+01   1.5168857e+02  -3.7389714e+00
   4.1800000e+01   2.6768857e+02   3.4621029e+01
   4.1900000e+01   2.6468857e+02   3.9741029e+01
   4.2000000e+01   2.5868857e+02   9.7981029e+01
   4.2100000e+01   3.0468857e+02  -4.9858971e+01
   4.2200000e+01   3.1368857e+02  -2.3218971e+01
   4.2300000e+01   2.3068857e+02  -2.7898971e+01
   4.2400000e+01   4.2968857e+02  -3.6858971e+01
   4.2500000e+01   1.9668857e+02  -3.2538971e+01
   4.2600000e+01   1.7768857e+02  -3.5778971e+01
   4.2700000e+01   1.6568857e+02   2.0701029e+01
   4.2800000e+01   3.6668857e+02  -2.1338971e+01
   4.2900000e+01   3.9568857e+02   8.5010286e+00
   4.3000000e+01   2.5268857e+02  -2.7789714e+00
   4.3100000e+01   1.9068857e+02   7.3701029e+01
   4.3200000e+01   2.2468857e+02   2.8341029e+01
   4.3300000e+01   4.0868857e+02   3.8981029e+01
   4.3400000e+01   3.7368857e+02  -3.5618971e+01
   4.3500000e+01   3.9968857e+02  -1.6658971e+01
   4.3600000e+01   3.5868857e+02   8.2981029e+01
   4.3700000e+01   3.6768857e+02  -2.3789714e+00
   4.3800000e+01   3.2968857e+02   1.8141029e+01
   4.3900000e+01   3.5368857e+02   2.0181029e+01
   4.4000000e+01   2.3968857e+02   1.4741029e+01
   4.4100000e+01   4.1268857e+02  -4.3178971e+01
   4.4200000e+01   3.5168857e+02   2.6102857e-01
   4.4300000e+01   3.7768857e+02  -2.4778971e+01
   4.4400000e+01   3.2568857e+02  -3.0698971e+01
   4.4500000e+01   3.9668857e+02   1.1461029e+01
   4.4600000e+01   2.7768857e+02  -7.7897143e-01
   4.4700000e+01   3.4168857e+02   3.8661029e+01
   4.4800000e+01   4.2968857e+02   2.4141029e+01
   4.4900000e+01   2.5268857e+02  -1.8778971e+01
   4.5000000e+01   1.8168857e+02  -4.8938971e+01
   4.5100000e+01   3.2768857e+02  -7.7897143e-01
   4.5200000e+01   2.7968857e+02   1.3141029e+01
   4.5300000e+01   1.4768857e+02   8.4210286e+00
   4.5400000e+01   2.7768857e+02  -6.1778971e+01
   4.5500000e+01   4.1168857e+02   4.0861029e+01
   4.5600000e+01   1.5968857e+02  -5.0589714e+00
   4.5700000e+01   2.4868857e+02  -3.2618971e+01
   4.5800000e+01   1.9568857e+02  -9.4989714e+00
   4.5900000e+01   4.0168857e+02  -5.8738971e+01
   4.6000000e+01   4.3068857e+02  -7.2898971e+01
   4.6100000e+01   2.2968857e+02   1.4141029e+01
   4.6200000e+01   2.1768857e+02  -3.4378971e+01
   4.6300000e+01   1.7768857e+02   5.7221029e+01
   4.6400000e+01   2.8368857e+02   4.1981029e+01
   4.6500000e+01   3.0668857e+02   9.6061029e+01
   4.6600000e+01   5.0568857e+02   3.1010286e+00
   4.6700000e+01   3.1568857e+02   4.1701029e+01
   4.6800000e+01   2.7268857e+02   5.1421029e+01
   4.6900000e+01   2.7268857e+02  -4.5789714e+00
   4.7000000e+01   4.8568857e+02   1.5901029e+01
   4.7100000e+01   3.1168857e+02  -4.6138971e+01
   4.7200000e+01   1.1568857e+02   3.3701029e+01
   4.7300000e+01   6.2688571e+01  -1.5178971e+01
   4.7400000e+01   7.6688571e+01  -3.6738971e+01
   4.7500000e+01  -3.0311429e+01   1.6541029e+01
   4.7600000e+01  -2.3114286e+00   2.0421029e+01
   4.7700000e+01   4.5688571e+01  -5.1498971e+01
   4.7800000e+01  -3.3114286e+00  -5.3897143e-01
   4.7900000e+01   4.3688571e+01  -4.5418971e+01
   4.8000000e+01   5.7688571e+01  -2.1978971e+01
   4.8100000e+01   7.3688571e+01  -3.8618971e+01
   4.8200000e+01   2.6885714e+00   4.2221029e+01
   4.8300000e+01   1.6688571e+01   5.1661029e+01
   4.8400000e+01   7.9688571e+01  -2.5858971e+01
   4.8500000e+01   5.3688571e+01   4.0181029e+01
   4.8600000e+01   1.2468857e+02   2.3410286e+00
   4.8700000e+01   4.6688571e+01  -1.9538971e+01
   4.8800000e+01   2.9688571e+01  -1.2858971e+01
   4.8900000e+01   2.8688571e+01  -2.1818971e+01
   4.9000000e+01   2.1688571e+01  -5.5538971e+01
   4.9100000e+01   4.1688571e+01   3.6661029e+01
   4.9200000e+01   2.2768857e+02   5.5221029e+01
   4.9300000e+01   4.4688571e+01  -1.1458971e+01
   4.9400000e+01  -9.3114286e+00   3.8701029e+01
   4.9500000e+01   2.7688571e+01   1.2210286e+00
   4.9600000e+01   9.6885714e+00   5.9410286e+00
   4.9700000e+01   4.0688571e+01  -7.2989714e+00
   4.9800000e+01   5.7688571e+01   5.5021029e+01
   4.9900000e+01   3.3688571e+01  -3.2018971e+01
   5.0000000e+01  -6.2311429e+01  -1.8178971e+01
   5.0100000e+01   7.6885714e+00   1.2021029e+01
   5.0200000e+01   8.7688571e+01   3.2821029e+01
   5.0300000e+01  -5.3114286e+00   1.3541029e+01
   5.0400000e+01   2.6885714e+00  -2.5778971e+01
   5.0500000e+01   4.3688571e+01  -2.7418971e+01
   5.0600000e+01   5.9688571e+01   7.9410286e+00
   5.0700000e+01   1.1868857e+02  -2.5418971e+01
   5.0800000e+01  -7.9311429e+01  -3.4498971e+01
   5.0900000e+01   3.7688571e+01   5.8821029e+01
   5.1000000e+01  -4.0311429e+01   7.9410286e+00
   5.1100000e+01   8.2688571e+01  -8.9789714e+00
   5.1200000e+01   4.9688571e+01   1.9341029e+01
   5.1300000e+01   5.7688571e+01  -3.0978971e+01
   5.1400000e+01   3.2688571e+01  -2.0978971e+01
   5.1500000e+01  -3.1311429e+01   4.9581029e+01
   5.1600000e+01   4.9688571e+01   1.2734103e+02
   5.1700000e+01   8.4688571e+01  -1.0589714e+00
   5.1800000e+01   2.7688571e+01   6.3221029e+01
   5.1900000e+01   2.0688571e+01   2.5501029e+01
   5.2000000e+01   5.2688571e+01   2.0221029e+01
   5.2100000e+01   3.9688571e+01   2.4741029e+01
   5.2200000e+01  -1.9311429e+01   1.6101029e+01
   5.2300000e+01  -2.6311429e+01   9.3810286e+00
   5.2400000e+01   5.4688571e+01   6.6141029e+01
   5.2500000e+01  -1.5311429e+01   7.9410286e+00
   5.2600000e+01   9.6688571e+01   3.2461029e+01
   5.2700000e+01  -1.4311429e+01  -2.9098971e+01
   5.2800000e+01  -1.1311429e+01   9.6781029e+01
   5.2900000e+01  -6.3114286e+00   2.8581029e+01
   5.3000000e+01   1.2688571e+01   4.5821029e+01
   5.3100000e+01   2.3688571e+01   4.8381029e+01
   5.3200000e+01   5.5688571e+01   3.0101029e+01
   5.3300000e+01   6.7688571e+01  -2.6378971e+01
   5.3400000e+01   2.7688571e+01  -7.7789714e+00
   5.3500000e+01  -6.6311429e+01   1.4981029e+01
   5.3600000e+01   5.5688571e+01  -2.1898971e+01
   5.3700000e+01  -6.0311429e+01  -1.6258971e+01
   5.3800000e+01  -5.3114286e+00  -1.1458971e+01
   5.3900000e+01   4.1688571e+01  -4.3338971e+01
   5.4000000e+01   1.3668857e+02  -1.1389714e+00
   5.4100000e+01  -2.3311429e+01   6.3261029e+01
   5.4200000e+01  -3.3114286e+00   2.7461029e+01
   5.4300000e+01   7.3688571e+01   2.4381029e+01
   5.4400000e+01  -5.3114286e+00  -4.2458971e+01
   5.4500000e+01  -6.6311429e+01  -4.5018971e+01
   5.4600000e+01   1.2768857e+02  -1.4778971e+01
   5.4700000e+01   1.6568857e+02  -2.2989714e+00
   5.4800000e+01   4.5688571e+01   5.0102857e-01
   5.4900000e+01  -2.8311429e+01   2.5461029e+01
   5.5000000e+01   7.1688571e+01   3.2461029e+01
   5.5100000e+01  -7.3311429e+01  -6.1738971e+01
   5.5200000e+01   1.0688571e+01   2.3901029e+01
   5.5300000e+01  -9.3114286e+00  -4.9298971e+01
   5.5400000e+01   4.5688571e+01   2.6501029e+01
   5.5500000e+01  -2.7311429e+01   3.1421029e+01
   5.5600000e+01   1.6688571e+01   3.6610286e+00
   5.5700000e+01  -2.2311429e+01  -3.6778971e+01
   5.5800000e+01   4.3688571e+01   1.0581029e+01
   5.5900000e+01   8.6688571e+01  -2.1389714e+00
   5.6000000e+01   6.6885714e+00  -1.2938971e+01
   5.6100000e+01   3.0688571e+01   2.2101029e+01
   5.6200000e+01  -9.0311429e+01   1.9410286e+00
   5.6300000e+01   2.6885714e+00   1.4221029e+01
   5.6400000e+01   3.6885714e+00   1.6181029e+01
   5.6500000e+01   1.7568857e+02  -2.3698971e+01
   5.6600000e+01  -6.4311429e+01  -1.1098971e+01
   5.6700000e+01   2.9688571e+01   5.3141029e+01
   5.6800000e+01  -2.0311429e+01   2.2141029e+01
   5.6900000e+01  -1.6311429e+01   1.9981029e+01
   5.7000000e+01   3.4688571e+01   6.3941029e+01
   5.7100000e+01   2.8688571e+01  -9.8189714e+00
   5.7200000e+01   4.4688571e+01  -1.1458971e+01
   5.7300000e+01  -1.8311429e+01   1.8061029e+01
   5.7400000e+01   9.6885714e+00   8.5941029e+01
   5.7500000e+01  -5.0311429e+01   2.1341029e+01
   5.7600000e+01  -2.9311429e+01   1.8501029e+01
   5.7700000e+01   9.1688571e+01  -3.3897143e-01
   5.7800000e+01  -2.2311429e+01  -4.3778971e+01
   5.7900000e+01   2.1688571e+01   1.2461029e+01
   5.8000000e+01   6.1688571e+01  -7.0138971e+01
   5.8100000e+01   1.0268857e+02   4.9221029e+01
   5.8200000e+01   2.6885714e+00   7.2210286e+00
   5.8300000e+01   4.4688571e+01   2.5541029e+01
   5.8400000e+01   1.3688571e+01  -1.9218971e+01
   5.8500000e+01  -2.6311429e+01  -7.6189714e+00
   5.8600000e+01  -2.5311429e+01   8.8341029e+01
   5.8700000e+01   1.9688571e+01   3.7541029e+01
   5.8800000e+01   7.6885714e+00   2.1028571e-02
   5.8900000e+01   3.6885714e+00  -1.0818971e+01
   5.9000000e+01   1.1468857e+02  -5.4258971e+01
   5.9100000e+01   1.0668857e+02  -4.5938971e+01
   5.9200000e+01   1.4768857e+02  -4.2578971e+01
   5.9300000e+01  -3.8311429e+01   4.4861029e+01
   5.9400000e+01   1.0688571e+01  -3.9098971e+01
   5.9500000e+01  -5.5311429e+01   2.1541029e+01
   5.9600000e+01   3.7688571e+01  -5.9178971e+01
   5.9700000e+01   4.0688571e+01   3.9701029e+01
   5.9800000e+01   6.9688571e+01  -5.4589714e+00
   5.9900000e+01   4.2688571e+01   3.4621029e+01
   6.0000000e+01   1.4688571e+01  -3.4258971e+01
   6.0100000e+01   1.3368857e+02   9.9810286e+00
   6.0200000e+01  -3.1311429e+01   1.9581029e+01
   6.0300000e+01  -3.1311429e+01  -4.6418971e+01
   6.0400000e+01   1.3688571e+01  -3.1218971e+01
   6.0500000e+01   5.2688571e+01   1.6221029e+01
   6.0600000e+01   5.5688571e+01  -1.8898971e+01
   6.0700000e+01   1.1368857e+02  -4.2218971e+01
   6.0800000e+01  -5.3311429e+01  -3.2538971e+01
   6.0900000e+01   1.7688571e+01  -3.4378971e+01
   6.1000000e+01   1.0688571e+01  -1.0098971e+01
   6.1100000e+01  -1.0231143e+02   2.5421029e+01
   6.1200000e+01   5.9688571e+01  -2.9058971e+01
   6.1300000e+01   3.8688571e+01   6.8781029e+01
   6.1400000e+01   2.3688571e+01  -1.3618971e+01
   6.1500000e+01  -3.3311429e+01  -3.3338971e+01
   6.1600000e+01   4.0688571e+01   4.7701029e+01
   6.1700000e+01  -1.3311429e+01   3.4861029e+01
   6.1800000e+01   1.6688571e+01  -2.2338971e+01
   6.1900000e+01  -3.9311429e+01  -2.3098971e+01
   6.2000000e+01   9.3688571e+01   2.4581029e+01
   6.2100000e+01   3.6885714e+00   5.1810286e+00
   6.2200000e+01  -2.2311429e+01   3.2221029e+01
   6.2300000e+01   7.7688571e+01  -2.3778971e+01
   6.2400000e+01   1.2368857e+02   2.3381029e+01
   6.2500000e+01   7.4688571e+01   2.3410286e+00
   6.2600000e+01   6.1688571e+01   4.3861029e+01
   6.2700000e+01   4.1688571e+01  -1.0338971e+01
   6.2800000e+01   7.6885714e+00   1.7021029e+01
   6.2900000e+01   5.5688571e+01  -1.6898971e+01
   6.3000000e+01  -4.2311429e+01  -1.1978971e+01
   6.3100000e+01  -1.1831143e+02  -1.2938971e+01
   6.3200000e+01  -9.3114286e+00  -4.1298971e+01
   6.3300000e+01   6.4688571e+01  -8.2258971e+01
   6.3400000e+01  -4.2311429e+01  -2.1978971e+01
   6.3500000e+01  -1.0531143e+02  -1.4458971e+01
   6.3600000e+01   6.1688571e+01   1.7861029e+01
   6.3700000e+01   3.6885714e+00  -3.8189714e+00
   6.3800000e+01   9.8688571e+01   7.1381029e+01
   6.3900000e+01   5.5688571e+01   2.5101029e+01
   6.4000000e+01   9.4688571e+01   1.1541029e+01
   6.4100000e+01  -5.0311429e+01   1.0341029e+01
   6.4200000e+01   4.2688571e+01  -5.3789714e+00
   6.4300000e+01  -6.3114286e+00   5.9581029e+01
   6.4400000e+01   5.7688571e+01  -7.9789714e+00
   6.4500000e+01   9.3688571e+01  -5.3418971e+01
   6.4600000e+01   8.7688571e+01  -1.1178971e+01
   6.4700000e+01  -7.3114286e+00  -3.0378971e+01
   6.4800000e+01   6.2688571e+01  -5.1789714e+00
   6.4900000e+01   2.2688571e+01   2.6421029e+01
   6.5000000e+01   3.6688571e+01   5.8610286e+00
   6.5100000e+01   3.5688571e+01   6.9010286e+00
   6.5200000e+01   2.7688571e+01  -2.5778971e+01
   6.5300000e+01  -6.0311429e+01  -5.2589714e+00
   6.5400000e+01  -2.8311429e+01  -2.1538971e+01
   6.5500000e+01   8.6688571e+01   9.8610286e+00
   6.5600000e+01   5.5688571e+01   5.1010286e+00
   6.5700000e+01  -3.8311429e+01  -2.5138971e+01
   6.5800000e+01  -3.1311429e+01   5.3581029e+01
   6.5900000e+01  -1.6311429e+01   1.7981029e+01
   6.6000000e+01  -7.3114286e+00   9.6210286e+00
   6.6100000e+01   1.3688571e+01   1.3781029e+01
   6.6200000e+01  -2.3311429e+01  -6.7389714e+00
   6.6300000e+01   5.6688571e+01  -2.2938971e+01
   6.6400000e+01  -3.1142857e-01  -3.9658971e+01
   6.6500000e+01   9.6885714e+00   1.0941029e+01
   6.6600000e+01   2.4688571e+01   3.6341029e+01
   6.6700000e+01  -2.6311429e+01   1.3381029e+01
   6.6800000e+01  -2.3311429e+01  -2.7389714e+00
   6.6900000e+01   3.7688571e+01   9.8210286e+00
   6.7000000e+01   1.6688571e+01  -4.8338971e+01
   6.7100000e+01   2.5688571e+01   3.3010286e+00
   6.7200000e+01   4.3688571e+01  -1.4418971e+01
   6.7300000e+01   8.4688571e+01  -1.0589714e+00
   6.7400000e+01   6.2688571e+01   3.0821029e+01
   6.7500000e+01   6.7688571e+01  -1.3378971e+01
   6.7600000e+01  -4.3311429e+01  -2.6938971e+01
   6.7700000e+01   6.1688571e+01   5.6861029e+01
   6.7800000e+01   2.0688571e+01  -3.1498971e+01
   6.7900000e+01  -2.6311429e+01   5.3810286e+00
   6.8000000e+01   6.8857143e-01  -6.6989714e+00
   6.8100000e+01  -8.6311429e+01  -4.1218971e+01
   6.8200000e+01   4.6885714e+00   4.8141029e+01
   6.8300000e+01  -4.4311429e+01   1.0102857e-01
   6.8400000e+01  -4.4311429e+01   1.8101029e+01
   6.8500000e+01   7.3688571e+01  -5.5618971e+01
   6.8600000e+01   2.2688571e+01   3.3421029e+01
   6.8700000e+01  -3.6311429e+01  -4.0218971e+01
   6.8800000e+01   1.1268857e+02   2.2821029e+01
   6.8900000e+01  -4.2311429e+01  -1.4978971e+01
   6.9000000e+01   3.0688571e+01  -3.3898971e+01
   6.9100000e+01  -3.3114286e+00  -1.0538971e+01
   6.9200000e+01   6.9688571e+01  -2.5458971e+01
   6.9300000e+01   1.7168857e+02   1.8461029e+01
   6.9400000e+01   5.5688571e+01   9.1010286e+00
   6.9500000e+01   4.1688571e+01   2.7661029e+01
   6.9600000e+01  -5.7311429e+01  -1.3378971e+01
   6.9700000e+01  -3.3114286e+00  -4.0538971e+01
   6.9800000e+01   5.3688571e+01  -2.5818971e+01
   6.9900000e+01  -6.3114286e+00   1.3581029e+01
   7.0000000e+01  -9.5311429e+01   3.8141029e+01
   7.0100000e+01   4.6688571e+01  -2.5538971e+01
   7.0200000e+01   1.7688571e+01  -1.4378971e+01
   7.0300000e+01   1.3368857e+02  -2.9018971e+01
   7.0400000e+01   5.8688571e+01  -4.0018971e+01
   7.0500000e+01   1.3688571e+01  -2.2218971e+01
   7.0600000e+01   4.9688571e+01   1.7341029e+01
   7.0700000e+01   1.0768857e+02  -3.7978971e+01
   7.0800000e+01  -1.0311429e+01  -2.2258971e+01
   7.0900000e+01  -1.6311429e+01  -3.0018971e+01
   7.1000000e+01   1.6688571e+01   5.6610286e+00
   7.1100000e+01   6.6885714e+00   4.8061029e+01
   7.1200000e+01  -4.3311429e+01  -1.6938971e+01
   7.1300000e+01  -5.0311429e+01   3.4341029e+01
   7.1400000e+01  -2.2311429e+01  -2.1778971e+01
   7.1500000e+01  -1.6311429e+01  -2.9018971e+01
   7.1600000e+01   1.0168857e+02  -3.9738971e+01
   7.1700000e+01   1.6885714e+00  -4.2738971e+01
   7.1800000e+01   3.6885714e+00   1.8102857e-01
   7.1900000e+01   5.5688571e+01   1.8101029e+01
   7.2000000e+01  -1.0531143e+02  -1.2458971e+01
   7.2100000e+01   1.0688571e+01  -1.9098971e+01
   7.2200000e+01   4.3688571e+01   9.5810286e+00
   7.2300000e+01   8.0688571e+01  -1.5898971e+01
   7.2400000e+01  -1.0931143e+02  -1.0298971e+01
   7.2500000e+01  -9.1311429e+01   3.9981029e+01
   7.2600000e+01  -4.9311429e+01  -6.9897143e-01
   7.2700000e+01   8.6885714e+00  -2.1018971e+01
   7.2800000e+01  -1.4031143e+02  -1.2058971e+01
   7.2900000e+01  -5.6311429e+01  -6.4189714e+00
   7.3000000e+01  -2.3311429e+01   2.0261029e+01
   7.3100000e+01   6.0688571e+01   2.6901029e+01
   7.3200000e+01  -3.1311429e+01  -9.4189714e+00
   7.3300000e+01   4.5688571e+01   1.8501029e+01
   7.3400000e+01   9.7688571e+01   2.0421029e+01
   7.3500000e+01   5.9688571e+01  -3.9058971e+01
   7.3600000e+01  -7.0311429e+01   2.1410286e+00
   7.3700000e+01   1.3688571e+01   1.7781029e+01
   7.3800000e+01   6.7688571e+01  -5.0378971e+01
   7.3900000e+01  -4.3114286e+00  -1.6498971e+01
   7.4000000e+01   3.5688571e+01  -1.2098971e+01
   7.4100000e+01   4.0688571e+01   7.0102857e-01
   7.4200000e+01   1.9688571e+01   3.7541029e+01
   7.4300000e+01  -6.2311429e+01  -3.9178971e+01
   7.4400000e+01   1.0688571e+01  -4.5098971e+01
   7.4500000e+01   6.8857143e-01   1.7301029e+01
   7.4600000e+01  -2.1311429e+01   7.3181029e+01
   7.4700000e+01   3.4688571e+01  -3.7058971e+01
   7.4800000e+01   2.9688571e+01  -7.8589714e+00
   7.4900000e+01   1.1688571e+01  -2.4138971e+01
   7.5000000e+01  -8.9311429e+01  -2.2098971e+01
   7.5100000e+01  -1.0311429e+01  -2.5897143e-01
   7.5200000e+01  -5.2311429e+01  -3.4578971e+01
   7.5300000e+01  -3.7311429e+01   2.8210286e+00
   7.5400000e+01  -2.6311429e+01   5.6381029e+01
   7.5500000e+01   5.0688571e+01  -1.8698971e+01
   7.5600000e+01   6.6688571e+01   4.6610286e+00
   7.5700000e+01  -7.1311429e+01  -9.8189714e+00
   7.5800000e+01  -2.0311429e+01   5.9141029e+01
   7.5900000e+01  -8.4311429e+01  -5.2298971e+01
   7.6000000e+01  -3.8311429e+01  -1.9138971e+01
   7.6100000e+01  -1.6311429e+01   2.4981029e+01
   7.6200000e+01  -1.6311429e+01  -6.0189714e+00
   7.6300000e+01   6.6885714e+00  -3.6938971e+01
   7.6400000e+01  -1.9311429e+01  -1.8989714e+00
   7.6500000e+01   2.1688571e+01  -1.3538971e+01
   7.6600000e+01  -4.8311429e+01  -1.7389714e+00
   7.6700000e+01   1.0768857e+02   1.3021029e+01
   7.6800000e+01   3.9688571e+01  -6.2258971e+01
   7.6900000e+01  -5.8311429e+01  -6.0338971e+01
   7.7000000e+01  -6.8311429e+01  -3.9938971e+01
   7.7100000e+01   1.9688571e+01  -2.7458971e+01
   7.7200000e+01  -9.2311429e+01  -2.9978971e+01
   7.7300000e+01  -8.8311429e+01  -4.2138971e+01
   7.7400000e+01   1.0268857e+02   1.2210286e+00
   7.7500000e+01   1.1688571e+01   4.5861029e+01
   7.7600000e+01  -8.3114286e+00  -2.3338971e+01
   7.7700000e+01  -3.6311429e+01   8.7810286e+00
   7.7800000e+01  -1.6311429e+01  -6.7018971e+01
   7.7900000e+01  -5.6311429e+01  -2.6418971e+01
   7.8000000e+01   7.8688571e+01   3.4181029e+01
   7.8100000e+01  -8.1311429e+01  -1.4418971e+01
   7.8200000e+01  -3.2311429e+01   5.3621029e+01
   7.8300000e+01   7.0688571e+01  -1.4498971e+01
   7.8400000e+01  -2.1311429e+01   2.1181029e+01
   7.8500000e+01  -6.2311429e+01   3.6821029e+01
   7.8600000e+01   5.7688571e+01   2.1028571e-02
   7.8700000e+01   2.5688571e+01  -3.9698971e+01
   7.8800000e+01  -9.8311429e+01   5.5261029e+01
   7.8900000e+01   4.0688571e+01   3.8701029e+01
   7.9000000e+01   1.6688571e+01   4.4661029e+01
   7.9100000e+01   7.8688571e+01  -3.3818971e+01
   7.9200000e+01  -3.0311429e+01  -5.5458971e+01
   7.9300000e+01  -7.4311429e+01  -5.0698971e+01
   7.9400000e+01  -2.3114286e+00   5.5421029e+01
   7.9500000e+01  -1.4311429e+01  -7.8098971e+01
   7.9600000e+01   1.0668857e+02   4.6061029e+01
   7.9700000e+01   5.6885714e+00  -1.4898971e+01
   7.9800000e+01   2.7688571e+01  -3.1778971e+01
   7.9900000e+01  -8.5311429e+01   1.0741029e+01
   8.0000000e+01  -2.6311429e+01   1.3810286e+00
   8.0100000e+01   1.2868857e+02   1.3181029e+01
   8.0200000e+01  -6.5311429e+01  -1.5058971e+01
   8.0300000e+01  -6.3311429e+01   2.7861029e+01
   8.0400000e+01  -9.9311429e+01   9.3010286e+00
   8.0500000e+01  -2.4311429e+01   1.1301029e+01
   8.0600000e+01  -5.8311429e+01   1.7661029e+01
   8.0700000e+01   1.2968857e+02   1.6141029e+01
   8.0800000e+01  -4.1311429e+01   3.8981029e+01
   8.0900000e+01   1.1688571e+01  -2.1138971e+01
   8.1000000e+01   4.6688571e+01  -2.3538971e+01
   8.1100000e+01  -1.0311429e+01   7.7410286e+00
   8.1200000e+01  -1.8311429e+01  -4.0938971e+01
   8.1300000e+01  -6.2311429e+01  -4.1789714e+00
   8.1400000e+01   1.7688571e+01  -7.3789714e+00
   8.1500000e+01   1.0668857e+02  -4.9389714e+00
   8.1600000e+01  -3.4311429e+01  -1.0298971e+01
   8.1700000e+01  -2.0311429e+01   1.1410286e+00
   8.1800000e+01   8.6688571e+01  -3.2138971e+01
   8.1900000e+01  -2.8311429e+01   2.1461029e+01
   8.2000000e+01   4.6885714e+00  -3.8858971e+01
   8.2100000e+01  -1.0231143e+02   3.2421029e+01
   8.2200000e+01   9.4688571e+01  -5.6458971e+01
   8.2300000e+01  -5.1311429e+01  -1.7618971e+01
   8.2400000e+01   8.6688571e+01  -3.9138971e+01
   8.2500000e+01   4.2688571e+01   1.5621029e+01
   8.2600000e+01  -2.2311429e+01  -7.7897143e-01
   8.2700000e+01   1.8688571e+01  -4.1418971e+01
   8.2800000e+01   6.8857143e-01  -1.3698971e+01
   8.2900000e+01  -4.9311429e+01   3.0102857e-01
   8.3000000e+01  -7.9311429e+01   4.8501029e+01
   8.3100000e+01  -3.9311429e+01  -2.4098971e+01
   8.3200000e+01  -1.1231143e+02   4.9821029e+01
   8.3300000e+01   5.9688571e+01   2.0941029e+01
   8.3400000e+01  -3.8311429e+01   4.4861029e+01
   8.3500000e+01  -4.3311429e+01   1.1061029e+01
   8.3600000e+01  -8.3114286e+00  -7.0338971e+01
   8.3700000e+01   1.1768857e+02  -2.9378971e+01
   8.3800000e+01  -2.2311429e+01   3.3221029e+01
   8.3900000e+01   8.5688571e+01  -3.9098971e+01
   8.4000000e+01   3.5688571e+01  -2.3098971e+01
   8.4100000e+01   9.7688571e+01  -3.6578971e+01
   8.4200000e+01  -5.3114286e+00   4.2541029e+01
   8.4300000e+01   3.4688571e+01  -3.0058971e+01
   8.4400000e+01  -5.7311429e+01  -5.1378971e+01
   8.4500000e+01   2.2688571e+01  -3.0578971e+01
   8.4600000e+01   2.6688571e+01   1.0261029e+01
   8.4700000e+01  -5.3311429e+01  -2.4538971e+01
   8.4800000e+01  -2.7311429e+01  -4.5578971e+01
   8.4900000e+01  -3.9311429e+01  -1.5098971e+01
   8.5000000e+01  -6.5311429e+01  -3.1058971e+01
   8.5100000e+01  -8.0311429e+01  -5.4589714e+00
   8.5200000e+01  -4.5311429e+01   3.2141029e+01
   8.5300000e+01  -1.0831143e+02  -4.3338971e+01
   8.5400000e+01  -1.5231143e+02  -4.9578971e+01
   8.5500000e+01  -2.4311429e+01  -1.7698971e+01
   8.5600000e+01  -2.9311429e+01  -4.0498971e+01
   8.5700000e+01  -3.9311429e+01  -3.1098971e+01
   8.5800000e+01  -7.0311429e+01   1.4141029e+01
   8.5900000e+01   5.9688571e+01   1.9410286e+00
   8.6000000e+01   5.6885714e+00  -6.3898971e+01
   8.6100000e+01  -1.8311429e+01   1.0061029e+01
   8.6200000e+01  -2.1311429e+01   1.0181029e+01
   8.6300000e+01  -1.6311429e+01   7.9981029e+01
   8.6400000e+01  -7.3114286e+00   9.6210286e+00
   8.6500000e+01  -1.3114286e+00   4.3381029e+01
   8.6600000e+01  -9.6311429e+01   1.1181029e+01
   8.6700000e+01   5.4688571e+01   1.8141029e+01
   8.6800000e+01   3.7688571e+01  -3.1178971e+01
   8.6900000e+01  -1.9311429e+01   2.1101029e+01
   8.7000000e+01   1.3368857e+02   2.8981029e+01
   8.7100000e+01  -4.3311429e+01   4.2061029e+01
   8.7200000e+01  -1.0431143e+02   6.0501029e+01
   8.7300000e+01  -6.6311429e+01   2.9810286e+00
   8.7400000e+01  -3.9311429e+01  -1.3098971e+01
   8.7500000e+01  -4.7311429e+01  -3.8778971e+01
   8.7600000e+01  -2.7311429e+01   1.9421029e+01
   8.7700000e+01   3.7688571e+01  -2.3178971e+01
   8.7800000e+01  -6.5311429e+01   9.4102857e-01
   8.7900000e+01   4.1688571e+01   1.6661029e+01
   8.8000000e+01  -8.3114286e+00   3.0661029e+01
   8.8100000e+01   8.0688571e+01  -2.6898971e+01
   8.8200000e+01  -4.3114286e+00   5.0501029e+01
   8.8300000e+01   1.0688571e+01  -1.8098971e+01
   8.8400000e+01   4.0688571e+01   1.2701029e+01
   8.8500000e+01   4.7688571e+01  -2.5789714e+00
   8.8600000e+01  -9.3114286e+00   6.7010286e+00
   8.8700000e+01  -1.9311429e+01   5.8101029e+01
   8.8800000e+01  -3.3114286e+00   2.2461029e+01
   8.8900000e+01   3.0688571e+01  -4.3898971e+01
   8.9000000e+01   9.8688571e+01  -5.3618971e+01
   8.9100000e+01  -6.3114286e+00   5.8102857e-01
   8.9200000e+01   1.6688571e+01   3.9661029e+01
   8.9300000e+01   1.9688571e+01  -3.6458971e+01
   8.9400000e+01   1.6885714e+00   2.1261029e+01
   8.9500000e+01  -3.6311429e+01  -1.2218971e+01
   8.9600000e+01  -7.2311429e+01  -3.0778971e+01
   8.9700000e+01  -1.0311429e+01   2.0741029e+01
   8.9800000e+01  -4.0311429e+01   4.7941029e+01
   8.9900000e+01  -1.4311429e+01   7.9901029e+01
   9.0000000e+01  -1.0311429e+01  -1.5258971e+01
   9.0100000e+01  -9.4311429e+01  -3.8989714e+00
   9.0200000e+01   1.9688571e+01  -2.8458971e+01
   9.0300000e+01  -4.1311429e+01  -1.8971429e-02
   9.0400000e+01  -8.4311429e+01   4.7010286e+00
   9.0500000e+01  -8.2311429e+01   4.6210286e+00
   9.0600000e+01  -9.3114286e+00  -8.2989714e+00
   9.0700000e+01   4.3688571e+01   2.7581029e+01
   9.0800000e+01  -9.3311429e+01   1.5061029e+01
   9.0900000e+01  -1.1231143e+02  -8.1789714e+00
   9.1000000e+01  -6.8311429e+01  -6.1938971e+01
   9.1100000e+01   1.1068857e+02  -1.6098971e+01
   9.1200000e+01   1.0468857e+02  -5.8589714e+00
   9.1300000e+01   6.8857143e-01   7.3010286e+00
   9.1400000e+01  -3.7311429e+01  -2.1178971e+01
   9.1500000e+01   3.2688571e+01  -2.4978971e+01
   9.1600000e+01  -4.1311429e+01   1.0981029e+01
   9.1700000e+01   3.1688571e+01  -3.0938971e+01
   9.1800000e+01  -1.2311429e+01   7.8210286e+00
   9.1900000e+01  -5.1311429e+01   8.9381029e+01
   9.2000000e+01  -9.3311429e+01  -2.1938971e+01
   9.2100000e+01   3.2688571e+01  -1.9789714e+00
   9.2200000e+01  -8.1311429e+01   4.7581029e+01
   9.2300000e+01  -2.1311429e+01   3.6181029e+01
   9.2400000e+01  -1.2311429e+01   5.0821029e+01
   9.2500000e+01  -3.2311429e+01   2.3621029e+01
   9.2600000e+01   1.4688571e+01  -5.7258971e+01
   9.2700000e+01  -4.3114286e+00  -6.5498971e+01
   9.2800000e+01   5.9688571e+01  -1.6058971e+01
   9.2900000e+01  -6.0311429e+01  -4.1258971e+01
   9.3000000e+01   2.6885714e+00  -1.9778971e+01
   9.3100000e+01   2.1688571e+01  -1.3538971e+01
   9.3200000e+01   7.4688571e+01   2.8341029e+01
   9.3300000e+01   3.6885714e+00   2.3181029e+01
   9.3400000e+01   8.2688571e+01   3.3021029e+01
   9.3500000e+01  -6.1311429e+01  -3.4218971e+01
   9.3600000e+01   1.8688571e+01  -2.0418971e+01
   9.3700000e+01  -3.1142857e-01  -9.6589714e+00
   9.3800000e+01  -3.1142857e-01  -1.7658971e+01
   9.3900000e+01  -1.6311429e+01  -2.0018971e+01
   9.4000000e+01  -1.3311429e+01   8.8861029e+01
   9.4100000e+01   2.1868857e+02   2.4581029e+01
   9.4200000e+01  -1.1311429e+01   7.1781029e+01
   9.4300000e+01  -6.0311429e+01  -4.2258971e+01
   9.4400000e+01  -2.0311429e+01   2.2141029e+01
   9.4500000e+01  -2.7311429e+01  -5.5789714e+00
   9.4600000e+01   1.6688571e+01   1.1661029e+01
   9.4700000e+01   5.0688571e+01   3.6301029e+01
   9.4800000e+01   9.6885714e+00  -8.0589714e+00
   9.4900000e+01   5.6688571e+01   2.0610286e+00
   9.5000000e+01  -1.5311429e+01   1.8941029e+01
   9.5100000e+01  -2.4311429e+01   2.3301029e+01
   9.5200000e+01   2.4368857e+02  -1.4418971e+01
   9.5300000e+01  -2.5311429e+01  -2.8658971e+01
   9.5400000e+01  -4.9311429e+01  -6.9897143e-01
   9.5500000e+01  -5.1311429e+01  -2.8618971e+01
   9.5600000e+01  -8.2311429e+01   1.4621029e+01
   9.5700000e+01  -9.6311429e+01  -1.8818971e+01
   9.5800000e+01  -2.3311429e+01   7.2610286e+00
   9.5900000e+01  -4.3114286e+00  -3.5498971e+01
   9.6000000e+01  -5.3311429e+01  -2.4538971e+01
   9.6100000e+01  -2.5311429e+01  -4.3658971e+01
   9.6200000e+01  -1.5311429e+01  -1.5058971e+01
   9.6300000e+01   6.8857143e-01   5.0301029e+01
   9.6400000e+01  -3.0311429e+01  -2.4458971e+01
   9.6500000e+01   8.9688571e+01  -2.2589714e+00
   9.6600000e+01  -2.7311429e+01   1.8421029e+01
   9.6700000e+01   5.5688571e+01   1.7101029e+01
   9.6800000e+01  -1.0311429e+01   5.2741029e+01
   9.6900000e+01  -2.0311429e+01   1.4102857e-01
   9.7000000e+01  -4.3311429e+01   6.7061029e+01
   9.7100000e+01  -4.7311429e+01   5.2210286e+00
   9.7200000e+01   1.3688571e+01   4.9781029e+01
   9.7300000e+01   1.2468857e+02   1.2341029e+01
   9.7400000e+01   6.8688571e+01   5.8102857e-01
   9.7500000e+01  -1.4311429e+01   1.0901029e+01
   9.7600000e+01   1.3068857e+02  -2.5898971e+01
   9.7700000e+01  -8.4311429e+01   7.0102857e-01
   9.7800000e+01  -2.0311429e+01   3.7141029e+01
   9.7900000e+01  -4.0311429e+01   7.9410286e+00
   9.8000000e+01  -4.7311429e+01  -8.7789714e+00
   9.8100000e+01  -8.2311429e+01   1.1621029e+01
   9.8200000e+01  -6.9311429e+01  -2.2898971e+01
   9.8300000e+01  -1.2311429e+01  -1.4178971e+01
   9.8400000e+01  -1.0431143e+02  -2.7498971e+01
   9.8500000e+01   3.3688571e+01   2.8981029e+01
   9.8600000e+01   1.1688571e+01   3.1861029e+01
   9.8700000e+01  -1.1831143e+02   5.5061029e+01
   9.8800000e+01  -1.5311429e+01  -1.8058971e+01
   9.8900000e+01  -4.9311429e+01   3.2301029e+01
   9.9000000e+01  -7.3114286e+00  -1.2378971e+01
   9.9100000e+01   1.2368857e+02   1.0381029e+01
   9.9200000e+01   5.6688571e+01  -1.8938971e+01
   9.9300000e+01   5.4688571e+01  -1.6858971e+01
   9.9400000e+01  -5.9311429e+01  -1.9298971e+01
   9.9500000e+01   8.8688571e+01   1.9781029e+01
   9.9600000e+01   7.3688571e+01  -3.6189714e+00
   9.9700000e+01  -2.5311429e+01  -8.6589714e+00
   9.9800000e+01  -2.5311429e+01   6.3410286e+00
   9.9900000e+01  -3.9311429e+01  -2.1098971e+01
   1.0000000e+02  -2.0311429e+01   2.2141029e+01
   1.0010000e+02  -2.1311429e+01  -2.8818971e+01
   1.0020000e+02  -3.7311429e+01  -4.5178971e+01
   1.0030000e+02  -2.3311429e+01  -6.7389714e+00
   1.0040000e+02  -5.4311429e+01   1.9501029e+01
   1.0050000e+02   6.6688571e+01  -3.6338971e+01
   1.0060000e+02  -1.4311429e+01  -4.3098971e+01
   1.0070000e+02   1.4688571e+01   3.1741029e+01
   1.0080000e+02  -7.3114286e+00   5.4621029e+01
   1.0090000e+02   2.2688571e+01   2.5421029e+01
   1.0100000e+02   4.6885714e+00  -1.1858971e+01
   1.0110000e+02   2.1688571e+01  -2.9538971e+01
   1.0120000e+02  -1.3114286e+00  -1.3618971e+01
   1.0130000e+02   8.9688571e+01  -4.1258971e+01
   1.0140000e+02  -8.3311429e+01   1.1661029e+01
   1.0150000e+02   5.2688571e+01  -2.2778971e+01
   1.0160000e+02   4.6885714e+00  -2.0858971e+01
   1.0170000e+02   2.9688571e+01  -3.3858971e+01
   1.0180000e+02  -5.3311429e+01   4.6102857e-01
   1.0190000e+02   1.5688571e+01  -2.1298971e+01
   1.0200000e+02   9.7688571e+01   1.1421029e+01
   1.0210000e+02   8.1688571e+01   4.6061029e+01
   1.0220000e+02   1.7688571e+01   7.6210286e+00
   1.0230000e+02  -7.3114286e+00  -1.6378971e+01
   1.0240000e+02   1.4688571e+01   6.7410286e+00
   1.0250000e+02  -2.4311429e+01   4.3301029e+01
   1.0260000e+02  -2.1311429e+01  -2.5818971e+01
   1.0270000e+02  -3.3114286e+00  -3.7538971e+01
   1.0280000e+02   7.6885714e+00   2.1021029e+01
   1.0290000e+02   6.8857143e-01  -3.7698971e+01
   1.0300000e+02  -2.3114286e+00   6.7421029e+01
   1.0310000e+02   9.9688571e+01  -6.2658971e+01
   1.0320000e+02  -2.1311429e+01   1.9181029e+01
   1.0330000e+02   2.5688571e+01  -1.7698971e+01
   1.0340000e+02   9.3688571e+01  -1.5418971e+01
   1.0350000e+02   1.0688571e+01   4.9010286e+00
   1.0360000e+02  -3.9311429e+01  -1.5098971e+01
   1.0370000e+02  -1.3114286e+00   1.4381029e+01
   1.0380000e+02  -7.4311429e+01  -1.2698971e+01
   1.0390000e+02  -3.1311429e+01   2.7581029e+01
   1.0400000e+02   1.9688571e+01  -4.4458971e+01
   1.0410000e+02  -3.4311429e+01  -2.1298971e+01
   1.0420000e+02  -3.1142857e-01  -6.5897143e-01
   1.0430000e+02   7.1688571e+01   3.9461029e+01
   1.0440000e+02  -4.1311429e+01   9.9810286e+00
   1.0450000e+02  -6.3311429e+01   4.1861029e+01
   1.0460000e+02  -4.7311429e+01  -4.2778971e+01
   1.0470000e+02   2.9688571e+01   1.4141029e+01
   1.0480000e+02  -7.7311429e+01  -3.1578971e+01
   1.0490000e+02   2.7688571e+01  -2.3778971e+01
   1.0500000e+02   7.6688571e+01  -2.4738971e+01
   1.0510000e+02  -2.4311429e+01   1.1530103e+02
   1.0520000e+02   2.1688571e+01  -1.4538971e+01
   1.0530000e+02   9.0688571e+01   3.2701029e+01
   1.0540000e+02  -5.8311429e+01   1.6610286e+00
   1.0550000e+02   1.8868857e+02  -3.0218971e+01
   1.0560000e+02   1.2868857e+02   3.9181029e+01
   1.0570000e+02  -4.3311429e+01   4.8061029e+01
   1.0580000e+02   9.4688571e+01  -2.4458971e+01
   1.0590000e+02  -4.2311429e+01   5.8021029e+01
   1.0600000e+02  -2.3311429e+01   1.5261029e+01
   1.0610000e+02  -4.7311429e+01   9.2221029e+01
   1.0620000e+02  -1.4311429e+01   8.3901029e+01
   1.0630000e+02   2.7688571e+01  -1.7778971e+01
   1.0640000e+02   5.8688571e+01  -2.0018971e+01
   1.0650000e+02  -5.1311429e+01  -6.1897143e-01
   1.0660000e+02   4.6885714e+00  -4.0858971e+01
   1.0670000e+02   2.3688571e+01  -4.1618971e+01
   1.0680000e+02   7.1688571e+01  -5.5538971e+01
   1.0690000e+02  -3.6311429e+01   1.8781029e+01
   1.0700000e+02  -2.0311429e+01  -3.8589714e+00
   1.0710000e+02  -9.3114286e+00   4.7701029e+01
   1.0720000e+02  -5.3114286e+00   3.2541029e+01
   1.0730000e+02   4.8688571e+01   5.9381029e+01
   1.0740000e+02  -6.3311429e+01  -3.3138971e+01
   1.0750000e+02  -9.1311429e+01   1.9810286e+00
   1.0760000e+02   1.1068857e+02   1.1901029e+01
   1.0770000e+02   1.0268857e+02  -1.7789714e+00
   1.0780000e+02   7.3688571e+01   1.7381029e+01
   1.0790000e+02   1.0568857e+02  -8.8989714e+00
   1.0800000e+02  -5.3311429e+01   3.7461029e+01
   1.0810000e+02  -2.5311429e+01   1.3410286e+00
   1.0820000e+02  -9.9311429e+01  -4.4698971e+01
   1.0830000e+02  -7.2311429e+01   4.1221029e+01
   1.0840000e+02  -1.3311429e+01  -3.4138971e+01
   1.0850000e+02   3.0688571e+01   1.1101029e+01
   1.0860000e+02  -1.4311429e+01  -3.3098971e+01
   1.0870000e+02  -5.9311429e+01  -7.2989714e+00
   1.0880000e+02  -1.0431143e+02  -3.6498971e+01
   1.0890000e+02  -4.2311429e+01  -1.2978971e+01
   1.0900000e+02  -5.8311429e+01  -2.3338971e+01
   1.0910000e+02   8.9688571e+01  -2.8258971e+01
   1.0920000e+02  -1.0311429e+01  -4.3258971e+01
   1.0930000e+02  -4.8311429e+01   3.3261029e+01
   1.0940000e+02  -1.6311429e+01  -2.0018971e+01
   1.0950000e+02  -1.3311429e+01  -4.2138971e+01
   1.0960000e+02  -1.2731143e+02  -5.1578971e+01
   1.0970000e+02   3.6688571e+01  -1.0138971e+01
   1.0980000e+02   8.7688571e+01   3.3821029e+01
   1.0990000e+02  -5.6311429e+01  -3.6418971e+01
   1.1000000e+02  -3.3311429e+01  -2.6338971e+01
   1.1010000e+02  -5.0311429e+01   5.2341029e+01
   1.1020000e+02  -2.7311429e+01   1.7421029e+01
   1.1030000e+02   4.1688571e+01   1.9661029e+01
   1.1040000e+02  -7.2311429e+01   1.6221029e+01
   1.1050000e+02  -8.4311429e+01  -5.2989714e+00
   1.1060000e+02   7.7688571e+01  -4.5778971e+01
   1.1070000e+02  -1.3114286e+00  -4.5618971e+01
   1.1080000e+02  -1.3311429e+01   4.1861029e+01
   1.1090000e+02  -1.2311429e+01  -7.1789714e+00
   1.1100000e+02  -8.1311429e+01  -2.4418971e+01
   1.1110000e+02  -9.4311429e+01  -4.3898971e+01
   1.1120000e+02  -9.3114286e+00   2.3701029e+01
   1.1130000e+02  -6.6311429e+01   3.2981029e+01
   1.1140000e+02  -3.4311429e+01  -3.3298971e+01
   1.1150000e+02  -7.5311429e+01  -3.6589714e+00
   1.1160000e+02   5.2688571e+01  -1.4778971e+01
   1.1170000e+02   4.1688571e+01   1.1661029e+01
   1.1180000e+02   1.2688571e+01   4.7821029e+01
   1.1190000e+02   4.5688571e+01   1.0501029e+01
   1.1200000e+02  -5.6311429e+01   8.5810286e+00
   1.1210000e+02  -7.3114286e+00  -7.3789714e+00
   1.1220000e+02  -4.3311429e+01  -2.0938971e+01
   1.1230000e+02   6.6885714e+00  -2.5938971e+01
   1.1240000e+02   8.5688571e+01  -2.7098971e+01
   1.1250000e+02   3.4688571e+01   1.9941029e+01
   1.1260000e+02  -3.2311429e+01  -8.3789714e+00
   1.1270000e+02   1.1068857e+02   5.4901029e+01
   1.1280000e+02   5.0688571e+01   5.3010286e+00
   1.1290000e+02   5.2688571e+01   3.2221029e+01
   1.1300000e+02   3.3688571e+01  -2.3018971e+01
   1.1310000e+02   9.1688571e+01  -3.3338971e+01
   1.1320000e+02   9.6885714e+00   2.4941029e+01
   1.1330000e+02   1.0868857e+02   3.0981029e+01
   1.1340000e+02  -6.4311429e+01   2.0901029e+01
   1.1350000e+02   8.0688571e+01  -4.2898971e+01
   1.1360000e+02  -7.4311429e+01   1.2301029e+01
   1.1370000e+02   1.0168857e+02   6.3261029e+01
   1.1380000e+02   5.2688571e+01  -2.2778971e+01
   1.1390000e+02   2.4688571e+01  -2.9658971e+01
   1.1400000e+02   5.6885714e+00  -3.5898971e+01
   1.1410000e+02   4.6688571e+01   1.2461029e+01
   1.1420000e+02  -3.9311429e+01   3.1901029e+01
   1.1430000e+02   6.8688571e+01  -1.4418971e+01
   1.1440000e+02   1.7688571e+01  -3.0378971e+01
   1.1450000e+02  -2.8311429e+01   9.4610286e+00
   1.1460000e+02  -1.1331143e+02   9.7861029e+01
   1.1470000e+02   8.0688571e+01  -2.2898971e+01
   1.1480000e+02  -3.3114286e+00   5.0461029e+01
   1.1490000e+02   1.1368857e+02   6.5781029e+01
   1.1500000e+02  -2.1311429e+01   1.5181029e+01
   1.1510000e+02  -5.2311429e+01  -5.2578971e+01
   1.1520000e+02   1.0368857e+02   4.5181029e+01
   1.1530000e+02  -1.9311429e+01   1.2101029e+01
   1.1540000e+02   1.0168857e+02  -2.4738971e+01
   1.1550000e+02   2.4688571e+01  -1.6658971e+01
   1.1560000e+02  -3.3114286e+00   1.0461029e+01
   1.1570000e+02  -8.3114286e+00   3.6610286e+00
   1.1580000e+02  -4.5311429e+01  -3.2858971e+01
   1.1590000e+02  -2.0311429e+01  -6.0858971e+01
   1.1600000e+02   1.7688571e+01  -1.1378971e+01
   1.1610000e+02  -4.5311429e+01   1.1410286e+00
   1.1620000e+02  -1.6311429e+01  -1.4018971e+01
   1.1630000e+02  -4.9311429e+01  -6.9897143e-01
   1.1640000e+02   5.3688571e+01  -4.3818971e+01
   1.1650000e+02  -6.6311429e+01  -2.2018971e+01
   1.1660000e+02  -2.4311429e+01  -3.5698971e+01
   1.1670000e+02   4.1688571e+01   1.6661029e+01
   1.1680000e+02  -2.8311429e+01  -6.5389714e+00
   1.1690000e+02   2.3688571e+01   8.3810286e+00
   1.1700000e+02  -9.3311429e+01   1.2061029e+01
   1.1710000e+02   7.6885714e+00   5.0210286e+00
   1.1720000e+02   6.9688571e+01   1.1154103e+02
   1.1730000e+02  -7.6311429e+01  -1.2618971e+01
   1.1740000e+02  -3.3311429e+01  -5.3338971e+01
   1.1750000e+02  -3.3114286e+00   1.4610286e+00
   1.1760000e+02   1.1868857e+02  -8.4189714e+00
   1.1770000e+02  -9.3114286e+00  -4.3298971e+01
   1.1780000e+02  -5.5311429e+01   3.4541029e+01
   1.1790000e+02  -7.6311429e+01  -1.5618971e+01
   1.1800000e+02  -3.3311429e+01  -1.0338971e+01
   1.1810000e+02   8.0688571e+01   2.2101029e+01
   1.1820000e+02  -7.2311429e+01   8.7221029e+01
   1.1830000e+02  -4.5311429e+01  -1.8858971e+01
   1.1840000e+02   1.1688571e+01  -3.7138971e+01
   1.1850000e+02  -1.2311429e+01   6.5821029e+01
   1.1860000e+02   5.2688571e+01   9.2210286e+00
   1.1870000e+02   9.6885714e+00  -2.3058971e+01
   1.1880000e+02  -3.2311429e+01   2.7621029e+01
   1.1890000e+02   1.5688571e+01   1.1701029e+01
   1.1900000e+02  -6.9311429e+01   2.1010286e+00
   1.1910000e+02  -3.7311429e+01   8.2102857e-01
   1.1920000e+02   3.7688571e+01   4.8821029e+01
   1.1930000e+02   6.8857143e-01  -2.8698971e+01
   1.1940000e+02   7.6688571e+01   4.8261029e+01
   1.1950000e+02  -2.4311429e+01  -2.7698971e+01
   1.1960000e+02  -8.3114286e+00   1.2661029e+01
   1.1970000e+02  -7.7311429e+01   1.0421029e+01
   1.1980000e+02   1.9688571e+01  -1.4458971e+01
   1.1990000e+02   1.2688571e+01  -7.1789714e+00
   1.2000000e+02   1.4688571e+01   9.8741029e+01
   1.2010000e+02  -2.2311429e+01   1.5221029e+01
   1.2020000e+02  -3.1311429e+01  -6.4418971e+01
   1.2030000e+02   1.1068857e+02   7.1901029e+01
   1.2040000e+02   4.4688571e+01   6.5410286e+00
   1.2050000e+02  -9.9311429e+01  -1.8698971e+01
   1.2060000e+02   5.4688571e+01  -4.8589714e+00
   1.2070000e+02   2.1068857e+02   1.4901029e+01
   1.2080000e+02  -6.4311429e+01  -4.7098971e+01
   1.2090000e+02   1.1688571e+01   7.2861029e+01
   1.2100000e+02   1.1068857e+02   7.9010286e+00
   1.2110000e+02  -6.3311429e+01  -6.1389714e+00
   1.2120000e+02  -2.2311429e+01  -7.0778971e+01
   1.2130000e+02   7.7688571e+01  -2.7789714e+00
   1.2140000e+02  -1.4311429e+01  -1.3098971e+01
   1.2150000e+02  -1.2311429e+01  -3.6178971e+01
   1.2160000e+02  -2.9311429e+01  -2.4498971e+01
   1.2170000e+02  -4.3311429e+01  -2.3938971e+01
   1.2180000e+02   4.3688571e+01   1.0581029e+01
   1.2190000e+02  -1.3114286e+00   4.1381029e+01
   1.2200000e+02   2.6688571e+01   5.6261029e+01
   1.2210000e+02  -1.0311429e+01  -4.3258971e+01
   1.2220000e+02   3.3688571e+01  -4.0018971e+01
   1.2230000e+02   4.1688571e+01  -3.0338971e+01
   1.2240000e+02  -2.3114286e+00  -1.8578971e+01
   1.2250000e+02  -3.8311429e+01  -2.3138971e+01
   1.2260000e+02   3.7688571e+01   3.8210286e+00
   1.2270000e+02   3.2688571e+01   2.1021029e+01
   1.2280000e+02   4.3688571e+01   1.2581029e+01
   1.2290000e+02  -2.0311429e+01  -4.1858971e+01
   1.2300000e+02   1.1968857e+02   7.7541029e+01
   1.2310000e+02  -8.3311429e+01  -1.6338971e+01
   1.2320000e+02  -3.3311429e+01   5.2661029e+01
   1.2330000e+02   4.1688571e+01   4.8661029e+01
   1.2340000e+02  -5.0311429e+01   1.1341029e+01
   1.2350000e+02  -3.0311429e+01  -2.8458971e+01
   1.2360000e+02   8.6885714e+00   1.9981029e+01
   1.2370000e+02   6.2688571e+01  -2.9178971e+01
   1.2380000e+02  -8.1311429e+01   6.4581029e+01
   1.2390000e+02   1.3868857e+02  -1.8218971e+01
   1.2400000e+02  -4.0311429e+01   2.1941029e+01
   1.2410000e+02   1.6688571e+01   2.9661029e+01
   1.2420000e+02   5.9688571e+01   4.9410286e+00
   1.2430000e+02   2.6688571e+01   7.3261029e+01
   1.2440000e+02   1.1688571e+01   4.8610286e+00
   1.2450000e+02   6.6688571e+01   5.9661029e+01
   1.2460000e+02  -5.3114286e+00  -2.8458971e+01
   1.2470000e+02   1.6885714e+00  -2.7389714e+00
   1.2480000e+02   1.5688571e+01  -4.4298971e+01
   1.2490000e+02   2.9688571e+01  -2.6858971e+01
   1.2500000e+02   1.6885714e+00   7.8261029e+01
   1.2510000e+02  -9.8311429e+01  -7.3897143e-01
   1.2520000e+02   5.8688571e+01  -1.8971429e-02
   1.2530000e+02   2.1688571e+01  -4.0538971e+01
   1.2540000e+02   7.6885714e+00   9.0210286e+00
   1.2550000e+02   4.8688571e+01   1.6381029e+01
   1.2560000e+02  -8.3114286e+00  -3.6338971e+01
   1.2570000e+02  -3.1142857e-01  -1.3658971e+01
   1.2580000e+02  -9.2311429e+01  -1.3978971e+01
   1.2590000e+02  -5.3114286e+00   1.6541029e+01
   1.2600000e+02  -4.4311429e+01   1.8101029e+01
   1.2610000e+02   4.6688571e+01   3.0461029e+01
   1.2620000e+02  -1.8311429e+01   1.3061029e+01
   1.2630000e+02  -2.3114286e+00  -1.8578971e+01
   1.2640000e+02   3.0688571e+01   3.1010286e+00
   1.2650000e+02   5.3688571e+01   2.9181029e+01
   1.2660000e+02  -4.7311429e+01   1.0221029e+01
   1.2670000e+02  -7.1311429e+01  -1.1818971e+01
   1.2680000e+02  -4.9311429e+01   1.8301029e+01
   1.2690000e+02  -2.3114286e+00  -5.4578971e+01
   1.2700000e+02   4.2688571e+01  -2.1378971e+01
   1.2710000e+02  -4.3114286e+00   9.4501029e+01
   1.2720000e+02   2.8688571e+01   2.7181029e+01
   1.2730000e+02   7.0688571e+01  -2.1498971e+01
   1.2740000e+02   5.3688571e+01   1.0181029e+01
   1.2750000e+02  -3.5311429e+01   2.7410286e+00
   1.2760000e+02  -2.3311429e+01  -2.7389714e+00
   1.2770000e+02  -6.7311429e+01   5.0021029e+01
   1.2780000e+02  -4.4311429e+01  -3.8989714e+00
   1.2790000e+02  -1.3311429e+01  -1.3897143e-01
   1.2800000e+02  -5.5311429e+01   2.1541029e+01
   1.2810000e+02  -3.8311429e+01   1.4861029e+01
   1.2820000e+02   1.2688571e+01  -2.2178971e+01
   1.2830000e+02  -5.7311429e+01  -2.3789714e+00
   1.2840000e+02  -4.6311429e+01   2.5181029e+01
   1.2850000e+02   4.5688571e+01   5.0501029e+01
   1.2860000e+02   4.3688571e+01   7.1581029e+01
   1.2870000e+02  -2.6311429e+01   1.8381029e+01
   1.2880000e+02   1.8688571e+01  -5.4418971e+01
   1.2890000e+02  -1.4311429e+01  -2.2098971e+01
   1.2900000e+02   8.6688571e+01   2.1861029e+01
   1.2910000e+02   6.6688571e+01   3.6610286e+00
   1.2920000e+02   3.6885714e+00   9.1810286e+00
   1.2930000e+02   3.5688571e+01  -1.1098971e+01
   1.2940000e+02   6.8857143e-01   9.1301029e+01
   1.2950000e+02   2.3688571e+01   4.4381029e+01
   1.2960000e+02   8.1688571e+01   2.9061029e+01
   1.2970000e+02   1.2568857e+02  -4.4698971e+01
   1.2980000e+02   1.4968857e+02   1.3341029e+01
   1.2990000e+02  -2.8311429e+01   3.7461029e+01
   1.3000000e+02   6.6885714e+00  -9.9389714e+00
   1.3010000e+02   2.8688571e+01   7.0181029e+01
   1.3020000e+02  -3.1311429e+01  -8.4189714e+00
   1.3030000e+02  -6.9311429e+01  -3.2898971e+01
   1.3040000e+02  -4.8311429e+01  -2.5738971e+01
   1.3050000e+02  -5.5311429e+01  -4.6458971e+01
   1.3060000e+02   4.6688571e+01   1.2461029e+01
   1.3070000e+02  -3.0311429e+01   3.5541029e+01
   1.3080000e+02  -3.0311429e+01   1.0541029e+01
   1.3090000e+02  -5.3114286e+00  -3.5458971e+01
   1.3100000e+02  -4.5311429e+01  -8.3858971e+01
   1.3110000e+02  -8.1311429e+01   3.5810286e+00
   1.3120000e+02  -6.3114286e+00   5.5810286e+00
   1.3130000e+02  -7.3311429e+01  -9.7389714e+00
   1.3140000e+02   1.7688571e+01  -5.8378971e+01
   1.3150000e+02  -5.2311429e+01  -1.7578971e+01
   1.3160000e+02  -5.4311429e+01   5.5501029e+01
   1.3170000e+02  -3.1311429e+01   3.5810286e+00
   1.3180000e+02  -7.9311429e+01   1.7501029e+01
   1.3190000e+02   4.9688571e+01   5.1341029e+01
   1.3200000e+02   2.0688571e+01  -1.3498971e+01
   1.3210000e+02  -1.1431143e+02   2.9901029e+01
   1.3220000e+02  -3.9311429e+01   2.2901029e+01
   1.3230000e+02  -1.3231143e+02  -1.3378971e+01
   1.3240000e+02  -2.9311429e+01   2.5501029e+01
   1.3250000e+02  -1.3114286e+00   1.3810286e+00
   1.3260000e+02  -6.3114286e+00   2.5810286e+00
   1.3270000e+02  -7.1311429e+01  -2.7818971e+01
   1.3280000e+02  -8.0311429e+01   2.7541029e+01
   1.3290000e+02  -2.4311429e+01  -9.6989714e+00
   1.3300000e+02  -5.3311429e+01   7.2461029e+01
   1.3310000e+02  -4.6311429e+01   3.8181029e+01
   1.3320000e+02  -8.3311429e+01   1.7661029e+01
   1.3330000e+02  -2.8311429e+01  -3.2538971e+01
   1.3340000e+02  -4.3114286e+00   1.8501029e+01
   1.3350000e+02  -1.5311429e+01   6.7941029e+01
   1.3360000e+02  -8.3114286e+00  -2.6338971e+01
   1.3370000e+02   1.5768857e+02  -1.9789714e+00
   1.3380000e+02  -2.1311429e+01   2.1181029e+01
   1.3390000e+02  -1.5311429e+01  -7.0589714e+00
   1.3400000e+02  -4.3311429e+01   1.3061029e+01
   1.3410000e+02  -7.2311429e+01   1.2210286e+00
   1.3420000e+02  -4.3311429e+01   9.0610286e+00
   1.3430000e+02  -1.2311429e+01  -6.1789714e+00
   1.3440000e+02  -9.2311429e+01  -1.6978971e+01
   1.3450000e+02   3.8688571e+01  -4.7218971e+01
   1.3460000e+02  -1.6631143e+02  -4.0189714e+00
   1.3470000e+02  -1.0531143e+02  -5.5458971e+01
   1.3480000e+02  -3.5311429e+01  -5.3258971e+01
   1.3490000e+02   9.0688571e+01   7.0102857e-01
   1.3500000e+02   5.3688571e+01   3.4181029e+01
   1.3510000e+02   8.5688571e+01  -1.7098971e+01
   1.3520000e+02  -9.3114286e+00  -2.4298971e+01
   1.3530000e+02  -8.1311429e+01   2.7581029e+01
   1.3540000e+02  -1.0431143e+02   1.1501029e+01
   1.3550000e+02  -9.6311429e+01  -2.8189714e+00
   1.3560000e+02  -1.2331143e+02  -1.3738971e+01
   1.3570000e+02   2.3688571e+01  -3.7618971e+01
   1.3580000e+02   2.7688571e+01   2.8221029e+01
   1.3590000e+02   1.1668857e+02   2.7661029e+01
   1.3600000e+02   8.0688571e+01  -4.4898971e+01
   1.3610000e+02   2.6885714e+00   3.4221029e+01
   1.3620000e+02   7.1688571e+01  -8.5389714e+00
   1.3630000e+02   3.5688571e+01   1.9901029e+01
   1.3640000e+02  -1.3114286e+00   1.5381029e+01
   1.3650000e+02   3.4688571e+01  -2.5058971e+01
   1.3660000e+02   1.7688571e+01  -1.6378971e+01
   1.3670000e+02  -7.5311429e+01   1.4341029e+01
   1.3680000e+02   5.5688571e+01   1.8101029e+01
   1.3690000e+02   8.6885714e+00   4.7981029e+01
   1.3700000e+02  -4.9311429e+01  -1.4698971e+01
   1.3710000e+02  -4.7311429e+01  -3.0778971e+01
   1.3720000e+02   7.2688571e+01   1.7421029e+01
   1.3730000e+02  -5.3114286e+00   8.5410286e+00
   1.3740000e+02  -5.5311429e+01   5.5541029e+01
   1.3750000e+02  -1.8311429e+01   1.5061029e+01
   1.3760000e+02  -2.3311429e+01   1.0126103e+02
   1.3770000e+02   3.3688571e+01  -3.6018971e+01
   1.3780000e+02  -3.3114286e+00  -7.5389714e+00
   1.3790000e+02   9.8688571e+01  -2.7618971e+01
   1.3800000e+02  -7.4311429e+01  -1.7698971e+01
   1.3810000e+02   6.6885714e+00   2.9061029e+01
   1.3820000e+02  -1.1311429e+01  -1.3218971e+01
   1.3830000e+02   8.5688571e+01   1.4901029e+01
   1.3840000e+02   6.9688571e+01  -3.3458971e+01
   1.3850000e+02  -3.5311429e+01   2.2741029e+01
   1.3860000e+02  -1.9311429e+01   6.1010286e+00
   1.3870000e+02  -3.8311429e+01   2.3861029e+01
   1.3880000e+02   9.9688571e+01  -3.4658971e+01
   1.3890000e+02   5.9688571e+01  -1.6058971e+01
   1.3900000e+02   4.6885714e+00  -6.2858971e+01
   1.3910000e+02   8.1688571e+01   6.1028571e-02
   1.3920000e+02  -3.7311429e+01  -4.2178971e+01
   1.3930000e+02  -1.1331143e+02   3.3861029e+01
   1.3940000e+02  -1.0931143e+02   3.7010286e+00
   1.3950000e+02  -5.8311429e+01   3.5661029e+01
   1.3960000e+02   7.6885714e+00  -3.4978971e+01
   1.3970000e+02   2.6885714e+00  -4.7789714e+00
   1.3980000e+02   1.6885714e+00   2.6102857e-01
   1.3990000e+02  -2.6311429e+01   1.6381029e+01
   1.4000000e+02   3.3688571e+01  -2.9018971e+01
   1.4010000e+02   7.6688571e+01   4.2261029e+01
   1.4020000e+02   2.8688571e+01  -4.1818971e+01
   1.4030000e+02  -1.5311429e+01   1.5941029e+01
   1.4040000e+02  -8.1311429e+01  -3.9418971e+01
   1.4050000e+02  -5.1311429e+01  -6.1897143e-01
   1.4060000e+02   5.7688571e+01  -2.4978971e+01
   1.4070000e+02  -4.6311429e+01  -1.8818971e+01
   1.4080000e+02   3.3688571e+01  -4.0189714e+00
   1.4090000e+02   6.8857143e-01  -1.1698971e+01
   1.4100000e+02   1.9688571e+01  -3.3458971e+01
   1.4110000e+02   3.4688571e+01   1.2941029e+01
   1.4120000e+02   6.6885714e+00   3.3061029e+01
   1.4130000e+02   2.9688571e+01   1.3141029e+01
   1.4140000e+02  -1.6311429e+01  -4.5018971e+01
   1.4150000e+02  -4.9311429e+01  -1.8698971e+01
   1.4160000e+02  -6.2311429e+01   5.1821029e+01
   1.4170000e+02  -1.7311429e+01  -2.7978971e+01
   1.4180000e+02  -5.8311429e+01  -4.3389714e+00
   1.4190000e+02   1.2568857e+02   3.3010286e+00
   1.4200000e+02  -3.3311429e+01  -2.6338971e+01
   1.4210000e+02  -4.3311429e+01  -8.9389714e+00
   1.4220000e+02   2.6688571e+01  -5.5738971e+01
   1.4230000e+02   2.3688571e+01   4.1381029e+01
   1.4240000e+02  -9.3114286e+00  -3.1298971e+01
   1.4250000e+02  -5.4311429e+01   3.2501029e+01
   1.4260000e+02  -3.4311429e+01  -1.2989714e+00
   1.4270000e+02  -1.5311429e+01   3.5941029e+01
   1.4280000e+02   8.1688571e+01  -2.5938971e+01
   1.4290000e+02  -5.5311429e+01   2.7541029e+01
   1.4300000e+02  -3.3311429e+01   2.3661029e+01
   1.4310000e+02   3.3688571e+01   7.9810286e+00
   1.4320000e+02  -6.3114286e+00   1.0581029e+01
   1.4330000e+02  -9.3114286e+00  -1.3298971e+01
   1.4340000e+02  -6.0311429e+01   1.2741029e+01
   1.4350000e+02   4.7688571e+01   2.0421029e+01
   1.4360000e+02   4.1688571e+01  -6.9338971e+01
   1.4370000e+02   1.0268857e+02   3.2221029e+01
   1.4380000e+02  -1.6311429e+01   6.3981029e+01
   1.4390000e+02  -1.1531143e+02   5.9941029e+01
   1.4400000e+02  -9.3114286e+00  -7.2989714e+00
   1.4410000e+02  -3.1142857e-01   3.4341029e+01
   1.4420000e+02   5.6885714e+00   1.1010286e+00
   1.4430000e+02  -4.9311429e+01   1.9301029e+01
   1.4440000e+02   9.4688571e+01  -5.4458971e+01
   1.4450000e+02   4.4688571e+01   1.1541029e+01
   1.4460000e+02  -1.6311429e+01  -4.4018971e+01
   1.4470000e+02  -2.8311429e+01   1.0461029e+01
   1.4480000e+02   1.0868857e+02  -1.8018971e+01
   1.4490000e+02   2.0688571e+01  -8.4989714e+00
   1.4500000e+02   4.6688571e+01   8.5461029e+01
   1.4510000e+02  -1.4311429e+01   1.7901029e+01
   1.4520000e+02   6.4688571e+01   9.5741029e+01
   1.4530000e+02   4.3688571e+01   1.4581029e+01
   1.4540000e+02   1.1688571e+01   2.5861029e+01
   1.4550000e+02  -1.4311429e+01   4.0901029e+01
   1.4560000e+02  -1.2311429e+01   1.1382103e+02
   1.4570000e+02   3.0688571e+01  -4.5898971e+01
   1.4580000e+02   6.1688571e+01  -3.1389714e+00
   1.4590000e+02   6.8857143e-01  -2.4698971e+01
   1.4600000e+02   6.8857143e-01   2.9301029e+01
   1.4610000e+02  -8.3114286e+00   4.6610286e+00
   1.4620000e+02  -4.4311429e+01   1.1010286e+00
   1.4630000e+02  -4.3311429e+01  -2.5938971e+01
   1.4640000e+02   9.6885714e+00  -1.5058971e+01
   1.4650000e+02   5.5688571e+01   5.0101029e+01
   1.4660000e+02   1.8688571e+01   3.7581029e+01
   1.4670000e+02   4.4688571e+01  -2.4589714e+00
   1.4680000e+02  -8.0311429e+01  -3.4589714e+00
   1.4690000e+02  -4.3114286e+00   1.1501029e+01
   1.4700000e+02   3.0688571e+01   2.7101029e+01
   1.4710000e+02   3.6885714e+00  -6.8189714e+00
   1.4720000e+02  -4.3114286e+00  -2.5498971e+01
   1.4730000e+02   8.6885714e+00  -7.0189714e+00
   1.4740000e+02   1.8168857e+02  -1.1938971e+01
   1.4750000e+02  -1.2311429e+01   4.8210286e+00
   1.4760000e+02  -3.8311429e+01  -2.3138971e+01
   1.4770000e+02   9.7688571e+01   3.7421029e+01
   1.4780000e+02   4.0688571e+01  -1.3298971e+01
   1.4790000e+02  -1.1531143e+02  -6.0589714e+00
   1.4800000e+02   4.2688571e+01   9.6210286e+00
   1.4810000e+02  -3.8311429e+01  -1.6138971e+01
   1.4820000e+02   6.0688571e+01   4.3901029e+01
   1.4830000e+02  -1.2311429e+01  -1.3178971e+01
   1.4840000e+02  -2.0311429e+01  -1.7858971e+01
   1.4850000e+02  -6.2311429e+01   3.1821029e+01
   1.4860000e+02   7.6688571e+01  -6.7389714e+00
   1.4870000e+02  -1.2311429e+01   3.7821029e+01
   1.4880000e+02  -3.8311429e+01   3.6861029e+01
   1.4890000e+02   1.5268857e+02   3.2221029e+01
   1.4900000e+02  -7.9311429e+01  -4.5498971e+01
   1.4910000e+02  -1.0831143e+02   5.4661029e+01
   1.4920000e+02   3.7688571e+01   3.8210286e+00
   1.4930000e+02  -2.3311429e+01  -3.4738971e+01
   1.4940000e+02   9.4688571e+01  -1.4458971e+01
   1.4950000e+02  -1.7311429e+01  -5.0978971e+01
   1.4960000e+02  -1.5311429e+01   4.3941029e+01
   1.4970000e+02  -5.3114286e+00  -3.6458971e+01
   1.4980000e+02  -7.6311429e+01  -1.5618971e+01
   1.4990000e+02  -1.5311429e+01  -5.6058971e+01
   1.5000000e+02  -6.1311429e+01  -2.2218971e+01
   1.5010000e+02  -2.3311429e+01   5.4261029e+01
   1.5020000e+02  -9.3114286e+00  -4.0298971e+01
   1.5030000e+02  -1.0631143e+02   4.5581029e+01
   1.5040000e+02  -1.4311429e+01   5.4901029e+01
   1.5050000e+02  -7.3311429e+01  -6.7389714e+00
   1.5060000e+02   1.2688571e+01  -2.9178971e+01
   1.5070000e+02  -1.3114286e+00  -2.5618971e+01
   1.5080000e+02  -3.3114286e+00  -8.0538971e+01
   1.5090000e+02  -9.5311429e+01  -1.5858971e+01
   1.5100000e+02  -3.4311429e+01   8.7701029e+01
   1.5110000e+02  -6.4311429e+01  -4.3098971e+01
   1.5120000e+02  -6.9311429e+01   4.1010286e+00
   1.5130000e+02   5.9688571e+01  -3.7058971e+01
   1.5140000e+02   2.9688571e+01   3.1410286e+00
   1.5150000e+02  -3.7311429e+01  -2.1178971e+01
   1.5160000e+02   2.2688571e+01  -5.7897143e-01
   1.5170000e+02  -7.3114286e+00  -9.3789714e+00
   1.5180000e+02   5.1688571e+01   2.6102857e-01
   1.5190000e+02  -3.1142857e-01  -4.6589714e+00
   1.5200000e+02  -4.9311429e+01   3.2301029e+01
   1.5210000e+02  -7.9311429e+01  -2.8498971e+01
   1.5220000e+02  -7.1311429e+01   1.9181029e+01
   1.5230000e+02  -1.3311429e+01   3.8610286e+00
   1.5240000e+02   3.8688571e+01  -2.9218971e+01
   1.5250000e+02   3.0688571e+01   3.2101029e+01
   1.5260000e+02  -2.7311429e+01  -4.2578971e+01
   1.5270000e+02  -9.7311429e+01  -3.7789714e+00
   1.5280000e+02   5.2688571e+01  -2.9778971e+01
   1.5290000e+02  -5.4311429e+01  -4.4989714e+00
   1.5300000e+02  -4.2311429e+01   2.4021029e+01
   1.5310000e+02  -7.8311429e+01  -3.6538971e+01
   1.5320000e+02   2.3688571e+01  -2.0618971e+01
   1.5330000e+02  -7.4311429e+01  -1.6989714e+00
   1.5340000e+02  -2.5311429e+01   9.3410286e+00
   1.5350000e+02  -7.5311429e+01   3.0341029e+01
   1.5360000e+02  -4.8311429e+01  -7.3897143e-01
   1.5370000e+02  -3.3311429e+01  -2.2338971e+01
   1.5380000e+02  -3.1311429e+01   1.5581029e+01
   1.5390000e+02  -3.3114286e+00  -8.5389714e+00
   1.5400000e+02  -3.3311429e+01  -6.8338971e+01
   1.5410000e+02   6.6885714e+00  -2.2938971e+01
   1.5420000e+02   1.1068857e+02   8.4901029e+01
   1.5430000e+02  -1.0531143e+02  -4.1458971e+01
   1.5440000e+02  -3.3114286e+00   3.1461029e+01
   1.5450000e+02   1.3368857e+02   3.2981029e+01
   1.5460000e+02  -7.1311429e+01  -3.6818971e+01
   1.5470000e+02  -7.4311429e+01  -1.8698971e+01
   1.5480000e+02   5.5688571e+01   2.9101029e+01
   1.5490000e+02  -5.5311429e+01  -2.4589714e+00
   1.5500000e+02   5.6885714e+00  -2.2898971e+01
   1.5510000e+02  -5.1311429e+01  -1.0618971e+01
   1.5520000e+02   1.3668857e+02  -2.4138971e+01
   1.5530000e+02  -2.8311429e+01  -3.3538971e+01
   1.5540000e+02   1.0688571e+01  -1.2098971e+01
   1.5550000e+02   6.9688571e+01   1.9541029e+01
   1.5560000e+02   6.9688571e+01  -4.3458971e+01
   1.5570000e+02   1.1688571e+01  -1.6138971e+01
   1.5580000e+02   5.4688571e+01  -3.6858971e+01
   1.5590000e+02  -4.7311429e+01  -5.7789714e+00
   1.5600000e+02   2.3688571e+01  -1.9618971e+01
   1.5610000e+02  -1.8311429e+01   1.4061029e+01
   1.5620000e+02  -6.8311429e+01  -4.9389714e+00
   1.5630000e+02  -2.3114286e+00  -4.2578971e+01
   1.5640000e+02   3.0688571e+01  -1.8989714e+00
   1.5650000e+02  -9.8311429e+01   2.1261029e+01
   1.5660000e+02  -1.3331143e+02   6.3661029e+01
   1.5670000e+02  -4.2311429e+01   4.7021029e+01
   1.5680000e+02  -8.3114286e+00  -7.3389714e+00
   1.5690000e+02   6.6885714e+00   4.2061029e+01
   1.5700000e+02   9.6885714e+00  -3.9058971e+01
   1.5710000e+02  -8.6311429e+01   3.4781029e+01
   1.5720000e+02   1.5268857e+02  -5.6778971e+01
   1.5730000e+02  -8.7311429e+01  -7.0178971e+01
   1.5740000e+02  -6.1311429e+01   1.2781029e+01
   1.5750000e+02  -1.2731143e+02   4.1421029e+01
   1.5760000e+02  -4.2311429e+01  -5.9789714e+00
   1.5770000e+02  -3.5311429e+01   3.7410286e+00
   1.5780000e+02  -3.8311429e+01   2.5861029e+01
   1.5790000e+02  -2.1311429e+01  -4.1818971e+01
   1.5800000e+02  -1.1631143e+02   5.9810286e+00
   1.5810000e+02  -8.9311429e+01  -1.7098971e+01
   1.5820000e+02  -3.0311429e+01  -2.9458971e+01
   1.5830000e+02  -3.4311429e+01   2.5701029e+01
   1.5840000e+02  -8.8311429e+01   3.0861029e+01
   1.5850000e+02   3.1688571e+01   3.5061029e+01
   1.5860000e+02   3.3688571e+01  -3.3018971e+01
   1.5870000e+02   8.0688571e+01  -6.1898971e+01
   1.5880000e+02   8.6885714e+00   6.9810286e+00
   1.5890000e+02   3.4688571e+01  -1.5058971e+01
   1.5900000e+02   2.3688571e+01  -7.0618971e+01
   1.5910000e+02   1.3688571e+01   6.4781029e+01
   1.5920000e+02  -7.6311429e+01   3.2381029e+01
   1.5930000e+02  -6.5311429e+01  -4.0058971e+01
   1.5940000e+02   3.5688571e+01  -2.4098971e+01
   1.5950000e+02  -1.6631143e+02   3.9810286e+00
   1.5960000e+02  -7.1311429e+01  -6.3818971e+01
   1.5970000e+02   5.7688571e+01  -4.6978971e+01
   1.5980000e+02  -3.3114286e+00   1.7461029e+01
   1.5990000e+02   2.2688571e+01  -4.5578971e+01
   1.6000000e+02  -2.3114286e+00   1.4421029e+01
   1.6010000e+02  -3.0311429e+01   1.3541029e+01
   1.6020000e+02  -5.3311429e+01  -3.5389714e+00
   1.6030000e+02   1.0568857e+02   2.8101029e+01
   1.6040000e+02  -4.4311429e+01   3.2101029e+01
   1.6050000e+02  -1.2231143e+02   4.5221029e+01
   1.6060000e+02  -5.4311429e+01   4.8501029e+01
   1.6070000e+02  -1.5131143e+02  -1.9618971e+01
   1.6080000e+02  -7.5311429e+01   4.3410286e+00
   1.6090000e+02   6.4688571e+01  -2.3258971e+01
   1.6100000e+02  -2.3114286e+00   1.1421029e+01
   1.6110000e+02  -9.3114286e+00  -3.2989714e+00
   1.6120000e+02   1.6885714e+00  -8.7389714e+00
   1.6130000e+02  -7.0311429e+01   3.1410286e+00
   1.6140000e+02   6.6885714e+00   3.5061029e+01
   1.6150000e+02  -8.4311429e+01  -1.7298971e+01
   1.6160000e+02   3.2688571e+01  -6.9789714e+00
   1.6170000e+02   4.8688571e+01  -2.6189714e+00
   1.6180000e+02  -4.7311429e+01   2.2210286e+00
   1.6190000e+02  -2.3114286e+00  -1.5789714e+00
   1.6200000e+02   2.8688571e+01   1.0418103e+02
   1.6210000e+02   3.0688571e+01  -2.5898971e+01
   1.6220000e+02   1.7688571e+01   1.1621029e+01
   1.6230000e+02   1.6688571e+01   3.3661029e+01
   1.6240000e+02   2.7688571e+01  -2.7789714e+00
   1.6250000e+02   4.9688571e+01   1.2341029e+01
   1.6260000e+02  -1.4311429e+01  -2.3098971e+01
   1.6270000e+02  -4.0311429e+01  -1.0589714e+00
   1.6280000e+02  -8.7311429e+01   2.5821029e+01
   1.6290000e+02  -2.3311429e+01  -2.8738971e+01
   1.6300000e+02   1.7688571e+01   5.6210286e+00
   1.6310000e+02   3.7688571e+01  -3.6178971e+01
   1.6320000e+02   2.7688571e+01  -2.3778971e+01
   1.6330000e+02   5.5688571e+01  -7.8989714e+00
   1.6340000e+02  -7.2311429e+01   2.0221029e+01
   1.6350000e+02  -2.0311429e+01   2.5141029e+01
   1.6360000e+02   9.6885714e+00  -4.0589714e+00
   1.6370000e+02   4.0688571e+01  -1.9298971e+01
   1.6380000e+02  -3.1142857e-01   3.8341029e+01
   1.6390000e+02  -7.3311429e+01  -3.1738971e+01
   1.6400000e+02   8.6688571e+01   1.8861029e+01
   1.6410000e+02  -4.5311429e+01   4.1141029e+01
   1.6420000e+02  -4.4311429e+01   9.1010286e+00
   1.6430000e+02  -2.4311429e+01   8.3010286e+00
   1.6440000e+02   1.1468857e+02  -5.2589714e+00
   1.6450000e+02  -6.5311429e+01  -1.0058971e+01
   1.6460000e+02   6.4688571e+01   3.9741029e+01
   1.6470000e+02   5.9688571e+01  -3.5058971e+01
   1.6480000e+02  -1.1731143e+02   2.2021029e+01
   1.6490000e+02   2.8688571e+01  -2.0818971e+01
   1.6500000e+02  -2.1311429e+01  -1.7818971e+01
   1.6510000e+02   2.7688571e+01   1.3221029e+01
   1.6520000e+02   2.7688571e+01   4.8221029e+01
   1.6530000e+02  -1.5311429e+01  -1.6058971e+01
   1.6540000e+02  -6.7311429e+01  -7.9789714e+00
   1.6550000e+02  -3.6311429e+01  -1.7218971e+01
   1.6560000e+02  -9.3114286e+00   1.2070103e+02
   1.6570000e+02  -6.6311429e+01   1.1981029e+01
   1.6580000e+02  -6.2311429e+01  -2.4178971e+01
   1.6590000e+02  -6.8311429e+01  -9.9389714e+00
   1.6600000e+02  -1.3311429e+01  -3.4138971e+01
   1.6610000e+02   4.1688571e+01   7.6610286e+00
   1.6620000e+02   1.6885714e+00   1.6261029e+01
   1.6630000e+02  -2.0311429e+01   2.0141029e+01
   1.6640000e+02  -8.1311429e+01  -5.4189714e+00
   1.6650000e+02  -6.7311429e+01   5.0210286e+00
   1.6660000e+02  -4.8311429e+01  -3.7738971e+01
   1.6670000e+02  -2.7311429e+01  -2.6578971e+01
   1.6680000e+02  -3.3114286e+00   6.0461029e+01
   1.6690000e+02  -2.7311429e+01   6.8421029e+01
   1.6700000e+02   1.6885714e+00   1.2610286e+00
   1.6710000e+02   7.2688571e+01   4.7421029e+01
   1.6720000e+02  -3.1142857e-01   1.9341029e+01
   1.6730000e+02  -4.1311429e+01   8.9810286e+00
   1.6740000e+02   8.2688571e+01   3.2021029e+01
   1.6750000e+02  -4.6311429e+01  -1.8818971e+01
   1.6760000e+02   2.9688571e+01  -4.5858971e+01
   1.6770000e+02   3.2688571e+01   1.4021029e+01
   1.6780000e+02   8.6885714e+00   2.3981029e+01
   1.6790000e+02  -9.0311429e+01   4.2941029e+01
   1.6800000e+02   6.5688571e+01  -4.2989714e+00
   1.6810000e+02  -5.2311429e+01   4.4421029e+01
   1.6820000e+02  -4.2311429e+01   4.7021029e+01
   1.6830000e+02   2.9688571e+01   1.0914103e+02
   1.6840000e+02   5.0688571e+01   3.9301029e+01
   1.6850000e+02  -9.1311429e+01   1.7981029e+01
   1.6860000e+02  -7.0311429e+01   4.1141029e+01
   1.6870000e+02  -1.3114286e+00   4.6381029e+01
   1.6880000e+02  -6.7311429e+01   7.0210286e+00
   1.6890000e+02  -2.3311429e+01   2.2261029e+01
   1.6900000e+02   4.6885714e+00   3.1141029e+01
   1.6910000e+02  -2.3311429e+01   1.2610286e+00
   1.6920000e+02  -9.8311429e+01   4.6261029e+01
   1.6930000e+02   6.8857143e-01   7.3010286e+00
   1.6940000e+02  -9.6311429e+01  -3.4818971e+01
   1.6950000e+02   9.6885714e+00   2.5941029e+01
   1.6960000e+02   6.7688571e+01   6.0621029e+01
   1.6970000e+02  -6.3114286e+00  -1.2418971e+01
   1.6980000e+02  -1.3331143e+02   6.9661029e+01
   1.6990000e+02   8.3688571e+01   3.9810286e+00
   1.7000000e+02   8.6885714e+00   2.9981029e+01
   1.7010000e+02   5.6885714e+00  -6.8989714e+00
   1.7020000e+02  -1.1331143e+02   9.8610286e+00
   1.7030000e+02  -4.3114286e+00   1.2501029e+01
   1.7040000e+02  -3.0311429e+01  -2.6458971e+01
   1.7050000e+02  -2.0311429e+01  -8.8589714e+00
   1.7060000e+02   2.4688571e+01   5.5341029e+01
   1.7070000e+02  -1.6311429e+01   6.9810286e+00
   1.7080000e+02   2.9688571e+01  -2.0858971e+01
   1.7090000e+02  -1.0131143e+02   4.7381029e+01
   1.7100000e+02   2.0688571e+01   1.4501029e+01
   1.7110000e+02   3.3688571e+01   9.9810286e+00
   1.7120000e+02  -1.0031143e+02   1.6341029e+01
   1.7130000e+02  -3.2311429e+01  -5.3789714e+00
   1.7140000e+02  -1.0931143e+02   1.3701029e+01
   1.7150000e+02  -8.5311429e+01   1.8741029e+01
   1.7160000e+02   7.5688571e+01  -4.3698971e+01
   1.7170000e+02  -1.2631143e+02   1.0938103e+02
   1.7180000e+02  -1.7311429e+01  -2.9978971e+01
   1.7190000e+02  -5.9311429e+01  -1.3298971e+01
   1.7200000e+02   2.3688571e+01  -1.4618971e+01
   1.7210000e+02   1.3688571e+01   9.6781029e+01
   1.7220000e+02  -5.7311429e+01   4.6621029e+01
   1.7230000e+02  -3.6311429e+01  -7.0218971e+01
   1.7240000e+02  -8.4311429e+01  -7.8298971e+01
   1.7250000e+02  -3.5311429e+01  -5.3258971e+01
   1.7260000e+02   9.6885714e+00  -5.9058971e+01
   1.7270000e+02  -8.2311429e+01   3.3621029e+01
   1.7280000e+02   1.0768857e+02  -3.5978971e+01
   1.7290000e+02  -9.3114286e+00  -2.2989714e+00
   1.7300000e+02  -2.3311429e+01   2.3261029e+01
   1.7310000e+02  -1.1531143e+02  -3.6058971e+01
   1.7320000e+02   1.2368857e+02   2.4381029e+01
   1.7330000e+02   2.1688571e+01   1.8461029e+01
   1.7340000e+02  -9.3114286e+00   7.7010286e+00
   1.7350000e+02   3.6688571e+01  -1.7138971e+01
   1.7360000e+02  -1.5131143e+02  -5.2618971e+01
   1.7370000e+02  -2.7311429e+01  -4.4578971e+01
   1.7380000e+02  -2.3114286e+00   5.4210286e+00
   1.7390000e+02  -1.1431143e+02  -2.0098971e+01
   1.7400000e+02  -1.3114286e+00  -3.5618971e+01
   1.7410000e+02  -3.8311429e+01   8.8610286e+00
   1.7420000e+02  -2.1311429e+01  -7.1818971e+01
   1.7430000e+02   1.7688571e+01   1.0662103e+02
   1.7440000e+02   1.2688571e+01  -2.8178971e+01
   1.7450000e+02   2.7688571e+01  -6.2778971e+01
   1.7460000e+02   2.7688571e+01   2.9221029e+01
   1.7470000e+02   6.6885714e+00  -1.2938971e+01
   1.7480000e+02  -4.7311429e+01  -2.6778971e+01
   1.7490000e+02   8.2688571e+01  -3.4978971e+01
   1.7500000e+02   1.0968857e+02   4.6941029e+01
   1.7510000e+02   3.8688571e+01  -4.1218971e+01
   1.7520000e+02   4.6688571e+01  -2.6538971e+01
   1.7530000e+02   9.0688571e+01   4.7701029e+01
   1.7540000e+02   2.6885714e+00  -2.1778971e+01
   1.7550000e+02   1.2568857e+02   1.0301029e+01
   1.7560000e+02  -5.3311429e+01   1.2461029e+01
   1.7570000e+02  -4.0311429e+01   4.1941029e+01
   1.7580000e+02  -7.3114286e+00   6.6210286e+00
   1.7590000e+02  -3.3311429e+01  -1.3338971e+01
   1.7600000e+02   9.6885714e+00  -1.0589714e+00
   1.7610000e+02   4.7688571e+01   5.9421029e+01
   1.7620000e+02  -1.9311429e+01   7.0101029e+01
   1.7630000e+02  -7.2311429e+01  -2.5778971e+01
   1.7640000e+02   3.2688571e+01  -3.0978971e+01
   1.7650000e+02  -6.7311429e+01  -2.6978971e+01
   1.7660000e+02  -1.3311429e+01  -3.2138971e+01
   1.7670000e+02   1.2688571e+01   1.0821029e+01
   1.7680000e+02  -2.9311429e+01  -2.1498971e+01
   1.7690000e+02  -1.0431143e+02   4.2501029e+01
   1.7700000e+02  -4.5311429e+01   2.1141029e+01
   1.7710000e+02  -4.5311429e+01  -5.1858971e+01
   1.7720000e+02   6.9688571e+01  -2.7458971e+01
   1.7730000e+02   1.3768857e+02   3.8210286e+00
   1.7740000e+02  -6.4311429e+01  -1.0098971e+01
   1.7750000e+02  -4.3114286e+00   3.5501029e+01
   1.7760000e+02  -8.3114286e+00   3.6610286e+00
   1.7770000e+02  -2.0311429e+01  -2.4858971e+01
   1.7780000e+02  -4.0311429e+01  -2.2058971e+01
   1.7790000e+02  -3.5311429e+01  -2.1258971e+01
   1.7800000e+02   5.3688571e+01   2.0181029e+01
   1.7810000e+02   2.9688571e+01   2.8141029e+01
   1.7820000e+02   1.4668857e+02   2.4461029e+01
   1.7830000e+02   5.8688571e+01   3.4981029e+01
   1.7840000e+02  -1.3114286e+00   2.3810286e+00
   1.7850000e+02  -1.1311429e+01   1.1978103e+02
   1.7860000e+02  -8.7311429e+01  -5.1789714e+00
   1.7870000e+02  -6.5311429e+01   4.9410286e+00
   1.7880000e+02  -2.0311429e+01   2.0141029e+01
   1.7890000e+02  -1.8311429e+01   6.1028571e-02
   1.7900000e+02   4.5688571e+01  -2.3498971e+01
   1.7910000e+02  -1.2311429e+01  -1.8178971e+01
   1.7920000e+02  -5.3114286e+00   9.5410286e+00
   1.7930000e+02  -7.3114286e+00   2.8621029e+01
   1.7940000e+02   1.3688571e+01   3.6781029e+01
   1.7950000e+02  -2.0311429e+01   2.1410286e+00
   1.7960000e+02   1.6688571e+01  -4.8338971e+01
   1.7970000e+02  -5.1311429e+01  -2.6189714e+00
   1.7980000e+02  -4.7311429e+01   2.2102857e-01
   1.7990000e+02  -4.9311429e+01   3.4301029e+01
   1.8000000e+02  -3.3311429e+01  -1.2338971e+01
   1.8010000e+02   5.6688571e+01   2.2061029e+01
   1.8020000e+02   1.6688571e+01   1.4661029e+01
   1.8030000e+02  -3.4311429e+01   1.1701029e+01
   1.8040000e+02   2.7688571e+01   3.3221029e+01
   1.8050000e+02  -2.6311429e+01   3.8102857e-01
   1.8060000e+02  -2.0311429e+01   3.7141029e+01
   1.8070000e+02   3.0688571e+01   3.5101029e+01
   1.8080000e+02  -2.0311429e+01  -2.5858971e+01
   1.8090000e+02   6.8688571e+01   1.8581029e+01
   1.8100000e+02   3.4688571e+01   3.4941029e+01
   1.8110000e+02  -2.8311429e+01   6.6461029e+01
   1.8120000e+02   2.6885714e+00   1.0221029e+01
   1.8130000e+02   2.6688571e+01   1.0126103e+02
   1.8140000e+02   1.0068857e+02  -3.7698971e+01
   1.8150000e+02  -3.6311429e+01  -2.8218971e+01
   1.8160000e+02  -4.3114286e+00  -2.4989714e+00
   1.8170000e+02   5.3688571e+01   1.8181029e+01
   1.8180000e+02  -5.7311429e+01   4.3621029e+01
   1.8190000e+02  -6.5311429e+01   1.5941029e+01
   1.8200000e+02   2.7688571e+01  -1.9778971e+01
   1.8210000e+02  -1.0231143e+02   4.4421029e+01
   1.8220000e+02   2.8688571e+01   3.1810286e+00
   1.8230000e+02  -1.4311429e+01  -8.0989714e+00
   1.8240000e+02   3.4688571e+01  -5.3058971e+01
   1.8250000e+02   8.6885714e+00  -2.7018971e+01
   1.8260000e+02   2.6688571e+01  -4.6738971e+01
   1.8270000e+02   1.5688571e+01  -5.4298971e+01
   1.8280000e+02   4.2688571e+01  -2.9378971e+01
   1.8290000e+02  -3.9311429e+01  -2.6098971e+01
   1.8300000e+02  -4.8311429e+01  -4.5738971e+01
   1.8310000e+02  -1.1231143e+02   1.9821029e+01
   1.8320000e+02   8.6885714e+00   1.5981029e+01
   1.8330000e+02  -9.3114286e+00  -2.9298971e+01
   1.8340000e+02  -4.4311429e+01  -6.8989714e+00
   1.8350000e+02  -7.3114286e+00  -4.2378971e+01
   1.8360000e+02  -1.0731143e+02  -4.0378971e+01
   1.8370000e+02  -3.1311429e+01  -4.0418971e+01
   1.8380000e+02   8.6885714e+00   3.0981029e+01
   1.8390000e+02  -4.4311429e+01   1.8101029e+01
   1.8400000e+02  -6.3311429e+01  -2.5138971e+01
   1.8410000e+02  -6.6311429e+01  -3.9018971e+01
   1.8420000e+02   4.8688571e+01  -4.7618971e+01
   1.8430000e+02  -9.0311429e+01   1.5941029e+01
   1.8440000e+02   1.7688571e+01   6.6210286e+00
   1.8450000e+02   2.3688571e+01   9.5381029e+01
   1.8460000e+02   2.6688571e+01  -2.9738971e+01
   1.8470000e+02  -2.3114286e+00   3.0421029e+01
   1.8480000e+02   1.3268857e+02   1.0210286e+00
   1.8490000e+02  -9.4311429e+01  -6.8989714e+00
   1.8500000e+02   4.6885714e+00  -2.0858971e+01
   1.8510000e+02   2.9688571e+01   3.5141029e+01
   1.8520000e+02  -2.2311429e+01  -2.3778971e+01
   1.8530000e+02  -8.0311429e+01  -1.3458971e+01
   1.8540000e+02  -4.5311429e+01   4.8141029e+01
   1.8550000e+02  -1.9311429e+01  -7.8989714e+00
   1.8560000e+02  -7.3114286e+00   2.1621029e+01
   1.8570000e+02   6.5688571e+01   1.2370103e+02
   1.8580000e+02   6.8857143e-01   3.4301029e+01
   1.8590000e+02  -2.2311429e+01   1.2221029e+01
   1.8600000e+02  -1.3311429e+01  -6.1389714e+00
   1.8610000e+02   5.2688571e+01  -5.7789714e+00
   1.8620000e+02  -7.3114286e+00   1.6210286e+00
   1.8630000e+02  -1.1311429e+01  -9.2189714e+00
   1.8640000e+02  -1.6311429e+01   2.0981029e+01
   1.8650000e+02  -9.5311429e+01   5.5141029e+01
   1.8660000e+02  -3.1142857e-01   2.3341029e+01
   1.8670000e+02  -2.6311429e+01  -1.3618971e+01
   1.8680000e+02  -2.1311429e+01   2.4181029e+01
   1.8690000e+02   1.7688571e+01   2.9621029e+01
   1.8700000e+02  -4.6311429e+01   2.1181029e+01
   1.8710000e+02   5.9688571e+01  -1.0589714e+00
   1.8720000e+02  -4.3311429e+01  -3.8938971e+01
   1.8730000e+02  -9.7311429e+01  -1.9778971e+01
   1.8740000e+02  -8.3114286e+00  -2.3338971e+01
   1.8750000e+02  -4.2311429e+01   8.0210286e+00
   1.8760000e+02   1.1768857e+02   1.6210286e+00
   1.8770000e+02  -5.8311429e+01  -2.4338971e+01
   1.8780000e+02   3.6885714e+00  -8.8189714e+00
   1.8790000e+02  -9.3114286e+00  -4.5298971e+01
   1.8800000e+02   1.8688571e+01  -2.2418971e+01
   1.8810000e+02  -5.3311429e+01  -6.8538971e+01
   1.8820000e+02   1.3668857e+02  -1.3897143e-01
   1.8830000e+02  -7.6311429e+01   1.0381029e+01
   1.8840000e+02  -7.2311429e+01   2.2221029e+01
   1.8850000e+02  -6.4311429e+01   4.3901029e+01
   1.8860000e+02   1.5688571e+01  -3.2989714e+00
   1.8870000e+02  -1.2331143e+02  -3.0738971e+01
   1.8880000e+02  -5.7311429e+01  -6.8378971e+01
   1.8890000e+02  -5.0311429e+01  -1.2658971e+01
   1.8900000e+02  -8.6311429e+01   1.1781029e+01
   1.8910000e+02  -2.6311429e+01  -2.3618971e+01
   1.8920000e+02  -2.0311429e+01   9.1410286e+00
   1.8930000e+02  -2.2311429e+01  -1.7778971e+01
   1.8940000e+02  -4.5311429e+01  -3.1858971e+01
   1.8950000e+02  -2.9311429e+01   5.5501029e+01
   1.8960000e+02  -3.9311429e+01  -3.1098971e+01
   1.8970000e+02   4.8688571e+01  -2.7618971e+01
   1.8980000e+02  -7.8311429e+01   1.1461029e+01
   1.8990000e+02   2.3688571e+01   3.3810286e+00
   1.9000000e+02  -4.2311429e+01   7.9021029e+01
   1.9010000e+02   9.6885714e+00  -5.6058971e+01
   1.9020000e+02  -4.3114286e+00  -6.4989714e+00
   1.9030000e+02   3.2688571e+01  -3.3978971e+01
   1.9040000e+02   3.7688571e+01   8.8210286e+00
   1.9050000e+02  -3.1311429e+01   1.3581029e+01
   1.9060000e+02  -7.2311429e+01  -1.0778971e+01
   1.9070000e+02  -4.2311429e+01  -4.8978971e+01
   1.9080000e+02  -1.3114286e+00  -1.0618971e+01
   1.9090000e+02  -3.1142857e-01  -2.6658971e+01
   1.9100000e+02  -1.0311429e+01  -4.0258971e+01
   1.9110000e+02  -4.2311429e+01  -1.2978971e+01
   1.9120000e+02  -7.5311429e+01   5.3410286e+00
   1.9130000e+02  -1.4311429e+01   1.0901029e+01
   1.9140000e+02   1.0688571e+01  -6.0989714e+00
   1.9150000e+02  -1.8311429e+01   5.5061029e+01
   1.9160000e+02  -6.5311429e+01   5.1941029e+01
   1.9170000e+02   2.4268857e+02  -5.6378971e+01
   1.9180000e+02  -5.3311429e+01   1.0461029e+01
   1.9190000e+02  -6.7311429e+01  -4.8978971e+01
   1.9200000e+02  -8.1311429e+01  -4.4418971e+01
   1.9210000e+02   3.6885714e+00  -2.3818971e+01
   1.9220000e+02   9.5688571e+01   1.7501029e+01
   1.9230000e+02   1.1768857e+02  -2.3789714e+00
   1.9240000e+02   2.6885714e+00  -1.9778971e+01
   1.9250000e+02  -5.6311429e+01  -2.1418971e+01
   1.9260000e+02   9.6885714e+00   1.6941029e+01
   1.9270000e+02  -1.0311429e+01  -5.5258971e+01
   1.9280000e+02  -8.1311429e+01   3.5581029e+01
   1.9290000e+02   5.3688571e+01  -1.8818971e+01
   1.9300000e+02  -4.0311429e+01  -1.1058971e+01
   1.9310000e+02   6.6688571e+01  -1.0338971e+01
   1.9320000e+02   2.8688571e+01   4.1810286e+00
   1.9330000e+02   6.9688571e+01  -1.0458971e+01
   1.9340000e+02  -3.6311429e+01   3.6781029e+01
   1.9350000e+02  -2.7311429e+01  -7.5789714e+00
   1.9360000e+02  -1.6311429e+01   2.9981029e+01
   1.9370000e+02  -4.6311429e+01   2.2181029e+01
   1.9380000e+02  -2.6311429e+01  -3.1618971e+01
   1.9390000e+02   8.6885714e+00   1.9810286e+00
   1.9400000e+02  -2.0311429e+01  -3.8589714e+00
   1.9410000e+02  -6.5311429e+01  -1.4058971e+01
   1.9420000e+02   3.6885714e+00  -7.8189714e+00
   1.9430000e+02  -5.3311429e+01   1.1461029e+01
   1.9440000e+02  -6.9311429e+01  -3.2898971e+01
   1.9450000e+02  -9.1311429e+01   1.1981029e+01
   1.9460000e+02   1.8068857e+02  -2.1898971e+01
   1.9470000e+02  -9.3114286e+00  -2.2298971e+01
   1.9480000e+02  -9.3114286e+00   2.7010286e+00
   1.9490000e+02  -9.3114286e+00   7.9701029e+01
   1.9500000e+02  -2.0311429e+01   2.5141029e+01
   1.9510000e+02  -5.9311429e+01   5.1701029e+01
   1.9520000e+02  -2.9311429e+01   2.1501029e+01
   1.9530000e+02   5.1688571e+01  -1.1738971e+01
   1.9540000e+02   9.6885714e+00   7.2941029e+01
   1.9550000e+02  -4.9311429e+01   1.5301029e+01
   1.9560000e+02   5.3688571e+01   3.4181029e+01
   1.9570000e+02   3.2688571e+01  -3.9978971e+01
   1.9580000e+02  -5.5311429e+01  -6.4589714e+00
   1.9590000e+02   6.7688571e+01  -1.4378971e+01
   1.9600000e+02   3.6885714e+00  -3.4818971e+01
   1.9610000e+02  -6.6311429e+01  -7.0189714e+00
   1.9620000e+02  -9.8311429e+01   4.2610286e+00
   1.9630000e+02  -6.8311429e+01   8.8061029e+01
   1.9640000e+02  -2.7311429e+01   2.4210286e+00
   1.9650000e+02   3.8688571e+01  -6.2189714e+00
   1.9660000e+02  -4.6311429e+01   3.1181029e+01
   1.9670000e+02  -9.3114286e+00   2.6701029e+01
   1.9680000e+02  -3.8311429e+01   4.5861029e+01
   1.9690000e+02  -3.1142857e-01   4.3410286e+00
   1.9700000e+02  -4.3311429e+01   7.9061029e+01
   1.9710000e+02  -8.1311429e+01  -1.4189714e+00
   1.9720000e+02   4.5688571e+01  -2.5498971e+01
   1.9730000e+02  -9.0311429e+01  -1.6058971e+01
   1.9740000e+02  -9.3114286e+00   1.8701029e+01
   1.9750000e+02   8.3688571e+01   2.9981029e+01
   1.9760000e+02  -1.7311429e+01   1.3021029e+01
   1.9770000e+02  -9.3114286e+00  -2.8298971e+01
   1.9780000e+02  -7.1311429e+01   1.8181029e+01
   1.9790000e+02   6.5688571e+01  -3.0298971e+01
   1.9800000e+02  -9.8311429e+01   2.2610286e+00
   1.9810000e+02   5.5688571e+01   3.3101029e+01
   1.9820000e+02  -3.6311429e+01   2.4781029e+01
   1.9830000e+02  -3.2311429e+01   6.1621029e+01
   1.9840000e+02  -8.3114286e+00   1.2661029e+01
   1.9850000e+02  -2.5311429e+01  -3.4658971e+01
   1.9860000e+02  -9.7311429e+01  -6.7789714e+00
   1.9870000e+02   3.9688571e+01  -2.1258971e+01
   1.9880000e+02  -3.1142857e-01  -2.6658971e+01
   1.9890000e+02  -5.3311429e+01   2.4461029e+01
   1.9900000e+02  -4.9311429e+01   6.3010286e+00
   1.9910000e+02  -1.3311429e+01  -2.9138971e+01
   1.9920000e+02  -5.3114286e+00   6.4541029e+01
   1.9930000e+02  -5.9311429e+01  -2.7298971e+01
   1.9940000e+02  -7.3114286e+00  -1.5378971e+01
   1.9950000e+02  -6.5311429e+01   1.6941029e+01
   1.9960000e+02   5.6885714e+00  -2.0898971e+01
   1.9970000e+02  -6.6311429e+01  -2.7018971e+01
   1.9980000e+02  -1.8311429e+01  -1.9938971e+01
   1.9990000e+02  -1.0311429e+01  -3.4258971e+01
