   0.0000000e+00   3.3256019e+02   8.6412870e+01
   1.0000000e-01   3.0156019e+02   1.1865287e+02
   2.0000000e-01   2.7256019e+02   9.2812870e+01
   3.0000000e-01   4.2356019e+02   1.1772870e+01
   4.0000000e-01   2.0756019e+02   3.3412870e+01
   5.0000000e-01   2.0856019e+02   1.3537287e+02
   6.0000000e-01   3.4656019e+02   5.4852870e+01
   7.0000000e-01   1.5556019e+02   8.3492870e+01
   8.0000000e-01   2.8556019e+02   5.6292870e+01
   9.0000000e-01   2.8056019e+02   2.9492870e+01
   1.0000000e+00   3.0256019e+02   8.9612870e+01
   1.1000000e+00   2.6656019e+02   1.0205287e+02
   1.2000000e+00   1.8356019e+02   6.0372870e+01
   1.3000000e+00   9.3560185e+01   9.9972870e+01
   1.4000000e+00   2.8956019e+02   2.2132870e+01
   1.5000000e+00   1.6456019e+02   4.4132870e+01
   1.6000000e+00   3.3856019e+02   6.0172870e+01
   1.7000000e+00   1.1656019e+02   6.8052870e+01
   1.8000000e+00   1.9056019e+02   9.9092870e+01
   1.9000000e+00   2.8456019e+02   9.3332870e+01
   2.0000000e+00   4.1456019e+02   4.2132870e+01
   2.1000000e+00   2.4656019e+02   1.0485287e+02
   2.2000000e+00   3.5756019e+02   7.4412870e+01
   2.3000000e+00   2.9456019e+02   2.6932870e+01
   2.4000000e+00   2.1456019e+02   1.5713287e+02
   2.5000000e+00   3.7756019e+02   5.1612870e+01
   2.6000000e+00   2.8556019e+02   1.0129287e+02
   2.7000000e+00   2.6656019e+02   1.1905287e+02
   2.8000000e+00   3.0356019e+02   1.6757287e+02
   2.9000000e+00   1.6256019e+02   6.1212870e+01
   3.0000000e+00   2.3156019e+02   1.0445287e+02
   3.1000000e+00   2.3856019e+02   5.5172870e+01
   3.2000000e+00   3.2256019e+02   1.2281287e+02
   3.3000000e+00   2.7456019e+02   5.4732870e+01
   3.4000000e+00   3.3456019e+02   1.1733287e+02
   3.5000000e+00   1.4156019e+02   1.5305287e+02
   3.6000000e+00   3.1356019e+02   3.6172870e+01
   3.7000000e+00   4.5256019e+02   2.8612870e+01
   3.8000000e+00   2.9356019e+02   5.6972870e+01
   3.9000000e+00   1.3956019e+02   7.8132870e+01
   4.0000000e+00   3.1256019e+02   1.8721287e+02
   4.1000000e+00   2.1556019e+02   1.9092870e+01
   4.2000000e+00   2.5656019e+02   8.5452870e+01
   4.3000000e+00   3.8956019e+02   6.8132870e+01
   4.4000000e+00   1.2856019e+02   1.4957287e+02
   4.5000000e+00   2.5756019e+02   3.4412870e+01
   4.6000000e+00   2.2556019e+02   3.5692870e+01
   4.7000000e+00   1.1156019e+02   7.2252870e+01
   4.8000000e+00   5.0056019e+02   3.6928704e+00
   4.9000000e+00   2.1856019e+02   1.0797287e+02
   5.0000000e+00   2.6256019e+02   6.2128704e+00
   5.1000000e+00   1.3256019e+02   4.5412870e+01
   5.2000000e+00   2.9656019e+02   1.1885287e+02
   5.3000000e+00   2.5256019e+02   3.6128704e+00
   5.4000000e+00   2.0756019e+02   2.0041287e+02
   5.5000000e+00   2.2956019e+02   7.9532870e+01
   5.6000000e+00   3.7556019e+02   8.6692870e+01
   5.7000000e+00   2.1856019e+02   6.0972870e+01
   5.8000000e+00   2.4656019e+02   1.3085287e+02
   5.9000000e+00   3.9556019e+02   3.7892870e+01
   6.0000000e+00   2.6256019e+02   6.5212870e+01
   6.1000000e+00   2.2856019e+02   2.4572870e+01
   6.2000000e+00   3.4656019e+02   6.0852870e+01
   6.3000000e+00   1.4156019e+02   4.8052870e+01
   6.4000000e+00   3.7956019e+02   2.9532870e+01
   6.5000000e+00   1.3656019e+02   5.9252870e+01
   6.6000000e+00   1.6656019e+02   9.2052870e+01
   6.7000000e+00   3.9756019e+02   6.7812870e+01
   6.8000000e+00   1.8056019e+02   2.9492870e+01
   6.9000000e+00   2.2856019e+02   9.1572870e+01
   7.0000000e+00   3.3856019e+02   7.0172870e+01
   7.1000000e+00   2.7356019e+02   3.5772870e+01
   7.2000000e+00   3.5256019e+02   8.5612870e+01
   7.3000000e+00   3.7656019e+02   5.6528704e+00
   7.4000000e+00   3.2056019e+02   7.3892870e+01
   7.5000000e+00   1.5156019e+02   1.3652870e+01
   7.6000000e+00   1.5156019e+02   1.4865287e+02
   7.7000000e+00   2.9156019e+02   8.4052870e+01
   7.8000000e+00   3.2856019e+02   6.0572870e+01
   7.9000000e+00   3.1356019e+02   5.4172870e+01
   8.0000000e+00   1.6956019e+02   1.0593287e+02
   8.1000000e+00   2.1656019e+02   7.8052870e+01
   8.2000000e+00   3.8856019e+02   1.0717287e+02
   8.3000000e+00   1.9056019e+02   7.7092870e+01
   8.4000000e+00   2.1556019e+02   1.2109287e+02
   8.5000000e+00   1.8356019e+02   7.5372870e+01
   8.6000000e+00   2.5956019e+02   4.3328704e+00
   8.7000000e+00   2.9956019e+02   1.5973287e+02
   8.8000000e+00   2.2856019e+02   1.4857287e+02
   8.9000000e+00   1.5756019e+02   1.0841287e+02
   9.0000000e+00   1.6056019e+02   6.2292870e+01
   9.1000000e+00   1.8556019e+02   8.0292870e+01
   9.2000000e+00   2.1756019e+02   7.1012870e+01
   9.3000000e+00   2.0256019e+02   7.0612870e+01
   9.4000000e+00   3.5656019e+02   8.5452870e+01
   9.5000000e+00   1.7956019e+02   5.4532870e+01
   9.6000000e+00   1.5656019e+02   5.0452870e+01
   9.7000000e+00   6.3560185e+01   1.3917287e+02
   9.8000000e+00   2.3356019e+02   5.0372870e+01
   9.9000000e+00   1.2656019e+02   1.0265287e+02
   1.0000000e+01   2.1056019e+02   8.1292870e+01
   1.0100000e+01   3.4556019e+02   5.7892870e+01
   1.0200000e+01   1.1556019e+02   1.5409287e+02
   1.0300000e+01   1.5556019e+02   1.0049287e+02
   1.0400000e+01   1.6056019e+02   3.2928704e+00
   1.0500000e+01   1.7756019e+02   4.2612870e+01
   1.0600000e+01   1.4256019e+02  -8.9871296e+00
   1.0700000e+01   2.8056019e+02   5.2492870e+01
   1.0800000e+01   1.9756019e+02   1.0381287e+02
   1.0900000e+01   1.5956019e+02   1.1733287e+02
   1.1000000e+01   1.0656019e+02   8.7452870e+01
   1.1100000e+01   2.4856019e+02   4.4772870e+01
   1.1200000e+01   2.6456019e+02   5.4132870e+01
   1.1300000e+01   3.2856019e+02   4.6572870e+01
   1.1400000e+01   3.0756019e+02  -4.1587130e+01
   1.1500000e+01   1.6256019e+02   3.8212870e+01
   1.1600000e+01   3.7156019e+02   2.9852870e+01
   1.1700000e+01   2.2356019e+02   5.7728704e+00
   1.1800000e+01   4.7656019e+02   1.9652870e+01
   1.1900000e+01   3.1456019e+02   2.1328704e+00
   1.2000000e+01   3.6856019e+02  -1.1027130e+01
   1.2100000e+01   4.5756019e+02   5.0412870e+01
   1.2200000e+01   4.2356019e+02  -5.2271296e+00
   1.2300000e+01   3.4256019e+02   9.0128704e+00
   1.2400000e+01   4.2356019e+02  -2.4227130e+01
   1.2500000e+01   3.6956019e+02   7.7932870e+01
   1.2600000e+01   3.4156019e+02   5.0528704e+00
   1.2700000e+01   3.0256019e+02   6.1287037e-01
   1.2800000e+01   3.1156019e+02   5.0252870e+01
   1.2900000e+01   2.4556019e+02   9.9892870e+01
   1.3000000e+01   4.2756019e+02  -4.3387130e+01
   1.3100000e+01   2.9856019e+02  -1.5227130e+01
   1.3200000e+01   2.9956019e+02   3.5732870e+01
   1.3300000e+01   3.7556019e+02   9.6928704e+00
   1.3400000e+01   3.0956019e+02   1.4733287e+02
   1.3500000e+01   2.4056019e+02   7.1092870e+01
   1.3600000e+01   4.6856019e+02  -3.9027130e+01
   1.3700000e+01   3.9356019e+02  -7.0271296e+00
   1.3800000e+01   4.8156019e+02  -8.5471296e+00
   1.3900000e+01   2.7056019e+02  -2.3107130e+01
   1.4000000e+01   4.8856019e+02  -2.2827130e+01
   1.4100000e+01   3.5056019e+02   6.6928704e+00
   1.4200000e+01   3.4356019e+02  -6.0271296e+00
   1.4300000e+01   3.3356019e+02   2.0372870e+01
   1.4400000e+01   2.1756019e+02   4.4012870e+01
   1.4500000e+01   2.5656019e+02  -1.5547130e+01
   1.4600000e+01   3.9256019e+02   2.0012870e+01
   1.4700000e+01   2.6256019e+02  -9.9787130e+01
   1.4800000e+01   1.9556019e+02   3.3892870e+01
   1.4900000e+01   3.1856019e+02   2.2972870e+01
   1.5000000e+01   3.8756019e+02  -9.9787130e+01
   1.5100000e+01   3.2956019e+02  -5.2467130e+01
   1.5200000e+01   2.7756019e+02   1.0612870e+01
   1.5300000e+01   3.4256019e+02  -7.2987130e+01
   1.5400000e+01   2.5256019e+02   4.6128704e+00
   1.5500000e+01   3.6056019e+02   4.6292870e+01
   1.5600000e+01   3.4156019e+02  -6.0947130e+01
   1.5700000e+01   4.1856019e+02   2.0972870e+01
   1.5800000e+01   2.9956019e+02   2.5732870e+01
   1.5900000e+01   3.0256019e+02  -5.8387130e+01
   1.6000000e+01   4.7356019e+02   3.6772870e+01
   1.6100000e+01   4.5856019e+02  -4.4627130e+01
   1.6200000e+01   2.8856019e+02  -4.1827130e+01
   1.6300000e+01   1.5656019e+02  -2.1547130e+01
   1.6400000e+01   4.2656019e+02  -1.0134713e+02
   1.6500000e+01   3.3656019e+02   7.6252870e+01
   1.6600000e+01   4.0856019e+02  -2.4627130e+01
   1.6700000e+01   2.8656019e+02   3.5252870e+01
   1.6800000e+01   2.3956019e+02  -3.9867130e+01
   1.6900000e+01   3.7156019e+02   3.0852870e+01
   1.7000000e+01   2.9256019e+02  -3.0987130e+01
   1.7100000e+01   3.1956019e+02   3.9932870e+01
   1.7200000e+01   4.4156019e+02  -6.5947130e+01
   1.7300000e+01   2.9556019e+02   5.5892870e+01
   1.7400000e+01   2.4156019e+02  -2.6947130e+01
   1.7500000e+01   3.3456019e+02   1.4332870e+01
   1.7600000e+01   2.7756019e+02   4.1612870e+01
   1.7700000e+01   4.1756019e+02  -2.0987130e+01
   1.7800000e+01   4.1856019e+02   8.7972870e+01
   1.7900000e+01   3.2956019e+02  -1.4671296e+00
   1.8000000e+01   3.7856019e+02   4.6572870e+01
   1.8100000e+01   1.6956019e+02   1.3932870e+01
   1.8200000e+01   2.7856019e+02   7.2572870e+01
   1.8300000e+01   2.7656019e+02   1.1652870e+01
   1.8400000e+01   2.9756019e+02  -4.6187130e+01
   1.8500000e+01   4.5356019e+02  -3.7427130e+01
   1.8600000e+01   2.7856019e+02  -4.3427130e+01
   1.8700000e+01   1.9056019e+02   5.5092870e+01
   1.8800000e+01   2.7756019e+02  -1.0387130e+01
   1.8900000e+01   3.6056019e+02   6.2928704e+00
   1.9000000e+01   2.2256019e+02   1.8812870e+01
   1.9100000e+01   1.9756019e+02  -8.1871296e+00
   1.9200000e+01   4.7656019e+02   3.7652870e+01
   1.9300000e+01   4.4556019e+02   2.5892870e+01
   1.9400000e+01   3.1256019e+02   1.1212870e+01
   1.9500000e+01   4.7556019e+02  -1.3071296e+00
   1.9600000e+01   2.1256019e+02   1.9212870e+01
   1.9700000e+01   4.5056019e+02   1.7692870e+01
   1.9800000e+01   4.3256019e+02   3.2412870e+01
   1.9900000e+01   1.8756019e+02  -6.0787130e+01
   2.0000000e+01   4.5156019e+02   5.6528704e+00
   2.0100000e+01   3.0956019e+02  -2.3667130e+01
   2.0200000e+01   2.8656019e+02   1.2528704e+00
   2.0300000e+01   2.8556019e+02   9.6292870e+01
   2.0400000e+01   2.6156019e+02  -1.7471296e+00
   2.0500000e+01   4.3856019e+02   3.8172870e+01
   2.0600000e+01   1.8956019e+02   5.6132870e+01
   2.0700000e+01   4.2956019e+02   5.3532870e+01
   2.0800000e+01   3.1456019e+02   7.1328704e+00
   2.0900000e+01   2.1856019e+02   3.7972870e+01
   2.1000000e+01   1.5856019e+02   2.9372870e+01
   2.1100000e+01   3.4656019e+02   9.1852870e+01
   2.1200000e+01   3.8956019e+02   1.2132870e+01
   2.1300000e+01   2.8756019e+02   2.3212870e+01
   2.1400000e+01   4.2456019e+02  -3.2671296e+00
   2.1500000e+01   4.0956019e+02   6.7332870e+01
   2.1600000e+01   2.5956019e+02   8.3328704e+00
   2.1700000e+01   2.5356019e+02  -4.2712963e-01
   2.1800000e+01   3.7856019e+02   3.3572870e+01
   2.1900000e+01   2.2456019e+02   1.8732870e+01
   2.2000000e+01   3.3356019e+02  -3.2627130e+01
   2.2100000e+01   3.7956019e+02  -4.2467130e+01
   2.2200000e+01   4.1456019e+02   3.1328704e+00
   2.2300000e+01   2.9056019e+02  -8.9071296e+00
   2.2400000e+01   2.6156019e+02  -2.8747130e+01
   2.2500000e+01   2.6556019e+02   4.0928704e+00
   2.2600000e+01   3.0556019e+02   1.4492870e+01
   2.2700000e+01   3.3956019e+02   2.0132870e+01
   2.2800000e+01   4.6656019e+02  -9.9471296e+00
   2.2900000e+01   4.2056019e+02  -2.4107130e+01
   2.3000000e+01   4.0756019e+02   6.4128704e+00
   2.3100000e+01   3.6956019e+02  -1.8067130e+01
   2.3200000e+01   4.0456019e+02  -4.4671296e+00
   2.3300000e+01   5.1456019e+02   1.0132870e+01
   2.3400000e+01   4.6356019e+02   1.5172870e+01
   2.3500000e+01   3.7456019e+02  -8.1267130e+01
   2.3600000e+01   3.8156019e+02   4.4528704e+00
   2.3700000e+01   3.5656019e+02   5.0452870e+01
   2.3800000e+01   1.9156019e+02   1.2052870e+01
   2.3900000e+01   3.0556019e+02   2.4492870e+01
   2.4000000e+01   2.0556019e+02  -1.5507130e+01
   2.4100000e+01   3.1856019e+02   1.6972870e+01
   2.4200000e+01   2.5656019e+02   1.4452870e+01
   2.4300000e+01   3.4456019e+02   2.0932870e+01
   2.4400000e+01   3.6956019e+02  -5.2067130e+01
   2.4500000e+01   3.8856019e+02   1.4017287e+02
   2.4600000e+01   2.3656019e+02  -5.4747130e+01
   2.4700000e+01   3.2856019e+02  -1.9427130e+01
   2.4800000e+01   4.7156019e+02  -1.9147130e+01
   2.4900000e+01   3.9756019e+02  -9.1871296e+00
   2.5000000e+01   3.0056019e+02   1.4692870e+01
   2.5100000e+01   3.6556019e+02  -5.5907130e+01
   2.5200000e+01   2.2256019e+02   1.1812870e+01
   2.5300000e+01   2.1056019e+02  -2.7071296e+00
   2.5400000e+01   3.6156019e+02   5.6252870e+01
   2.5500000e+01   4.7856019e+02   2.9572870e+01
   2.5600000e+01   4.8656019e+02   3.3252870e+01
   2.5700000e+01   3.8756019e+02  -1.6787130e+01
   2.5800000e+01   3.6756019e+02   3.0128704e+00
   2.5900000e+01   4.7656019e+02   3.0652870e+01
   2.6000000e+01   4.1656019e+02   2.5052870e+01
   2.6100000e+01   3.7256019e+02  -9.1871296e+00
   2.6200000e+01   2.2156019e+02   7.8852870e+01
   2.6300000e+01   4.7956019e+02  -2.0467130e+01
   2.6400000e+01   2.1356019e+02   9.3172870e+01
   2.6500000e+01   3.6456019e+02  -1.1867130e+01
   2.6600000e+01   4.7756019e+02  -3.3387130e+01
   2.6700000e+01   3.5656019e+02   4.3452870e+01
   2.6800000e+01   3.1356019e+02  -5.8271296e+00
   2.6900000e+01   5.1656019e+02  -2.8947130e+01
   2.7000000e+01   2.9856019e+02  -6.5227130e+01
   2.7100000e+01   2.6856019e+02  -4.0027130e+01
   2.7200000e+01   3.6656019e+02  -1.2947130e+01
   2.7300000e+01   2.8556019e+02   5.0292870e+01
   2.7400000e+01   2.4756019e+02   1.1812870e+01
   2.7500000e+01   2.2756019e+02  -2.3871296e+00
   2.7600000e+01   4.2356019e+02   2.6772870e+01
   2.7700000e+01   3.9656019e+02   1.6852870e+01
   2.7800000e+01   2.9056019e+02   5.9092870e+01
   2.7900000e+01   2.9956019e+02  -3.5267130e+01
   2.8000000e+01   2.5556019e+02   1.3249287e+02
   2.8100000e+01   4.3556019e+02   1.0292870e+01
   2.8200000e+01   2.7056019e+02   1.2589287e+02
   2.8300000e+01   4.4656019e+02   2.6852870e+01
   2.8400000e+01   4.0756019e+02  -5.6587130e+01
   2.8500000e+01   2.9956019e+02   1.2732870e+01
   2.8600000e+01   3.6156019e+02  -5.4747130e+01
   2.8700000e+01   5.0156019e+02  -7.3471296e+00
   2.8800000e+01   4.0556019e+02   1.4928704e+00
   2.8900000e+01   2.7656019e+02   5.3652870e+01
   2.9000000e+01   3.2356019e+02   1.1772870e+01
   2.9100000e+01   2.4556019e+02  -6.7107130e+01
   2.9200000e+01   3.4556019e+02  -1.5107130e+01
   2.9300000e+01   2.6956019e+02  -5.6067130e+01
   2.9400000e+01   3.9256019e+02  -1.2987130e+01
   2.9500000e+01   3.5956019e+02   3.4332870e+01
   2.9600000e+01   3.1356019e+02  -1.8271296e+00
   2.9700000e+01   4.3856019e+02   1.2172870e+01
   2.9800000e+01   3.0856019e+02  -1.7627130e+01
   2.9900000e+01   2.7856019e+02   2.2572870e+01
   3.0000000e+01   3.3156019e+02  -8.5471296e+00
   3.0100000e+01   2.7356019e+02  -2.7227130e+01
   3.0200000e+01   4.6356019e+02   1.0417287e+02
   3.0300000e+01   3.6256019e+02   1.2212870e+01
   3.0400000e+01   2.8756019e+02   1.0212870e+01
   3.0500000e+01   4.6256019e+02  -1.2787130e+01
   3.0600000e+01   3.1256019e+02   9.1212870e+01
   3.0700000e+01   3.3756019e+02   1.9212870e+01
   3.0800000e+01   2.8956019e+02   3.4132870e+01
   3.0900000e+01   3.6156019e+02  -2.5747130e+01
   3.1000000e+01   3.2356019e+02  -2.3227130e+01
   3.1100000e+01   3.7956019e+02  -7.4671296e+00
   3.1200000e+01   3.7856019e+02   1.7572870e+01
   3.1300000e+01   2.5956019e+02   1.1033287e+02
   3.1400000e+01   2.4456019e+02   4.9328704e+00
   3.1500000e+01   3.5656019e+02  -3.3547130e+01
   3.1600000e+01   3.9456019e+02  -1.3067130e+01
   3.1700000e+01   4.8356019e+02  -1.3627130e+01
   3.1800000e+01   2.7956019e+02   2.6532870e+01
   3.1900000e+01   2.6456019e+02   3.6132870e+01
   3.2000000e+01   2.8356019e+02   2.5372870e+01
   3.2100000e+01   3.1756019e+02   8.2012870e+01
   3.2200000e+01   2.8056019e+02   5.8492870e+01
   3.2300000e+01   3.8356019e+02   1.1372870e+01
   3.2400000e+01   4.0956019e+02   1.0933287e+02
   3.2500000e+01   5.9156019e+02   5.2870370e-02
   3.2600000e+01   3.8956019e+02   1.2513287e+02
   3.2700000e+01   2.5256019e+02   1.6128704e+00
   3.2800000e+01   4.8256019e+02  -3.1587130e+01
   3.2900000e+01   4.1056019e+02  -2.2707130e+01
   3.3000000e+01   3.6456019e+02   4.6132870e+01
   3.3100000e+01   3.4556019e+02   2.1892870e+01
   3.3200000e+01   4.7256019e+02   8.8128704e+00
   3.3300000e+01   3.3756019e+02  -2.3787130e+01
   3.3400000e+01   3.3256019e+02  -2.7587130e+01
   3.3500000e+01   3.5356019e+02   6.1572870e+01
   3.3600000e+01   3.1456019e+02   2.6132870e+01
   3.3700000e+01   4.0856019e+02  -1.6271296e+00
   3.3800000e+01   2.7956019e+02  -3.7467130e+01
   3.3900000e+01   3.1156019e+02   2.0252870e+01
   3.4000000e+01   3.9056019e+02   7.3092870e+01
   3.4100000e+01   5.0556019e+02   2.4492870e+01
   3.4200000e+01   4.1056019e+02  -4.7071296e+00
   3.4300000e+01   4.4056019e+02   3.1092870e+01
   3.4400000e+01   4.3356019e+02   5.0372870e+01
   3.4500000e+01   4.6756019e+02   1.5801287e+02
   3.4600000e+01   2.8356019e+02   4.3728704e+00
   3.4700000e+01   2.1156019e+02  -7.4712963e-01
   3.4800000e+01   5.0856019e+02  -5.6627130e+01
   3.4900000e+01   2.9456019e+02  -2.5067130e+01
   3.5000000e+01   3.8956019e+02   1.3132870e+01
   3.5100000e+01   3.0356019e+02   2.0572870e+01
   3.5200000e+01   2.1856019e+02   4.9972870e+01
   3.5300000e+01   3.3256019e+02   4.2412870e+01
   3.5400000e+01   2.7556019e+02   7.6928704e+00
   3.5500000e+01   3.2256019e+02  -2.0187130e+01
   3.5600000e+01   3.8756019e+02   5.3212870e+01
   3.5700000e+01   4.8956019e+02  -3.8867130e+01
   3.5800000e+01   2.6456019e+02  -1.6867130e+01
   3.5900000e+01   2.0956019e+02   7.2332870e+01
   3.6000000e+01   3.2956019e+02  -1.3467130e+01
   3.6100000e+01   3.2056019e+02  -4.2107130e+01
   3.6200000e+01   2.8556019e+02   4.1292870e+01
   3.6300000e+01   2.9156019e+02   1.6052870e+01
   3.6400000e+01   2.4056019e+02   4.3092870e+01
   3.6500000e+01   3.9056019e+02   2.5092870e+01
   3.6600000e+01   1.7856019e+02   6.8572870e+01
   3.6700000e+01   3.2356019e+02   7.7772870e+01
   3.6800000e+01   4.7256019e+02  -1.5187130e+01
   3.6900000e+01   4.2656019e+02   2.3652870e+01
   3.7000000e+01   3.5456019e+02   5.0532870e+01
   3.7100000e+01   3.0356019e+02   1.0572870e+01
   3.7200000e+01   3.0356019e+02   3.2572870e+01
   3.7300000e+01   2.0656019e+02   2.5452870e+01
   3.7400000e+01   2.2356019e+02   4.7772870e+01
   3.7500000e+01   6.3956019e+02   9.1328704e+00
   3.7600000e+01   2.7356019e+02   6.1772870e+01
   3.7700000e+01   2.0356019e+02   5.1572870e+01
   3.7800000e+01   1.8756019e+02   1.5212870e+01
   3.7900000e+01   3.5256019e+02   8.8612870e+01
   3.8000000e+01   2.4156019e+02   1.3505287e+02
   3.8100000e+01   4.1256019e+02   3.4212870e+01
   3.8200000e+01   3.8156019e+02  -9.5471296e+00
   3.8300000e+01   4.8456019e+02   1.2833287e+02
   3.8400000e+01   4.2556019e+02  -1.4307130e+01
   3.8500000e+01   4.4156019e+02   4.1052870e+01
   3.8600000e+01   2.0756019e+02   1.0841287e+02
   3.8700000e+01   3.5256019e+02   2.6128704e+00
   3.8800000e+01   2.7256019e+02   2.5812870e+01
   3.8900000e+01   2.4256019e+02   1.7601287e+02
   3.9000000e+01   3.2756019e+02   1.2612870e+01
   3.9100000e+01   3.3856019e+02  -7.8271296e+00
   3.9200000e+01   2.3656019e+02   2.1252870e+01
   3.9300000e+01   4.1656019e+02  -1.5947130e+01
   3.9400000e+01   1.8356019e+02   5.2372870e+01
   3.9500000e+01   3.6456019e+02   1.3132870e+01
   3.9600000e+01   3.0056019e+02   5.8692870e+01
   3.9700000e+01   2.8856019e+02   2.2172870e+01
   3.9800000e+01   1.9756019e+02  -3.3187130e+01
   3.9900000e+01   3.0456019e+02   8.5328704e+00
   4.0000000e+01   3.6256019e+02   3.9212870e+01
   4.0100000e+01   3.7056019e+02   6.8928704e+00
   4.0200000e+01   4.6056019e+02   9.9292870e+01
   4.0300000e+01   3.0556019e+02  -7.5071296e+00
   4.0400000e+01   3.8556019e+02   6.9292870e+01
   4.0500000e+01   3.1556019e+02   1.1609287e+02
   4.0600000e+01   3.0756019e+02   5.8412870e+01
   4.0700000e+01   4.9756019e+02   2.2812870e+01
   4.0800000e+01   2.8056019e+02  -2.0507130e+01
   4.0900000e+01   2.5356019e+02   3.5728704e+00
   4.1000000e+01   2.9956019e+02  -2.4267130e+01
   4.1100000e+01   2.9456019e+02  -3.3067130e+01
   4.1200000e+01   3.1656019e+02   1.5052870e+01
   4.1300000e+01   3.7056019e+02   2.8892870e+01
   4.1400000e+01   2.9856019e+02   3.1772870e+01
   4.1500000e+01   4.0256019e+02   2.6612870e+01
   4.1600000e+01   4.7456019e+02  -4.2267130e+01
   4.1700000e+01   2.8556019e+02  -1.3707130e+01
   4.1800000e+01   4.3256019e+02  -2.7587130e+01
   4.1900000e+01   3.3856019e+02  -5.1827130e+01
   4.2000000e+01   3.7056019e+02   7.2892870e+01
   4.2100000e+01   2.3656019e+02  -1.3747130e+01
   4.2200000e+01   3.2456019e+02  -2.1267130e+01
   4.2300000e+01   3.2656019e+02   2.7652870e+01
   4.2400000e+01   4.3356019e+02   8.8372870e+01
   4.2500000e+01   3.2856019e+02   2.2572870e+01
   4.2600000e+01   4.0056019e+02   6.0692870e+01
   4.2700000e+01   2.2856019e+02  -2.6427130e+01
   4.2800000e+01   3.4756019e+02  -1.6187130e+01
   4.2900000e+01   2.0856019e+02   2.1372870e+01
   4.3000000e+01   4.1456019e+02  -1.2867130e+01
   4.3100000e+01   2.8156019e+02   4.4528704e+00
   4.3200000e+01   4.3956019e+02   9.1328704e+00
   4.3300000e+01   4.3956019e+02  -1.0867130e+01
   4.3400000e+01   1.6456019e+02   7.1328704e+00
   4.3500000e+01   4.4356019e+02  -1.3027130e+01
   4.3600000e+01   3.4356019e+02   2.0972870e+01
   4.3700000e+01   2.9956019e+02   4.6732870e+01
   4.3800000e+01   3.9556019e+02  -3.1071296e+00
   4.3900000e+01   2.3556019e+02   3.5292870e+01
   4.4000000e+01   2.6956019e+02   3.9932870e+01
   4.4100000e+01   3.7656019e+02  -2.1347130e+01
   4.4200000e+01   2.8856019e+02   1.0217287e+02
   4.4300000e+01   2.4356019e+02   1.3972870e+01
   4.4400000e+01   2.6256019e+02   2.9212870e+01
   4.4500000e+01   4.2756019e+02   5.5612870e+01
   4.4600000e+01   3.0856019e+02  -1.6627130e+01
   4.4700000e+01   2.8756019e+02   7.0212870e+01
   4.4800000e+01   2.7456019e+02   2.2732870e+01
   4.4900000e+01   1.9156019e+02   1.0528704e+00
   4.5000000e+01   4.5056019e+02  -4.3071296e+00
   4.5100000e+01   3.6956019e+02   2.0932870e+01
   4.5200000e+01   2.6856019e+02  -2.2027130e+01
   4.5300000e+01   3.0656019e+02  -2.1547130e+01
   4.5400000e+01   2.2656019e+02   4.6652870e+01
   4.5500000e+01   3.3556019e+02  -5.0707130e+01
   4.5600000e+01   4.6556019e+02  -3.5907130e+01
   4.5700000e+01   2.6656019e+02   5.5052870e+01
   4.5800000e+01   4.2056019e+02   7.6892870e+01
   4.5900000e+01   4.9156019e+02  -1.0947130e+01
   4.6000000e+01   4.8156019e+02  -8.5471296e+00
   4.6100000e+01   2.2356019e+02   1.6772870e+01
   4.6200000e+01   3.8956019e+02   1.2132870e+01
   4.6300000e+01   3.9056019e+02  -4.4907130e+01
   4.6400000e+01   2.9056019e+02  -2.0907130e+01
   4.6500000e+01   1.7856019e+02  -3.6427130e+01
   4.6600000e+01   3.7456019e+02  -1.1267130e+01
   4.6700000e+01   3.7956019e+02   7.2532870e+01
   4.6800000e+01   1.8156019e+02  -3.2547130e+01
   4.6900000e+01   3.2056019e+02  -7.1071296e+00
   4.7000000e+01   2.4156019e+02   1.5052870e+01
   4.7100000e+01   2.6156019e+02  -5.7471296e+00
   4.7200000e+01   4.1556019e+02  -4.6907130e+01
   4.7300000e+01   3.2656019e+02   3.9652870e+01
   4.7400000e+01   5.0556019e+02  -4.5507130e+01
   4.7500000e+01   3.5756019e+02  -1.5871296e+00
   4.7600000e+01   2.6056019e+02  -3.7707130e+01
   4.7700000e+01   3.2756019e+02   1.9612870e+01
   4.7800000e+01   2.9356019e+02  -1.1027130e+01
   4.7900000e+01   2.9556019e+02  -2.8107130e+01
   4.8000000e+01   4.4856019e+02  -6.0227130e+01
   4.8100000e+01   3.8756019e+02  -1.3787130e+01
   4.8200000e+01   3.9556019e+02   2.8892870e+01
   4.8300000e+01   2.7256019e+02  -4.2187130e+01
   4.8400000e+01   3.8156019e+02  -2.1547130e+01
   4.8500000e+01   2.9056019e+02   5.0928704e+00
   4.8600000e+01   2.0756019e+02   1.0841287e+02
   4.8700000e+01   4.6056019e+02  -8.7071296e+00
   4.8800000e+01   3.6856019e+02  -1.3027130e+01
   4.8900000e+01   4.0056019e+02   1.2669287e+02
   4.9000000e+01   4.1556019e+02  -7.9071296e+00
   4.9100000e+01   1.9056019e+02   1.4092870e+01
   4.9200000e+01   3.2456019e+02   1.1732870e+01
   4.9300000e+01   4.1156019e+02   9.2528704e+00
   4.9400000e+01   2.7456019e+02   4.7732870e+01
   4.9500000e+01   3.1156019e+02  -2.2747130e+01
   4.9600000e+01   3.2756019e+02  -8.3871296e+00
   4.9700000e+01   3.2756019e+02   3.8612870e+01
   4.9800000e+01   3.0456019e+02   6.5328704e+00
   4.9900000e+01   3.6456019e+02  -4.9867130e+01
   5.0000000e+01   4.4056019e+02  -2.8907130e+01
   5.0100000e+01   2.6656019e+02   5.2870370e-02
   5.0200000e+01   4.5756019e+02  -1.3587130e+01
   5.0300000e+01   2.6656019e+02   1.8052870e+01
   5.0400000e+01   3.5156019e+02   7.1652870e+01
   5.0500000e+01   3.4856019e+02  -1.5227130e+01
   5.0600000e+01   3.0256019e+02   1.7612870e+01
   5.0700000e+01   3.3456019e+02   9.2332870e+01
   5.0800000e+01   4.3356019e+02   4.2372870e+01
   5.0900000e+01   4.4156019e+02  -1.6947130e+01
   5.1000000e+01   3.6556019e+02   3.2092870e+01
   5.1100000e+01   3.8656019e+02  -2.7747130e+01
   5.1200000e+01   4.0056019e+02   9.2692870e+01
   5.1300000e+01   1.9356019e+02  -1.0271296e+00
   5.1400000e+01   4.5756019e+02  -3.2587130e+01
   5.1500000e+01   4.7756019e+02  -5.3871296e+00
   5.1600000e+01   4.8356019e+02  -2.4627130e+01
   5.1700000e+01   2.9556019e+02  -3.2107130e+01
   5.1800000e+01   3.0756019e+02   9.1412870e+01
   5.1900000e+01   1.8556019e+02   5.4292870e+01
   5.2000000e+01   3.0356019e+02  -4.6427130e+01
   5.2100000e+01   2.5456019e+02  -1.4467130e+01
   5.2200000e+01   4.5356019e+02   3.2572870e+01
   5.2300000e+01   2.8556019e+02   1.2292870e+01
   5.2400000e+01   3.4956019e+02  -3.0267130e+01
   5.2500000e+01   2.4756019e+02   3.8128704e+00
   5.2600000e+01   2.3756019e+02   1.2212870e+01
   5.2700000e+01   2.3556019e+02  -5.7071296e+00
   5.2800000e+01   3.4156019e+02   8.7052870e+01
   5.2900000e+01   3.4656019e+02   5.1852870e+01
   5.3000000e+01   5.4256019e+02  -1.9987130e+01
   5.3100000e+01   4.3656019e+02   1.1252870e+01
   5.3200000e+01   1.7356019e+02  -1.9227130e+01
   5.3300000e+01   3.2956019e+02  -4.3467130e+01
   5.3400000e+01   3.2256019e+02   3.0812870e+01
   5.3500000e+01   3.0556019e+02  -2.9507130e+01
   5.3600000e+01   2.4656019e+02   1.3585287e+02
   5.3700000e+01   3.9456019e+02   5.9328704e+00
   5.3800000e+01   2.9656019e+02  -4.4147130e+01
   5.3900000e+01   3.9456019e+02   5.6932870e+01
   5.4000000e+01   3.6256019e+02   7.2128704e+00
   5.4100000e+01   3.0556019e+02  -6.5071296e+00
   5.4200000e+01   2.5156019e+02   1.9652870e+01
   5.4300000e+01   2.4156019e+02  -2.7947130e+01
   5.4400000e+01   2.8456019e+02   3.3328704e+00
   5.4500000e+01   1.7856019e+02   3.3572870e+01
   5.4600000e+01   3.3256019e+02   3.3412870e+01
   5.4700000e+01   5.4856019e+02   3.8772870e+01
   5.4800000e+01   3.7356019e+02  -5.2227130e+01
   5.4900000e+01   2.2556019e+02   5.6928704e+00
   5.5000000e+01   3.6056019e+02   6.9292870e+01
   5.5100000e+01   3.7156019e+02   1.7852870e+01
   5.5200000e+01   5.2456019e+02   1.1732870e+01
   5.5300000e+01   4.0356019e+02  -2.2427130e+01
   5.5400000e+01   4.4756019e+02  -1.1871296e+00
   5.5500000e+01   3.8756019e+02  -1.7871296e+00
   5.5600000e+01   4.5556019e+02   5.0492870e+01
   5.5700000e+01   3.9556019e+02  -3.0107130e+01
   5.5800000e+01   4.4156019e+02   1.1052870e+01
   5.5900000e+01   3.6856019e+02   4.2972870e+01
   5.6000000e+01   2.7756019e+02  -5.3387130e+01
   5.6100000e+01   1.6556019e+02   8.6092870e+01
   5.6200000e+01   3.7956019e+02  -6.0467130e+01
   5.6300000e+01   1.9356019e+02   1.4972870e+01
   5.6400000e+01   2.1056019e+02  -4.6707130e+01
   5.6500000e+01   2.5356019e+02   1.3572870e+01
   5.6600000e+01   2.8356019e+02   7.4372870e+01
   5.6700000e+01   3.5956019e+02   3.8332870e+01
   5.6800000e+01   2.7856019e+02   8.8572870e+01
   5.6900000e+01   3.8156019e+02   1.7452870e+01
   5.7000000e+01   2.7756019e+02  -7.3871296e+00
   5.7100000e+01   2.8056019e+02  -2.5071296e+00
   5.7200000e+01   2.4356019e+02   1.7972870e+01
   5.7300000e+01   3.2456019e+02   1.4732870e+01
   5.7400000e+01   2.5456019e+02  -3.1467130e+01
   5.7500000e+01   2.4156019e+02  -1.6947130e+01
   5.7600000e+01   4.1456019e+02   1.8132870e+01
   5.7700000e+01   2.3756019e+02   1.3212870e+01
   5.7800000e+01   2.6356019e+02   2.8172870e+01
   5.7900000e+01   3.5656019e+02   2.8452870e+01
   5.8000000e+01   2.9456019e+02  -1.8067130e+01
   5.8100000e+01   4.3156019e+02  -3.6547130e+01
   5.8200000e+01   1.5556019e+02   3.5492870e+01
   5.8300000e+01   3.3656019e+02   5.4252870e+01
   5.8400000e+01   4.7856019e+02   7.6572870e+01
   5.8500000e+01   3.4656019e+02  -1.9147130e+01
   5.8600000e+01   2.7956019e+02  -7.4671296e+00
   5.8700000e+01   2.9756019e+02   2.5812870e+01
   5.8800000e+01   2.2756019e+02   7.1612870e+01
   5.8900000e+01   3.8456019e+02   9.3332870e+01
   5.9000000e+01   2.4556019e+02  -6.8107130e+01
   5.9100000e+01   2.5356019e+02   2.4572870e+01
   5.9200000e+01   3.0156019e+02   4.1652870e+01
   5.9300000e+01   2.5456019e+02   5.2532870e+01
   5.9400000e+01   3.1056019e+02   3.2292870e+01
   5.9500000e+01   1.8560185e+01   2.1972870e+01
   5.9600000e+01  -3.4398148e+00   1.3852870e+01
   5.9700000e+01   1.7560185e+01   2.2012870e+01
   5.9800000e+01   1.0560185e+01  -3.5707130e+01
   5.9900000e+01  -1.4398148e+00  -3.9227130e+01
   6.0000000e+01  -8.4398148e+00  -3.9947130e+01
   6.0100000e+01  -2.8439815e+01  -9.1471296e+00
   6.0200000e+01  -4.1439815e+01   5.6372870e+01
   6.0300000e+01   1.1560185e+01   2.2252870e+01
   6.0400000e+01   7.5601852e+00  -2.1587130e+01
   6.0500000e+01   1.6056019e+02  -4.4707130e+01
   6.0600000e+01  -1.0943981e+02   5.4092870e+01
   6.0700000e+01   6.3560185e+01  -2.1827130e+01
   6.0800000e+01  -2.1439815e+01  -3.4427130e+01
   6.0900000e+01  -2.4439815e+01  -2.9307130e+01
   6.1000000e+01   8.9560185e+01  -2.4867130e+01
   6.1100000e+01  -3.0439815e+01   2.7932870e+01
   6.1200000e+01   1.0956019e+02   1.8332870e+01
   6.1300000e+01  -3.6439815e+01  -1.5827130e+01
   6.1400000e+01   8.2560185e+01  -2.5871296e+00
   6.1500000e+01   3.2560185e+01  -2.9587130e+01
   6.1600000e+01  -3.4398148e+00   4.2852870e+01
   6.1700000e+01  -1.9439815e+01  -2.3507130e+01
   6.1800000e+01   8.6560185e+01   9.8252870e+01
   6.1900000e+01   5.4560185e+01   7.5328704e+00
   6.2000000e+01   6.5601852e+00   4.7452870e+01
   6.2100000e+01   6.7560185e+01  -4.6987130e+01
   6.2200000e+01   9.9560185e+01   1.0773287e+02
   6.2300000e+01  -1.4398148e+00  -1.5227130e+01
   6.2400000e+01  -2.3439815e+01   3.3652870e+01
   6.2500000e+01   1.6560185e+01  -2.9471296e+00
   6.2600000e+01   3.9560185e+01   2.2132870e+01
   6.2700000e+01  -6.3439815e+01   1.4252870e+01
   6.2800000e+01   6.5601852e+00   4.4528704e+00
   6.2900000e+01   2.2560185e+01   1.8812870e+01
   6.3000000e+01   1.8356019e+02  -2.0627130e+01
   6.3100000e+01   5.2560185e+01   6.6128704e+00
   6.3200000e+01   5.3560185e+01   3.6572870e+01
   6.3300000e+01  -3.4439815e+01  -2.1907130e+01
   6.3400000e+01   2.3560185e+01   5.1772870e+01
   6.3500000e+01   3.8560185e+01   9.1172870e+01
   6.3600000e+01   9.5601852e+00   3.1332870e+01
   6.3700000e+01  -7.7439815e+01   1.5812870e+01
   6.3800000e+01   4.5601852e+00   2.3532870e+01
   6.3900000e+01   3.2560185e+01  -5.5871296e+00
   6.4000000e+01  -7.3439815e+01  -3.1347130e+01
   6.4100000e+01  -7.7439815e+01   1.5812870e+01
   6.4200000e+01  -4.4398148e+00   6.5892870e+01
   6.4300000e+01  -2.8439815e+01  -9.1471296e+00
   6.4400000e+01   3.0560185e+01   5.9492870e+01
   6.4500000e+01  -6.0439815e+01  -1.0867130e+01
   6.4600000e+01  -4.0439815e+01  -6.3667130e+01
   6.4700000e+01   2.6560185e+01   5.7652870e+01
   6.4800000e+01   4.6560185e+01  -2.0147130e+01
   6.4900000e+01   1.6560185e+01  -3.1947130e+01
   6.5000000e+01   4.9560185e+01   9.8732870e+01
   6.5100000e+01   1.8560185e+01  -1.0027130e+01
   6.5200000e+01  -3.4398148e+00  -1.3147130e+01
   6.5300000e+01   5.9560185e+01   1.9332870e+01
   6.5400000e+01   5.3560185e+01  -1.1427130e+01
   6.5500000e+01  -2.7439815e+01   5.5812870e+01
   6.5600000e+01   2.4560185e+01   3.4732870e+01
   6.5700000e+01  -8.3439815e+01  -1.7947130e+01
   6.5800000e+01   2.5560185e+01  -1.6307130e+01
   6.5900000e+01   8.5601852e+00  -3.0627130e+01
   6.6000000e+01  -1.0439815e+01   1.3287037e-01
   6.6100000e+01  -1.2439815e+01   3.4212870e+01
   6.6200000e+01   9.2560185e+01  -3.2987130e+01
   6.6300000e+01  -2.1439815e+01   1.5572870e+01
   6.6400000e+01  -5.1439815e+01   5.3772870e+01
   6.6500000e+01   5.5601852e+00   7.3492870e+01
   6.6600000e+01  -2.2439815e+01  -1.9387130e+01
   6.6700000e+01   1.3956019e+02  -7.8671296e+00
   6.6800000e+01   5.9560185e+01   1.0333287e+02
   6.6900000e+01  -4.9439815e+01  -2.3071296e+00
   6.7000000e+01  -1.0439815e+01  -1.8671296e+00
   6.7100000e+01  -3.4398148e+00  -4.1147130e+01
   6.7200000e+01   6.7560185e+01  -4.9871296e+00
   6.7300000e+01   1.7560185e+01   1.0128704e+00
   6.7400000e+01  -3.8439815e+01   1.2252870e+01
   6.7500000e+01   1.6560185e+01   4.4052870e+01
   6.7600000e+01   3.2560185e+01   2.5412870e+01
   6.7700000e+01   6.5601852e+00  -1.5547130e+01
   6.7800000e+01   2.5560185e+01   1.0692870e+01
   6.7900000e+01  -6.1439815e+01   7.0172870e+01
   6.8000000e+01   5.5560185e+01   4.2492870e+01
   6.8100000e+01   1.1560185e+01  -2.8747130e+01
   6.8200000e+01   9.6560185e+01   4.0852870e+01
   6.8300000e+01  -3.2439815e+01   5.0128704e+00
   6.8400000e+01   3.1560185e+01  -1.5547130e+01
   6.8500000e+01   6.7560185e+01  -1.2987130e+01
   6.8600000e+01   8.1560185e+01  -1.2547130e+01
   6.8700000e+01  -4.8439815e+01  -2.2347130e+01
   6.8800000e+01   1.1560185e+01   1.2528704e+00
   6.8900000e+01  -5.4439815e+01   6.1892870e+01
   6.9000000e+01  -3.1439815e+01   4.5972870e+01
   6.9100000e+01   4.8560185e+01   6.6772870e+01
   6.9200000e+01   7.3560185e+01  -3.1227130e+01
   6.9300000e+01  -1.4439815e+01  -8.7071296e+00
   6.9400000e+01   6.2560185e+01   1.4212870e+01
   6.9500000e+01   4.5601852e+00   1.3532870e+01
   6.9600000e+01   1.6656019e+02   2.0528704e+00
   6.9700000e+01   4.4560185e+01  -6.7129630e-02
   6.9800000e+01   1.6560185e+01   4.8052870e+01
   6.9900000e+01  -2.4439815e+01   3.3692870e+01
   7.0000000e+01   1.1560185e+01  -9.7471296e+00
   7.0100000e+01  -3.3439815e+01  -1.8947130e+01
   7.0200000e+01  -1.8439815e+01   1.8452870e+01
   7.0300000e+01   4.7560185e+01  -1.4187130e+01
   7.0400000e+01   9.5601852e+00  -3.1667130e+01
   7.0500000e+01   8.0560185e+01   1.9492870e+01
   7.0600000e+01  -5.5439815e+01  -3.1067130e+01
   7.0700000e+01  -5.5439815e+01  -1.4067130e+01
   7.0800000e+01   5.1560185e+01  -4.2347130e+01
   7.0900000e+01   1.9560185e+01  -1.7067130e+01
   7.1000000e+01  -8.4398148e+00   1.1052870e+01
   7.1100000e+01   7.5601852e+00  -6.1587130e+01
   7.1200000e+01   2.1560185e+01   1.8852870e+01
   7.1300000e+01   2.1560185e+01  -5.1471296e+00
   7.1400000e+01  -7.9439815e+01  -1.6107130e+01
   7.1500000e+01   4.3560185e+01  -2.9027130e+01
   7.1600000e+01  -1.2439815e+01  -1.8787130e+01
   7.1700000e+01  -7.5439815e+01   1.3732870e+01
   7.1800000e+01  -3.3439815e+01   2.6052870e+01
   7.1900000e+01  -8.9439815e+01   7.2928704e+00
   7.2000000e+01   3.5560185e+01   3.6292870e+01
   7.2100000e+01   5.6560185e+01   3.6452870e+01
   7.2200000e+01   1.0560185e+01   1.6292870e+01
   7.2300000e+01   1.3156019e+02  -7.5471296e+00
   7.2400000e+01  -3.1439815e+01  -3.0271296e+00
   7.2500000e+01  -4.3981481e-01  -9.2671296e+00
   7.2600000e+01   3.2560185e+01   3.8412870e+01
   7.2700000e+01   1.5560185e+01   5.3092870e+01
   7.2800000e+01   9.5601852e+00  -6.1667130e+01
   7.2900000e+01  -1.2439815e+01  -9.7871296e+00
   7.3000000e+01  -5.1439815e+01  -4.4227130e+01
   7.3100000e+01  -5.4439815e+01   3.4892870e+01
   7.3200000e+01   6.5560185e+01  -4.7907130e+01
   7.3300000e+01   7.5601852e+00  -1.7587130e+01
   7.3400000e+01   4.6560185e+01   3.7852870e+01
   7.3500000e+01  -7.0439815e+01  -8.4671296e+00
   7.3600000e+01   1.1556019e+02  -4.5907130e+01
   7.3700000e+01  -1.6439815e+01  -4.4627130e+01
   7.3800000e+01  -9.9439815e+01  -2.5307130e+01
   7.3900000e+01   2.9560185e+01  -2.2467130e+01
   7.4000000e+01   5.9560185e+01   3.9332870e+01
   7.4100000e+01   4.6560185e+01   8.3852870e+01
   7.4200000e+01   2.5560185e+01  -1.3071296e+00
   7.4300000e+01   8.1560185e+01   3.1452870e+01
   7.4400000e+01  -5.4398148e+00  -1.0067130e+01
   7.4500000e+01  -1.7439815e+01  -3.7587130e+01
   7.4600000e+01   7.1560185e+01  -6.6147130e+01
   7.4700000e+01   3.5601852e+00  -6.4271296e+00
   7.4800000e+01  -2.2439815e+01   8.8612870e+01
   7.4900000e+01  -7.6439815e+01   6.7728704e+00
   7.5000000e+01   4.0560185e+01  -3.0907130e+01
   7.5100000e+01  -3.2439815e+01  -4.4987130e+01
   7.5200000e+01   9.6560185e+01   9.8528704e+00
   7.5300000e+01  -2.3439815e+01  -2.9347130e+01
   7.5400000e+01   1.1556019e+02   1.0928704e+00
   7.5500000e+01   5.5601852e+00   9.4928704e+00
   7.5600000e+01   5.6560185e+01   9.0452870e+01
   7.5700000e+01  -7.2439815e+01   6.0612870e+01
   7.5800000e+01   9.3560185e+01   4.8972870e+01
   7.5900000e+01  -4.8439815e+01   6.6652870e+01
   7.6000000e+01  -1.4398148e+00  -2.0227130e+01
   7.6100000e+01   9.5601852e+00   3.3287037e-01
   7.6200000e+01  -1.6439815e+01   1.3372870e+01
   7.6300000e+01   5.5560185e+01  -4.8507130e+01
   7.6400000e+01  -3.4398148e+00   7.9852870e+01
   7.6500000e+01   4.7560185e+01  -1.1187130e+01
   7.6600000e+01   5.1560185e+01   2.7652870e+01
   7.6700000e+01   6.2560185e+01   7.2212870e+01
   7.6800000e+01  -1.9439815e+01  -1.9507130e+01
   7.6900000e+01   5.5560185e+01   4.4928704e+00
   7.7000000e+01   1.6560185e+01   2.1052870e+01
   7.7100000e+01  -1.0643981e+02   3.3972870e+01
   7.7200000e+01  -3.6439815e+01  -2.8827130e+01
   7.7300000e+01   1.0560185e+01   1.7292870e+01
   7.7400000e+01  -6.2439815e+01   1.2128704e+00
   7.7500000e+01   6.5601852e+00   6.2452870e+01
   7.7600000e+01   7.5601852e+00  -4.5871296e+00
   7.7700000e+01  -5.4398148e+00   4.2932870e+01
   7.7800000e+01  -1.1043981e+02   5.0132870e+01
   7.7900000e+01   1.1856019e+02   3.9728704e+00
   7.8000000e+01  -6.2439815e+01  -3.1787130e+01
   7.8100000e+01   1.1956019e+02   1.9932870e+01
   7.8200000e+01   2.5601852e+00  -1.4387130e+01
   7.8300000e+01  -6.5439815e+01  -4.6671296e+00
   7.8400000e+01  -8.0439815e+01  -1.6067130e+01
   7.8500000e+01  -2.9439815e+01   3.8928704e+00
   7.8600000e+01  -1.3443981e+02   9.1092870e+01
   7.8700000e+01   7.6560185e+01  -4.3347130e+01
   7.8800000e+01  -6.4439815e+01   2.5292870e+01
   7.8900000e+01  -1.0343981e+02  -2.3147130e+01
   7.9000000e+01  -8.6439815e+01  -4.5827130e+01
   7.9100000e+01  -7.4398148e+00  -6.3987130e+01
   7.9200000e+01  -6.2439815e+01  -6.5787130e+01
   7.9300000e+01   4.1560185e+01   1.7052870e+01
   7.9400000e+01  -8.4398148e+00   5.2870370e-02
   7.9500000e+01   1.0256019e+02  -3.3387130e+01
   7.9600000e+01  -3.2439815e+01  -2.7987130e+01
   7.9700000e+01  -2.1439815e+01   1.4572870e+01
   7.9800000e+01  -3.4398148e+00   5.9852870e+01
   7.9900000e+01   2.2560185e+01   5.8128704e+00
   8.0000000e+01   8.5601852e+00  -1.0627130e+01
   8.0100000e+01  -2.6439815e+01  -4.2271296e+00
   8.0200000e+01  -5.2439815e+01  -2.0187130e+01
   8.0300000e+01   8.9560185e+01   5.5132870e+01
   8.0400000e+01  -3.8439815e+01   1.2252870e+01
   8.0500000e+01  -2.6439815e+01  -5.3227130e+01
   8.0600000e+01  -1.7439815e+01  -5.6587130e+01
   8.0700000e+01   5.6018519e-01  -2.6307130e+01
   8.0800000e+01  -8.4398148e+00  -1.6947130e+01
   8.0900000e+01   1.2560185e+01  -5.0787130e+01
   8.1000000e+01  -7.9439815e+01  -1.7107130e+01
   8.1100000e+01   5.7560185e+01   1.9412870e+01
   8.1200000e+01  -8.3439815e+01  -6.7947130e+01
   8.1300000e+01  -3.0439815e+01   4.9328704e+00
   8.1400000e+01   2.7560185e+01  -3.4387130e+01
   8.1500000e+01   1.5601852e+00  -5.4347130e+01
   8.1600000e+01  -4.9439815e+01  -3.3071296e+00
   8.1700000e+01   1.2560185e+01  -2.8787130e+01
   8.1800000e+01  -6.0439815e+01  -6.8671296e+00
   8.1900000e+01  -1.8439815e+01  -6.3547130e+01
   8.2000000e+01  -8.5439815e+01   4.1328704e+00
   8.2100000e+01  -2.3439815e+01  -3.9347130e+01
   8.2200000e+01  -4.4439815e+01   4.7492870e+01
   8.2300000e+01   4.3560185e+01  -2.1027130e+01
   8.2400000e+01  -1.3439815e+01   1.8252870e+01
   8.2500000e+01   8.4560185e+01  -1.0667130e+01
   8.2600000e+01   1.4056019e+02   1.9092870e+01
   8.2700000e+01   8.8560185e+01   2.5172870e+01
   8.2800000e+01  -1.7439815e+01   2.2412870e+01
   8.2900000e+01   6.9560185e+01   1.0693287e+02
   8.3000000e+01  -2.7439815e+01  -9.1871296e+00
   8.3100000e+01   9.5601852e+00  -2.1667130e+01
   8.3200000e+01  -2.5439815e+01  -4.6267130e+01
   8.3300000e+01   3.1560185e+01   1.1452870e+01
   8.3400000e+01   5.5601852e+00  -2.0507130e+01
   8.3500000e+01  -1.0743981e+02   2.2012870e+01
   8.3600000e+01  -2.4398148e+00  -5.3187130e+01
   8.3700000e+01  -5.9439815e+01  -4.9907130e+01
   8.3800000e+01  -4.7439815e+01   4.6128704e+00
   8.3900000e+01  -3.7439815e+01   1.4212870e+01
   8.4000000e+01   1.5560185e+01   6.8092870e+01
   8.4100000e+01   1.0356019e+02  -6.6427130e+01
   8.4200000e+01  -1.4439815e+01  -3.2707130e+01
   8.4300000e+01  -5.2439815e+01  -5.1871296e+00
   8.4400000e+01  -3.2439815e+01  -5.4987130e+01
   8.4500000e+01   4.1560185e+01  -3.6947130e+01
   8.4600000e+01  -1.5043981e+02  -3.4267130e+01
   8.4700000e+01   4.4560185e+01   2.9328704e+00
   8.4800000e+01  -4.0439815e+01  -1.9667130e+01
   8.4900000e+01   3.8560185e+01  -3.9827130e+01
   8.5000000e+01  -8.7439815e+01  -4.9787130e+01
   8.5100000e+01   1.8956019e+02  -8.0867130e+01
   8.5200000e+01  -5.8439815e+01   8.0528704e+00
   8.5300000e+01  -2.0439815e+01  -4.4467130e+01
   8.5400000e+01   5.6018519e-01  -4.5307130e+01
   8.5500000e+01   3.6560185e+01   4.0252870e+01
   8.5600000e+01   4.1560185e+01   2.0528704e+00
   8.5700000e+01  -3.8439815e+01   1.6252870e+01
   8.5800000e+01  -7.4439815e+01   5.6692870e+01
   8.5900000e+01  -6.7439815e+01  -6.5871296e+00
   8.6000000e+01   1.0456019e+02  -1.2467130e+01
   8.6100000e+01   1.3560185e+01  -2.0827130e+01
   8.6200000e+01  -5.7439815e+01  -1.6987130e+01
   8.6300000e+01  -6.9439815e+01   1.6492870e+01
   8.6400000e+01  -4.4439815e+01   3.4492870e+01
   8.6500000e+01  -2.5439815e+01   2.7328704e+00
   8.6600000e+01  -8.7439815e+01   5.1212870e+01
   8.6700000e+01   2.5601852e+00   8.0612870e+01
   8.6800000e+01   9.5601852e+00   1.0332870e+01
   8.6900000e+01  -6.9439815e+01   5.4928704e+00
   8.7000000e+01   1.2560185e+01  -3.4787130e+01
   8.7100000e+01  -1.5439815e+01  -3.9667130e+01
   8.7200000e+01   1.3560185e+01   4.8172870e+01
   8.7300000e+01   5.4560185e+01  -4.4671296e+00
   8.7400000e+01   1.1356019e+02   8.2172870e+01
   8.7500000e+01   8.5601852e+00  -1.5627130e+01
   8.7600000e+01   1.6560185e+01  -4.7947130e+01
   8.7700000e+01  -3.3439815e+01  -2.3947130e+01
   8.7800000e+01   3.1560185e+01   2.4528704e+00
   8.7900000e+01  -2.8439815e+01   4.0852870e+01
   8.8000000e+01  -4.5439815e+01  -1.4467130e+01
   8.8100000e+01  -2.3439815e+01   2.0652870e+01
   8.8200000e+01   3.5601852e+00  -2.4427130e+01
   8.8300000e+01   3.8560185e+01  -7.9827130e+01
   8.8400000e+01  -1.3343981e+02   1.4052870e+01
   8.8500000e+01   1.7560185e+01   1.1012870e+01
   8.8600000e+01   2.3560185e+01  -3.8227130e+01
   8.8700000e+01  -4.7439815e+01  -2.7387130e+01
   8.8800000e+01   5.7560185e+01  -2.9587130e+01
   8.8900000e+01  -6.5439815e+01  -1.1667130e+01
   8.9000000e+01  -5.2439815e+01   2.1812870e+01
   8.9100000e+01   9.5601852e+00   2.6332870e+01
   8.9200000e+01   1.0560185e+01   2.9292870e+01
   8.9300000e+01   5.8560185e+01   2.6372870e+01
   8.9400000e+01   5.6560185e+01   2.0452870e+01
   8.9500000e+01  -2.4398148e+00  -1.8712963e-01
   8.9600000e+01   3.7560185e+01  -8.7871296e+00
   8.9700000e+01  -1.9439815e+01   5.1492870e+01
   8.9800000e+01   2.0560185e+01  -1.3107130e+01
   8.9900000e+01  -3.9439815e+01   9.2928704e+00
   9.0000000e+01   3.9560185e+01   3.7132870e+01
   9.0100000e+01  -1.1439815e+01  -7.8271296e+00
   9.0200000e+01   1.0356019e+02  -9.4271296e+00
   9.0300000e+01   1.7560185e+01   3.8012870e+01
   9.0400000e+01  -2.6439815e+01  -2.1227130e+01
   9.0500000e+01  -3.6439815e+01   3.0172870e+01
   9.0600000e+01  -3.7439815e+01  -3.6787130e+01
   9.0700000e+01   5.1560185e+01   1.7652870e+01
   9.0800000e+01  -3.2439815e+01   8.0128704e+00
   9.0900000e+01   5.3560185e+01   1.1572870e+01
   9.1000000e+01  -5.4398148e+00   1.0932870e+01
   9.1100000e+01   2.2560185e+01   6.9812870e+01
   9.1200000e+01  -3.5439815e+01   2.5132870e+01
   9.1300000e+01   3.5601852e+00  -1.5427130e+01
   9.1400000e+01  -2.0439815e+01  -2.5467130e+01
   9.1500000e+01  -7.0439815e+01  -3.1467130e+01
   9.1600000e+01  -3.5439815e+01   1.9132870e+01
   9.1700000e+01  -1.0543981e+02  -2.4067130e+01
   9.1800000e+01  -3.3439815e+01   5.3052870e+01
   9.1900000e+01  -9.5439815e+01  -5.8467130e+01
   9.2000000e+01   4.8560185e+01   4.2772870e+01
   9.2100000e+01   4.6560185e+01  -2.7147130e+01
   9.2200000e+01   9.5601852e+00  -5.1667130e+01
   9.2300000e+01   3.5560185e+01   1.9292870e+01
   9.2400000e+01  -9.2439815e+01   1.1412870e+01
   9.2500000e+01   1.9560185e+01   1.9328704e+00
   9.2600000e+01   4.5601852e+00   1.5328704e+00
   9.2700000e+01   9.7560185e+01   1.3981287e+02
   9.2800000e+01  -9.4398148e+00  -3.5907130e+01
   9.2900000e+01  -1.8439815e+01   4.5287037e-01
   9.3000000e+01   8.6560185e+01   2.4252870e+01
   9.3100000e+01   1.7560185e+01  -1.8987130e+01
   9.3200000e+01  -1.1439815e+01  -1.7827130e+01
   9.3300000e+01   2.4560185e+01  -7.2671296e+00
   9.3400000e+01  -2.8439815e+01   2.4852870e+01
   9.3500000e+01   7.1560185e+01  -3.3147130e+01
   9.3600000e+01  -4.4439815e+01  -1.5071296e+00
   9.3700000e+01   8.8560185e+01   2.1728704e+00
   9.3800000e+01  -7.5439815e+01  -1.9267130e+01
   9.3900000e+01   1.0856019e+02   8.3728704e+00
   9.4000000e+01   4.3560185e+01  -3.4027130e+01
   9.4100000e+01   2.2560185e+01   4.8128704e+00
   9.4200000e+01   8.6560185e+01  -1.3747130e+01
   9.4300000e+01   8.3560185e+01  -5.4627130e+01
   9.4400000e+01  -2.3439815e+01   3.0652870e+01
   9.4500000e+01   7.6560185e+01  -2.3471296e+00
   9.4600000e+01  -1.6439815e+01   2.5372870e+01
   9.4700000e+01  -6.4398148e+00   2.9728704e+00
   9.4800000e+01  -1.0439815e+01  -2.9867130e+01
   9.4900000e+01  -5.2439815e+01  -4.1871296e+00
   9.5000000e+01  -8.5439815e+01  -7.8671296e+00
   9.5100000e+01  -9.0439815e+01  -4.6667130e+01
   9.5200000e+01   2.5601852e+00  -1.5387130e+01
   9.5300000e+01  -2.1439815e+01   5.0572870e+01
   9.5400000e+01  -7.5439815e+01  -3.9267130e+01
   9.5500000e+01  -4.3439815e+01  -4.6547130e+01
   9.5600000e+01   3.5560185e+01   1.1292870e+01
   9.5700000e+01  -2.1439815e+01  -4.6427130e+01
   9.5800000e+01  -2.7439815e+01  -2.0187130e+01
   9.5900000e+01   2.0560185e+01  -5.4107130e+01
   9.6000000e+01  -7.9439815e+01  -1.3107130e+01
   9.6100000e+01   1.5601852e+00  -3.4712963e-01
   9.6200000e+01   4.5601852e+00   1.8532870e+01
   9.6300000e+01   5.9560185e+01  -4.4667130e+01
   9.6400000e+01   7.5601852e+00   1.1412870e+01
   9.6500000e+01  -5.2439815e+01   6.7812870e+01
   9.6600000e+01   1.1560185e+01  -2.3747130e+01
   9.6700000e+01  -4.2439815e+01  -7.9587130e+01
   9.6800000e+01  -6.4439815e+01   7.0292870e+01
   9.6900000e+01   5.5601852e+00  -2.7507130e+01
   9.7000000e+01  -4.0439815e+01  -9.6671296e+00
   9.7100000e+01  -4.4398148e+00   2.5892870e+01
   9.7200000e+01  -4.1439815e+01  -2.5627130e+01
   9.7300000e+01  -1.3439815e+01  -4.0747130e+01
   9.7400000e+01  -5.7439815e+01   5.1012870e+01
   9.7500000e+01  -1.9439815e+01  -3.9507130e+01
   9.7600000e+01   3.2560185e+01  -2.1587130e+01
   9.7700000e+01  -2.5439815e+01   6.7328704e+00
   9.7800000e+01   1.0656019e+02  -7.5471296e+00
   9.7900000e+01   1.3856019e+02   4.0172870e+01
   9.8000000e+01   3.4560185e+01  -5.2667130e+01
   9.8100000e+01  -1.8439815e+01  -5.5471296e+00
   9.8200000e+01   3.9560185e+01  -2.4867130e+01
   9.8300000e+01   1.1560185e+01  -1.0747130e+01
   9.8400000e+01   1.6560185e+01   1.0052870e+01
   9.8500000e+01   4.4560185e+01  -3.0671296e+00
   9.8600000e+01  -1.6439815e+01  -1.9627130e+01
   9.8700000e+01   8.5601852e+00   4.3372870e+01
   9.8800000e+01  -1.1439815e+01   1.5172870e+01
   9.8900000e+01  -2.9439815e+01   4.0892870e+01
   9.9000000e+01  -5.3439815e+01  -3.0147130e+01
   9.9100000e+01  -2.6439815e+01   1.5772870e+01
   9.9200000e+01  -4.4439815e+01  -7.3507130e+01
   9.9300000e+01  -8.1439815e+01  -5.0027130e+01
   9.9400000e+01  -8.8439815e+01  -8.7471296e+00
   9.9500000e+01   8.3560185e+01   4.3728704e+00
   9.9600000e+01  -3.0439815e+01   3.6932870e+01
   9.9700000e+01  -7.4398148e+00  -1.6987130e+01
   9.9800000e+01  -2.2439815e+01   2.6128704e+00
   9.9900000e+01   2.5560185e+01  -1.3307130e+01
   1.0000000e+02  -7.0439815e+01   2.5532870e+01
   1.0010000e+02   2.4560185e+01   5.7328704e+00
   1.0020000e+02  -6.4398148e+00   1.1972870e+01
   1.0030000e+02   4.6560185e+01  -3.2147130e+01
   1.0040000e+02   9.0560185e+01   1.4092870e+01
   1.0050000e+02  -1.8439815e+01   4.6452870e+01
   1.0060000e+02   2.2560185e+01  -2.6187130e+01
   1.0070000e+02   4.6560185e+01   4.8852870e+01
   1.0080000e+02  -6.6439815e+01  -3.6271296e+00
   1.0090000e+02  -4.4439815e+01  -5.0712963e-01
   1.0100000e+02  -2.7439815e+01  -2.2187130e+01
   1.0110000e+02   4.6560185e+01   3.7852870e+01
   1.0120000e+02   7.5560185e+01  -5.3307130e+01
   1.0130000e+02   5.2560185e+01  -1.8387130e+01
   1.0140000e+02   4.5601852e+00  -1.1467130e+01
   1.0150000e+02  -5.6439815e+01  -5.8027130e+01
   1.0160000e+02  -4.5439815e+01  -1.7467130e+01
   1.0170000e+02  -3.8439815e+01   1.2528704e+00
   1.0180000e+02  -3.0439815e+01  -2.7067130e+01
   1.0190000e+02   2.5601852e+00  -4.9387130e+01
   1.0200000e+02  -1.1439815e+01  -5.8271296e+00
   1.0210000e+02   7.5601852e+00  -6.5871296e+00
   1.0220000e+02   2.5601852e+00   6.6128704e+00
   1.0230000e+02  -9.6439815e+01   5.5728704e+00
   1.0240000e+02  -4.7439815e+01  -1.0387130e+01
   1.0250000e+02   5.6560185e+01  -6.5471296e+00
   1.0260000e+02   4.4560185e+01  -4.0067130e+01
   1.0270000e+02   7.2560185e+01   8.1287037e-01
   1.0280000e+02  -3.8439815e+01  -7.7471296e+00
   1.0290000e+02  -3.8439815e+01  -8.7471296e+00
   1.0300000e+02   3.9560185e+01  -7.8671296e+00
   1.0310000e+02  -9.4398148e+00  -9.0712963e-01
   1.0320000e+02  -1.4398148e+00  -5.8227130e+01
   1.0330000e+02  -2.3439815e+01   3.6652870e+01
   1.0340000e+02  -7.4398148e+00   2.8012870e+01
   1.0350000e+02  -6.8439815e+01  -4.3547130e+01
   1.0360000e+02  -1.3439815e+01  -1.7471296e+00
   1.0370000e+02   2.2560185e+01   3.6812870e+01
   1.0380000e+02  -7.1439815e+01   9.5728704e+00
   1.0390000e+02  -1.4398148e+00  -3.3227130e+01
   1.0400000e+02  -7.0439815e+01  -1.7467130e+01
   1.0410000e+02   2.3560185e+01  -2.8227130e+01
   1.0420000e+02  -4.2439815e+01   2.6412870e+01
   1.0430000e+02  -1.8439815e+01  -2.6547130e+01
   1.0440000e+02  -1.7439815e+01  -4.5871296e+00
   1.0450000e+02   2.3560185e+01  -7.2271296e+00
   1.0460000e+02  -6.1439815e+01  -2.9827130e+01
   1.0470000e+02  -7.1439815e+01   1.1657287e+02
   1.0480000e+02  -2.9439815e+01  -1.0107130e+01
   1.0490000e+02   7.3560185e+01  -8.2271296e+00
   1.0500000e+02   1.1856019e+02   3.9728704e+00
   1.0510000e+02   2.8560185e+01  -1.1427130e+01
   1.0520000e+02  -6.5439815e+01   4.4332870e+01
   1.0530000e+02  -1.9439815e+01  -1.6507130e+01
   1.0540000e+02   3.3560185e+01   1.1372870e+01
   1.0550000e+02  -3.5439815e+01   2.1132870e+01
   1.0560000e+02  -2.4398148e+00   1.2812870e+01
   1.0570000e+02   2.8560185e+01  -4.2712963e-01
   1.0580000e+02  -1.8439815e+01   2.7452870e+01
   1.0590000e+02  -4.3981481e-01   3.7732870e+01
   1.0600000e+02   4.5560185e+01  -7.1071296e+00
   1.0610000e+02   1.7560185e+01  -6.9871296e+00
   1.0620000e+02   1.8560185e+01   1.9728704e+00
   1.0630000e+02  -6.1439815e+01  -7.8271296e+00
   1.0640000e+02  -4.6439815e+01   1.3572870e+01
   1.0650000e+02   4.4560185e+01  -1.7067130e+01
   1.0660000e+02  -4.4398148e+00  -1.0712963e-01
   1.0670000e+02   8.4560185e+01   2.8332870e+01
   1.0680000e+02   2.5560185e+01  -5.3071296e+00
   1.0690000e+02   5.4560185e+01   8.5532870e+01
   1.0700000e+02  -3.9439815e+01   2.4292870e+01
   1.0710000e+02   2.0560185e+01   3.9892870e+01
   1.0720000e+02   1.3756019e+02   1.6212870e+01
   1.0730000e+02  -6.8439815e+01   9.0452870e+01
   1.0740000e+02  -1.9439815e+01  -3.4507130e+01
   1.0750000e+02   5.4560185e+01   1.5532870e+01
   1.0760000e+02   1.8560185e+01   3.1972870e+01
   1.0770000e+02  -4.4398148e+00  -1.9107130e+01
   1.0780000e+02   3.8560185e+01  -2.8827130e+01
   1.0790000e+02   6.0560185e+01   3.3292870e+01
   1.0800000e+02  -4.3439815e+01  -3.0547130e+01
   1.0810000e+02  -7.8439815e+01  -3.5147130e+01
   1.0820000e+02  -2.7439815e+01   4.2812870e+01
   1.0830000e+02   4.1560185e+01   4.6052870e+01
   1.0840000e+02   1.1560185e+01  -1.5747130e+01
   1.0850000e+02   1.3656019e+02  -4.7471296e+00
   1.0860000e+02  -3.2439815e+01   1.0401287e+02
   1.0870000e+02  -2.4439815e+01   3.1692870e+01
   1.0880000e+02  -7.0439815e+01   8.0532870e+01
   1.0890000e+02   4.2560185e+01  -9.8712963e-01
   1.0900000e+02   6.7560185e+01   2.7012870e+01
   1.0910000e+02   3.3560185e+01   1.3728704e+00
   1.0920000e+02   7.5601852e+00   2.4412870e+01
   1.0930000e+02  -4.4439815e+01  -3.3507130e+01
   1.0940000e+02   1.2560185e+01   3.6212870e+01
   1.0950000e+02  -2.4398148e+00  -7.1871296e+00
   1.0960000e+02  -2.1439815e+01   4.5728704e+00
   1.0970000e+02  -7.8439815e+01   5.0852870e+01
   1.0980000e+02   5.7560185e+01   5.4128704e+00
   1.0990000e+02   1.2756019e+02   4.6128704e+00
   1.1000000e+02  -1.7439815e+01   3.4412870e+01
   1.1010000e+02   4.1560185e+01   1.1505287e+02
   1.1020000e+02   1.9560185e+01   2.0932870e+01
   1.1030000e+02  -5.8439815e+01   5.0052870e+01
   1.1040000e+02   1.1560185e+01  -2.7747130e+01
   1.1050000e+02  -8.4398148e+00   5.2870370e-02
   1.1060000e+02   6.4560185e+01   4.3132870e+01
   1.1070000e+02   1.3756019e+02  -1.9787130e+01
   1.1080000e+02  -4.3439815e+01  -6.5471296e+00
   1.1090000e+02   9.5560185e+01  -6.1071296e+00
   1.1100000e+02   6.2560185e+01   1.1621287e+02
   1.1110000e+02   7.5601852e+00   1.4128704e+00
   1.1120000e+02   2.0560185e+01   4.0892870e+01
   1.1130000e+02   2.0560185e+01  -4.5107130e+01
   1.1140000e+02   9.1560185e+01  -4.9471296e+00
   1.1150000e+02  -1.1439815e+01  -3.9827130e+01
   1.1160000e+02  -1.2439815e+01   3.2212870e+01
   1.1170000e+02  -2.2439815e+01  -3.3387130e+01
   1.1180000e+02   3.3560185e+01   3.8372870e+01
   1.1190000e+02  -2.9439815e+01   4.4892870e+01
   1.1200000e+02   5.6018519e-01  -1.3071296e+00
   1.1210000e+02   3.1560185e+01  -2.0547130e+01
   1.1220000e+02   5.2560185e+01   2.5612870e+01
   1.1230000e+02  -1.3439815e+01   1.8252870e+01
   1.1240000e+02   1.5156019e+02  -3.1347130e+01
   1.1250000e+02  -6.2439815e+01   3.1212870e+01
   1.1260000e+02  -4.4398148e+00  -2.2107130e+01
   1.1270000e+02  -4.0439815e+01  -3.9667130e+01
   1.1280000e+02  -1.1443981e+02  -1.9707130e+01
   1.1290000e+02  -5.4398148e+00  -3.2067130e+01
   1.1300000e+02   5.5560185e+01  -6.8507130e+01
   1.1310000e+02  -3.3439815e+01  -2.6947130e+01
   1.1320000e+02   2.2560185e+01   1.8812870e+01
   1.1330000e+02  -1.1439815e+01  -1.5827130e+01
   1.1340000e+02  -1.4843981e+02  -2.3471296e+00
   1.1350000e+02  -7.0439815e+01  -1.5467130e+01
   1.1360000e+02  -3.2439815e+01  -4.9871296e+00
   1.1370000e+02  -5.8439815e+01  -8.9471296e+00
   1.1380000e+02   7.6560185e+01  -3.8347130e+01
   1.1390000e+02  -4.4439815e+01  -2.9507130e+01
   1.1400000e+02  -1.0943981e+02   5.0928704e+00
   1.1410000e+02  -5.9439815e+01  -2.9071296e+00
   1.1420000e+02  -1.5439815e+01  -4.7667130e+01
   1.1430000e+02  -7.0439815e+01  -6.5467130e+01
   1.1440000e+02  -4.2439815e+01  -4.1587130e+01
   1.1450000e+02  -1.3143981e+02  -2.7129630e-02
   1.1460000e+02   1.1560185e+01  -2.8747130e+01
   1.1470000e+02  -4.0439815e+01  -3.6671296e+00
   1.1480000e+02  -4.4398148e+00   9.8928704e+00
   1.1490000e+02   2.8560185e+01   1.4572870e+01
   1.1500000e+02   2.5601852e+00  -4.3871296e+00
   1.1510000e+02   3.9560185e+01  -3.7867130e+01
   1.1520000e+02  -4.5439815e+01  -4.6712963e-01
   1.1530000e+02  -1.3439815e+01   4.0252870e+01
   1.1540000e+02  -9.5439815e+01  -1.9467130e+01
   1.1550000e+02   9.4560185e+01  -4.8067130e+01
   1.1560000e+02  -6.1439815e+01  -4.6827130e+01
   1.1570000e+02  -5.5439815e+01  -7.0067130e+01
   1.1580000e+02   6.7560185e+01  -6.7987130e+01
   1.1590000e+02  -1.2043981e+02  -1.6467130e+01
   1.1600000e+02   1.5601852e+00  -1.2347130e+01
   1.1610000e+02  -5.6439815e+01  -4.6027130e+01
   1.1620000e+02  -3.3439815e+01  -3.0947130e+01
   1.1630000e+02  -5.1439815e+01  -7.5227130e+01
   1.1640000e+02  -7.9439815e+01   2.4892870e+01
   1.1650000e+02   2.3560185e+01  -2.7227130e+01
   1.1660000e+02   5.5601852e+00  -1.0507130e+01
   1.1670000e+02  -7.4439815e+01  -4.5307130e+01
   1.1680000e+02  -5.7439815e+01  -4.2987130e+01
   1.1690000e+02   2.2560185e+01   2.8128704e+00
   1.1700000e+02  -8.1439815e+01  -1.1027130e+01
   1.1710000e+02  -4.7439815e+01   3.5612870e+01
   1.1720000e+02  -8.3439815e+01  -1.8947130e+01
   1.1730000e+02   4.5601852e+00   3.3532870e+01
   1.1740000e+02   6.2560185e+01  -1.7787130e+01
   1.1750000e+02  -1.0343981e+02  -1.2147130e+01
   1.1760000e+02  -4.5439815e+01  -1.2467130e+01
   1.1770000e+02  -9.6439815e+01  -4.7427130e+01
   1.1780000e+02  -2.3439815e+01   2.2652870e+01
   1.1790000e+02   1.8560185e+01  -2.8027130e+01
   1.1800000e+02  -7.2439815e+01  -1.1387130e+01
   1.1810000e+02  -8.2439815e+01   3.0128704e+00
   1.1820000e+02  -2.3439815e+01  -1.9347130e+01
   1.1830000e+02  -1.1043981e+02   7.1328704e+00
   1.1840000e+02  -2.7439815e+01  -1.1871296e+00
   1.1850000e+02   4.2560185e+01   1.2870370e-02
   1.1860000e+02   3.6560185e+01   2.3252870e+01
   1.1870000e+02  -7.9439815e+01   7.3892870e+01
   1.1880000e+02  -2.9439815e+01  -3.5107130e+01
   1.1890000e+02   4.2560185e+01  -5.9871296e+00
   1.1900000e+02  -2.9439815e+01  -4.6107130e+01
   1.1910000e+02  -1.6439815e+01   7.3728704e+00
   1.1920000e+02  -1.0343981e+02   1.9852870e+01
   1.1930000e+02   3.3560185e+01  -3.4627130e+01
   1.1940000e+02   6.0560185e+01   3.0292870e+01
   1.1950000e+02   9.6560185e+01  -4.1147130e+01
   1.1960000e+02  -1.0439815e+01   1.3287037e-01
   1.1970000e+02  -4.7439815e+01  -2.1387130e+01
   1.1980000e+02   1.1156019e+02  -3.5747130e+01
   1.1990000e+02  -6.6439815e+01   6.2372870e+01
   1.2000000e+02  -8.3439815e+01  -3.9471296e+00
   1.2010000e+02  -7.6439815e+01  -2.2271296e+00
   1.2020000e+02  -6.7439815e+01  -1.0587130e+01
   1.2030000e+02   3.1560185e+01  -3.6547130e+01
   1.2040000e+02  -3.3439815e+01  -7.0947130e+01
   1.2050000e+02  -4.0439815e+01   2.7332870e+01
   1.2060000e+02  -6.2439815e+01  -3.7871296e+00
   1.2070000e+02  -5.0439815e+01  -1.4267130e+01
   1.2080000e+02   2.0560185e+01  -5.3107130e+01
   1.2090000e+02  -1.1843981e+02   3.4528704e+00
   1.2100000e+02   3.5601852e+00   6.0572870e+01
   1.2110000e+02   4.8560185e+01   3.7728704e+00
   1.2120000e+02  -4.0439815e+01  -2.0667130e+01
   1.2130000e+02   4.2560185e+01  -9.9871296e+00
   1.2140000e+02  -6.2439815e+01  -1.4787130e+01
   1.2150000e+02  -4.7439815e+01  -3.5387130e+01
   1.2160000e+02  -9.8439815e+01   8.7652870e+01
   1.2170000e+02   3.1560185e+01   7.4528704e+00
   1.2180000e+02  -4.6439815e+01  -7.4271296e+00
   1.2190000e+02   3.3560185e+01  -3.8627130e+01
   1.2200000e+02   3.0560185e+01   3.8492870e+01
   1.2210000e+02  -4.8439815e+01   2.6652870e+01
   1.2220000e+02   6.3560185e+01   2.4172870e+01
   1.2230000e+02  -2.8439815e+01  -8.1471296e+00
   1.2240000e+02  -4.3981481e-01  -2.4267130e+01
   1.2250000e+02  -1.6439815e+01  -1.9627130e+01
   1.2260000e+02  -4.4439815e+01  -3.9507130e+01
   1.2270000e+02  -7.4398148e+00   1.4012870e+01
   1.2280000e+02   4.8560185e+01   3.6772870e+01
   1.2290000e+02  -8.3439815e+01  -1.6947130e+01
   1.2300000e+02  -1.0243981e+02  -4.3187130e+01
   1.2310000e+02  -1.1439815e+01  -2.9827130e+01
   1.2320000e+02   2.4560185e+01  -1.9267130e+01
   1.2330000e+02  -7.4398148e+00  -6.9987130e+01
   1.2340000e+02  -5.5439815e+01   1.5932870e+01
   1.2350000e+02   4.3560185e+01   1.2972870e+01
   1.2360000e+02   6.5560185e+01   5.0928704e+00
   1.2370000e+02  -7.0439815e+01   9.5328704e+00
   1.2380000e+02  -4.3981481e-01   6.1732870e+01
   1.2390000e+02  -1.4439815e+01   5.9292870e+01
   1.2400000e+02  -2.1439815e+01  -7.4271296e+00
   1.2410000e+02   1.5560185e+01  -2.4907130e+01
   1.2420000e+02   3.0560185e+01  -7.5071296e+00
   1.2430000e+02  -4.5439815e+01   1.3532870e+01
   1.2440000e+02   2.5560185e+01  -5.7307130e+01
   1.2450000e+02  -5.9439815e+01   2.8092870e+01
   1.2460000e+02  -2.2439815e+01  -1.7387130e+01
   1.2470000e+02  -5.2439815e+01  -1.7187130e+01
   1.2480000e+02  -8.4398148e+00   4.7052870e+01
   1.2490000e+02   2.8560185e+01  -8.4271296e+00
   1.2500000e+02   1.3560185e+01   2.0172870e+01
   1.2510000e+02  -2.9439815e+01  -3.1107130e+01
   1.2520000e+02  -6.6439815e+01   5.2372870e+01
   1.2530000e+02   9.3560185e+01   3.2972870e+01
   1.2540000e+02   2.8560185e+01  -4.3427130e+01
   1.2550000e+02  -8.6439815e+01  -2.7827130e+01
   1.2560000e+02  -5.8439815e+01  -3.3947130e+01
   1.2570000e+02   5.5601852e+00  -8.5071296e+00
   1.2580000e+02   1.2560185e+01   9.2128704e+00
   1.2590000e+02  -3.9439815e+01  -6.0707130e+01
   1.2600000e+02  -3.4439815e+01   4.0092870e+01
   1.2610000e+02  -3.0439815e+01  -1.1067130e+01
   1.2620000e+02   1.0560185e+01  -3.5707130e+01
   1.2630000e+02  -9.4398148e+00   7.3092870e+01
   1.2640000e+02  -3.3439815e+01  -2.4947130e+01
   1.2650000e+02   8.5601852e+00  -2.6271296e+00
   1.2660000e+02  -1.6439815e+01  -4.1627130e+01
   1.2670000e+02   7.0560185e+01   5.8928704e+00
   1.2680000e+02  -3.5439815e+01  -5.9867130e+01
   1.2690000e+02   2.9560185e+01   3.1532870e+01
   1.2700000e+02   5.0560185e+01  -9.3071296e+00
   1.2710000e+02  -1.0443981e+02  -5.7107130e+01
   1.2720000e+02   3.0560185e+01  -8.5071296e+00
   1.2730000e+02   6.5601852e+00   6.4528704e+00
   1.2740000e+02  -3.9439815e+01   5.5292870e+01
   1.2750000e+02  -5.3439815e+01  -8.1471296e+00
   1.2760000e+02  -2.7439815e+01   1.3812870e+01
   1.2770000e+02  -1.3043981e+02  -3.9067130e+01
   1.2780000e+02  -3.0439815e+01  -4.0067130e+01
   1.2790000e+02  -1.1843981e+02   4.6452870e+01
   1.2800000e+02  -3.1439815e+01   8.9728704e+00
   1.2810000e+02   5.6018519e-01   3.6692870e+01
   1.2820000e+02  -1.8439815e+01  -5.8547130e+01
   1.2830000e+02  -4.3439815e+01   4.5287037e-01
   1.2840000e+02  -2.4439815e+01  -1.9307130e+01
   1.2850000e+02   1.7560185e+01  -1.9987130e+01
   1.2860000e+02   3.1560185e+01   4.6452870e+01
   1.2870000e+02  -2.1439815e+01  -6.4427130e+01
   1.2880000e+02   9.8560185e+01  -5.0227130e+01
   1.2890000e+02  -1.2043981e+02   5.5328704e+00
   1.2900000e+02  -9.7439815e+01   5.0612870e+01
   1.2910000e+02  -1.1343981e+02  -7.7471296e+00
   1.2920000e+02   5.5560185e+01   1.5492870e+01
   1.2930000e+02   2.0560185e+01   4.1892870e+01
   1.2940000e+02   8.4560185e+01   2.2332870e+01
   1.2950000e+02   7.3560185e+01  -1.1227130e+01
   1.2960000e+02   5.8560185e+01  -2.6271296e+00
   1.2970000e+02  -9.2439815e+01   2.7412870e+01
   1.2980000e+02  -9.1439815e+01   1.6372870e+01
   1.2990000e+02   2.5560185e+01  -2.6307130e+01
   1.3000000e+02   4.6560185e+01  -4.0147130e+01
   1.3010000e+02  -5.2439815e+01  -2.4187130e+01
   1.3020000e+02  -1.2439815e+01  -3.8787130e+01
   1.3030000e+02  -9.4439815e+01  -1.1507130e+01
   1.3040000e+02   5.6018519e-01  -4.3307130e+01
   1.3050000e+02  -5.2439815e+01   8.8128704e+00
   1.3060000e+02   7.2560185e+01   4.8812870e+01
   1.3070000e+02   1.5560185e+01   2.0928704e+00
   1.3080000e+02  -4.6439815e+01   3.2572870e+01
   1.3090000e+02   6.5601852e+00  -2.0547130e+01
   1.3100000e+02  -7.1439815e+01  -1.3427130e+01
   1.3110000e+02   1.2560185e+01  -2.0787130e+01
   1.3120000e+02  -8.5439815e+01   7.0132870e+01
   1.3130000e+02  -8.5439815e+01   4.1132870e+01
   1.3140000e+02   4.2560185e+01   1.4012870e+01
   1.3150000e+02  -9.4398148e+00  -3.3907130e+01
   1.3160000e+02   1.8560185e+01   1.6972870e+01
   1.3170000e+02   1.9560185e+01   1.2932870e+01
   1.3180000e+02   1.4560185e+01   1.8132870e+01
   1.3190000e+02  -2.2439815e+01   5.2612870e+01
   1.3200000e+02   5.3560185e+01   4.1572870e+01
   1.3210000e+02  -4.7439815e+01  -3.6387130e+01
   1.3220000e+02   1.8560185e+01  -4.0271296e+00
   1.3230000e+02  -1.0439815e+01  -2.0867130e+01
   1.3240000e+02   6.0560185e+01  -7.7071296e+00
   1.3250000e+02   6.6560185e+01   2.2052870e+01
   1.3260000e+02  -6.4439815e+01  -5.7071296e+00
   1.3270000e+02   9.5601852e+00   1.2332870e+01
   1.3280000e+02   8.8560185e+01  -2.9827130e+01
   1.3290000e+02  -2.8439815e+01   1.3852870e+01
   1.3300000e+02  -1.0743981e+02   3.1012870e+01
   1.3310000e+02  -7.3439815e+01  -1.3347130e+01
   1.3320000e+02   3.6560185e+01  -1.7747130e+01
   1.3330000e+02   2.8560185e+01  -4.7427130e+01
   1.3340000e+02   5.0560185e+01   1.0692870e+01
   1.3350000e+02   7.9560185e+01   4.5328704e+00
   1.3360000e+02   2.7560185e+01  -3.8387130e+01
   1.3370000e+02  -9.4439815e+01   1.2492870e+01
   1.3380000e+02   2.5601852e+00   7.6128704e+00
   1.3390000e+02   7.5601852e+00  -1.9587130e+01
   1.3400000e+02  -4.8439815e+01   3.8652870e+01
   1.3410000e+02   8.0560185e+01  -4.5507130e+01
   1.3420000e+02  -4.3439815e+01   2.2452870e+01
   1.3430000e+02   6.6560185e+01   1.2052870e+01
   1.3440000e+02   4.8560185e+01  -2.8227130e+01
   1.3450000e+02  -4.9439815e+01   7.0692870e+01
   1.3460000e+02   2.4560185e+01  -1.2267130e+01
   1.3470000e+02  -2.9439815e+01   5.6892870e+01
   1.3480000e+02  -1.3439815e+01   1.0252870e+01
   1.3490000e+02   1.3560185e+01  -3.1827130e+01
   1.3500000e+02  -5.0439815e+01  -1.2671296e+00
   1.3510000e+02  -1.0439815e+01  -4.1867130e+01
   1.3520000e+02  -2.2439815e+01   2.8612870e+01
   1.3530000e+02  -5.4398148e+00  -4.9067130e+01
   1.3540000e+02   6.2560185e+01  -3.2787130e+01
   1.3550000e+02   6.9560185e+01  -7.0671296e+00
   1.3560000e+02  -4.4398148e+00   7.8928704e+00
   1.3570000e+02  -1.3843981e+02   1.9252870e+01
   1.3580000e+02  -2.5439815e+01  -1.1267130e+01
   1.3590000e+02  -4.3439815e+01  -3.1547130e+01
   1.3600000e+02   1.2560185e+01   3.2128704e+00
   1.3610000e+02   4.3560185e+01  -1.0271296e+00
   1.3620000e+02   1.7560185e+01   6.0128704e+00
   1.3630000e+02  -4.5439815e+01  -5.4671296e+00
   1.3640000e+02   1.2256019e+02  -5.3187130e+01
   1.3650000e+02  -1.8439815e+01  -1.8547130e+01
   1.3660000e+02  -2.6439815e+01   1.5772870e+01
   1.3670000e+02   7.2560185e+01   1.8812870e+01
   1.3680000e+02   6.3560185e+01   7.0172870e+01
   1.3690000e+02   6.5560185e+01  -7.9071296e+00
   1.3700000e+02   2.6560185e+01  -2.5347130e+01
   1.3710000e+02   8.2560185e+01   4.1412870e+01
   1.3720000e+02  -8.4398148e+00  -4.9947130e+01
   1.3730000e+02  -3.5439815e+01   1.1132870e+01
   1.3740000e+02  -5.9439815e+01   4.4092870e+01
   1.3750000e+02   1.0156019e+02  -4.9347130e+01
   1.3760000e+02   1.2056019e+02  -4.7107130e+01
   1.3770000e+02  -7.4398148e+00   2.6012870e+01
   1.3780000e+02   8.1560185e+01   6.4528704e+00
   1.3790000e+02  -4.1439815e+01  -2.6627130e+01
   1.3800000e+02   5.5601852e+00  -3.7507130e+01
   1.3810000e+02   9.0560185e+01   1.0928704e+00
   1.3820000e+02   1.5560185e+01  -3.1907130e+01
   1.3830000e+02   3.3560185e+01   5.1372870e+01
   1.3840000e+02  -2.4398148e+00  -1.1871296e+00
   1.3850000e+02  -9.4398148e+00   1.7092870e+01
   1.3860000e+02   2.5601852e+00   3.3612870e+01
   1.3870000e+02  -1.4398148e+00  -1.9227130e+01
   1.3880000e+02   2.1560185e+01  -4.8147130e+01
   1.3890000e+02  -1.1243981e+02   1.0212870e+01
   1.3900000e+02  -7.3439815e+01  -1.9347130e+01
   1.3910000e+02   4.5601852e+00  -3.9467130e+01
   1.3920000e+02   3.3560185e+01  -1.2627130e+01
   1.3930000e+02  -5.4439815e+01  -4.1071296e+00
   1.3940000e+02  -1.1439815e+01  -4.6827130e+01
   1.3950000e+02   1.4560185e+01   1.9132870e+01
   1.3960000e+02  -4.5439815e+01   1.3532870e+01
   1.3970000e+02  -5.5439815e+01  -1.7067130e+01
   1.3980000e+02  -1.0743981e+02   4.0128704e+00
   1.3990000e+02  -7.7439815e+01   3.5812870e+01
   1.4000000e+02   5.0560185e+01  -7.3071296e+00
   1.4010000e+02   7.1560185e+01  -1.1471296e+00
   1.4020000e+02   4.3560185e+01   3.1972870e+01
   1.4030000e+02  -4.8439815e+01   3.2652870e+01
   1.4040000e+02  -3.7439815e+01  -3.2787130e+01
   1.4050000e+02   3.5560185e+01  -9.7071296e+00
   1.4060000e+02  -4.1439815e+01  -6.0627130e+01
   1.4070000e+02  -2.9439815e+01  -3.3107130e+01
   1.4080000e+02  -7.9439815e+01  -2.2107130e+01
   1.4090000e+02   1.2560185e+01  -2.7787130e+01
   1.4100000e+02  -9.7439815e+01  -3.6387130e+01
   1.4110000e+02  -3.5439815e+01   1.1328704e+00
   1.4120000e+02  -8.3439815e+01  -5.5947130e+01
   1.4130000e+02  -1.0143981e+02  -6.2271296e+00
   1.4140000e+02  -4.0439815e+01  -1.8667130e+01
   1.4150000e+02  -1.5439815e+01  -4.8667130e+01
   1.4160000e+02  -3.2439815e+01  -3.5987130e+01
   1.4170000e+02  -9.4398148e+00  -3.5907130e+01
   1.4180000e+02  -7.4398148e+00  -2.2987130e+01
   1.4190000e+02  -2.4439815e+01  -8.3071296e+00
   1.4200000e+02  -1.8439815e+01   8.4528704e+00
   1.4210000e+02  -2.1439815e+01  -5.7427130e+01
   1.4220000e+02  -3.8439815e+01   5.2528704e+00
   1.4230000e+02  -4.9439815e+01  -3.0307130e+01
   1.4240000e+02   2.5601852e+00  -3.0387130e+01
   1.4250000e+02   4.3560185e+01   9.7287037e-01
   1.4260000e+02  -1.1243981e+02   8.2128704e+00
   1.4270000e+02  -5.2439815e+01  -2.1871296e+00
   1.4280000e+02   1.0356019e+02   5.4572870e+01
   1.4290000e+02   8.1560185e+01  -4.7547130e+01
   1.4300000e+02  -9.4398148e+00  -1.9907130e+01
   1.4310000e+02   4.4560185e+01   2.5932870e+01
   1.4320000e+02  -4.4439815e+01  -8.5071296e+00
   1.4330000e+02  -4.5439815e+01   2.9532870e+01
   1.4340000e+02   3.1560185e+01  -3.9547130e+01
   1.4350000e+02   4.4560185e+01  -4.8067130e+01
   1.4360000e+02  -2.2439815e+01  -2.3871296e+00
   1.4370000e+02  -3.1439815e+01   3.3972870e+01
   1.4380000e+02   5.5601852e+00   6.0492870e+01
   1.4390000e+02  -7.4398148e+00   2.8012870e+01
   1.4400000e+02   3.7560185e+01   5.9212870e+01
   1.4410000e+02   1.9560185e+01   2.5932870e+01
   1.4420000e+02   5.0560185e+01  -3.3071296e+00
   1.4430000e+02  -5.4398148e+00  -1.1067130e+01
   1.4440000e+02   1.1560185e+01  -1.9747130e+01
   1.4450000e+02   7.9560185e+01  -4.7467130e+01
   1.4460000e+02   4.1560185e+01   3.2052870e+01
   1.4470000e+02   3.5601852e+00   1.3057287e+02
   1.4480000e+02   9.6560185e+01   5.8528704e+00
   1.4490000e+02   2.0560185e+01   5.2892870e+01
   1.4500000e+02  -6.5439815e+01   4.8332870e+01
   1.4510000e+02   1.5560185e+01  -4.9071296e+00
   1.4520000e+02  -1.7439815e+01   4.4412870e+01
   1.4530000e+02   7.2560185e+01  -8.1871296e+00
   1.4540000e+02  -3.4439815e+01   1.4092870e+01
   1.4550000e+02   5.6018519e-01   1.9692870e+01
   1.4560000e+02  -8.8439815e+01   6.1252870e+01
   1.4570000e+02   5.6018519e-01  -3.9307130e+01
   1.4580000e+02  -1.0843981e+02   1.4052870e+01
   1.4590000e+02  -6.3439815e+01  -2.2747130e+01
   1.4600000e+02   8.5601852e+00   3.1372870e+01
   1.4610000e+02  -7.4398148e+00   3.9012870e+01
   1.4620000e+02   5.4560185e+01   2.5532870e+01
   1.4630000e+02  -2.3439815e+01  -9.3471296e+00
   1.4640000e+02  -8.4398148e+00   6.0528704e+00
   1.4650000e+02  -1.0043981e+02   7.3287037e-01
   1.4660000e+02   8.5601852e+00   8.9372870e+01
   1.4670000e+02   4.2560185e+01  -7.0987130e+01
   1.4680000e+02  -5.7439815e+01   1.8012870e+01
   1.4690000e+02  -2.1439815e+01  -8.1427130e+01
   1.4700000e+02  -4.2439815e+01  -2.6587130e+01
   1.4710000e+02   3.5601852e+00  -5.8427130e+01
   1.4720000e+02  -2.8439815e+01   1.3852870e+01
   1.4730000e+02   9.4560185e+01  -5.9067130e+01
   1.4740000e+02   7.9560185e+01  -1.4467130e+01
   1.4750000e+02  -4.1439815e+01   3.7372870e+01
   1.4760000e+02  -2.1439815e+01  -1.7427130e+01
   1.4770000e+02   2.5601852e+00  -1.1387130e+01
   1.4780000e+02   5.3560185e+01   2.2572870e+01
   1.4790000e+02  -3.5439815e+01  -2.0867130e+01
   1.4800000e+02  -2.8439815e+01   4.2852870e+01
   1.4810000e+02   4.8560185e+01  -8.2271296e+00
   1.4820000e+02   4.7560185e+01  -3.3187130e+01
   1.4830000e+02  -1.0143981e+02  -1.0227130e+01
   1.4840000e+02   5.2560185e+01  -5.8387130e+01
   1.4850000e+02   1.0556019e+02  -4.7507130e+01
   1.4860000e+02  -9.2439815e+01  -1.3587130e+01
   1.4870000e+02  -3.7439815e+01  -8.7871296e+00
   1.4880000e+02  -9.4398148e+00   9.8092870e+01
   1.4890000e+02   1.3560185e+01  -3.9827130e+01
   1.4900000e+02   3.5560185e+01   2.9287037e-01
   1.4910000e+02   2.2560185e+01  -2.2187130e+01
   1.4920000e+02  -4.6439815e+01   6.9572870e+01
   1.4930000e+02  -1.5439815e+01  -4.3667130e+01
   1.4940000e+02  -3.4439815e+01  -2.9071296e+00
   1.4950000e+02  -7.4439815e+01  -5.5307130e+01
   1.4960000e+02  -7.3439815e+01  -2.6347130e+01
   1.4970000e+02  -4.9439815e+01   6.9287037e-01
   1.4980000e+02  -7.6439815e+01  -3.1227130e+01
   1.4990000e+02  -2.7439815e+01  -2.5187130e+01
   1.5000000e+02   2.1560185e+01   8.5287037e-01
   1.5010000e+02   1.0056019e+02  -8.9307130e+01
   1.5020000e+02  -2.8439815e+01   1.9852870e+01
   1.5030000e+02  -5.1439815e+01  -2.0227130e+01
   1.5040000e+02  -5.1439815e+01   8.7728704e+00
   1.5050000e+02  -5.0439815e+01  -5.2671296e+00
   1.5060000e+02  -6.6439815e+01  -1.6271296e+00
   1.5070000e+02   1.2560185e+01  -1.5787130e+01
   1.5080000e+02   1.9560185e+01  -1.5067130e+01
   1.5090000e+02  -1.0439815e+01   8.1328704e+00
   1.5100000e+02  -3.7439815e+01  -1.0787130e+01
   1.5110000e+02   1.0560185e+01  -6.1707130e+01
   1.5120000e+02   2.4560185e+01  -3.2267130e+01
   1.5130000e+02  -1.4843981e+02  -1.3347130e+01
   1.5140000e+02   3.9560185e+01   1.1328704e+00
   1.5150000e+02   1.6560185e+01  -5.0947130e+01
   1.5160000e+02  -3.8439815e+01   4.2528704e+00
   1.5170000e+02   4.9560185e+01   6.3732870e+01
   1.5180000e+02   6.3560185e+01  -5.3827130e+01
   1.5190000e+02   6.8560185e+01  -5.9027130e+01
   1.5200000e+02   1.8560185e+01  -1.0027130e+01
   1.5210000e+02   3.1560185e+01   3.0452870e+01
   1.5220000e+02  -1.0439815e+01  -3.9867130e+01
   1.5230000e+02  -7.1439815e+01   2.6572870e+01
   1.5240000e+02  -5.1439815e+01   1.4772870e+01
   1.5250000e+02   1.5560185e+01   2.5092870e+01
   1.5260000e+02   7.2560185e+01   2.7812870e+01
   1.5270000e+02   3.7560185e+01  -2.9787130e+01
   1.5280000e+02  -1.7439815e+01   7.4128704e+00
   1.5290000e+02   1.7560185e+01   4.6012870e+01
   1.5300000e+02  -1.4398148e+00  -6.7227130e+01
   1.5310000e+02  -2.3439815e+01  -4.1347130e+01
   1.5320000e+02  -5.7439815e+01  -7.9871296e+00
   1.5330000e+02   6.4560185e+01   4.6132870e+01
   1.5340000e+02   1.0560185e+01   2.4292870e+01
   1.5350000e+02   1.1560185e+01  -4.8747130e+01
   1.5360000e+02  -3.5439815e+01  -5.3867130e+01
   1.5370000e+02  -4.0439815e+01  -1.2667130e+01
   1.5380000e+02  -1.6439815e+01   2.6372870e+01
   1.5390000e+02  -5.7439815e+01  -1.4987130e+01
   1.5400000e+02   5.5601852e+00   2.2492870e+01
   1.5410000e+02  -3.2439815e+01  -2.4987130e+01
   1.5420000e+02  -2.9439815e+01  -5.1071296e+00
   1.5430000e+02   5.6560185e+01   9.4528704e+00
   1.5440000e+02  -8.4439815e+01  -1.5907130e+01
   1.5450000e+02   1.0560185e+01   5.6292870e+01
   1.5460000e+02  -4.7439815e+01  -2.6387130e+01
   1.5470000e+02  -8.4398148e+00  -6.9947130e+01
   1.5480000e+02   9.2560185e+01  -5.7987130e+01
   1.5490000e+02  -7.6439815e+01  -1.5227130e+01
   1.5500000e+02  -8.0439815e+01  -1.4067130e+01
   1.5510000e+02   4.4560185e+01   2.3932870e+01
   1.5520000e+02   2.2560185e+01  -2.1187130e+01
   1.5530000e+02  -6.7439815e+01   1.6412870e+01
   1.5540000e+02  -8.1439815e+01   3.2972870e+01
   1.5550000e+02  -1.0743981e+02   4.0128704e+00
   1.5560000e+02  -6.1439815e+01   1.8172870e+01
   1.5570000e+02   4.2560185e+01  -4.9987130e+01
   1.5580000e+02   1.1556019e+02  -5.7907130e+01
   1.5590000e+02   1.0756019e+02  -4.7587130e+01
   1.5600000e+02  -5.8439815e+01  -6.9471296e+00
   1.5610000e+02  -5.4398148e+00  -2.7067130e+01
   1.5620000e+02  -8.1439815e+01  -5.8027130e+01
   1.5630000e+02  -4.0439815e+01  -3.1667130e+01
   1.5640000e+02   4.7560185e+01   7.2812870e+01
   1.5650000e+02  -7.5439815e+01   7.3287037e-01
   1.5660000e+02  -5.6439815e+01   2.9972870e+01
   1.5670000e+02  -5.9439815e+01   5.0928704e+00
   1.5680000e+02   1.3256019e+02  -4.5587130e+01
   1.5690000e+02   1.8560185e+01  -2.2027130e+01
   1.5700000e+02   4.8560185e+01  -6.4227130e+01
   1.5710000e+02  -5.2439815e+01  -6.8187130e+01
   1.5720000e+02  -6.6439815e+01  -4.7627130e+01
   1.5730000e+02  -8.4439815e+01  -9.0712963e-01
   1.5740000e+02   4.5601852e+00   1.6532870e+01
   1.5750000e+02   9.6560185e+01  -6.3147130e+01
   1.5760000e+02   4.1560185e+01  -4.7947130e+01
   1.5770000e+02  -1.9439815e+01  -2.7507130e+01
   1.5780000e+02   2.9560185e+01  -6.1467130e+01
   1.5790000e+02  -4.3981481e-01  -4.5267130e+01
   1.5800000e+02  -8.8439815e+01   2.2252870e+01
   1.5810000e+02   7.8560185e+01   7.7572870e+01
   1.5820000e+02   1.1956019e+02   4.9932870e+01
   1.5830000e+02   4.1560185e+01  -1.1947130e+01
   1.5840000e+02  -4.4439815e+01  -5.6507130e+01
   1.5850000e+02   1.0856019e+02  -2.7627130e+01
   1.5860000e+02   4.6560185e+01  -4.5147130e+01
   1.5870000e+02  -1.5439815e+01  -1.0667130e+01
   1.5880000e+02  -5.0439815e+01   6.7328704e+00
   1.5890000e+02  -8.8439815e+01   3.6252870e+01
   1.5900000e+02   4.5601852e+00  -3.4467130e+01
   1.5910000e+02  -8.3439815e+01  -1.2947130e+01
   1.5920000e+02  -4.2439815e+01   6.7412870e+01
   1.5930000e+02  -3.9439815e+01  -1.1707130e+01
   1.5940000e+02  -4.3981481e-01  -4.1267130e+01
   1.5950000e+02   3.9560185e+01  -6.4867130e+01
   1.5960000e+02   9.8560185e+01  -1.7227130e+01
   1.5970000e+02  -9.8439815e+01   1.5652870e+01
   1.5980000e+02  -4.0439815e+01  -5.2667130e+01
   1.5990000e+02  -8.1439815e+01   5.9728704e+00
   1.6000000e+02   3.6560185e+01  -1.6747130e+01
   1.6010000e+02  -2.0439815e+01  -7.0467130e+01
   1.6020000e+02  -5.0439815e+01  -5.2671296e+00
   1.6030000e+02  -6.1439815e+01  -1.8827130e+01
   1.6040000e+02  -2.9439815e+01  -3.1071296e+00
   1.6050000e+02  -4.4398148e+00  -3.7107130e+01
   1.6060000e+02   1.8560185e+01  -6.0271296e+00
   1.6070000e+02  -3.4398148e+00   8.5287037e-01
   1.6080000e+02   1.1356019e+02  -4.1827130e+01
   1.6090000e+02  -9.7439815e+01  -1.8387130e+01
   1.6100000e+02  -1.0543981e+02   4.3932870e+01
   1.6110000e+02  -3.0439815e+01   4.7932870e+01
   1.6120000e+02  -4.3439815e+01   2.5452870e+01
   1.6130000e+02  -6.9439815e+01   1.0149287e+02
   1.6140000e+02   2.5560185e+01   4.8692870e+01
   1.6150000e+02  -2.5439815e+01  -4.3267130e+01
   1.6160000e+02   6.3560185e+01  -3.8827130e+01
   1.6170000e+02  -4.6439815e+01  -3.4271296e+00
   1.6180000e+02  -4.3439815e+01   3.4452870e+01
   1.6190000e+02   2.4560185e+01  -5.2267130e+01
   1.6200000e+02  -3.5439815e+01  -3.3867130e+01
   1.6210000e+02   3.9560185e+01  -3.8671296e+00
   1.6220000e+02  -4.8439815e+01   1.3652870e+01
   1.6230000e+02  -2.1439815e+01   2.6572870e+01
   1.6240000e+02   7.0560185e+01  -2.8107130e+01
   1.6250000e+02   4.5560185e+01   7.8928704e+00
   1.6260000e+02   1.9560185e+01  -2.7067130e+01
   1.6270000e+02   3.0560185e+01  -3.7507130e+01
   1.6280000e+02   2.3560185e+01   2.7772870e+01
   1.6290000e+02   2.3560185e+01  -1.9227130e+01
   1.6300000e+02  -4.0439815e+01   3.9332870e+01
   1.6310000e+02   6.0560185e+01   3.0292870e+01
   1.6320000e+02   2.5560185e+01  -5.4307130e+01
   1.6330000e+02  -6.7439815e+01  -4.3587130e+01
   1.6340000e+02  -9.0439815e+01  -2.4667130e+01
   1.6350000e+02   2.2560185e+01   4.6812870e+01
   1.6360000e+02   5.8560185e+01  -6.6271296e+00
   1.6370000e+02  -3.4439815e+01   3.8092870e+01
   1.6380000e+02  -5.7439815e+01  -4.1987130e+01
   1.6390000e+02   7.2560185e+01  -1.2187130e+01
   1.6400000e+02   2.4560185e+01  -1.2267130e+01
   1.6410000e+02  -1.8439815e+01  -3.1547130e+01
   1.6420000e+02  -3.6439815e+01  -2.6827130e+01
   1.6430000e+02   4.6560185e+01  -6.1471296e+00
   1.6440000e+02   7.5601852e+00  -3.7587130e+01
   1.6450000e+02  -1.1439815e+01  -1.3827130e+01
   1.6460000e+02  -4.6439815e+01  -2.4427130e+01
   1.6470000e+02  -6.3439815e+01   4.7252870e+01
   1.6480000e+02   6.9560185e+01   7.1932870e+01
   1.6490000e+02   2.6560185e+01  -4.8347130e+01
   1.6500000e+02  -1.7439815e+01  -1.8587130e+01
   1.6510000e+02  -3.2439815e+01  -5.9871296e+00
   1.6520000e+02  -1.6439815e+01  -5.1627130e+01
   1.6530000e+02   9.3560185e+01   7.0972870e+01
   1.6540000e+02  -3.4398148e+00  -1.9147130e+01
   1.6550000e+02  -3.5439815e+01   7.3132870e+01
   1.6560000e+02   1.0556019e+02  -3.2507130e+01
   1.6570000e+02  -4.4398148e+00   2.8892870e+01
   1.6580000e+02  -3.3439815e+01  -7.9947130e+01
   1.6590000e+02   8.5601852e+00   3.0372870e+01
   1.6600000e+02  -1.2439815e+01  -4.9787130e+01
   1.6610000e+02  -2.1439815e+01   8.5728704e+00
   1.6620000e+02   3.3560185e+01  -5.3627130e+01
   1.6630000e+02  -2.0439815e+01  -6.9467130e+01
   1.6640000e+02   6.1560185e+01   2.2252870e+01
   1.6650000e+02  -4.7439815e+01  -2.3871296e+00
   1.6660000e+02  -7.0439815e+01  -6.0467130e+01
   1.6670000e+02  -2.4439815e+01  -2.9307130e+01
   1.6680000e+02   3.5560185e+01  -6.6707130e+01
   1.6690000e+02  -1.2843981e+02   1.8852870e+01
   1.6700000e+02  -4.9439815e+01   2.8692870e+01
   1.6710000e+02   9.0560185e+01   5.8092870e+01
   1.6720000e+02  -1.3743981e+02   4.6212870e+01
   1.6730000e+02  -7.7439815e+01  -5.1187130e+01
   1.6740000e+02   8.5601852e+00  -2.0627130e+01
   1.6750000e+02  -2.4398148e+00  -2.1871296e+00
   1.6760000e+02  -2.4398148e+00  -9.1871296e+00
   1.6770000e+02   4.4560185e+01  -3.9067130e+01
   1.6780000e+02  -8.8439815e+01  -2.3747130e+01
   1.6790000e+02  -3.4439815e+01  -2.8907130e+01
   1.6800000e+02  -2.2439815e+01  -4.8387130e+01
   1.6810000e+02  -5.6439815e+01  -7.8027130e+01
   1.6820000e+02  -5.9439815e+01  -3.0907130e+01
   1.6830000e+02  -3.7439815e+01   5.9212870e+01
   1.6840000e+02   6.4560185e+01  -4.7867130e+01
   1.6850000e+02  -4.7439815e+01  -9.3871296e+00
   1.6860000e+02  -5.2439815e+01   1.6812870e+01
   1.6870000e+02  -9.5439815e+01   2.9532870e+01
   1.6880000e+02  -7.2439815e+01  -2.8387130e+01
   1.6890000e+02  -1.0443981e+02   5.3892870e+01
   1.6900000e+02  -1.0439815e+01  -3.9867130e+01
   1.6910000e+02  -8.6439815e+01  -2.2827130e+01
   1.6920000e+02  -3.4439815e+01  -1.9907130e+01
   1.6930000e+02   9.5601852e+00  -7.6671296e+00
   1.6940000e+02   2.7560185e+01  -4.5387130e+01
   1.6950000e+02  -9.1439815e+01  -2.1627130e+01
   1.6960000e+02   1.1560185e+01  -4.3747130e+01
   1.6970000e+02  -5.0439815e+01  -2.8267130e+01
   1.6980000e+02   1.2560185e+01  -6.7871296e+00
   1.6990000e+02  -8.6439815e+01  -1.7827130e+01
   1.7000000e+02   3.8560185e+01  -5.0827130e+01
   1.7010000e+02  -7.3439815e+01   3.8652870e+01
   1.7020000e+02  -1.2643981e+02  -1.8227130e+01
   1.7030000e+02  -5.2439815e+01  -7.3187130e+01
   1.7040000e+02   5.5601852e+00   3.5492870e+01
   1.7050000e+02   1.2156019e+02  -1.8147130e+01
   1.7060000e+02  -1.0343981e+02   3.5852870e+01
   1.7070000e+02   9.3560185e+01  -5.9027130e+01
   1.7080000e+02  -4.4439815e+01   1.4549287e+02
   1.7090000e+02  -7.2439815e+01  -1.4387130e+01
   1.7100000e+02  -8.7439815e+01  -2.4787130e+01
   1.7110000e+02   7.7560185e+01   4.3612870e+01
   1.7120000e+02  -3.1439815e+01  -2.0271296e+00
   1.7130000e+02  -2.3439815e+01   3.6528704e+00
   1.7140000e+02  -4.8439815e+01  -4.0347130e+01
   1.7150000e+02  -3.3439815e+01   2.9052870e+01
   1.7160000e+02   4.9560185e+01   4.6732870e+01
   1.7170000e+02  -1.6439815e+01  -1.3627130e+01
   1.7180000e+02   2.5601852e+00  -1.3387130e+01
   1.7190000e+02  -3.1439815e+01  -2.7129630e-02
   1.7200000e+02  -7.6439815e+01   2.0772870e+01
   1.7210000e+02   5.9560185e+01  -1.7667130e+01
   1.7220000e+02  -7.7439815e+01  -6.1187130e+01
   1.7230000e+02   2.1560185e+01   1.8852870e+01
   1.7240000e+02  -2.8439815e+01  -2.8147130e+01
   1.7250000e+02   5.5560185e+01  -1.6507130e+01
   1.7260000e+02  -1.6439815e+01  -6.2712963e-01
   1.7270000e+02  -2.7439815e+01  -4.0187130e+01
   1.7280000e+02  -4.9439815e+01  -2.0307130e+01
   1.7290000e+02   7.9560185e+01   2.8532870e+01
   1.7300000e+02  -2.3439815e+01  -5.3347130e+01
   1.7310000e+02  -8.5439815e+01  -3.6867130e+01
   1.7320000e+02  -1.0439815e+01  -5.2867130e+01
   1.7330000e+02  -2.4398148e+00  -1.1187130e+01
   1.7340000e+02  -7.4398148e+00  -1.0987130e+01
   1.7350000e+02  -7.4398148e+00   4.0128704e+00
   1.7360000e+02   4.0560185e+01  -7.4907130e+01
   1.7370000e+02  -4.9439815e+01   4.3692870e+01
   1.7380000e+02  -1.0439815e+01   7.0132870e+01
   1.7390000e+02  -2.9439815e+01  -1.5107130e+01
   1.7400000e+02  -9.4398148e+00  -1.6907130e+01
   1.7410000e+02   5.9560185e+01  -2.6671296e+00
   1.7420000e+02   1.9560185e+01  -1.4067130e+01
   1.7430000e+02  -3.1439815e+01   3.4972870e+01
   1.7440000e+02   2.4560185e+01  -8.2671296e+00
   1.7450000e+02  -3.5439815e+01   7.1328704e+00
   1.7460000e+02  -5.2439815e+01  -2.6187130e+01
   1.7470000e+02   3.8560185e+01  -2.0827130e+01
   1.7480000e+02   9.0560185e+01   7.0092870e+01
   1.7490000e+02  -4.8439815e+01   6.5287037e-01
   1.7500000e+02  -1.0243981e+02  -9.1871296e+00
   1.7510000e+02  -3.2439815e+01   2.6012870e+01
   1.7520000e+02  -4.4439815e+01  -2.7507130e+01
   1.7530000e+02   7.5560185e+01  -6.0307130e+01
   1.7540000e+02   5.1560185e+01   2.7652870e+01
   1.7550000e+02   1.3560185e+01   2.8172870e+01
   1.7560000e+02   4.4560185e+01   4.9932870e+01
   1.7570000e+02   8.5601852e+00  -4.9627130e+01
   1.7580000e+02  -4.3439815e+01   5.8452870e+01
   1.7590000e+02  -9.4398148e+00  -7.4907130e+01
   1.7600000e+02   5.9560185e+01  -5.6671296e+00
   1.7610000e+02   4.3560185e+01   1.1972870e+01
   1.7620000e+02  -5.7439815e+01  -1.6987130e+01
   1.7630000e+02   1.3560185e+01  -5.0827130e+01
   1.7640000e+02  -1.2439815e+01   1.7212870e+01
   1.7650000e+02   6.4560185e+01  -8.6712963e-01
   1.7660000e+02  -4.2439815e+01  -6.1587130e+01
   1.7670000e+02  -7.4398148e+00  -2.2987130e+01
   1.7680000e+02   3.7560185e+01  -6.8787130e+01
   1.7690000e+02  -3.5439815e+01   1.9132870e+01
   1.7700000e+02  -9.7439815e+01  -9.3871296e+00
   1.7710000e+02   8.5601852e+00  -2.3627130e+01
   1.7720000e+02  -1.8439815e+01  -5.1547130e+01
   1.7730000e+02   2.9560185e+01   2.4532870e+01
   1.7740000e+02  -3.3439815e+01  -7.9471296e+00
   1.7750000e+02  -3.0439815e+01  -3.3067130e+01
   1.7760000e+02  -5.9439815e+01  -7.0907130e+01
   1.7770000e+02   4.5601852e+00   1.0532870e+01
   1.7780000e+02  -9.4398148e+00  -7.9071296e+00
   1.7790000e+02  -5.2439815e+01  -9.1871296e+00
   1.7800000e+02   3.9560185e+01   2.7132870e+01
   1.7810000e+02  -1.3439815e+01  -1.7471296e+00
   1.7820000e+02  -1.8439815e+01  -1.6547130e+01
   1.7830000e+02  -3.2439815e+01   9.0128704e+00
   1.7840000e+02   1.5560185e+01   6.0928704e+00
   1.7850000e+02  -8.4398148e+00  -3.9471296e+00
   1.7860000e+02  -5.6439815e+01   2.9972870e+01
   1.7870000e+02  -1.9439815e+01  -2.0507130e+01
   1.7880000e+02   1.2560185e+01   5.7212870e+01
   1.7890000e+02   3.9560185e+01  -5.4867130e+01
   1.7900000e+02   1.5560185e+01  -5.2907130e+01
   1.7910000e+02   3.3560185e+01   2.0372870e+01
   1.7920000e+02   8.5601852e+00  -3.5627130e+01
   1.7930000e+02   1.7560185e+01  -4.7987130e+01
   1.7940000e+02  -2.4398148e+00  -4.5187130e+01
   1.7950000e+02  -6.4398148e+00  -1.4027130e+01
   1.7960000e+02  -9.5439815e+01  -4.7467130e+01
   1.7970000e+02  -4.8439815e+01   2.1652870e+01
   1.7980000e+02  -5.1439815e+01  -2.3227130e+01
   1.7990000e+02   2.0560185e+01  -4.1107130e+01
   1.8000000e+02  -3.9439815e+01  -3.7071296e+00
   1.8010000e+02  -6.0439815e+01  -3.7867130e+01
   1.8020000e+02  -2.2439815e+01  -8.6387130e+01
   1.8030000e+02  -2.9439815e+01  -6.1071296e+00
   1.8040000e+02   2.5601852e+00  -4.5387130e+01
   1.8050000e+02  -3.1439815e+01  -1.0271296e+00
   1.8060000e+02  -3.2439815e+01   4.0128704e+00
   1.8070000e+02   1.4656019e+02  -4.4147130e+01
   1.8080000e+02  -5.9439815e+01   2.0928704e+00
   1.8090000e+02  -9.4398148e+00  -6.4907130e+01
   1.8100000e+02   1.5056019e+02  -5.6307130e+01
   1.8110000e+02  -4.0439815e+01  -3.5667130e+01
   1.8120000e+02  -7.8439815e+01  -1.8147130e+01
   1.8130000e+02  -3.9439815e+01  -4.3707130e+01
   1.8140000e+02  -5.8439815e+01  -1.1947130e+01
   1.8150000e+02  -5.3439815e+01   8.5287037e-01
   1.8160000e+02   2.2560185e+01  -3.6187130e+01
   1.8170000e+02   1.0956019e+02  -4.5667130e+01
   1.8180000e+02  -2.4398148e+00   2.0812870e+01
   1.8190000e+02  -9.8439815e+01  -1.5347130e+01
   1.8200000e+02   2.5560185e+01   1.2692870e+01
   1.8210000e+02  -9.7439815e+01  -1.0387130e+01
   1.8220000e+02   1.4560185e+01   1.1328704e+00
   1.8230000e+02  -4.2439815e+01   3.4412870e+01
   1.8240000e+02  -1.6439815e+01  -3.1627130e+01
   1.8250000e+02   1.6560185e+01   5.5052870e+01
   1.8260000e+02  -2.5439815e+01  -2.7267130e+01
   1.8270000e+02  -1.2643981e+02  -1.1227130e+01
   1.8280000e+02  -5.2439815e+01  -7.1871296e+00
   1.8290000e+02   2.1560185e+01  -1.2147130e+01
   1.8300000e+02  -4.5439815e+01  -2.3467130e+01
   1.8310000e+02   1.8560185e+01   2.2972870e+01
   1.8320000e+02   3.4560185e+01  -2.9667130e+01
   1.8330000e+02  -1.7439815e+01  -2.4587130e+01
   1.8340000e+02  -7.4398148e+00   1.7012870e+01
   1.8350000e+02  -4.3981481e-01  -3.1267130e+01
   1.8360000e+02  -5.4398148e+00   9.3287037e-01
   1.8370000e+02   8.5601852e+00   3.7287037e-01
   1.8380000e+02   1.2560185e+01  -1.4787130e+01
   1.8390000e+02   3.5601852e+00  -5.2427130e+01
   1.8400000e+02  -5.8439815e+01   1.0528704e+00
   1.8410000e+02  -5.1439815e+01  -1.7227130e+01
   1.8420000e+02  -7.8439815e+01  -1.3147130e+01
   1.8430000e+02   5.8560185e+01  -2.0627130e+01
   1.8440000e+02  -1.4743981e+02  -2.1387130e+01
   1.8450000e+02   8.5601852e+00  -4.3627130e+01
   1.8460000e+02   7.9560185e+01   6.5328704e+00
   1.8470000e+02   2.5601852e+00  -1.7387130e+01
   1.8480000e+02  -6.6439815e+01  -6.3627130e+01
   1.8490000e+02  -2.1439815e+01  -1.4271296e+00
   1.8500000e+02  -6.7439815e+01  -7.2587130e+01
   1.8510000e+02  -5.9439815e+01  -2.9071296e+00
   1.8520000e+02  -6.0439815e+01  -2.1867130e+01
   1.8530000e+02  -8.0439815e+01  -9.0671296e+00
   1.8540000e+02   1.7560185e+01  -2.9987130e+01
   1.8550000e+02   2.3560185e+01   7.7287037e-01
   1.8560000e+02   3.8560185e+01  -3.9827130e+01
   1.8570000e+02   4.1560185e+01  -1.8947130e+01
   1.8580000e+02  -4.0439815e+01   4.7332870e+01
   1.8590000e+02   8.2560185e+01  -2.0587130e+01
   1.8600000e+02  -7.4398148e+00  -7.9987130e+01
   1.8610000e+02  -5.0439815e+01  -3.0267130e+01
   1.8620000e+02  -3.1439815e+01   2.8972870e+01
   1.8630000e+02   3.9560185e+01  -1.9867130e+01
   1.8640000e+02  -8.7439815e+01  -2.6787130e+01
   1.8650000e+02  -3.7439815e+01   2.9212870e+01
   1.8660000e+02  -1.3439815e+01  -3.7471296e+00
   1.8670000e+02  -3.5439815e+01  -2.7867130e+01
   1.8680000e+02  -8.2439815e+01   1.5012870e+01
   1.8690000e+02   3.2560185e+01  -3.5871296e+00
   1.8700000e+02  -1.7439815e+01  -2.4587130e+01
   1.8710000e+02   3.4560185e+01   1.0332870e+01
   1.8720000e+02   1.3356019e+02  -4.3627130e+01
   1.8730000e+02  -2.6439815e+01   3.2772870e+01
   1.8740000e+02   1.6560185e+01   1.3052870e+01
   1.8750000e+02  -9.7439815e+01  -4.4387130e+01
   1.8760000e+02  -5.4398148e+00  -3.4067130e+01
   1.8770000e+02  -5.4439815e+01  -1.9107130e+01
   1.8780000e+02  -4.4398148e+00  -2.7107130e+01
   1.8790000e+02   5.3560185e+01   1.3572870e+01
   1.8800000e+02  -2.0439815e+01   6.2532870e+01
   1.8810000e+02  -2.1439815e+01   8.4572870e+01
   1.8820000e+02  -7.4439815e+01   1.5692870e+01
   1.8830000e+02  -8.7439815e+01  -3.9787130e+01
   1.8840000e+02  -1.9439815e+01   2.4928704e+00
   1.8850000e+02  -4.6439815e+01  -3.4427130e+01
   1.8860000e+02   3.0560185e+01  -7.9507130e+01
   1.8870000e+02  -2.1439815e+01  -3.4427130e+01
   1.8880000e+02  -3.4398148e+00  -3.8147130e+01
   1.8890000e+02  -1.0343981e+02  -3.6147130e+01
   1.8900000e+02  -6.1439815e+01  -9.8271296e+00
   1.8910000e+02  -3.4439815e+01  -6.8907130e+01
   1.8920000e+02  -3.9439815e+01  -1.8707130e+01
   1.8930000e+02   3.8560185e+01  -4.7827130e+01
   1.8940000e+02  -3.8439815e+01  -4.7471296e+00
   1.8950000e+02   1.2560185e+01  -7.6787130e+01
   1.8960000e+02  -7.9439815e+01   6.3892870e+01
   1.8970000e+02   4.8560185e+01  -5.8227130e+01
   1.8980000e+02  -5.8439815e+01   4.0528704e+00
   1.8990000e+02  -2.4398148e+00  -2.7187130e+01
   1.9000000e+02   3.1560185e+01  -5.1547130e+01
   1.9010000e+02  -7.5439815e+01   5.2732870e+01
   1.9020000e+02  -9.5439815e+01  -1.7467130e+01
   1.9030000e+02  -5.5439815e+01   1.6932870e+01
   1.9040000e+02  -5.0439815e+01  -2.4267130e+01
   1.9050000e+02  -1.7439815e+01   4.6412870e+01
   1.9060000e+02   7.8560185e+01  -1.5427130e+01
   1.9070000e+02  -1.0943981e+02  -3.7907130e+01
   1.9080000e+02  -7.4398148e+00  -4.6987130e+01
   1.9090000e+02  -1.2439815e+01   7.2128704e+00
   1.9100000e+02  -4.4439815e+01  -2.4507130e+01
   1.9110000e+02   6.3560185e+01   5.1728704e+00
   1.9120000e+02   7.8560185e+01  -7.2427130e+01
   1.9130000e+02  -1.8439815e+01  -4.5547130e+01
   1.9140000e+02  -3.4398148e+00   3.5852870e+01
   1.9150000e+02   6.5601852e+00   1.4452870e+01
   1.9160000e+02  -5.7439815e+01  -4.5987130e+01
   1.9170000e+02  -7.1439815e+01  -1.3427130e+01
   1.9180000e+02  -6.1439815e+01  -2.5827130e+01
   1.9190000e+02   1.3560185e+01  -2.6827130e+01
   1.9200000e+02  -5.4439815e+01   4.7892870e+01
   1.9210000e+02  -2.7439815e+01  -8.5187130e+01
   1.9220000e+02  -6.9439815e+01   2.4928704e+00
   1.9230000e+02  -3.0439815e+01  -4.0671296e+00
   1.9240000e+02   1.0560185e+01  -6.7707130e+01
   1.9250000e+02   2.7560185e+01  -1.0387130e+01
   1.9260000e+02  -1.5439815e+01  -4.3667130e+01
   1.9270000e+02  -8.2439815e+01  -5.9987130e+01
   1.9280000e+02   4.1560185e+01  -2.9947130e+01
   1.9290000e+02  -2.4398148e+00  -1.9187130e+01
   1.9300000e+02   5.3560185e+01  -3.0427130e+01
   1.9310000e+02  -8.9439815e+01  -2.0707130e+01
   1.9320000e+02  -6.9439815e+01  -2.0507130e+01
   1.9330000e+02  -1.6439815e+01   1.2372870e+01
   1.9340000e+02  -1.7439815e+01  -1.6587130e+01
   1.9350000e+02   2.2560185e+01  -3.6187130e+01
   1.9360000e+02   2.0560185e+01  -5.8107130e+01
   1.9370000e+02  -6.2439815e+01  -1.7871296e+00
   1.9380000e+02  -6.4398148e+00   1.8972870e+01
   1.9390000e+02   1.3556019e+02  -1.6707130e+01
   1.9400000e+02  -1.9439815e+01   9.4928704e+00
   1.9410000e+02   8.6560185e+01   1.2252870e+01
   1.9420000e+02  -5.4398148e+00   2.8932870e+01
   1.9430000e+02   1.0056019e+02  -5.2307130e+01
   1.9440000e+02  -8.4398148e+00   4.7052870e+01
   1.9450000e+02  -4.4439815e+01  -6.3507130e+01
   1.9460000e+02  -3.6439815e+01  -1.2827130e+01
   1.9470000e+02   6.9560185e+01   2.9328704e+00
   1.9480000e+02  -5.5439815e+01  -1.1067130e+01
   1.9490000e+02  -5.3439815e+01  -7.1471296e+00
   1.9500000e+02   4.8560185e+01  -1.6227130e+01
   1.9510000e+02  -8.3439815e+01  -5.3947130e+01
   1.9520000e+02   7.0560185e+01  -3.1071296e+00
   1.9530000e+02  -6.9439815e+01  -7.3507130e+01
   1.9540000e+02  -4.3981481e-01  -2.6267130e+01
   1.9550000e+02  -6.2439815e+01  -3.9787130e+01
   1.9560000e+02  -3.1439815e+01   9.7287037e-01
   1.9570000e+02  -2.5439815e+01  -4.6267130e+01
   1.9580000e+02   2.5601852e+00  -5.3871296e+00
   1.9590000e+02  -4.2439815e+01  -1.5587130e+01
   1.9600000e+02  -3.7439815e+01  -4.3787130e+01
   1.9610000e+02   2.5601852e+00   7.6128704e+00
   1.9620000e+02   8.5601852e+00  -3.3627130e+01
   1.9630000e+02   7.4560185e+01  -2.6712963e-01
   1.9640000e+02   8.2560185e+01  -3.5871296e+00
   1.9650000e+02  -4.4398148e+00  -6.7107130e+01
   1.9660000e+02   6.2560185e+01  -3.8787130e+01
   1.9670000e+02   6.2560185e+01  -2.2787130e+01
   1.9680000e+02  -9.8439815e+01   2.1652870e+01
   1.9690000e+02   8.5601852e+00  -3.2627130e+01
   1.9700000e+02  -8.4439815e+01  -4.7907130e+01
   1.9710000e+02  -9.5439815e+01  -2.7467130e+01
   1.9720000e+02   5.4560185e+01  -3.4671296e+00
   1.9730000e+02  -1.5439815e+01  -1.4667130e+01
   1.9740000e+02  -6.6439815e+01  -2.6271296e+00
   1.9750000e+02  -6.9439815e+01  -1.8507130e+01
   1.9760000e+02   1.7560185e+01  -3.3987130e+01
   1.9770000e+02  -5.8439815e+01  -4.9471296e+00
   1.9780000e+02   9.2560185e+01  -5.6987130e+01
   1.9790000e+02   6.5601852e+00   4.4528704e+00
   1.9800000e+02  -5.8439815e+01  -1.4947130e+01
   1.9810000e+02  -4.2439815e+01   6.4128704e+00
   1.9820000e+02  -9.5439815e+01  -4.6467130e+01
   1.9830000e+02   3.5601852e+00  -2.4271296e+00
   1.9840000e+02   7.1560185e+01  -2.1471296e+00
   1.9850000e+02   5.8560185e+01   1.5372870e+01
   1.9860000e+02  -3.4439815e+01  -3.9907130e+01
   1.9870000e+02  -7.4398148e+00   1.0012870e+01
   1.9880000e+02   4.9560185e+01  -2.4267130e+01
   1.9890000e+02  -9.1439815e+01  -1.3627130e+01
   1.9900000e+02   4.5601852e+00   3.9532870e+01
   1.9910000e+02  -7.9439815e+01  -1.3107130e+01
   1.9920000e+02  -7.0439815e+01   5.5328704e+00
   1.9930000e+02   2.5601852e+00  -5.4387130e+01
   1.9940000e+02  -6.6439815e+01  -6.9627130e+01
   1.9950000e+02   5.5601852e+00  -2.0507130e+01
   1.9960000e+02   2.4560185e+01   4.1732870e+01
   1.9970000e+02   4.6560185e+01  -3.1471296e+00
   1.9980000e+02  -3.5439815e+01  -4.7867130e+01
   1.9990000e+02  -1.1443981e+02  -2.2707130e+01
