   0.0000000e+00   3.3853933e+02   1.5238352e+02
   1.0000000e-01   2.2553933e+02  -1.0964794e+00
   2.0000000e-01   2.0053933e+02   1.4903521e+01
   3.0000000e-01   2.9053933e+02   5.0303521e+01
   4.0000000e-01   1.3953933e+02   4.0343521e+01
   5.0000000e-01   1.3053933e+02   2.9703521e+01
   6.0000000e-01   1.4853933e+02   1.4698352e+02
   7.0000000e-01   3.0453933e+02   6.8743521e+01
   8.0000000e-01   2.7653933e+02   1.9863521e+01
   9.0000000e-01   3.8853933e+02   6.3835206e+00
   1.0000000e+00   1.5653933e+02  -5.3364794e+00
   1.1000000e+00   3.3953933e+02   3.9343521e+01
   1.2000000e+00   3.0853933e+02   2.5835206e+00
   1.3000000e+00   2.6853933e+02   7.0183521e+01
   1.4000000e+00   3.9553933e+02   3.1103521e+01
   1.5000000e+00   3.7853933e+02   3.5783521e+01
   1.6000000e+00   1.5353933e+02  -1.3216479e+01
   1.7000000e+00   2.3153933e+02  -1.4336479e+01
   1.8000000e+00   2.0053933e+02   5.9035206e+00
   1.9000000e+00   3.2353933e+02   6.6983521e+01
   2.0000000e+00   2.2453933e+02   6.7943521e+01
   2.1000000e+00   4.0953933e+02  -2.4564794e+00
   2.2000000e+00   2.1253933e+02   9.2423521e+01
   2.3000000e+00   3.4853933e+02   1.3983521e+01
   2.4000000e+00   1.9153933e+02   1.6263521e+01
   2.5000000e+00   1.1253933e+02   5.8423521e+01
   2.6000000e+00   1.7853933e+02   2.4783521e+01
   2.7000000e+00   2.9753933e+02   5.0023521e+01
   2.8000000e+00   1.9853933e+02   5.7983521e+01
   2.9000000e+00   2.7853933e+02  -1.0216479e+01
   3.0000000e+00   2.1353933e+02   5.0383521e+01
   3.1000000e+00   4.7353933e+02   4.5983521e+01
   3.2000000e+00   2.0053933e+02   6.1903521e+01
   3.3000000e+00   3.6853933e+02  -4.5816479e+01
   3.4000000e+00   2.6753933e+02   1.4122352e+02
   3.5000000e+00   3.7353933e+02   6.6983521e+01
   3.6000000e+00   1.2653933e+02   5.9863521e+01
   3.7000000e+00   2.3453933e+02   2.9543521e+01
   3.8000000e+00   1.6353933e+02   4.5383521e+01
   3.9000000e+00   2.9153933e+02   3.2263521e+01
   4.0000000e+00   1.9953933e+02   1.8943521e+01
   4.1000000e+00   3.5653933e+02  -3.3364794e+00
   4.2000000e+00   1.5053933e+02   2.6903521e+01
   4.3000000e+00   2.6053933e+02   1.1450352e+02
   4.4000000e+00   1.8353933e+02   4.7583521e+01
   4.5000000e+00   8.7539326e+01   5.2423521e+01
   4.6000000e+00   3.6053933e+02   8.2503521e+01
   4.7000000e+00   2.6453933e+02   9.3343521e+01
   4.8000000e+00   3.0953933e+02   2.6543521e+01
   4.9000000e+00   1.8053933e+02  -3.4296479e+01
   5.0000000e+00   3.6153933e+02   6.4635206e+00
   5.1000000e+00   2.6853933e+02   1.0183521e+01
   5.2000000e+00   2.6753933e+02   3.8223521e+01
   5.3000000e+00   1.3253933e+02   2.5623521e+01
   5.4000000e+00   2.3453933e+02   3.5435206e+00
   5.5000000e+00   2.0253933e+02   2.6823521e+01
   5.6000000e+00   1.2353933e+02   1.1798352e+02
   5.7000000e+00   4.1553933e+02  -1.0696479e+01
   5.8000000e+00   2.7153933e+02   2.4063521e+01
   5.9000000e+00   2.1153933e+02  -4.5364794e+00
   6.0000000e+00   2.9553933e+02   5.6103521e+01
   6.1000000e+00   2.2553933e+02   3.9903521e+01
   6.2000000e+00   3.2253933e+02   6.0023521e+01
   6.3000000e+00   3.0053933e+02   6.4903521e+01
   6.4000000e+00   3.1553933e+02  -3.6696479e+01
   6.5000000e+00   1.5153933e+02   5.9863521e+01
   6.6000000e+00   1.1453933e+02   4.6343521e+01
   6.7000000e+00   4.3153933e+02   4.3663521e+01
   6.8000000e+00   2.6153933e+02  -2.5364794e+00
   6.9000000e+00   2.7053933e+02   4.5103521e+01
   7.0000000e+00   3.3853933e+02   8.5383521e+01
   7.1000000e+00   2.2653933e+02  -3.8136479e+01
   7.2000000e+00   3.3053933e+02   3.2703521e+01
   7.3000000e+00   2.4153933e+02   9.4263521e+01
   7.4000000e+00   3.1053933e+02   3.6503521e+01
   7.5000000e+00   1.7653933e+02   1.0186352e+02
   7.6000000e+00   1.9553933e+02  -5.8964794e+00
   7.7000000e+00   3.3753933e+02   3.0423521e+01
   7.8000000e+00   2.1453933e+02   6.4343521e+01
   7.9000000e+00   1.5953933e+02   5.4543521e+01
   8.0000000e+00   3.5453933e+02   1.0274352e+02
   8.1000000e+00   2.6153933e+02   2.7463521e+01
   8.2000000e+00   2.0353933e+02   7.0783521e+01
   8.3000000e+00   2.6953933e+02   4.1435206e+00
   8.4000000e+00   3.0353933e+02   3.8783521e+01
   8.5000000e+00   3.2053933e+02   3.1103521e+01
   8.6000000e+00   3.2553933e+02   7.0903521e+01
   8.7000000e+00   1.4953933e+02   1.1694352e+02
   8.8000000e+00   2.7653933e+02   8.1863521e+01
   8.9000000e+00   4.3753933e+02   7.4423521e+01
   9.0000000e+00   3.6539326e+01   9.2463521e+01
   9.1000000e+00   3.6353933e+02   6.9383521e+01
   9.2000000e+00   2.7653933e+02   9.8863521e+01
   9.3000000e+00   2.0253933e+02   1.4482352e+02
   9.4000000e+00   3.0553933e+02   8.9703521e+01
   9.5000000e+00   1.9153933e+02   8.2263521e+01
   9.6000000e+00   1.5353933e+02   5.7783521e+01
   9.7000000e+00   2.8953933e+02   5.2343521e+01
   9.8000000e+00   1.7753933e+02   8.8235206e+00
   9.9000000e+00   3.4453933e+02   6.2143521e+01
   1.0000000e+01   2.3353933e+02   1.3558352e+02
   1.0100000e+01   3.2653933e+02   6.7863521e+01
   1.0200000e+01   2.2353933e+02   3.8983521e+01
   1.0300000e+01   2.1853933e+02   8.0183521e+01
   1.0400000e+01   1.9053933e+02   7.5303521e+01
   1.0500000e+01   2.2453933e+02  -2.9056479e+01
   1.0600000e+01   2.5053933e+02   5.7903521e+01
   1.0700000e+01   2.9953933e+02   1.0394352e+02
   1.0800000e+01   1.4253933e+02   9.8223521e+01
   1.0900000e+01   1.7153933e+02   8.0063521e+01
   1.1000000e+01   2.6053933e+02  -4.9647940e-01
   1.1100000e+01   3.3753933e+02   5.4235206e+00
   1.1200000e+01   2.6853933e+02   5.0183521e+01
   1.1300000e+01   3.2453933e+02   2.6943521e+01
   1.1400000e+01   2.0453933e+02   1.2174352e+02
   1.1500000e+01   1.9353933e+02   1.0018352e+02
   1.1600000e+01   1.4453933e+02   1.1143521e+01
   1.1700000e+01   2.4353933e+02   7.3183521e+01
   1.1800000e+01   3.5453933e+02   1.0874352e+02
   1.1900000e+01   3.6253933e+02   1.0042352e+02
   1.2000000e+01   2.3253933e+02  -5.1376479e+01
   1.2100000e+01   3.9653933e+02   8.0635206e+00
   1.2200000e+01   4.5453933e+02  -4.8256479e+01
   1.2300000e+01   2.5753933e+02  -1.1376479e+01
   1.2400000e+01   4.2753933e+02  -3.3176479e+01
   1.2500000e+01   4.9953933e+02   8.9435206e+00
   1.2600000e+01   3.6353933e+02   1.3383521e+01
   1.2700000e+01   3.2253933e+02   1.2023521e+01
   1.2800000e+01   3.1753933e+02   3.7223521e+01
   1.2900000e+01   2.6453933e+02   2.3343521e+01
   1.3000000e+01   3.8353933e+02   7.5583521e+01
   1.3100000e+01   2.7753933e+02  -1.1764794e+00
   1.3200000e+01   5.0753933e+02   2.8623521e+01
   1.3300000e+01   3.4953933e+02   4.4943521e+01
   1.3400000e+01   3.3353933e+02  -2.2416479e+01
   1.3500000e+01   3.2053933e+02   7.0103521e+01
   1.3600000e+01   2.9153933e+02   6.5263521e+01
   1.3700000e+01   9.9539326e+01   3.9435206e+00
   1.3800000e+01   3.6153933e+02   9.4635206e+00
   1.3900000e+01   2.8653933e+02   6.8463521e+01
   1.4000000e+01   3.6553933e+02  -1.3696479e+01
   1.4100000e+01   3.2553933e+02   1.8903521e+01
   1.4200000e+01   3.1753933e+02   2.2352060e-01
   1.4300000e+01   5.0153933e+02   1.8863521e+01
   1.4400000e+01   4.6953933e+02  -3.9856479e+01
   1.4500000e+01   2.6053933e+02  -1.3496479e+01
   1.4600000e+01   2.8153933e+02  -2.9336479e+01
   1.4700000e+01   3.3453933e+02   1.3543521e+01
   1.4800000e+01   1.4153933e+02   2.0263521e+01
   1.4900000e+01   4.0253933e+02  -2.6176479e+01
   1.5000000e+01   3.1253933e+02  -2.8576479e+01
   1.5100000e+01   3.6953933e+02  -3.8564794e+00
   1.5200000e+01   3.2053933e+02   1.2210352e+02
   1.5300000e+01   3.2753933e+02  -4.1176479e+01
   1.5400000e+01   3.1153933e+02  -7.5364794e+00
   1.5500000e+01   3.9553933e+02   4.1035206e+00
   1.5600000e+01   2.9653933e+02  -3.8936479e+01
   1.5700000e+01   3.9453933e+02  -2.2856479e+01
   1.5800000e+01   4.8553933e+02  -4.1496479e+01
   1.5900000e+01   2.3053933e+02   8.4703521e+01
   1.6000000e+01   2.5453933e+02  -7.1256479e+01
   1.6100000e+01   2.9253933e+02   1.9223521e+01
   1.6200000e+01   3.6453933e+02  -5.7656479e+01
   1.6300000e+01   2.5853933e+02   2.1583521e+01
   1.6400000e+01   3.3053933e+02  -2.0296479e+01
   1.6500000e+01   3.6153933e+02   8.0463521e+01
   1.6600000e+01   1.9953933e+02  -2.5056479e+01
   1.6700000e+01   3.7753933e+02   3.7823521e+01
   1.6800000e+01   3.0353933e+02  -3.3216479e+01
   1.6900000e+01   2.9253933e+02   3.4223521e+01
   1.7000000e+01   2.3053933e+02  -1.9296479e+01
   1.7100000e+01   3.6453933e+02   3.8343521e+01
   1.7200000e+01   6.6953933e+02   3.4143521e+01
   1.7300000e+01   3.9053933e+02  -4.6964794e+00
   1.7400000e+01   4.5353933e+02   2.0783521e+01
   1.7500000e+01   3.7953933e+02  -3.2256479e+01
   1.7600000e+01   5.0653933e+02  -2.1336479e+01
   1.7700000e+01   2.9553933e+02   9.0103521e+01
   1.7800000e+01   4.7253933e+02  -5.5976479e+01
   1.7900000e+01   3.7653933e+02  -2.1136479e+01
   1.8000000e+01   4.4753933e+02  -3.8976479e+01
   1.8100000e+01   2.7853933e+02   4.0783521e+01
   1.8200000e+01   2.3853933e+02  -2.6164794e+00
   1.8300000e+01   2.4853933e+02   7.9835206e+00
   1.8400000e+01   2.5753933e+02  -1.4376479e+01
   1.8500000e+01   2.9453933e+02   2.8143521e+01
   1.8600000e+01   1.8253933e+02  -6.3764794e+00
   1.8700000e+01   3.2153933e+02   6.9063521e+01
   1.8800000e+01   3.3553933e+02  -1.9496479e+01
   1.8900000e+01   2.0753933e+02  -3.6376479e+01
   1.9000000e+01   3.0453933e+02  -2.8256479e+01
   1.9100000e+01   2.0853933e+02  -5.2416479e+01
   1.9200000e+01   1.7053933e+02   5.2103521e+01
   1.9300000e+01   4.3153933e+02   3.9663521e+01
   1.9400000e+01   4.5253933e+02  -3.3176479e+01
   1.9500000e+01   4.3053933e+02  -4.9296479e+01
   1.9600000e+01   3.1653933e+02   4.7263521e+01
   1.9700000e+01   2.0553933e+02  -4.3296479e+01
   1.9800000e+01   3.9053933e+02   1.0303521e+01
   1.9900000e+01   4.7853933e+02   1.7783521e+01
   2.0000000e+01   5.2953933e+02  -4.1256479e+01
   2.0100000e+01   3.4153933e+02   3.0263521e+01
   2.0200000e+01   2.6953933e+02   2.7143521e+01
   2.0300000e+01   3.3553933e+02   5.9503521e+01
   2.0400000e+01   2.3753933e+02  -5.3576479e+01
   2.0500000e+01   4.5053933e+02  -4.3096479e+01
   2.0600000e+01   2.9853933e+02  -5.0164794e+00
   2.0700000e+01   2.6253933e+02   7.2423521e+01
   2.0800000e+01   2.1853933e+02  -2.4816479e+01
   2.0900000e+01   3.4853933e+02   1.2983521e+01
   2.1000000e+01   3.3253933e+02   1.5623521e+01
   2.1100000e+01   4.0553933e+02  -6.9296479e+01
   2.1200000e+01   2.3653933e+02  -2.4536479e+01
   2.1300000e+01   5.0753933e+02   3.7623521e+01
   2.1400000e+01   2.2353933e+02   8.9835206e+00
   2.1500000e+01   3.6153933e+02  -4.2536479e+01
   2.1600000e+01   3.9653933e+02   2.7063521e+01
   2.1700000e+01   2.6353933e+02   3.1383521e+01
   2.1800000e+01   3.3653933e+02   4.6352060e-01
   2.1900000e+01   2.7653933e+02  -3.0136479e+01
   2.2000000e+01   4.7553933e+02  -5.7096479e+01
   2.2100000e+01   3.7853933e+02   6.1783521e+01
   2.2200000e+01   4.0453933e+02   2.2743521e+01
   2.2300000e+01   3.2553933e+02   8.7903521e+01
   2.2400000e+01   1.5853933e+02   3.0583521e+01
   2.2500000e+01   3.0953933e+02   1.0543521e+01
   2.2600000e+01   6.2753933e+02  -8.1764794e+00
   2.2700000e+01   3.1453933e+02  -3.2656479e+01
   2.2800000e+01   4.4953933e+02   3.3943521e+01
   2.2900000e+01   3.6653933e+02  -7.7364794e+00
   2.3000000e+01   3.2553933e+02  -9.0964794e+00
   2.3100000e+01   4.4153933e+02  -2.6736479e+01
   2.3200000e+01   1.1353933e+02   2.3383521e+01
   2.3300000e+01   2.9253933e+02   1.1223521e+01
   2.3400000e+01   1.3653933e+02  -3.3536479e+01
   2.3500000e+01   3.3853933e+02  -4.3616479e+01
   2.3600000e+01   3.1353933e+02  -6.2616479e+01
   2.3700000e+01   3.3553933e+02   3.5035206e+00
   2.3800000e+01   3.0253933e+02   2.8235206e+00
   2.3900000e+01   3.1353933e+02   4.4383521e+01
   2.4000000e+01   2.7753933e+02   4.4823521e+01
   2.4100000e+01   4.9053933e+02   3.0303521e+01
   2.4200000e+01   3.8753933e+02  -9.5764794e+00
   2.4300000e+01   2.4653933e+02  -1.1936479e+01
   2.4400000e+01   2.2653933e+02  -7.1364794e+00
   2.4500000e+01   2.1353933e+02  -3.7616479e+01
   2.4600000e+01   3.6553933e+02  -7.6964794e+00
   2.4700000e+01   2.9053933e+02   1.1930352e+02
   2.4800000e+01   1.8153933e+02   2.6663521e+01
   2.4900000e+01   3.4353933e+02  -6.6816479e+01
   2.5000000e+01   6.9539326e+01   9.1435206e+00
   2.5100000e+01   3.6253933e+02   4.7423521e+01
   2.5200000e+01   1.9553933e+02   1.1103521e+01
   2.5300000e+01   1.4953933e+02   1.5943521e+01
   2.5400000e+01   4.2253933e+02  -1.9764794e+00
   2.5500000e+01   4.4853933e+02  -1.0016479e+01
   2.5600000e+01   5.1653933e+02   1.8263521e+01
   2.5700000e+01   3.5453933e+02  -4.8256479e+01
   2.5800000e+01   2.3453933e+02  -6.4564794e+00
   2.5900000e+01   1.7453933e+02  -5.3056479e+01
   2.6000000e+01   4.9353933e+02   2.6183521e+01
   2.6100000e+01   4.0753933e+02  -4.3764794e+00
   2.6200000e+01   1.9153933e+02   1.2635206e+00
   2.6300000e+01   1.8453933e+02  -9.4564794e+00
   2.6400000e+01   3.3653933e+02   3.0463521e+01
   2.6500000e+01   2.1453933e+02  -3.1656479e+01
   2.6600000e+01   3.4653933e+02  -2.5936479e+01
   2.6700000e+01   2.3953933e+02   2.5343521e+01
   2.6800000e+01   3.6253933e+02  -1.5576479e+01
   2.6900000e+01   3.6853933e+02  -1.6816479e+01
   2.7000000e+01   3.5453933e+02   3.7435206e+00
   2.7100000e+01   3.5253933e+02   5.1823521e+01
   2.7200000e+01   3.6653933e+02  -1.7736479e+01
   2.7300000e+01   2.1253933e+02   6.4423521e+01
   2.7400000e+01   3.1753933e+02   2.0223521e+01
   2.7500000e+01   2.4653933e+02   1.5706352e+02
   2.7600000e+01   2.1053933e+02  -3.5496479e+01
   2.7700000e+01   3.3153933e+02   6.6663521e+01
   2.7800000e+01   2.8453933e+02  -4.3456479e+01
   2.7900000e+01   2.4253933e+02   4.2223521e+01
   2.8000000e+01   3.1253933e+02  -4.0576479e+01
   2.8100000e+01   4.7653933e+02   2.2863521e+01
   2.8200000e+01   4.0653933e+02  -2.3336479e+01
   2.8300000e+01   3.7053933e+02   4.7103521e+01
   2.8400000e+01   5.5353933e+02   3.7835206e+00
   2.8500000e+01   4.1753933e+02   2.6223521e+01
   2.8600000e+01   4.0253933e+02   4.0823521e+01
   2.8700000e+01   4.2553933e+02  -2.0964794e+00
   2.8800000e+01   8.7539326e+01   4.2352060e-01
   2.8900000e+01   2.0253933e+02   2.8235206e+00
   2.9000000e+01   2.2553933e+02  -1.4096479e+01
   2.9100000e+01   2.0553933e+02  -3.0296479e+01
   2.9200000e+01   4.7153933e+02   2.0635206e+00
   2.9300000e+01   3.7953933e+02  -5.2564794e+00
   2.9400000e+01   3.4053933e+02   4.3035206e+00
   2.9500000e+01   4.2753933e+02  -2.5176479e+01
   2.9600000e+01   3.7653933e+02  -2.6136479e+01
   2.9700000e+01   2.0453933e+02  -2.7256479e+01
   2.9800000e+01   4.8353933e+02  -5.5416479e+01
   2.9900000e+01   4.0753933e+02   3.6235206e+00
   3.0000000e+01   3.4153933e+02  -6.7736479e+01
   3.0100000e+01   2.9553933e+02   6.1035206e+00
   3.0200000e+01   1.9953933e+02   7.9943521e+01
   3.0300000e+01   3.0853933e+02   8.1583521e+01
   3.0400000e+01   1.9653933e+02   3.1063521e+01
   3.0500000e+01   1.2553933e+02   6.4903521e+01
   3.0600000e+01   8.5539326e+01  -9.4964794e+00
   3.0700000e+01   2.0153933e+02   6.8635206e+00
   3.0800000e+01   2.8953933e+02  -1.9656479e+01
   3.0900000e+01   3.1653933e+02  -1.2736479e+01
   3.1000000e+01   2.8453933e+02   8.0543521e+01
   3.1100000e+01   2.9553933e+02   9.1103521e+01
   3.1200000e+01   3.2453933e+02  -5.3056479e+01
   3.1300000e+01   2.2353933e+02   2.5983521e+01
   3.1400000e+01   2.4653933e+02   1.1063521e+01
   3.1500000e+01   3.1153933e+02   6.5463521e+01
   3.1600000e+01   3.3653933e+02  -1.9536479e+01
   3.1700000e+01   3.1753933e+02  -3.6776479e+01
   3.1800000e+01   3.4353933e+02   3.7183521e+01
   3.1900000e+01   3.2453933e+02  -6.0564794e+00
   3.2000000e+01   3.2353933e+02  -1.1016479e+01
   3.2100000e+01   3.4153933e+02  -4.7364794e+00
   3.2200000e+01   3.3153933e+02   6.5663521e+01
   3.2300000e+01   4.5053933e+02  -6.5096479e+01
   3.2400000e+01   2.9753933e+02  -1.1976479e+01
   3.2500000e+01   3.4953933e+02   6.4943521e+01
   3.2600000e+01   3.3953933e+02   1.7343521e+01
   3.2700000e+01   4.1853933e+02  -3.9816479e+01
   3.2800000e+01   4.8853933e+02  -2.0616479e+01
   3.2900000e+01   2.8953933e+02   5.9343521e+01
   3.3000000e+01   2.6053933e+02   5.1503521e+01
   3.3100000e+01   2.6453933e+02   1.1343521e+01
   3.3200000e+01   2.4753933e+02   7.1023521e+01
   3.3300000e+01   2.4253933e+02  -1.4776479e+01
   3.3400000e+01   3.7853933e+02  -2.4216479e+01
   3.3500000e+01   3.4553933e+02   6.0103521e+01
   3.3600000e+01   4.2653933e+02  -1.5136479e+01
   3.3700000e+01   2.4453933e+02   2.8143521e+01
   3.3800000e+01   3.6853933e+02  -3.8816479e+01
   3.3900000e+01   1.7953933e+02   5.5743521e+01
   3.4000000e+01   3.2553933e+02   1.5903521e+01
   3.4100000e+01   4.6853933e+02   4.1835206e+00
   3.4200000e+01   2.9653933e+02   7.1063521e+01
   3.4300000e+01   2.8053933e+02  -7.2964794e+00
   3.4400000e+01   1.6953933e+02   1.3143521e+01
   3.4500000e+01   3.9953933e+02   5.4943521e+01
   3.4600000e+01   2.6753933e+02   3.9223521e+01
   3.4700000e+01   4.4853933e+02  -4.0164794e+00
   3.4800000e+01   4.6553933e+02   1.9303521e+01
   3.4900000e+01   2.1253933e+02   2.9423521e+01
   3.5000000e+01   3.2453933e+02   1.5943521e+01
   3.5100000e+01   3.7553933e+02   8.9903521e+01
   3.5200000e+01   3.4853933e+02   3.4983521e+01
   3.5300000e+01   2.5653933e+02  -2.0336479e+01
   3.5400000e+01   3.5153933e+02   2.7863521e+01
   3.5500000e+01   2.8553933e+02  -1.7496479e+01
   3.5600000e+01   2.7853933e+02  -7.2164794e+00
   3.5700000e+01   2.9753933e+02  -2.2976479e+01
   3.5800000e+01   4.3353933e+02   1.7583521e+01
   3.5900000e+01   3.5253933e+02   6.8823521e+01
   3.6000000e+01   4.9253933e+02   5.0223521e+01
   3.6100000e+01   5.1653933e+02  -2.1736479e+01
   3.6200000e+01   5.4353933e+02  -5.9816479e+01
   3.6300000e+01   5.3253933e+02   6.6235206e+00
   3.6400000e+01   3.0453933e+02  -1.2564794e+00
   3.6500000e+01   4.5453933e+02  -2.1256479e+01
   3.6600000e+01   3.0153933e+02   5.4863521e+01
   3.6700000e+01   3.8953933e+02   1.0234352e+02
   3.6800000e+01   3.2053933e+02   1.0310352e+02
   3.6900000e+01   3.5353933e+02   6.7835206e+00
   3.7000000e+01   3.5053933e+02  -3.1096479e+01
   3.7100000e+01   3.5553933e+02   2.0703521e+01
   3.7200000e+01   3.6353933e+02   3.5383521e+01
   3.7300000e+01   3.4753933e+02  -9.9764794e+00
   3.7400000e+01   4.5753933e+02  -4.3764794e+00
   3.7500000e+01   4.0853933e+02  -1.3416479e+01
   3.7600000e+01   3.4653933e+02   1.1063521e+01
   3.7700000e+01   3.1453933e+02  -2.5656479e+01
   3.7800000e+01   3.4153933e+02  -7.3647940e-01
   3.7900000e+01   2.5253933e+02   5.6823521e+01
   3.8000000e+01   3.9553933e+02   6.2103521e+01
   3.8100000e+01   2.9953933e+02   2.9943521e+01
   3.8200000e+01   2.9653933e+02  -2.1936479e+01
   3.8300000e+01   2.5053933e+02  -2.1096479e+01
   3.8400000e+01   2.8653933e+02   4.6352060e-01
   3.8500000e+01   3.3653933e+02   3.8463521e+01
   3.8600000e+01   2.9653933e+02   4.0635206e+00
   3.8700000e+01   2.3053933e+02   1.6703521e+01
   3.8800000e+01   8.1539326e+01   2.6635206e+00
   3.8900000e+01   2.6053933e+02  -5.4964794e+00
   3.9000000e+01   1.2553933e+02   6.4903521e+01
   3.9100000e+01   2.2853933e+02   2.3783521e+01
   3.9200000e+01   2.4653933e+02   5.5063521e+01
   3.9300000e+01   2.9553933e+02   3.0103521e+01
   3.9400000e+01   5.5053933e+02   2.6903521e+01
   3.9500000e+01   3.5353933e+02  -1.0216479e+01
   3.9600000e+01   1.2753933e+02   3.9823521e+01
   3.9700000e+01   2.5053933e+02   9.5903521e+01
   3.9800000e+01   1.4153933e+02   4.5263521e+01
   3.9900000e+01   2.0853933e+02  -4.6416479e+01
   4.0000000e+01   2.6753933e+02  -3.3776479e+01
   4.0100000e+01   2.2353933e+02   1.8983521e+01
   4.0200000e+01   2.3653933e+02   6.8463521e+01
   4.0300000e+01   2.2653933e+02   4.6863521e+01
   4.0400000e+01   2.7053933e+02  -3.8964794e+00
   4.0500000e+01   5.3553933e+02   1.9503521e+01
   4.0600000e+01   9.3539326e+01  -2.6816479e+01
   4.0700000e+01   3.4153933e+02   7.2635206e+00
   4.0800000e+01   3.1653933e+02   5.1263521e+01
   4.0900000e+01   4.7453933e+02  -2.9056479e+01
   4.1000000e+01   3.3053933e+02  -4.4296479e+01
   4.1100000e+01   2.8753933e+02   3.9423521e+01
   4.1200000e+01   3.9153933e+02   2.9263521e+01
   4.1300000e+01   2.2253933e+02   1.2023521e+01
   4.1400000e+01   3.2553933e+02  -2.6096479e+01
   4.1500000e+01   2.6753933e+02  -1.2776479e+01
   4.1600000e+01   3.5053933e+02   1.7903521e+01
   4.1700000e+01   2.5253933e+02  -3.2176479e+01
   4.1800000e+01   3.1353933e+02   9.3835206e+00
   4.1900000e+01   4.0953933e+02   1.9543521e+01
   4.2000000e+01   4.3153933e+02   4.3663521e+01
   4.2100000e+01   2.9053933e+02   6.8303521e+01
   4.2200000e+01   5.2853933e+02  -2.3216479e+01
   4.2300000e+01   4.2953933e+02  -2.2564794e+00
   4.2400000e+01   2.9253933e+02   1.0223521e+01
   4.2500000e+01   3.2953933e+02   2.9743521e+01
   4.2600000e+01   4.5553933e+02   1.5270352e+02
   4.2700000e+01   3.1253933e+02   8.2423521e+01
   4.2800000e+01   1.6053933e+02   9.8503521e+01
   4.2900000e+01   2.2153933e+02   4.7063521e+01
   4.3000000e+01   3.4153933e+02  -1.7736479e+01
   4.3100000e+01   4.2153933e+02   1.0635206e+00
   4.3200000e+01   3.3953933e+02   9.3435206e+00
   4.3300000e+01   1.3153933e+02   1.5663521e+01
   4.3400000e+01   2.6553933e+02  -5.4696479e+01
   4.3500000e+01   2.0353933e+02  -2.1216479e+01
   4.3600000e+01   3.8653933e+02  -3.0536479e+01
   4.3700000e+01   3.5453933e+02   2.6743521e+01
   4.3800000e+01   2.4353933e+02   2.9183521e+01
   4.3900000e+01   3.1453933e+02  -2.8656479e+01
   4.4000000e+01   3.1353933e+02   7.2383521e+01
   4.4100000e+01   2.8053933e+02  -7.2964794e+00
   4.4200000e+01   2.3053933e+02  -2.8296479e+01
   4.4300000e+01   3.4353933e+02   2.5183521e+01
   4.4400000e+01   1.2653933e+02  -6.1364794e+00
   4.4500000e+01   4.1253933e+02   1.6423521e+01
   4.4600000e+01   3.6953933e+02  -5.8856479e+01
   4.4700000e+01   2.9353933e+02  -4.9816479e+01
   4.4800000e+01   3.4053933e+02   2.1303521e+01
   4.4900000e+01   3.5253933e+02   6.7823521e+01
   4.5000000e+01   3.1853933e+02  -5.0816479e+01
   4.5100000e+01   2.8853933e+02  -1.7616479e+01
   4.5200000e+01   3.4553933e+02   2.3103521e+01
   4.5300000e+01   3.2553933e+02  -5.3096479e+01
   4.5400000e+01   2.2253933e+02  -2.7976479e+01
   4.5500000e+01   4.4453933e+02  -2.8564794e+00
   4.5600000e+01   2.6453933e+02   1.3435206e+00
   4.5700000e+01   2.5453933e+02   3.1743521e+01
   4.5800000e+01   1.4653933e+02  -8.9364794e+00
   4.5900000e+01   3.6853933e+02   1.3183521e+01
   4.6000000e+01   2.9253933e+02   3.4223521e+01
   4.6100000e+01   4.6253933e+02  -3.3576479e+01
   4.6200000e+01   2.6753933e+02  -1.5776479e+01
   4.6300000e+01   2.5553933e+02  -3.8296479e+01
   4.6400000e+01   3.0753933e+02   5.2623521e+01
   4.6500000e+01   3.6753933e+02  -4.7776479e+01
   4.6600000e+01   4.3853933e+02  -3.0616479e+01
   4.6700000e+01   4.3753933e+02   4.2352060e-01
   4.6800000e+01   4.6153933e+02  -4.6536479e+01
   4.6900000e+01   2.8353933e+02  -6.4164794e+00
   4.7000000e+01   2.2453933e+02   2.1943521e+01
   4.7100000e+01   8.7539326e+01   1.4235206e+00
   4.7200000e+01   3.3753933e+02  -2.4576479e+01
   4.7300000e+01   5.0353933e+02  -1.6216479e+01
   4.7400000e+01   2.4253933e+02  -3.2776479e+01
   4.7500000e+01   3.2253933e+02  -4.9976479e+01
   4.7600000e+01   2.6553933e+02  -2.7696479e+01
   4.7700000e+01   2.2253933e+02  -5.0976479e+01
   4.7800000e+01   1.8053933e+02  -6.1296479e+01
   4.7900000e+01   3.4953933e+02  -5.7056479e+01
   4.8000000e+01   2.8153933e+02   3.6635206e+00
   4.8100000e+01   2.6853933e+02   3.8183521e+01
   4.8200000e+01   3.7753933e+02   4.8823521e+01
   4.8300000e+01   2.1653933e+02   1.2635206e+00
   4.8400000e+01   2.7953933e+02   3.7435206e+00
   4.8500000e+01   4.4853933e+02   2.3983521e+01
   4.8600000e+01   2.1053933e+02   9.5035206e+00
   4.8700000e+01   1.8553933e+02   4.3503521e+01
   4.8800000e+01   4.2453933e+02  -5.0056479e+01
   4.8900000e+01   3.7053933e+02  -4.2896479e+01
   4.9000000e+01   4.0753933e+02   5.5623521e+01
   4.9100000e+01   2.7453933e+02   1.4943521e+01
   4.9200000e+01   1.3653933e+02  -2.4536479e+01
   4.9300000e+01   3.8853933e+02  -3.3616479e+01
   4.9400000e+01   4.0053933e+02  -3.6096479e+01
   4.9500000e+01   3.3053933e+02  -1.9296479e+01
   4.9600000e+01   2.7253933e+02   6.9023521e+01
   4.9700000e+01   3.3153933e+02  -9.3364794e+00
   4.9800000e+01   4.8453933e+02  -3.4456479e+01
   4.9900000e+01   3.3553933e+02   4.5035206e+00
   5.0000000e+01   2.7453933e+02   4.3943521e+01
   5.0100000e+01   3.9553933e+02  -2.7896479e+01
   5.0200000e+01   7.8539326e+01  -1.7216479e+01
   5.0300000e+01   4.9753933e+02   8.0235206e+00
   5.0400000e+01   2.3653933e+02   3.4635206e+00
   5.0500000e+01   2.9053933e+02  -3.0696479e+01
   5.0600000e+01   6.0453933e+02  -6.5256479e+01
   5.0700000e+01   3.1353933e+02   2.3383521e+01
   5.0800000e+01   3.8453933e+02  -6.4564794e+00
   5.0900000e+01   4.6853933e+02   1.4183521e+01
   5.1000000e+01   4.3553933e+02  -1.4496479e+01
   5.1100000e+01   3.2653933e+02   1.2863521e+01
   5.1200000e+01   2.2853933e+02   2.5783521e+01
   5.1300000e+01   3.6853933e+02  -1.5816479e+01
   5.1400000e+01   4.8953933e+02  -4.2656479e+01
   5.1500000e+01   2.9953933e+02  -3.0564794e+00
   5.1600000e+01   2.7153933e+02   1.7063521e+01
   5.1700000e+01   3.3753933e+02   1.4423521e+01
   5.1800000e+01   4.2853933e+02   2.2783521e+01
   5.1900000e+01   3.0153933e+02  -2.9136479e+01
   5.2000000e+01   4.2853933e+02   2.3783521e+01
   5.2100000e+01   2.6853933e+02   3.7183521e+01
   5.2200000e+01   3.3353933e+02  -7.7416479e+01
   5.2300000e+01   2.7153933e+02   1.4063521e+01
   5.2400000e+01   2.3953933e+02  -2.1656479e+01
   5.2500000e+01   2.7453933e+02  -2.6056479e+01
   5.2600000e+01   1.8053933e+02   3.5703521e+01
   5.2700000e+01   2.4539326e+01  -4.5056479e+01
   5.2800000e+01  -5.0460674e+01  -1.0056479e+01
   5.2900000e+01  -5.4606742e+00   5.7143521e+01
   5.3000000e+01   6.1539326e+01   4.0463521e+01
   5.3100000e+01  -2.4460674e+01   2.4903521e+01
   5.3200000e+01   2.0353933e+02   1.0783521e+01
   5.3300000e+01  -5.9460674e+01   1.3303521e+01
   5.3400000e+01  -4.2460674e+01   2.9623521e+01
   5.3500000e+01  -5.0460674e+01  -3.0564794e+00
   5.3600000e+01   4.7539326e+01  -1.4976479e+01
   5.3700000e+01   5.8539326e+01   3.5583521e+01
   5.3800000e+01  -4.4606742e+00   5.7103521e+01
   5.3900000e+01   2.6539326e+01  -1.6136479e+01
   5.4000000e+01  -9.4606742e+00   3.4303521e+01
   5.4100000e+01   3.9539326e+01   6.5343521e+01
   5.4200000e+01   9.1539326e+01   7.4263521e+01
   5.4300000e+01   3.5539326e+01   4.3503521e+01
   5.4400000e+01  -7.7460674e+01  -5.2976479e+01
   5.4500000e+01  -1.8460674e+01   4.6663521e+01
   5.4600000e+01  -7.4606742e+00   1.2223521e+01
   5.4700000e+01   1.4753933e+02   2.0235206e+00
   5.4800000e+01   1.2053933e+02  -4.8964794e+00
   5.4900000e+01  -7.4606742e+00   2.7223521e+01
   5.5000000e+01   9.8539326e+01  -1.8016479e+01
   5.5100000e+01  -2.4606742e+00   2.3023521e+01
   5.5200000e+01   3.6539326e+01  -2.2536479e+01
   5.5300000e+01   6.2539326e+01   4.8423521e+01
   5.5400000e+01  -6.6460674e+01   4.0583521e+01
   5.5500000e+01   1.7539326e+01  -4.7764794e+00
   5.5600000e+01  -2.4606742e+00  -4.3976479e+01
   5.5700000e+01  -3.8460674e+01   1.9463521e+01
   5.5800000e+01   3.5393258e+00   2.1783521e+01
   5.5900000e+01  -5.6460674e+01   9.7183521e+01
   5.6000000e+01   8.9539326e+01  -4.0656479e+01
   5.6100000e+01   2.0539326e+01   2.9103521e+01
   5.6200000e+01   1.2653933e+02  -3.4136479e+01
   5.6300000e+01   1.1353933e+02   6.7383521e+01
   5.6400000e+01   7.5393258e+00  -1.1376479e+01
   5.6500000e+01  -9.1460674e+01   4.8583521e+01
   5.6600000e+01  -6.1460674e+01  -9.6164794e+00
   5.6700000e+01  -1.5460674e+01   4.8543521e+01
   5.6800000e+01   1.2853933e+02   8.6783521e+01
   5.6900000e+01  -5.0460674e+01   2.4943521e+01
   5.7000000e+01   4.8539326e+01   5.4983521e+01
   5.7100000e+01   1.1953933e+02  -5.8564794e+00
   5.7200000e+01  -1.6460674e+01   7.3583521e+01
   5.7300000e+01   6.4539326e+01   6.3435206e+00
   5.7400000e+01  -7.8460674e+01   2.2063521e+01
   5.7500000e+01   6.4539326e+01   2.5343521e+01
   5.7600000e+01   5.5539326e+01  -3.4296479e+01
   5.7700000e+01   9.9539326e+01   6.9435206e+00
   5.7800000e+01  -6.6460674e+01  -1.3416479e+01
   5.7900000e+01   1.3539326e+01  -4.7616479e+01
   5.8000000e+01  -1.5460674e+01  -2.7456479e+01
   5.8100000e+01   1.0539326e+01  -5.3496479e+01
   5.8200000e+01   3.3539326e+01  -2.8416479e+01
   5.8300000e+01   5.0539326e+01   6.9035206e+00
   5.8400000e+01   3.5539326e+01   1.5503521e+01
   5.8500000e+01   8.8539326e+01   4.3383521e+01
   5.8600000e+01  -8.8460674e+01  -6.3536479e+01
   5.8700000e+01  -6.4606742e+00  -1.4816479e+01
   5.8800000e+01  -9.7460674e+01   2.3823521e+01
   5.8900000e+01   6.9539326e+01  -1.9856479e+01
   5.9000000e+01  -8.0460674e+01  -2.5856479e+01
   5.9100000e+01  -5.4606742e+00  -4.8564794e+00
   5.9200000e+01   7.6539326e+01  -3.9136479e+01
   5.9300000e+01  -2.2460674e+01   2.6823521e+01
   5.9400000e+01   1.8539326e+01   6.3183521e+01
   5.9500000e+01   4.3539326e+01  -1.4816479e+01
   5.9600000e+01  -4.1460674e+01   3.4583521e+01
   5.9700000e+01   5.2539326e+01  -3.4176479e+01
   5.9800000e+01  -3.8460674e+01  -6.2536479e+01
   5.9900000e+01   7.5539326e+01  -8.0964794e+00
   6.0000000e+01   3.0539326e+01  -8.2296479e+01
   6.0100000e+01  -6.0460674e+01  -1.4656479e+01
   6.0200000e+01   2.5393258e+00   1.7823521e+01
   6.0300000e+01   1.3653933e+02  -4.2536479e+01
   6.0400000e+01  -1.7460674e+01   5.0623521e+01
   6.0500000e+01   5.9539326e+01   3.5435206e+00
   6.0600000e+01   1.7153933e+02  -3.0936479e+01
   6.0700000e+01  -1.1460674e+01   5.3383521e+01
   6.0800000e+01  -2.8460674e+01  -3.7936479e+01
   6.0900000e+01  -1.4606742e+00  -5.0016479e+01
   6.1000000e+01  -1.7460674e+01   3.1623521e+01
   6.1100000e+01   2.2539326e+01   1.3023521e+01
   6.1200000e+01  -3.9460674e+01   9.5035206e+00
   6.1300000e+01   2.0539326e+01   2.1035206e+00
   6.1400000e+01   4.8539326e+01  -2.3016479e+01
   6.1500000e+01   1.4539326e+01   9.2343521e+01
   6.1600000e+01   3.5393258e+00  -1.9216479e+01
   6.1700000e+01  -4.4606742e+00  -2.5896479e+01
   6.1800000e+01  -5.0460674e+01   1.2943521e+01
   6.1900000e+01  -3.0460674e+01   5.1143521e+01
   6.2000000e+01  -2.4460674e+01  -3.0964794e+00
   6.2100000e+01   9.2539326e+01   3.2223521e+01
   6.2200000e+01  -7.8460674e+01  -2.9364794e+00
   6.2300000e+01   4.3539326e+01   6.6183521e+01
   6.2400000e+01   8.5539326e+01   4.4503521e+01
   6.2500000e+01  -3.8460674e+01   3.3463521e+01
   6.2600000e+01   2.5393258e+00  -2.7176479e+01
   6.2700000e+01  -2.7460674e+01   5.0235206e+00
   6.2800000e+01  -1.1246067e+02   3.0423521e+01
   6.2900000e+01   5.1539326e+01  -2.9136479e+01
   6.3000000e+01   1.3539326e+01  -3.9616479e+01
   6.3100000e+01  -3.5460674e+01   2.3435206e+00
   6.3200000e+01  -5.8460674e+01  -1.1736479e+01
   6.3300000e+01   2.2539326e+01  -4.1976479e+01
   6.3400000e+01  -5.6460674e+01  -1.5816479e+01
   6.3500000e+01  -1.3460674e+01   7.0463521e+01
   6.3600000e+01   3.5393258e+00  -1.9216479e+01
   6.3700000e+01   2.9539326e+01   8.7435206e+00
   6.3800000e+01   3.1539326e+01  -3.3647940e-01
   6.3900000e+01  -1.3460674e+01  -1.5364794e+00
   6.4000000e+01  -5.4460674e+01   1.1103521e+01
   6.4100000e+01   1.8539326e+01   3.6183521e+01
   6.4200000e+01  -2.3460674e+01   3.9863521e+01
   6.4300000e+01   1.0353933e+02   2.7783521e+01
   6.4400000e+01   1.6153933e+02   8.1463521e+01
   6.4500000e+01  -1.6460674e+01   3.0583521e+01
   6.4600000e+01   7.4539326e+01  -5.7056479e+01
   6.4700000e+01   6.6539326e+01   2.2263521e+01
   6.4800000e+01  -4.6067416e-01  -7.0564794e+00
   6.4900000e+01  -1.7460674e+01  -6.0376479e+01
   6.5000000e+01   2.2539326e+01  -4.8976479e+01
   6.5100000e+01  -8.2460674e+01  -3.3776479e+01
   6.5200000e+01   2.6539326e+01  -3.4136479e+01
   6.5300000e+01   2.1539326e+01   2.0063521e+01
   6.5400000e+01   6.0539326e+01   3.5503521e+01
   6.5500000e+01  -2.7460674e+01  -2.4976479e+01
   6.5600000e+01   1.1539326e+01  -3.2536479e+01
   6.5700000e+01  -9.1460674e+01  -3.7416479e+01
   6.5800000e+01  -1.5460674e+01  -8.4564794e+00
   6.5900000e+01   7.1539326e+01  -7.3936479e+01
   6.6000000e+01  -1.4460674e+01  -5.4496479e+01
   6.6100000e+01  -9.7460674e+01  -2.8176479e+01
   6.6200000e+01  -1.9460674e+01  -2.4296479e+01
   6.6300000e+01   1.1253933e+02   6.4235206e+00
   6.6400000e+01   3.4539326e+01   1.3543521e+01
   6.6500000e+01  -5.2460674e+01  -7.9764794e+00
   6.6600000e+01   5.5539326e+01  -4.2964794e+00
   6.6700000e+01  -1.1546067e+02   4.0543521e+01
   6.6800000e+01   7.5539326e+01   7.4903521e+01
   6.6900000e+01   1.0953933e+02   4.8543521e+01
   6.7000000e+01   2.3539326e+01   4.1983521e+01
   6.7100000e+01  -2.6460674e+01   6.9835206e+00
   6.7200000e+01  -5.4606742e+00   8.1435206e+00
   6.7300000e+01  -1.9460674e+01   4.2703521e+01
   6.7400000e+01  -5.4606742e+00   3.8143521e+01
   6.7500000e+01   7.4539326e+01   1.1894352e+02
   6.7600000e+01  -5.8460674e+01   3.4263521e+01
   6.7700000e+01  -7.4606742e+00  -1.1776479e+01
   6.7800000e+01  -6.0460674e+01  -2.0656479e+01
   6.7900000e+01   1.1539326e+01   2.4635206e+00
   6.8000000e+01  -5.6460674e+01  -1.0816479e+01
   6.8100000e+01   2.0539326e+01  -4.0896479e+01
   6.8200000e+01  -6.3460674e+01   3.0463521e+01
   6.8300000e+01   1.3553933e+02   1.3503521e+01
   6.8400000e+01  -8.3460674e+01   4.0263521e+01
   6.8500000e+01  -4.0460674e+01  -1.2456479e+01
   6.8600000e+01  -1.1460674e+01  -3.6616479e+01
   6.8700000e+01   9.6539326e+01   6.4063521e+01
   6.8800000e+01   1.6539326e+01   2.7263521e+01
   6.8900000e+01  -5.4606742e+00   4.1143521e+01
   6.9000000e+01  -4.2460674e+01   5.8623521e+01
   6.9100000e+01   1.1539326e+01   2.1463521e+01
   6.9200000e+01  -2.2460674e+01   5.8235206e+00
   6.9300000e+01  -8.2460674e+01  -1.2776479e+01
   6.9400000e+01   4.0539326e+01   6.3035206e+00
   6.9500000e+01   7.0539326e+01   5.9103521e+01
   6.9600000e+01  -5.4606742e+00   7.1435206e+00
   6.9700000e+01  -3.4606742e+00   2.5063521e+01
   6.9800000e+01   3.7539326e+01  -4.9576479e+01
   6.9900000e+01   6.7539326e+01  -4.9776479e+01
   7.0000000e+01   1.5539326e+01   1.4303521e+01
   7.0100000e+01  -1.4460674e+01   1.5035206e+00
   7.0200000e+01  -7.6460674e+01   1.2983521e+01
   7.0300000e+01  -4.7460674e+01   9.9823521e+01
   7.0400000e+01   4.5539326e+01  -4.9896479e+01
   7.0500000e+01  -7.4460674e+01  -1.9096479e+01
   7.0600000e+01   2.7539326e+01  -2.9176479e+01
   7.0700000e+01  -3.6460674e+01  -5.2616479e+01
   7.0800000e+01   5.5393258e+00   6.8703521e+01
   7.0900000e+01  -2.7460674e+01   3.4023521e+01
   7.1000000e+01  -1.9460674e+01  -3.4296479e+01
   7.1100000e+01  -2.2460674e+01   1.0582352e+02
   7.1200000e+01   6.5393258e+00  -9.3364794e+00
   7.1300000e+01   9.7539326e+01   1.3023521e+01
   7.1400000e+01  -2.8460674e+01   3.3063521e+01
   7.1500000e+01  -8.0460674e+01  -3.9856479e+01
   7.1600000e+01  -8.1460674e+01   4.1835206e+00
   7.1700000e+01   8.3539326e+01   2.5835206e+00
   7.1800000e+01  -2.5460674e+01  -2.3056479e+01
   7.1900000e+01  -5.0460674e+01  -3.0056479e+01
   7.2000000e+01  -7.5460674e+01   9.4352060e-01
   7.2100000e+01  -5.1460674e+01  -1.9016479e+01
   7.2200000e+01  -2.4606742e+00  -3.6976479e+01
   7.2300000e+01   1.1539326e+01  -3.5536479e+01
   7.2400000e+01   6.1539326e+01  -5.1536479e+01
   7.2500000e+01   7.5393258e+00  -2.4376479e+01
   7.2600000e+01  -2.5460674e+01  -5.0564794e+00
   7.2700000e+01   8.4539326e+01   8.5435206e+00
   7.2800000e+01   6.9539326e+01   3.5143521e+01
   7.2900000e+01   5.2539326e+01   3.4823521e+01
   7.3000000e+01   1.4539326e+01   4.3343521e+01
   7.3100000e+01  -1.0460674e+01   3.6343521e+01
   7.3200000e+01  -3.4606742e+00   1.5063521e+01
   7.3300000e+01  -7.4460674e+01  -3.0964794e+00
   7.3400000e+01   8.0539326e+01   2.9703521e+01
   7.3500000e+01  -9.7460674e+01  -3.7176479e+01
   7.3600000e+01   5.3539326e+01   3.9783521e+01
   7.3700000e+01  -2.6460674e+01   9.9835206e+00
   7.3800000e+01  -3.5460674e+01  -4.8656479e+01
   7.3900000e+01  -3.6460674e+01   2.9383521e+01
   7.4000000e+01  -5.2460674e+01  -3.3976479e+01
   7.4100000e+01  -6.9460674e+01  -5.3296479e+01
   7.4200000e+01  -4.8460674e+01   3.4863521e+01
   7.4300000e+01  -1.4460674e+01   5.0503521e+01
   7.4400000e+01  -1.0246067e+02   2.0235206e+00
   7.4500000e+01   5.2539326e+01  -2.3176479e+01
   7.4600000e+01   1.5539326e+01  -2.6964794e+00
   7.4700000e+01  -8.4606742e+00  -1.6736479e+01
   7.4800000e+01   3.1539326e+01  -1.0336479e+01
   7.4900000e+01   2.5393258e+00  -1.1176479e+01
   7.5000000e+01   3.8539326e+01   2.1383521e+01
   7.5100000e+01   1.5553933e+02   4.4703521e+01
   7.5200000e+01  -2.1460674e+01   1.5783521e+01
   7.5300000e+01   5.5393258e+00  -2.2296479e+01
   7.5400000e+01   1.0539326e+01   3.9503521e+01
   7.5500000e+01   1.3539326e+01   4.4383521e+01
   7.5600000e+01  -5.6460674e+01  -5.4816479e+01
   7.5700000e+01  -6.1460674e+01   6.3383521e+01
   7.5800000e+01   4.9539326e+01  -7.7056479e+01
   7.5900000e+01   2.2539326e+01  -1.2976479e+01
   7.6000000e+01   1.2539326e+01  -2.6576479e+01
   7.6100000e+01   1.2539326e+01  -5.7647940e-01
   7.6200000e+01  -5.5460674e+01  -2.9856479e+01
   7.6300000e+01   3.4539326e+01   3.8543521e+01
   7.6400000e+01  -7.4606742e+00   1.4223521e+01
   7.6500000e+01   1.1553933e+02  -3.6964794e+00
   7.6600000e+01  -6.6460674e+01   4.6583521e+01
   7.6700000e+01   6.9539326e+01   4.3143521e+01
   7.6800000e+01   7.5393258e+00  -2.9376479e+01
   7.6900000e+01   1.3539326e+01   7.4383521e+01
   7.7000000e+01   5.8539326e+01  -1.6416479e+01
   7.7100000e+01  -7.8460674e+01  -7.9364794e+00
   7.7200000e+01   1.5393258e+00  -2.0136479e+01
   7.7300000e+01   2.9539326e+01   1.7435206e+00
   7.7400000e+01   1.6539326e+01  -3.7364794e+00
   7.7500000e+01   5.9539326e+01  -3.1456479e+01
   7.7600000e+01  -4.6067416e-01   3.3943521e+01
   7.7700000e+01  -4.0460674e+01  -2.2456479e+01
   7.7800000e+01   6.3539326e+01  -4.5616479e+01
   7.7900000e+01   1.0753933e+02  -7.6376479e+01
   7.8000000e+01  -2.9460674e+01  -1.4896479e+01
   7.8100000e+01   6.5393258e+00   4.7663521e+01
   7.8200000e+01   5.1539326e+01  -1.8136479e+01
   7.8300000e+01  -4.0460674e+01  -2.0456479e+01
   7.8400000e+01   7.6539326e+01  -2.5136479e+01
   7.8500000e+01   3.6539326e+01  -1.1536479e+01
   7.8600000e+01  -4.5460674e+01   1.5743521e+01
   7.8700000e+01   2.9539326e+01   3.1743521e+01
   7.8800000e+01  -6.0460674e+01   2.3343521e+01
   7.8900000e+01   1.5539326e+01  -2.8696479e+01
   7.9000000e+01  -4.4606742e+00  -2.2896479e+01
   7.9100000e+01  -1.9460674e+01  -2.2296479e+01
   7.9200000e+01   8.2539326e+01  -1.0376479e+01
   7.9300000e+01  -8.7460674e+01   2.4423521e+01
   7.9400000e+01  -4.4606742e+00  -6.8964794e+00
   7.9500000e+01  -4.0460674e+01  -2.9456479e+01
   7.9600000e+01   2.4539326e+01  -4.0564794e+00
   7.9700000e+01  -3.5460674e+01  -5.6564794e+00
   7.9800000e+01   4.3539326e+01  -8.8164794e+00
   7.9900000e+01  -4.0460674e+01  -2.7456479e+01
   8.0000000e+01  -7.0460674e+01  -3.5256479e+01
   8.0100000e+01   7.1539326e+01   2.3063521e+01
   8.0200000e+01  -3.4606742e+00   4.0063521e+01
   8.0300000e+01  -3.9460674e+01  -3.5496479e+01
   8.0400000e+01  -6.7460674e+01  -2.7376479e+01
   8.0500000e+01   3.0539326e+01  -1.3296479e+01
   8.0600000e+01  -6.3460674e+01  -3.8536479e+01
   8.0700000e+01  -4.8460674e+01  -5.1136479e+01
   8.0800000e+01  -3.5460674e+01   5.6343521e+01
   8.0900000e+01  -6.3460674e+01  -2.8536479e+01
   8.1000000e+01  -4.9460674e+01  -3.7096479e+01
   8.1100000e+01   1.5653933e+02   3.4663521e+01
   8.1200000e+01  -7.5460674e+01  -2.7056479e+01
   8.1300000e+01  -1.2546067e+02   2.1943521e+01
   8.1400000e+01  -1.0946067e+02  -5.6964794e+00
   8.1500000e+01  -3.1460674e+01  -4.8164794e+00
   8.1600000e+01  -2.1460674e+01  -2.8216479e+01
   8.1700000e+01  -6.4460674e+01  -9.4964794e+00
   8.1800000e+01  -7.8460674e+01  -4.4936479e+01
   8.1900000e+01  -5.4606742e+00   1.1435206e+00
   8.2000000e+01  -9.2460674e+01  -7.3764794e+00
   8.2100000e+01  -1.6460674e+01  -9.4164794e+00
   8.2200000e+01  -1.4846067e+02  -4.3136479e+01
   8.2300000e+01   1.7953933e+02  -1.3256479e+01
   8.2400000e+01  -2.2460674e+01   1.6823521e+01
   8.2500000e+01  -2.6460674e+01  -2.4016479e+01
   8.2600000e+01   2.1539326e+01  -4.9936479e+01
   8.2700000e+01  -4.0460674e+01   1.1543521e+01
   8.2800000e+01   5.3932584e-01  -2.5096479e+01
   8.2900000e+01  -6.9460674e+01  -8.2964794e+00
   8.3000000e+01   5.7539326e+01  -1.3764794e+00
   8.3100000e+01  -1.2460674e+01  -2.3576479e+01
   8.3200000e+01  -1.8460674e+01  -1.5336479e+01
   8.3300000e+01  -3.2460674e+01   6.2235206e+00
   8.3400000e+01  -5.0460674e+01   5.9435206e+00
   8.3500000e+01   1.2539326e+01   1.4235206e+00
   8.3600000e+01   1.8539326e+01  -2.1816479e+01
   8.3700000e+01   3.4539326e+01   3.4543521e+01
   8.3800000e+01  -9.4460674e+01   1.7703521e+01
   8.3900000e+01  -8.6460674e+01  -3.4616479e+01
   8.4000000e+01  -5.5460674e+01   4.4143521e+01
   8.4100000e+01  -5.6460674e+01  -4.0816479e+01
   8.4200000e+01   3.3539326e+01  -3.4164794e+00
   8.4300000e+01  -5.4606742e+00  -2.4856479e+01
   8.4400000e+01  -2.4460674e+01  -1.3096479e+01
   8.4500000e+01  -4.7460674e+01  -3.1176479e+01
   8.4600000e+01  -6.4606742e+00   4.6183521e+01
   8.4700000e+01   4.0539326e+01   1.9303521e+01
   8.4800000e+01  -1.3460674e+01   6.4635206e+00
   8.4900000e+01   7.5393258e+00   2.2623521e+01
   8.5000000e+01  -4.3460674e+01  -2.3336479e+01
   8.5100000e+01   2.3539326e+01  -7.0164794e+00
   8.5200000e+01   2.6539326e+01  -5.2136479e+01
   8.5300000e+01   7.3539326e+01  -2.7016479e+01
   8.5400000e+01  -4.8460674e+01  -3.6136479e+01
   8.5500000e+01  -1.0246067e+02  -2.9764794e+00
   8.5600000e+01  -5.0460674e+01  -3.5056479e+01
   8.5700000e+01  -1.1246067e+02   4.4235206e+00
   8.5800000e+01   7.4539326e+01   2.9943521e+01
   8.5900000e+01   6.7539326e+01  -2.7776479e+01
   8.6000000e+01  -5.0460674e+01   1.6943521e+01
   8.6100000e+01  -2.3460674e+01   6.2863521e+01
   8.6200000e+01   5.9539326e+01  -1.3456479e+01
   8.6300000e+01   5.5393258e+00   5.5703521e+01
   8.6400000e+01   3.1539326e+01   2.5663521e+01
   8.6500000e+01  -6.4460674e+01  -1.5496479e+01
   8.6600000e+01   4.8539326e+01   4.5983521e+01
   8.6700000e+01   2.2539326e+01   1.0023521e+01
   8.6800000e+01  -5.0460674e+01   6.8943521e+01
   8.6900000e+01  -1.2460674e+01  -3.0576479e+01
   8.7000000e+01   3.8539326e+01   2.0383521e+01
   8.7100000e+01   3.6539326e+01  -1.8536479e+01
   8.7200000e+01   3.8539326e+01   2.2383521e+01
   8.7300000e+01  -1.0246067e+02  -2.7976479e+01
   8.7400000e+01   3.8539326e+01  -5.2616479e+01
   8.7500000e+01  -3.1460674e+01  -5.8816479e+01
   8.7600000e+01   5.5393258e+00   4.8703521e+01
   8.7700000e+01   5.0539326e+01   3.7903521e+01
   8.7800000e+01   5.6539326e+01  -1.8336479e+01
   8.7900000e+01  -5.2460674e+01  -2.9764794e+00
   8.8000000e+01  -5.5460674e+01  -3.6856479e+01
   8.8100000e+01  -4.0460674e+01  -2.8456479e+01
   8.8200000e+01  -4.6067416e-01   5.9435206e+00
   8.8300000e+01   9.3539326e+01  -3.8816479e+01
   8.8400000e+01   2.9539326e+01   1.7435206e+00
   8.8500000e+01  -5.2460674e+01  -8.9764794e+00
   8.8600000e+01  -4.4606742e+00   7.1035206e+00
   8.8700000e+01   2.5539326e+01   5.7903521e+01
   8.8800000e+01   4.9539326e+01  -3.7056479e+01
   8.8900000e+01  -7.5460674e+01   1.8943521e+01
   8.9000000e+01  -4.5460674e+01  -4.6256479e+01
   8.9100000e+01  -1.6460674e+01  -2.1416479e+01
   8.9200000e+01  -6.1460674e+01   3.3383521e+01
   8.9300000e+01  -2.8460674e+01   8.0635206e+00
   8.9400000e+01   6.5393258e+00  -3.6336479e+01
   8.9500000e+01  -3.1460674e+01   3.8183521e+01
   8.9600000e+01  -6.6460674e+01   1.2583521e+01
   8.9700000e+01  -3.0460674e+01   5.2143521e+01
   8.9800000e+01   4.5539326e+01  -1.2896479e+01
   8.9900000e+01   1.4553933e+02   1.3103521e+01
   9.0000000e+01   1.0539326e+01   6.1503521e+01
   9.0100000e+01   3.8539326e+01   9.3835206e+00
   9.0200000e+01   5.0539326e+01   8.4903521e+01
   9.0300000e+01   4.8539326e+01   9.1983521e+01
   9.0400000e+01   4.2539326e+01  -3.9776479e+01
   9.0500000e+01   3.0539326e+01   1.0370352e+02
   9.0600000e+01   1.1053933e+02   3.3503521e+01
   9.0700000e+01   3.2539326e+01  -2.7376479e+01
   9.0800000e+01  -7.4606742e+00   3.3223521e+01
   9.0900000e+01  -6.1460674e+01  -5.6164794e+00
   9.1000000e+01   7.8539326e+01  -1.2216479e+01
   9.1100000e+01  -3.1460674e+01   4.3183521e+01
   9.1200000e+01  -4.0460674e+01   6.4543521e+01
   9.1300000e+01  -4.4606742e+00   3.1035206e+00
   9.1400000e+01   1.1453933e+02   6.2343521e+01
   9.1500000e+01  -4.9460674e+01   2.9035206e+00
   9.1600000e+01  -4.2460674e+01  -4.6376479e+01
   9.1700000e+01   1.0539326e+01  -9.4964794e+00
   9.1800000e+01  -1.9460674e+01   5.7035206e+00
   9.1900000e+01   1.2539326e+01   4.9423521e+01
   9.2000000e+01   2.0539326e+01  -8.8964794e+00
   9.2100000e+01  -8.9460674e+01   4.5035206e+00
   9.2200000e+01   2.1539326e+01  -9.3647940e-01
   9.2300000e+01   3.5393258e+00   6.7835206e+00
   9.2400000e+01   2.1539326e+01   5.0635206e+00
   9.2500000e+01   5.5393258e+00   2.0703521e+01
   9.2600000e+01   3.2539326e+01   5.3623521e+01
   9.2700000e+01  -1.4606742e+00   9.9835206e+00
   9.2800000e+01   6.3539326e+01  -2.0616479e+01
   9.2900000e+01   1.6539326e+01   4.0263521e+01
   9.3000000e+01   3.7539326e+01   1.8423521e+01
   9.3100000e+01   5.3932584e-01   6.6903521e+01
   9.3200000e+01  -3.5460674e+01   2.9343521e+01
   9.3300000e+01   5.6539326e+01   2.3663521e+01
   9.3400000e+01  -1.8460674e+01  -5.3364794e+00
   9.3500000e+01  -5.5460674e+01   2.3143521e+01
   9.3600000e+01  -5.4460674e+01   3.2103521e+01
   9.3700000e+01  -1.0746067e+02   5.7223521e+01
   9.3800000e+01   1.9539326e+01  -4.4856479e+01
   9.3900000e+01  -7.5460674e+01   1.9943521e+01
   9.4000000e+01   3.5393258e+00  -1.9216479e+01
   9.4100000e+01  -1.3460674e+01   3.9463521e+01
   9.4200000e+01  -4.6067416e-01   4.3943521e+01
   9.4300000e+01  -2.8460674e+01   8.0635206e+00
   9.4400000e+01  -4.1460674e+01   1.0583521e+01
   9.4500000e+01  -3.3460674e+01   1.0263521e+01
   9.4600000e+01  -3.0460674e+01   4.6143521e+01
   9.4700000e+01   4.5393258e+00  -3.3256479e+01
   9.4800000e+01   1.2539326e+01   2.8423521e+01
   9.4900000e+01  -2.9460674e+01   1.8103521e+01
   9.5000000e+01  -7.2460674e+01  -2.3176479e+01
   9.5100000e+01  -8.3460674e+01  -1.2736479e+01
   9.5200000e+01  -1.4460674e+01   3.3503521e+01
   9.5300000e+01   4.5393258e+00   1.8743521e+01
   9.5400000e+01  -1.2460674e+01  -4.6576479e+01
   9.5500000e+01  -5.6460674e+01   4.0183521e+01
   9.5600000e+01  -2.1460674e+01  -2.0216479e+01
   9.5700000e+01   2.1539326e+01   2.6063521e+01
   9.5800000e+01  -6.9460674e+01   4.2703521e+01
   9.5900000e+01   2.3539326e+01  -5.0164794e+00
   9.6000000e+01   2.2539326e+01   1.5023521e+01
   9.6100000e+01  -1.0046067e+02  -8.0564794e+00
   9.6200000e+01  -2.4606742e+00   2.8023521e+01
   9.6300000e+01   6.9539326e+01  -1.6856479e+01
   9.6400000e+01  -2.4460674e+01   1.2903521e+01
   9.6500000e+01  -8.3460674e+01  -6.5736479e+01
   9.6600000e+01  -3.4460674e+01   1.4303521e+01
   9.6700000e+01  -1.5146067e+02  -1.4016479e+01
   9.6800000e+01  -5.5460674e+01  -5.8564794e+00
   9.6900000e+01  -1.0460674e+01  -4.6656479e+01
   9.7000000e+01  -9.0460674e+01  -2.8456479e+01
   9.7100000e+01  -4.2460674e+01   4.1623521e+01
   9.7200000e+01   2.5539326e+01  -5.7096479e+01
   9.7300000e+01  -7.2460674e+01  -2.8176479e+01
   9.7400000e+01   3.0539326e+01  -1.8296479e+01
   9.7500000e+01  -6.8460674e+01  -3.6336479e+01
   9.7600000e+01   2.9539326e+01  -7.1256479e+01
   9.7700000e+01  -4.0460674e+01  -1.4456479e+01
   9.7800000e+01   4.8539326e+01  -2.9016479e+01
   9.7900000e+01  -2.1460674e+01   3.0783521e+01
   9.8000000e+01   1.2539326e+01  -2.4576479e+01
   9.8100000e+01  -2.8460674e+01  -9.9364794e+00
   9.8200000e+01  -1.2846067e+02  -4.9364794e+00
   9.8300000e+01  -5.7460674e+01  -3.7776479e+01
   9.8400000e+01  -7.7460674e+01  -2.1976479e+01
   9.8500000e+01  -3.6460674e+01  -3.6164794e+00
   9.8600000e+01   3.1539326e+01  -6.3364794e+00
   9.8700000e+01  -8.7460674e+01  -2.5576479e+01
   9.8800000e+01  -4.7460674e+01  -3.5176479e+01
   9.8900000e+01  -1.0546067e+02   1.5143521e+01
   9.9000000e+01  -3.6460674e+01  -3.4616479e+01
   9.9100000e+01  -7.2460674e+01  -2.5176479e+01
   9.9200000e+01   4.5539326e+01  -5.1896479e+01
   9.9300000e+01  -3.2460674e+01  -5.1776479e+01
   9.9400000e+01   9.1539326e+01  -5.4736479e+01
   9.9500000e+01  -3.7460674e+01   3.5423521e+01
   9.9600000e+01   1.3253933e+02   6.6235206e+00
   9.9700000e+01  -6.6460674e+01  -2.0416479e+01
   9.9800000e+01   2.6539326e+01  -1.8136479e+01
   9.9900000e+01  -1.2460674e+01  -5.7647940e-01
   1.0000000e+02  -1.1446067e+02  -1.9496479e+01
   1.0010000e+02   6.5393258e+00   1.2663521e+01
   1.0020000e+02  -8.1460674e+01   2.9183521e+01
   1.0030000e+02  -1.0460674e+01  -1.0656479e+01
   1.0040000e+02   9.0539326e+01  -5.6964794e+00
   1.0050000e+02  -3.5460674e+01   3.3343521e+01
   1.0060000e+02  -1.0246067e+02   3.7023521e+01
   1.0070000e+02  -9.4460674e+01   3.8703521e+01
   1.0080000e+02  -4.1460674e+01  -9.4164794e+00
   1.0090000e+02  -5.1460674e+01  -2.5016479e+01
   1.0100000e+02  -1.8460674e+01   9.6635206e+00
   1.0110000e+02  -8.5460674e+01  -1.6564794e+00
   1.0120000e+02  -3.9460674e+01  -3.0496479e+01
   1.0130000e+02  -6.6460674e+01  -2.4416479e+01
   1.0140000e+02  -7.6460674e+01   2.2983521e+01
   1.0150000e+02  -8.4606742e+00   2.0263521e+01
   1.0160000e+02   8.6539326e+01   1.4635206e+00
   1.0170000e+02   4.5393258e+00   1.4743521e+01
   1.0180000e+02  -2.0460674e+01  -2.5256479e+01
   1.0190000e+02  -5.2460674e+01  -5.9764794e+00
   1.0200000e+02  -1.2746067e+02   2.3520599e-02
   1.0210000e+02   8.7539326e+01  -1.6576479e+01
   1.0220000e+02  -4.4460674e+01   2.8703521e+01
   1.0230000e+02   1.9539326e+01  -2.0856479e+01
   1.0240000e+02  -1.9460674e+01  -5.2296479e+01
   1.0250000e+02  -2.4460674e+01  -2.5096479e+01
   1.0260000e+02  -1.1046067e+02   7.4343521e+01
   1.0270000e+02  -1.1460674e+01  -2.3616479e+01
   1.0280000e+02  -8.9460674e+01   7.5035206e+00
   1.0290000e+02  -5.4606742e+00  -4.4856479e+01
   1.0300000e+02  -9.4606742e+00  -1.8696479e+01
   1.0310000e+02  -9.9460674e+01  -1.8096479e+01
   1.0320000e+02  -4.1460674e+01  -3.5416479e+01
   1.0330000e+02   5.3932584e-01  -4.8096479e+01
   1.0340000e+02   5.3932584e-01  -8.2096479e+01
   1.0350000e+02  -5.0460674e+01   3.9943521e+01
   1.0360000e+02  -7.1460674e+01   9.7835206e+00
   1.0370000e+02  -1.0746067e+02  -1.7776479e+01
   1.0380000e+02  -1.3746067e+02  -7.5764794e+00
   1.0390000e+02  -2.4460674e+01  -2.9096479e+01
   1.0400000e+02  -1.0346067e+02  -4.9364794e+00
   1.0410000e+02  -2.0460674e+01  -7.2564794e+00
   1.0420000e+02  -2.6460674e+01  -2.3016479e+01
   1.0430000e+02   9.5393258e+00  -5.1456479e+01
   1.0440000e+02  -2.1460674e+01  -4.7216479e+01
   1.0450000e+02   8.0539326e+01   9.7035206e+00
   1.0460000e+02  -5.6460674e+01  -1.4816479e+01
   1.0470000e+02  -9.4606742e+00  -1.4696479e+01
   1.0480000e+02  -1.1546067e+02  -4.3456479e+01
   1.0490000e+02  -7.0460674e+01   3.3743521e+01
   1.0500000e+02   6.5393258e+00  -1.3364794e+00
   1.0510000e+02  -2.7460674e+01   1.2023521e+01
   1.0520000e+02  -5.5460674e+01   3.3143521e+01
   1.0530000e+02  -6.8460674e+01  -2.0336479e+01
   1.0540000e+02  -8.3460674e+01   5.7263521e+01
   1.0550000e+02   6.4539326e+01  -2.7656479e+01
   1.0560000e+02  -5.4460674e+01   2.1103521e+01
   1.0570000e+02   1.1539326e+01   3.2463521e+01
   1.0580000e+02   3.8539326e+01  -2.8616479e+01
   1.0590000e+02  -4.7460674e+01  -9.1764794e+00
   1.0600000e+02   1.7539326e+01   2.2223521e+01
   1.0610000e+02   3.6539326e+01   4.4463521e+01
   1.0620000e+02  -3.7460674e+01  -7.5764794e+00
   1.0630000e+02  -5.5460674e+01  -2.2856479e+01
   1.0640000e+02  -1.1460674e+01  -4.5616479e+01
   1.0650000e+02   6.8539326e+01   9.1835206e+00
   1.0660000e+02   5.7539326e+01  -6.3764794e+00
   1.0670000e+02  -3.4606742e+00   4.4063521e+01
   1.0680000e+02  -3.6460674e+01   9.2383521e+01
   1.0690000e+02   1.0539326e+01   3.1503521e+01
   1.0700000e+02   4.1539326e+01   7.1263521e+01
   1.0710000e+02   4.1539326e+01  -1.9736479e+01
   1.0720000e+02   4.5393258e+00  -2.5647940e-01
   1.0730000e+02  -8.4606742e+00  -2.0736479e+01
   1.0740000e+02  -4.2460674e+01   1.4623521e+01
   1.0750000e+02  -9.5460674e+01  -4.2256479e+01
   1.0760000e+02   7.5539326e+01   2.4903521e+01
   1.0770000e+02   4.9539326e+01   6.4943521e+01
   1.0780000e+02  -7.4606742e+00   1.8223521e+01
   1.0790000e+02  -4.2460674e+01   1.5623521e+01
   1.0800000e+02  -5.8460674e+01   4.5263521e+01
   1.0810000e+02   1.6453933e+02  -6.6564794e+00
   1.0820000e+02  -1.2460674e+01  -9.5764794e+00
   1.0830000e+02   1.4539326e+01   6.3435206e+00
   1.0840000e+02  -4.2460674e+01   3.0623521e+01
   1.0850000e+02  -1.4606742e+00  -1.3016479e+01
   1.0860000e+02   1.0539326e+01  -5.4964794e+00
   1.0870000e+02   3.0539326e+01   1.7035206e+00
   1.0880000e+02  -3.9460674e+01  -3.7496479e+01
   1.0890000e+02  -9.3460674e+01   3.0663521e+01
   1.0900000e+02  -7.7460674e+01  -3.7976479e+01
   1.0910000e+02  -9.0460674e+01   2.3543521e+01
   1.0920000e+02   8.5393258e+00  -2.6416479e+01
   1.0930000e+02   6.5393258e+00   6.6635206e+00
   1.0940000e+02   4.1539326e+01  -1.8736479e+01
   1.0950000e+02   1.5393258e+00   1.8635206e+00
   1.0960000e+02   6.7539326e+01  -5.7764794e+00
   1.0970000e+02  -4.6460674e+01   5.8783521e+01
   1.0980000e+02  -5.5460674e+01  -3.6856479e+01
   1.0990000e+02  -9.3460674e+01  -1.5336479e+01
   1.1000000e+02  -9.4460674e+01   6.3703521e+01
   1.1010000e+02  -8.2460674e+01   1.7223521e+01
   1.1020000e+02  -4.5460674e+01   8.7435206e+00
   1.1030000e+02  -3.2460674e+01  -2.6776479e+01
   1.1040000e+02  -3.4460674e+01  -3.1696479e+01
   1.1050000e+02  -1.4606742e+00  -1.5016479e+01
   1.1060000e+02   6.2539326e+01   8.4235206e+00
   1.1070000e+02  -5.3460674e+01   4.4063521e+01
   1.1080000e+02  -9.3460674e+01   4.8663521e+01
   1.1090000e+02  -5.6460674e+01  -1.5816479e+01
   1.1100000e+02  -4.7460674e+01   1.8823521e+01
   1.1110000e+02   7.5393258e+00   1.2162352e+02
   1.1120000e+02  -7.8460674e+01  -3.4936479e+01
   1.1130000e+02  -2.1460674e+01  -1.7216479e+01
   1.1140000e+02   3.8539326e+01   3.3835206e+00
   1.1150000e+02   8.4539326e+01   8.5435206e+00
   1.1160000e+02  -6.2460674e+01   7.4235206e+00
   1.1170000e+02   3.9539326e+01   1.6343521e+01
   1.1180000e+02  -2.2460674e+01   7.8823521e+01
   1.1190000e+02  -6.9460674e+01  -1.1296479e+01
   1.1200000e+02   3.0539326e+01  -3.8296479e+01
   1.1210000e+02  -2.1460674e+01  -1.7216479e+01
   1.1220000e+02  -3.4606742e+00   7.0635206e+00
   1.1230000e+02  -3.8460674e+01  -2.5536479e+01
   1.1240000e+02  -6.1460674e+01  -3.9616479e+01
   1.1250000e+02   6.5393258e+00  -4.6336479e+01
   1.1260000e+02  -3.4460674e+01  -2.9696479e+01
   1.1270000e+02  -2.7460674e+01  -3.6976479e+01
   1.1280000e+02  -5.5460674e+01  -4.8856479e+01
   1.1290000e+02   1.6539326e+01  -4.1736479e+01
   1.1300000e+02  -7.0460674e+01   7.7743521e+01
   1.1310000e+02  -5.9460674e+01   3.4303521e+01
   1.1320000e+02   3.5393258e+00   3.0783521e+01
   1.1330000e+02   7.3539326e+01  -2.4016479e+01
   1.1340000e+02   2.9539326e+01  -2.2256479e+01
   1.1350000e+02   5.3932584e-01  -1.0096479e+01
   1.1360000e+02  -1.3460674e+01  -9.1536479e+01
   1.1370000e+02  -2.2460674e+01  -1.6176479e+01
   1.1380000e+02  -3.7460674e+01  -4.7576479e+01
   1.1390000e+02  -9.0460674e+01   1.6543521e+01
   1.1400000e+02  -2.9460674e+01  -6.7896479e+01
   1.1410000e+02  -5.5460674e+01  -3.5856479e+01
   1.1420000e+02  -5.8460674e+01   1.1263521e+01
   1.1430000e+02   5.3932584e-01  -4.4096479e+01
   1.1440000e+02  -3.8460674e+01  -2.7536479e+01
   1.1450000e+02  -1.6460674e+01  -4.9416479e+01
   1.1460000e+02   6.5393258e+00   2.5663521e+01
   1.1470000e+02   1.4153933e+02  -5.1736479e+01
   1.1480000e+02   1.0053933e+02  -5.6096479e+01
   1.1490000e+02  -4.4606742e+00   4.1035206e+00
   1.1500000e+02  -4.6067416e-01  -4.4056479e+01
   1.1510000e+02  -1.4606742e+00  -4.3016479e+01
   1.1520000e+02   6.5393258e+00   1.7663521e+01
   1.1530000e+02   5.3932584e-01  -3.2096479e+01
   1.1540000e+02   3.6539326e+01   4.6463521e+01
   1.1550000e+02   1.5393258e+00  -3.4136479e+01
   1.1560000e+02  -1.3346067e+02  -7.7364794e+00
   1.1570000e+02  -5.6460674e+01  -1.4816479e+01
   1.1580000e+02  -1.1460674e+01  -1.3616479e+01
   1.1590000e+02  -1.6460674e+01  -2.5416479e+01
   1.1600000e+02  -6.4460674e+01  -1.4964794e+00
   1.1610000e+02   5.5393258e+00  -3.6296479e+01
   1.1620000e+02   9.2539326e+01  -4.2776479e+01
   1.1630000e+02  -5.9460674e+01  -5.6696479e+01
   1.1640000e+02  -1.2746067e+02   1.4023521e+01
   1.1650000e+02  -2.7460674e+01  -4.7976479e+01
   1.1660000e+02  -5.4460674e+01  -3.8964794e+00
   1.1670000e+02   5.4539326e+01   1.1743521e+01
   1.1680000e+02  -7.3460674e+01  -2.5136479e+01
   1.1690000e+02  -3.4606742e+00  -5.7936479e+01
   1.1700000e+02  -7.0460674e+01  -1.1256479e+01
   1.1710000e+02  -3.8460674e+01   5.4635206e+00
   1.1720000e+02   6.0539326e+01  -3.0496479e+01
   1.1730000e+02  -6.0460674e+01   4.4343521e+01
   1.1740000e+02   7.4539326e+01   4.9435206e+00
   1.1750000e+02  -9.5460674e+01  -1.4256479e+01
   1.1760000e+02  -2.3460674e+01  -2.9136479e+01
   1.1770000e+02   9.7539326e+01  -2.3976479e+01
   1.1780000e+02  -1.0646067e+02  -1.1816479e+01
   1.1790000e+02   3.3539326e+01  -3.1416479e+01
   1.1800000e+02  -3.8460674e+01  -1.8536479e+01
   1.1810000e+02   8.5393258e+00  -2.6416479e+01
   1.1820000e+02  -3.7460674e+01  -3.9576479e+01
   1.1830000e+02  -3.9460674e+01  -2.6496479e+01
   1.1840000e+02  -4.5460674e+01  -5.3256479e+01
   1.1850000e+02  -5.6460674e+01  -5.4816479e+01
   1.1860000e+02  -4.4606742e+00  -5.8964794e+00
   1.1870000e+02   3.9539326e+01  -5.4656479e+01
   1.1880000e+02  -4.1460674e+01   8.9583521e+01
   1.1890000e+02   1.2539326e+01  -9.5764794e+00
   1.1900000e+02  -9.4606742e+00  -2.0696479e+01
   1.1910000e+02   3.3539326e+01   4.8583521e+01
   1.1920000e+02  -5.3460674e+01  -4.9364794e+00
   1.1930000e+02  -1.8460674e+01  -1.9336479e+01
   1.1940000e+02  -8.0460674e+01   4.5143521e+01
   1.1950000e+02   1.6539326e+01   2.0263521e+01
   1.1960000e+02   3.2539326e+01   1.5623521e+01
   1.1970000e+02  -9.4606742e+00   5.1303521e+01
   1.1980000e+02  -1.7460674e+01   1.7623521e+01
   1.1990000e+02  -1.4460674e+01  -2.4496479e+01
   1.2000000e+02   7.4539326e+01   2.9943521e+01
   1.2010000e+02  -2.0460674e+01  -3.3256479e+01
   1.2020000e+02  -1.4460674e+01   1.5503521e+01
   1.2030000e+02  -2.4460674e+01  -7.2096479e+01
   1.2040000e+02  -2.4460674e+01   2.3903521e+01
   1.2050000e+02   2.5539326e+01  -5.1096479e+01
   1.2060000e+02  -4.4606742e+00  -4.0896479e+01
   1.2070000e+02   2.5393258e+00  -2.4176479e+01
   1.2080000e+02  -5.6460674e+01  -1.6816479e+01
   1.2090000e+02  -2.7460674e+01  -3.0976479e+01
   1.2100000e+02   3.5539326e+01  -5.7496479e+01
   1.2110000e+02  -1.4460674e+01   1.1503521e+01
   1.2120000e+02   9.8539326e+01  -4.1016479e+01
   1.2130000e+02   2.2539326e+01   5.1023521e+01
   1.2140000e+02  -4.2460674e+01  -4.0376479e+01
   1.2150000e+02  -5.2460674e+01  -5.6976479e+01
   1.2160000e+02  -2.0460674e+01  -7.2564794e+00
   1.2170000e+02  -2.9460674e+01  -5.1896479e+01
   1.2180000e+02   1.0553933e+02  -6.0296479e+01
   1.2190000e+02   3.0539326e+01  -4.0296479e+01
   1.2200000e+02  -5.1460674e+01  -4.0016479e+01
   1.2210000e+02  -5.3460674e+01   2.6063521e+01
   1.2220000e+02  -1.3460674e+01   7.1463521e+01
   1.2230000e+02  -6.7460674e+01  -2.2376479e+01
   1.2240000e+02   1.5539326e+01  -7.6964794e+00
   1.2250000e+02  -7.4606742e+00   5.2223521e+01
   1.2260000e+02   3.4539326e+01   8.5435206e+00
   1.2270000e+02  -4.4606742e+00   1.1035206e+00
   1.2280000e+02   7.0539326e+01   9.1035206e+00
   1.2290000e+02  -1.4846067e+02  -3.5136479e+01
   1.2300000e+02  -5.7460674e+01  -7.7647940e-01
   1.2310000e+02  -1.0460674e+01   1.7343521e+01
   1.2320000e+02  -4.6460674e+01  -2.4216479e+01
   1.2330000e+02  -1.3460674e+01   3.4463521e+01
   1.2340000e+02  -5.2460674e+01   8.0235206e+00
   1.2350000e+02   4.1539326e+01  -2.9736479e+01
   1.2360000e+02  -2.4606742e+00  -5.3976479e+01
   1.2370000e+02  -1.3460674e+01  -4.4536479e+01
   1.2380000e+02  -6.7460674e+01  -2.5376479e+01
   1.2390000e+02   7.5393258e+00  -4.0376479e+01
   1.2400000e+02  -1.7460674e+01  -5.3764794e+00
   1.2410000e+02   8.1539326e+01   4.5663521e+01
   1.2420000e+02   5.5393258e+00  -3.1296479e+01
   1.2430000e+02   4.4539326e+01  -4.0856479e+01
   1.2440000e+02  -7.4460674e+01  -1.8096479e+01
   1.2450000e+02  -3.3460674e+01  -9.7364794e+00
   1.2460000e+02  -2.3460674e+01   1.2863521e+01
   1.2470000e+02  -6.4460674e+01   1.5035206e+00
   1.2480000e+02  -5.4460674e+01   3.4103521e+01
   1.2490000e+02  -3.9460674e+01   7.5035206e+00
   1.2500000e+02  -1.1460674e+01   1.7383521e+01
   1.2510000e+02   6.2539326e+01  -1.2576479e+01
   1.2520000e+02   4.5539326e+01   1.8103521e+01
   1.2530000e+02   9.5539326e+01  -3.8896479e+01
   1.2540000e+02   1.2539326e+01  -5.7647940e-01
   1.2550000e+02  -8.7460674e+01  -2.6576479e+01
   1.2560000e+02  -1.0460674e+01  -6.7656479e+01
   1.2570000e+02  -7.3460674e+01  -5.6136479e+01
   1.2580000e+02   8.5393258e+00  -1.7416479e+01
   1.2590000e+02  -3.3460674e+01   3.5263521e+01
   1.2600000e+02  -1.4460674e+01   2.7503521e+01
   1.2610000e+02  -1.0946067e+02   3.8303521e+01
   1.2620000e+02  -7.4606742e+00  -3.4776479e+01
   1.2630000e+02   6.5393258e+00   6.6352060e-01
   1.2640000e+02  -4.9460674e+01  -2.0096479e+01
   1.2650000e+02  -6.3460674e+01   1.1463521e+01
   1.2660000e+02  -1.4460674e+01   7.5035206e+00
   1.2670000e+02  -5.6460674e+01  -4.8816479e+01
   1.2680000e+02   5.3539326e+01  -1.4216479e+01
   1.2690000e+02  -4.4606742e+00  -1.4896479e+01
   1.2700000e+02  -1.8460674e+01   4.0663521e+01
   1.2710000e+02   1.3453933e+02  -1.8456479e+01
   1.2720000e+02   4.7539326e+01   3.3023521e+01
   1.2730000e+02  -6.5460674e+01  -1.6456479e+01
   1.2740000e+02  -1.0460674e+01  -6.3656479e+01
   1.2750000e+02   1.3539326e+01   2.9383521e+01
   1.2760000e+02  -4.1460674e+01   7.4583521e+01
   1.2770000e+02  -6.6460674e+01  -5.4416479e+01
   1.2780000e+02   1.5539326e+01  -5.4696479e+01
   1.2790000e+02  -8.4460674e+01  -6.7696479e+01
   1.2800000e+02  -4.7460674e+01  -7.6176479e+01
   1.2810000e+02  -6.8460674e+01   3.7663521e+01
   1.2820000e+02  -3.8460674e+01   4.4635206e+00
   1.2830000e+02  -1.1646067e+02  -6.2416479e+01
   1.2840000e+02  -7.5460674e+01  -6.3056479e+01
   1.2850000e+02  -2.8460674e+01   6.3520599e-02
   1.2860000e+02   3.0539326e+01   9.7035206e+00
   1.2870000e+02  -9.5460674e+01   3.0743521e+01
   1.2880000e+02  -4.6067416e-01   2.9435206e+00
   1.2890000e+02  -4.1460674e+01   5.4583521e+01
   1.2900000e+02   1.9539326e+01   1.5143521e+01
   1.2910000e+02   4.1539326e+01  -4.4736479e+01
   1.2920000e+02  -5.4606742e+00   4.5143521e+01
   1.2930000e+02   2.4539326e+01  -4.0564794e+00
   1.2940000e+02  -4.8460674e+01   1.4863521e+01
   1.2950000e+02   7.7539326e+01  -4.8176479e+01
   1.2960000e+02   4.1539326e+01  -9.7364794e+00
   1.2970000e+02  -1.3460674e+01   4.4635206e+00
   1.2980000e+02  -3.4606742e+00   3.4063521e+01
   1.2990000e+02   3.9539326e+01   1.5343521e+01
   1.3000000e+02  -3.4460674e+01  -4.6964794e+00
   1.3010000e+02   1.3553933e+02  -9.4964794e+00
   1.3020000e+02  -6.4606742e+00  -5.5816479e+01
   1.3030000e+02   1.8539326e+01   6.8183521e+01
   1.3040000e+02  -8.7460674e+01  -5.3576479e+01
   1.3050000e+02  -6.2460674e+01   4.8423521e+01
   1.3060000e+02  -4.3460674e+01  -4.3364794e+00
   1.3070000e+02   2.1539326e+01  -1.7936479e+01
   1.3080000e+02   2.5539326e+01   5.9035206e+00
   1.3090000e+02  -4.4606742e+00  -4.8964794e+00
   1.3100000e+02   5.5539326e+01   3.2703521e+01
   1.3110000e+02  -3.7460674e+01  -2.8576479e+01
   1.3120000e+02  -6.4460674e+01  -4.1496479e+01
   1.3130000e+02  -9.9460674e+01   1.9035206e+00
   1.3140000e+02  -5.4460674e+01  -4.7896479e+01
   1.3150000e+02   1.5393258e+00   2.3863521e+01
   1.3160000e+02  -4.4460674e+01   7.2703521e+01
   1.3170000e+02   1.8539326e+01   6.3183521e+01
   1.3180000e+02  -4.7460674e+01  -3.3176479e+01
   1.3190000e+02   3.6539326e+01   6.8463521e+01
   1.3200000e+02  -4.1460674e+01  -5.4164794e+00
   1.3210000e+02  -5.4460674e+01   4.1035206e+00
   1.3220000e+02   1.9539326e+01  -1.6856479e+01
   1.3230000e+02   1.9539326e+01   5.3143521e+01
   1.3240000e+02  -4.7460674e+01   2.1823521e+01
   1.3250000e+02   2.0539326e+01  -4.8964794e+00
   1.3260000e+02   6.5539326e+01   7.3035206e+00
   1.3270000e+02  -4.8460674e+01   1.9863521e+01
   1.3280000e+02   1.8153933e+02  -3.5336479e+01
   1.3290000e+02  -1.2546067e+02   3.2943521e+01
   1.3300000e+02  -1.6460674e+01   9.5835206e+00
   1.3310000e+02  -3.6460674e+01  -2.2616479e+01
   1.3320000e+02   5.3932584e-01   3.8903521e+01
   1.3330000e+02  -6.1460674e+01  -2.6164794e+00
   1.3340000e+02   3.4539326e+01   6.5435206e+00
   1.3350000e+02   1.5539326e+01  -2.3696479e+01
   1.3360000e+02   1.3539326e+01  -3.0616479e+01
   1.3370000e+02   1.9539326e+01   8.5143521e+01
   1.3380000e+02  -2.9460674e+01  -2.4896479e+01
   1.3390000e+02  -2.0460674e+01   1.7435206e+00
   1.3400000e+02   7.8539326e+01   7.0783521e+01
   1.3410000e+02   5.9539326e+01   1.8543521e+01
   1.3420000e+02  -7.4606742e+00   4.6223521e+01
   1.3430000e+02  -5.3460674e+01  -3.5936479e+01
   1.3440000e+02  -6.4460674e+01   3.4503521e+01
   1.3450000e+02  -6.4606742e+00   7.3183521e+01
   1.3460000e+02  -3.6460674e+01  -3.3616479e+01
   1.3470000e+02   4.0539326e+01   9.3035206e+00
   1.3480000e+02   1.0053933e+02  -2.7096479e+01
   1.3490000e+02  -2.4460674e+01   4.7903521e+01
   1.3500000e+02  -1.4606742e+00   1.7983521e+01
   1.3510000e+02  -9.7460674e+01  -2.7176479e+01
   1.3520000e+02   2.0539326e+01   5.0103521e+01
   1.3530000e+02  -2.4460674e+01   4.4903521e+01
   1.3540000e+02   5.3932584e-01   1.3903521e+01
   1.3550000e+02  -6.6460674e+01  -9.4164794e+00
   1.3560000e+02  -4.5460674e+01   5.2743521e+01
   1.3570000e+02   6.8539326e+01   2.9183521e+01
   1.3580000e+02  -1.0946067e+02  -1.7696479e+01
   1.3590000e+02  -1.8460674e+01   3.7663521e+01
   1.3600000e+02  -3.2460674e+01  -7.7764794e+00
   1.3610000e+02   2.3539326e+01   4.6983521e+01
   1.3620000e+02  -5.5460674e+01  -1.7856479e+01
   1.3630000e+02  -1.2460674e+01   2.5423521e+01
   1.3640000e+02  -3.8460674e+01   7.4463521e+01
   1.3650000e+02  -6.0460674e+01   1.5343521e+01
   1.3660000e+02   5.3932584e-01  -1.2096479e+01
   1.3670000e+02   6.6539326e+01  -5.4736479e+01
   1.3680000e+02  -1.5460674e+01   9.5435206e+00
   1.3690000e+02  -4.5460674e+01   5.7743521e+01
   1.3700000e+02  -8.7460674e+01   5.8423521e+01
   1.3710000e+02  -1.7460674e+01   6.2623521e+01
   1.3720000e+02   3.8539326e+01  -2.6164794e+00
   1.3730000e+02  -3.8460674e+01   1.6463521e+01
   1.3740000e+02  -1.4460674e+01  -4.1496479e+01
   1.3750000e+02  -7.0460674e+01   6.6743521e+01
   1.3760000e+02  -2.6460674e+01   3.3983521e+01
   1.3770000e+02   5.0539326e+01   3.6903521e+01
   1.3780000e+02  -2.9460674e+01   6.1103521e+01
   1.3790000e+02   2.2539326e+01   5.6023521e+01
   1.3800000e+02  -3.4606742e+00   3.5063521e+01
   1.3810000e+02   2.3539326e+01  -3.0164794e+00
   1.3820000e+02   9.3539326e+01  -3.8816479e+01
   1.3830000e+02  -2.0460674e+01   4.1743521e+01
   1.3840000e+02  -3.8460674e+01  -1.5364794e+00
   1.3850000e+02   9.5393258e+00  -5.1456479e+01
   1.3860000e+02   1.6539326e+01  -2.7736479e+01
   1.3870000e+02  -9.3460674e+01   2.1663521e+01
   1.3880000e+02   2.5393258e+00  -1.9176479e+01
   1.3890000e+02   1.5539326e+01  -5.6964794e+00
   1.3900000e+02  -3.9460674e+01  -6.2496479e+01
   1.3910000e+02  -9.2460674e+01   1.3623521e+01
   1.3920000e+02  -1.1460674e+01  -2.6616479e+01
   1.3930000e+02  -4.3460674e+01   1.6663521e+01
   1.3940000e+02  -3.6460674e+01   1.6383521e+01
   1.3950000e+02   2.1539326e+01   1.8063521e+01
   1.3960000e+02   1.1353933e+02  -4.0616479e+01
   1.3970000e+02   6.5393258e+00   3.8663521e+01
   1.3980000e+02   5.5539326e+01   7.0352060e-01
   1.3990000e+02   2.8539326e+01  -7.2216479e+01
   1.4000000e+02  -3.9460674e+01   4.5503521e+01
   1.4010000e+02  -1.9460674e+01   4.5703521e+01
   1.4020000e+02  -7.5460674e+01   1.9435206e+00
   1.4030000e+02  -4.3460674e+01  -4.6336479e+01
   1.4040000e+02  -1.8460674e+01   8.6635206e+00
   1.4050000e+02  -1.9460674e+01   1.8703521e+01
   1.4060000e+02   4.8539326e+01   2.9983521e+01
   1.4070000e+02  -1.7460674e+01  -1.8376479e+01
   1.4080000e+02   8.9539326e+01  -6.9656479e+01
   1.4090000e+02  -2.3460674e+01  -3.4136479e+01
   1.4100000e+02  -8.2460674e+01  -5.0776479e+01
   1.4110000e+02  -5.4460674e+01  -6.0896479e+01
   1.4120000e+02   8.4539326e+01  -6.4456479e+01
   1.4130000e+02  -4.9460674e+01   2.2903521e+01
   1.4140000e+02   3.0539326e+01   1.7035206e+00
   1.4150000e+02  -1.1946067e+02  -6.2964794e+00
   1.4160000e+02  -9.3460674e+01   1.1166352e+02
   1.4170000e+02  -3.8460674e+01   2.8463521e+01
   1.4180000e+02   1.2539326e+01  -5.7576479e+01
   1.4190000e+02  -4.0460674e+01  -5.7456479e+01
   1.4200000e+02  -9.7460674e+01  -4.2176479e+01
   1.4210000e+02   2.3539326e+01  -8.0164794e+00
   1.4220000e+02   7.6539326e+01   4.6863521e+01
   1.4230000e+02   9.5539326e+01  -2.3896479e+01
   1.4240000e+02  -2.2460674e+01   3.3823521e+01
   1.4250000e+02  -4.2460674e+01  -3.1376479e+01
   1.4260000e+02  -1.0646067e+02   1.8352060e-01
   1.4270000e+02   2.0539326e+01   2.2103521e+01
   1.4280000e+02   4.0539326e+01  -2.9696479e+01
   1.4290000e+02  -8.4606742e+00  -1.7364794e+00
   1.4300000e+02   2.0539326e+01   2.7103521e+01
   1.4310000e+02   3.7539326e+01   1.3423521e+01
   1.4320000e+02  -8.0460674e+01  -6.8564794e+00
   1.4330000e+02   5.5393258e+00   2.7035206e+00
   1.4340000e+02  -6.4460674e+01  -3.4496479e+01
   1.4350000e+02  -3.7460674e+01   4.6423521e+01
   1.4360000e+02  -3.3460674e+01  -2.2736479e+01
   1.4370000e+02  -2.8460674e+01   1.0635206e+00
   1.4380000e+02  -9.8460674e+01  -2.4136479e+01
   1.4390000e+02  -1.3460674e+01  -2.0536479e+01
   1.4400000e+02   1.4539326e+01  -1.9656479e+01
   1.4410000e+02   8.6539326e+01   5.9463521e+01
   1.4420000e+02  -2.6460674e+01   1.1983521e+01
   1.4430000e+02   1.0353933e+02   1.0783521e+01
   1.4440000e+02   6.2539326e+01  -2.5764794e+00
   1.4450000e+02  -4.0460674e+01  -2.9456479e+01
   1.4460000e+02  -7.3460674e+01  -2.4136479e+01
   1.4470000e+02  -1.3460674e+01  -3.7536479e+01
   1.4480000e+02   6.5393258e+00  -2.0336479e+01
   1.4490000e+02  -7.3460674e+01   3.1863521e+01
   1.4500000e+02  -5.1460674e+01  -2.0164794e+00
   1.4510000e+02  -1.0746067e+02  -1.1776479e+01
   1.4520000e+02  -2.7460674e+01   7.0023521e+01
   1.4530000e+02  -1.2846067e+02  -1.7936479e+01
   1.4540000e+02   5.3932584e-01  -3.0096479e+01
   1.4550000e+02  -5.3460674e+01  -5.4936479e+01
   1.4560000e+02   3.5393258e+00  -1.8216479e+01
   1.4570000e+02  -6.4460674e+01  -1.4496479e+01
   1.4580000e+02  -1.4460674e+01   3.5503521e+01
   1.4590000e+02  -6.4606742e+00   6.6183521e+01
   1.4600000e+02  -8.4606742e+00  -5.1736479e+01
   1.4610000e+02   5.6539326e+01  -2.3364794e+00
   1.4620000e+02  -4.0460674e+01   3.3543521e+01
   1.4630000e+02  -9.0460674e+01   8.5435206e+00
   1.4640000e+02   7.4539326e+01   2.9943521e+01
   1.4650000e+02   7.5393258e+00   2.8623521e+01
   1.4660000e+02  -5.9460674e+01  -2.5696479e+01
   1.4670000e+02  -4.1460674e+01   2.2583521e+01
   1.4680000e+02   1.6539326e+01  -4.7736479e+01
   1.4690000e+02  -2.2460674e+01   2.0823521e+01
   1.4700000e+02  -4.6067416e-01   1.0094352e+02
   1.4710000e+02  -3.0460674e+01  -1.8856479e+01
   1.4720000e+02  -7.4606742e+00   1.5223521e+01
   1.4730000e+02  -4.1460674e+01   7.5835206e+00
   1.4740000e+02   2.1539326e+01   1.6063521e+01
   1.4750000e+02  -5.8460674e+01   2.8263521e+01
   1.4760000e+02  -5.3460674e+01  -4.4936479e+01
   1.4770000e+02   3.5393258e+00   4.4783521e+01
   1.4780000e+02   4.5539326e+01  -3.8964794e+00
   1.4790000e+02   2.8539326e+01  -1.6216479e+01
   1.4800000e+02  -1.2946067e+02  -5.8964794e+00
   1.4810000e+02   4.5393258e+00  -6.7256479e+01
   1.4820000e+02   2.4539326e+01  -2.7056479e+01
   1.4830000e+02  -2.8460674e+01   2.3063521e+01
   1.4840000e+02  -3.8460674e+01  -2.5536479e+01
   1.4850000e+02  -4.0460674e+01   5.4352060e-01
   1.4860000e+02   6.7539326e+01   5.7223521e+01
   1.4870000e+02  -3.3460674e+01   9.5263521e+01
   1.4880000e+02   3.7539326e+01   1.6423521e+01
   1.4890000e+02  -8.9460674e+01  -6.0496479e+01
   1.4900000e+02  -2.4606742e+00  -3.1976479e+01
   1.4910000e+02  -5.4606742e+00   5.1435206e+00
   1.4920000e+02   2.0539326e+01   3.0103521e+01
   1.4930000e+02  -1.9460674e+01   1.3703521e+01
   1.4940000e+02  -1.4606742e+00  -3.7016479e+01
   1.4950000e+02  -6.7460674e+01   1.6235206e+00
   1.4960000e+02   4.1539326e+01  -7.1736479e+01
   1.4970000e+02  -3.8460674e+01  -6.9536479e+01
   1.4980000e+02  -4.6067416e-01  -6.7056479e+01
   1.4990000e+02  -2.9460674e+01   1.1035206e+00
   1.5000000e+02  -1.0246067e+02   2.0235206e+00
   1.5010000e+02   1.8539326e+01  -5.2816479e+01
   1.5020000e+02   1.8539326e+01  -1.9816479e+01
   1.5030000e+02  -3.4606742e+00   9.1063521e+01
   1.5040000e+02  -4.8460674e+01   9.8635206e+00
   1.5050000e+02   4.5539326e+01   4.1035206e+00
   1.5060000e+02   1.7539326e+01   1.2223521e+01
   1.5070000e+02  -3.7460674e+01   3.1423521e+01
   1.5080000e+02  -5.0460674e+01  -1.5056479e+01
   1.5090000e+02   5.0539326e+01   2.2903521e+01
   1.5100000e+02  -3.9460674e+01  -4.8496479e+01
   1.5110000e+02  -6.8460674e+01   5.6635206e+00
   1.5120000e+02   3.3539326e+01   8.4583521e+01
   1.5130000e+02  -7.2460674e+01  -4.5176479e+01
   1.5140000e+02  -2.8460674e+01  -4.3936479e+01
   1.5150000e+02   4.6539326e+01  -3.5936479e+01
   1.5160000e+02  -2.4606742e+00  -4.3976479e+01
   1.5170000e+02   1.0539326e+01  -4.4496479e+01
   1.5180000e+02  -1.4460674e+01   1.9503521e+01
   1.5190000e+02   6.2539326e+01  -2.4576479e+01
   1.5200000e+02   8.5539326e+01  -1.2496479e+01
   1.5210000e+02   1.5539326e+01   2.8303521e+01
   1.5220000e+02   1.1539326e+01  -5.3536479e+01
   1.5230000e+02  -2.9460674e+01  -1.0896479e+01
   1.5240000e+02   6.6539326e+01  -3.2736479e+01
   1.5250000e+02  -9.1460674e+01  -8.3416479e+01
   1.5260000e+02  -4.6460674e+01  -2.1647940e-01
   1.5270000e+02  -8.5460674e+01  -2.7656479e+01
   1.5280000e+02  -3.6460674e+01  -1.1616479e+01
   1.5290000e+02  -4.3460674e+01  -5.3364794e+00
   1.5300000e+02  -6.2460674e+01   1.7423521e+01
   1.5310000e+02  -3.9460674e+01  -2.1496479e+01
   1.5320000e+02  -7.7460674e+01   6.4023521e+01
   1.5330000e+02  -7.5460674e+01   9.9435206e+00
   1.5340000e+02  -7.9460674e+01   4.3103521e+01
   1.5350000e+02   4.5393258e+00  -2.5256479e+01
   1.5360000e+02  -2.2460674e+01  -4.0176479e+01
   1.5370000e+02   1.6353933e+02   2.5383521e+01
   1.5380000e+02   6.7539326e+01   2.9223521e+01
   1.5390000e+02  -9.8460674e+01   7.8635206e+00
   1.5400000e+02   8.5393258e+00  -3.6416479e+01
   1.5410000e+02  -3.5460674e+01   2.3435206e+00
   1.5420000e+02  -2.4606742e+00  -3.1976479e+01
   1.5430000e+02  -8.1460674e+01  -2.9816479e+01
   1.5440000e+02   9.5393258e+00   1.0543521e+01
   1.5450000e+02  -1.2246067e+02   3.1823521e+01
   1.5460000e+02   1.5539326e+01   5.0303521e+01
   1.5470000e+02  -6.4460674e+01  -3.8496479e+01
   1.5480000e+02  -8.9460674e+01  -6.1496479e+01
   1.5490000e+02  -9.0460674e+01  -4.0456479e+01
   1.5500000e+02  -7.6460674e+01  -1.1201648e+02
   1.5510000e+02  -1.6846067e+02   2.4663521e+01
   1.5520000e+02  -3.5460674e+01  -6.0656479e+01
   1.5530000e+02  -8.0460674e+01  -8.5647940e-01
   1.5540000e+02  -5.2460674e+01  -2.8976479e+01
   1.5550000e+02  -6.5460674e+01  -3.3456479e+01
   1.5560000e+02  -4.8460674e+01  -3.6136479e+01
   1.5570000e+02  -7.6460674e+01  -5.9016479e+01
   1.5580000e+02   1.4539326e+01   1.3343521e+01
   1.5590000e+02  -7.8460674e+01  -2.5936479e+01
   1.5600000e+02   3.1539326e+01   3.0663521e+01
   1.5610000e+02  -4.1460674e+01  -7.0416479e+01
   1.5620000e+02  -4.3460674e+01  -4.4336479e+01
   1.5630000e+02  -1.5046067e+02   7.7943521e+01
   1.5640000e+02   4.5393258e+00   3.9743521e+01
   1.5650000e+02  -1.0746067e+02  -4.7776479e+01
   1.5660000e+02  -1.5460674e+01  -7.4564794e+00
   1.5670000e+02  -1.3460674e+01   4.0463521e+01
   1.5680000e+02  -8.5460674e+01  -2.2656479e+01
   1.5690000e+02  -4.3460674e+01  -4.0336479e+01
   1.5700000e+02   4.5393258e+00   5.9743521e+01
   1.5710000e+02   2.1539326e+01  -7.3936479e+01
   1.5720000e+02   1.6539326e+01  -5.0736479e+01
   1.5730000e+02   1.4539326e+01  -2.6564794e+00
   1.5740000e+02  -8.3460674e+01   7.2635206e+00
   1.5750000e+02   6.0539326e+01   3.5035206e+00
   1.5760000e+02  -6.7460674e+01  -3.7376479e+01
   1.5770000e+02  -6.5460674e+01   1.2543521e+01
   1.5780000e+02   2.3539326e+01  -3.7016479e+01
   1.5790000e+02   9.3539326e+01   1.8352060e-01
   1.5800000e+02  -1.4246067e+02  -4.5376479e+01
   1.5810000e+02  -9.4606742e+00  -6.6696479e+01
   1.5820000e+02   1.4539326e+01   8.7343521e+01
   1.5830000e+02  -1.1446067e+02   5.3503521e+01
   1.5840000e+02   1.5393258e+00  -6.6136479e+01
   1.5850000e+02  -1.1460674e+01   1.5383521e+01
   1.5860000e+02  -8.3460674e+01  -4.4736479e+01
   1.5870000e+02   3.8539326e+01   3.8352060e-01
   1.5880000e+02  -1.7460674e+01  -2.6376479e+01
   1.5890000e+02  -1.1646067e+02  -3.0416479e+01
   1.5900000e+02  -9.6460674e+01   3.5783521e+01
   1.5910000e+02  -4.4460674e+01  -2.4296479e+01
   1.5920000e+02   8.5539326e+01   1.4503521e+01
   1.5930000e+02  -8.5460674e+01  -4.9656479e+01
   1.5940000e+02   6.5539326e+01   5.3035206e+00
   1.5950000e+02  -9.0460674e+01   1.5543521e+01
   1.5960000e+02   5.0539326e+01  -4.5096479e+01
   1.5970000e+02  -1.0246067e+02  -1.6976479e+01
   1.5980000e+02  -7.2460674e+01  -9.1764794e+00
   1.5990000e+02  -4.8460674e+01  -8.1364794e+00
   1.6000000e+02  -4.1460674e+01  -1.6416479e+01
   1.6010000e+02   9.4539326e+01   3.9143521e+01
   1.6020000e+02  -3.9460674e+01  -1.7496479e+01
   1.6030000e+02  -3.7460674e+01  -2.3576479e+01
   1.6040000e+02  -7.0460674e+01   2.6743521e+01
   1.6050000e+02   3.5539326e+01   1.0503521e+01
   1.6060000e+02  -5.0460674e+01  -2.8056479e+01
   1.6070000e+02   6.5393258e+00  -3.4336479e+01
   1.6080000e+02  -5.4606742e+00  -4.4856479e+01
   1.6090000e+02  -7.6460674e+01   6.1983521e+01
   1.6100000e+02  -1.2460674e+01   4.4235206e+00
   1.6110000e+02   4.6539326e+01  -1.9364794e+00
   1.6120000e+02   1.1453933e+02   5.3435206e+00
   1.6130000e+02  -6.2460674e+01  -2.5576479e+01
   1.6140000e+02  -5.1460674e+01  -5.0164794e+00
   1.6150000e+02  -2.9460674e+01  -6.8964794e+00
   1.6160000e+02  -1.6460674e+01  -1.2416479e+01
   1.6170000e+02  -8.1460674e+01   6.8183521e+01
   1.6180000e+02  -3.0460674e+01  -4.2856479e+01
   1.6190000e+02  -2.3460674e+01   3.0863521e+01
   1.6200000e+02   2.8539326e+01   1.1878352e+02
   1.6210000e+02  -4.6067416e-01  -1.8056479e+01
   1.6220000e+02  -1.5460674e+01   3.8543521e+01
   1.6230000e+02   4.6539326e+01   7.8063521e+01
   1.6240000e+02  -1.0460674e+01  -1.4656479e+01
   1.6250000e+02  -9.4606742e+00  -3.1696479e+01
   1.6260000e+02  -5.4606742e+00   1.8143521e+01
   1.6270000e+02  -1.0146067e+02  -6.0164794e+00
   1.6280000e+02  -2.0460674e+01  -1.2256479e+01
   1.6290000e+02  -4.4606742e+00  -5.8964794e+00
   1.6300000e+02  -7.4460674e+01   2.0903521e+01
   1.6310000e+02   7.5393258e+00  -1.4376479e+01
   1.6320000e+02  -2.1460674e+01  -4.5216479e+01
   1.6330000e+02   1.2453933e+02  -2.0564794e+00
   1.6340000e+02  -7.9460674e+01  -4.8964794e+00
   1.6350000e+02   1.1853933e+02  -4.5816479e+01
   1.6360000e+02   7.5393258e+00  -4.4376479e+01
   1.6370000e+02  -6.4460674e+01  -1.9496479e+01
   1.6380000e+02   1.5393258e+00  -4.1364794e+00
   1.6390000e+02   9.5393258e+00  -4.5647940e-01
   1.6400000e+02  -4.9460674e+01  -2.7096479e+01
   1.6410000e+02   3.5393258e+00  -2.2216479e+01
   1.6420000e+02  -4.0460674e+01  -3.3456479e+01
   1.6430000e+02   7.1539326e+01   4.0635206e+00
   1.6440000e+02  -9.3460674e+01  -2.9336479e+01
   1.6450000e+02  -6.2460674e+01   1.2423521e+01
   1.6460000e+02  -1.0460674e+01  -1.0656479e+01
   1.6470000e+02  -5.9460674e+01  -3.5696479e+01
   1.6480000e+02  -3.0460674e+01  -6.8564794e+00
   1.6490000e+02  -5.4606742e+00   1.5143521e+01
   1.6500000e+02   3.2539326e+01  -3.7647940e-01
   1.6510000e+02  -3.3460674e+01  -5.4736479e+01
   1.6520000e+02   6.9539326e+01   6.7143521e+01
   1.6530000e+02   3.5393258e+00   2.1783521e+01
   1.6540000e+02   2.3539326e+01  -4.9016479e+01
   1.6550000e+02  -7.4606742e+00   2.2235206e+00
   1.6560000e+02  -5.9460674e+01  -1.6696479e+01
   1.6570000e+02  -7.6460674e+01  -1.0016479e+01
   1.6580000e+02  -2.9460674e+01  -9.8964794e+00
   1.6590000e+02   4.6539326e+01  -3.8936479e+01
   1.6600000e+02   6.6539326e+01   2.8263521e+01
   1.6610000e+02  -5.9460674e+01  -3.6696479e+01
   1.6620000e+02  -3.3460674e+01  -5.7364794e+00
   1.6630000e+02  -1.1746067e+02   4.2623521e+01
   1.6640000e+02  -1.8460674e+01  -3.9336479e+01
   1.6650000e+02  -7.4606742e+00   1.0922352e+02
   1.6660000e+02  -7.9460674e+01  -3.2896479e+01
   1.6670000e+02  -3.7460674e+01   1.3423521e+01
   1.6680000e+02  -6.2460674e+01  -1.1576479e+01
   1.6690000e+02  -6.7460674e+01  -7.1376479e+01
   1.6700000e+02   3.0539326e+01  -5.9296479e+01
   1.6710000e+02  -4.5460674e+01  -1.0256479e+01
   1.6720000e+02  -5.2460674e+01   3.7023521e+01
   1.6730000e+02  -5.5460674e+01  -4.6856479e+01
   1.6740000e+02  -1.0246067e+02  -3.9764794e+00
   1.6750000e+02   4.0539326e+01  -2.5696479e+01
   1.6760000e+02  -6.5460674e+01   6.4543521e+01
   1.6770000e+02  -4.3460674e+01   5.1663521e+01
   1.6780000e+02  -1.1946067e+02   2.8703521e+01
   1.6790000e+02  -5.8460674e+01  -1.1736479e+01
   1.6800000e+02  -1.1460674e+01  -2.4616479e+01
   1.6810000e+02  -1.5460674e+01  -1.1456479e+01
   1.6820000e+02  -1.9460674e+01  -1.0296479e+01
   1.6830000e+02  -2.0460674e+01  -2.4256479e+01
   1.6840000e+02  -9.4606742e+00   1.2303521e+01
   1.6850000e+02  -3.7460674e+01   1.1423521e+01
   1.6860000e+02  -2.4460674e+01   5.4903521e+01
   1.6870000e+02   7.5393258e+00   6.6235206e+00
   1.6880000e+02  -1.1460674e+01  -8.1616479e+01
   1.6890000e+02  -3.1460674e+01  -1.7816479e+01
   1.6900000e+02  -2.3460674e+01  -4.1364794e+00
   1.6910000e+02  -9.4606742e+00   4.0303521e+01
   1.6920000e+02   1.8539326e+01  -3.6816479e+01
   1.6930000e+02  -4.6067416e-01   3.2943521e+01
   1.6940000e+02   1.1953933e+02   8.3143521e+01
   1.6950000e+02  -3.7460674e+01   6.4235206e+00
   1.6960000e+02   6.5393258e+00   2.6635206e+00
   1.6970000e+02  -1.5460674e+01   6.4543521e+01
   1.6980000e+02  -9.4606742e+00   2.4303521e+01
   1.6990000e+02  -7.1460674e+01   1.0783521e+01
   1.7000000e+02  -6.8460674e+01  -5.9336479e+01
   1.7010000e+02   7.2539326e+01  -7.3976479e+01
   1.7020000e+02   4.5539326e+01   3.5103521e+01
   1.7030000e+02  -4.4460674e+01   1.9703521e+01
   1.7040000e+02  -2.7460674e+01   6.0235206e+00
   1.7050000e+02  -7.6460674e+01   7.3983521e+01
   1.7060000e+02  -3.0460674e+01   4.4143521e+01
   1.7070000e+02  -3.7460674e+01  -8.5764794e+00
   1.7080000e+02   4.1539326e+01  -4.1736479e+01
   1.7090000e+02  -3.0460674e+01   1.2014352e+02
   1.7100000e+02  -3.4460674e+01  -1.8696479e+01
   1.7110000e+02  -2.3460674e+01  -6.1364794e+00
   1.7120000e+02  -4.0460674e+01   7.5435206e+00
   1.7130000e+02   3.3539326e+01  -9.4164794e+00
   1.7140000e+02   2.1539326e+01   1.0635206e+00
   1.7150000e+02   8.0539326e+01   4.8703521e+01
   1.7160000e+02  -1.3460674e+01   2.2463521e+01
   1.7170000e+02  -3.9460674e+01   1.4503521e+01
   1.7180000e+02  -4.6067416e-01  -5.9056479e+01
   1.7190000e+02   2.2539326e+01  -5.4976479e+01
   1.7200000e+02  -4.4460674e+01  -3.9296479e+01
   1.7210000e+02  -1.2446067e+02  -2.5096479e+01
   1.7220000e+02   4.5393258e+00   4.2743521e+01
   1.7230000e+02   3.4539326e+01  -1.9456479e+01
   1.7240000e+02  -3.8460674e+01   4.0463521e+01
   1.7250000e+02  -1.2746067e+02  -5.9764794e+00
   1.7260000e+02  -2.4460674e+01  -1.5096479e+01
   1.7270000e+02  -5.0460674e+01  -2.0564794e+00
   1.7280000e+02  -2.6460674e+01  -5.0016479e+01
   1.7290000e+02  -3.4460674e+01  -2.8696479e+01
   1.7300000e+02   1.6539326e+01   3.5263521e+01
   1.7310000e+02   1.3553933e+02  -2.0496479e+01
   1.7320000e+02  -2.2460674e+01  -1.1176479e+01
   1.7330000e+02   2.5393258e+00  -2.8176479e+01
   1.7340000e+02  -5.2460674e+01  -2.7976479e+01
   1.7350000e+02  -5.4606742e+00  -8.5647940e-01
   1.7360000e+02  -6.3460674e+01   2.0463521e+01
   1.7370000e+02  -1.2046067e+02  -1.0256479e+01
   1.7380000e+02   1.7539326e+01  -8.7764794e+00
   1.7390000e+02  -5.6460674e+01   1.8352060e-01
   1.7400000e+02   1.5393258e+00  -3.8136479e+01
   1.7410000e+02  -5.3460674e+01   3.8063521e+01
   1.7420000e+02   3.1539326e+01   5.6663521e+01
   1.7430000e+02  -5.0460674e+01   1.1094352e+02
   1.7440000e+02  -7.9460674e+01  -3.7896479e+01
   1.7450000e+02   6.0539326e+01   3.4503521e+01
   1.7460000e+02  -4.9460674e+01   1.9903521e+01
   1.7470000e+02  -3.7460674e+01   2.9423521e+01
   1.7480000e+02  -4.4460674e+01   3.7035206e+00
   1.7490000e+02   7.7539326e+01  -3.9176479e+01
   1.7500000e+02  -1.5460674e+01  -4.7456479e+01
   1.7510000e+02  -4.6460674e+01  -4.8216479e+01
   1.7520000e+02   4.4539326e+01  -6.3856479e+01
   1.7530000e+02  -5.4460674e+01  -4.8964794e+00
   1.7540000e+02  -4.4460674e+01   2.7703521e+01
   1.7550000e+02   2.9539326e+01  -2.5647940e-01
   1.7560000e+02  -4.5460674e+01  -5.5256479e+01
   1.7570000e+02   1.7539326e+01   7.8223521e+01
   1.7580000e+02   5.1539326e+01  -9.1364794e+00
   1.7590000e+02  -4.3460674e+01   2.6663521e+01
   1.7600000e+02  -4.6460674e+01   2.7783521e+01
   1.7610000e+02  -2.1460674e+01  -7.2164794e+00
   1.7620000e+02  -2.2460674e+01   6.0823521e+01
   1.7630000e+02   9.5393258e+00  -3.6456479e+01
   1.7640000e+02   1.2539326e+01  -2.3576479e+01
   1.7650000e+02   1.6539326e+01  -4.4736479e+01
   1.7660000e+02  -2.8460674e+01   3.1063521e+01
   1.7670000e+02  -1.5460674e+01  -3.3456479e+01
   1.7680000e+02  -7.8460674e+01   6.0635206e+00
   1.7690000e+02   5.8539326e+01  -2.4416479e+01
   1.7700000e+02  -4.4606742e+00   6.3103521e+01
   1.7710000e+02   4.6539326e+01   6.0063521e+01
   1.7720000e+02   7.2539326e+01  -5.6976479e+01
   1.7730000e+02   8.5393258e+00   5.0583521e+01
   1.7740000e+02  -6.8460674e+01  -4.3364794e+00
   1.7750000e+02  -5.5460674e+01  -2.4856479e+01
   1.7760000e+02  -7.6460674e+01  -5.0164794e+00
   1.7770000e+02  -8.9460674e+01  -2.5496479e+01
   1.7780000e+02  -5.1460674e+01   4.9835206e+00
   1.7790000e+02  -4.6067416e-01   2.6943521e+01
   1.7800000e+02  -4.0460674e+01   7.1543521e+01
   1.7810000e+02   6.5539326e+01  -5.3696479e+01
   1.7820000e+02   4.8539326e+01   3.9835206e+00
   1.7830000e+02   9.5393258e+00  -1.5456479e+01
   1.7840000e+02  -2.7460674e+01  -6.9764794e+00
   1.7850000e+02  -2.8460674e+01   3.3063521e+01
   1.7860000e+02  -1.1460674e+01   6.4383521e+01
   1.7870000e+02   5.7539326e+01  -5.7376479e+01
   1.7880000e+02  -5.8460674e+01  -6.7364794e+00
   1.7890000e+02  -2.9460674e+01   3.7103521e+01
   1.7900000e+02  -8.2460674e+01  -1.6776479e+01
   1.7910000e+02   1.1153933e+02   8.4635206e+00
   1.7920000e+02   6.5539326e+01  -1.6964794e+00
   1.7930000e+02  -1.0046067e+02   2.4943521e+01
   1.7940000e+02  -2.4460674e+01   1.2903521e+01
   1.7950000e+02  -8.2460674e+01  -1.7776479e+01
   1.7960000e+02  -2.3460674e+01   1.5863521e+01
   1.7970000e+02   3.6539326e+01  -5.0536479e+01
   1.7980000e+02  -1.2046067e+02  -4.6256479e+01
   1.7990000e+02  -4.6460674e+01  -1.8216479e+01
   1.8000000e+02   6.1539326e+01  -1.4536479e+01
   1.8010000e+02   2.3539326e+01   2.9983521e+01
   1.8020000e+02  -4.6460674e+01  -5.2216479e+01
   1.8030000e+02   2.5393258e+00   2.8235206e+00
   1.8040000e+02   7.6539326e+01  -5.7136479e+01
   1.8050000e+02   2.3539326e+01  -4.9016479e+01
   1.8060000e+02  -6.4606742e+00  -4.3816479e+01
   1.8070000e+02  -1.8460674e+01  -2.9336479e+01
   1.8080000e+02  -4.0460674e+01   1.4543521e+01
   1.8090000e+02  -6.7460674e+01   2.8623521e+01
   1.8100000e+02  -8.0460674e+01   8.1435206e+00
   1.8110000e+02  -2.8460674e+01  -2.6936479e+01
   1.8120000e+02  -5.5460674e+01  -1.1856479e+01
   1.8130000e+02   2.4539326e+01  -1.5056479e+01
   1.8140000e+02   2.9539326e+01  -2.8256479e+01
   1.8150000e+02  -1.4460674e+01  -3.1496479e+01
   1.8160000e+02  -2.3460674e+01  -2.1364794e+00
   1.8170000e+02  -9.1460674e+01  -1.7416479e+01
   1.8180000e+02   2.5539326e+01   2.6903521e+01
   1.8190000e+02   1.9539326e+01   6.3143521e+01
   1.8200000e+02   6.1539326e+01  -3.0536479e+01
   1.8210000e+02  -3.8460674e+01   1.3463521e+01
   1.8220000e+02  -7.0460674e+01  -2.1256479e+01
   1.8230000e+02   5.0539326e+01   7.7903521e+01
   1.8240000e+02  -9.2460674e+01   6.2352060e-01
   1.8250000e+02  -6.3460674e+01   3.1463521e+01
   1.8260000e+02  -1.4046067e+02  -2.6456479e+01
   1.8270000e+02  -3.5460674e+01  -2.2656479e+01
   1.8280000e+02   1.2153933e+02  -3.1936479e+01
   1.8290000e+02   6.4539326e+01  -6.1656479e+01
   1.8300000e+02   7.6539326e+01   1.0586352e+02
   1.8310000e+02  -6.9460674e+01   5.7703521e+01
   1.8320000e+02   1.2539326e+01   5.0423521e+01
   1.8330000e+02   2.2539326e+01   2.3023521e+01
   1.8340000e+02  -5.6460674e+01   2.8183521e+01
   1.8350000e+02  -6.1460674e+01  -3.5616479e+01
   1.8360000e+02   3.0539326e+01   1.1703521e+01
   1.8370000e+02  -6.8460674e+01   6.3663521e+01
   1.8380000e+02   2.1539326e+01  -9.9364794e+00
   1.8390000e+02  -1.4846067e+02  -1.5136479e+01
   1.8400000e+02  -3.4606742e+00  -5.7936479e+01
   1.8410000e+02  -2.5460674e+01  -1.7056479e+01
   1.8420000e+02  -1.4460674e+01   5.9503521e+01
   1.8430000e+02  -6.9460674e+01  -3.2964794e+00
   1.8440000e+02  -3.9460674e+01  -2.8496479e+01
   1.8450000e+02   1.3153933e+02  -3.4336479e+01
   1.8460000e+02  -4.8460674e+01   2.8863521e+01
   1.8470000e+02   4.6539326e+01   3.9063521e+01
   1.8480000e+02   2.4539326e+01   8.9943521e+01
   1.8490000e+02  -8.7460674e+01  -4.1576479e+01
   1.8500000e+02   3.0539326e+01  -4.9296479e+01
   1.8510000e+02  -4.6460674e+01   5.7835206e+00
   1.8520000e+02  -2.3460674e+01  -4.1364794e+00
   1.8530000e+02   1.5393258e+00  -6.1364794e+00
   1.8540000e+02  -3.8460674e+01  -4.1536479e+01
   1.8550000e+02  -4.6460674e+01  -2.6216479e+01
   1.8560000e+02  -1.8460674e+01   1.6635206e+00
   1.8570000e+02  -4.7460674e+01  -8.1764794e+00
   1.8580000e+02   1.5393258e+00  -2.9136479e+01
   1.8590000e+02   5.1539326e+01  -4.3136479e+01
   1.8600000e+02  -1.2346067e+02  -4.4136479e+01
   1.8610000e+02  -1.3146067e+02   7.2183521e+01
   1.8620000e+02   5.6539326e+01  -5.0336479e+01
   1.8630000e+02  -6.6460674e+01   1.5835206e+00
   1.8640000e+02  -4.7460674e+01  -2.3176479e+01
   1.8650000e+02  -2.7460674e+01   7.5023521e+01
   1.8660000e+02  -4.9460674e+01  -1.4096479e+01
   1.8670000e+02   2.8539326e+01  -5.2164794e+00
   1.8680000e+02  -7.9460674e+01  -2.9896479e+01
   1.8690000e+02  -3.9460674e+01   2.3503521e+01
   1.8700000e+02   2.9539326e+01  -2.5256479e+01
   1.8710000e+02  -2.5460674e+01  -8.0564794e+00
   1.8720000e+02  -1.4460674e+01   2.1503521e+01
   1.8730000e+02   2.7539326e+01  -1.7176479e+01
   1.8740000e+02  -1.2460674e+01  -1.5576479e+01
   1.8750000e+02  -4.5460674e+01  -4.3256479e+01
   1.8760000e+02  -3.4460674e+01   3.0352060e-01
   1.8770000e+02   2.2539326e+01  -1.7976479e+01
   1.8780000e+02   5.5393258e+00  -1.7296479e+01
   1.8790000e+02  -1.0460674e+01   1.0134352e+02
   1.8800000e+02   5.0539326e+01  -1.9096479e+01
   1.8810000e+02   9.5393258e+00   5.3543521e+01
   1.8820000e+02  -5.1460674e+01   5.6983521e+01
   1.8830000e+02   4.1539326e+01  -5.0736479e+01
   1.8840000e+02   5.7539326e+01  -1.3376479e+01
   1.8850000e+02  -1.7460674e+01   1.1623521e+01
   1.8860000e+02   2.6539326e+01  -6.3136479e+01
   1.8870000e+02   2.4539326e+01  -1.8056479e+01
   1.8880000e+02  -6.8460674e+01  -2.5336479e+01
   1.8890000e+02  -9.0460674e+01  -1.4456479e+01
   1.8900000e+02  -5.9460674e+01  -2.0696479e+01
   1.8910000e+02  -8.3460674e+01   3.4263521e+01
   1.8920000e+02   1.1353933e+02  -5.4616479e+01
   1.8930000e+02  -5.0460674e+01   1.9435206e+00
   1.8940000e+02  -1.4046067e+02  -1.1456479e+01
   1.8950000e+02  -1.0746067e+02  -3.7776479e+01
   1.8960000e+02   3.5393258e+00  -4.2164794e+00
   1.8970000e+02   4.7539326e+01   8.0235206e+00
   1.8980000e+02   2.6539326e+01   3.1863521e+01
   1.8990000e+02   1.5539326e+01  -3.5696479e+01
   1.9000000e+02   3.3539326e+01  -6.8416479e+01
   1.9010000e+02   9.7539326e+01   3.5023521e+01
   1.9020000e+02  -9.2460674e+01   9.6235206e+00
   1.9030000e+02   3.5393258e+00  -8.2164794e+00
   1.9040000e+02  -1.8460674e+01  -5.3336479e+01
   1.9050000e+02  -1.0460674e+01  -3.1656479e+01
   1.9060000e+02  -3.5460674e+01  -5.7656479e+01
   1.9070000e+02  -4.3460674e+01   8.4663521e+01
   1.9080000e+02  -8.7460674e+01  -5.7647940e-01
   1.9090000e+02  -3.4460674e+01  -6.1696479e+01
   1.9100000e+02  -1.7460674e+01  -7.4376479e+01
   1.9110000e+02  -8.1460674e+01   5.6183521e+01
   1.9120000e+02  -2.4606742e+00   7.1023521e+01
   1.9130000e+02  -3.1460674e+01   3.3183521e+01
   1.9140000e+02   1.5393258e+00  -4.6136479e+01
   1.9150000e+02   4.4539326e+01  -2.7856479e+01
   1.9160000e+02  -1.0746067e+02  -3.0776479e+01
   1.9170000e+02  -3.9460674e+01   1.6503521e+01
   1.9180000e+02  -3.9460674e+01  -3.4964794e+00
   1.9190000e+02  -1.1446067e+02  -4.3496479e+01
   1.9200000e+02  -1.0246067e+02   3.7023521e+01
   1.9210000e+02   1.9539326e+01   7.1435206e+00
   1.9220000e+02  -3.9460674e+01   8.7503521e+01
   1.9230000e+02  -4.9460674e+01  -4.7096479e+01
   1.9240000e+02   5.0539326e+01   2.0903521e+01
   1.9250000e+02  -8.8460674e+01  -1.0536479e+01
   1.9260000e+02  -2.3460674e+01   6.6863521e+01
   1.9270000e+02  -8.3460674e+01   2.7263521e+01
   1.9280000e+02  -8.5460674e+01  -2.0656479e+01
   1.9290000e+02   3.9539326e+01   1.5343521e+01
   1.9300000e+02   5.5539326e+01   7.7035206e+00
   1.9310000e+02  -9.8460674e+01   1.2486352e+02
   1.9320000e+02  -8.4606742e+00  -3.4736479e+01
   1.9330000e+02  -3.9460674e+01  -3.8496479e+01
   1.9340000e+02  -2.9460674e+01  -3.4896479e+01
   1.9350000e+02   2.5393258e+00  -4.4176479e+01
   1.9360000e+02  -4.6067416e-01  -7.0564794e+00
   1.9370000e+02   8.6539326e+01   3.0463521e+01
   1.9380000e+02  -7.8460674e+01   1.3063521e+01
   1.9390000e+02   1.4539326e+01  -4.9656479e+01
   1.9400000e+02   1.1539326e+01   4.4635206e+00
   1.9410000e+02  -1.5346067e+02  -5.9364794e+00
   1.9420000e+02  -2.0460674e+01  -3.2564794e+00
   1.9430000e+02  -3.5460674e+01   5.3435206e+00
   1.9440000e+02  -5.3460674e+01   4.0635206e+00
   1.9450000e+02   1.1539326e+01  -1.4536479e+01
   1.9460000e+02  -4.4606742e+00  -3.4896479e+01
   1.9470000e+02   3.9539326e+01   7.3435206e+00
   1.9480000e+02  -1.2246067e+02  -3.1176479e+01
   1.9490000e+02  -2.4460674e+01  -8.0964794e+00
   1.9500000e+02  -1.0646067e+02   3.1835206e+00
   1.9510000e+02  -1.5246067e+02  -2.2976479e+01
   1.9520000e+02  -1.2746067e+02  -3.6976479e+01
   1.9530000e+02  -4.6460674e+01  -3.2216479e+01
   1.9540000e+02  -6.2460674e+01  -3.5764794e+00
   1.9550000e+02  -5.3460674e+01   6.0635206e+00
   1.9560000e+02   1.4539326e+01  -2.9656479e+01
   1.9570000e+02  -6.9460674e+01  -5.4296479e+01
   1.9580000e+02  -6.0460674e+01   3.9343521e+01
   1.9590000e+02   8.5393258e+00   1.2583521e+01
   1.9600000e+02  -3.7460674e+01   4.2423521e+01
   1.9610000e+02   3.5393258e+00   2.8783521e+01
   1.9620000e+02   4.1539326e+01  -4.3736479e+01
   1.9630000e+02   2.2539326e+01   5.0235206e+00
   1.9640000e+02  -4.8460674e+01  -1.2136479e+01
   1.9650000e+02  -8.9460674e+01   5.0352060e-01
   1.9660000e+02  -8.7460674e+01  -3.0576479e+01
   1.9670000e+02  -1.3460674e+01  -1.5536479e+01
   1.9680000e+02  -8.8460674e+01   9.4635206e+00
   1.9690000e+02  -7.1460674e+01   3.7835206e+00
   1.9700000e+02   2.7539326e+01   1.8235206e+00
   1.9710000e+02  -4.2460674e+01   1.0623521e+01
   1.9720000e+02  -1.0846067e+02  -6.6736479e+01
   1.9730000e+02  -2.4460674e+01  -3.0964794e+00
   1.9740000e+02  -3.7460674e+01  -3.0576479e+01
   1.9750000e+02  -7.0460674e+01   1.6743521e+01
   1.9760000e+02  -1.5460674e+01  -8.2456479e+01
   1.9770000e+02  -5.9460674e+01  -2.7696479e+01
   1.9780000e+02  -3.0460674e+01   2.6143521e+01
   1.9790000e+02  -7.4460674e+01  -6.5096479e+01
   1.9800000e+02   8.6539326e+01   2.1463521e+01
   1.9810000e+02  -1.0346067e+02  -6.6936479e+01
   1.9820000e+02  -1.7460674e+01  -4.2376479e+01
   1.9830000e+02   1.1539326e+01   1.7463521e+01
   1.9840000e+02  -8.1460674e+01   4.3183521e+01
   1.9850000e+02  -5.1460674e+01  -8.0016479e+01
   1.9860000e+02  -5.2460674e+01  -2.0976479e+01
   1.9870000e+02  -9.4606742e+00  -7.4696479e+01
   1.9880000e+02   7.5393258e+00  -3.9376479e+01
   1.9890000e+02  -1.0246067e+02  -1.3976479e+01
   1.9900000e+02  -3.5460674e+01  -3.0656479e+01
   1.9910000e+02  -3.0460674e+01  -3.8564794e+00
   1.9920000e+02  -2.2460674e+01   7.9823521e+01
   1.9930000e+02  -4.0460674e+01   4.5435206e+00
   1.9940000e+02  -5.4606742e+00   4.1435206e+00
   1.9950000e+02  -1.2460674e+01  -5.1576479e+01
   1.9960000e+02   4.3539326e+01   2.3183521e+01
   1.9970000e+02   3.1539326e+01  -1.5336479e+01
   1.9980000e+02  -1.2946067e+02   2.3103521e+01
   1.9990000e+02  -2.5460674e+01   2.8943521e+01
