   0.0000000e+00   1.7664943e+02   1.4392898e+02
   1.0000000e-01   3.3964943e+02   2.8408979e+01
   2.0000000e-01   2.4964943e+02   2.8008979e+01
   3.0000000e-01   2.4864943e+02   8.2048979e+01
   4.0000000e-01   3.5364943e+02   4.6848979e+01
   5.0000000e-01   2.7064943e+02   5.3168979e+01
   6.0000000e-01   2.6364943e+02   4.4448979e+01
   7.0000000e-01   3.2564943e+02   5.5968979e+01
   8.0000000e-01   2.4064943e+02   4.8368979e+01
   9.0000000e-01   2.9164943e+02   1.0932898e+02
   1.0000000e+00   1.7864943e+02   5.0848979e+01
   1.1000000e+00   9.9649433e+01   8.3008979e+01
   1.2000000e+00   1.9264943e+02   1.4288979e+01
   1.3000000e+00   1.4564943e+02   2.1168979e+01
   1.4000000e+00   1.5964943e+02   2.0608979e+01
   1.5000000e+00   1.6564943e+02   5.5368979e+01
   1.6000000e+00   2.6364943e+02   1.6448979e+01
   1.7000000e+00   2.1664943e+02   1.1032898e+02
   1.8000000e+00   1.7264943e+02   3.9088979e+01
   1.9000000e+00   2.4264943e+02   3.3288979e+01
   2.0000000e+00   1.9364943e+02   8.6248979e+01
   2.1000000e+00   2.6464943e+02   9.0408979e+01
   2.2000000e+00   2.9964943e+02   3.3008979e+01
   2.3000000e+00   3.0464943e+02   4.1808979e+01
   2.4000000e+00   1.7364943e+02   5.2048979e+01
   2.5000000e+00   3.9064943e+02  -1.9631021e+01
   2.6000000e+00   2.5364943e+02   5.2848979e+01
   2.7000000e+00   2.9264943e+02   2.3288979e+01
   2.8000000e+00   2.1264943e+02   8.9488979e+01
   2.9000000e+00   1.8664943e+02   8.6528979e+01
   3.0000000e+00   3.2964943e+02   2.1808979e+01
   3.1000000e+00   3.7664943e+02   9.9928979e+01
   3.2000000e+00   3.9264943e+02   7.4288979e+01
   3.3000000e+00   3.3364943e+02   6.6648979e+01
   3.4000000e+00   2.3964943e+02   3.1408979e+01
   3.5000000e+00   3.0464943e+02  -1.6191021e+01
   3.6000000e+00   3.1864943e+02   9.7248979e+01
   3.7000000e+00   2.8564943e+02   6.0568979e+01
   3.8000000e+00   2.7964943e+02   3.4808979e+01
   3.9000000e+00   4.2364943e+02   3.8048979e+01
   4.0000000e+00   2.7264943e+02   8.7088979e+01
   4.1000000e+00   2.9864943e+02   7.0489786e+00
   4.2000000e+00   2.7564943e+02   4.2968979e+01
   4.3000000e+00   2.7264943e+02  -1.6911021e+01
   4.4000000e+00   2.9364943e+02   5.8248979e+01
   4.5000000e+00   6.3649433e+01   4.4448979e+01
   4.6000000e+00   5.2164943e+02   8.5128979e+01
   4.7000000e+00   4.3664943e+02   1.1528979e+01
   4.8000000e+00   2.6864943e+02   1.4224898e+02
   4.9000000e+00   3.6964943e+02   8.4208979e+01
   5.0000000e+00   2.6364943e+02   5.4489786e+00
   5.1000000e+00   3.5264943e+02   6.3888979e+01
   5.2000000e+00   3.3364943e+02   6.7648979e+01
   5.3000000e+00   3.9264943e+02   8.3288979e+01
   5.4000000e+00   2.4664943e+02   2.4128979e+01
   5.5000000e+00   3.8564943e+02   2.3568979e+01
   5.6000000e+00   1.8064943e+02   7.6768979e+01
   5.7000000e+00   3.2064943e+02   1.4116898e+02
   5.8000000e+00   3.0064943e+02  -2.7031021e+01
   5.9000000e+00   4.5464943e+02  -2.4191021e+01
   6.0000000e+00   1.8764943e+02  -9.5110214e+00
   6.1000000e+00   5.0864943e+02   2.7648979e+01
   6.2000000e+00   3.7364943e+02   7.3048979e+01
   6.3000000e+00   3.1664943e+02   8.9328979e+01
   6.4000000e+00   1.9864943e+02   4.2048979e+01
   6.5000000e+00   2.0764943e+02   3.9688979e+01
   6.6000000e+00   2.1564943e+02   6.9368979e+01
   6.7000000e+00   1.7064943e+02   4.5168979e+01
   6.8000000e+00   4.3964943e+02   4.2408979e+01
   6.9000000e+00   3.5564943e+02   8.7689786e+00
   7.0000000e+00   4.1764943e+02   4.8288979e+01
   7.1000000e+00   1.1764943e+02   6.1288979e+01
   7.2000000e+00   2.3164943e+02   6.2728979e+01
   7.3000000e+00   2.2064943e+02   7.0168979e+01
   7.4000000e+00   1.8064943e+02   1.6768979e+01
   7.5000000e+00   2.6064943e+02   5.5689786e+00
   7.6000000e+00   4.5064943e+02   5.7968979e+01
   7.7000000e+00   2.2864943e+02   2.5848979e+01
   7.8000000e+00   2.5264943e+02   7.8889786e+00
   7.9000000e+00   3.2364943e+02  -9.5102144e-01
   8.0000000e+00   3.0564943e+02   5.7689786e+00
   8.1000000e+00   2.0064943e+02   1.4096898e+02
   8.2000000e+00   2.9164943e+02   4.3328979e+01
   8.3000000e+00   1.8664943e+02   1.2528979e+01
   8.4000000e+00   1.2864943e+02  -2.9151021e+01
   8.5000000e+00   2.4064943e+02   4.5368979e+01
   8.6000000e+00   3.4064943e+02   8.6368979e+01
   8.7000000e+00   1.9464943e+02   2.0208979e+01
   8.8000000e+00   3.6164943e+02   7.5289786e+00
   8.9000000e+00   2.1464943e+02   5.1408979e+01
   9.0000000e+00   3.8564943e+02   3.3568979e+01
   9.1000000e+00   2.3964943e+02   3.2408979e+01
   9.2000000e+00   3.2964943e+02   5.3808979e+01
   9.3000000e+00   2.9164943e+02   5.0328979e+01
   9.4000000e+00   2.7064943e+02  -2.6831021e+01
   9.5000000e+00   2.7164943e+02   1.0012898e+02
   9.6000000e+00   1.9464943e+02   9.1208979e+01
   9.7000000e+00   2.1464943e+02   1.4089786e+00
   9.8000000e+00   1.9464943e+02   3.5208979e+01
   9.9000000e+00   4.6964943e+02   7.9208979e+01
   1.0000000e+01   2.2364943e+02   7.9048979e+01
   1.0100000e+01   2.6164943e+02   3.6528979e+01
   1.0200000e+01   2.0164943e+02   5.7928979e+01
   1.0300000e+01   2.9564943e+02   5.3168979e+01
   1.0400000e+01   4.3364943e+02   3.2648979e+01
   1.0500000e+01   1.9264943e+02   2.8288979e+01
   1.0600000e+01   2.3764943e+02   1.0648898e+02
   1.0700000e+01   1.8464943e+02   4.2608979e+01
   1.0800000e+01   3.5864943e+02  -1.4351021e+01
   1.0900000e+01   2.4264943e+02   5.7288979e+01
   1.1000000e+01   3.6864943e+02   1.4324898e+02
   1.1100000e+01   2.6364943e+02   3.5448979e+01
   1.1200000e+01   1.9364943e+02   7.1248979e+01
   1.1300000e+01   1.7164943e+02   2.4128979e+01
   1.1400000e+01   1.9064943e+02   3.3368979e+01
   1.1500000e+01   4.1164943e+02   7.4528979e+01
   1.1600000e+01   2.8164943e+02   6.3728979e+01
   1.1700000e+01   3.0664943e+02   1.2572898e+02
   1.1800000e+01   1.6464943e+02   4.4089786e+00
   1.1900000e+01   3.4164943e+02   1.7328979e+01
   1.2000000e+01   3.3264943e+02   5.3688979e+01
   1.2100000e+01   1.7264943e+02   8.6088979e+01
   1.2200000e+01   3.1864943e+02   6.4248979e+01
   1.2300000e+01   2.7164943e+02   9.8128979e+01
   1.2400000e+01   1.0164943e+02   2.4928979e+01
   1.2500000e+01   1.8564943e+02   1.2456898e+02
   1.2600000e+01   7.9649433e+01   3.7808979e+01
   1.2700000e+01   1.4664943e+02   5.4128979e+01
   1.2800000e+01   3.4764943e+02   1.3088979e+01
   1.2900000e+01   3.2764943e+02   7.0888979e+01
   1.3000000e+01   3.2164943e+02   2.1128979e+01
   1.3100000e+01   2.9964943e+02  -2.9910214e+00
   1.3200000e+01   2.5264943e+02   2.9888979e+01
   1.3300000e+01   3.6464943e+02   1.8140898e+02
   1.3400000e+01   4.5864943e+02   1.6648979e+01
   1.3500000e+01   2.0864943e+02   1.6364898e+02
   1.3600000e+01   3.1964943e+02   4.0208979e+01
   1.3700000e+01   2.9764943e+02   9.0088979e+01
   1.3800000e+01   2.7064943e+02   1.2316898e+02
   1.3900000e+01   2.7064943e+02   5.1168979e+01
   1.4000000e+01   1.7864943e+02   3.3848979e+01
   1.4100000e+01   2.9864943e+02   7.0489786e+00
   1.4200000e+01   7.1649433e+01   3.2128979e+01
   1.4300000e+01   1.2564943e+02   1.4968979e+01
   1.4400000e+01   1.6164943e+02   9.5528979e+01
   1.4500000e+01   2.8964943e+02   5.5408979e+01
   1.4600000e+01   2.8164943e+02   2.7728979e+01
   1.4700000e+01   1.7164943e+02   9.7128979e+01
   1.4800000e+01   2.0164943e+02   1.1192898e+02
   1.4900000e+01   1.9464943e+02   1.6208979e+01
   1.5000000e+01   2.1664943e+02   9.2328979e+01
   1.5100000e+01   3.3764943e+02   2.8488979e+01
   1.5200000e+01   1.0564943e+02   3.0768979e+01
   1.5300000e+01   3.3064943e+02   5.7689786e+00
   1.5400000e+01   2.4364943e+02   2.5248979e+01
   1.5500000e+01   2.2364943e+02   5.0048979e+01
   1.5600000e+01   3.4664943e+02  -1.0871021e+01
   1.5700000e+01   3.1964943e+02   2.1208979e+01
   1.5800000e+01   2.9264943e+02   9.2288979e+01
   1.5900000e+01   2.3364943e+02   4.0648979e+01
   1.6000000e+01   2.7364943e+02   3.0489786e+00
   1.6100000e+01   2.2564943e+02   9.4968979e+01
   1.6200000e+01   1.9664943e+02   7.8128979e+01
   1.6300000e+01   2.1564943e+02   9.8368979e+01
   1.6400000e+01   2.5864943e+02   3.9648979e+01
   1.6500000e+01   2.1064943e+02   2.9568979e+01
   1.6600000e+01   4.4464943e+02  -8.7910214e+00
   1.6700000e+01   6.8649433e+01   1.3724898e+02
   1.6800000e+01   2.6964943e+02   1.9320898e+02
   1.6900000e+01   3.2464943e+02  -3.8991021e+01
   1.7000000e+01   1.5764943e+02   1.3868898e+02
   1.7100000e+01   9.9649433e+01   2.3700898e+02
   1.7200000e+01   1.2664943e+02   1.2992898e+02
   1.7300000e+01   2.2649433e+01   9.7088979e+01
   1.7400000e+01   9.7649433e+01   6.1088979e+01
   1.7500000e+01   2.5664943e+02   8.2728979e+01
   1.7600000e+01   5.4064943e+02   5.7368979e+01
   1.7700000e+01   1.8964943e+02   9.8408979e+01
   1.7800000e+01   4.0364943e+02   5.7848979e+01
   1.7900000e+01   3.0064943e+02   3.5968979e+01
   1.8000000e+01   2.6564943e+02   5.8368979e+01
   1.8100000e+01   3.4064943e+02   3.7368979e+01
   1.8200000e+01   3.0364943e+02   1.1584898e+02
   1.8300000e+01   3.3764943e+02   8.3488979e+01
   1.8400000e+01   2.2864943e+02   6.3848979e+01
   1.8500000e+01   1.7864943e+02   4.9848979e+01
   1.8600000e+01   3.3264943e+02   9.1688979e+01
   1.8700000e+01   1.9564943e+02   8.6168979e+01
   1.8800000e+01   2.3564943e+02   4.1568979e+01
   1.8900000e+01   2.7364943e+02   1.1404898e+02
   1.9000000e+01   2.3764943e+02   8.2488979e+01
   1.9100000e+01   3.6564943e+02   3.3368979e+01
   1.9200000e+01   2.2564943e+02   2.8968979e+01
   1.9300000e+01   2.9164943e+02   1.1732898e+02
   1.9400000e+01   1.4764943e+02   4.6088979e+01
   1.9500000e+01   1.2764943e+02   5.8888979e+01
   1.9600000e+01   2.9264943e+02   1.2889786e+00
   1.9700000e+01   2.5364943e+02   6.0848979e+01
   1.9800000e+01   1.5164943e+02   8.0928979e+01
   1.9900000e+01   2.4564943e+02   4.2168979e+01
   2.0000000e+01   4.6164943e+02   1.0052898e+02
   2.0100000e+01   1.8164943e+02   5.1728979e+01
   2.0200000e+01   2.8264943e+02   1.2268898e+02
   2.0300000e+01   3.9164943e+02   7.9328979e+01
   2.0400000e+01   9.6649433e+01   4.7128979e+01
   2.0500000e+01   4.1164943e+02   6.5289786e+00
   2.0600000e+01   2.4564943e+02   4.4168979e+01
   2.0700000e+01   2.2164943e+02   6.3128979e+01
   2.0800000e+01   2.6764943e+02  -4.7110214e+00
   2.0900000e+01   2.6864943e+02   5.6248979e+01
   2.1000000e+01   3.3364943e+02   3.9648979e+01
   2.1100000e+01   2.8764943e+02   1.1748898e+02
   2.1200000e+01   1.4264943e+02  -1.7110214e+00
   2.1300000e+01   2.2864943e+02   4.1848979e+01
   2.1400000e+01   1.8264943e+02   5.5688979e+01
   2.1500000e+01   2.6864943e+02   5.3248979e+01
   2.1600000e+01   1.4564943e+02   4.3168979e+01
   2.1700000e+01   3.4164943e+02   3.4328979e+01
   2.1800000e+01   2.0664943e+02   1.2372898e+02
   2.1900000e+01   2.0364943e+02   6.9848979e+01
   2.2000000e+01   1.9464943e+02   9.4208979e+01
   2.2100000e+01   2.0164943e+02   6.2928979e+01
   2.2200000e+01   1.1464943e+02   9.3408979e+01
   2.2300000e+01   1.7364943e+02   1.2804898e+02
   2.2400000e+01   2.8864943e+02   4.3448979e+01
   2.2500000e+01   1.9564943e+02   4.2168979e+01
   2.2600000e+01   1.9864943e+02   7.3048979e+01
   2.2700000e+01   2.5164943e+02   9.1928979e+01
   2.2800000e+01   2.3764943e+02  -1.1511021e+01
   2.2900000e+01   3.2664943e+02   1.0292898e+02
   2.3000000e+01   2.1464943e+02   3.9408979e+01
   2.3100000e+01   2.4764943e+02   5.0889786e+00
   2.3200000e+01   2.8864943e+02   3.5448979e+01
   2.3300000e+01   1.4164943e+02   1.8328979e+01
   2.3400000e+01   4.1964943e+02   8.0208979e+01
   2.3500000e+01   1.5064943e+02   4.5968979e+01
   2.3600000e+01   2.6164943e+02   1.2528979e+01
   2.3700000e+01   2.3664943e+02   1.0652898e+02
   2.3800000e+01   1.5264943e+02   2.0888979e+01
   2.3900000e+01   1.6964943e+02   5.2208979e+01
   2.4000000e+01   2.3664943e+02   3.3528979e+01
   2.4100000e+01   2.4364943e+02   5.5248979e+01
   2.4200000e+01   2.6064943e+02   2.6568979e+01
   2.4300000e+01   2.1664943e+02   5.7328979e+01
   2.4400000e+01   2.2264943e+02   4.0088979e+01
   2.4500000e+01   3.6164943e+02   1.0252898e+02
   2.4600000e+01   3.3564943e+02   4.8568979e+01
   2.4700000e+01   3.3864943e+02   1.0544898e+02
   2.4800000e+01   2.3264943e+02   4.0688979e+01
   2.4900000e+01   2.0264943e+02   1.7888979e+01
   2.5000000e+01   2.1164943e+02   1.8528979e+01
   2.5100000e+01   3.0464943e+02   6.3808979e+01
   2.5200000e+01   2.7164943e+02   2.5128979e+01
   2.5300000e+01   2.6464943e+02  -3.2591021e+01
   2.5400000e+01   1.5864943e+02   8.0648979e+01
   2.5500000e+01   1.4364943e+02   1.4724898e+02
   2.5600000e+01   6.7649433e+01  -6.7110214e+00
   2.5700000e+01   1.9064943e+02   5.3368979e+01
   2.5800000e+01   2.9164943e+02   3.1328979e+01
   2.5900000e+01   2.0464943e+02   1.1280898e+02
   2.6000000e+01   1.2564943e+02   5.8968979e+01
   2.6100000e+01   2.7264943e+02   3.6088979e+01
   2.6200000e+01   2.1864943e+02   2.4897856e-01
   2.6300000e+01   2.5564943e+02   9.1768979e+01
   2.6400000e+01   2.8064943e+02   8.7768979e+01
   2.6500000e+01   3.3264943e+02   8.3688979e+01
   2.6600000e+01   1.6864943e+02   4.2489786e+00
   2.6700000e+01   1.7964943e+02   6.2808979e+01
   2.6800000e+01   3.2064943e+02  -6.8310214e+00
   2.6900000e+01   4.3364943e+02   8.6489786e+00
   2.7000000e+01   3.9864943e+02   3.0048979e+01
   2.7100000e+01   3.9364943e+02   3.5248979e+01
   2.7200000e+01   2.6464943e+02  -9.5910214e+00
   2.7300000e+01   3.3764943e+02   8.8488979e+01
   2.7400000e+01   2.5264943e+02   8.9888979e+01
   2.7500000e+01   2.2464943e+02   4.8008979e+01
   2.7600000e+01   2.4764943e+02  -3.1911021e+01
   2.7700000e+01   2.6564943e+02   1.0368979e+01
   2.7800000e+01   2.6864943e+02   6.2248979e+01
   2.7900000e+01   2.6464943e+02   5.8408979e+01
   2.8000000e+01   2.6564943e+02  -5.1631021e+01
   2.8100000e+01   1.6664943e+02   6.6328979e+01
   2.8200000e+01   1.7964943e+02   1.6080898e+02
   2.8300000e+01   1.6064943e+02  -2.3431021e+01
   2.8400000e+01   1.5064943e+02   5.6968979e+01
   2.8500000e+01   4.1964943e+02   2.3208979e+01
   2.8600000e+01   3.8649433e+01   9.9448979e+01
   2.8700000e+01   3.7464943e+02   2.4008979e+01
   2.8800000e+01   1.3864943e+02   4.0448979e+01
   2.8900000e+01   1.7364943e+02   4.0489786e+00
   2.9000000e+01   2.6664943e+02   1.0632898e+02
   2.9100000e+01   1.0964943e+02   2.5608979e+01
   2.9200000e+01   2.5164943e+02   4.5928979e+01
   2.9300000e+01   2.3164943e+02   8.7289786e+00
   2.9400000e+01   2.3364943e+02   5.7648979e+01
   2.9500000e+01   2.6664943e+02   8.8328979e+01
   2.9600000e+01   2.1364943e+02   1.1448979e+01
   2.9700000e+01   2.1064943e+02   4.9568979e+01
   2.9800000e+01   9.2649433e+01   2.2288979e+01
   2.9900000e+01   3.2964943e+02   1.4808979e+01
   3.0000000e+01   3.1464943e+02   1.1840898e+02
   3.0100000e+01   1.9864943e+02   1.7048979e+01
   3.0200000e+01   2.2364943e+02   1.2104898e+02
   3.0300000e+01   3.2064943e+02   8.7168979e+01
   3.0400000e+01   2.6264943e+02   3.8488979e+01
   3.0500000e+01   2.4764943e+02   4.7088979e+01
   3.0600000e+01   2.2564943e+02  -1.3031021e+01
   3.0700000e+01   1.3664943e+02   1.7528979e+01
   3.0800000e+01   3.1964943e+02   7.8208979e+01
   3.0900000e+01   1.0264943e+02   7.1888979e+01
   3.1000000e+01   2.4064943e+02   5.8368979e+01
   3.1100000e+01   2.4264943e+02   2.3288979e+01
   3.1200000e+01   2.3364943e+02   6.3648979e+01
   3.1300000e+01   2.3864943e+02   4.4897856e-01
   3.1400000e+01   1.8664943e+02   2.6528979e+01
   3.1500000e+01   1.8664943e+02   3.2528979e+01
   3.1600000e+01   1.9964943e+02  -9.9910214e+00
   3.1700000e+01   2.1764943e+02   1.3288979e+01
   3.1800000e+01   1.6664943e+02   3.8328979e+01
   3.1900000e+01   2.8864943e+02   1.0844898e+02
   3.2000000e+01   2.2764943e+02   1.3888979e+01
   3.2100000e+01   1.3564943e+02   4.0568979e+01
   3.2200000e+01   3.6164943e+02  -2.7471021e+01
   3.2300000e+01   3.1164943e+02   1.7528979e+01
   3.2400000e+01   3.4164943e+02   8.7328979e+01
   3.2500000e+01   3.1964943e+02   6.3208979e+01
   3.2600000e+01   2.5064943e+02   5.5968979e+01
   3.2700000e+01   2.0764943e+02   7.2688979e+01
   3.2800000e+01   1.0664943e+02   2.4728979e+01
   3.2900000e+01   3.5364943e+02   2.1848979e+01
   3.3000000e+01   2.7864943e+02   3.4848979e+01
   3.3100000e+01   2.8164943e+02   5.7289786e+00
   3.3200000e+01   1.6964943e+02   4.8208979e+01
   3.3300000e+01   2.2764943e+02   2.4888979e+01
   3.3400000e+01   2.3364943e+02   4.2648979e+01
   3.3500000e+01   2.0464943e+02   2.4808979e+01
   3.3600000e+01   2.9364943e+02   3.0248979e+01
   3.3700000e+01   1.7364943e+02   3.5048979e+01
   3.3800000e+01   2.5164943e+02   5.9928979e+01
   3.3900000e+01   1.5064943e+02   1.3796898e+02
   3.4000000e+01   1.4264943e+02   4.3288979e+01
   3.4100000e+01   2.5864943e+02   4.2648979e+01
   3.4200000e+01   2.6264943e+02  -1.9511021e+01
   3.4300000e+01   1.7364943e+02   6.9048979e+01
   3.4400000e+01   2.6864943e+02   1.8248979e+01
   3.4500000e+01   8.1649433e+01   6.7728979e+01
   3.4600000e+01   3.2364943e+02   4.9048979e+01
   3.4700000e+01   1.8164943e+02   1.0472898e+02
   3.4800000e+01   1.4764943e+02   7.0889786e+00
   3.4900000e+01   2.4064943e+02   2.0368979e+01
   3.5000000e+01   2.0464943e+02   2.9808979e+01
   3.5100000e+01   2.3564943e+02   3.9568979e+01
   3.5200000e+01   1.6264943e+02   1.6488979e+01
   3.5300000e+01   2.9064943e+02   7.4368979e+01
   3.5400000e+01   7.2649433e+01   3.8088979e+01
   3.5500000e+01   3.2164943e+02   7.7128979e+01
   3.5600000e+01   1.8164943e+02   1.8728979e+01
   3.5700000e+01   2.4564943e+02   9.1689786e+00
   3.5800000e+01   2.0664943e+02  -2.2710214e+00
   3.5900000e+01   1.7164943e+02   5.0128979e+01
   3.6000000e+01   1.5164943e+02   6.6928979e+01
   3.6100000e+01   2.2164943e+02  -2.8710214e+00
   3.6200000e+01   2.0364943e+02   2.8489786e+00
   3.6300000e+01   2.8164943e+02   4.7728979e+01
   3.6400000e+01   1.6764943e+02  -9.7110214e+00
   3.6500000e+01   2.1864943e+02   6.3248979e+01
   3.6600000e+01   1.9264943e+02   6.5288979e+01
   3.6700000e+01   2.0464943e+02   6.7808979e+01
   3.6800000e+01   1.5064943e+02  -3.4031021e+01
   3.6900000e+01   3.4864943e+02  -2.3951021e+01
   3.7000000e+01   1.9264943e+02   5.2288979e+01
   3.7100000e+01   2.2664943e+02   1.1928979e+01
   3.7200000e+01   2.6864943e+02   4.3248979e+01
   3.7300000e+01   2.7564943e+02   4.9689786e+00
   3.7400000e+01   1.2364943e+02   1.4048979e+01
   3.7500000e+01   3.2964943e+02   3.6808979e+01
   3.7600000e+01   2.0364943e+02   1.3384898e+02
   3.7700000e+01   1.8864943e+02   9.4489786e+00
   3.7800000e+01   2.3964943e+02   4.6408979e+01
   3.7900000e+01   3.4864943e+02   3.9048979e+01
   3.8000000e+01   1.9064943e+02   8.9368979e+01
   3.8100000e+01   2.2764943e+02  -1.3111021e+01
   3.8200000e+01   2.6164943e+02   4.1528979e+01
   3.8300000e+01   2.2264943e+02   2.6088979e+01
   3.8400000e+01   1.1364943e+02   6.2448979e+01
   3.8500000e+01   1.7464943e+02   7.7008979e+01
   3.8600000e+01   2.4664943e+02   7.4128979e+01
   3.8700000e+01   2.9764943e+02  -2.9911021e+01
   3.8800000e+01   2.5364943e+02  -2.6151021e+01
   3.8900000e+01   2.3064943e+02   7.7768979e+01
   3.9000000e+01   4.0664943e+02   4.3728979e+01
   3.9100000e+01   2.5864943e+02   1.0648979e+01
   3.9200000e+01   5.6494325e+00   6.6768979e+01
   3.9300000e+01   2.8964943e+02   2.1408979e+01
   3.9400000e+01   1.5664943e+02   2.1728979e+01
   3.9500000e+01   3.1764943e+02   1.0288979e+01
   3.9600000e+01   3.8064943e+02  -8.2310214e+00
   3.9700000e+01   1.9764943e+02   4.9088979e+01
   3.9800000e+01   1.9064943e+02   5.0368979e+01
   3.9900000e+01   1.4864943e+02   3.2048979e+01
   4.0000000e+01   1.9864943e+02   3.5048979e+01
   4.0100000e+01   1.3664943e+02  -2.4710214e+00
   4.0200000e+01   1.2064943e+02   6.4168979e+01
   4.0300000e+01   1.7564943e+02   1.0896898e+02
   4.0400000e+01   3.1564943e+02  -1.4631021e+01
   4.0500000e+01   1.6864943e+02   1.0324898e+02
   4.0600000e+01   2.0564943e+02  -1.0231021e+01
   4.0700000e+01   1.6864943e+02   5.6248979e+01
   4.0800000e+01   2.5464943e+02   5.7808979e+01
   4.0900000e+01   1.6464943e+02   8.8408979e+01
   4.1000000e+01   1.1964943e+02   4.7208979e+01
   4.1100000e+01   2.7564943e+02  -1.3031021e+01
   4.1200000e+01   1.3364943e+02   4.0648979e+01
   4.1300000e+01   2.3364943e+02   1.6664898e+02
   4.1400000e+01   2.2964943e+02   1.1080898e+02
   4.1500000e+01   3.4764943e+02   1.3108898e+02
   4.1600000e+01   3.8564943e+02   4.2568979e+01
   4.1700000e+01   1.8864943e+02  -1.5510214e+00
   4.1800000e+01   8.5649433e+01  -1.7431021e+01
   4.1900000e+01   1.9864943e+02   3.7048979e+01
   4.2000000e+01   2.4264943e+02  -3.7110214e+00
   4.2100000e+01   2.0664943e+02   4.5728979e+01
   4.2200000e+01   2.3964943e+02   7.1408979e+01
   4.2300000e+01   3.1764943e+02  -1.2711021e+01
   4.2400000e+01   1.3764943e+02   1.0488979e+01
   4.2500000e+01   1.7764943e+02   2.8888979e+01
   4.2600000e+01   9.5649433e+01   1.2168979e+01
   4.2700000e+01   2.6564943e+02   2.6368979e+01
   4.2800000e+01   2.1264943e+02   8.9488979e+01
   4.2900000e+01   1.8364943e+02   3.4648979e+01
   4.3000000e+01   1.7364943e+02   1.4048979e+01
   4.3100000e+01   2.7264943e+02   5.4088979e+01
   4.3200000e+01   1.7264943e+02   5.8088979e+01
   4.3300000e+01   1.9764943e+02   8.8978562e-02
   4.3400000e+01   2.8464943e+02   3.1608979e+01
   4.3500000e+01   1.4364943e+02   5.8248979e+01
   4.3600000e+01   1.6064943e+02   2.3568979e+01
   4.3700000e+01   2.3864943e+02   1.3344898e+02
   4.3800000e+01   3.4764943e+02  -2.5911021e+01
   4.3900000e+01   2.9564943e+02   9.2168979e+01
   4.4000000e+01   3.9364943e+02   4.3248979e+01
   4.4100000e+01   3.9564943e+02   1.2616898e+02
   4.4200000e+01   3.5664943e+02   4.5728979e+01
   4.4300000e+01   3.1464943e+02   3.5408979e+01
   4.4400000e+01   3.2764943e+02   5.8888979e+01
   4.4500000e+01   1.7764943e+02   4.5888979e+01
   4.4600000e+01   2.8164943e+02   1.1172898e+02
   4.4700000e+01   2.8764943e+02   4.0488979e+01
   4.4800000e+01   1.7964943e+02   5.7808979e+01
   4.4900000e+01   4.0664943e+02   1.7728979e+01
   4.5000000e+01   2.0764943e+02   9.0688979e+01
   4.5100000e+01   2.5864943e+02   1.0764898e+02
   4.5200000e+01   2.2864943e+02   8.3848979e+01
   4.5300000e+01   1.5364943e+02   6.3848979e+01
   4.5400000e+01   2.0164943e+02   8.7928979e+01
   4.5500000e+01   1.8264943e+02   5.5688979e+01
   4.5600000e+01   2.9564943e+02  -2.2831021e+01
   4.5700000e+01   2.4264943e+02   3.8288979e+01
   4.5800000e+01   2.1964943e+02   4.4208979e+01
   4.5900000e+01   2.1564943e+02   2.4936898e+02
   4.6000000e+01   2.1764943e+02  -1.5711021e+01
   4.6100000e+01   2.3464943e+02   1.0360898e+02
   4.6200000e+01   3.1564943e+02   3.1368979e+01
   4.6300000e+01   2.9364943e+02   3.5248979e+01
   4.6400000e+01   3.4264943e+02   1.0288979e+01
   4.6500000e+01   2.9864943e+02  -3.2951021e+01
   4.6600000e+01   1.9364943e+02  -3.6751021e+01
   4.6700000e+01   4.2364943e+02  -3.1951021e+01
   4.6800000e+01   2.1664943e+02  -6.6710214e+00
   4.6900000e+01   3.3264943e+02  -5.3110214e+00
   4.7000000e+01   2.8064943e+02  -4.2310214e+00
   4.7100000e+01   3.4464943e+02  -7.1791021e+01
   4.7200000e+01   4.0864943e+02  -4.3351021e+01
   4.7300000e+01   3.9464943e+02  -2.7791021e+01
   4.7400000e+01   2.9664943e+02  -1.2871021e+01
   4.7500000e+01   1.3164943e+02  -9.2710214e+00
   4.7600000e+01   5.0964943e+02  -5.4391021e+01
   4.7700000e+01   2.4764943e+02  -5.0911021e+01
   4.7800000e+01   2.6364943e+02   1.4489786e+00
   4.7900000e+01   1.9664943e+02   5.1128979e+01
   4.8000000e+01   3.9564943e+02   2.3168979e+01
   4.8100000e+01   5.1264943e+02  -2.5110214e+00
   4.8200000e+01   3.4964943e+02  -2.7991021e+01
   4.8300000e+01   2.7864943e+02   5.8489786e+00
   4.8400000e+01   3.7464943e+02  -9.9910214e+00
   4.8500000e+01   3.9964943e+02  -5.6991021e+01
   4.8600000e+01   3.5364943e+02  -2.1151021e+01
   4.8700000e+01   3.4064943e+02   2.4368979e+01
   4.8800000e+01   2.8764943e+02   2.4889786e+00
   4.8900000e+01   2.3164943e+02  -1.7271021e+01
   4.9000000e+01   1.9864943e+02  -2.4951021e+01
   4.9100000e+01   4.3964943e+02  -1.3591021e+01
   4.9200000e+01   4.5764943e+02  -2.9311021e+01
   4.9300000e+01   1.6764943e+02  -3.9711021e+01
   4.9400000e+01   4.5864943e+02   1.5648979e+01
   4.9500000e+01   2.2764943e+02   1.8889786e+00
   4.9600000e+01   4.0764943e+02  -1.5311021e+01
   4.9700000e+01   2.8664943e+02  -3.4471021e+01
   4.9800000e+01   3.0764943e+02   2.2688979e+01
   4.9900000e+01   5.2764943e+02   6.8889786e+00
   5.0000000e+01   2.0164943e+02  -1.8071021e+01
   5.0100000e+01   2.4464943e+02   4.9208979e+01
   5.0200000e+01   3.6464943e+02  -3.5591021e+01
   5.0300000e+01   2.7764943e+02  -2.8111021e+01
   5.0400000e+01   2.2064943e+02  -1.8310214e+00
   5.0500000e+01   1.8864943e+02  -3.5510214e+00
   5.0600000e+01   1.5664943e+02  -2.4271021e+01
   5.0700000e+01   1.2864943e+02  -1.5102144e-01
   5.0800000e+01   1.8164943e+02  -7.2710214e+00
   5.0900000e+01   1.8864943e+02  -4.0551021e+01
   5.1000000e+01   1.1964943e+02   3.3208979e+01
   5.1100000e+01   2.7464943e+02  -4.8991021e+01
   5.1200000e+01   2.8964943e+02  -1.3591021e+01
   5.1300000e+01   2.6864943e+02   2.9248979e+01
   5.1400000e+01   2.6764943e+02   5.5288979e+01
   5.1500000e+01   3.0264943e+02   1.9888979e+01
   5.1600000e+01   4.6564943e+02  -2.6310214e+00
   5.1700000e+01   4.3964943e+02   3.3408979e+01
   5.1800000e+01   3.7564943e+02  -3.5031021e+01
   5.1900000e+01   3.7864943e+02  -1.1151021e+01
   5.2000000e+01   3.5864943e+02   4.6489786e+00
   5.2100000e+01   3.2164943e+02   2.2128979e+01
   5.2200000e+01   3.3664943e+02   3.7528979e+01
   5.2300000e+01   3.7164943e+02  -2.0871021e+01
   5.2400000e+01   3.8664943e+02  -4.4471021e+01
   5.2500000e+01   4.0964943e+02  -4.2391021e+01
   5.2600000e+01   1.3064943e+02  -2.1231021e+01
   5.2700000e+01   2.3964943e+02   1.7408979e+01
   5.2800000e+01   3.5064943e+02   2.3968979e+01
   5.2900000e+01   2.4764943e+02  -1.6911021e+01
   5.3000000e+01   2.7064943e+02  -3.2831021e+01
   5.3100000e+01   1.6264943e+02  -5.5511021e+01
   5.3200000e+01   3.0064943e+02  -4.3031021e+01
   5.3300000e+01   3.2964943e+02   3.3808979e+01
   5.3400000e+01   3.0064943e+02   8.9689786e+00
   5.3500000e+01   2.5564943e+02  -9.2310214e+00
   5.3600000e+01   2.0564943e+02  -4.1231021e+01
   5.3700000e+01   3.6964943e+02  -7.7910214e+00
   5.3800000e+01   2.7064943e+02  -6.8310214e+00
   5.3900000e+01   1.8664943e+02   5.5289786e+00
   5.4000000e+01   2.9464943e+02  -2.2791021e+01
   5.4100000e+01   3.0564943e+02  -8.2310214e+00
   5.4200000e+01   3.8664943e+02  -7.4710214e+00
   5.4300000e+01   2.6564943e+02  -3.3631021e+01
   5.4400000e+01   4.1464943e+02  -9.5910214e+00
   5.4500000e+01   3.1264943e+02   5.4889786e+00
   5.4600000e+01   2.5664943e+02  -2.1271021e+01
   5.4700000e+01   2.5464943e+02   5.1808979e+01
   5.4800000e+01   3.6664943e+02   1.1328979e+01
   5.4900000e+01   1.7064943e+02  -1.1831021e+01
   5.5000000e+01   3.2064943e+02   4.9168979e+01
   5.5100000e+01   2.3764943e+02  -6.3511021e+01
   5.5200000e+01   2.6164943e+02  -9.4710214e+00
   5.5300000e+01   3.2764943e+02   2.9888979e+01
   5.5400000e+01   2.0564943e+02   1.9768979e+01
   5.5500000e+01   2.7464943e+02   3.0089786e+00
   5.5600000e+01   4.1264943e+02   3.3488979e+01
   5.5700000e+01   2.1264943e+02   3.2488979e+01
   5.5800000e+01   2.7364943e+02  -8.9510214e+00
   5.5900000e+01   7.8649433e+01   3.8848979e+01
   5.6000000e+01   2.4264943e+02   2.4288979e+01
   5.6100000e+01   1.5064943e+02   6.0968979e+01
   5.6200000e+01   3.2064943e+02  -1.6831021e+01
   5.6300000e+01   2.9164943e+02  -3.4671021e+01
   5.6400000e+01   3.5164943e+02   1.0928979e+01
   5.6500000e+01   1.2364943e+02  -1.5951021e+01
   5.6600000e+01   9.7649433e+01   1.3088979e+01
   5.6700000e+01   2.7464943e+02  -1.3991021e+01
   5.6800000e+01   1.7464943e+02   5.2008979e+01
   5.6900000e+01   1.7764943e+02  -2.7111021e+01
   5.7000000e+01   2.5164943e+02   5.6928979e+01
   5.7100000e+01   3.3664943e+02  -2.3471021e+01
   5.7200000e+01   2.6564943e+02  -3.2631021e+01
   5.7300000e+01   3.8364943e+02   5.6489786e+00
   5.7400000e+01   2.7164943e+02  -1.0871021e+01
   5.7500000e+01   2.0564943e+02   6.4768979e+01
   5.7600000e+01   1.7564943e+02  -3.0310214e+00
   5.7700000e+01   5.9649433e+01   2.0608979e+01
   5.7800000e+01   3.7964943e+02  -2.0191021e+01
   5.7900000e+01   2.4964943e+02  -2.8991021e+01
   5.8000000e+01   2.8664943e+02  -6.6471021e+01
   5.8100000e+01   1.8864943e+02   3.8448979e+01
   5.8200000e+01   2.4564943e+02  -4.1831021e+01
   5.8300000e+01   3.3164943e+02  -2.1271021e+01
   5.8400000e+01   3.7364943e+02  -3.7951021e+01
   5.8500000e+01   2.9464943e+02  -4.0791021e+01
   5.8600000e+01   2.9964943e+02  -2.8991021e+01
   5.8700000e+01   2.5664943e+02  -1.3271021e+01
   5.8800000e+01   2.8964943e+02  -5.9102144e-01
   5.8900000e+01   2.4664943e+02  -7.4871021e+01
   5.9000000e+01   2.8264943e+02   6.6889786e+00
   5.9100000e+01   4.0064943e+02   2.1968979e+01
   5.9200000e+01   3.7464943e+02   1.0089786e+00
   5.9300000e+01   2.5464943e+02  -3.7191021e+01
   5.9400000e+01   8.4649433e+01   5.0608979e+01
   5.9500000e+01   3.0064943e+02  -3.5031021e+01
   5.9600000e+01   3.4464943e+02   3.4208979e+01
   5.9700000e+01   3.4364943e+02   8.2489786e+00
   5.9800000e+01   3.9864943e+02  -5.2951021e+01
   5.9900000e+01   2.5064943e+02  -3.8031021e+01
   6.0000000e+01   2.2064943e+02  -2.1831021e+01
   6.0100000e+01   4.9464943e+02  -4.2791021e+01
   6.0200000e+01   2.9564943e+02  -5.6831021e+01
   6.0300000e+01   3.7164943e+02   1.0128979e+01
   6.0400000e+01   3.2064943e+02  -4.7831021e+01
   6.0500000e+01   2.1764943e+02  -3.3711021e+01
   6.0600000e+01   4.7064943e+02  -2.5831021e+01
   6.0700000e+01   3.7764943e+02   9.8889786e+00
   6.0800000e+01   2.8464943e+02   5.6089786e+00
   6.0900000e+01   3.7564943e+02  -3.8031021e+01
   6.1000000e+01   2.3864943e+02  -3.5551021e+01
   6.1100000e+01   2.8664943e+02   9.5289786e+00
   6.1200000e+01   2.8164943e+02   4.2728979e+01
   6.1300000e+01   2.4864943e+02   3.0048979e+01
   6.1400000e+01   3.0364943e+02  -2.3151021e+01
   6.1500000e+01   3.0364943e+02  -1.4151021e+01
   6.1600000e+01   3.7464943e+02  -4.7991021e+01
   6.1700000e+01   2.4964943e+02  -3.2991021e+01
   6.1800000e+01   1.9064943e+02   1.8368979e+01
   6.1900000e+01   2.0464943e+02  -2.1910214e+00
   6.2000000e+01   3.3164943e+02  -5.2710214e+00
   6.2100000e+01   2.9164943e+02   3.3289786e+00
   6.2200000e+01   3.1364943e+02  -3.5510214e+00
   6.2300000e+01   3.4564943e+02  -7.0831021e+01
   6.2400000e+01   2.5664943e+02   2.7728979e+01
   6.2500000e+01   4.4264943e+02  -3.4711021e+01
   6.2600000e+01   2.8964943e+02  -4.0591021e+01
   6.2700000e+01   2.8864943e+02   4.0448979e+01
   6.2800000e+01   3.1664943e+02   1.5328979e+01
   6.2900000e+01   1.8864943e+02  -5.6551021e+01
   6.3000000e+01   4.1664943e+02  -4.0671021e+01
   6.3100000e+01   2.4164943e+02   1.5328979e+01
   6.3200000e+01   2.9164943e+02   5.0328979e+01
   6.3300000e+01   3.1164943e+02   3.3528979e+01
   6.3400000e+01   3.3164943e+02  -1.2271021e+01
   6.3500000e+01   2.5964943e+02  -1.5391021e+01
   6.3600000e+01   2.3664943e+02   7.8528979e+01
   6.3700000e+01   3.8764943e+02   1.4889786e+00
   6.3800000e+01   2.1464943e+02  -9.5910214e+00
   6.3900000e+01   2.1764943e+02  -2.3711021e+01
   6.4000000e+01   2.0464943e+02   9.4808979e+01
   6.4100000e+01   3.1464943e+02  -3.8591021e+01
   6.4200000e+01   2.4464943e+02  -6.7910214e+00
   6.4300000e+01   1.8764943e+02   9.2488979e+01
   6.4400000e+01   1.8164943e+02  -8.2710214e+00
   6.4500000e+01   2.2064943e+02   5.0168979e+01
   6.4600000e+01   3.2164943e+02  -8.7102144e-01
   6.4700000e+01   1.8764943e+02  -9.5110214e+00
   6.4800000e+01   3.6764943e+02  -2.2711021e+01
   6.4900000e+01   1.8564943e+02  -2.0431021e+01
   6.5000000e+01   3.8364943e+02   1.3648979e+01
   6.5100000e+01   2.1264943e+02   4.6488979e+01
   6.5200000e+01   3.2564943e+02   1.2968979e+01
   6.5300000e+01   3.0964943e+02  -2.6391021e+01
   6.5400000e+01   2.0664943e+02   5.7289786e+00
   6.5500000e+01   1.9564943e+02   2.4168979e+01
   6.5600000e+01   3.8764943e+02  -2.8511021e+01
   6.5700000e+01   2.2864943e+02  -2.2151021e+01
   6.5800000e+01   3.3864943e+02  -1.6551021e+01
   6.5900000e+01   2.2564943e+02  -3.0031021e+01
   6.6000000e+01   2.7464943e+02  -1.3991021e+01
   6.6100000e+01   2.7864943e+02  -3.7151021e+01
   6.6200000e+01   2.0164943e+02   1.9928979e+01
   6.6300000e+01   1.5964943e+02  -8.3910214e+00
   6.6400000e+01   1.3064943e+02  -3.1231021e+01
   6.6500000e+01   1.7964943e+02  -2.6191021e+01
   6.6600000e+01   2.3864943e+02   6.6448979e+01
   6.6700000e+01   3.0164943e+02  -2.2071021e+01
   6.6800000e+01   1.5264943e+02   7.2888979e+01
   6.6900000e+01   2.1964943e+02  -2.9791021e+01
   6.7000000e+01   5.3964943e+02  -6.5591021e+01
   6.7100000e+01   2.7864943e+02  -1.4151021e+01
   6.7200000e+01   3.4064943e+02  -7.0631021e+01
   6.7300000e+01   4.2064943e+02  -7.6831021e+01
   6.7400000e+01   2.4164943e+02   1.8328979e+01
   6.7500000e+01   5.3164943e+02  -2.7271021e+01
   6.7600000e+01   2.4364943e+02  -2.2751021e+01
   6.7700000e+01   3.6564943e+02  -6.0631021e+01
   6.7800000e+01   3.7964943e+02  -2.0191021e+01
   6.7900000e+01   2.7464943e+02  -9.9910214e+00
   6.8000000e+01   1.8764943e+02  -5.3511021e+01
   6.8100000e+01   3.2464943e+02  -6.9910214e+00
   6.8200000e+01   2.0964943e+02  -4.2391021e+01
   6.8300000e+01   3.2064943e+02  -2.7831021e+01
   6.8400000e+01   3.2664943e+02  -4.0071021e+01
   6.8500000e+01   1.4764943e+02  -9.9110214e+00
   6.8600000e+01   2.1264943e+02   1.0488979e+01
   6.8700000e+01   3.1364943e+02  -5.4551021e+01
   6.8800000e+01   2.5664943e+02  -5.0271021e+01
   6.8900000e+01   3.6464943e+02  -4.9591021e+01
   6.9000000e+01   3.4264943e+02  -2.9711021e+01
   6.9100000e+01   2.2864943e+02   2.5848979e+01
   6.9200000e+01   3.4064943e+02   4.3689786e+00
   6.9300000e+01   3.5064943e+02  -3.6031021e+01
   6.9400000e+01   4.2764943e+02  -5.2111021e+01
   6.9500000e+01   3.0564943e+02  -5.2310214e+00
   6.9600000e+01   2.9464943e+02  -1.6791021e+01
   6.9700000e+01   1.5564943e+02  -4.0231021e+01
   6.9800000e+01   1.4664943e+02  -2.8710214e+00
   6.9900000e+01   1.9364943e+02   2.6248979e+01
   7.0000000e+01   2.8664943e+02  -2.6471021e+01
   7.0100000e+01   3.3064943e+02   1.9768979e+01
   7.0200000e+01   2.9564943e+02   1.4168979e+01
   7.0300000e+01   1.4564943e+02  -3.1831021e+01
   7.0400000e+01   1.7764943e+02  -2.0111021e+01
   7.0500000e+01   3.7164943e+02   1.2128979e+01
   7.0600000e+01   4.5564943e+02  -5.9231021e+01
   7.0700000e+01   4.9464943e+02  -2.7910214e+00
   7.0800000e+01   1.6064943e+02   9.5689786e+00
   7.0900000e+01   3.8964943e+02  -3.3591021e+01
   7.1000000e+01   2.0664943e+02  -9.2710214e+00
   7.1100000e+01   2.7564943e+02   2.0968979e+01
   7.1200000e+01   3.2164943e+02  -5.7871021e+01
   7.1300000e+01   3.1564943e+02  -1.8631021e+01
   7.1400000e+01   1.2664943e+02   2.1928979e+01
   7.1500000e+01   2.2264943e+02  -7.9110214e+00
   7.1600000e+01   4.1964943e+02   4.2089786e+00
   7.1700000e+01   2.3564943e+02   6.7568979e+01
   7.1800000e+01   2.3964943e+02  -3.2591021e+01
   7.1900000e+01   3.1364943e+02   3.8448979e+01
   7.2000000e+01   2.3764943e+02   3.4889786e+00
   7.2100000e+01   4.7764943e+02   1.9888979e+01
   7.2200000e+01   3.2864943e+02  -1.0151021e+01
   7.2300000e+01   3.2664943e+02  -7.3071021e+01
   7.2400000e+01   1.6964943e+02   1.0208979e+01
   7.2500000e+01   1.5364943e+02   4.9848979e+01
   7.2600000e+01   3.2664943e+02  -7.1021438e-02
   7.2700000e+01   4.2964943e+02  -2.0191021e+01
   7.2800000e+01   1.4664943e+02   4.0128979e+01
   7.2900000e+01   2.9864943e+02   3.6048979e+01
   7.3000000e+01   2.4864943e+02  -2.5951021e+01
   7.3100000e+01   1.6464943e+02   1.2440898e+02
   7.3200000e+01   2.5864943e+02  -2.0351021e+01
   7.3300000e+01   2.4364943e+02   1.7248979e+01
   7.3400000e+01   2.8464943e+02   4.6089786e+00
   7.3500000e+01   3.9864943e+02  -3.7951021e+01
   7.3600000e+01   2.9064943e+02   2.9368979e+01
   7.3700000e+01   1.4464943e+02   1.2089786e+00
   7.3800000e+01   1.4264943e+02  -2.7711021e+01
   7.3900000e+01  -4.7350567e+01  -2.8111021e+01
   7.4000000e+01   4.6649433e+01   1.5128979e+01
   7.4100000e+01  -3.9350567e+01   1.0568979e+01
   7.4200000e+01  -2.3350567e+01  -5.2071021e+01
   7.4300000e+01   2.2649433e+01   8.4088979e+01
   7.4400000e+01   8.3649433e+01  -3.1351021e+01
   7.4500000e+01   8.4649433e+01  -1.4391021e+01
   7.4600000e+01   3.0649433e+01   8.7689786e+00
   7.4700000e+01   1.1649433e+01  -1.4710214e+00
   7.4800000e+01   6.3649433e+01  -1.4551021e+01
   7.4900000e+01   5.3649433e+01  -3.5151021e+01
   7.5000000e+01   4.2649433e+01  -1.6711021e+01
   7.5100000e+01   1.6649433e+01   3.2328979e+01
   7.5200000e+01  -3.0350567e+01  -2.6791021e+01
   7.5300000e+01   1.1649433e+01  -2.4710214e+00
   7.5400000e+01   4.6649433e+01  -3.1871021e+01
   7.5500000e+01  -3.3350567e+01  -3.1671021e+01
   7.5600000e+01   7.2649433e+01   5.0889786e+00
   7.5700000e+01   2.3649433e+01   1.9048979e+01
   7.5800000e+01   1.9649433e+01  -2.9791021e+01
   7.5900000e+01   3.8649433e+01  -3.9551021e+01
   7.6000000e+01   9.6494325e+00  -2.7391021e+01
   7.6100000e+01   6.4943253e-01   1.5968979e+01
   7.6200000e+01  -6.3505675e+00   1.1248979e+01
   7.6300000e+01   2.4649433e+01   4.6008979e+01
   7.6400000e+01  -5.7350567e+01  -1.7110214e+00
   7.6500000e+01  -2.7350567e+01   2.3088979e+01
   7.6600000e+01   9.7649433e+01   5.2088979e+01
   7.6700000e+01  -2.4350567e+01  -6.0310214e+00
   7.6800000e+01   1.1364943e+02  -1.5510214e+00
   7.6900000e+01   9.2649433e+01   5.5288979e+01
   7.7000000e+01   3.1649433e+01  -2.5271021e+01
   7.7100000e+01  -3.0350567e+01   3.5208979e+01
   7.7200000e+01  -4.2350567e+01  -2.1311021e+01
   7.7300000e+01   1.3264943e+02   8.6889786e+00
   7.7400000e+01  -9.3505675e+00   4.3689786e+00
   7.7500000e+01  -6.3505675e+00  -2.9751021e+01
   7.7600000e+01  -1.9350567e+01   1.1768979e+01
   7.7700000e+01  -3.4350567e+01   2.3368979e+01
   7.7800000e+01  -6.4350567e+01   5.6897856e-01
   7.7900000e+01   1.1649433e+01  -1.3471021e+01
   7.8000000e+01   3.7649433e+01   1.9488979e+01
   7.8100000e+01   5.6494325e+00  -2.6231021e+01
   7.8200000e+01   2.2649433e+01  -2.4911021e+01
   7.8300000e+01   6.4943253e-01   9.9689786e+00
   7.8400000e+01  -3.1350567e+01   1.2489786e+00
   7.8500000e+01  -1.5350567e+01   4.2608979e+01
   7.8600000e+01   4.9649433e+01   3.0008979e+01
   7.8700000e+01   6.9649433e+01   2.0897856e-01
   7.8800000e+01   6.4649433e+01  -4.2591021e+01
   7.8900000e+01   4.7649433e+01  -2.4911021e+01
   7.9000000e+01   1.0164943e+02   3.9289786e+00
   7.9100000e+01  -1.8350567e+01   3.0728979e+01
   7.9200000e+01   1.1064943e+02  -3.1431021e+01
   7.9300000e+01  -6.0350567e+01  -2.8591021e+01
   7.9400000e+01   8.1649433e+01  -3.0271021e+01
   7.9500000e+01  -9.3505675e+00  -4.5631021e+01
   7.9600000e+01   5.1649433e+01  -2.0071021e+01
   7.9700000e+01   1.1564943e+02   6.3689786e+00
   7.9800000e+01   2.7649433e+01  -2.5111021e+01
   7.9900000e+01   8.9649433e+01   5.5408979e+01
   8.0000000e+01   2.6494325e+00  -7.1110214e+00
   8.0100000e+01   2.6494325e+00   4.0888979e+01
   8.0200000e+01   5.0649433e+01   2.6968979e+01
   8.0300000e+01  -1.4350567e+01  -1.7431021e+01
   8.0400000e+01   1.6649433e+01   2.4328979e+01
   8.0500000e+01  -6.3505675e+00  -7.5102144e-01
   8.0600000e+01   1.0164943e+02   4.9289786e+00
   8.0700000e+01  -8.3505675e+00  -3.8671021e+01
   8.0800000e+01   2.2649433e+01  -3.3911021e+01
   8.0900000e+01   1.9649433e+01   1.3208979e+01
   8.1000000e+01   8.2649433e+01  -1.3110214e+00
   8.1100000e+01   7.4649433e+01  -5.9910214e+00
   8.1200000e+01  -3.7350567e+01  -4.1511021e+01
   8.1300000e+01   2.0649433e+01  -4.4831021e+01
   8.1400000e+01   8.9649433e+01  -8.5910214e+00
   8.1500000e+01   1.4264943e+02   2.4288979e+01
   8.1600000e+01  -1.5350567e+01   2.3608979e+01
   8.1700000e+01   4.9649433e+01  -2.7991021e+01
   8.1800000e+01   3.3649433e+01   2.8648979e+01
   8.1900000e+01  -8.3505675e+00  -2.0671021e+01
   8.2000000e+01   2.1649433e+01   3.7128979e+01
   8.2100000e+01   1.9649433e+01   6.9208979e+01
   8.2200000e+01   6.6494325e+00  -2.7271021e+01
   8.2300000e+01   2.5649433e+01   3.9689786e+00
   8.2400000e+01  -6.0350567e+01   4.4408979e+01
   8.2500000e+01   3.9649433e+01  -2.2591021e+01
   8.2600000e+01  -1.7350567e+01   7.0688979e+01
   8.2700000e+01  -1.3350567e+01   3.9528979e+01
   8.2800000e+01   8.6494325e+00  -1.5351021e+01
   8.2900000e+01   7.7649433e+01  -8.1110214e+00
   8.3000000e+01   5.3649433e+01   6.6848979e+01
   8.3100000e+01   1.3649433e+01  -2.1551021e+01
   8.3200000e+01  -6.1350567e+01  -3.5510214e+00
   8.3300000e+01   5.0649433e+01  -1.3031021e+01
   8.3400000e+01   3.0649433e+01   5.7768979e+01
   8.3500000e+01   1.0064943e+02  -1.3031021e+01
   8.3600000e+01   3.5649433e+01  -1.7431021e+01
   8.3700000e+01  -2.7350567e+01   2.0088979e+01
   8.3800000e+01   5.0649433e+01   7.9689786e+00
   8.3900000e+01  -2.1350567e+01  -6.1510214e+00
   8.4000000e+01  -3.5350567e+01   1.0408979e+01
   8.4100000e+01  -1.7350567e+01  -3.3311021e+01
   8.4200000e+01   2.6649433e+01   4.9289786e+00
   8.4300000e+01   4.9649433e+01   1.9008979e+01
   8.4400000e+01   1.4864943e+02   8.0489786e+00
   8.4500000e+01   1.0464943e+02  -6.6191021e+01
   8.4600000e+01  -7.7350567e+01   2.8088979e+01
   8.4700000e+01  -5.7350567e+01   3.4288979e+01
   8.4800000e+01  -3.0350567e+01  -7.9102144e-01
   8.4900000e+01  -1.0350567e+01   5.5408979e+01
   8.5000000e+01  -3.1350567e+01  -3.9751021e+01
   8.5100000e+01   2.4649433e+01   2.1008979e+01
   8.5200000e+01  -3.4350567e+01   3.5368979e+01
   8.5300000e+01  -2.1350567e+01  -2.7151021e+01
   8.5400000e+01  -1.1235057e+02   2.6488979e+01
   8.5500000e+01  -3.0350567e+01   2.8208979e+01
   8.5600000e+01  -6.8350567e+01   1.2728979e+01
   8.5700000e+01  -3.3350567e+01  -2.8671021e+01
   8.5800000e+01  -7.5350567e+01   2.6008979e+01
   8.5900000e+01   3.1649433e+01   5.8728979e+01
   8.6000000e+01   3.1649433e+01  -4.8271021e+01
   8.6100000e+01  -2.9350567e+01  -9.8310214e+00
   8.6200000e+01   3.5649433e+01   3.4568979e+01
   8.6300000e+01   5.9649433e+01  -1.7391021e+01
   8.6400000e+01  -3.5350567e+01  -1.5910214e+00
   8.6500000e+01  -1.1835057e+02   1.4728979e+01
   8.6600000e+01   3.6494325e+00   1.7848979e+01
   8.6700000e+01  -9.0350567e+01   9.6089786e+00
   8.6800000e+01  -6.9350567e+01   2.2768979e+01
   8.6900000e+01   8.9649433e+01   2.5408979e+01
   8.7000000e+01   6.9649433e+01   2.5208979e+01
   8.7100000e+01  -4.3350567e+01  -2.3271021e+01
   8.7200000e+01  -5.9350567e+01  -4.9631021e+01
   8.7300000e+01  -1.6350567e+01   7.3648979e+01
   8.7400000e+01   2.2649433e+01   1.0088979e+01
   8.7500000e+01  -2.9350567e+01  -2.4831021e+01
   8.7600000e+01   3.8649433e+01   1.5448979e+01
   8.7700000e+01  -1.0035057e+02   5.0089786e+00
   8.7800000e+01   1.1264943e+02   1.0488979e+01
   8.7900000e+01   4.4649433e+01   5.7208979e+01
   8.8000000e+01  -7.4350567e+01  -2.0310214e+00
   8.8100000e+01  -8.7350567e+01   1.0448898e+02
   8.8200000e+01   7.5649433e+01   4.2968979e+01
   8.8300000e+01  -1.8350567e+01  -2.1271021e+01
   8.8400000e+01  -6.0350567e+01  -4.9591021e+01
   8.8500000e+01   4.3649433e+01   5.2489786e+00
   8.8600000e+01  -5.3350567e+01  -2.7871021e+01
   8.8700000e+01   3.2649433e+01   2.6688979e+01
   8.8800000e+01  -2.6350567e+01  -2.1951021e+01
   8.8900000e+01   9.6494325e+00  -2.6391021e+01
   8.9000000e+01  -9.2350567e+01   2.1688979e+01
   8.9100000e+01   8.6494325e+00  -2.0351021e+01
   8.9200000e+01   5.6494325e+00  -2.8231021e+01
   8.9300000e+01   2.3649433e+01  -4.2951021e+01
   8.9400000e+01   1.9649433e+01   2.3208979e+01
   8.9500000e+01  -4.0350567e+01   1.0608979e+01
   8.9600000e+01  -3.9350567e+01   1.2568979e+01
   8.9700000e+01  -5.2350567e+01   4.0889786e+00
   8.9800000e+01  -4.0350567e+01   1.8608979e+01
   8.9900000e+01  -8.2350567e+01  -7.7110214e+00
   9.0000000e+01  -3.7350567e+01   7.4889786e+00
   9.0100000e+01   5.2649433e+01  -1.5111021e+01
   9.0200000e+01  -2.3505675e+00  -9.9110214e+00
   9.0300000e+01  -5.3505675e+00   4.1208979e+01
   9.0400000e+01   8.6494325e+00  -8.3510214e+00
   9.0500000e+01   1.2649433e+01  -1.7511021e+01
   9.0600000e+01  -2.7350567e+01  -2.6911021e+01
   9.0700000e+01   9.6649433e+01  -2.6871021e+01
   9.0800000e+01  -7.9350567e+01   1.8168979e+01
   9.0900000e+01  -1.1350567e+01   2.9448979e+01
   9.1000000e+01   2.5649433e+01  -2.2031021e+01
   9.1100000e+01   4.3649433e+01  -2.5751021e+01
   9.1200000e+01  -5.3505675e+00   2.0897856e-01
   9.1300000e+01   4.6494325e+00  -4.1191021e+01
   9.1400000e+01  -2.4350567e+01   3.0968979e+01
   9.1500000e+01  -8.0350567e+01  -1.1791021e+01
   9.1600000e+01  -6.8350567e+01   9.7289786e+00
   9.1700000e+01   5.7649433e+01  -3.3311021e+01
   9.1800000e+01  -7.3505675e+00   1.8288979e+01
   9.1900000e+01  -1.0235057e+02   8.0889786e+00
   9.2000000e+01  -1.3350567e+01  -2.9471021e+01
   9.2100000e+01   9.2649433e+01  -3.2711021e+01
   9.2200000e+01  -3.0350567e+01  -5.7791021e+01
   9.2300000e+01  -7.3505675e+00  -2.2711021e+01
   9.2400000e+01   1.2649433e+01   1.0488979e+01
   9.2500000e+01  -6.9350567e+01  -5.9231021e+01
   9.2600000e+01   2.3649433e+01   5.0489786e+00
   9.2700000e+01  -5.6350567e+01  -2.4751021e+01
   9.2800000e+01  -1.7350567e+01  -1.2311021e+01
   9.2900000e+01  -4.7350567e+01   7.8889786e+00
   9.3000000e+01   3.0649433e+01  -1.9231021e+01
   9.3100000e+01  -1.1350567e+01  -5.5102144e-01
   9.3200000e+01   2.6494325e+00   1.3888979e+01
   9.3300000e+01  -7.5350567e+01   1.0089786e+00
   9.3400000e+01  -6.3505675e+00  -2.2751021e+01
   9.3500000e+01   6.7649433e+01  -3.7110214e+00
   9.3600000e+01   7.0649433e+01  -4.8310214e+00
   9.3700000e+01  -1.9350567e+01   1.1768979e+01
   9.3800000e+01   6.3649433e+01  -1.6551021e+01
   9.3900000e+01   1.1649433e+01   1.2152898e+02
   9.4000000e+01   3.9649433e+01  -9.5910214e+00
   9.4100000e+01   2.9649433e+01   1.3808979e+01
   9.4200000e+01  -2.9350567e+01  -3.6831021e+01
   9.4300000e+01  -8.3350567e+01  -3.7671021e+01
   9.4400000e+01   4.0649433e+01  -5.4631021e+01
   9.4500000e+01   8.6649433e+01   4.7528979e+01
   9.4600000e+01   1.1649433e+01   1.2528979e+01
   9.4700000e+01  -2.9350567e+01  -5.8310214e+00
   9.4800000e+01   4.4649433e+01   3.7208979e+01
   9.4900000e+01  -2.9350567e+01  -2.2831021e+01
   9.5000000e+01   4.8649433e+01  -3.2951021e+01
   9.5100000e+01  -1.3505675e+00   1.7048979e+01
   9.5200000e+01   2.7649433e+01  -8.1110214e+00
   9.5300000e+01   2.9649433e+01  -3.1910214e+00
   9.5400000e+01  -2.4350567e+01   9.1968979e+01
   9.5500000e+01   3.6494325e+00   1.3848979e+01
   9.5600000e+01  -1.6350567e+01   5.1648979e+01
   9.5700000e+01  -1.4350567e+01   6.5689786e+00
   9.5800000e+01   5.8649433e+01  -2.8351021e+01
   9.5900000e+01   5.6494325e+00  -4.2310214e+00
   9.6000000e+01   6.3649433e+01  -1.2551021e+01
   9.6100000e+01   5.2649433e+01  -1.6111021e+01
   9.6200000e+01  -1.3350567e+01  -2.6471021e+01
   9.6300000e+01   4.7649433e+01  -3.9911021e+01
   9.6400000e+01   5.0649433e+01   3.9968979e+01
   9.6500000e+01   5.7649433e+01   4.4688979e+01
   9.6600000e+01   1.8649433e+01  -9.7510214e+00
   9.6700000e+01  -4.0350567e+01  -2.9391021e+01
   9.6800000e+01   5.8649433e+01   8.6489786e+00
   9.6900000e+01  -2.5350567e+01   8.0089786e+00
   9.7000000e+01  -2.0350567e+01   1.6808979e+01
   9.7100000e+01  -5.6350567e+01   3.4248979e+01
   9.7200000e+01   4.9649433e+01  -2.9910214e+00
   9.7300000e+01   5.2649433e+01  -2.8111021e+01
   9.7400000e+01   7.4649433e+01  -1.7991021e+01
   9.7500000e+01   2.7649433e+01  -4.3111021e+01
   9.7600000e+01   5.3649433e+01   2.5848979e+01
   9.7700000e+01   3.0649433e+01   1.3768979e+01
   9.7800000e+01  -3.5056747e-01   2.6008979e+01
   9.7900000e+01  -1.9350567e+01  -2.8231021e+01
   9.8000000e+01   7.1649433e+01  -2.2871021e+01
   9.8100000e+01  -5.6350567e+01   4.6248979e+01
   9.8200000e+01   6.9649433e+01   7.2089786e+00
   9.8300000e+01   7.6494325e+00   1.6688979e+01
   9.8400000e+01   3.4649433e+01   2.6089786e+00
   9.8500000e+01   6.3649433e+01  -1.6551021e+01
   9.8600000e+01  -2.8350567e+01  -2.0871021e+01
   9.8700000e+01  -3.3505675e+00   2.4128979e+01
   9.8800000e+01   8.6649433e+01   6.6528979e+01
   9.8900000e+01   4.6649433e+01   2.5128979e+01
   9.9000000e+01  -3.3505675e+00   2.8128979e+01
   9.9100000e+01   1.6649433e+01  -2.8671021e+01
   9.9200000e+01   4.8649433e+01  -1.6951021e+01
   9.9300000e+01   1.3649433e+01  -7.5510214e+00
   9.9400000e+01  -7.3350567e+01   5.3928979e+01
   9.9500000e+01  -3.5056747e-01   7.8008979e+01
   9.9600000e+01  -1.3505675e+00   1.3048979e+01
   9.9700000e+01  -8.5350567e+01   2.3408979e+01
   9.9800000e+01   1.1264943e+02   4.4889786e+00
   9.9900000e+01   3.2649433e+01   1.7688979e+01
   1.0000000e+02   2.3649433e+01  -4.9510214e+00
   1.0010000e+02  -4.8350567e+01   2.9928979e+01
   1.0020000e+02   3.9649433e+01  -3.2591021e+01
   1.0030000e+02   1.3664943e+02  -2.1471021e+01
   1.0040000e+02   2.3649433e+01   7.4048979e+01
   1.0050000e+02   9.5649433e+01  -5.2831021e+01
   1.0060000e+02   3.6649433e+01  -4.2471021e+01
   1.0070000e+02   2.7649433e+01  -1.1111021e+01
   1.0080000e+02  -4.0350567e+01   1.2608979e+01
   1.0090000e+02   8.2649433e+01  -7.3110214e+00
   1.0100000e+02   6.3649433e+01  -1.2551021e+01
   1.0110000e+02   4.6494325e+00  -3.7191021e+01
   1.0120000e+02  -7.3505675e+00   2.6288979e+01
   1.0130000e+02  -1.3350567e+01  -6.4710214e+00
   1.0140000e+02   4.1649433e+01  -2.7671021e+01
   1.0150000e+02  -6.6350567e+01   9.1648979e+01
   1.0160000e+02   2.8649433e+01  -3.5151021e+01
   1.0170000e+02   8.2649433e+01   4.1688979e+01
   1.0180000e+02  -1.4350567e+01  -2.5431021e+01
   1.0190000e+02  -1.9350567e+01  -6.2310214e+00
   1.0200000e+02   7.0649433e+01  -3.1831021e+01
   1.0210000e+02  -5.6350567e+01   5.2489786e+00
   1.0220000e+02   3.5649433e+01  -2.4310214e+00
   1.0230000e+02  -4.3505675e+00  -4.3831021e+01
   1.0240000e+02  -5.8350567e+01   1.0328979e+01
   1.0250000e+02  -4.6350567e+01  -1.7151021e+01
   1.0260000e+02   4.6494325e+00  -3.7191021e+01
   1.0270000e+02  -7.3505675e+00   4.7288979e+01
   1.0280000e+02  -8.3505675e+00   7.8328979e+01
   1.0290000e+02  -3.3350567e+01  -4.7671021e+01
   1.0300000e+02   3.2649433e+01  -2.3110214e+00
   1.0310000e+02  -4.3505675e+00   6.2168979e+01
   1.0320000e+02  -3.4350567e+01  -2.9631021e+01
   1.0330000e+02   1.3364943e+02  -3.5102144e-01
   1.0340000e+02  -6.4350567e+01   1.5568979e+01
   1.0350000e+02  -3.4350567e+01  -8.6310214e+00
   1.0360000e+02  -2.0350567e+01   2.5808979e+01
   1.0370000e+02   2.8649433e+01   2.2848979e+01
   1.0380000e+02  -1.6350567e+01   1.3648979e+01
   1.0390000e+02   8.6649433e+01   1.2528979e+01
   1.0400000e+02   1.0964943e+02   3.6608979e+01
   1.0410000e+02  -2.6350567e+01   8.5048979e+01
   1.0420000e+02   2.5649433e+01   5.6968979e+01
   1.0430000e+02   1.3964943e+02   3.4089786e+00
   1.0440000e+02  -3.1350567e+01  -2.1751021e+01
   1.0450000e+02   6.1649433e+01   5.2897856e-01
   1.0460000e+02  -9.3505675e+00   2.0368979e+01
   1.0470000e+02  -8.8350567e+01   1.9528979e+01
   1.0480000e+02  -1.7350567e+01   6.8897856e-01
   1.0490000e+02  -6.5350567e+01   9.6089786e+00
   1.0500000e+02   3.8649433e+01  -2.0551021e+01
   1.0510000e+02  -2.3505675e+00   2.1088979e+01
   1.0520000e+02  -2.7350567e+01   1.6088979e+01
   1.0530000e+02  -1.6350567e+01  -4.4351021e+01
   1.0540000e+02  -1.8350567e+01   9.7289786e+00
   1.0550000e+02   7.6494325e+00  -5.3110214e+00
   1.0560000e+02  -2.3505675e+00   1.4088979e+01
   1.0570000e+02  -3.0350567e+01  -4.7910214e+00
   1.0580000e+02   1.9649433e+01   2.5208979e+01
   1.0590000e+02  -3.0350567e+01   5.9208979e+01
   1.0600000e+02  -3.0350567e+01  -4.0791021e+01
   1.0610000e+02  -8.3505675e+00  -1.6710214e+00
   1.0620000e+02  -7.4350567e+01  -2.8031021e+01
   1.0630000e+02  -6.3350567e+01  -2.4471021e+01
   1.0640000e+02  -5.6350567e+01   1.2248979e+01
   1.0650000e+02  -8.2350567e+01  -3.7711021e+01
   1.0660000e+02  -5.7350567e+01  -5.7110214e+00
   1.0670000e+02   9.6494325e+00  -9.3910214e+00
   1.0680000e+02   7.8649433e+01   1.8489786e+00
   1.0690000e+02   1.2764943e+02  -1.5111021e+01
   1.0700000e+02  -3.5350567e+01  -5.1591021e+01
   1.0710000e+02  -4.2350567e+01   1.6688979e+01
   1.0720000e+02  -9.3350567e+01  -3.7271021e+01
   1.0730000e+02   5.6494325e+00   3.0768979e+01
   1.0740000e+02   5.1649433e+01   2.5928979e+01
   1.0750000e+02   2.9649433e+01   4.8808979e+01
   1.0760000e+02   2.9649433e+01  -2.6191021e+01
   1.0770000e+02   3.8649433e+01  -3.1551021e+01
   1.0780000e+02   7.1649433e+01  -2.1871021e+01
   1.0790000e+02  -3.4350567e+01   3.2368979e+01
   1.0800000e+02   6.7649433e+01   7.3288979e+01
   1.0810000e+02   5.4649433e+01  -3.8191021e+01
   1.0820000e+02  -3.3505675e+00  -1.2871021e+01
   1.0830000e+02  -7.2350567e+01   1.9888979e+01
   1.0840000e+02  -5.1350567e+01   3.1048979e+01
   1.0850000e+02   6.4649433e+01  -5.5910214e+00
   1.0860000e+02  -1.0335057e+02  -4.7871021e+01
   1.0870000e+02   5.8649433e+01  -4.6351021e+01
   1.0880000e+02   2.2649433e+01  -9.9110214e+00
   1.0890000e+02  -6.6350567e+01   3.3648979e+01
   1.0900000e+02   5.4649433e+01  -3.7191021e+01
   1.0910000e+02  -7.6350567e+01  -3.8951021e+01
   1.0920000e+02   8.6494325e+00   5.0648979e+01
   1.0930000e+02   5.1649433e+01  -6.2071021e+01
   1.0940000e+02  -4.5350567e+01   4.8808979e+01
   1.0950000e+02   4.5649433e+01  -1.7831021e+01
   1.0960000e+02   1.0464943e+02  -3.5191021e+01
   1.0970000e+02   3.5649433e+01  -8.8431021e+01
   1.0980000e+02  -1.3505675e+00  -6.4951021e+01
   1.0990000e+02  -6.7350567e+01   2.1688979e+01
   1.1000000e+02   6.6494325e+00   5.8728979e+01
   1.1010000e+02  -8.4350567e+01  -4.4631021e+01
   1.1020000e+02  -8.6350567e+01   3.0448979e+01
   1.1030000e+02   3.6649433e+01  -4.2471021e+01
   1.1040000e+02   6.1649433e+01  -6.4471021e+01
   1.1050000e+02  -1.4350567e+01  -9.4310214e+00
   1.1060000e+02  -6.0350567e+01   3.9408979e+01
   1.1070000e+02   1.8649433e+01  -4.2751021e+01
   1.1080000e+02   3.6494325e+00  -2.1510214e+00
   1.1090000e+02   1.6494325e+00  -5.3071021e+01
   1.1100000e+02   1.8649433e+01  -1.0751021e+01
   1.1110000e+02   5.6494325e+00  -2.2231021e+01
   1.1120000e+02  -3.5350567e+01  -2.8591021e+01
   1.1130000e+02  -1.0035057e+02  -1.5991021e+01
   1.1140000e+02   5.3649433e+01   6.8848979e+01
   1.1150000e+02   3.3649433e+01  -6.2351021e+01
   1.1160000e+02  -1.0350567e+01  -2.1591021e+01
   1.1170000e+02  -3.9350567e+01   1.1568979e+01
   1.1180000e+02  -2.0350567e+01   3.5808979e+01
   1.1190000e+02  -1.3505675e+00  -4.7951021e+01
   1.1200000e+02  -3.1350567e+01  -6.0751021e+01
   1.1210000e+02  -6.2350567e+01  -2.2511021e+01
   1.1220000e+02   4.6649433e+01   6.8128979e+01
   1.1230000e+02  -6.1350567e+01   5.4489786e+00
   1.1240000e+02  -9.1350567e+01  -5.2351021e+01
   1.1250000e+02  -4.4350567e+01  -9.2310214e+00
   1.1260000e+02  -4.6350567e+01   6.8489786e+00
   1.1270000e+02   3.4649433e+01  -2.7391021e+01
   1.1280000e+02   1.8649433e+01   6.3248979e+01
   1.1290000e+02   2.1649433e+01   3.6128979e+01
   1.1300000e+02  -1.8350567e+01  -5.1271021e+01
   1.1310000e+02  -7.1350567e+01  -9.1510214e+00
   1.1320000e+02  -7.8350567e+01   6.1289786e+00
   1.1330000e+02   3.8649433e+01   2.2448979e+01
   1.1340000e+02  -1.9350567e+01   7.6897856e-01
   1.1350000e+02  -9.8350567e+01  -2.9071021e+01
   1.1360000e+02   9.5649433e+01  -4.0831021e+01
   1.1370000e+02   3.7649433e+01   1.4889786e+00
   1.1380000e+02   3.6649433e+01  -5.3471021e+01
   1.1390000e+02  -1.6350567e+01  -7.3510214e+00
   1.1400000e+02   3.7649433e+01   6.4889786e+00
   1.1410000e+02  -4.3350567e+01  -3.2271021e+01
   1.1420000e+02   4.1649433e+01  -3.3671021e+01
   1.1430000e+02  -5.3350567e+01   3.4128979e+01
   1.1440000e+02  -8.8350567e+01  -2.6471021e+01
   1.1450000e+02  -2.9350567e+01  -2.1831021e+01
   1.1460000e+02  -3.0350567e+01  -6.7910214e+00
   1.1470000e+02  -8.8350567e+01  -3.4710214e+00
   1.1480000e+02   5.0649433e+01   8.9689786e+00
   1.1490000e+02  -3.3505675e+00   6.1128979e+01
   1.1500000e+02  -2.5350567e+01  -9.9910214e+00
   1.1510000e+02  -2.0350567e+01  -3.1910214e+00
   1.1520000e+02  -1.2350567e+01   1.9488979e+01
   1.1530000e+02   2.0649433e+01  -1.4831021e+01
   1.1540000e+02  -7.1350567e+01   3.2848979e+01
   1.1550000e+02   1.8649433e+01  -8.2751021e+01
   1.1560000e+02  -1.0350567e+01   2.4408979e+01
   1.1570000e+02  -7.3505675e+00   4.6288979e+01
   1.1580000e+02   6.4649433e+01   5.4408979e+01
   1.1590000e+02  -2.3350567e+01   5.5928979e+01
   1.1600000e+02  -4.8350567e+01   8.5928979e+01
   1.1610000e+02   1.8649433e+01   9.2489786e+00
   1.1620000e+02  -5.8350567e+01   4.3328979e+01
   1.1630000e+02  -1.1135057e+02  -1.0551021e+01
   1.1640000e+02  -3.3505675e+00  -1.3871021e+01
   1.1650000e+02   3.3649433e+01   3.7648979e+01
   1.1660000e+02  -1.9350567e+01  -5.0231021e+01
   1.1670000e+02  -3.2350567e+01  -8.7110214e+00
   1.1680000e+02  -1.3350567e+01   2.7528979e+01
   1.1690000e+02   4.3649433e+01  -3.7510214e+00
   1.1700000e+02  -3.3350567e+01  -4.1671021e+01
   1.1710000e+02  -4.9350567e+01  -2.0310214e+00
   1.1720000e+02  -2.7350567e+01   7.0889786e+00
   1.1730000e+02   4.6649433e+01  -5.8710214e+00
   1.1740000e+02   3.9649433e+01  -5.6591021e+01
   1.1750000e+02   6.9649433e+01   2.0897856e-01
   1.1760000e+02  -1.7350567e+01   3.3688979e+01
   1.1770000e+02  -7.3505675e+00  -1.9711021e+01
   1.1780000e+02   7.0649433e+01  -5.8831021e+01
   1.1790000e+02  -5.2350567e+01   4.0889786e+00
   1.1800000e+02   7.6494325e+00  -4.0311021e+01
   1.1810000e+02  -1.3350567e+01  -3.7471021e+01
   1.1820000e+02   1.0864943e+02  -6.3510214e+00
   1.1830000e+02   1.2164943e+02  -4.2871021e+01
   1.1840000e+02   6.8649433e+01   4.2489786e+00
   1.1850000e+02   5.4649433e+01   1.7808979e+01
   1.1860000e+02   2.3649433e+01  -4.1951021e+01
   1.1870000e+02  -3.0350567e+01  -4.0791021e+01
   1.1880000e+02   9.9649433e+01   1.6008979e+01
   1.1890000e+02  -7.3350567e+01   1.4928979e+01
   1.1900000e+02  -4.3350567e+01   1.5728979e+01
   1.1910000e+02   6.6494325e+00  -6.6271021e+01
   1.1920000e+02   5.6494325e+00  -1.0231021e+01
   1.1930000e+02   2.9649433e+01  -2.2191021e+01
   1.1940000e+02   1.6494325e+00   1.1928979e+01
   1.1950000e+02  -4.4350567e+01  -3.0231021e+01
   1.1960000e+02   3.1649433e+01  -6.4271021e+01
   1.1970000e+02   3.6649433e+01   1.6528979e+01
   1.1980000e+02   4.0649433e+01   8.3689786e+00
   1.1990000e+02  -3.5350567e+01  -6.5910214e+00
   1.2000000e+02   1.5649433e+01  -5.9631021e+01
   1.2010000e+02   4.0649433e+01  -2.1631021e+01
   1.2020000e+02   6.1649433e+01  -4.6471021e+01
   1.2030000e+02   3.9649433e+01   1.0408979e+01
   1.2040000e+02  -9.9350567e+01  -1.2031021e+01
   1.2050000e+02   1.9649433e+01  -4.5791021e+01
   1.2060000e+02   3.4649433e+01   4.3608979e+01
   1.2070000e+02  -1.9350567e+01  -3.3231021e+01
   1.2080000e+02   8.3649433e+01  -2.7351021e+01
   1.2090000e+02  -2.3505675e+00  -4.7911021e+01
   1.2100000e+02   1.6494325e+00  -3.7071021e+01
   1.2110000e+02  -3.3505675e+00  -1.8871021e+01
   1.2120000e+02   4.8649433e+01   2.6048979e+01
   1.2130000e+02   4.2649433e+01  -4.7711021e+01
   1.2140000e+02   2.3649433e+01   4.3048979e+01
   1.2150000e+02   4.6649433e+01   1.2128979e+01
   1.2160000e+02  -6.3505675e+00   3.0248979e+01
   1.2170000e+02   1.1564943e+02   3.3368979e+01
   1.2180000e+02   1.5264943e+02  -4.0111021e+01
   1.2190000e+02  -3.6350567e+01  -8.5510214e+00
   1.2200000e+02  -2.9350567e+01  -1.8310214e+00
   1.2210000e+02  -8.0350567e+01   4.2089786e+00
   1.2220000e+02   6.9649433e+01  -5.3791021e+01
   1.2230000e+02   5.0649433e+01   2.3968979e+01
   1.2240000e+02   3.6494325e+00   4.1848979e+01
   1.2250000e+02  -1.9350567e+01  -1.3231021e+01
   1.2260000e+02  -2.6350567e+01  -1.2951021e+01
   1.2270000e+02  -2.0350567e+01   9.4808979e+01
   1.2280000e+02   1.6494325e+00   2.0928979e+01
   1.2290000e+02  -4.9350567e+01  -8.0310214e+00
   1.2300000e+02  -3.1350567e+01  -2.0751021e+01
   1.2310000e+02   3.6649433e+01   3.5289786e+00
   1.2320000e+02  -4.3505675e+00   9.1168979e+01
   1.2330000e+02   9.6494325e+00   2.4608979e+01
   1.2340000e+02  -3.6350567e+01   1.1448979e+01
   1.2350000e+02  -4.4350567e+01  -1.2231021e+01
   1.2360000e+02   6.6494325e+00  -1.8271021e+01
   1.2370000e+02   3.8649433e+01  -3.6551021e+01
   1.2380000e+02  -6.6350567e+01   6.4897856e-01
   1.2390000e+02   3.6649433e+01   1.9528979e+01
   1.2400000e+02  -7.4350567e+01  -6.0310214e+00
   1.2410000e+02   4.6494325e+00   1.7808979e+01
   1.2420000e+02   2.6494325e+00   1.9888979e+01
   1.2430000e+02   3.6649433e+01  -1.5471021e+01
   1.2440000e+02  -3.9350567e+01   1.1568979e+01
   1.2450000e+02  -5.7350567e+01  -1.1711021e+01
   1.2460000e+02   1.0649433e+01   6.1568979e+01
   1.2470000e+02   1.5649433e+01   3.6897856e-01
   1.2480000e+02  -1.6350567e+01   2.1648979e+01
   1.2490000e+02  -1.4350567e+01   4.7568979e+01
   1.2500000e+02   4.2649433e+01  -1.7110214e+00
   1.2510000e+02  -6.7350567e+01   1.0688979e+01
   1.2520000e+02   1.6494325e+00  -1.1071021e+01
   1.2530000e+02   4.6494325e+00   3.2808979e+01
   1.2540000e+02  -4.6350567e+01   1.4848979e+01
   1.2550000e+02  -2.7350567e+01   1.3088979e+01
   1.2560000e+02  -6.2350567e+01  -7.5110214e+00
   1.2570000e+02   6.5649433e+01   8.3689786e+00
   1.2580000e+02  -7.2350567e+01  -2.2111021e+01
   1.2590000e+02   7.6494325e+00  -5.7311021e+01
   1.2600000e+02   3.8649433e+01  -1.2551021e+01
   1.2610000e+02  -1.7350567e+01   2.1688979e+01
   1.2620000e+02  -7.3505675e+00   2.2288979e+01
   1.2630000e+02   6.8649433e+01   4.2489786e+00
   1.2640000e+02  -1.6350567e+01  -2.5351021e+01
   1.2650000e+02   2.7649433e+01   8.7888979e+01
   1.2660000e+02  -3.9350567e+01   1.2568979e+01
   1.2670000e+02   6.4943253e-01   1.3968979e+01
   1.2680000e+02   6.4943253e-01  -3.0310214e+00
   1.2690000e+02  -7.9350567e+01  -1.9831021e+01
   1.2700000e+02   9.6494325e+00  -3.2391021e+01
   1.2710000e+02   6.2649433e+01  -1.6511021e+01
   1.2720000e+02  -1.1350567e+01   2.0448979e+01
   1.2730000e+02   1.4649433e+01  -1.8591021e+01
   1.2740000e+02  -4.2350567e+01  -5.3110214e+00
   1.2750000e+02  -2.6350567e+01  -2.1951021e+01
   1.2760000e+02  -3.3505675e+00   6.3128979e+01
   1.2770000e+02   4.8649433e+01  -4.3951021e+01
   1.2780000e+02   3.3649433e+01   1.0648979e+01
   1.2790000e+02   1.3649433e+01  -5.5102144e-01
   1.2800000e+02  -1.4350567e+01   1.4568979e+01
   1.2810000e+02   1.2649433e+01   3.4889786e+00
   1.2820000e+02  -3.5056747e-01  -7.4991021e+01
   1.2830000e+02  -5.0350567e+01   9.2008979e+01
   1.2840000e+02   5.6649433e+01  -3.4271021e+01
   1.2850000e+02  -9.6350567e+01  -3.9151021e+01
   1.2860000e+02  -2.4350567e+01  -1.3031021e+01
   1.2870000e+02   5.6494325e+00  -3.5231021e+01
   1.2880000e+02   6.4943253e-01  -1.2031021e+01
   1.2890000e+02   9.6494325e+00  -2.5391021e+01
   1.2900000e+02  -2.2350567e+01   2.8888979e+01
   1.2910000e+02   1.4664943e+02  -3.0871021e+01
   1.2920000e+02   2.3649433e+01   4.0489786e+00
   1.2930000e+02  -3.7350567e+01  -4.6511021e+01
   1.2940000e+02  -3.0350567e+01  -7.9102144e-01
   1.2950000e+02  -4.0350567e+01  -3.7391021e+01
   1.2960000e+02  -5.3505675e+00   3.4208979e+01
   1.2970000e+02   3.8649433e+01  -4.9551021e+01
   1.2980000e+02   2.0649433e+01  -2.9831021e+01
   1.2990000e+02  -5.3505675e+00  -1.2791021e+01
   1.3000000e+02   2.0649433e+01  -6.3831021e+01
   1.3010000e+02  -5.6350567e+01  -4.4751021e+01
   1.3020000e+02   4.3649433e+01   1.2489786e+00
   1.3030000e+02   7.0649433e+01   3.9168979e+01
   1.3040000e+02   1.6649433e+01  -4.3671021e+01
   1.3050000e+02   7.6494325e+00   1.7688979e+01
   1.3060000e+02   1.6649433e+01   1.1328979e+01
   1.3070000e+02   1.3364943e+02   1.3648979e+01
   1.3080000e+02  -5.3350567e+01  -2.9871021e+01
   1.3090000e+02   2.8649433e+01  -4.5151021e+01
   1.3100000e+02   3.0649433e+01  -2.3231021e+01
   1.3110000e+02  -1.3350567e+01  -2.6471021e+01
   1.3120000e+02  -1.1235057e+02  -1.0511021e+01
   1.3130000e+02   2.9649433e+01  -4.9191021e+01
   1.3140000e+02  -4.0350567e+01   2.6608979e+01
   1.3150000e+02   2.6494325e+00  -3.8111021e+01
   1.3160000e+02   4.7649433e+01  -1.2911021e+01
   1.3170000e+02  -4.3505675e+00  -2.1831021e+01
   1.3180000e+02   1.6649433e+01  -2.9671021e+01
   1.3190000e+02  -6.7350567e+01  -3.4311021e+01
   1.3200000e+02  -3.7350567e+01  -2.2511021e+01
   1.3210000e+02   2.1649433e+01  -5.5871021e+01
   1.3220000e+02  -4.7350567e+01  -2.8111021e+01
   1.3230000e+02   1.6494325e+00  -4.5071021e+01
   1.3240000e+02   4.6494325e+00  -2.1191021e+01
   1.3250000e+02  -2.8350567e+01  -2.2871021e+01
   1.3260000e+02  -5.1350567e+01  -6.6951021e+01
   1.3270000e+02  -1.2350567e+01   7.2488979e+01
   1.3280000e+02   5.0649433e+01  -2.3031021e+01
   1.3290000e+02   5.3649433e+01  -4.6151021e+01
   1.3300000e+02  -1.0535057e+02   3.6208979e+01
   1.3310000e+02   2.2649433e+01   3.0889786e+00
   1.3320000e+02   1.8649433e+01  -8.7510214e+00
   1.3330000e+02   7.2649433e+01  -8.9110214e+00
   1.3340000e+02  -1.5350567e+01  -2.3910214e+00
   1.3350000e+02   1.8649433e+01  -2.7510214e+00
   1.3360000e+02   9.6494325e+00   6.0897856e-01
   1.3370000e+02  -2.8350567e+01   6.8128979e+01
   1.3380000e+02   1.2649433e+01  -4.1511021e+01
   1.3390000e+02  -3.6350567e+01   2.7448979e+01
   1.3400000e+02  -6.8350567e+01  -3.2271021e+01
   1.3410000e+02  -3.5056747e-01  -6.5991021e+01
   1.3420000e+02  -6.6350567e+01   1.9648979e+01
   1.3430000e+02   4.6494325e+00   6.8089786e+00
   1.3440000e+02   4.6494325e+00   1.9808979e+01
   1.3450000e+02  -8.4350567e+01  -3.0631021e+01
   1.3460000e+02  -7.7350567e+01  -3.0911021e+01
   1.3470000e+02   1.0649433e+01   3.5689786e+00
   1.3480000e+02   6.6494325e+00  -3.1271021e+01
   1.3490000e+02   2.8649433e+01  -4.4151021e+01
   1.3500000e+02  -4.7350567e+01   7.1888979e+01
   1.3510000e+02   2.5649433e+01   3.9689786e+00
   1.3520000e+02  -2.0350567e+01   4.1808979e+01
   1.3530000e+02  -1.8350567e+01   9.7289786e+00
   1.3540000e+02  -3.3350567e+01   3.3328979e+01
   1.3550000e+02   5.0649433e+01  -2.0310214e+00
   1.3560000e+02   9.0649433e+01   6.9368979e+01
   1.3570000e+02  -4.2350567e+01   1.2068898e+02
   1.3580000e+02   7.2649433e+01  -3.0911021e+01
   1.3590000e+02   1.5649433e+01  -1.9631021e+01
   1.3600000e+02  -6.2350567e+01  -4.6511021e+01
   1.3610000e+02  -5.3505675e+00  -4.0791021e+01
   1.3620000e+02  -3.5350567e+01  -1.9591021e+01
   1.3630000e+02  -5.9350567e+01  -2.6310214e+00
   1.3640000e+02  -1.2350567e+01   8.8488979e+01
   1.3650000e+02   7.6494325e+00  -2.3311021e+01
   1.3660000e+02  -8.3505675e+00  -2.7671021e+01
   1.3670000e+02   4.7649433e+01  -3.2911021e+01
   1.3680000e+02  -9.9350567e+01  -1.0310214e+00
   1.3690000e+02  -4.1350567e+01   1.7648979e+01
   1.3700000e+02   7.3649433e+01   7.3048979e+01
   1.3710000e+02   3.5649433e+01  -2.3431021e+01
   1.3720000e+02   4.8649433e+01  -2.3951021e+01
   1.3730000e+02   2.6649433e+01   3.9289786e+00
   1.3740000e+02   4.4649433e+01   2.9208979e+01
   1.3750000e+02   3.6649433e+01  -2.4471021e+01
   1.3760000e+02  -1.7350567e+01   3.8688979e+01
   1.3770000e+02   6.1649433e+01   5.0528979e+01
   1.3780000e+02   5.6649433e+01   4.1728979e+01
   1.3790000e+02  -3.5056747e-01   4.0089786e+00
   1.3800000e+02  -6.5350567e+01  -1.8391021e+01
   1.3810000e+02  -1.2350567e+01   2.6488979e+01
   1.3820000e+02  -6.3350567e+01  -2.8471021e+01
   1.3830000e+02  -1.3350567e+01  -4.4710214e+00
   1.3840000e+02  -7.9350567e+01  -5.3831021e+01
   1.3850000e+02   4.1649433e+01   2.9328979e+01
   1.3860000e+02   6.2649433e+01   4.4889786e+00
   1.3870000e+02   5.8649433e+01  -3.4351021e+01
   1.3880000e+02  -4.2350567e+01  -3.5311021e+01
   1.3890000e+02   7.9649433e+01   1.0808979e+01
   1.3900000e+02   3.6494325e+00  -2.8151021e+01
   1.3910000e+02  -2.7350567e+01   2.6088979e+01
   1.3920000e+02   1.9649433e+01  -1.7910214e+00
   1.3930000e+02   4.0649433e+01  -2.0631021e+01
   1.3940000e+02  -2.3505675e+00   3.9088979e+01
   1.3950000e+02  -4.7350567e+01   3.5888979e+01
   1.3960000e+02  -1.3505675e+00   7.2048979e+01
   1.3970000e+02   3.6494325e+00  -1.8151021e+01
   1.3980000e+02  -4.5350567e+01   3.7808979e+01
   1.3990000e+02   8.0649433e+01  -3.7231021e+01
   1.4000000e+02   1.8649433e+01  -1.6751021e+01
   1.4010000e+02  -2.3350567e+01  -4.6071021e+01
   1.4020000e+02   1.3649433e+01   1.3448979e+01
   1.4030000e+02   7.6494325e+00  -5.7311021e+01
   1.4040000e+02  -6.7350567e+01   4.3688979e+01
   1.4050000e+02  -5.2350567e+01  -4.1911021e+01
   1.4060000e+02  -7.9350567e+01   4.1168979e+01
   1.4070000e+02  -1.2350567e+01  -3.4511021e+01
   1.4080000e+02  -5.7350567e+01  -2.6711021e+01
   1.4090000e+02   6.9649433e+01  -4.0791021e+01
   1.4100000e+02  -6.3505675e+00   3.8248979e+01
   1.4110000e+02   1.7649433e+01   3.2288979e+01
   1.4120000e+02   7.9649433e+01  -1.3191021e+01
   1.4130000e+02  -5.9350567e+01  -5.2631021e+01
   1.4140000e+02  -5.0350567e+01  -1.5991021e+01
   1.4150000e+02  -1.3350567e+01   5.2897856e-01
   1.4160000e+02  -4.6350567e+01   2.6848979e+01
   1.4170000e+02  -6.8350567e+01   3.1728979e+01
   1.4180000e+02   4.4649433e+01  -4.7910214e+00
   1.4190000e+02  -5.8350567e+01  -2.1671021e+01
   1.4200000e+02   2.4649433e+01  -1.9910214e+00
   1.4210000e+02   1.1649433e+01  -1.4710214e+00
   1.4220000e+02  -7.8350567e+01  -1.4871021e+01
   1.4230000e+02  -4.3505675e+00   1.4168979e+01
   1.4240000e+02  -8.2350567e+01   6.3288979e+01
   1.4250000e+02  -1.5350567e+01   2.2608979e+01
   1.4260000e+02  -6.0350567e+01  -1.2591021e+01
   1.4270000e+02  -2.9350567e+01   6.1689786e+00
   1.4280000e+02  -1.1435057e+02  -2.7431021e+01
   1.4290000e+02  -1.3505675e+00  -1.1951021e+01
   1.4300000e+02  -3.5350567e+01  -2.5591021e+01
   1.4310000e+02   4.3649433e+01  -3.8751021e+01
   1.4320000e+02  -4.5350567e+01   3.8089786e+00
   1.4330000e+02  -5.1350567e+01  -4.4951021e+01
   1.4340000e+02  -3.4350567e+01   3.1368979e+01
   1.4350000e+02   5.6494325e+00  -1.4231021e+01
   1.4360000e+02   1.0649433e+01  -1.5431021e+01
   1.4370000e+02  -5.9350567e+01   4.5368979e+01
   1.4380000e+02  -2.9350567e+01  -3.5831021e+01
   1.4390000e+02   2.6494325e+00  -9.3111021e+01
   1.4400000e+02   5.8649433e+01  -4.0351021e+01
   1.4410000e+02   1.9649433e+01  -1.9791021e+01
   1.4420000e+02  -9.6350567e+01  -4.5151021e+01
   1.4430000e+02   8.7649433e+01  -2.5110214e+00
   1.4440000e+02   7.4649433e+01   1.7008979e+01
   1.4450000e+02  -7.2350567e+01  -2.3111021e+01
   1.4460000e+02  -3.0350567e+01   5.2089786e+00
   1.4470000e+02  -6.5350567e+01  -2.6391021e+01
   1.4480000e+02   3.6649433e+01  -1.7471021e+01
   1.4490000e+02  -7.4350567e+01  -4.3031021e+01
   1.4500000e+02  -6.3350567e+01   2.7528979e+01
   1.4510000e+02  -3.5056747e-01   1.5008979e+01
   1.4520000e+02   1.3649433e+01   7.0448979e+01
   1.4530000e+02   1.3649433e+01   2.7448979e+01
   1.4540000e+02  -7.5350567e+01   3.2008979e+01
   1.4550000e+02   2.0649433e+01   3.6168979e+01
   1.4560000e+02  -1.3505675e+00   1.1048979e+01
   1.4570000e+02   3.4649433e+01   1.1460898e+02
   1.4580000e+02  -2.5350567e+01  -4.2991021e+01
   1.4590000e+02   2.8649433e+01   3.6848979e+01
   1.4600000e+02   5.7649433e+01  -8.3110214e+00
   1.4610000e+02   6.7649433e+01  -6.2711021e+01
   1.4620000e+02  -5.7350567e+01  -4.7110214e+00
   1.4630000e+02   1.8649433e+01  -8.7510214e+00
   1.4640000e+02  -2.9350567e+01  -2.7831021e+01
   1.4650000e+02   6.7649433e+01   9.8288979e+01
   1.4660000e+02  -7.9350567e+01   4.6168979e+01
   1.4670000e+02   2.6649433e+01   7.3928979e+01
   1.4680000e+02   5.3649433e+01  -2.3151021e+01
   1.4690000e+02  -7.3350567e+01   3.0928979e+01
   1.4700000e+02   1.4064943e+02   6.4368979e+01
   1.4710000e+02  -1.1350567e+01   1.6448979e+01
   1.4720000e+02  -1.0350567e+01   4.4089786e+00
   1.4730000e+02   1.0649433e+01  -1.2431021e+01
   1.4740000e+02  -1.4350567e+01  -1.4310214e+00
   1.4750000e+02   2.8649433e+01  -5.4151021e+01
   1.4760000e+02   2.0649433e+01  -4.9831021e+01
   1.4770000e+02   9.6649433e+01   2.1289786e+00
   1.4780000e+02  -1.3505675e+00  -4.7951021e+01
   1.4790000e+02   1.0364943e+02  -4.4151021e+01
   1.4800000e+02  -4.8350567e+01   3.9928979e+01
   1.4810000e+02   2.3649433e+01  -3.6951021e+01
   1.4820000e+02   3.6649433e+01  -4.4471021e+01
   1.4830000e+02   8.9649433e+01  -4.5591021e+01
   1.4840000e+02   8.6494325e+00   2.6489786e+00
   1.4850000e+02  -5.0350567e+01  -2.9991021e+01
   1.4860000e+02   3.8649433e+01   6.5448979e+01
   1.4870000e+02  -1.0350567e+01   4.6408979e+01
   1.4880000e+02   1.6494325e+00  -2.1071021e+01
   1.4890000e+02   2.6494325e+00   2.1888979e+01
   1.4900000e+02  -4.7350567e+01   3.8889786e+00
   1.4910000e+02  -8.3350567e+01  -7.6710214e+00
   1.4920000e+02   1.3649433e+01   3.8448979e+01
   1.4930000e+02  -1.5350567e+01  -5.3910214e+00
   1.4940000e+02  -5.7350567e+01  -1.0711021e+01
   1.4950000e+02   1.4649433e+01   2.4408979e+01
   1.4960000e+02   1.0164943e+02  -1.1071021e+01
   1.4970000e+02   2.1649433e+01   1.0128979e+01
   1.4980000e+02  -3.0350567e+01   1.6208979e+01
   1.4990000e+02  -6.7350567e+01  -4.7311021e+01
   1.5000000e+02  -2.1350567e+01  -8.1510214e+00
   1.5010000e+02  -4.7350567e+01   2.4888979e+01
   1.5020000e+02   4.0649433e+01   4.8368979e+01
   1.5030000e+02  -4.3350567e+01   4.1728979e+01
   1.5040000e+02  -7.4350567e+01  -6.0310214e+00
   1.5050000e+02   1.0464943e+02   4.2808979e+01
   1.5060000e+02   2.5649433e+01  -3.7031021e+01
   1.5070000e+02  -3.0350567e+01  -2.6791021e+01
   1.5080000e+02   1.4064943e+02  -1.5631021e+01
   1.5090000e+02  -3.5056747e-01  -2.4991021e+01
   1.5100000e+02   1.0064943e+02  -2.0031021e+01
   1.5110000e+02  -9.3350567e+01   4.9728979e+01
   1.5120000e+02   3.7649433e+01   3.6488979e+01
   1.5130000e+02  -4.3350567e+01  -1.0271021e+01
   1.5140000e+02  -4.3505675e+00   2.1689786e+00
   1.5150000e+02  -3.8350567e+01   1.3528979e+01
   1.5160000e+02   4.2649433e+01  -2.8711021e+01
   1.5170000e+02  -8.9350567e+01  -1.3431021e+01
   1.5180000e+02  -4.3505675e+00  -4.3831021e+01
   1.5190000e+02   1.0364943e+02   1.8489786e+00
   1.5200000e+02   2.4649433e+01  -2.4991021e+01
   1.5210000e+02  -1.8350567e+01   4.1728979e+01
   1.5220000e+02  -2.7350567e+01   1.5088979e+01
   1.5230000e+02  -3.3505675e+00   1.2128979e+01
   1.5240000e+02   6.0649433e+01   1.3568979e+01
   1.5250000e+02  -8.3505675e+00   1.3289786e+00
   1.5260000e+02   1.4649433e+01  -3.4591021e+01
   1.5270000e+02   2.2649433e+01   2.6088979e+01
   1.5280000e+02   1.6764943e+02   4.0288979e+01
   1.5290000e+02  -4.3350567e+01   4.7289786e+00
   1.5300000e+02  -7.9350567e+01  -7.8310214e+00
   1.5310000e+02   4.3649433e+01   2.9248979e+01
   1.5320000e+02   3.7649433e+01  -2.0511021e+01
   1.5330000e+02  -4.3505675e+00   4.1689786e+00
   1.5340000e+02  -4.4350567e+01   2.2768979e+01
   1.5350000e+02  -1.3505675e+00  -1.7951021e+01
   1.5360000e+02   1.4649433e+01  -2.2591021e+01
   1.5370000e+02   6.4943253e-01   6.7968979e+01
   1.5380000e+02  -3.4350567e+01   3.1368979e+01
   1.5390000e+02   5.3649433e+01   1.8784898e+02
   1.5400000e+02   4.4649433e+01   2.2089786e+00
   1.5410000e+02   1.2764943e+02   1.5888979e+01
   1.5420000e+02   7.9649433e+01  -1.8191021e+01
   1.5430000e+02   1.0649433e+01   5.0568979e+01
   1.5440000e+02  -2.9350567e+01   6.9168979e+01
   1.5450000e+02  -6.3505675e+00   2.3248979e+01
   1.5460000e+02   5.6494325e+00   7.1768979e+01
   1.5470000e+02  -7.3505675e+00  -2.7110214e+00
   1.5480000e+02   6.7649433e+01  -6.7110214e+00
   1.5490000e+02   6.4943253e-01  -3.3031021e+01
   1.5500000e+02   4.2649433e+01  -4.7110214e+00
   1.5510000e+02  -8.3350567e+01   3.5328979e+01
   1.5520000e+02   2.8649433e+01   4.8489786e+00
   1.5530000e+02  -2.9350567e+01  -8.8310214e+00
   1.5540000e+02   2.8649433e+01   3.8489786e+00
   1.5550000e+02  -1.1035057e+02   9.4089786e+00
   1.5560000e+02   1.7649433e+01   1.0288979e+01
   1.5570000e+02  -3.3505675e+00   1.4128979e+01
   1.5580000e+02   8.2649433e+01   1.8688979e+01
   1.5590000e+02  -2.3505675e+00   8.0088979e+01
   1.5600000e+02   3.0649433e+01   2.8768979e+01
   1.5610000e+02   1.4649433e+01   5.1408979e+01
   1.5620000e+02   9.6494325e+00  -3.3910214e+00
   1.5630000e+02   4.7649433e+01   4.1088979e+01
   1.5640000e+02  -4.6350567e+01  -5.3151021e+01
   1.5650000e+02  -4.3350567e+01  -6.4271021e+01
   1.5660000e+02  -9.2350567e+01   2.8688979e+01
   1.5670000e+02  -6.1350567e+01   4.0448979e+01
   1.5680000e+02   2.6649433e+01   3.8928979e+01
   1.5690000e+02  -3.3505675e+00  -1.2871021e+01
   1.5700000e+02  -7.3505675e+00  -6.7110214e+00
   1.5710000e+02   8.2649433e+01   6.2688979e+01
   1.5720000e+02  -2.6350567e+01  -2.0951021e+01
   1.5730000e+02  -8.7350567e+01   1.7488979e+01
   1.5740000e+02  -1.3035057e+02  -4.6791021e+01
   1.5750000e+02  -1.2350567e+01   8.4889786e+00
   1.5760000e+02  -2.6350567e+01   3.0048979e+01
   1.5770000e+02   5.6494325e+00  -1.7231021e+01
   1.5780000e+02  -5.4350567e+01  -3.2831021e+01
   1.5790000e+02   3.8649433e+01   9.4489786e+00
   1.5800000e+02   7.6494325e+00   5.9688979e+01
   1.5810000e+02   1.8649433e+01   2.2489786e+00
   1.5820000e+02   3.8649433e+01   9.4489786e+00
   1.5830000e+02  -3.8350567e+01   1.0652898e+02
   1.5840000e+02  -1.0350567e+01   2.8408979e+01
   1.5850000e+02  -4.6350567e+01   1.7848979e+01
   1.5860000e+02  -2.4350567e+01  -4.1031021e+01
   1.5870000e+02   1.2649433e+01   4.4889786e+00
   1.5880000e+02  -9.3505675e+00   1.9368979e+01
   1.5890000e+02  -2.0350567e+01  -1.7191021e+01
   1.5900000e+02   5.6649433e+01  -4.1271021e+01
   1.5910000e+02   3.2649433e+01  -2.0311021e+01
   1.5920000e+02  -3.3505675e+00   2.8128979e+01
   1.5930000e+02  -8.4350567e+01  -1.2631021e+01
   1.5940000e+02  -1.2350567e+01  -2.4511021e+01
   1.5950000e+02  -2.6350567e+01  -8.9510214e+00
   1.5960000e+02  -4.1350567e+01   4.4648979e+01
   1.5970000e+02   2.1649433e+01  -2.6871021e+01
   1.5980000e+02  -3.0350567e+01  -5.6791021e+01
   1.5990000e+02   7.9649433e+01  -3.9191021e+01
   1.6000000e+02  -2.9350567e+01   2.3168979e+01
   1.6010000e+02   4.9649433e+01   3.6008979e+01
   1.6020000e+02  -3.0350567e+01  -3.5791021e+01
   1.6030000e+02  -6.3505675e+00   3.5248979e+01
   1.6040000e+02   3.6649433e+01   3.9528979e+01
   1.6050000e+02  -3.3505675e+00  -8.8710214e+00
   1.6060000e+02  -4.4350567e+01  -4.6231021e+01
   1.6070000e+02  -5.7350567e+01  -9.7110214e+00
   1.6080000e+02  -3.7350567e+01  -3.6511021e+01
   1.6090000e+02   1.1664943e+02  -3.6710214e+00
   1.6100000e+02  -3.9350567e+01  -2.4310214e+00
   1.6110000e+02   2.1649433e+01  -3.3871021e+01
   1.6120000e+02   4.3649433e+01   4.4248979e+01
   1.6130000e+02   6.3649433e+01   1.5448979e+01
   1.6140000e+02   3.6494325e+00  -1.3151021e+01
   1.6150000e+02  -1.3350567e+01   8.5289786e+00
   1.6160000e+02  -2.7350567e+01  -8.9110214e+00
   1.6170000e+02  -3.1350567e+01  -1.5751021e+01
   1.6180000e+02   9.6494325e+00   1.6608979e+01
   1.6190000e+02  -9.3505675e+00  -3.2631021e+01
   1.6200000e+02  -7.3350567e+01   1.7928979e+01
   1.6210000e+02   1.8649433e+01   1.0248979e+01
   1.6220000e+02   8.6649433e+01  -2.9471021e+01
   1.6230000e+02   3.6649433e+01  -4.5471021e+01
   1.6240000e+02   3.6494325e+00   6.8489786e+00
   1.6250000e+02   1.6649433e+01   4.6328979e+01
   1.6260000e+02  -2.9350567e+01  -3.4831021e+01
   1.6270000e+02  -8.6350567e+01  -1.2551021e+01
   1.6280000e+02   1.0764943e+02  -2.3110214e+00
   1.6290000e+02   7.6494325e+00  -1.3311021e+01
   1.6300000e+02  -7.0350567e+01  -2.1191021e+01
   1.6310000e+02   1.2264943e+02  -2.7911021e+01
   1.6320000e+02   6.2649433e+01  -3.7511021e+01
   1.6330000e+02   7.2649433e+01  -1.3911021e+01
   1.6340000e+02   3.6649433e+01  -4.4710214e+00
   1.6350000e+02   4.6494325e+00  -1.3191021e+01
   1.6360000e+02  -3.3505675e+00  -4.1871021e+01
   1.6370000e+02   5.5649433e+01  -1.3231021e+01
   1.6380000e+02  -3.7350567e+01  -2.5511021e+01
   1.6390000e+02  -5.6350567e+01   2.3248979e+01
   1.6400000e+02  -7.5350567e+01   2.8008979e+01
   1.6410000e+02  -3.9350567e+01   1.8568979e+01
   1.6420000e+02   7.0649433e+01  -3.4831021e+01
   1.6430000e+02  -1.0350567e+01   2.4089786e+00
   1.6440000e+02   1.5649433e+01   3.9368979e+01
   1.6450000e+02  -6.3350567e+01   5.3528979e+01
   1.6460000e+02   2.4649433e+01  -3.9991021e+01
   1.6470000e+02   3.6649433e+01  -1.9471021e+01
   1.6480000e+02   8.0649433e+01  -4.2310214e+00
   1.6490000e+02  -1.8350567e+01  -3.1271021e+01
   1.6500000e+02  -3.9350567e+01   5.8568979e+01
   1.6510000e+02  -4.3505675e+00   4.0168979e+01
   1.6520000e+02   1.2649433e+01  -5.3511021e+01
   1.6530000e+02  -5.6350567e+01   8.7248979e+01
   1.6540000e+02   3.5649433e+01  -2.7431021e+01
   1.6550000e+02   2.3649433e+01   3.7048979e+01
   1.6560000e+02   5.2649433e+01   3.8889786e+00
   1.6570000e+02   9.4649433e+01   1.4208979e+01
   1.6580000e+02  -4.0350567e+01  -2.5391021e+01
   1.6590000e+02  -1.1350567e+01   2.8448979e+01
   1.6600000e+02  -4.0350567e+01  -1.3391021e+01
   1.6610000e+02   1.6494325e+00  -9.0710214e+00
   1.6620000e+02  -3.2350567e+01   4.0288979e+01
   1.6630000e+02   6.6649433e+01  -1.4671021e+01
   1.6640000e+02  -2.4350567e+01   2.6968979e+01
   1.6650000e+02  -6.1350567e+01  -3.8551021e+01
   1.6660000e+02  -3.7350567e+01  -3.2511021e+01
   1.6670000e+02   2.6649433e+01   1.9928979e+01
   1.6680000e+02   1.1964943e+02  -1.0791021e+01
   1.6690000e+02  -4.8350567e+01  -1.7071021e+01
   1.6700000e+02   1.7664943e+02  -1.4071021e+01
   1.6710000e+02  -9.3505675e+00  -2.2631021e+01
   1.6720000e+02  -8.6350567e+01   1.6448979e+01
   1.6730000e+02   1.6494325e+00  -4.7071021e+01
   1.6740000e+02  -2.8350567e+01  -6.8710214e+00
   1.6750000e+02  -2.2350567e+01  -2.0111021e+01
   1.6760000e+02   1.1164943e+02  -9.4710214e+00
   1.6770000e+02  -5.0350567e+01   6.1008979e+01
   1.6780000e+02  -1.1235057e+02   2.0488979e+01
   1.6790000e+02   9.7649433e+01   8.0889786e+00
   1.6800000e+02   8.3649433e+01  -1.5351021e+01
   1.6810000e+02  -2.8350567e+01  -2.9871021e+01
   1.6820000e+02  -6.0350567e+01  -4.9591021e+01
   1.6830000e+02   1.9649433e+01  -1.8791021e+01
   1.6840000e+02   4.6494325e+00   1.2808979e+01
   1.6850000e+02  -3.3505675e+00   2.0128979e+01
   1.6860000e+02   1.0764943e+02   9.6889786e+00
   1.6870000e+02  -2.1350567e+01   8.8489786e+00
   1.6880000e+02   2.2649433e+01   7.1088979e+01
   1.6890000e+02  -3.3350567e+01   4.9328979e+01
   1.6900000e+02  -3.7350567e+01  -3.3511021e+01
   1.6910000e+02   5.7649433e+01   6.0688979e+01
   1.6920000e+02   3.7649433e+01  -7.5110214e+00
   1.6930000e+02   3.5649433e+01   1.3568979e+01
   1.6940000e+02   3.8649433e+01   6.3448979e+01
   1.6950000e+02   6.1649433e+01  -1.8471021e+01
   1.6960000e+02   8.3649433e+01  -1.3510214e+00
   1.6970000e+02  -8.1350567e+01   1.8248979e+01
   1.6980000e+02   1.6649433e+01  -2.8671021e+01
   1.6990000e+02   6.8649433e+01   2.1248979e+01
   1.7000000e+02   5.6494325e+00   6.7689786e+00
   1.7010000e+02   1.0364943e+02  -2.7151021e+01
   1.7020000e+02  -6.8350567e+01   5.8728979e+01
   1.7030000e+02   9.1649433e+01  -1.5671021e+01
   1.7040000e+02   6.1649433e+01   1.0352898e+02
   1.7050000e+02  -3.4350567e+01   1.1368979e+01
   1.7060000e+02  -3.6350567e+01   6.4489786e+00
   1.7070000e+02   2.6494325e+00   1.3888979e+01
   1.7080000e+02   9.8649433e+01   8.0489786e+00
   1.7090000e+02   3.4649433e+01   2.4608979e+01
   1.7100000e+02   3.7649433e+01   4.8897856e-01
   1.7110000e+02   1.8764943e+02   8.4889786e+00
   1.7120000e+02   6.7649433e+01   3.5288979e+01
   1.7130000e+02  -5.3505675e+00  -2.0791021e+01
   1.7140000e+02   2.6649433e+01  -2.2071021e+01
   1.7150000e+02  -8.3350567e+01   1.7328979e+01
   1.7160000e+02  -7.5350567e+01  -2.4991021e+01
   1.7170000e+02  -3.1350567e+01   4.2248979e+01
   1.7180000e+02   8.6494325e+00   1.5648979e+01
   1.7190000e+02   3.3649433e+01   3.0648979e+01
   1.7200000e+02  -3.1350567e+01   6.2248979e+01
   1.7210000e+02  -8.2350567e+01   6.8288979e+01
   1.7220000e+02   4.2649433e+01  -1.0711021e+01
   1.7230000e+02   2.7649433e+01  -6.6111021e+01
   1.7240000e+02  -8.3505675e+00   3.1328979e+01
   1.7250000e+02   6.4943253e-01  -4.5031021e+01
   1.7260000e+02   3.7649433e+01  -6.5110214e+00
   1.7270000e+02   4.6649433e+01  -3.8710214e+00
   1.7280000e+02   3.9649433e+01  -1.9591021e+01
   1.7290000e+02  -2.4350567e+01  -3.0031021e+01
   1.7300000e+02  -7.3505675e+00   4.2889786e+00
   1.7310000e+02   1.0064943e+02   2.1968979e+01
   1.7320000e+02  -5.8350567e+01   3.2328979e+01
   1.7330000e+02   6.4943253e-01  -1.6031021e+01
   1.7340000e+02   2.4649433e+01  -5.9910214e+00
   1.7350000e+02  -4.9350567e+01   2.9968979e+01
   1.7360000e+02   3.7649433e+01  -6.5110214e+00
   1.7370000e+02  -1.3505675e+00  -4.0951021e+01
   1.7380000e+02  -3.4350567e+01  -2.2631021e+01
   1.7390000e+02  -6.2350567e+01   2.0488979e+01
   1.7400000e+02  -9.3505675e+00  -1.1631021e+01
   1.7410000e+02   1.5649433e+01  -2.8631021e+01
   1.7420000e+02  -3.5350567e+01  -5.9102144e-01
   1.7430000e+02   5.9649433e+01  -1.7391021e+01
   1.7440000e+02  -3.8350567e+01  -1.0471021e+01
   1.7450000e+02   6.6649433e+01  -4.6710214e+00
   1.7460000e+02   1.9649433e+01   4.7208979e+01
   1.7470000e+02  -8.7350567e+01  -1.4511021e+01
   1.7480000e+02  -2.9350567e+01  -3.5831021e+01
   1.7490000e+02  -1.6350567e+01   1.7648979e+01
   1.7500000e+02  -2.0350567e+01  -3.1910214e+00
   1.7510000e+02   5.6494325e+00   3.1768979e+01
   1.7520000e+02   8.5649433e+01   2.6568979e+01
   1.7530000e+02   9.1649433e+01  -1.1671021e+01
   1.7540000e+02   7.6494325e+00   3.6889786e+00
   1.7550000e+02   9.6494325e+00   1.1260898e+02
   1.7560000e+02   1.0664943e+02  -4.9271021e+01
   1.7570000e+02   3.6649433e+01  -2.8471021e+01
   1.7580000e+02   1.7649433e+01  -7.7110214e+00
   1.7590000e+02  -1.0435057e+02   1.5168979e+01
   1.7600000e+02   1.4649433e+01  -9.5910214e+00
   1.7610000e+02  -6.7350567e+01   9.0688979e+01
   1.7620000e+02  -3.4350567e+01   1.0036898e+02
   1.7630000e+02  -6.4350567e+01  -1.4431021e+01
   1.7640000e+02   8.7649433e+01   4.6488979e+01
   1.7650000e+02   4.3649433e+01   8.1248979e+01
   1.7660000e+02   4.6494325e+00   3.4808979e+01
   1.7670000e+02   9.3649433e+01   5.9248979e+01
   1.7680000e+02  -3.8350567e+01  -3.5471021e+01
   1.7690000e+02   3.8649433e+01  -3.2551021e+01
   1.7700000e+02   8.2649433e+01  -7.2311021e+01
   1.7710000e+02  -3.6350567e+01  -2.2551021e+01
   1.7720000e+02  -5.2350567e+01   5.5088979e+01
   1.7730000e+02  -3.5350567e+01  -2.3591021e+01
   1.7740000e+02  -7.9350567e+01  -3.0831021e+01
   1.7750000e+02   5.5649433e+01  -2.7231021e+01
   1.7760000e+02   8.6494325e+00  -6.5351021e+01
   1.7770000e+02  -9.6350567e+01   6.2848979e+01
   1.7780000e+02   6.9649433e+01   4.2089786e+00
   1.7790000e+02  -3.1350567e+01   3.6248979e+01
   1.7800000e+02  -4.2350567e+01  -1.4311021e+01
   1.7810000e+02  -7.0350567e+01  -1.4191021e+01
   1.7820000e+02  -8.9350567e+01   4.7568979e+01
   1.7830000e+02   5.6494325e+00   2.6768979e+01
   1.7840000e+02  -6.2350567e+01   2.0488979e+01
   1.7850000e+02   3.5649433e+01   2.0568979e+01
   1.7860000e+02  -1.9350567e+01  -4.2310214e+00
   1.7870000e+02   1.7649433e+01  -3.6711021e+01
   1.7880000e+02  -4.7350567e+01   1.5888979e+01
   1.7890000e+02   1.8264943e+02   9.6889786e+00
   1.7900000e+02   5.1649433e+01  -4.8071021e+01
   1.7910000e+02  -8.6350567e+01  -8.5510214e+00
   1.7920000e+02   1.1649433e+01  -3.8471021e+01
   1.7930000e+02  -6.4350567e+01  -1.8431021e+01
   1.7940000e+02  -5.2350567e+01   3.0889786e+00
   1.7950000e+02  -3.7350567e+01   8.4889786e+00
   1.7960000e+02  -4.7350567e+01  -3.7111021e+01
   1.7970000e+02  -3.2350567e+01   1.2288979e+01
   1.7980000e+02  -6.9350567e+01  -1.1231021e+01
   1.7990000e+02  -2.6350567e+01  -1.2951021e+01
   1.8000000e+02   5.8649433e+01  -2.3510214e+00
   1.8010000e+02   4.3649433e+01   5.2489786e+00
   1.8020000e+02   1.5364943e+02  -3.1151021e+01
   1.8030000e+02   1.1564943e+02   4.3689786e+00
   1.8040000e+02   3.4649433e+01  -1.6391021e+01
   1.8050000e+02  -1.7350567e+01   6.0688979e+01
   1.8060000e+02  -6.5350567e+01  -2.4391021e+01
   1.8070000e+02   5.1649433e+01   1.0928979e+01
   1.8080000e+02  -6.9350567e+01   2.3768979e+01
   1.8090000e+02  -1.8350567e+01  -1.2271021e+01
   1.8100000e+02  -4.4350567e+01  -1.7231021e+01
   1.8110000e+02   1.1564943e+02  -3.6310214e+00
   1.8120000e+02  -2.6350567e+01   2.7048979e+01
   1.8130000e+02  -4.2350567e+01   4.1688979e+01
   1.8140000e+02  -6.5350567e+01  -1.3391021e+01
   1.8150000e+02  -6.2350567e+01   5.4488979e+01
   1.8160000e+02  -5.3505675e+00   1.2089786e+00
   1.8170000e+02  -4.5350567e+01  -2.8191021e+01
   1.8180000e+02   4.1649433e+01   1.3289786e+00
   1.8190000e+02   6.2649433e+01   2.6488979e+01
   1.8200000e+02   8.6494325e+00  -2.0351021e+01
   1.8210000e+02   8.1649433e+01  -2.7271021e+01
   1.8220000e+02   2.7649433e+01   7.8889786e+00
   1.8230000e+02   5.4649433e+01   1.9808979e+01
   1.8240000e+02   6.2649433e+01  -1.2511021e+01
   1.8250000e+02  -6.3505675e+00   5.2489786e+00
   1.8260000e+02  -1.2350567e+01  -2.4511021e+01
   1.8270000e+02   5.4649433e+01  -2.6191021e+01
   1.8280000e+02   1.3649433e+01   1.0448979e+01
   1.8290000e+02  -1.3350567e+01  -6.4710214e+00
   1.8300000e+02  -4.2350567e+01  -1.4311021e+01
   1.8310000e+02   5.7649433e+01  -2.7311021e+01
   1.8320000e+02   6.6494325e+00  -3.3271021e+01
   1.8330000e+02   2.4649433e+01  -8.9910214e+00
   1.8340000e+02  -2.3350567e+01   3.2928979e+01
   1.8350000e+02   7.1649433e+01  -2.8710214e+00
   1.8360000e+02  -1.8350567e+01  -1.2710214e+00
   1.8370000e+02  -8.0350567e+01   7.8208979e+01
   1.8380000e+02  -2.0350567e+01   1.3808979e+01
   1.8390000e+02  -5.3350567e+01  -2.8710214e+00
   1.8400000e+02  -1.3350567e+01   3.1528979e+01
   1.8410000e+02   4.9649433e+01  -1.3991021e+01
   1.8420000e+02   1.0649433e+01   6.6568979e+01
   1.8430000e+02   1.9649433e+01  -2.5791021e+01
   1.8440000e+02   6.0649433e+01  -4.3102144e-01
   1.8450000e+02   3.6494325e+00   3.4848979e+01
   1.8460000e+02   3.9649433e+01  -2.2591021e+01
   1.8470000e+02   2.0649433e+01  -4.8310214e+00
   1.8480000e+02   1.7649433e+01   6.2889786e+00
   1.8490000e+02   1.4649433e+01  -1.6591021e+01
   1.8500000e+02   3.6494325e+00   2.8489786e+00
   1.8510000e+02   6.3649433e+01   6.8448979e+01
   1.8520000e+02  -4.2350567e+01   2.7688979e+01
   1.8530000e+02   6.9649433e+01  -7.9102144e-01
   1.8540000e+02  -4.7350567e+01  -5.1110214e+00
   1.8550000e+02  -4.6350567e+01  -9.1510214e+00
   1.8560000e+02  -8.0350567e+01   1.5208979e+01
   1.8570000e+02   8.6494325e+00  -3.1351021e+01
   1.8580000e+02  -1.5350567e+01  -1.7391021e+01
   1.8590000e+02   4.6649433e+01   2.9128979e+01
   1.8600000e+02  -6.3505675e+00  -1.0751021e+01
   1.8610000e+02  -1.3350567e+01  -1.3471021e+01
   1.8620000e+02   1.5364943e+02  -1.3151021e+01
   1.8630000e+02  -4.1350567e+01   3.8648979e+01
   1.8640000e+02  -6.2350567e+01   7.2488979e+01
   1.8650000e+02  -3.6350567e+01  -2.1551021e+01
   1.8660000e+02  -5.3350567e+01   2.8128979e+01
   1.8670000e+02   1.5649433e+01  -9.6310214e+00
   1.8680000e+02   1.0164943e+02  -2.6071021e+01
   1.8690000e+02  -1.5350567e+01   8.6089786e+00
   1.8700000e+02  -5.3350567e+01   1.1289786e+00
   1.8710000e+02  -2.1350567e+01   4.0848979e+01
   1.8720000e+02  -5.4350567e+01   3.2168979e+01
   1.8730000e+02  -8.3505675e+00  -1.7671021e+01
   1.8740000e+02   3.0649433e+01   7.7689786e+00
   1.8750000e+02  -7.6350567e+01   1.7048979e+01
   1.8760000e+02   1.0464943e+02   5.1808979e+01
   1.8770000e+02  -1.6350567e+01  -9.3510214e+00
   1.8780000e+02   1.5649433e+01   6.1368979e+01
   1.8790000e+02   1.4649433e+01   2.3408979e+01
   1.8800000e+02  -4.0350567e+01   5.6089786e+00
   1.8810000e+02   6.6494325e+00  -1.7271021e+01
   1.8820000e+02  -4.2350567e+01   1.2688979e+01
   1.8830000e+02   7.5649433e+01  -3.0031021e+01
   1.8840000e+02   4.3649433e+01  -3.3751021e+01
   1.8850000e+02   5.8649433e+01  -2.1351021e+01
   1.8860000e+02   8.4649433e+01   9.6089786e+00
   1.8870000e+02  -5.0350567e+01  -1.7991021e+01
   1.8880000e+02  -3.0350567e+01   4.2089786e+00
   1.8890000e+02  -1.9350567e+01  -4.2310214e+00
   1.8900000e+02   1.0649433e+01   1.5689786e+00
   1.8910000e+02   8.1649433e+01  -1.1271021e+01
   1.8920000e+02   3.7649433e+01   4.9488979e+01
   1.8930000e+02  -6.0350567e+01   4.8408979e+01
   1.8940000e+02   1.8649433e+01   6.2489786e+00
   1.8950000e+02   2.5649433e+01  -3.0031021e+01
   1.8960000e+02  -1.9350567e+01  -4.0231021e+01
   1.8970000e+02  -3.1350567e+01   2.9248979e+01
   1.8980000e+02   1.4964943e+02   7.2008979e+01
   1.8990000e+02  -9.6350567e+01  -3.5151021e+01
   1.9000000e+02  -2.3350567e+01   7.9289786e+00
   1.9010000e+02   2.1649433e+01   4.2128979e+01
   1.9020000e+02   1.0649433e+01  -1.6431021e+01
   1.9030000e+02  -2.0350567e+01  -1.5191021e+01
   1.9040000e+02   2.2649433e+01   5.6088979e+01
   1.9050000e+02  -6.4350567e+01  -4.0431021e+01
   1.9060000e+02   6.0649433e+01  -3.2431021e+01
   1.9070000e+02   2.2649433e+01  -1.3911021e+01
   1.9080000e+02  -6.3505675e+00   8.0248979e+01
   1.9090000e+02   1.3649433e+01  -2.6551021e+01
   1.9100000e+02   6.6494325e+00  -4.2271021e+01
   1.9110000e+02   7.3649433e+01   3.7048979e+01
   1.9120000e+02  -6.7350567e+01   9.6889786e+00
   1.9130000e+02  -1.1350567e+01  -4.6551021e+01
   1.9140000e+02  -2.5350567e+01   8.5008979e+01
   1.9150000e+02  -1.3505675e+00  -7.9510214e+00
   1.9160000e+02  -7.9350567e+01  -2.4831021e+01
   1.9170000e+02   1.4164943e+02  -4.0671021e+01
   1.9180000e+02   4.6494325e+00  -3.2191021e+01
   1.9190000e+02  -8.2350567e+01  -2.7711021e+01
   1.9200000e+02  -7.7350567e+01  -4.2911021e+01
   1.9210000e+02   5.6649433e+01  -4.0271021e+01
   1.9220000e+02  -6.7350567e+01  -4.2311021e+01
   1.9230000e+02  -5.4350567e+01  -8.8310214e+00
   1.9240000e+02  -5.5350567e+01  -3.6791021e+01
   1.9250000e+02  -2.3505675e+00  -3.6911021e+01
   1.9260000e+02  -6.7350567e+01  -7.3110214e+00
   1.9270000e+02  -1.0350567e+01  -3.0591021e+01
   1.9280000e+02   1.9649433e+01   4.7208979e+01
   1.9290000e+02   3.0649433e+01   2.4768979e+01
   1.9300000e+02   1.9649433e+01  -1.5791021e+01
   1.9310000e+02  -7.7350567e+01  -9.9110214e+00
   1.9320000e+02   1.2649433e+01  -2.0511021e+01
   1.9330000e+02  -5.6350567e+01   4.1248979e+01
   1.9340000e+02   1.3649433e+01   4.9448979e+01
   1.9350000e+02   7.6494325e+00  -3.3110214e+00
   1.9360000e+02  -1.9350567e+01   1.6768979e+01
   1.9370000e+02   5.6494325e+00   1.0976898e+02
   1.9380000e+02   5.0649433e+01   4.8968979e+01
   1.9390000e+02   2.6494325e+00   9.8889786e+00
   1.9400000e+02  -3.2350567e+01  -1.8711021e+01
   1.9410000e+02   1.5649433e+01  -3.6310214e+00
   1.9420000e+02   5.3649433e+01   1.0848979e+01
   1.9430000e+02  -1.1350567e+01  -3.7551021e+01
   1.9440000e+02   9.3649433e+01   7.1248979e+01
   1.9450000e+02  -1.2350567e+01   1.5488979e+01
   1.9460000e+02  -1.1835057e+02   5.7289786e+00
   1.9470000e+02  -2.3350567e+01   6.0928979e+01
   1.9480000e+02   2.3649433e+01  -8.9510214e+00
   1.9490000e+02   3.6649433e+01   2.6528979e+01
   1.9500000e+02  -1.5350567e+01   2.6089786e+00
   1.9510000e+02  -4.1350567e+01   1.1648979e+01
   1.9520000e+02  -9.9350567e+01  -3.1031021e+01
   1.9530000e+02  -3.3350567e+01   3.4328979e+01
   1.9540000e+02  -5.3350567e+01  -6.8710214e+00
   1.9550000e+02  -4.4350567e+01  -2.3102144e-01
   1.9560000e+02   2.6494325e+00   8.8889786e+00
   1.9570000e+02  -4.3505675e+00  -3.9831021e+01
   1.9580000e+02  -3.3505675e+00  -4.8871021e+01
   1.9590000e+02  -5.9350567e+01  -3.8631021e+01
   1.9600000e+02  -4.3505675e+00  -7.8310214e+00
   1.9610000e+02   6.1649433e+01  -6.5471021e+01
   1.9620000e+02   5.5649433e+01  -3.3231021e+01
   1.9630000e+02  -6.4350567e+01  -4.8431021e+01
   1.9640000e+02  -2.3505675e+00   8.0889786e+00
   1.9650000e+02   3.6649433e+01  -5.4710214e+00
   1.9660000e+02   5.6649433e+01   8.7289786e+00
   1.9670000e+02   4.9649433e+01  -2.6991021e+01
   1.9680000e+02  -6.3350567e+01   1.5289786e+00
   1.9690000e+02  -6.5350567e+01  -3.7391021e+01
   1.9700000e+02  -7.3505675e+00  -5.2711021e+01
   1.9710000e+02  -3.5350567e+01  -1.1591021e+01
   1.9720000e+02  -1.9350567e+01  -2.0231021e+01
   1.9730000e+02   1.2649433e+01  -6.1511021e+01
   1.9740000e+02  -1.6350567e+01   8.6489786e+00
   1.9750000e+02  -2.1350567e+01  -2.3151021e+01
   1.9760000e+02  -3.5056747e-01  -2.6991021e+01
   1.9770000e+02  -4.4350567e+01   3.3768979e+01
   1.9780000e+02   3.5649433e+01  -2.2431021e+01
   1.9790000e+02   7.3649433e+01  -2.9951021e+01
   1.9800000e+02  -7.3350567e+01   4.9928979e+01
   1.9810000e+02  -6.6350567e+01  -4.1351021e+01
   1.9820000e+02   5.6494325e+00  -2.1231021e+01
   1.9830000e+02  -8.9350567e+01  -1.4310214e+00
   1.9840000e+02  -3.2350567e+01  -4.1711021e+01
   1.9850000e+02  -3.3505675e+00  -6.8710214e+00
   1.9860000e+02  -5.2350567e+01   2.1088979e+01
   1.9870000e+02   3.5649433e+01  -5.4310214e+00
   1.9880000e+02   7.4649433e+01  -1.5991021e+01
   1.9890000e+02  -1.2350567e+01  -2.2511021e+01
   1.9900000e+02  -6.2350567e+01  -2.9511021e+01
   1.9910000e+02  -1.8350567e+01   1.7289786e+00
   1.9920000e+02   5.3649433e+01   1.8848979e+01
   1.9930000e+02  -5.5350567e+01  -3.9791021e+01
   1.9940000e+02  -4.1350567e+01  -2.0351021e+01
   1.9950000e+02   3.0649433e+01  -3.2310214e+00
   1.9960000e+02   3.3649433e+01   2.2648979e+01
   1.9970000e+02  -5.2350567e+01   8.0889786e+00
   1.9980000e+02  -1.8350567e+01   5.6728979e+01
   1.9990000e+02   4.6494325e+00  -5.1910214e+00
