   0.0000000e+00   2.6522807e+02   1.7002596e+02
   1.0000000e-01   7.8228070e+01   1.4150596e+02
   2.0000000e-01   2.9022807e+02   1.6902596e+02
   3.0000000e-01   3.2822807e+02   4.1505965e+01
   4.0000000e-01   3.0622807e+02   9.3385965e+01
   5.0000000e-01   4.6022807e+02   6.4225965e+01
   6.0000000e-01   4.1322807e+02   6.7105965e+01
   7.0000000e-01   2.6222807e+02   5.4145965e+01
   8.0000000e-01   3.5422807e+02   7.6465965e+01
   9.0000000e-01   3.7022807e+02   9.4825965e+01
   1.0000000e+00   2.4822807e+02   1.1970596e+02
   1.1000000e+00   2.5022807e+02   1.1762596e+02
   1.2000000e+00   3.5622807e+02   1.7938596e+02
   1.3000000e+00   2.9122807e+02   1.3398596e+02
   1.4000000e+00   2.9822807e+02   2.2970596e+02
   1.5000000e+00   2.0522807e+02   1.1642596e+02
   1.6000000e+00   1.5922807e+02   2.2226596e+02
   1.7000000e+00   2.3122807e+02   6.8385965e+01
   1.8000000e+00   2.5222807e+02   8.3545965e+01
   1.9000000e+00   3.7922807e+02   1.6246596e+02
   2.0000000e+00   1.6622807e+02   1.2398596e+02
   2.1000000e+00   2.1222807e+02   1.4114596e+02
   2.2000000e+00   4.4322807e+02   9.9905965e+01
   2.3000000e+00   2.8122807e+02   1.0838596e+02
   2.4000000e+00   4.8822807e+02   6.6105965e+01
   2.5000000e+00   4.6722807e+02   1.3094596e+02
   2.6000000e+00   3.0122807e+02   4.7585965e+01
   2.7000000e+00   3.0722807e+02   5.0345965e+01
   2.8000000e+00   2.7522807e+02   9.5625965e+01
   2.9000000e+00   1.6522807e+02   1.5002596e+02
   3.0000000e+00   4.6522807e+02   6.3025965e+01
   3.1000000e+00   3.2322807e+02   1.5370596e+02
   3.2000000e+00   2.9422807e+02   5.4865965e+01
   3.3000000e+00   1.1822807e+02   8.5905965e+01
   3.4000000e+00   1.7622807e+02   1.6058596e+02
   3.5000000e+00   2.7122807e+02   5.7859649e+00
   3.6000000e+00   4.4622807e+02   8.3785965e+01
   3.7000000e+00   2.1822807e+02   1.1190596e+02
   3.8000000e+00   2.5022807e+02   1.1962596e+02
   3.9000000e+00   2.4422807e+02   8.5865965e+01
   4.0000000e+00   2.9822807e+02   1.7370596e+02
   4.1000000e+00   3.1422807e+02   1.7006596e+02
   4.2000000e+00   2.5122807e+02   4.0585965e+01
   4.3000000e+00   3.4422807e+02   1.0586596e+02
   4.4000000e+00   2.8622807e+02   1.2118596e+02
   4.5000000e+00   2.9822807e+02   1.3870596e+02
   4.6000000e+00   2.6522807e+02   1.8202596e+02
   4.7000000e+00   4.0322807e+02   3.8505965e+01
   4.8000000e+00   2.8722807e+02   1.0714596e+02
   4.9000000e+00   2.2722807e+02   1.7954596e+02
   5.0000000e+00   2.0322807e+02   3.1505965e+01
   5.1000000e+00   2.1122807e+02   4.7185965e+01
   5.2000000e+00   2.0422807e+02   7.2465965e+01
   5.3000000e+00   2.4722807e+02   7.5745965e+01
   5.4000000e+00   2.7022807e+02   7.0825965e+01
   5.5000000e+00   2.5322807e+02   3.1505965e+01
   5.6000000e+00   4.0122807e+02   6.9585965e+01
   5.7000000e+00   3.0922807e+02   2.0926596e+02
   5.8000000e+00   1.9722807e+02   7.7745965e+01
   5.9000000e+00   3.5022807e+02   7.6625965e+01
   6.0000000e+00   1.1422807e+02   1.5806596e+02
   6.1000000e+00   2.0922807e+02   8.7265965e+01
   6.2000000e+00   3.6422807e+02   1.2206596e+02
   6.3000000e+00   3.0822807e+02   2.0930596e+02
   6.4000000e+00   3.0022807e+02   9.6625965e+01
   6.5000000e+00   2.4722807e+02   1.8374596e+02
   6.6000000e+00   1.9922807e+02   7.4665965e+01
   6.7000000e+00   1.7822807e+02   1.4150596e+02
   6.8000000e+00   4.4222807e+02   1.7694596e+02
   6.9000000e+00   2.4522807e+02   6.4825965e+01
   7.0000000e+00   1.8422807e+02   1.1526596e+02
   7.1000000e+00   2.0822807e+02   4.6305965e+01
   7.2000000e+00   2.0522807e+02   1.9442596e+02
   7.3000000e+00   2.6522807e+02   7.0025965e+01
   7.4000000e+00   1.7122807e+02   1.2378596e+02
   7.5000000e+00   2.3422807e+02   1.0126596e+02
   7.6000000e+00   3.2422807e+02   1.4166596e+02
   7.7000000e+00   1.5422807e+02   1.2146596e+02
   7.8000000e+00   3.0622807e+02   1.1438596e+02
   7.9000000e+00   3.4522807e+02   4.5825965e+01
   8.0000000e+00   3.2722807e+02   9.1545965e+01
   8.1000000e+00   2.2022807e+02   6.1825965e+01
   8.2000000e+00   2.5022807e+02   8.4625965e+01
   8.3000000e+00   2.4322807e+02   4.2905965e+01
   8.4000000e+00   1.2922807e+02   5.2465965e+01
   8.5000000e+00   1.1322807e+02   8.0105965e+01
   8.6000000e+00   2.3022807e+02   5.9425965e+01
   8.7000000e+00   1.3022807e+02   4.1425965e+01
   8.8000000e+00   3.9822807e+02   1.8970596e+02
   8.9000000e+00   2.9422807e+02   9.2865965e+01
   9.0000000e+00   4.0422807e+02   1.3846596e+02
   9.1000000e+00   3.4322807e+02   6.3905965e+01
   9.2000000e+00   3.4822807e+02   3.3705965e+01
   9.3000000e+00   2.3922807e+02   1.6106596e+02
   9.4000000e+00   2.5422807e+02   1.3046596e+02
   9.5000000e+00   2.8022807e+02   3.4425965e+01
   9.6000000e+00   1.2822807e+02   8.9505965e+01
   9.7000000e+00   3.0022807e+02   7.7625965e+01
   9.8000000e+00   1.1622807e+02   6.7985965e+01
   9.9000000e+00   1.9822807e+02   6.8705965e+01
   1.0000000e+01   3.0322807e+02   1.1150596e+02
   1.0100000e+01   4.0422807e+02   1.6246596e+02
   1.0200000e+01   3.3722807e+02   1.4414596e+02
   1.0300000e+01   1.9922807e+02   1.3066596e+02
   1.0400000e+01   2.4422807e+02   1.4286596e+02
   1.0500000e+01   3.4622807e+02   7.9785965e+01
   1.0600000e+01   1.8022807e+02   1.3442596e+02
   1.0700000e+01   1.9922807e+02   1.1166596e+02
   1.0800000e+01   3.6322807e+02   4.9105965e+01
   1.0900000e+01   4.3322807e+02   2.6305965e+01
   1.1000000e+01   3.1122807e+02   3.7185965e+01
   1.1100000e+01   4.4822807e+02  -2.8294035e+01
   1.1200000e+01   3.6422807e+02  -4.5934035e+01
   1.1300000e+01   3.8522807e+02   2.6225965e+01
   1.1400000e+01   4.7422807e+02  -3.5334035e+01
   1.1500000e+01   3.5122807e+02   8.6585965e+01
   1.1600000e+01   3.9322807e+02  -2.1094035e+01
   1.1700000e+01   3.0122807e+02  -2.5414035e+01
   1.1800000e+01   5.3822807e+02  -8.8940351e+00
   1.1900000e+01   2.9622807e+02   4.5785965e+01
   1.2000000e+01   3.0722807e+02   7.9345965e+01
   1.2100000e+01   2.4422807e+02   9.8659649e+00
   1.2200000e+01   4.1522807e+02  -1.4974035e+01
   1.2300000e+01   5.6122807e+02  -1.4814035e+01
   1.2400000e+01   3.6522807e+02  -3.0974035e+01
   1.2500000e+01   4.2522807e+02   3.0625965e+01
   1.2600000e+01   3.5522807e+02   8.7425965e+01
   1.2700000e+01   6.1422807e+02   3.1065965e+01
   1.2800000e+01   4.8822807e+02   1.9105965e+01
   1.2900000e+01   4.3922807e+02   1.1065965e+01
   1.3000000e+01   4.8422807e+02   3.5265965e+01
   1.3100000e+01   6.6622807e+02   2.2985965e+01
   1.3200000e+01   5.0322807e+02   6.5505965e+01
   1.3300000e+01   4.2122807e+02   8.7859649e+00
   1.3400000e+01   4.3122807e+02  -8.6140351e+00
   1.3500000e+01   2.8122807e+02   1.7385965e+01
   1.3600000e+01   3.6522807e+02  -3.5974035e+01
   1.3700000e+01   3.2022807e+02   1.4825965e+01
   1.3800000e+01   2.9122807e+02   4.8985965e+01
   1.3900000e+01   4.8022807e+02  -5.5740351e+00
   1.4000000e+01   5.0522807e+02  -4.0574035e+01
   1.4100000e+01   4.9322807e+02  -4.5094035e+01
   1.4200000e+01   4.3422807e+02   5.2659649e+00
   1.4300000e+01   4.4222807e+02   3.9459649e+00
   1.4400000e+01   2.8522807e+02   3.7225965e+01
   1.4500000e+01   5.1822807e+02  -8.0940351e+00
   1.4600000e+01   5.1922807e+02   2.0865965e+01
   1.4700000e+01   5.1922807e+02   8.6596491e-01
   1.4800000e+01   3.1922807e+02   1.8865965e+01
   1.4900000e+01   2.7222807e+02  -2.0254035e+01
   1.5000000e+01   4.9322807e+02   9.2905965e+01
   1.5100000e+01   4.2322807e+02   2.7705965e+01
   1.5200000e+01   4.5022807e+02   2.5625965e+01
   1.5300000e+01   4.7422807e+02  -3.3403509e-01
   1.5400000e+01   2.3122807e+02   4.5385965e+01
   1.5500000e+01   2.4622807e+02   7.7859649e+00
   1.5600000e+01   4.1922807e+02   4.8659649e+00
   1.5700000e+01   6.5322807e+02  -5.4940351e+00
   1.5800000e+01   4.5822807e+02  -2.7694035e+01
   1.5900000e+01   5.8922807e+02   6.0659649e+00
   1.6000000e+01   4.4022807e+02   6.0259649e+00
   1.6100000e+01   3.9922807e+02  -1.8334035e+01
   1.6200000e+01   4.2122807e+02   8.0785965e+01
   1.6300000e+01   4.1922807e+02   1.3865965e+01
   1.6400000e+01   4.5922807e+02  -5.7734035e+01
   1.6500000e+01   4.1022807e+02   6.2225965e+01
   1.6600000e+01   4.2922807e+02   7.9465965e+01
   1.6700000e+01   5.6622807e+02   3.9985965e+01
   1.6800000e+01   3.3822807e+02   5.0105965e+01
   1.6900000e+01   4.2422807e+02   8.6659649e+00
   1.7000000e+01   4.9822807e+02  -2.3294035e+01
   1.7100000e+01   3.8322807e+02  -2.2694035e+01
   1.7200000e+01   5.1022807e+02   7.7225965e+01
   1.7300000e+01   2.8722807e+02  -3.2854035e+01
   1.7400000e+01   4.1122807e+02   8.1859649e+00
   1.7500000e+01   3.9122807e+02   1.1985965e+01
   1.7600000e+01   4.7722807e+02   4.1545965e+01
   1.7700000e+01   3.4322807e+02   6.1905965e+01
   1.7800000e+01   3.4422807e+02  -2.4134035e+01
   1.7900000e+01   3.3222807e+02   1.0345965e+01
   1.8000000e+01   4.2222807e+02   4.6745965e+01
   1.8100000e+01   4.7122807e+02   3.2785965e+01
   1.8200000e+01   5.4422807e+02  -1.9134035e+01
   1.8300000e+01   5.2122807e+02   1.7785965e+01
   1.8400000e+01   6.2322807e+02  -1.3294035e+01
   1.8500000e+01   3.8822807e+02   1.4105965e+01
   1.8600000e+01   5.3122807e+02  -6.6140351e+00
   1.8700000e+01   3.5322807e+02  -7.4940351e+00
   1.8800000e+01   5.7222807e+02  -1.1254035e+01
   1.8900000e+01   2.7822807e+02   3.8505965e+01
   1.9000000e+01   5.2022807e+02   2.9825965e+01
   1.9100000e+01   3.1822807e+02  -2.3094035e+01
   1.9200000e+01   4.7222807e+02  -4.2540351e+00
   1.9300000e+01   2.2822807e+02  -3.1494035e+01
   1.9400000e+01   5.4222807e+02   3.9945965e+01
   1.9500000e+01   5.1922807e+02   3.0865965e+01
   1.9600000e+01   4.7522807e+02  -1.2374035e+01
   1.9700000e+01   4.4622807e+02   1.4785965e+01
   1.9800000e+01   3.3922807e+02   9.5065965e+01
   1.9900000e+01   3.1822807e+02   6.9059649e+00
   2.0000000e+01   5.6522807e+02   7.0259649e+00
   2.0100000e+01   6.9422807e+02  -2.1134035e+01
   2.0200000e+01   3.4822807e+02   6.7059649e+00
   2.0300000e+01   4.6122807e+02   7.1859649e+00
   2.0400000e+01   4.5622807e+02  -5.6140351e+00
   2.0500000e+01   2.1622807e+02   5.5985965e+01
   2.0600000e+01   4.7822807e+02  -6.4940351e+00
   2.0700000e+01   3.6022807e+02   1.2322596e+02
   2.0800000e+01   3.4622807e+02   9.2785965e+01
   2.0900000e+01   3.7022807e+02  -2.3174035e+01
   2.1000000e+01   3.6222807e+02   3.4145965e+01
   2.1100000e+01   3.6622807e+02   1.3698596e+02
   2.1200000e+01   5.0522807e+02   8.5425965e+01
   2.1300000e+01   2.9022807e+02   1.0025965e+01
   2.1400000e+01   4.4122807e+02  -1.0140351e+00
   2.1500000e+01   4.4722807e+02  -4.5254035e+01
   2.1600000e+01   3.6022807e+02  -4.1774035e+01
   2.1700000e+01   2.8522807e+02  -2.3774035e+01
   2.1800000e+01   3.0922807e+02   3.1265965e+01
   2.1900000e+01   4.5522807e+02   2.7425965e+01
   2.2000000e+01   4.1322807e+02  -2.8940351e+00
   2.2100000e+01   3.7622807e+02  -7.4140351e+00
   2.2200000e+01   3.7822807e+02   4.7505965e+01
   2.2300000e+01   3.5722807e+02   6.4345965e+01
   2.2400000e+01   4.0722807e+02  -2.5654035e+01
   2.2500000e+01   4.4822807e+02  -2.9294035e+01
   2.2600000e+01   4.1122807e+02  -4.3814035e+01
   2.2700000e+01   2.8322807e+02  -2.3694035e+01
   2.2800000e+01   2.5722807e+02  -2.3654035e+01
   2.2900000e+01   3.0922807e+02   3.0265965e+01
   2.3000000e+01   2.5522807e+02   1.2425965e+01
   2.3100000e+01   2.0522807e+02   2.1425965e+01
   2.3200000e+01   3.3122807e+02   5.3859649e+00
   2.3300000e+01   3.5722807e+02  -4.7654035e+01
   2.3400000e+01   2.9822807e+02  -1.5294035e+01
   2.3500000e+01   1.9022807e+02   5.3025965e+01
   2.3600000e+01   3.8522807e+02   1.0522596e+02
   2.3700000e+01   1.5722807e+02   3.1345965e+01
   2.3800000e+01   3.7422807e+02  -2.0334035e+01
   2.3900000e+01   3.4522807e+02   5.8259649e+00
   2.4000000e+01   3.8022807e+02   3.2425965e+01
   2.4100000e+01   3.2622807e+02  -4.5414035e+01
   2.4200000e+01   2.1522807e+02   7.2025965e+01
   2.4300000e+01   3.1322807e+02   2.9105965e+01
   2.4400000e+01   3.3822807e+02   1.2105965e+01
   2.4500000e+01   2.2522807e+02  -1.2374035e+01
   2.4600000e+01   2.0622807e+02   6.2385965e+01
   2.4700000e+01   2.8422807e+02   3.3265965e+01
   2.4800000e+01   2.9722807e+02   8.3745965e+01
   2.4900000e+01   2.3822807e+02   3.3105965e+01
   2.5000000e+01   3.5522807e+02   1.7425965e+01
   2.5100000e+01   3.6222807e+02   4.1459649e+00
   2.5200000e+01   4.0322807e+02   2.9505965e+01
   2.5300000e+01   4.3322807e+02  -2.0694035e+01
   2.5400000e+01   3.4822807e+02   5.7059649e+00
   2.5500000e+01   2.2622807e+02   3.1585965e+01
   2.5600000e+01   3.5422807e+02   2.6465965e+01
   2.5700000e+01   4.2722807e+02  -3.0454035e+01
   2.5800000e+01   1.4222807e+02   7.9459649e+00
   2.5900000e+01   3.6722807e+02   3.4945965e+01
   2.6000000e+01   2.2222807e+02   2.4745965e+01
   2.6100000e+01   4.0622807e+02   1.8385965e+01
   2.6200000e+01   1.1122807e+02  -1.4814035e+01
   2.6300000e+01   8.4228070e+01  -2.0734035e+01
   2.6400000e+01  -9.7719298e+00  -4.4974035e+01
   2.6500000e+01  -2.9771930e+01  -9.1740351e+00
   2.6600000e+01   5.3228070e+01  -5.1494035e+01
   2.6700000e+01   2.9228070e+01   7.2465965e+01
   2.6800000e+01  -4.2771930e+01   1.3459649e+00
   2.6900000e+01   3.2280702e+00   2.8505965e+01
   2.7000000e+01  -3.1771930e+01   1.6905965e+01
   2.7100000e+01  -4.0771930e+01  -7.7340351e+00
   2.7200000e+01   2.8228070e+01   3.2505965e+01
   2.7300000e+01   7.2280702e+00   1.3345965e+01
   2.7400000e+01   1.2222807e+02  -2.8254035e+01
   2.7500000e+01  -4.2771930e+01  -2.5654035e+01
   2.7600000e+01  -4.7719298e+00  -4.1740351e+00
   2.7700000e+01   3.3228070e+01   5.6305965e+01
   2.7800000e+01  -5.1771930e+01   2.4705965e+01
   2.7900000e+01  -1.3771930e+01   4.5185965e+01
   2.8000000e+01  -3.1771930e+01   4.9059649e+00
   2.8100000e+01  -9.7719298e+00   2.5025965e+01
   2.8200000e+01   5.2280702e+00  -1.5574035e+01
   2.8300000e+01  -1.6771930e+01  -5.5694035e+01
   2.8400000e+01   1.7228070e+01   1.3945965e+01
   2.8500000e+01  -3.1771930e+01  -3.1094035e+01
   2.8600000e+01  -3.7719298e+00   3.4785965e+01
   2.8700000e+01  -3.9771930e+01   2.5225965e+01
   2.8800000e+01  -4.3771930e+01   2.3385965e+01
   2.8900000e+01   1.3022807e+02  -4.3574035e+01
   2.9000000e+01   1.0228070e+01  -1.2774035e+01
   2.9100000e+01   4.3228070e+01   4.0905965e+01
   2.9200000e+01   4.7228070e+01  -4.0254035e+01
   2.9300000e+01  -6.7719298e+00   5.0905965e+01
   2.9400000e+01   4.3228070e+01  -1.1094035e+01
   2.9500000e+01  -2.6771930e+01   2.6705965e+01
   2.9600000e+01  -8.2771930e+01   8.9459649e+00
   2.9700000e+01  -3.7771930e+01   2.2145965e+01
   2.9800000e+01  -1.0771930e+01   7.5065965e+01
   2.9900000e+01  -8.7719298e+00   4.8985965e+01
   3.0000000e+01  -3.7719298e+00  -3.1214035e+01
   3.0100000e+01  -5.9771930e+01   1.5025965e+01
   3.0200000e+01  -5.0771930e+01   6.6596491e-01
   3.0300000e+01  -3.7719298e+00  -1.2214035e+01
   3.0400000e+01  -6.0771930e+01   3.4065965e+01
   3.0500000e+01   7.8228070e+01  -4.9403509e-01
   3.0600000e+01   4.4228070e+01   3.4865965e+01
   3.0700000e+01   5.2280702e+00   6.9425965e+01
   3.0800000e+01  -7.3771930e+01   9.5859649e+00
   3.0900000e+01  -1.1977193e+02   3.3425965e+01
   3.1000000e+01  -2.7771930e+01  -2.2540351e+00
   3.1100000e+01   7.9228070e+01  -2.5340351e+00
   3.1200000e+01   8.2228070e+01   9.3345965e+01
   3.1300000e+01   4.2228070e+01  -2.2054035e+01
   3.1400000e+01   1.4228070e+01   1.2065965e+01
   3.1500000e+01  -1.2771930e+01   1.4145965e+01
   3.1600000e+01  -1.6771930e+01   1.1305965e+01
   3.1700000e+01   8.2280702e+00   3.4305965e+01
   3.1800000e+01   4.3228070e+01   8.9059649e+00
   3.1900000e+01   1.6722807e+02   1.9945965e+01
   3.2000000e+01  -5.9771930e+01   1.0259649e+00
   3.2100000e+01   4.4228070e+01  -1.2134035e+01
   3.2200000e+01   7.4228070e+01   7.1665965e+01
   3.2300000e+01   1.1122807e+02  -8.1403509e-01
   3.2400000e+01   1.3228070e+01  -2.5894035e+01
   3.2500000e+01  -1.1771930e+01   1.2105965e+01
   3.2600000e+01  -2.6771930e+01   3.7059649e+00
   3.2700000e+01   8.9228070e+01  -7.9340351e+00
   3.2800000e+01   8.2280702e+00   5.9305965e+01
   3.2900000e+01   2.6228070e+01  -4.4140351e+00
   3.3000000e+01  -3.1771930e+01   1.2190596e+02
   3.3100000e+01   9.0228070e+01   3.2025965e+01
   3.3200000e+01   9.9228070e+01  -1.0334035e+01
   3.3300000e+01   6.7228070e+01   2.9945965e+01
   3.3400000e+01  -2.7771930e+01   6.4745965e+01
   3.3500000e+01   3.0228070e+01  -5.5740351e+00
   3.3600000e+01  -2.7771930e+01  -1.3254035e+01
   3.3700000e+01   4.5228070e+01   1.6825965e+01
   3.3800000e+01   3.9228070e+01   4.5065965e+01
   3.3900000e+01   2.9228070e+01  -1.8534035e+01
   3.4000000e+01   5.2280702e+00   7.4259649e+00
   3.4100000e+01   9.6228070e+01  -1.4214035e+01
   3.4200000e+01   3.6228070e+01  -1.2814035e+01
   3.4300000e+01   1.2280702e+00  -2.2414035e+01
   3.4400000e+01   2.7228070e+01  -1.6454035e+01
   3.4500000e+01   1.0822807e+02   6.3059649e+00
   3.4600000e+01  -2.7719298e+00   2.9745965e+01
   3.4700000e+01   5.5228070e+01   1.3425965e+01
   3.4800000e+01   3.0228070e+01  -3.5574035e+01
   3.4900000e+01   5.3228070e+01   2.9505965e+01
   3.5000000e+01  -9.1771930e+01   4.3305965e+01
   3.5100000e+01   8.2280702e+00   6.3059649e+00
   3.5200000e+01   3.0228070e+01   3.1425965e+01
   3.5300000e+01  -1.3771930e+01   1.8596491e-01
   3.5400000e+01   2.7228070e+01  -1.0454035e+01
   3.5500000e+01   1.2228070e+01  -1.8540351e+00
   3.5600000e+01   2.5228070e+01   6.4625965e+01
   3.5700000e+01  -9.7719298e+00  -3.1974035e+01
   3.5800000e+01  -3.5771930e+01   3.0065965e+01
   3.5900000e+01   4.3228070e+01   3.4905965e+01
   3.6000000e+01  -5.7719298e+00   1.5865965e+01
   3.6100000e+01   1.8228070e+01   5.8905965e+01
   3.6200000e+01   5.8228070e+01  -2.5694035e+01
   3.6300000e+01   3.2228070e+01  -1.3654035e+01
   3.6400000e+01   3.8228070e+01  -3.3894035e+01
   3.6500000e+01   2.2228070e+01  -2.2254035e+01
   3.6600000e+01  -7.9771930e+01   5.4825965e+01
   3.6700000e+01   1.1622807e+02  -3.0140351e+00
   3.6800000e+01  -7.7719298e+00  -5.6054035e+01
   3.6900000e+01   1.2228070e+01  -5.8540351e+00
   3.7000000e+01   7.7228070e+01  -2.5454035e+01
   3.7100000e+01   4.8228070e+01   2.2705965e+01
   3.7200000e+01   9.2280702e+00  -4.8734035e+01
   3.7300000e+01  -3.6771930e+01   2.8105965e+01
   3.7400000e+01  -8.9771930e+01   2.2225965e+01
   3.7500000e+01  -2.9771930e+01   3.9825965e+01
   3.7600000e+01  -1.7771930e+01  -3.6540351e+00
   3.7700000e+01   1.9228070e+01   2.9865965e+01
   3.7800000e+01   1.4228070e+01  -7.9340351e+00
   3.7900000e+01  -2.8771930e+01   2.6785965e+01
   3.8000000e+01  -6.8771930e+01   2.6385965e+01
   3.8100000e+01   1.6228070e+01   5.0985965e+01
   3.8200000e+01   1.5222807e+02   5.8545965e+01
   3.8300000e+01  -2.7771930e+01  -1.4254035e+01
   3.8400000e+01  -3.5771930e+01  -3.9340351e+00
   3.8500000e+01  -8.2771930e+01   1.8594596e+02
   3.8600000e+01  -4.1771930e+01  -1.6940351e+00
   3.8700000e+01  -1.7719298e+00   1.1705965e+01
   3.8800000e+01   1.8228070e+01  -2.9094035e+01
   3.8900000e+01  -3.5771930e+01   4.9065965e+01
   3.9000000e+01  -4.8771930e+01   8.5859649e+00
   3.9100000e+01   1.2228070e+01  -4.0854035e+01
   3.9200000e+01  -3.1771930e+01  -3.0940351e+00
   3.9300000e+01  -5.7771930e+01  -4.4054035e+01
   3.9400000e+01  -2.2771930e+01   4.5459649e+00
   3.9500000e+01  -4.3771930e+01   8.4385965e+01
   3.9600000e+01   5.2280702e+00  -2.4574035e+01
   3.9700000e+01   2.2228070e+01  -4.2540351e+00
   3.9800000e+01   1.8228070e+01  -2.4094035e+01
   3.9900000e+01  -3.7771930e+01  -3.3854035e+01
   4.0000000e+01   4.3228070e+01   4.9059649e+00
   4.0100000e+01  -4.7719298e+00  -6.0174035e+01
   4.0200000e+01   5.2228070e+01  -3.8454035e+01
   4.0300000e+01  -1.1777193e+02  -1.2654035e+01
   4.0400000e+01   6.2280702e+00   7.3859649e+00
   4.0500000e+01   3.1228070e+01  -1.9614035e+01
   4.0600000e+01  -8.7719298e+00  -2.0014035e+01
   4.0700000e+01  -5.4771930e+01   3.5825965e+01
   4.0800000e+01   1.5228070e+01  -2.7974035e+01
   4.0900000e+01   1.8228070e+01  -2.7094035e+01
   4.1000000e+01  -3.2771930e+01  -1.0540351e+00
   4.1100000e+01   2.0228070e+01   2.2825965e+01
   4.1200000e+01  -6.4771930e+01  -3.6774035e+01
   4.1300000e+01  -4.1771930e+01  -2.7694035e+01
   4.1400000e+01  -2.2771930e+01   2.5459649e+00
   4.1500000e+01  -2.6771930e+01   9.7059649e+00
   4.1600000e+01  -4.7771930e+01  -2.4540351e+00
   4.1700000e+01  -2.1771930e+01   6.9505965e+01
   4.1800000e+01  -1.8771930e+01   1.2385965e+01
   4.1900000e+01   7.4228070e+01  -1.0334035e+01
   4.2000000e+01  -5.9771930e+01   2.0025965e+01
   4.2100000e+01   6.2280702e+00   3.3859649e+00
   4.2200000e+01  -6.0771930e+01   5.5065965e+01
   4.2300000e+01  -2.5771930e+01   1.6659649e+00
   4.2400000e+01   3.1228070e+01   6.8385965e+01
   4.2500000e+01  -6.0771930e+01   2.2065965e+01
   4.2600000e+01   6.7228070e+01  -5.4035088e-02
   4.2700000e+01   2.0228070e+01   2.5825965e+01
   4.2800000e+01   2.2280702e+00   1.9545965e+01
   4.2900000e+01  -4.8771930e+01  -4.1403509e-01
   4.3000000e+01   9.4228070e+01  -6.1340351e+00
   4.3100000e+01  -5.9771930e+01   2.6025965e+01
   4.3200000e+01  -1.1077193e+02   1.4065965e+01
   4.3300000e+01  -7.1771930e+01   7.6505965e+01
   4.3400000e+01   3.4228070e+01  -1.1734035e+01
   4.3500000e+01  -7.1771930e+01  -2.6494035e+01
   4.3600000e+01   1.2522807e+02  -1.2374035e+01
   4.3700000e+01   2.3228070e+01   5.5705965e+01
   4.3800000e+01  -8.1771930e+01   4.3905965e+01
   4.3900000e+01  -2.0771930e+01  -3.4534035e+01
   4.4000000e+01   3.5228070e+01   3.2225965e+01
   4.4100000e+01  -3.3771930e+01  -2.2014035e+01
   4.4200000e+01   5.8228070e+01  -1.0694035e+01
   4.4300000e+01  -8.5771930e+01   5.0659649e+00
   4.4400000e+01  -5.2771930e+01   3.7459649e+00
   4.4500000e+01  -3.4771930e+01  -1.9974035e+01
   4.4600000e+01   8.9228070e+01   7.0659649e+00
   4.4700000e+01   2.5228070e+01  -2.1374035e+01
   4.4800000e+01   4.1228070e+01   7.9859649e+00
   4.4900000e+01  -6.7719298e+00   2.9059649e+00
   4.5000000e+01   2.0228070e+01   2.1825965e+01
   4.5100000e+01   3.2228070e+01  -3.8654035e+01
   4.5200000e+01   3.5228070e+01  -4.6774035e+01
   4.5300000e+01  -3.4771930e+01  -2.5974035e+01
   4.5400000e+01   1.3922807e+02   8.0659649e+00
   4.5500000e+01   3.9228070e+01   1.8065965e+01
   4.5600000e+01   5.0228070e+01  -3.0374035e+01
   4.5700000e+01   6.3228070e+01  -3.3894035e+01
   4.5800000e+01   4.7228070e+01   1.4745965e+01
   4.5900000e+01  -7.8771930e+01   4.7859649e+00
   4.6000000e+01   4.1228070e+01  -3.8014035e+01
   4.6100000e+01  -7.1771930e+01  -8.4940351e+00
   4.6200000e+01  -2.6771930e+01   3.2705965e+01
   4.6300000e+01  -3.7719298e+00   7.2785965e+01
   4.6400000e+01   1.0228070e+01   4.0225965e+01
   4.6500000e+01  -9.3771930e+01  -5.6140351e+00
   4.6600000e+01   2.3228070e+01   5.9705965e+01
   4.6700000e+01   5.2280702e+00  -1.0574035e+01
   4.6800000e+01   3.8228070e+01   3.2105965e+01
   4.6900000e+01  -1.0771930e+01   1.3065965e+01
   4.7000000e+01   2.7228070e+01  -2.4454035e+01
   4.7100000e+01   3.0228070e+01   1.3425965e+01
   4.7200000e+01   9.0228070e+01  -4.9740351e+00
   4.7300000e+01   9.1228070e+01   2.1985965e+01
   4.7400000e+01   7.5228070e+01   4.6259649e+00
   4.7500000e+01  -6.4771930e+01  -6.7740351e+00
   4.7600000e+01  -2.4771930e+01  -9.3740351e+00
   4.7700000e+01   2.2280702e+00  -7.4540351e+00
   4.7800000e+01  -6.2771930e+01  -6.8540351e+00
   4.7900000e+01   9.7228070e+01   2.5745965e+01
   4.8000000e+01  -4.7719298e+00  -1.4174035e+01
   4.8100000e+01   3.4228070e+01   5.3265965e+01
   4.8200000e+01   1.5228070e+01   1.8025965e+01
   4.8300000e+01   7.2228070e+01   5.6745965e+01
   4.8400000e+01   5.5228070e+01  -3.9574035e+01
   4.8500000e+01   8.2280702e+00  -6.9403509e-01
   4.8600000e+01   1.3228070e+01   4.6105965e+01
   4.8700000e+01  -8.1771930e+01  -1.0094035e+01
   4.8800000e+01   9.9228070e+01   7.4665965e+01
   4.8900000e+01   2.9228070e+01   4.4659649e+00
   4.9000000e+01  -3.8771930e+01   8.1859649e+00
   4.9100000e+01   3.5228070e+01   3.1225965e+01
   4.9200000e+01  -2.6771930e+01  -5.3294035e+01
   4.9300000e+01  -1.6771930e+01   4.2305965e+01
   4.9400000e+01  -3.7719298e+00  -1.2140351e+00
   4.9500000e+01   2.9228070e+01   1.4465965e+01
   4.9600000e+01  -6.7719298e+00  -1.9094035e+01
   4.9700000e+01   4.8228070e+01   2.4705965e+01
   4.9800000e+01   1.3228070e+01  -4.8940351e+00
   4.9900000e+01  -9.4771930e+01   7.4425965e+01
   5.0000000e+01   1.4922807e+02   2.5665965e+01
   5.0100000e+01  -5.4771930e+01   6.1825965e+01
   5.0200000e+01   5.1228070e+01  -1.0414035e+01
   5.0300000e+01  -1.1771930e+01   1.5105965e+01
   5.0400000e+01  -6.7719298e+00  -9.0940351e+00
   5.0500000e+01  -7.9771930e+01  -4.5174035e+01
   5.0600000e+01  -7.7192982e-01   1.9665965e+01
   5.0700000e+01  -5.4771930e+01  -1.3174035e+01
   5.0800000e+01  -1.1177193e+02  -9.8940351e+00
   5.0900000e+01   4.6228070e+01   5.7859649e+00
   5.1000000e+01  -2.5771930e+01   4.2665965e+01
   5.1100000e+01   1.2228070e+01  -2.8540351e+00
   5.1200000e+01   6.0228070e+01  -4.1774035e+01
   5.1300000e+01  -6.3771930e+01   3.7185965e+01
   5.1400000e+01  -4.7771930e+01   1.5459649e+00
   5.1500000e+01   5.7228070e+01   8.1345965e+01
   5.1600000e+01   4.2228070e+01  -1.7054035e+01
   5.1700000e+01   1.9228070e+01   2.8659649e+00
   5.1800000e+01  -4.2771930e+01   2.7345965e+01
   5.1900000e+01   3.0228070e+01   4.2596491e-01
   5.2000000e+01  -4.6771930e+01   4.7505965e+01
   5.2100000e+01   5.1228070e+01   6.5859649e+00
   5.2200000e+01  -4.2771930e+01  -1.0654035e+01
   5.2300000e+01  -2.1771930e+01   6.5505965e+01
   5.2400000e+01   9.6228070e+01  -2.1403509e-01
   5.2500000e+01  -2.1771930e+01  -1.4940351e+00
   5.2600000e+01   2.2228070e+01  -1.6254035e+01
   5.2700000e+01   4.1228070e+01   3.5985965e+01
   5.2800000e+01   3.2280702e+00  -4.4494035e+01
   5.2900000e+01   1.4522807e+02   2.2825965e+01
   5.3000000e+01   7.7228070e+01  -3.2454035e+01
   5.3100000e+01   3.1228070e+01  -1.4614035e+01
   5.3200000e+01  -5.4771930e+01  -2.1174035e+01
   5.3300000e+01  -2.1771930e+01   8.3505965e+01
   5.3400000e+01   6.1228070e+01  -5.8140351e+00
   5.3500000e+01  -3.8771930e+01   1.0185965e+01
   5.3600000e+01   6.7228070e+01  -1.2054035e+01
   5.3700000e+01   1.7228070e+01   1.2194596e+02
   5.3800000e+01   1.0122807e+02   2.9585965e+01
   5.3900000e+01  -9.7719298e+00  -6.9740351e+00
   5.4000000e+01   1.5228070e+01   1.0025965e+01
   5.4100000e+01   8.2280702e+00   3.0596491e-01
   5.4200000e+01   3.9228070e+01   4.2065965e+01
   5.4300000e+01  -3.7719298e+00   3.7859649e+00
   5.4400000e+01   5.9228070e+01  -3.3734035e+01
   5.4500000e+01   1.3322807e+02   7.3059649e+00
   5.4600000e+01   4.2280702e+00  -3.2534035e+01
   5.4700000e+01   3.6228070e+01   6.1859649e+00
   5.4800000e+01  -3.6771930e+01   3.3105965e+01
   5.4900000e+01  -1.0777193e+02  -1.0054035e+01
   5.5000000e+01   4.1228070e+01  -1.6014035e+01
   5.5100000e+01  -7.1771930e+01  -4.4940351e+00
   5.5200000e+01  -2.2771930e+01   9.5459649e+00
   5.5300000e+01  -4.1771930e+01  -5.5694035e+01
   5.5400000e+01   7.2228070e+01  -6.2540351e+00
   5.5500000e+01  -1.5771930e+01  -5.7340351e+00
   5.5600000e+01   3.6228070e+01  -1.3814035e+01
   5.5700000e+01   5.2280702e+00   3.4425965e+01
   5.5800000e+01  -7.6771930e+01  -3.8294035e+01
   5.5900000e+01  -2.7771930e+01   7.7459649e+00
   5.6000000e+01   4.5228070e+01  -2.2174035e+01
   5.6100000e+01  -1.0377193e+02  -1.7214035e+01
   5.6200000e+01  -6.4771930e+01  -2.2774035e+01
   5.6300000e+01   5.2228070e+01   1.0545965e+01
   5.6400000e+01  -4.3771930e+01   6.8385965e+01
   5.6500000e+01   1.2280702e+00  -5.4140351e+00
   5.6600000e+01   1.3722807e+02  -3.5854035e+01
   5.6700000e+01   5.2280702e+00  -2.3574035e+01
   5.6800000e+01   5.3228070e+01  -2.1494035e+01
   5.6900000e+01  -5.5771930e+01   4.1865965e+01
   5.7000000e+01  -1.7771930e+01   5.2345965e+01
   5.7100000e+01   1.0622807e+02   4.5385965e+01
   5.7200000e+01  -2.4771930e+01   1.1625965e+01
   5.7300000e+01  -6.2771930e+01  -1.8540351e+00
   5.7400000e+01   2.1228070e+01   2.5785965e+01
   5.7500000e+01  -4.2771930e+01  -1.3654035e+01
   5.7600000e+01   1.5228070e+01  -2.1974035e+01
   5.7700000e+01  -2.5771930e+01   1.8665965e+01
   5.7800000e+01  -2.4771930e+01   3.4625965e+01
   5.7900000e+01   1.1322807e+02   3.6105965e+01
   5.8000000e+01  -9.6771930e+01   8.5505965e+01
   5.8100000e+01   3.6228070e+01  -8.8140351e+00
   5.8200000e+01  -5.7719298e+00   1.3865965e+01
   5.8300000e+01  -2.3771930e+01   5.2585965e+01
   5.8400000e+01  -3.7771930e+01   1.1459649e+00
   5.8500000e+01   9.6228070e+01  -6.1214035e+01
   5.8600000e+01   8.2280702e+00   4.5305965e+01
   5.8700000e+01  -1.8771930e+01   8.3859649e+00
   5.8800000e+01   1.4228070e+01  -3.5934035e+01
   5.8900000e+01  -1.2771930e+01  -1.8540351e+00
   5.9000000e+01  -4.1771930e+01  -1.3694035e+01
   5.9100000e+01   3.8228070e+01   7.1059649e+00
   5.9200000e+01   2.0228070e+01  -1.7174035e+01
   5.9300000e+01   2.8228070e+01   7.5059649e+00
   5.9400000e+01  -3.3771930e+01   7.9859649e+00
   5.9500000e+01  -1.8771930e+01   4.3859649e+00
   5.9600000e+01   8.2280702e+00   4.6305965e+01
   5.9700000e+01   3.3228070e+01  -1.9694035e+01
   5.9800000e+01  -2.5771930e+01   4.2665965e+01
   5.9900000e+01   3.2228070e+01  -1.6540351e+00
   6.0000000e+01   1.8228070e+01   3.5905965e+01
   6.0100000e+01   6.4228070e+01   5.6065965e+01
   6.0200000e+01   5.0228070e+01   2.7625965e+01
   6.0300000e+01   2.8228070e+01  -1.2494035e+01
   6.0400000e+01   1.0228070e+01   1.1225965e+01
   6.0500000e+01  -1.8771930e+01   5.3859649e+00
   6.0600000e+01  -1.9771930e+01   1.1425965e+01
   6.0700000e+01  -9.8771930e+01   2.5585965e+01
   6.0800000e+01   1.1622807e+02  -3.4014035e+01
   6.0900000e+01   2.4228070e+01  -2.5334035e+01
   6.1000000e+01  -3.2771930e+01  -1.0540351e+00
   6.1100000e+01   9.8228070e+01  -3.5294035e+01
   6.1200000e+01   3.1228070e+01  -3.2614035e+01
   6.1300000e+01  -4.7719298e+00  -2.2174035e+01
   6.1400000e+01  -6.7719298e+00  -2.5094035e+01
   6.1500000e+01   2.3228070e+01  -4.3294035e+01
   6.1600000e+01   9.4228070e+01  -3.1134035e+01
   6.1700000e+01   3.3228070e+01   6.5305965e+01
   6.1800000e+01  -1.0877193e+02   7.9859649e+00
   6.1900000e+01  -1.1771930e+01   7.1059649e+00
   6.2000000e+01  -2.5771930e+01  -2.8334035e+01
   6.2100000e+01  -3.7719298e+00  -2.7214035e+01
   6.2200000e+01   4.6228070e+01   3.2785965e+01
   6.2300000e+01   8.2280702e+00  -1.3694035e+01
   6.2400000e+01   4.7228070e+01   1.6745965e+01
   6.2500000e+01  -5.8771930e+01  -1.5014035e+01
   6.2600000e+01   4.9228070e+01   1.6665965e+01
   6.2700000e+01  -8.0771930e+01  -3.5134035e+01
   6.2800000e+01   4.0228070e+01  -2.3974035e+01
   6.2900000e+01   2.0228070e+01  -2.1174035e+01
   6.3000000e+01   2.7228070e+01  -3.9454035e+01
   6.3100000e+01  -5.0771930e+01  -5.3340351e+00
   6.3200000e+01  -7.8771930e+01   1.5785965e+01
   6.3300000e+01   1.0228070e+01   1.3225965e+01
   6.3400000e+01  -4.2771930e+01  -3.0654035e+01
   6.3500000e+01  -3.4771930e+01  -1.8974035e+01
   6.3600000e+01  -4.8771930e+01   1.0585965e+01
   6.3700000e+01  -6.8771930e+01  -1.9614035e+01
   6.3800000e+01  -2.6771930e+01  -2.2294035e+01
   6.3900000e+01  -1.3771930e+01  -8.8140351e+00
   6.4000000e+01   2.1228070e+01   1.3785965e+01
   6.4100000e+01   2.9228070e+01   2.4659649e+00
   6.4200000e+01  -4.1771930e+01  -2.7694035e+01
   6.4300000e+01   4.5228070e+01  -4.3174035e+01
   6.4400000e+01   3.3228070e+01  -1.3694035e+01
   6.4500000e+01   4.0228070e+01  -3.9974035e+01
   6.4600000e+01   3.2228070e+01  -4.2654035e+01
   6.4700000e+01  -3.0771930e+01   9.2865965e+01
   6.4800000e+01  -5.7771930e+01  -4.0540351e+00
   6.4900000e+01  -7.7192982e-01  -2.3334035e+01
   6.5000000e+01   6.9228070e+01  -2.8134035e+01
   6.5100000e+01   1.0228070e+01  -1.9774035e+01
   6.5200000e+01  -1.9771930e+01   2.7425965e+01
   6.5300000e+01   6.2280702e+00   2.0385965e+01
   6.5400000e+01  -3.6771930e+01   1.8105965e+01
   6.5500000e+01  -4.8771930e+01  -4.3414035e+01
   6.5600000e+01  -1.5771930e+01   3.2659649e+00
   6.5700000e+01   3.5228070e+01  -3.8774035e+01
   6.5800000e+01   1.8228070e+01  -3.6094035e+01
   6.5900000e+01   4.9228070e+01  -1.8334035e+01
   6.6000000e+01   4.9228070e+01   2.0665965e+01
   6.6100000e+01   1.7228070e+01  -2.7054035e+01
   6.6200000e+01  -4.7771930e+01  -3.8454035e+01
   6.6300000e+01  -3.3771930e+01  -4.1014035e+01
   6.6400000e+01  -2.0771930e+01  -4.2534035e+01
   6.6500000e+01   4.1228070e+01   1.9985965e+01
   6.6600000e+01  -5.2771930e+01  -3.5254035e+01
   6.6700000e+01   5.6228070e+01   3.3859649e+00
   6.6800000e+01  -6.7719298e+00   2.8905965e+01
   6.6900000e+01  -4.3771930e+01  -1.9614035e+01
   6.7000000e+01   8.4228070e+01   1.9265965e+01
   6.7100000e+01   5.8228070e+01   3.3059649e+00
   6.7200000e+01  -3.9771930e+01  -4.3774035e+01
   6.7300000e+01  -1.9771930e+01   2.2425965e+01
   6.7400000e+01  -6.4771930e+01  -2.8774035e+01
   6.7500000e+01   4.5228070e+01   1.7825965e+01
   6.7600000e+01  -8.7719298e+00  -2.4014035e+01
   6.7700000e+01   1.3722807e+02   7.1145965e+01
   6.7800000e+01   6.6228070e+01  -1.4014035e+01
   6.7900000e+01   9.2228070e+01   5.9459649e+00
   6.8000000e+01   6.9228070e+01   1.1865965e+01
   6.8100000e+01   9.6228070e+01   9.7859649e+00
   6.8200000e+01  -4.9771930e+01   2.0625965e+01
   6.8300000e+01  -5.4771930e+01   3.7825965e+01
   6.8400000e+01   7.2280702e+00   4.0345965e+01
   6.8500000e+01  -2.0771930e+01   3.6465965e+01
   6.8600000e+01   1.2280702e+00  -4.1403509e-01
   6.8700000e+01  -3.6771930e+01   2.7105965e+01
   6.8800000e+01   1.0228070e+01   5.6225965e+01
   6.8900000e+01  -2.9771930e+01   5.2825965e+01
   6.9000000e+01  -1.1771930e+01  -3.8940351e+00
   6.9100000e+01   1.3228070e+01  -4.0894035e+01
   6.9200000e+01  -3.1771930e+01   1.7905965e+01
   6.9300000e+01  -7.7719298e+00  -3.4054035e+01
   6.9400000e+01   1.4228070e+01   1.8065965e+01
   6.9500000e+01  -6.2771930e+01   1.1459649e+00
   6.9600000e+01   1.0922807e+02  -6.7340351e+00
   6.9700000e+01   1.0122807e+02   5.9585965e+01
   6.9800000e+01  -3.4771930e+01   3.0259649e+00
   6.9900000e+01   1.0022807e+02  -1.2374035e+01
   7.0000000e+01   7.5228070e+01   2.3625965e+01
   7.0100000e+01   1.9228070e+01  -1.1340351e+00
   7.0200000e+01  -3.6771930e+01   5.7105965e+01
   7.0300000e+01  -2.0771930e+01   5.4659649e+00
   7.0400000e+01  -8.7719298e+00   2.6985965e+01
   7.0500000e+01  -3.0771930e+01   4.4865965e+01
   7.0600000e+01  -4.0771930e+01   3.2659649e+00
   7.0700000e+01   5.5228070e+01   4.2596491e-01
   7.0800000e+01  -1.7771930e+01  -1.1654035e+01
   7.0900000e+01   4.0228070e+01  -3.2974035e+01
   7.1000000e+01   7.2280702e+00   3.1345965e+01
   7.1100000e+01  -1.1771930e+01  -4.8940351e+00
   7.1200000e+01  -5.0771930e+01   9.6659649e+00
   7.1300000e+01  -3.3771930e+01  -5.0140351e+00
   7.1400000e+01  -2.1771930e+01  -2.3494035e+01
   7.1500000e+01   9.9228070e+01   2.7665965e+01
   7.1600000e+01   1.2422807e+02  -2.3340351e+00
   7.1700000e+01   1.1622807e+02  -7.0140351e+00
   7.1800000e+01   3.4228070e+01  -1.8734035e+01
   7.1900000e+01  -6.7771930e+01   2.6345965e+01
   7.2000000e+01   6.1228070e+01   4.4185965e+01
   7.2100000e+01   2.7228070e+01  -2.5454035e+01
   7.2200000e+01   2.4228070e+01  -1.8334035e+01
   7.2300000e+01  -7.9771930e+01  -2.2174035e+01
   7.2400000e+01  -2.3771930e+01  -2.3414035e+01
   7.2500000e+01   8.2228070e+01   3.7345965e+01
   7.2600000e+01  -3.6771930e+01  -5.4894035e+01
   7.2700000e+01   9.4228070e+01  -2.2134035e+01
   7.2800000e+01   6.7228070e+01  -8.0540351e+00
   7.2900000e+01  -1.1771930e+01  -3.8894035e+01
   7.3000000e+01  -4.6771930e+01   1.4505965e+01
   7.3100000e+01  -4.8771930e+01  -1.0414035e+01
   7.3200000e+01  -1.9771930e+01   2.6425965e+01
   7.3300000e+01   5.4228070e+01  -5.5340351e+00
   7.3400000e+01  -3.3771930e+01   1.0985965e+01
   7.3500000e+01   1.6622807e+02  -3.7014035e+01
   7.3600000e+01  -3.9771930e+01   1.2225965e+01
   7.3700000e+01   1.2228070e+01  -7.8540351e+00
   7.3800000e+01   2.9228070e+01  -4.3534035e+01
   7.3900000e+01  -8.2771930e+01   2.3945965e+01
   7.4000000e+01   4.3228070e+01   4.8905965e+01
   7.4100000e+01  -2.2771930e+01   1.9545965e+01
   7.4200000e+01   2.2228070e+01  -2.7254035e+01
   7.4300000e+01   6.4228070e+01  -1.7934035e+01
   7.4400000e+01  -8.4771930e+01  -2.3974035e+01
   7.4500000e+01  -1.6771930e+01  -2.1694035e+01
   7.4600000e+01   4.9228070e+01  -1.1334035e+01
   7.4700000e+01   5.2280702e+00   9.4259649e+00
   7.4800000e+01   5.2280702e+00  -1.4574035e+01
   7.4900000e+01   4.0228070e+01   2.5025965e+01
   7.5000000e+01  -6.0771930e+01  -1.9934035e+01
   7.5100000e+01   6.2280702e+00  -5.2614035e+01
   7.5200000e+01  -2.6771930e+01  -2.1294035e+01
   7.5300000e+01   5.8228070e+01  -3.6940351e+00
   7.5400000e+01  -5.6771930e+01  -1.5094035e+01
   7.5500000e+01   1.4822807e+02  -3.2294035e+01
   7.5600000e+01   4.3228070e+01   2.1905965e+01
   7.5700000e+01  -1.0771930e+01  -5.3934035e+01
   7.5800000e+01   3.7228070e+01  -1.1854035e+01
   7.5900000e+01  -1.1177193e+02  -2.8940351e+00
   7.6000000e+01  -5.0771930e+01  -4.3340351e+00
   7.6100000e+01  -2.7719298e+00   7.7745965e+01
   7.6200000e+01  -1.7771930e+01  -9.6540351e+00
   7.6300000e+01  -6.5771930e+01  -1.2734035e+01
   7.6400000e+01  -1.9771930e+01  -2.9574035e+01
   7.6500000e+01  -5.7719298e+00   2.5865965e+01
   7.6600000e+01   1.0228070e+01   1.4225965e+01
   7.6700000e+01  -5.9771930e+01  -5.8974035e+01
   7.6800000e+01   2.7228070e+01   3.1545965e+01
   7.6900000e+01  -1.4771930e+01  -3.7774035e+01
   7.7000000e+01   5.2280702e+00  -3.8574035e+01
   7.7100000e+01   2.3228070e+01  -9.2940351e+00
   7.7200000e+01  -5.1771930e+01   1.3705965e+01
   7.7300000e+01  -1.7719298e+00   1.8705965e+01
   7.7400000e+01  -5.9771930e+01  -2.9974035e+01
   7.7500000e+01   4.2280702e+00   1.7465965e+01
   7.7600000e+01   8.5228070e+01   3.6225965e+01
   7.7700000e+01  -3.5771930e+01  -3.9340351e+00
   7.7800000e+01   3.0228070e+01  -1.4574035e+01
   7.7900000e+01   4.1228070e+01   9.8596491e-01
   7.8000000e+01  -7.6771930e+01   2.4705965e+01
   7.8100000e+01   5.2228070e+01  -3.9454035e+01
   7.8200000e+01  -4.0771930e+01  -2.3734035e+01
   7.8300000e+01   3.9228070e+01  -3.5934035e+01
   7.8400000e+01  -5.2771930e+01  -2.8254035e+01
   7.8500000e+01   1.1228070e+01  -3.6814035e+01
   7.8600000e+01   2.8228070e+01   4.3505965e+01
   7.8700000e+01  -9.7771930e+01  -1.4454035e+01
   7.8800000e+01  -7.7719298e+00   1.9459649e+00
   7.8900000e+01   7.2280702e+00  -2.6540351e+00
   7.9000000e+01  -6.3771930e+01  -1.3814035e+01
   7.9100000e+01   1.1122807e+02   7.1859649e+00
   7.9200000e+01   5.3228070e+01   2.3505965e+01
   7.9300000e+01   7.1228070e+01  -9.2140351e+00
   7.9400000e+01   3.8228070e+01   3.1059649e+00
   7.9500000e+01  -6.2771930e+01  -6.8540351e+00
   7.9600000e+01   1.1422807e+02   9.0659649e+00
   7.9700000e+01   1.0022807e+02  -5.2374035e+01
   7.9800000e+01   9.2280702e+00   7.2659649e+00
   7.9900000e+01   5.2280702e+00   7.2425965e+01
   8.0000000e+01   5.5228070e+01   7.7425965e+01
   8.0100000e+01  -3.7719298e+00   4.3785965e+01
   8.0200000e+01  -2.6771930e+01   9.2705965e+01
   8.0300000e+01   4.2228070e+01  -1.6054035e+01
   8.0400000e+01   8.2280702e+00   3.9305965e+01
   8.0500000e+01  -6.7719298e+00  -1.3094035e+01
   8.0600000e+01   8.2228070e+01   4.3459649e+00
   8.0700000e+01   1.9228070e+01   8.6596491e-01
   8.0800000e+01   1.0122807e+02   5.0585965e+01
   8.0900000e+01   3.6228070e+01   1.8185965e+01
   8.1000000e+01  -1.7771930e+01  -6.5403509e-01
   8.1100000e+01  -7.1771930e+01   3.1505965e+01
   8.1200000e+01  -6.1771930e+01   1.9105965e+01
   8.1300000e+01  -2.6771930e+01   1.6705965e+01
   8.1400000e+01   5.2228070e+01  -1.9454035e+01
   8.1500000e+01  -2.7771930e+01  -3.2254035e+01
   8.1600000e+01   7.9228070e+01  -4.7534035e+01
   8.1700000e+01  -1.0277193e+02  -4.4254035e+01
   8.1800000e+01  -1.5771930e+01  -1.7340351e+00
   8.1900000e+01  -3.3771930e+01   1.5985965e+01
   8.2000000e+01   1.4228070e+01  -1.9340351e+00
   8.2100000e+01   4.5228070e+01  -5.1740351e+00
   8.2200000e+01  -5.7719298e+00   1.1865965e+01
   8.2300000e+01  -4.2771930e+01  -8.6540351e+00
   8.2400000e+01   4.0228070e+01  -2.1974035e+01
   8.2500000e+01  -2.5771930e+01  -8.3340351e+00
   8.2600000e+01  -9.9771930e+01   8.6259649e+00
   8.2700000e+01  -7.8771930e+01   3.2785965e+01
   8.2800000e+01   1.1322807e+02  -3.4894035e+01
   8.2900000e+01   4.7228070e+01  -6.2540351e+00
   8.3000000e+01  -2.0771930e+01  -2.5534035e+01
   8.3100000e+01   1.4228070e+01  -5.4934035e+01
   8.3200000e+01  -2.1771930e+01  -1.4494035e+01
   8.3300000e+01  -8.7719298e+00   5.2985965e+01
   8.3400000e+01   4.7228070e+01  -3.4254035e+01
   8.3500000e+01  -3.8771930e+01   3.4185965e+01
   8.3600000e+01  -6.1771930e+01  -4.9894035e+01
   8.3700000e+01   9.2280702e+00   2.6596491e-01
   8.3800000e+01  -5.7771930e+01   6.9459649e+00
   8.3900000e+01   2.8228070e+01  -3.4494035e+01
   8.4000000e+01  -5.4771930e+01   1.3825965e+01
   8.4100000e+01  -5.9771930e+01   3.1025965e+01
   8.4200000e+01   9.2280702e+00  -3.9734035e+01
   8.4300000e+01   2.4228070e+01  -2.0334035e+01
   8.4400000e+01   1.1322807e+02  -3.0894035e+01
   8.4500000e+01  -5.1771930e+01   1.1705965e+01
   8.4600000e+01  -6.1771930e+01  -1.8894035e+01
   8.4700000e+01  -6.0771930e+01   5.4065965e+01
   8.4800000e+01   2.8228070e+01   2.9505965e+01
   8.4900000e+01  -9.5771930e+01  -5.4534035e+01
   8.5000000e+01  -3.9771930e+01   4.9225965e+01
   8.5100000e+01   1.5228070e+01   1.0259649e+00
   8.5200000e+01  -2.7719298e+00   2.7459649e+00
   8.5300000e+01   9.8228070e+01  -2.1294035e+01
   8.5400000e+01   2.2807018e-01  -4.5374035e+01
   8.5500000e+01  -6.4771930e+01   3.1225965e+01
   8.5600000e+01  -7.5771930e+01  -3.1334035e+01
   8.5700000e+01   2.7228070e+01  -4.7454035e+01
   8.5800000e+01  -7.3771930e+01  -2.6414035e+01
   8.5900000e+01   3.6228070e+01   2.0185965e+01
   8.6000000e+01   2.8228070e+01   1.9505965e+01
   8.6100000e+01  -7.1771930e+01  -1.4940351e+00
   8.6200000e+01  -6.7719298e+00  -5.0940351e+00
   8.6300000e+01  -5.7719298e+00  -2.6134035e+01
   8.6400000e+01   3.4228070e+01   3.1265965e+01
   8.6500000e+01   3.3228070e+01  -3.5694035e+01
   8.6600000e+01   6.7228070e+01  -3.5054035e+01
   8.6700000e+01   1.0322807e+02   2.6505965e+01
   8.6800000e+01  -7.0771930e+01  -2.0534035e+01
   8.6900000e+01  -1.1477193e+02  -2.4774035e+01
   8.7000000e+01  -4.4771930e+01  -1.5574035e+01
   8.7100000e+01  -2.5771930e+01  -3.2334035e+01
   8.7200000e+01  -2.9771930e+01   3.0825965e+01
   8.7300000e+01   4.3228070e+01  -1.9094035e+01
   8.7400000e+01   2.9228070e+01  -1.5340351e+00
   8.7500000e+01  -7.7719298e+00   2.0945965e+01
   8.7600000e+01  -3.9771930e+01  -7.7740351e+00
   8.7700000e+01  -2.7719298e+00   4.3745965e+01
   8.7800000e+01  -6.0771930e+01  -7.9340351e+00
   8.7900000e+01   5.3228070e+01  -3.8494035e+01
   8.8000000e+01   3.3228070e+01   8.3059649e+00
   8.8100000e+01   6.2280702e+00   1.5385965e+01
   8.8200000e+01   1.1022807e+02   1.5225965e+01
   8.8300000e+01   3.8228070e+01  -1.8940351e+00
   8.8400000e+01  -3.2771930e+01   4.7945965e+01
   8.8500000e+01  -7.7719298e+00  -2.9054035e+01
   8.8600000e+01  -1.9771930e+01  -4.8574035e+01
   8.8700000e+01   1.4022807e+02   4.0025965e+01
   8.8800000e+01   9.9228070e+01   2.8665965e+01
   8.8900000e+01  -4.7771930e+01  -9.4540351e+00
   8.9000000e+01  -7.6771930e+01  -3.3294035e+01
   8.9100000e+01  -1.3771930e+01   2.3185965e+01
   8.9200000e+01  -3.0771930e+01  -2.3134035e+01
   8.9300000e+01  -9.7719298e+00  -2.7974035e+01
   8.9400000e+01  -7.7719298e+00  -2.0540351e+00
   8.9500000e+01   7.7228070e+01  -4.9454035e+01
   8.9600000e+01   1.1228070e+01   1.8185965e+01
   8.9700000e+01   1.9228070e+01  -3.5134035e+01
   8.9800000e+01  -7.5771930e+01   5.6659649e+00
   8.9900000e+01  -6.0771930e+01   1.0065965e+01
   9.0000000e+01  -1.4771930e+01  -3.5774035e+01
   9.0100000e+01   3.5228070e+01   2.6225965e+01
   9.0200000e+01  -9.0771930e+01  -1.4734035e+01
   9.0300000e+01  -2.3771930e+01   4.6585965e+01
   9.0400000e+01  -5.7719298e+00   4.8659649e+00
   9.0500000e+01  -8.5771930e+01  -7.9340351e+00
   9.0600000e+01   8.2280702e+00   3.4305965e+01
   9.0700000e+01  -2.7771930e+01   3.5745965e+01
   9.0800000e+01   1.7228070e+01  -1.2054035e+01
   9.0900000e+01   1.7222807e+02  -5.4254035e+01
   9.1000000e+01  -8.8771930e+01   1.1185965e+01
   9.1100000e+01  -1.9771930e+01   1.4425965e+01
   9.1200000e+01  -1.5771930e+01  -7.3403509e-01
   9.1300000e+01  -5.8771930e+01   1.2985965e+01
   9.1400000e+01  -8.7771930e+01  -1.8540351e+00
   9.1500000e+01   2.2228070e+01   2.4745965e+01
   9.1600000e+01  -8.0771930e+01  -1.9134035e+01
   9.1700000e+01   4.9228070e+01   1.1665965e+01
   9.1800000e+01  -3.9771930e+01  -1.0774035e+01
   9.1900000e+01  -3.9771930e+01  -4.2774035e+01
   9.2000000e+01  -5.3771930e+01  -5.0214035e+01
   9.2100000e+01   6.0228070e+01  -3.1774035e+01
   9.2200000e+01  -3.4771930e+01  -1.1974035e+01
   9.2300000e+01   1.3228070e+01   1.4105965e+01
   9.2400000e+01   2.9228070e+01  -5.3534035e+01
   9.2500000e+01   4.3228070e+01  -3.6094035e+01
   9.2600000e+01  -1.9771930e+01   3.1425965e+01
   9.2700000e+01   2.8228070e+01  -4.8494035e+01
   9.2800000e+01  -6.2771930e+01   1.6145965e+01
   9.2900000e+01   5.7228070e+01   1.5345965e+01
   9.3000000e+01  -3.5771930e+01  -4.1934035e+01
   9.3100000e+01   1.3228070e+01  -2.8940351e+00
   9.3200000e+01   5.3228070e+01   2.5505965e+01
   9.3300000e+01  -6.7719298e+00  -1.8094035e+01
   9.3400000e+01  -1.0177193e+02  -2.0294035e+01
   9.3500000e+01   4.4228070e+01  -2.3134035e+01
   9.3600000e+01  -6.7719298e+00  -9.0940351e+00
   9.3700000e+01  -2.9771930e+01  -4.5174035e+01
   9.3800000e+01  -1.8771930e+01   2.7385965e+01
   9.3900000e+01   8.0228070e+01  -2.5574035e+01
   9.4000000e+01  -4.2771930e+01  -6.5654035e+01
   9.4100000e+01   3.0228070e+01  -2.0574035e+01
   9.4200000e+01  -6.4771930e+01   1.8225965e+01
   9.4300000e+01  -7.8771930e+01   4.7859649e+00
   9.4400000e+01  -2.7719298e+00  -3.2254035e+01
   9.4500000e+01  -3.4771930e+01  -2.5974035e+01
   9.4600000e+01   2.0228070e+01  -3.8174035e+01
   9.4700000e+01  -6.0771930e+01  -2.7934035e+01
   9.4800000e+01  -4.4771930e+01  -1.0574035e+01
   9.4900000e+01   6.6228070e+01  -5.0140351e+00
   9.5000000e+01   1.2280702e+00  -3.4140351e+00
   9.5100000e+01  -9.7719298e+00  -3.1974035e+01
   9.5200000e+01   3.3228070e+01   4.2305965e+01
   9.5300000e+01  -2.7719298e+00   1.3745965e+01
   9.5400000e+01   4.6228070e+01  -6.4214035e+01
   9.5500000e+01  -5.0771930e+01   5.4665965e+01
   9.5600000e+01   8.2228070e+01  -5.4654035e+01
   9.5700000e+01  -4.8771930e+01  -1.4140351e+00
   9.5800000e+01   6.8228070e+01   8.9059649e+00
   9.5900000e+01   3.2228070e+01  -3.9654035e+01
   9.6000000e+01   7.2280702e+00   2.7345965e+01
   9.6100000e+01  -9.7771930e+01  -4.5403509e-01
   9.6200000e+01  -8.6771930e+01  -2.8894035e+01
   9.6300000e+01  -9.7719298e+00   1.3602596e+02
   9.6400000e+01  -6.1771930e+01   1.4105965e+01
   9.6500000e+01   1.5228070e+01   6.0259649e+00
   9.6600000e+01   5.5228070e+01  -2.2574035e+01
   9.6700000e+01  -7.5771930e+01   1.2665965e+01
   9.6800000e+01  -3.6771930e+01  -6.8940351e+00
   9.6900000e+01   3.7228070e+01  -2.7854035e+01
   9.7000000e+01  -3.5771930e+01  -2.1934035e+01
   9.7100000e+01   2.4228070e+01   2.6665965e+01
   9.7200000e+01  -5.0771930e+01   9.6659649e+00
   9.7300000e+01   1.3722807e+02   5.1459649e+00
   9.7400000e+01   7.2280702e+00   3.2345965e+01
   9.7500000e+01   8.2280702e+00  -1.6694035e+01
   9.7600000e+01  -5.8771930e+01  -2.6014035e+01
   9.7700000e+01  -2.8771930e+01   2.7859649e+00
   9.7800000e+01   3.3228070e+01  -2.5694035e+01
   9.7900000e+01   4.4228070e+01  -5.6134035e+01
   9.8000000e+01  -9.0771930e+01   1.3265965e+01
   9.8100000e+01  -6.1771930e+01  -8.8940351e+00
   9.8200000e+01  -5.3771930e+01  -2.8214035e+01
   9.8300000e+01   6.1228070e+01  -8.8140351e+00
   9.8400000e+01   8.7228070e+01  -5.4854035e+01
   9.8500000e+01  -4.5771930e+01   6.5465965e+01
   9.8600000e+01  -1.6771930e+01   1.9305965e+01
   9.8700000e+01  -2.7719298e+00  -1.6254035e+01
   9.8800000e+01  -7.2771930e+01   2.3545965e+01
   9.8900000e+01  -4.1771930e+01  -4.0694035e+01
   9.9000000e+01   5.0228070e+01  -1.5374035e+01
   9.9100000e+01   7.4228070e+01  -3.3340351e+00
   9.9200000e+01  -7.7719298e+00   2.8945965e+01
   9.9300000e+01  -1.7719298e+00  -3.0294035e+01
   9.9400000e+01  -3.8771930e+01   6.9185965e+01
   9.9500000e+01   5.1228070e+01  -1.7414035e+01
   9.9600000e+01  -8.9771930e+01   1.0225965e+01
   9.9700000e+01   1.2922807e+02   4.4465965e+01
   9.9800000e+01  -1.8771930e+01   2.0385965e+01
   9.9900000e+01   2.9228070e+01   5.3465965e+01
   1.0000000e+02  -3.5771930e+01   2.4065965e+01
   1.0010000e+02  -1.5771930e+01  -8.7340351e+00
   1.0020000e+02   2.4228070e+01  -2.4334035e+01
   1.0030000e+02  -1.1877193e+02   5.3859649e+00
   1.0040000e+02  -8.7719298e+00   4.9859649e+00
   1.0050000e+02  -4.7771930e+01   2.5545965e+01
   1.0060000e+02   9.8228070e+01  -1.0294035e+01
   1.0070000e+02   4.5228070e+01  -6.1740351e+00
   1.0080000e+02   2.8228070e+01  -9.4940351e+00
   1.0090000e+02   9.1228070e+01  -3.8014035e+01
   1.0100000e+02  -1.5771930e+01   1.2659649e+00
   1.0110000e+02  -8.6771930e+01  -5.8940351e+00
   1.0120000e+02  -5.1771930e+01  -8.2940351e+00
   1.0130000e+02   1.5228070e+01   3.9025965e+01
   1.0140000e+02   3.7228070e+01  -2.2854035e+01
   1.0150000e+02  -5.0771930e+01   6.1665965e+01
   1.0160000e+02   8.0228070e+01   6.0425965e+01
   1.0170000e+02   2.0228070e+01  -3.8174035e+01
   1.0180000e+02  -9.7719298e+00  -4.2974035e+01
   1.0190000e+02  -4.5771930e+01  -1.1534035e+01
   1.0200000e+02   8.8228070e+01  -2.8894035e+01
   1.0210000e+02   7.0228070e+01  -1.7174035e+01
   1.0220000e+02   2.6228070e+01   4.3585965e+01
   1.0230000e+02   5.0228070e+01   1.1625965e+01
   1.0240000e+02  -3.2771930e+01   1.4594596e+02
   1.0250000e+02  -6.0771930e+01  -8.9340351e+00
   1.0260000e+02  -1.7771930e+01  -4.3654035e+01
   1.0270000e+02   2.9228070e+01  -5.5340351e+00
   1.0280000e+02   7.6228070e+01   4.5585965e+01
   1.0290000e+02  -3.4771930e+01  -2.9740351e+00
   1.0300000e+02   2.3228070e+01   6.7059649e+00
   1.0310000e+02   1.9228070e+01  -4.3134035e+01
   1.0320000e+02   1.2280702e+00   2.1585965e+01
   1.0330000e+02   5.1228070e+01   1.9585965e+01
   1.0340000e+02   7.5228070e+01  -6.3740351e+00
   1.0350000e+02   5.7228070e+01   2.7345965e+01
   1.0360000e+02   3.4228070e+01   2.8265965e+01
   1.0370000e+02   1.7522807e+02  -3.9374035e+01
   1.0380000e+02   4.9228070e+01   5.3665965e+01
   1.0390000e+02   9.5228070e+01   2.8259649e+00
   1.0400000e+02  -8.7719298e+00  -1.0014035e+01
   1.0410000e+02   3.8228070e+01   4.1105965e+01
   1.0420000e+02   7.6228070e+01  -1.7414035e+01
   1.0430000e+02  -7.7719298e+00   1.3945965e+01
   1.0440000e+02   2.1228070e+01  -1.3214035e+01
   1.0450000e+02  -1.2771930e+01   4.6145965e+01
   1.0460000e+02   5.2228070e+01   4.1545965e+01
   1.0470000e+02  -2.5771930e+01   4.5665965e+01
   1.0480000e+02   8.7228070e+01   4.0145965e+01
   1.0490000e+02  -9.8771930e+01  -4.4140351e+00
   1.0500000e+02   2.2228070e+01  -2.0254035e+01
   1.0510000e+02  -2.5771930e+01   1.2665965e+01
   1.0520000e+02   3.0228070e+01  -1.8574035e+01
   1.0530000e+02  -6.3771930e+01  -1.1814035e+01
   1.0540000e+02   3.2228070e+01   3.6345965e+01
   1.0550000e+02   5.1228070e+01  -2.9414035e+01
   1.0560000e+02  -4.0771930e+01   5.7265965e+01
   1.0570000e+02  -5.4771930e+01   2.0825965e+01
   1.0580000e+02  -1.7719298e+00   3.7705965e+01
   1.0590000e+02  -1.9771930e+01   4.4425965e+01
   1.0600000e+02   2.2228070e+01   5.2745965e+01
   1.0610000e+02   9.4228070e+01   4.2865965e+01
   1.0620000e+02   1.0228070e+01   1.3225965e+01
   1.0630000e+02  -5.9771930e+01   6.0259649e+00
   1.0640000e+02   3.3228070e+01   4.7305965e+01
   1.0650000e+02   9.5228070e+01   5.7825965e+01
   1.0660000e+02   9.2280702e+00   6.2659649e+00
   1.0670000e+02   9.3228070e+01   3.4905965e+01
   1.0680000e+02  -5.8771930e+01   5.1985965e+01
   1.0690000e+02   2.7228070e+01   2.9545965e+01
   1.0700000e+02   4.0228070e+01  -3.1974035e+01
   1.0710000e+02  -5.0771930e+01   9.6659649e+00
   1.0720000e+02  -1.9771930e+01   2.8425965e+01
   1.0730000e+02   4.2228070e+01  -2.3054035e+01
   1.0740000e+02  -1.9771930e+01  -3.1574035e+01
   1.0750000e+02  -7.8771930e+01   4.7859649e+00
   1.0760000e+02   2.2807018e-01   3.6259649e+00
   1.0770000e+02  -3.4771930e+01   1.4025965e+01
   1.0780000e+02  -1.1577193e+02  -6.7340351e+00
   1.0790000e+02   1.3422807e+02   5.2265965e+01
   1.0800000e+02   3.2280702e+00  -3.8494035e+01
   1.0810000e+02  -3.1771930e+01  -1.0940351e+00
   1.0820000e+02  -1.7771930e+01  -2.2654035e+01
   1.0830000e+02   3.4228070e+01   2.1265965e+01
   1.0840000e+02   1.1722807e+02   1.5945965e+01
   1.0850000e+02  -3.7771930e+01   1.2145965e+01
   1.0860000e+02   2.2807018e-01   5.6259649e+00
   1.0870000e+02  -4.0771930e+01  -1.4734035e+01
   1.0880000e+02  -3.8771930e+01  -1.2814035e+01
   1.0890000e+02   3.2228070e+01  -7.6540351e+00
   1.0900000e+02  -2.5771930e+01   1.5665965e+01
   1.0910000e+02  -6.8771930e+01   7.3859649e+00
   1.0920000e+02   3.3228070e+01   2.2305965e+01
   1.0930000e+02  -7.9771930e+01  -4.1740351e+00
   1.0940000e+02   2.2807018e-01   3.2625965e+01
   1.0950000e+02   8.2280702e+00  -4.2694035e+01
   1.0960000e+02   7.0228070e+01   1.3825965e+01
   1.0970000e+02   5.2280702e+00  -3.0574035e+01
   1.0980000e+02   3.2280702e+00  -3.7494035e+01
   1.0990000e+02   7.6228070e+01   8.5859649e+00
   1.1000000e+02   3.2280702e+00  -2.9494035e+01
   1.1010000e+02  -2.8771930e+01   1.8785965e+01
   1.1020000e+02   1.2722807e+02   2.5545965e+01
   1.1030000e+02  -1.4771930e+01   7.2259649e+00
   1.1040000e+02   4.2280702e+00  -2.7534035e+01
   1.1050000e+02  -8.7719298e+00   1.4985965e+01
   1.1060000e+02  -5.6771930e+01  -4.3094035e+01
   1.1070000e+02   1.8228070e+01   5.9059649e+00
   1.1080000e+02  -2.7771930e+01  -2.5403509e-01
   1.1090000e+02   1.0522807e+02   3.2425965e+01
   1.1100000e+02  -4.9771930e+01   3.9625965e+01
   1.1110000e+02  -7.2771930e+01  -3.3454035e+01
   1.1120000e+02  -7.7192982e-01  -5.3340351e+00
   1.1130000e+02   2.6228070e+01  -1.2414035e+01
   1.1140000e+02  -2.7719298e+00   2.2745965e+01
   1.1150000e+02  -1.0771930e+01  -1.6934035e+01
   1.1160000e+02  -6.6771930e+01   2.4305965e+01
   1.1170000e+02  -5.6771930e+01   5.0905965e+01
   1.1180000e+02  -5.4771930e+01   6.8259649e+00
   1.1190000e+02   5.3228070e+01  -3.4940351e+00
   1.1200000e+02   7.8228070e+01   2.9505965e+01
   1.1210000e+02  -5.5771930e+01   1.8865965e+01
   1.1220000e+02   4.6228070e+01  -3.8214035e+01
   1.1230000e+02   1.4228070e+01  -1.7934035e+01
   1.1240000e+02  -3.2771930e+01   8.9459649e+00
   1.1250000e+02   2.2280702e+00  -2.8454035e+01
   1.1260000e+02   1.4022807e+02  -1.3974035e+01
   1.1270000e+02   2.8228070e+01  -2.3494035e+01
   1.1280000e+02   1.6222807e+02   1.3145965e+01
   1.1290000e+02   2.4228070e+01  -4.3340351e+00
   1.1300000e+02   3.0228070e+01   2.6425965e+01
   1.1310000e+02  -1.3771930e+01  -1.5814035e+01
   1.1320000e+02   1.6228070e+01  -1.6014035e+01
   1.1330000e+02  -2.3771930e+01  -1.8414035e+01
   1.1340000e+02  -4.2771930e+01  -1.9654035e+01
   1.1350000e+02   4.2228070e+01  -5.3054035e+01
   1.1360000e+02   1.0722807e+02   6.3459649e+00
   1.1370000e+02  -2.0771930e+01  -3.0534035e+01
   1.1380000e+02  -4.5771930e+01   3.3465965e+01
   1.1390000e+02  -1.1771930e+01  -4.1894035e+01
   1.1400000e+02  -9.1771930e+01   3.3059649e+00
   1.1410000e+02  -1.0777193e+02  -2.0540351e+00
   1.1420000e+02  -1.4771930e+01  -2.4774035e+01
   1.1430000e+02  -4.4771930e+01   2.4425965e+01
   1.1440000e+02   8.5228070e+01  -2.0774035e+01
   1.1450000e+02  -1.0077193e+02  -4.4334035e+01
   1.1460000e+02  -7.7771930e+01   7.4596491e-01
   1.1470000e+02   3.2280702e+00  -8.4940351e+00
   1.1480000e+02   4.5228070e+01   7.8259649e+00
   1.1490000e+02  -5.4771930e+01   3.8259649e+00
   1.1500000e+02  -4.7771930e+01   2.1545965e+01
   1.1510000e+02  -8.3771930e+01   1.6985965e+01
   1.1520000e+02   8.2280702e+00   2.2305965e+01
   1.1530000e+02  -8.8771930e+01   6.1859649e+00
   1.1540000e+02   1.3322807e+02  -3.6694035e+01
   1.1550000e+02  -4.1771930e+01  -3.6940351e+00
   1.1560000e+02   6.9228070e+01  -1.5134035e+01
   1.1570000e+02   4.0228070e+01  -1.0974035e+01
   1.1580000e+02  -1.6477193e+02  -2.6774035e+01
   1.1590000e+02  -2.0771930e+01  -8.5340351e+00
   1.1600000e+02  -4.8771930e+01  -2.4140351e+00
   1.1610000e+02   8.2280702e+00  -3.0694035e+01
   1.1620000e+02  -2.7771930e+01  -4.0254035e+01
   1.1630000e+02  -6.5771930e+01  -1.4734035e+01
   1.1640000e+02  -5.9771930e+01  -2.9740351e+00
   1.1650000e+02   1.0228070e+01  -5.0774035e+01
   1.1660000e+02   3.4228070e+01  -3.9734035e+01
   1.1670000e+02   3.8228070e+01  -4.9894035e+01
   1.1680000e+02  -6.7719298e+00  -3.4094035e+01
   1.1690000e+02  -3.4771930e+01  -9.7403509e-01
   1.1700000e+02  -1.6771930e+01   3.3059649e+00
   1.1710000e+02  -7.6771930e+01  -4.0294035e+01
   1.1720000e+02   2.6228070e+01   2.8585965e+01
   1.1730000e+02   1.0228070e+01   1.0225965e+01
   1.1740000e+02  -8.7719298e+00   3.8985965e+01
   1.1750000e+02  -2.4771930e+01   2.8625965e+01
   1.1760000e+02  -6.3771930e+01   6.1859649e+00
   1.1770000e+02  -4.9771930e+01  -3.3374035e+01
   1.1780000e+02   5.4228070e+01   4.2465965e+01
   1.1790000e+02  -4.1771930e+01   2.6305965e+01
   1.1800000e+02   7.7228070e+01  -2.6454035e+01
   1.1810000e+02   2.2228070e+01   1.6745965e+01
   1.1820000e+02   6.1228070e+01  -1.7814035e+01
   1.1830000e+02   4.6228070e+01  -4.0214035e+01
   1.1840000e+02   6.2228070e+01  -5.8540351e+00
   1.1850000e+02   5.2280702e+00  -4.4574035e+01
   1.1860000e+02  -8.7719298e+00  -6.5014035e+01
   1.1870000e+02   8.4228070e+01  -6.7340351e+00
   1.1880000e+02  -2.4771930e+01   6.6259649e+00
   1.1890000e+02  -2.6771930e+01   9.7059649e+00
   1.1900000e+02  -3.5771930e+01   4.9065965e+01
   1.1910000e+02   3.3228070e+01  -5.6940351e+00
   1.1920000e+02  -2.2771930e+01   6.1545965e+01
   1.1930000e+02  -4.6771930e+01  -3.1494035e+01
   1.1940000e+02   6.2280702e+00  -2.3614035e+01
   1.1950000e+02  -8.9771930e+01  -3.4774035e+01
   1.1960000e+02   1.5228070e+01   3.0025965e+01
   1.1970000e+02  -9.1771930e+01   1.3059649e+00
   1.1980000e+02   1.0222807e+02  -2.7454035e+01
   1.1990000e+02  -4.4771930e+01   2.4259649e+00
   1.2000000e+02   4.1228070e+01   9.8596491e-01
   1.2010000e+02   7.5228070e+01  -1.7374035e+01
   1.2020000e+02  -1.4771930e+01   3.2259649e+00
   1.2030000e+02  -1.9771930e+01  -9.5740351e+00
   1.2040000e+02  -5.0771930e+01   2.4665965e+01
   1.2050000e+02  -1.0577193e+02  -3.1340351e+00
   1.2060000e+02  -3.4771930e+01  -1.8974035e+01
   1.2070000e+02  -2.0771930e+01  -5.0534035e+01
   1.2080000e+02   5.2280702e+00   5.4425965e+01
   1.2090000e+02   5.0228070e+01  -4.8374035e+01
   1.2100000e+02  -6.1771930e+01   2.5105965e+01
   1.2110000e+02  -5.3771930e+01  -3.0214035e+01
   1.2120000e+02   1.0122807e+02   4.0585965e+01
   1.2130000e+02  -2.9771930e+01   5.7825965e+01
   1.2140000e+02   9.2280702e+00  -3.6734035e+01
   1.2150000e+02  -4.0771930e+01  -1.3734035e+01
   1.2160000e+02   1.3122807e+02  -3.7614035e+01
   1.2170000e+02  -8.8771930e+01  -4.8140351e+00
   1.2180000e+02   7.2228070e+01  -4.0254035e+01
   1.2190000e+02   2.1228070e+01   3.5785965e+01
   1.2200000e+02  -1.1977193e+02  -4.1574035e+01
   1.2210000e+02  -1.6771930e+01   2.9305965e+01
   1.2220000e+02  -9.9771930e+01  -3.0374035e+01
   1.2230000e+02  -1.0771930e+01   3.4065965e+01
   1.2240000e+02   1.4228070e+01  -1.0934035e+01
   1.2250000e+02  -1.7719298e+00  -3.2294035e+01
   1.2260000e+02  -3.0771930e+01  -1.1340351e+00
   1.2270000e+02  -4.7719298e+00  -2.8174035e+01
   1.2280000e+02  -1.8771930e+01   1.0938596e+02
   1.2290000e+02  -3.9771930e+01  -7.7740351e+00
   1.2300000e+02   2.2807018e-01   3.6259649e+00
   1.2310000e+02  -8.5771930e+01   1.7065965e+01
   1.2320000e+02  -3.4771930e+01  -6.2974035e+01
   1.2330000e+02  -7.8771930e+01  -2.5214035e+01
   1.2340000e+02  -2.7771930e+01  -9.2540351e+00
   1.2350000e+02   8.5228070e+01   1.5225965e+01
   1.2360000e+02  -1.6771930e+01  -3.8694035e+01
   1.2370000e+02  -4.3771930e+01  -2.2614035e+01
   1.2380000e+02  -1.8771930e+01  -5.1614035e+01
   1.2390000e+02   3.1228070e+01  -3.6614035e+01
   1.2400000e+02  -6.6771930e+01  -5.3694035e+01
   1.2410000e+02  -5.7771930e+01  -2.5054035e+01
   1.2420000e+02  -8.7719298e+00  -1.8014035e+01
   1.2430000e+02  -7.7192982e-01   7.6659649e+00
   1.2440000e+02  -2.5771930e+01  -1.7334035e+01
   1.2450000e+02  -5.8771930e+01   2.4985965e+01
   1.2460000e+02   3.2280702e+00   2.1505965e+01
   1.2470000e+02  -1.0377193e+02   2.6785965e+01
   1.2480000e+02  -8.6771930e+01   5.2105965e+01
   1.2490000e+02  -9.0771930e+01  -1.2734035e+01
   1.2500000e+02  -3.5771930e+01   6.9065965e+01
   1.2510000e+02   9.2280702e+00   1.2659649e+00
   1.2520000e+02   4.8228070e+01  -2.2940351e+00
   1.2530000e+02  -6.9771930e+01  -4.9574035e+01
   1.2540000e+02   3.6228070e+01  -7.8140351e+00
   1.2550000e+02  -5.2771930e+01  -3.5254035e+01
   1.2560000e+02  -7.0771930e+01   4.2465965e+01
   1.2570000e+02  -5.7719298e+00   3.1865965e+01
   1.2580000e+02   3.6228070e+01  -3.2814035e+01
   1.2590000e+02   2.7228070e+01  -2.4454035e+01
   1.2600000e+02  -4.7719298e+00  -3.2174035e+01
   1.2610000e+02   1.7228070e+01   2.9945965e+01
   1.2620000e+02   3.5228070e+01  -6.0774035e+01
   1.2630000e+02  -1.3771930e+01  -1.8140351e+00
   1.2640000e+02  -3.4771930e+01   1.6025965e+01
   1.2650000e+02  -4.2771930e+01   1.0345965e+01
   1.2660000e+02   2.7228070e+01  -1.1454035e+01
   1.2670000e+02  -4.2771930e+01  -5.6540351e+00
   1.2680000e+02  -5.7719298e+00  -5.2134035e+01
   1.2690000e+02  -1.3771930e+01  -3.6814035e+01
   1.2700000e+02  -2.8771930e+01  -1.8214035e+01
   1.2710000e+02  -2.3771930e+01   1.0585965e+01
   1.2720000e+02  -4.5771930e+01   2.8465965e+01
   1.2730000e+02  -4.5771930e+01  -3.0534035e+01
   1.2740000e+02   2.6228070e+01  -9.4140351e+00
   1.2750000e+02  -1.8771930e+01   5.3859649e+00
   1.2760000e+02   4.0228070e+01  -7.9740351e+00
   1.2770000e+02   1.2022807e+02   2.2825965e+01
   1.2780000e+02   4.3228070e+01  -7.0940351e+00
   1.2790000e+02  -5.0771930e+01   5.6659649e+00
   1.2800000e+02  -5.4771930e+01   3.6825965e+01
   1.2810000e+02  -2.4771930e+01   2.2625965e+01
   1.2820000e+02  -8.6771930e+01   7.3105965e+01
   1.2830000e+02   2.8228070e+01  -3.8494035e+01
   1.2840000e+02  -5.7771930e+01   1.2945965e+01
   1.2850000e+02   8.4228070e+01  -2.5734035e+01
   1.2860000e+02  -5.2771930e+01  -1.5254035e+01
   1.2870000e+02   2.0228070e+01   4.3825965e+01
   1.2880000e+02  -2.6771930e+01   3.7059649e+00
   1.2890000e+02   1.2280702e+00  -5.0414035e+01
   1.2900000e+02   1.2280702e+00  -4.1414035e+01
   1.2910000e+02  -9.7719298e+00  -1.9740351e+00
   1.2920000e+02  -1.8771930e+01  -2.4614035e+01
   1.2930000e+02   2.3228070e+01  -4.3294035e+01
   1.2940000e+02  -3.7719298e+00  -1.9214035e+01
   1.2950000e+02   1.3228070e+01   9.1059649e+00
   1.2960000e+02   6.0228070e+01   2.2225965e+01
   1.2970000e+02   2.2807018e-01  -4.7374035e+01
   1.2980000e+02  -6.3771930e+01   1.8596491e-01
   1.2990000e+02   3.1228070e+01  -3.1614035e+01
   1.3000000e+02   1.2822807e+02  -2.4494035e+01
   1.3010000e+02  -3.2771930e+01  -2.8054035e+01
   1.3020000e+02   1.3228070e+01   5.1059649e+00
   1.3030000e+02  -2.4771930e+01   9.6259649e+00
   1.3040000e+02  -6.7771930e+01   1.5345965e+01
   1.3050000e+02   6.1228070e+01  -2.6814035e+01
   1.3060000e+02  -6.3771930e+01   2.9185965e+01
   1.3070000e+02   2.6228070e+01   6.2585965e+01
   1.3080000e+02   4.5228070e+01  -9.1740351e+00
   1.3090000e+02  -6.9771930e+01  -5.8574035e+01
   1.3100000e+02  -2.9771930e+01  -3.3174035e+01
   1.3110000e+02  -6.5771930e+01   3.3265965e+01
   1.3120000e+02   4.0228070e+01   1.5025965e+01
   1.3130000e+02   1.4228070e+01  -3.6934035e+01
   1.3140000e+02  -9.6771930e+01   4.8505965e+01
   1.3150000e+02   5.1228070e+01  -1.4140351e+00
   1.3160000e+02  -8.4771930e+01  -2.8974035e+01
   1.3170000e+02   7.3228070e+01  -2.9403509e-01
   1.3180000e+02  -6.7719298e+00   2.9059649e+00
   1.3190000e+02   6.4228070e+01  -3.0934035e+01
   1.3200000e+02   3.5228070e+01   1.9225965e+01
   1.3210000e+02   1.3228070e+01  -2.7894035e+01
   1.3220000e+02  -1.2771930e+01  -1.9854035e+01
   1.3230000e+02   4.3228070e+01  -2.3094035e+01
   1.3240000e+02   1.2622807e+02  -4.1403509e-01
   1.3250000e+02  -4.8771930e+01   2.9585965e+01
   1.3260000e+02  -5.5771930e+01   7.8659649e+00
   1.3270000e+02   5.0228070e+01  -3.7374035e+01
   1.3280000e+02   5.8228070e+01  -6.6940351e+00
   1.3290000e+02  -1.3771930e+01   3.6185965e+01
   1.3300000e+02   4.3228070e+01   1.1905965e+01
   1.3310000e+02  -3.1771930e+01   6.9905965e+01
   1.3320000e+02  -5.4771930e+01   3.2825965e+01
   1.3330000e+02   4.2280702e+00   1.3465965e+01
   1.3340000e+02  -5.5771930e+01  -7.1340351e+00
   1.3350000e+02  -2.9771930e+01   4.8259649e+00
   1.3360000e+02   1.1228070e+01   4.1185965e+01
   1.3370000e+02   6.0228070e+01   2.2225965e+01
   1.3380000e+02   9.4228070e+01   5.8659649e+00
   1.3390000e+02  -3.4771930e+01   1.8025965e+01
   1.3400000e+02   3.4228070e+01  -7.3403509e-01
   1.3410000e+02  -2.6771930e+01  -3.2294035e+01
   1.3420000e+02  -4.2771930e+01   5.3345965e+01
   1.3430000e+02  -1.6771930e+01   4.0305965e+01
   1.3440000e+02  -7.9771930e+01   2.0825965e+01
   1.3450000e+02  -8.2771930e+01   5.5945965e+01
   1.3460000e+02  -1.1771930e+01  -4.8940351e+00
   1.3470000e+02  -3.7771930e+01  -1.8854035e+01
   1.3480000e+02   2.2807018e-01  -7.3740351e+00
   1.3490000e+02   2.7228070e+01   2.1545965e+01
   1.3500000e+02  -3.9771930e+01   6.2259649e+00
   1.3510000e+02   7.7228070e+01   1.9545965e+01
   1.3520000e+02  -1.4771930e+01   1.5225965e+01
   1.3530000e+02   5.4228070e+01   6.1465965e+01
   1.3540000e+02   4.2280702e+00  -1.5340351e+00
   1.3550000e+02  -6.2771930e+01   4.1459649e+00
   1.3560000e+02   1.1122807e+02   2.7185965e+01
   1.3570000e+02  -5.0771930e+01   3.5665965e+01
   1.3580000e+02  -1.4771930e+01  -1.7740351e+00
   1.3590000e+02  -3.3771930e+01  -3.8014035e+01
   1.3600000e+02  -4.2771930e+01   6.8345965e+01
   1.3610000e+02  -4.6771930e+01  -4.4494035e+01
   1.3620000e+02  -8.0771930e+01   3.8659649e+00
   1.3630000e+02  -8.7719298e+00  -3.0014035e+01
   1.3640000e+02  -2.0771930e+01  -6.5340351e+00
   1.3650000e+02   3.2280702e+00   8.5059649e+00
   1.3660000e+02   1.4322807e+02   5.9059649e+00
   1.3670000e+02   7.9228070e+01   2.4659649e+00
   1.3680000e+02   4.5228070e+01  -3.9174035e+01
   1.3690000e+02   3.5228070e+01   2.9225965e+01
   1.3700000e+02  -5.6771930e+01   5.7905965e+01
   1.3710000e+02  -7.7192982e-01  -2.5334035e+01
   1.3720000e+02   1.6622807e+02   3.3985965e+01
   1.3730000e+02  -1.0771930e+01   3.4065965e+01
   1.3740000e+02  -6.1771930e+01   3.9105965e+01
   1.3750000e+02   3.7228070e+01   3.0145965e+01
   1.3760000e+02   1.0422807e+02   2.0465965e+01
   1.3770000e+02  -6.6771930e+01   3.6305965e+01
   1.3780000e+02   5.0228070e+01   8.3625965e+01
   1.3790000e+02  -9.6771930e+01   6.5059649e+00
   1.3800000e+02   5.0228070e+01   3.9625965e+01
   1.3810000e+02  -3.7719298e+00   3.6785965e+01
   1.3820000e+02  -6.6771930e+01  -4.4694035e+01
   1.3830000e+02   5.0228070e+01  -3.6374035e+01
   1.3840000e+02   3.3228070e+01   7.5305965e+01
   1.3850000e+02   3.0228070e+01   3.6425965e+01
   1.3860000e+02  -5.1771930e+01  -6.3294035e+01
   1.3870000e+02  -1.1677193e+02   2.3305965e+01
   1.3880000e+02  -6.7771930e+01  -3.4654035e+01
   1.3890000e+02   8.2228070e+01  -5.4654035e+01
   1.3900000e+02   6.3228070e+01  -4.6894035e+01
   1.3910000e+02   8.2280702e+00   6.3059649e+00
   1.3920000e+02  -8.3771930e+01   1.3985965e+01
   1.3930000e+02  -1.7771930e+01  -4.6654035e+01
   1.3940000e+02   2.2228070e+01   3.7459649e+00
   1.3950000e+02  -1.7719298e+00  -3.4294035e+01
   1.3960000e+02  -1.2771930e+01   2.7145965e+01
   1.3970000e+02   1.4228070e+01  -4.5934035e+01
   1.3980000e+02   6.8228070e+01  -5.4094035e+01
   1.3990000e+02  -6.5771930e+01  -4.2734035e+01
   1.4000000e+02   1.2280702e+00   9.5859649e+00
   1.4010000e+02  -9.7719298e+00  -3.2974035e+01
   1.4020000e+02  -4.5771930e+01  -3.6534035e+01
   1.4030000e+02  -2.2771930e+01   2.3545965e+01
   1.4040000e+02  -5.3771930e+01   2.7859649e+00
   1.4050000e+02   3.1228070e+01  -3.6140351e+00
   1.4060000e+02  -7.9771930e+01  -8.1740351e+00
   1.4070000e+02   8.0228070e+01  -1.5740351e+00
   1.4080000e+02   3.9228070e+01  -4.9934035e+01
   1.4090000e+02   8.2280702e+00   1.8305965e+01
   1.4100000e+02  -3.8771930e+01  -2.8814035e+01
   1.4110000e+02  -2.9771930e+01  -4.5174035e+01
   1.4120000e+02   1.8228070e+01   9.9059649e+00
   1.4130000e+02  -1.1177193e+02   8.4105965e+01
   1.4140000e+02  -1.0077193e+02   4.6659649e+00
   1.4150000e+02   9.2280702e+00  -1.0734035e+01
   1.4160000e+02   3.2228070e+01  -4.2654035e+01
   1.4170000e+02  -8.9771930e+01   8.2259649e+00
   1.4180000e+02  -7.7192982e-01  -6.2334035e+01
   1.4190000e+02   2.5228070e+01  -4.3374035e+01
   1.4200000e+02  -7.1771930e+01  -5.2494035e+01
   1.4210000e+02  -4.9771930e+01   2.1625965e+01
   1.4220000e+02  -7.2771930e+01   5.5545965e+01
   1.4230000e+02   1.2228070e+01  -4.1854035e+01
   1.4240000e+02   4.6228070e+01   7.7859649e+00
   1.4250000e+02   1.1822807e+02  -1.4094035e+01
   1.4260000e+02   1.5228070e+01  -6.9740351e+00
   1.4270000e+02   6.2280702e+00   2.4385965e+01
   1.4280000e+02  -6.9771930e+01   5.0425965e+01
   1.4290000e+02  -2.6771930e+01   3.8705965e+01
   1.4300000e+02   2.2280702e+00  -2.1454035e+01
   1.4310000e+02  -5.3771930e+01   7.0785965e+01
   1.4320000e+02  -3.6771930e+01  -7.1894035e+01
   1.4330000e+02  -5.6771930e+01  -1.2094035e+01
   1.4340000e+02  -2.7719298e+00  -5.4254035e+01
   1.4350000e+02   3.8228070e+01  -4.2894035e+01
   1.4360000e+02   1.4228070e+01   8.7065965e+01
   1.4370000e+02  -3.4771930e+01  -2.9974035e+01
   1.4380000e+02   7.2280702e+00   3.1345965e+01
   1.4390000e+02  -7.2771930e+01  -2.7454035e+01
   1.4400000e+02   2.6228070e+01  -1.9414035e+01
   1.4410000e+02   3.2280702e+00   2.6505965e+01
   1.4420000e+02   7.4228070e+01   1.6665965e+01
   1.4430000e+02  -5.6771930e+01  -8.0940351e+00
   1.4440000e+02  -1.2771930e+01   1.4596491e-01
   1.4450000e+02  -1.0877193e+02   1.1985965e+01
   1.4460000e+02   4.2228070e+01  -7.0540351e+00
   1.4470000e+02   8.9228070e+01  -7.9340351e+00
   1.4480000e+02  -2.4771930e+01  -2.9374035e+01
   1.4490000e+02  -7.7719298e+00  -2.2054035e+01
   1.4500000e+02   7.2228070e+01  -1.7254035e+01
   1.4510000e+02  -2.7771930e+01  -3.4254035e+01
   1.4520000e+02   2.1228070e+01  -1.2214035e+01
   1.4530000e+02   3.3228070e+01   9.3059649e+00
   1.4540000e+02  -1.8771930e+01  -2.7614035e+01
   1.4550000e+02  -7.4771930e+01  -7.3740351e+00
   1.4560000e+02   1.7228070e+01  -2.0540351e+00
   1.4570000e+02  -9.0771930e+01   1.0265965e+01
   1.4580000e+02   1.5228070e+01   2.1025965e+01
   1.4590000e+02  -4.7719298e+00   4.2825965e+01
   1.4600000e+02  -2.3771930e+01   5.3585965e+01
   1.4610000e+02   4.1228070e+01   5.6985965e+01
   1.4620000e+02   3.2280702e+00  -2.9494035e+01
   1.4630000e+02   3.0228070e+01   1.4259649e+00
   1.4640000e+02  -7.7771930e+01   5.7459649e+00
   1.4650000e+02   1.7228070e+01   6.9459649e+00
   1.4660000e+02  -1.1771930e+01   7.6105965e+01
   1.4670000e+02  -2.7719298e+00  -2.3254035e+01
   1.4680000e+02  -5.7771930e+01  -7.0540351e+00
   1.4690000e+02   3.6228070e+01  -3.8140351e+00
   1.4700000e+02  -2.7719298e+00   3.9745965e+01
   1.4710000e+02   4.6228070e+01   4.5785965e+01
   1.4720000e+02   1.0228070e+01  -1.9774035e+01
   1.4730000e+02   4.2280702e+00   4.2465965e+01
   1.4740000e+02  -2.0771930e+01   6.7465965e+01
   1.4750000e+02  -8.7719298e+00   1.6985965e+01
   1.4760000e+02  -6.4771930e+01   1.2225965e+01
   1.4770000e+02  -7.4771930e+01   7.6259649e+00
   1.4780000e+02  -3.7771930e+01   2.2145965e+01
   1.4790000e+02   5.2280702e+00   4.2596491e-01
   1.4800000e+02   5.7228070e+01   2.6345965e+01
   1.4810000e+02   2.2280702e+00  -1.4540351e+00
   1.4820000e+02  -1.6771930e+01   3.3305965e+01
   1.4830000e+02   5.9228070e+01  -2.3734035e+01
   1.4840000e+02  -6.7771930e+01   4.0345965e+01
   1.4850000e+02  -5.6771930e+01   5.2905965e+01
   1.4860000e+02  -1.0771930e+01   5.4065965e+01
   1.4870000e+02  -1.7719298e+00  -2.7294035e+01
   1.4880000e+02   4.2280702e+00  -1.8534035e+01
   1.4890000e+02   2.4228070e+01   5.2665965e+01
   1.4900000e+02  -6.7771930e+01   5.4345965e+01
   1.4910000e+02  -7.3771930e+01  -4.2414035e+01
   1.4920000e+02  -1.1277193e+02  -2.1854035e+01
   1.4930000e+02  -2.3771930e+01   2.0585965e+01
   1.4940000e+02  -4.2771930e+01   2.3345965e+01
   1.4950000e+02   2.8228070e+01  -1.4940351e+00
   1.4960000e+02  -3.2771930e+01   5.5945965e+01
   1.4970000e+02  -1.1771930e+01   3.6105965e+01
   1.4980000e+02  -2.1771930e+01   2.7505965e+01
   1.4990000e+02  -6.5771930e+01  -2.8734035e+01
   1.5000000e+02  -2.4771930e+01  -2.8374035e+01
   1.5010000e+02  -5.8771930e+01  -1.0140351e+00
   1.5020000e+02  -2.7719298e+00  -1.7254035e+01
   1.5030000e+02  -4.7719298e+00   2.1825965e+01
   1.5040000e+02  -2.7719298e+00   3.6745965e+01
   1.5050000e+02   4.1228070e+01  -3.7014035e+01
   1.5060000e+02  -1.1771930e+01   1.0105965e+01
   1.5070000e+02  -3.1771930e+01   6.3905965e+01
   1.5080000e+02  -6.4771930e+01   3.4225965e+01
   1.5090000e+02  -6.8771930e+01   6.8385965e+01
   1.5100000e+02  -3.7771930e+01   2.6145965e+01
   1.5110000e+02  -5.7771930e+01   1.5945965e+01
   1.5120000e+02  -2.5771930e+01  -1.1334035e+01
   1.5130000e+02   7.2280702e+00  -2.4654035e+01
   1.5140000e+02  -1.0377193e+02  -3.1214035e+01
   1.5150000e+02   1.4228070e+01  -1.0934035e+01
   1.5160000e+02   1.5228070e+01  -3.8974035e+01
   1.5170000e+02  -8.6771930e+01  -3.8940351e+00
   1.5180000e+02   2.4228070e+01  -2.0334035e+01
   1.5190000e+02  -3.8771930e+01  -3.6814035e+01
   1.5200000e+02  -5.8771930e+01  -4.2014035e+01
   1.5210000e+02  -1.3771930e+01  -8.8140351e+00
   1.5220000e+02  -2.8771930e+01   1.3785965e+01
   1.5230000e+02   3.5228070e+01  -1.7740351e+00
   1.5240000e+02   1.2022807e+02   2.2825965e+01
   1.5250000e+02  -3.7771930e+01  -2.8540351e+00
   1.5260000e+02  -2.3771930e+01   4.5859649e+00
   1.5270000e+02  -1.6771930e+01  -1.6940351e+00
   1.5280000e+02   1.8228070e+01  -7.0940351e+00
   1.5290000e+02   1.8122807e+02  -2.6140351e+00
   1.5300000e+02  -8.0771930e+01  -7.1340351e+00
   1.5310000e+02  -1.1677193e+02   2.8305965e+01
   1.5320000e+02   1.5228070e+01   9.0259649e+00
   1.5330000e+02  -6.4771930e+01   1.2225965e+01
   1.5340000e+02   2.8228070e+01   2.8505965e+01
   1.5350000e+02   1.1922807e+02  -1.9134035e+01
   1.5360000e+02   4.4228070e+01   1.4865965e+01
   1.5370000e+02   4.4228070e+01   9.8659649e+00
   1.5380000e+02   2.4228070e+01   1.2766596e+02
   1.5390000e+02   4.7228070e+01  -3.2540351e+00
   1.5400000e+02  -6.0771930e+01   9.0065965e+01
   1.5410000e+02   6.8228070e+01  -2.3094035e+01
   1.5420000e+02  -1.7719298e+00   8.8705965e+01
   1.5430000e+02   6.7228070e+01   6.7945965e+01
   1.5440000e+02   7.9228070e+01   6.8465965e+01
   1.5450000e+02  -2.4771930e+01   6.9625965e+01
   1.5460000e+02   6.9228070e+01   3.5865965e+01
   1.5470000e+02   3.7228070e+01   2.5145965e+01
   1.5480000e+02  -1.4771930e+01   4.1225965e+01
   1.5490000e+02   2.2807018e-01  -2.3740351e+00
   1.5500000e+02   1.3228070e+01  -2.1894035e+01
   1.5510000e+02   5.6228070e+01   5.9385965e+01
   1.5520000e+02   1.0722807e+02  -2.1654035e+01
   1.5530000e+02   4.2280702e+00   2.6465965e+01
   1.5540000e+02   1.0228070e+01   4.6225965e+01
   1.5550000e+02  -5.7771930e+01   5.4945965e+01
   1.5560000e+02   9.2228070e+01   1.3945965e+01
   1.5570000e+02   2.5228070e+01   1.8625965e+01
   1.5580000e+02   8.1228070e+01   4.3859649e+00
   1.5590000e+02  -6.8771930e+01   7.2385965e+01
   1.5600000e+02  -1.5771930e+01   3.4265965e+01
   1.5610000e+02  -5.1771930e+01   1.7059649e+00
   1.5620000e+02  -5.4771930e+01  -9.1740351e+00
   1.5630000e+02   9.1228070e+01  -1.7014035e+01
   1.5640000e+02   9.2280702e+00   4.5265965e+01
   1.5650000e+02   4.8228070e+01   9.6705965e+01
   1.5660000e+02  -2.6771930e+01   4.8705965e+01
   1.5670000e+02   1.6322807e+02   7.7105965e+01
   1.5680000e+02  -7.2771930e+01   3.6545965e+01
   1.5690000e+02   6.1228070e+01  -6.8140351e+00
   1.5700000e+02  -2.9771930e+01   1.2825965e+01
   1.5710000e+02  -1.7771930e+01   8.0345965e+01
   1.5720000e+02  -7.1771930e+01   4.4505965e+01
   1.5730000e+02  -6.3771930e+01   1.1185965e+01
   1.5740000e+02   8.6228070e+01   2.2185965e+01
   1.5750000e+02   1.6228070e+01   7.3985965e+01
   1.5760000e+02  -3.3771930e+01   3.1985965e+01
   1.5770000e+02  -2.0771930e+01   9.3465965e+01
   1.5780000e+02  -3.8771930e+01   4.1185965e+01
   1.5790000e+02  -4.2771930e+01   1.1345965e+01
   1.5800000e+02  -7.8771930e+01   5.3785965e+01
   1.5810000e+02  -4.7771930e+01   6.5459649e+00
   1.5820000e+02   7.2280702e+00   9.3459649e+00
   1.5830000e+02   1.3228070e+01   6.3105965e+01
   1.5840000e+02   3.3228070e+01   5.6305965e+01
   1.5850000e+02  -6.1771930e+01  -4.8940351e+00
   1.5860000e+02  -5.5771930e+01  -9.1340351e+00
   1.5870000e+02   4.6228070e+01   3.7859649e+00
   1.5880000e+02   1.3228070e+01  -1.6894035e+01
   1.5890000e+02   3.5228070e+01   1.3225965e+01
   1.5900000e+02   7.0228070e+01   3.0825965e+01
   1.5910000e+02   9.0228070e+01   7.6025965e+01
   1.5920000e+02   1.8228070e+01   4.2905965e+01
   1.5930000e+02   2.2280702e+00   4.3545965e+01
   1.5940000e+02  -2.1771930e+01  -3.8494035e+01
   1.5950000e+02  -1.1771930e+01   1.8105965e+01
   1.5960000e+02  -8.9771930e+01  -4.7740351e+00
   1.5970000e+02  -3.7719298e+00  -5.2140351e+00
   1.5980000e+02  -5.6771930e+01   5.0905965e+01
   1.5990000e+02  -7.3771930e+01   2.2585965e+01
   1.6000000e+02  -2.6771930e+01  -1.1294035e+01
   1.6010000e+02   1.0228070e+01   1.8225965e+01
   1.6020000e+02  -6.7719298e+00   2.9059649e+00
   1.6030000e+02  -3.0771930e+01   3.6865965e+01
   1.6040000e+02  -2.1771930e+01   3.0505965e+01
   1.6050000e+02  -3.7719298e+00  -1.2140351e+00
   1.6060000e+02  -2.3771930e+01   3.2585965e+01
   1.6070000e+02  -1.2771930e+01   7.0145965e+01
   1.6080000e+02  -8.0771930e+01   8.8659649e+00
   1.6090000e+02   1.2280702e+00   9.5859649e+00
   1.6100000e+02   1.2280702e+00   5.8596491e-01
   1.6110000e+02  -9.3771930e+01   3.4385965e+01
   1.6120000e+02  -6.3771930e+01  -1.8814035e+01
   1.6130000e+02  -7.7719298e+00   9.9459649e+00
   1.6140000e+02   1.5228070e+01   9.9025965e+01
   1.6150000e+02   1.6228070e+01   5.1985965e+01
   1.6160000e+02  -7.5771930e+01   2.6659649e+00
   1.6170000e+02  -3.3771930e+01  -3.9014035e+01
   1.6180000e+02   2.9228070e+01  -3.5340351e+00
   1.6190000e+02   4.0228070e+01   3.4025965e+01
   1.6200000e+02  -8.6771930e+01   4.0105965e+01
   1.6210000e+02  -4.9771930e+01   3.6259649e+00
   1.6220000e+02   5.2280702e+00   7.6425965e+01
   1.6230000e+02   2.3228070e+01  -8.2940351e+00
   1.6240000e+02  -9.4771930e+01  -7.5740351e+00
   1.6250000e+02  -9.7771930e+01  -4.7454035e+01
   1.6260000e+02  -6.1771930e+01   3.7105965e+01
   1.6270000e+02  -8.4771930e+01  -8.9740351e+00
   1.6280000e+02  -4.1771930e+01  -2.1694035e+01
   1.6290000e+02   1.1228070e+01   7.0185965e+01
   1.6300000e+02   7.2228070e+01  -1.2540351e+00
   1.6310000e+02  -9.5771930e+01   2.3465965e+01
   1.6320000e+02  -5.3771930e+01   3.5785965e+01
   1.6330000e+02  -2.3771930e+01   4.5859649e+00
   1.6340000e+02  -5.1771930e+01  -5.9294035e+01
   1.6350000e+02  -1.0077193e+02   4.7665965e+01
   1.6360000e+02  -4.2771930e+01   1.2345965e+01
   1.6370000e+02   1.7228070e+01   2.4945965e+01
   1.6380000e+02  -6.4771930e+01  -3.3774035e+01
   1.6390000e+02   1.0822807e+02   2.2305965e+01
   1.6400000e+02  -6.6771930e+01  -4.6940351e+00
   1.6410000e+02   1.8228070e+01  -1.1094035e+01
   1.6420000e+02   4.1228070e+01  -3.1014035e+01
   1.6430000e+02  -5.1771930e+01   7.7059649e+00
   1.6440000e+02   2.0228070e+01  -7.1740351e+00
   1.6450000e+02  -1.2077193e+02   9.1465965e+01
   1.6460000e+02   5.2228070e+01  -4.5403509e-01
   1.6470000e+02  -4.5771930e+01   1.8465965e+01
   1.6480000e+02  -7.1771930e+01   1.8505965e+01
   1.6490000e+02  -1.4771930e+01   8.2259649e+00
   1.6500000e+02  -7.7192982e-01   1.9665965e+01
   1.6510000e+02   2.7228070e+01  -1.5454035e+01
   1.6520000e+02  -3.8771930e+01   1.0185965e+01
   1.6530000e+02   2.2807018e-01  -1.1374035e+01
   1.6540000e+02   6.2280702e+00  -2.8614035e+01
   1.6550000e+02   2.2807018e-01   6.6259649e+00
   1.6560000e+02   8.0228070e+01   3.6425965e+01
   1.6570000e+02  -2.6771930e+01  -3.2940351e+00
   1.6580000e+02   6.2280702e+00   3.3859649e+00
   1.6590000e+02   3.2280702e+00   1.5505965e+01
   1.6600000e+02  -6.1771930e+01   8.6105965e+01
   1.6610000e+02  -5.3771930e+01   8.1785965e+01
   1.6620000e+02  -8.8771930e+01   5.5185965e+01
   1.6630000e+02  -1.9771930e+01   7.4259649e+00
   1.6640000e+02   2.9228070e+01  -3.5340351e+00
   1.6650000e+02   7.2228070e+01   9.5745965e+01
   1.6660000e+02  -1.2177193e+02  -1.3494035e+01
   1.6670000e+02   6.6228070e+01  -2.2014035e+01
   1.6680000e+02  -1.5771930e+01  -9.7340351e+00
   1.6690000e+02   2.5228070e+01   1.2625965e+01
   1.6700000e+02  -1.0771930e+01   1.8065965e+01
   1.6710000e+02  -8.0771930e+01   4.2865965e+01
   1.6720000e+02  -9.7719298e+00  -5.5974035e+01
   1.6730000e+02  -1.2577193e+02   3.2665965e+01
   1.6740000e+02   1.5228070e+01   4.1025965e+01
   1.6750000e+02   5.2280702e+00  -3.1574035e+01
   1.6760000e+02   1.3722807e+02  -1.0854035e+01
   1.6770000e+02   3.9228070e+01   2.0065965e+01
   1.6780000e+02   9.2280702e+00  -2.2734035e+01
   1.6790000e+02   1.8228070e+01   1.1905965e+01
   1.6800000e+02   3.3228070e+01   9.3059649e+00
   1.6810000e+02   9.8228070e+01   9.7059649e+00
   1.6820000e+02  -1.9771930e+01   1.0425965e+01
   1.6830000e+02  -6.1771930e+01   3.5105965e+01
   1.6840000e+02  -4.5771930e+01  -2.5534035e+01
   1.6850000e+02   6.3228070e+01   1.0105965e+01
   1.6860000e+02   4.6228070e+01   1.5785965e+01
   1.6870000e+02   4.9228070e+01  -1.6334035e+01
   1.6880000e+02   9.8228070e+01   1.7059649e+00
   1.6890000e+02   8.2280702e+00  -1.1694035e+01
   1.6900000e+02   4.1228070e+01   1.9985965e+01
   1.6910000e+02  -7.9771930e+01   4.5825965e+01
   1.6920000e+02  -1.3771930e+01   1.5185965e+01
   1.6930000e+02  -6.6771930e+01   4.3305965e+01
   1.6940000e+02  -5.9771930e+01   1.2025965e+01
   1.6950000e+02  -6.2771930e+01   5.8145965e+01
   1.6960000e+02  -1.0677193e+02   5.8905965e+01
   1.6970000e+02   7.8228070e+01  -4.4940351e+00
   1.6980000e+02   1.0228070e+01  -1.9774035e+01
   1.6990000e+02   6.5228070e+01   4.4025965e+01
   1.7000000e+02   5.8228070e+01   1.2305965e+01
   1.7010000e+02   5.2280702e+00   2.0425965e+01
   1.7020000e+02  -8.7719298e+00   1.1985965e+01
   1.7030000e+02  -3.5771930e+01  -2.4934035e+01
   1.7040000e+02  -5.7771930e+01  -2.5054035e+01
   1.7050000e+02  -1.0277193e+02  -9.2540351e+00
   1.7060000e+02  -6.9771930e+01   2.6425965e+01
   1.7070000e+02  -1.0377193e+02  -8.2140351e+00
   1.7080000e+02  -1.2577193e+02   5.9665965e+01
   1.7090000e+02   3.2280702e+00  -5.4940351e+00
   1.7100000e+02  -7.0771930e+01   7.2465965e+01
   1.7110000e+02  -5.7771930e+01   5.3945965e+01
   1.7120000e+02   8.2228070e+01  -1.7654035e+01
   1.7130000e+02  -4.5771930e+01  -1.0534035e+01
   1.7140000e+02  -6.8771930e+01   2.2385965e+01
   1.7150000e+02  -1.2771930e+01   5.0145965e+01
   1.7160000e+02  -8.7719298e+00   5.9859649e+00
   1.7170000e+02  -2.3771930e+01  -4.1403509e-01
   1.7180000e+02  -8.6771930e+01   2.4105965e+01
   1.7190000e+02  -8.7719298e+00  -7.0140351e+00
   1.7200000e+02   8.2280702e+00   1.8305965e+01
   1.7210000e+02   1.1228070e+01  -8.8140351e+00
   1.7220000e+02  -9.0771930e+01   1.9265965e+01
   1.7230000e+02  -5.9771930e+01   6.2025965e+01
   1.7240000e+02  -2.2771930e+01  -1.7454035e+01
   1.7250000e+02  -4.7719298e+00   8.1825965e+01
   1.7260000e+02  -2.1771930e+01  -2.0494035e+01
   1.7270000e+02  -4.6771930e+01   8.3505965e+01
   1.7280000e+02  -7.5771930e+01  -1.1334035e+01
   1.7290000e+02   2.3228070e+01   3.7059649e+00
   1.7300000e+02  -5.8771930e+01   3.2985965e+01
   1.7310000e+02  -2.2771930e+01  -2.3454035e+01
   1.7320000e+02   1.2228070e+01  -1.8540351e+00
   1.7330000e+02  -7.9771930e+01   1.1825965e+01
   1.7340000e+02  -1.1877193e+02   2.6385965e+01
   1.7350000e+02  -1.1771930e+01  -3.8940351e+00
   1.7360000e+02   3.1228070e+01  -3.6614035e+01
   1.7370000e+02  -5.9771930e+01  -1.6974035e+01
   1.7380000e+02   4.0228070e+01  -2.0974035e+01
   1.7390000e+02   4.2280702e+00   1.7465965e+01
   1.7400000e+02  -7.0771930e+01   2.6465965e+01
   1.7410000e+02  -3.5771930e+01   2.6065965e+01
   1.7420000e+02  -5.7719298e+00  -3.8134035e+01
   1.7430000e+02  -3.0771930e+01  -3.4134035e+01
   1.7440000e+02   3.7228070e+01  -2.1854035e+01
   1.7450000e+02  -7.8771930e+01   6.5785965e+01
   1.7460000e+02  -6.1771930e+01  -8.8940351e+00
   1.7470000e+02   1.2322807e+02  -2.6294035e+01
   1.7480000e+02   2.1228070e+01  -3.5214035e+01
   1.7490000e+02  -1.2771930e+01  -3.0854035e+01
   1.7500000e+02   6.2280702e+00  -9.6140351e+00
   1.7510000e+02  -2.6771930e+01  -2.0294035e+01
   1.7520000e+02  -7.4771930e+01  -6.3740351e+00
   1.7530000e+02   3.2228070e+01  -1.7654035e+01
   1.7540000e+02  -3.9771930e+01   2.3225965e+01
   1.7550000e+02   7.4228070e+01  -9.3340351e+00
   1.7560000e+02  -1.3771930e+01   6.4185965e+01
   1.7570000e+02  -3.3771930e+01  -1.3014035e+01
   1.7580000e+02   8.8228070e+01   2.9105965e+01
   1.7590000e+02   1.2280702e+00   1.0585965e+01
   1.7600000e+02   3.9228070e+01   1.8065965e+01
   1.7610000e+02   2.9228070e+01   3.4465965e+01
   1.7620000e+02   5.2280702e+00   4.2596491e-01
   1.7630000e+02   2.6228070e+01   3.0585965e+01
   1.7640000e+02  -2.9771930e+01   1.1825965e+01
   1.7650000e+02  -2.2771930e+01   7.5459649e+00
   1.7660000e+02   5.4228070e+01   9.3465965e+01
   1.7670000e+02  -1.3771930e+01   4.7185965e+01
   1.7680000e+02   9.5228070e+01   6.7825965e+01
   1.7690000e+02   2.8228070e+01   3.4505965e+01
   1.7700000e+02   5.9228070e+01   9.7265965e+01
   1.7710000e+02  -7.7719298e+00   4.5945965e+01
   1.7720000e+02   3.7228070e+01   5.1459649e+00
   1.7730000e+02   1.2280702e+00   2.5859649e+00
   1.7740000e+02  -3.2771930e+01   3.5945965e+01
   1.7750000e+02  -7.1771930e+01   1.6505965e+01
   1.7760000e+02  -3.0771930e+01   3.5865965e+01
   1.7770000e+02   7.9228070e+01  -2.5340351e+00
   1.7780000e+02   1.0222807e+02  -7.0454035e+01
   1.7790000e+02  -5.1771930e+01  -1.3294035e+01
   1.7800000e+02  -1.7719298e+00  -4.2940351e+00
   1.7810000e+02   8.9228070e+01   7.0659649e+00
   1.7820000e+02   8.0228070e+01   1.1425965e+01
   1.7830000e+02  -7.6771930e+01   1.3705965e+01
   1.7840000e+02  -2.3771930e+01   1.1585965e+01
   1.7850000e+02   5.4228070e+01   6.9465965e+01
   1.7860000e+02  -6.3771930e+01   4.1185965e+01
   1.7870000e+02   3.9228070e+01   1.2065965e+01
   1.7880000e+02  -1.8771930e+01   1.0385965e+01
   1.7890000e+02  -7.8771930e+01   4.7859649e+00
   1.7900000e+02  -4.8771930e+01  -1.4414035e+01
   1.7910000e+02  -7.4771930e+01  -2.7374035e+01
   1.7920000e+02  -7.0771930e+01  -1.8534035e+01
   1.7930000e+02  -2.4771930e+01   2.7625965e+01
   1.7940000e+02  -3.1771930e+01  -3.7094035e+01
   1.7950000e+02   1.2228070e+01   1.1145965e+01
   1.7960000e+02   1.0222807e+02  -4.5403509e-01
   1.7970000e+02  -2.3771930e+01   3.3585965e+01
   1.7980000e+02  -2.4771930e+01   2.6259649e+00
   1.7990000e+02   2.5228070e+01  -4.8374035e+01
   1.8000000e+02   3.8228070e+01  -4.7894035e+01
   1.8010000e+02  -1.0771930e+01  -1.7934035e+01
   1.8020000e+02  -9.2771930e+01  -3.6654035e+01
   1.8030000e+02  -5.7771930e+01   2.5945965e+01
   1.8040000e+02  -1.1771930e+01  -4.3894035e+01
   1.8050000e+02  -5.0771930e+01  -9.3340351e+00
   1.8060000e+02  -3.4771930e+01   4.8025965e+01
   1.8070000e+02  -2.2771930e+01  -6.4540351e+00
   1.8080000e+02  -5.0771930e+01   5.0665965e+01
   1.8090000e+02  -6.5771930e+01  -2.1734035e+01
   1.8100000e+02   7.6228070e+01  -4.4140351e+00
   1.8110000e+02   4.3228070e+01   9.9059649e+00
   1.8120000e+02   4.1228070e+01  -2.1014035e+01
   1.8130000e+02   1.3228070e+01   8.4105965e+01
   1.8140000e+02   1.1422807e+02   6.5065965e+01
   1.8150000e+02   1.5228070e+01  -6.9740351e+00
   1.8160000e+02  -9.4771930e+01   1.6425965e+01
   1.8170000e+02   4.4228070e+01  -3.6134035e+01
   1.8180000e+02   2.2280702e+00   1.7545965e+01
   1.8190000e+02   3.1228070e+01   2.3859649e+00
   1.8200000e+02   3.4228070e+01  -2.7340351e+00
   1.8210000e+02  -2.0771930e+01   4.2465965e+01
   1.8220000e+02  -1.8771930e+01  -1.5614035e+01
   1.8230000e+02   4.4228070e+01  -3.8134035e+01
   1.8240000e+02   3.4228070e+01  -4.7340351e+00
   1.8250000e+02   1.7228070e+01   5.5945965e+01
   1.8260000e+02  -5.7771930e+01  -1.8054035e+01
   1.8270000e+02   1.1322807e+02  -2.4894035e+01
   1.8280000e+02   5.5228070e+01  -4.4574035e+01
   1.8290000e+02  -3.6771930e+01   1.0610596e+02
   1.8300000e+02   1.0228070e+01   7.4225965e+01
   1.8310000e+02   1.0122807e+02   3.5859649e+00
   1.8320000e+02   3.3228070e+01  -2.9694035e+01
   1.8330000e+02   4.2280702e+00   1.1046596e+02
   1.8340000e+02  -8.1771930e+01   5.6905965e+01
   1.8350000e+02  -1.4771930e+01   4.1225965e+01
   1.8360000e+02  -4.1771930e+01   8.3305965e+01
   1.8370000e+02  -1.4771930e+01  -1.6774035e+01
   1.8380000e+02  -1.9771930e+01  -4.5740351e+00
   1.8390000e+02   1.3222807e+02  -3.2654035e+01
   1.8400000e+02   8.0228070e+01  -9.5740351e+00
   1.8410000e+02  -5.3771930e+01   2.6785965e+01
   1.8420000e+02   2.2280702e+00   7.5459649e+00
   1.8430000e+02  -2.1771930e+01  -4.4494035e+01
   1.8440000e+02  -3.7771930e+01   8.1459649e+00
   1.8450000e+02  -2.2771930e+01  -3.4540351e+00
   1.8460000e+02  -8.7771930e+01   3.1145965e+01
   1.8470000e+02  -2.1771930e+01  -3.3494035e+01
   1.8480000e+02  -3.7719298e+00  -2.7214035e+01
   1.8490000e+02   1.8228070e+01   2.6905965e+01
   1.8500000e+02   5.6228070e+01   1.9385965e+01
   1.8510000e+02  -9.0771930e+01   4.0265965e+01
   1.8520000e+02  -2.8771930e+01   2.8785965e+01
   1.8530000e+02  -2.5771930e+01  -2.6334035e+01
   1.8540000e+02  -1.2077193e+02   2.7465965e+01
   1.8550000e+02   5.9228070e+01  -1.2734035e+01
   1.8560000e+02  -8.4771930e+01   5.5025965e+01
   1.8570000e+02  -5.1771930e+01   2.1705965e+01
   1.8580000e+02   2.1228070e+01   1.9785965e+01
   1.8590000e+02  -5.6771930e+01  -2.7094035e+01
   1.8600000e+02  -2.5771930e+01   4.6665965e+01
   1.8610000e+02   1.8228070e+01  -2.1094035e+01
   1.8620000e+02   4.6228070e+01  -2.9214035e+01
   1.8630000e+02   6.2280702e+00   2.4385965e+01
   1.8640000e+02   3.2228070e+01   2.2345965e+01
   1.8650000e+02  -4.7719298e+00  -4.5174035e+01
   1.8660000e+02  -3.2771930e+01  -1.1054035e+01
   1.8670000e+02  -6.7719298e+00   2.6905965e+01
   1.8680000e+02  -8.6771930e+01   1.5105965e+01
   1.8690000e+02  -4.2771930e+01  -2.1654035e+01
   1.8700000e+02  -7.4771930e+01  -6.3740351e+00
   1.8710000e+02  -3.6771930e+01   7.0105965e+01
   1.8720000e+02   7.3228070e+01  -3.4294035e+01
   1.8730000e+02  -1.8771930e+01  -1.6614035e+01
   1.8740000e+02  -4.9771930e+01  -4.3740351e+00
   1.8750000e+02   4.6228070e+01  -3.5214035e+01
   1.8760000e+02  -5.4771930e+01  -1.0174035e+01
   1.8770000e+02   7.2280702e+00   4.3345965e+01
   1.8780000e+02   3.3228070e+01  -7.0694035e+01
   1.8790000e+02  -2.7771930e+01   2.3745965e+01
   1.8800000e+02  -7.9771930e+01   1.3825965e+01
   1.8810000e+02  -2.7771930e+01   1.9745965e+01
   1.8820000e+02  -6.9771930e+01   1.9425965e+01
   1.8830000e+02  -4.3771930e+01  -3.6140351e+00
   1.8840000e+02  -3.3771930e+01  -1.0140351e+00
   1.8850000e+02  -3.6771930e+01  -3.4894035e+01
   1.8860000e+02  -5.5771930e+01   9.8659649e+00
   1.8870000e+02  -6.1771930e+01  -6.8940351e+00
   1.8880000e+02   1.4522807e+02   1.5825965e+01
   1.8890000e+02  -1.0277193e+02   1.7745965e+01
   1.8900000e+02   1.0022807e+02  -5.3374035e+01
   1.8910000e+02   5.6228070e+01  -5.8614035e+01
   1.8920000e+02  -2.9771930e+01   2.8259649e+00
   1.8930000e+02   6.2280702e+00  -3.9614035e+01
   1.8940000e+02  -1.2771930e+01   6.3145965e+01
   1.8950000e+02  -7.6771930e+01  -4.4294035e+01
   1.8960000e+02   7.2280702e+00   1.3459649e+00
   1.8970000e+02   5.0228070e+01   2.1625965e+01
   1.8980000e+02  -6.6771930e+01   3.4305965e+01
   1.8990000e+02  -3.8771930e+01  -3.3814035e+01
   1.9000000e+02   2.4228070e+01   2.5665965e+01
   1.9010000e+02   5.9228070e+01   1.2265965e+01
   1.9020000e+02   3.6228070e+01   5.1859649e+00
   1.9030000e+02  -3.7771930e+01  -3.6854035e+01
   1.9040000e+02   9.2280702e+00   1.2659649e+00
   1.9050000e+02  -3.7719298e+00   1.9785965e+01
   1.9060000e+02  -1.0771930e+01   2.2065965e+01
   1.9070000e+02  -4.2771930e+01   1.5345965e+01
   1.9080000e+02  -7.7719298e+00  -2.9054035e+01
   1.9090000e+02   7.2228070e+01  -2.0254035e+01
   1.9100000e+02  -2.5771930e+01  -1.0334035e+01
   1.9110000e+02  -9.0771930e+01   5.2659649e+00
   1.9120000e+02  -3.0771930e+01   2.1865965e+01
   1.9130000e+02  -4.8771930e+01   1.0585965e+01
   1.9140000e+02   2.0228070e+01  -2.2174035e+01
   1.9150000e+02  -7.3771930e+01  -6.4140351e+00
   1.9160000e+02  -7.7719298e+00   2.1945965e+01
   1.9170000e+02  -1.0771930e+01  -3.0934035e+01
   1.9180000e+02  -6.9771930e+01   6.9425965e+01
   1.9190000e+02   7.2280702e+00  -5.6540351e+00
   1.9200000e+02  -9.1771930e+01   3.5305965e+01
   1.9210000e+02  -7.8771930e+01  -4.5214035e+01
   1.9220000e+02  -9.2771930e+01  -3.6540351e+00
   1.9230000e+02   3.3228070e+01  -4.8694035e+01
   1.9240000e+02  -8.2771930e+01  -4.0054035e+01
   1.9250000e+02  -6.8771930e+01  -2.9614035e+01
   1.9260000e+02   7.1228070e+01   2.9785965e+01
   1.9270000e+02  -4.1771930e+01   1.3059649e+00
   1.9280000e+02   6.8228070e+01  -3.1094035e+01
   1.9290000e+02  -4.4771930e+01  -5.2574035e+01
   1.9300000e+02  -4.0771930e+01  -4.7734035e+01
   1.9310000e+02   1.1228070e+01  -4.8814035e+01
   1.9320000e+02  -5.8771930e+01  -8.0140351e+00
   1.9330000e+02   3.2228070e+01   7.3459649e+00
   1.9340000e+02   9.9228070e+01  -5.6334035e+01
   1.9350000e+02  -2.7771930e+01   1.3474596e+02
   1.9360000e+02  -7.0771930e+01   5.9465965e+01
   1.9370000e+02   2.2228070e+01   3.7459649e+00
   1.9380000e+02   5.7228070e+01   3.3459649e+00
   1.9390000e+02   1.0228070e+01   8.3225965e+01
   1.9400000e+02  -3.7719298e+00  -1.7214035e+01
   1.9410000e+02  -3.0771930e+01   5.8659649e+00
   1.9420000e+02  -5.7771930e+01   4.9459649e+00
   1.9430000e+02   2.6228070e+01   1.7585965e+01
   1.9440000e+02  -7.0771930e+01   3.4465965e+01
   1.9450000e+02   3.8228070e+01   5.5105965e+01
   1.9460000e+02  -2.6771930e+01   3.9705965e+01
   1.9470000e+02   7.2228070e+01   4.1745965e+01
   1.9480000e+02  -5.0771930e+01   1.4665965e+01
   1.9490000e+02  -5.9771930e+01  -9.9740351e+00
   1.9500000e+02   5.3228070e+01   1.9505965e+01
   1.9510000e+02  -2.7719298e+00   3.6745965e+01
   1.9520000e+02  -9.7719298e+00   5.6025965e+01
   1.9530000e+02  -7.2771930e+01  -3.4540351e+00
   1.9540000e+02  -2.5771930e+01   4.0665965e+01
   1.9550000e+02  -1.9771930e+01  -5.5740351e+00
   1.9560000e+02  -8.3771930e+01   6.5985965e+01
   1.9570000e+02  -3.9771930e+01   2.2259649e+00
   1.9580000e+02  -9.7771930e+01  -1.9454035e+01
   1.9590000e+02  -5.3771930e+01   3.7859649e+00
   1.9600000e+02   4.3228070e+01   2.3905965e+01
   1.9610000e+02  -4.9771930e+01  -9.3740351e+00
   1.9620000e+02   4.2280702e+00   2.6465965e+01
   1.9630000e+02  -2.0771930e+01  -5.2534035e+01
   1.9640000e+02  -6.4771930e+01   1.9225965e+01
   1.9650000e+02  -2.6771930e+01   1.9705965e+01
   1.9660000e+02  -7.7719298e+00   4.9459649e+00
   1.9670000e+02   3.8228070e+01  -6.8940351e+00
   1.9680000e+02   9.0228070e+01  -9.9740351e+00
   1.9690000e+02   7.7228070e+01   2.9545965e+01
   1.9700000e+02  -1.0771930e+01  -2.7934035e+01
   1.9710000e+02  -7.7771930e+01   9.1745965e+01
   1.9720000e+02   9.8228070e+01   1.6705965e+01
   1.9730000e+02   6.2280702e+00  -3.4614035e+01
   1.9740000e+02  -7.6771930e+01  -1.7294035e+01
   1.9750000e+02   1.2922807e+02   2.4659649e+00
   1.9760000e+02   7.2228070e+01   2.7745965e+01
   1.9770000e+02  -3.1771930e+01   3.9905965e+01
   1.9780000e+02   4.0228070e+01  -1.9740351e+00
   1.9790000e+02  -8.3771930e+01  -2.3014035e+01
   1.9800000e+02  -4.5771930e+01   6.4659649e+00
   1.9810000e+02  -9.3771930e+01  -3.3614035e+01
   1.9820000e+02   4.9228070e+01  -5.1334035e+01
   1.9830000e+02  -7.8771930e+01  -2.3214035e+01
   1.9840000e+02  -7.7771930e+01   4.7459649e+00
   1.9850000e+02  -5.6771930e+01  -2.7094035e+01
   1.9860000e+02   9.2280702e+00   9.2659649e+00
   1.9870000e+02  -4.5771930e+01  -2.5340351e+00
   1.9880000e+02   1.9228070e+01  -3.4134035e+01
   1.9890000e+02  -8.5771930e+01   1.1065965e+01
   1.9900000e+02  -4.5771930e+01  -8.5340351e+00
   1.9910000e+02  -1.3077193e+02  -2.3134035e+01
   1.9920000e+02  -6.3771930e+01  -2.7814035e+01
   1.9930000e+02  -3.4771930e+01   1.7025965e+01
   1.9940000e+02   2.6228070e+01  -6.4140351e+00
   1.9950000e+02  -6.2771930e+01  -3.9854035e+01
   1.9960000e+02  -5.9771930e+01  -3.1974035e+01
   1.9970000e+02   9.2280702e+00  -9.7340351e+00
   1.9980000e+02  -7.9771930e+01   2.8259649e+00
   1.9990000e+02  -2.9771930e+01  -1.6174035e+01
