   0.0000000e+00   3.3142138e+02   7.3481509e+01
   1.0000000e-01   3.6142138e+02   7.4281509e+01
   2.0000000e-01   1.9242138e+02   8.1041509e+01
   3.0000000e-01   2.3642138e+02   8.0281509e+01
   4.0000000e-01   3.8342138e+02   4.1401509e+01
   5.0000000e-01   3.1842138e+02   5.0015094e+00
   6.0000000e-01   1.6942138e+02   3.0961509e+01
   7.0000000e-01   2.1742138e+02   5.2041509e+01
   8.0000000e-01   2.2242138e+02   8.0841509e+01
   9.0000000e-01   1.6242138e+02   4.8241509e+01
   1.0000000e+00   3.4742138e+02   5.6841509e+01
   1.1000000e+00   3.5042138e+02   4.1721509e+01
   1.2000000e+00   1.6042138e+02   1.1132151e+02
   1.3000000e+00   2.3142138e+02   1.4448151e+02
   1.4000000e+00   9.6421384e+01   8.7881509e+01
   1.5000000e+00   2.8542138e+02   1.2321509e+01
   1.6000000e+00   2.9442138e+02   7.6961509e+01
   1.7000000e+00   2.0642138e+02   1.4848151e+02
   1.8000000e+00   2.6442138e+02   4.1161509e+01
   1.9000000e+00   2.4642138e+02   1.4588151e+02
   2.0000000e+00   3.3442138e+02   1.0736151e+02
   2.1000000e+00   4.2642138e+02   3.3681509e+01
   2.2000000e+00   2.2942138e+02   1.1156151e+02
   2.3000000e+00   1.7742138e+02   8.7641509e+01
   2.4000000e+00   1.1242138e+02   2.9241509e+01
   2.5000000e+00   2.3442138e+02   5.6361509e+01
   2.6000000e+00   1.1642138e+02   7.7081509e+01
   2.7000000e+00   1.1342138e+02   4.6201509e+01
   2.8000000e+00   2.7342138e+02   1.4480151e+02
   2.9000000e+00   2.3942138e+02   1.2516151e+02
   3.0000000e+00   2.7742138e+02   8.9641509e+01
   3.1000000e+00   2.6642138e+02   3.5081509e+01
   3.2000000e+00   2.6742138e+02   2.8041509e+01
   3.3000000e+00   2.9742138e+02   9.5841509e+01
   3.4000000e+00   2.8642138e+02   4.1281509e+01
   3.5000000e+00   2.0042138e+02   3.3721509e+01
   3.6000000e+00   3.8442138e+02   3.7361509e+01
   3.7000000e+00   1.4342138e+02   7.5001509e+01
   3.8000000e+00   3.0342138e+02   3.1601509e+01
   3.9000000e+00   2.3042138e+02  -8.4784906e+00
   4.0000000e+00   4.2042138e+02   5.9921509e+01
   4.1000000e+00   1.3542138e+02   3.8321509e+01
   4.2000000e+00   1.8542138e+02   6.8321509e+01
   4.3000000e+00   2.4942138e+02   1.1376151e+02
   4.4000000e+00   2.6142138e+02   1.7281509e+01
   4.5000000e+00   2.9342138e+02   2.0001509e+01
   4.6000000e+00   2.3542138e+02  -1.3678491e+01
   4.7000000e+00   3.1442138e+02   8.7161509e+01
   4.8000000e+00   2.7142138e+02   4.8881509e+01
   4.9000000e+00   1.8842138e+02  -1.3798491e+01
   5.0000000e+00   2.3142138e+02   6.4815094e+00
   5.1000000e+00   1.5242138e+02   5.1641509e+01
   5.2000000e+00   1.0142138e+02   8.6815094e+00
   5.3000000e+00   7.1421384e+01   2.2881509e+01
   5.4000000e+00   1.0042138e+02   6.7721509e+01
   5.5000000e+00   1.5942138e+02   5.3615094e+00
   5.6000000e+00   3.0642138e+02  -2.2518491e+01
   5.7000000e+00   8.0421384e+01   4.0521509e+01
   5.8000000e+00   2.5442138e+02   4.2561509e+01
   5.9000000e+00   2.6942138e+02   4.2961509e+01
   6.0000000e+00   1.1442138e+02   8.8161509e+01
   6.1000000e+00   3.6842138e+02   4.6001509e+01
   6.2000000e+00   2.1842138e+02   1.3001509e+01
   6.3000000e+00   2.7842138e+02  -3.1398491e+01
   6.4000000e+00   2.3542138e+02   1.2321509e+01
   6.5000000e+00   2.8042138e+02   9.8521509e+01
   6.6000000e+00   1.7742138e+02   8.9641509e+01
   6.7000000e+00   3.4942138e+02  -1.1238491e+01
   6.8000000e+00   1.5142138e+02   8.6815094e+00
   6.9000000e+00   2.2942138e+02   7.0561509e+01
   7.0000000e+00   1.7842138e+02   2.9601509e+01
   7.1000000e+00   2.3542138e+02   1.0032151e+02
   7.2000000e+00   3.0042138e+02   6.1721509e+01
   7.3000000e+00   2.3142138e+02   8.3481509e+01
   7.4000000e+00   2.6642138e+02   3.0081509e+01
   7.5000000e+00   2.5842138e+02   2.0740151e+02
   7.6000000e+00   3.2142138e+02   9.4881509e+01
   7.7000000e+00   1.0042138e+02   3.4721509e+01
   7.8000000e+00   2.2042138e+02   1.2092151e+02
   7.9000000e+00   1.8842138e+02   9.2015094e+00
   8.0000000e+00   9.9421384e+01   8.1761509e+01
   8.1000000e+00   1.9842138e+02   4.8801509e+01
   8.2000000e+00   1.7342138e+02   1.0180151e+02
   8.3000000e+00   1.4742138e+02   5.0841509e+01
   8.4000000e+00   2.0642138e+02   2.0481509e+01
   8.5000000e+00   1.5042138e+02   4.9721509e+01
   8.6000000e+00   1.8842138e+02  -1.4798491e+01
   8.7000000e+00   1.0042138e+02   1.4972151e+02
   8.8000000e+00   2.9742138e+02   9.9841509e+01
   8.9000000e+00   3.4742138e+02  -4.1584906e+00
   9.0000000e+00   2.3742138e+02  -9.7584906e+00
   9.1000000e+00   1.2142138e+02   7.4881509e+01
   9.2000000e+00   2.7542138e+02   3.0721509e+01
   9.3000000e+00   1.2842138e+02   7.3601509e+01
   9.4000000e+00   2.2742138e+02   5.0641509e+01
   9.5000000e+00   2.6542138e+02   3.2121509e+01
   9.6000000e+00   2.0342138e+02  -7.3984906e+00
   9.7000000e+00   2.7542138e+02   6.7721509e+01
   9.8000000e+00   1.7042138e+02   6.3921509e+01
   9.9000000e+00   2.4442138e+02   9.5961509e+01
   1.0000000e+01   1.5042138e+02   4.8721509e+01
   1.0100000e+01   2.7142138e+02   2.6881509e+01
   1.0200000e+01   2.1642138e+02   6.0815094e+00
   1.0300000e+01   2.2142138e+02   1.3788151e+02
   1.0400000e+01   2.0242138e+02   2.9641509e+01
   1.0500000e+01   2.1842138e+02   5.0015094e+00
   1.0600000e+01   1.2142138e+02   2.0881509e+01
   1.0700000e+01   2.7042138e+02   1.2192151e+02
   1.0800000e+01   1.8742138e+02  -3.2758491e+01
   1.0900000e+01   2.2942138e+02   1.6756151e+02
   1.1000000e+01   1.5342138e+02   9.0601509e+01
   1.1100000e+01   2.0942138e+02  -2.0638491e+01
   1.1200000e+01   2.5742138e+02   1.5744151e+02
   1.1300000e+01   3.4142138e+02   2.7081509e+01
   1.1400000e+01   2.6042138e+02  -2.8678491e+01
   1.1500000e+01   2.8742138e+02   1.0124151e+02
   1.1600000e+01   2.2542138e+02   1.1372151e+02
   1.1700000e+01   2.3142138e+02   8.6481509e+01
   1.1800000e+01   3.4742138e+02  -1.1584906e+00
   1.1900000e+01   2.5842138e+02   2.6401509e+01
   1.2000000e+01   2.6442138e+02   2.5161509e+01
   1.2100000e+01   3.5042138e+02   8.7215094e+00
   1.2200000e+01   2.1842138e+02   8.1001509e+01
   1.2300000e+01   2.3442138e+02   7.7361509e+01
   1.2400000e+01   2.2042138e+02   3.4921509e+01
   1.2500000e+01   1.6442138e+02  -1.3838491e+01
   1.2600000e+01   2.7942138e+02   3.0561509e+01
   1.2700000e+01   1.0842138e+02   8.5401509e+01
   1.2800000e+01   2.1742138e+02  -2.0958491e+01
   1.2900000e+01   1.9142138e+02   1.0815094e+00
   1.3000000e+01   1.5842138e+02   1.5401509e+01
   1.3100000e+01   1.6342138e+02   4.4201509e+01
   1.3200000e+01   1.2942138e+02   1.3356151e+02
   1.3300000e+01   1.8042138e+02  -4.4784906e+00
   1.3400000e+01   2.1642138e+02   5.0815094e+00
   1.3500000e+01   3.1842138e+02   4.7001509e+01
   1.3600000e+01   2.1042138e+02   3.5321509e+01
   1.3700000e+01   3.0942138e+02   1.9736151e+02
   1.3800000e+01   2.2942138e+02   8.7561509e+01
   1.3900000e+01   2.0442138e+02   5.8561509e+01
   1.4000000e+01   2.6942138e+02  -2.0038491e+01
   1.4100000e+01   1.2342138e+02   1.1480151e+02
   1.4200000e+01   2.5942138e+02   4.9361509e+01
   1.4300000e+01   3.2042138e+02   4.1921509e+01
   1.4400000e+01   2.2142138e+02   2.7881509e+01
   1.4500000e+01   2.6442138e+02  -1.1838491e+01
   1.4600000e+01   1.8142138e+02   5.6481509e+01
   1.4700000e+01   1.7342138e+02  -7.1984906e+00
   1.4800000e+01   2.2242138e+02   4.4841509e+01
   1.4900000e+01   4.0642138e+02   6.0481509e+01
   1.5000000e+01   1.3942138e+02   5.7161509e+01
   1.5100000e+01   2.1042138e+02   6.6321509e+01
   1.5200000e+01   3.1042138e+02   4.0321509e+01
   1.5300000e+01   3.1742138e+02  -2.6958491e+01
   1.5400000e+01   4.2242138e+02  -4.1584906e+00
   1.5500000e+01   2.9042138e+02  -5.9878491e+01
   1.5600000e+01   3.2442138e+02  -2.1238491e+01
   1.5700000e+01   4.6742138e+02  -2.5958491e+01
   1.5800000e+01   2.7142138e+02   3.9881509e+01
   1.5900000e+01   4.7742138e+02  -1.2358491e+01
   1.6000000e+01   2.8042138e+02  -3.4784906e+00
   1.6100000e+01   3.3742138e+02   1.4241509e+01
   1.6200000e+01   2.7942138e+02   4.7561509e+01
   1.6300000e+01   2.5842138e+02  -1.7598491e+01
   1.6400000e+01   3.5842138e+02  -2.9598491e+01
   1.6500000e+01   2.0442138e+02   1.5615094e+00
   1.6600000e+01   2.9042138e+02  -4.1878491e+01
   1.6700000e+01   4.7742138e+02  -1.1358491e+01
   1.6800000e+01   3.0542138e+02   1.0521509e+01
   1.6900000e+01   2.1942138e+02   6.3961509e+01
   1.7000000e+01   2.3442138e+02  -2.1638491e+01
   1.7100000e+01   3.6642138e+02  -7.9184906e+00
   1.7200000e+01   3.6042138e+02   2.9321509e+01
   1.7300000e+01   2.6842138e+02  -4.9984906e+00
   1.7400000e+01   2.4242138e+02  -1.5958491e+01
   1.7500000e+01   4.1642138e+02  -1.8918491e+01
   1.7600000e+01   4.0542138e+02  -6.4784906e+00
   1.7700000e+01   3.4742138e+02  -3.5158491e+01
   1.7800000e+01   4.3042138e+02  -1.9478491e+01
   1.7900000e+01   3.0642138e+02  -2.6518491e+01
   1.8000000e+01   6.0042138e+02  -2.7278491e+01
   1.8100000e+01   4.7142138e+02   1.8881509e+01
   1.8200000e+01   2.6442138e+02  -5.8384906e+00
   1.8300000e+01   1.7142138e+02  -3.5118491e+01
   1.8400000e+01   3.0942138e+02   6.4361509e+01
   1.8500000e+01   1.8542138e+02   3.5321509e+01
   1.8600000e+01   3.5042138e+02   1.2721509e+01
   1.8700000e+01   1.6142138e+02  -2.3718491e+01
   1.8800000e+01   3.5742138e+02  -1.4558491e+01
   1.8900000e+01   3.3742138e+02  -1.3758491e+01
   1.9000000e+01   2.5742138e+02   4.5441509e+01
   1.9100000e+01   5.9642138e+02  -2.4118491e+01
   1.9200000e+01   3.6442138e+02   1.1161509e+01
   1.9300000e+01   3.1842138e+02   8.0015094e+00
   1.9400000e+01   3.1942138e+02   2.1961509e+01
   1.9500000e+01   4.4142138e+02  -4.2918491e+01
   1.9600000e+01   3.3642138e+02   6.7281509e+01
   1.9700000e+01   3.3842138e+02   5.2015094e+00
   1.9800000e+01   4.1342138e+02   2.7201509e+01
   1.9900000e+01   4.9242138e+02  -9.9584906e+00
   2.0000000e+01   1.3942138e+02   5.5161509e+01
   2.0100000e+01   3.4242138e+02  -5.4958491e+01
   2.0200000e+01   5.0442138e+02  -5.2438491e+01
   2.0300000e+01   2.2442138e+02   2.4761509e+01
   2.0400000e+01   4.2442138e+02   8.3761509e+01
   2.0500000e+01   3.5642138e+02   2.0481509e+01
   2.0600000e+01   3.9742138e+02   6.9841509e+01
   2.0700000e+01   3.5242138e+02  -1.0358491e+01
   2.0800000e+01   2.8842138e+02  -2.8798491e+01
   2.0900000e+01   3.9942138e+02   2.1761509e+01
   2.1000000e+01   3.6142138e+02   1.8281509e+01
   2.1100000e+01   1.9442138e+02  -1.7038491e+01
   2.1200000e+01   3.7942138e+02  -1.8438491e+01
   2.1300000e+01   4.5742138e+02   3.5441509e+01
   2.1400000e+01   3.8442138e+02   3.4361509e+01
   2.1500000e+01   4.1542138e+02  -1.5878491e+01
   2.1600000e+01   3.5242138e+02   3.8641509e+01
   2.1700000e+01   2.6142138e+02  -4.7184906e+00
   2.1800000e+01   4.0742138e+02   1.0441509e+01
   2.1900000e+01   3.7742138e+02  -1.3584906e+00
   2.2000000e+01   3.3242138e+02  -6.5584906e+00
   2.2100000e+01   3.5242138e+02  -2.3358491e+01
   2.2200000e+01   3.2142138e+02  -9.1184906e+00
   2.2300000e+01   1.1042138e+02  -1.1678491e+01
   2.2400000e+01   2.4142138e+02  -2.0918491e+01
   2.2500000e+01   3.3642138e+02  -6.9718491e+01
   2.2600000e+01   3.8942138e+02   1.6150943e-01
   2.2700000e+01   4.9242138e+02  -1.4958491e+01
   2.2800000e+01   3.1142138e+02  -3.7718491e+01
   2.2900000e+01   3.4842138e+02  -4.9198491e+01
   2.3000000e+01   1.6842138e+02  -1.0998491e+01
   2.3100000e+01   3.0842138e+02   3.2401509e+01
   2.3200000e+01   2.4642138e+02  -9.1184906e+00
   2.3300000e+01   4.1342138e+02  -1.8798491e+01
   2.3400000e+01   3.0042138e+02  -2.9278491e+01
   2.3500000e+01   4.4642138e+02  -2.1118491e+01
   2.3600000e+01   1.7042138e+02  -2.0078491e+01
   2.3700000e+01   3.2442138e+02   1.1761509e+01
   2.3800000e+01   3.9042138e+02  -3.2878491e+01
   2.3900000e+01   3.9342138e+02  -6.9984906e+00
   2.4000000e+01   4.6442138e+02  -2.7838491e+01
   2.4100000e+01   2.9542138e+02  -1.6078491e+01
   2.4200000e+01   4.5542138e+02  -4.6478491e+01
   2.4300000e+01   4.4842138e+02  -1.5198491e+01
   2.4400000e+01   3.1642138e+02  -1.2918491e+01
   2.4500000e+01   2.8642138e+02   1.4281509e+01
   2.4600000e+01   2.9942138e+02   1.9761509e+01
   2.4700000e+01   2.4142138e+02  -5.7918491e+01
   2.4800000e+01   2.7142138e+02   5.5881509e+01
   2.4900000e+01   2.7542138e+02  -3.8278491e+01
   2.5000000e+01   4.2142138e+02  -3.2118491e+01
   2.5100000e+01   3.9942138e+02   9.0761509e+01
   2.5200000e+01   3.0342138e+02   6.6015094e+00
   2.5300000e+01   2.2442138e+02   2.3761509e+01
   2.5400000e+01   3.0742138e+02  -3.5584906e+00
   2.5500000e+01   2.2042138e+02  -2.4078491e+01
   2.5600000e+01   4.4042138e+02   5.5121509e+01
   2.5700000e+01   3.8642138e+02  -7.7184906e+00
   2.5800000e+01   2.7042138e+02  -1.8078491e+01
   2.5900000e+01   1.9742138e+02   8.4150943e-01
   2.6000000e+01   4.8742138e+02  -6.9758491e+01
   2.6100000e+01   3.7842138e+02  -6.5398491e+01
   2.6200000e+01   2.4542138e+02  -9.0784906e+00
   2.6300000e+01   4.8242138e+02  -6.5584906e+00
   2.6400000e+01   2.2142138e+02  -3.2118491e+01
   2.6500000e+01   2.7642138e+02  -5.3184906e+00
   2.6600000e+01   3.2942138e+02  -1.9438491e+01
   2.6700000e+01   3.5142138e+02   5.1681509e+01
   2.6800000e+01   2.9642138e+02   4.1881509e+01
   2.6900000e+01   2.9942138e+02  -4.4238491e+01
   2.7000000e+01   3.4142138e+02   1.8081509e+01
   2.7100000e+01   3.2542138e+02   6.0721509e+01
   2.7200000e+01   4.0242138e+02  -5.2358491e+01
   2.7300000e+01   5.1442138e+02  -1.3838491e+01
   2.7400000e+01   3.6642138e+02   4.3081509e+01
   2.7500000e+01   2.0242138e+02  -2.3358491e+01
   2.7600000e+01   3.8642138e+02  -4.7184906e+00
   2.7700000e+01   3.1242138e+02   1.1241509e+01
   2.7800000e+01   3.5442138e+02  -4.4438491e+01
   2.7900000e+01   4.8742138e+02  -4.0758491e+01
   2.8000000e+01   2.1442138e+02   4.4161509e+01
   2.8100000e+01   3.5142138e+02   6.8150943e-01
   2.8200000e+01   1.9442138e+02  -3.4038491e+01
   2.8300000e+01   3.2142138e+02  -2.3118491e+01
   2.8400000e+01   3.9342138e+02   1.0015094e+00
   2.8500000e+01   3.2342138e+02   2.0801509e+01
   2.8600000e+01   3.0142138e+02   1.3681509e+01
   2.8700000e+01   3.9442138e+02   4.6961509e+01
   2.8800000e+01   3.9942138e+02   5.5761509e+01
   2.8900000e+01   3.4542138e+02  -3.0078491e+01
   2.9000000e+01   3.6442138e+02  -6.4838491e+01
   2.9100000e+01   3.5742138e+02   3.0441509e+01
   2.9200000e+01   3.6842138e+02   1.1001509e+01
   2.9300000e+01   2.6642138e+02   1.5081509e+01
   2.9400000e+01   2.5942138e+02   4.8361509e+01
   2.9500000e+01   3.1542138e+02   5.1215094e+00
   2.9600000e+01   3.6842138e+02   3.0001509e+01
   2.9700000e+01   4.7442138e+02   4.9761509e+01
   2.9800000e+01   4.6242138e+02   4.1241509e+01
   2.9900000e+01   2.9042138e+02  -2.3878491e+01
   3.0000000e+01   4.3442138e+02  -4.1638491e+01
   3.0100000e+01   3.2142138e+02   4.8815094e+00
   3.0200000e+01   4.4942138e+02  -3.5238491e+01
   3.0300000e+01   3.0742138e+02  -4.5584906e+00
   3.0400000e+01   2.1942138e+02  -1.8038491e+01
   3.0500000e+01   5.0742138e+02  -5.5584906e+00
   3.0600000e+01   3.6442138e+02   3.2161509e+01
   3.0700000e+01   2.7042138e+02   1.9215094e+00
   3.0800000e+01   3.3742138e+02  -9.7584906e+00
   3.0900000e+01   4.7142138e+02  -5.1184906e+00
   3.1000000e+01   4.9642138e+02   1.3881509e+01
   3.1100000e+01   3.0842138e+02   4.8401509e+01
   3.1200000e+01   2.5542138e+02  -4.1478491e+01
   3.1300000e+01   3.9042138e+02   1.6121509e+01
   3.1400000e+01   3.6142138e+02   8.0281509e+01
   3.1500000e+01   2.9842138e+02   8.0150943e-01
   3.1600000e+01   2.9142138e+02   3.9081509e+01
   3.1700000e+01   4.2542138e+02  -1.1278491e+01
   3.1800000e+01   3.2342138e+02   7.8015094e+00
   3.1900000e+01   4.8942138e+02  -4.1838491e+01
   3.2000000e+01   3.2942138e+02  -3.4438491e+01
   3.2100000e+01   5.2942138e+02  -3.8438491e+01
   3.2200000e+01   4.0042138e+02  -3.2278491e+01
   3.2300000e+01   2.2942138e+02   7.5615094e+00
   3.2400000e+01   3.1142138e+02   2.8281509e+01
   3.2500000e+01   3.4642138e+02   1.7881509e+01
   3.2600000e+01   3.0142138e+02   3.6815094e+00
   3.2700000e+01   3.9242138e+02   2.8041509e+01
   3.2800000e+01   4.0842138e+02   1.5401509e+01
   3.2900000e+01   3.6642138e+02   1.4081509e+01
   3.3000000e+01   3.9342138e+02  -2.8998491e+01
   3.3100000e+01   1.8542138e+02   1.9321509e+01
   3.3200000e+01   2.9342138e+02  -3.3998491e+01
   3.3300000e+01   2.0442138e+02  -8.4384906e+00
   3.3400000e+01   4.1142138e+02   1.2281509e+01
   3.3500000e+01   5.1142138e+02  -2.0718491e+01
   3.3600000e+01   3.6742138e+02  -9.9584906e+00
   3.3700000e+01   2.5342138e+02   1.4601509e+01
   3.3800000e+01   4.6642138e+02   2.1081509e+01
   3.3900000e+01   4.2342138e+02  -3.8198491e+01
   3.4000000e+01   3.0542138e+02   8.5215094e+00
   3.4100000e+01   4.0542138e+02   2.5521509e+01
   3.4200000e+01   2.5042138e+02  -1.7278491e+01
   3.4300000e+01   1.4942138e+02   1.7761509e+01
   3.4400000e+01   2.7942138e+02   4.5561509e+01
   3.4500000e+01   5.1642138e+02   1.1808151e+02
   3.4600000e+01   4.7142138e+02   3.9881509e+01
   3.4700000e+01   4.0242138e+02   3.1641509e+01
   3.4800000e+01   2.6142138e+02   6.3281509e+01
   3.4900000e+01   2.9842138e+02   3.1801509e+01
   3.5000000e+01   4.0242138e+02  -2.3358491e+01
   3.5100000e+01   5.0042138e+02  -2.3278491e+01
   3.5200000e+01   3.7342138e+02  -8.1984906e+00
   3.5300000e+01   3.9942138e+02  -5.4238491e+01
   3.5400000e+01   5.2742138e+02   6.6641509e+01
   3.5500000e+01   3.9642138e+02   9.4881509e+01
   3.5600000e+01   3.7242138e+02   2.2841509e+01
   3.5700000e+01   2.5642138e+02   2.4815094e+00
   3.5800000e+01   2.7942138e+02  -4.2438491e+01
   3.5900000e+01   2.7421384e+01  -1.4358491e+01
   3.6000000e+01   7.5421384e+01   7.4721509e+01
   3.6100000e+01  -3.8578616e+01   4.7281509e+01
   3.6200000e+01  -3.2578616e+01  -5.0958491e+01
   3.6300000e+01  -9.1578616e+01  -2.9598491e+01
   3.6400000e+01   4.0421384e+01   1.8121509e+01
   3.6500000e+01  -8.0578616e+01   8.6961509e+01
   3.6600000e+01   5.2421384e+01  -3.2358491e+01
   3.6700000e+01   2.4421384e+01   3.7761509e+01
   3.6800000e+01   1.8421384e+01  -2.1998491e+01
   3.6900000e+01   5.4213836e+00   1.9521509e+01
   3.7000000e+01   6.0421384e+01  -6.6784906e+00
   3.7100000e+01  -2.6578616e+01   3.2801509e+01
   3.7200000e+01  -2.8578616e+01  -3.0118491e+01
   3.7300000e+01   8.8421384e+01   1.0201509e+01
   3.7400000e+01   8.4421384e+01   3.1361509e+01
   3.7500000e+01   1.2421384e+01   1.1241509e+01
   3.7600000e+01   9.4421384e+01  -5.2038491e+01
   3.7700000e+01   1.2942138e+02   4.3561509e+01
   3.7800000e+01   4.6421384e+01   7.8815094e+00
   3.7900000e+01   6.8421384e+01   2.0001509e+01
   3.8000000e+01   6.9421384e+01   3.4961509e+01
   3.8100000e+01   8.4213836e+00   2.4401509e+01
   3.8200000e+01   6.0421384e+01  -1.3678491e+01
   3.8300000e+01  -2.4578616e+01   3.8721509e+01
   3.8400000e+01   4.3421384e+01  -2.6998491e+01
   3.8500000e+01   8.4421384e+01   4.2361509e+01
   3.8600000e+01   1.0342138e+02   2.9601509e+01
   3.8700000e+01   4.2421384e+01  -1.6958491e+01
   3.8800000e+01   1.2421384e+01  -2.8758491e+01
   3.8900000e+01  -4.5578616e+01   2.8561509e+01
   3.9000000e+01   1.5421384e+01   3.8121509e+01
   3.9100000e+01  -8.5786164e+00   4.0815094e+00
   3.9200000e+01   1.3042138e+02   1.6521509e+01
   3.9300000e+01   8.5421384e+01  -8.6784906e+00
   3.9400000e+01   4.8421384e+01   1.0801509e+01
   3.9500000e+01   9.7421384e+01   4.8415094e+00
   3.9600000e+01   8.2421384e+01  -2.3558491e+01
   3.9700000e+01  -1.0957862e+02  -3.6878491e+01
   3.9800000e+01  -1.0578616e+01  -1.2838491e+01
   3.9900000e+01   2.4213836e+00  -2.3584906e+00
   4.0000000e+01   2.7421384e+01  -4.8358491e+01
   4.0100000e+01  -3.1578616e+01  -2.9998491e+01
   4.0200000e+01   1.6442138e+02   2.1615094e+00
   4.0300000e+01   4.5421384e+01   2.1921509e+01
   4.0400000e+01   2.8421384e+01   3.6015094e+00
   4.0500000e+01  -3.6578616e+01  -3.3798491e+01
   4.0600000e+01   5.7421384e+01  -2.1558491e+01
   4.0700000e+01   8.3421384e+01   2.4401509e+01
   4.0800000e+01   4.0421384e+01  -2.7878491e+01
   4.0900000e+01  -7.0578616e+01   1.8561509e+01
   4.1000000e+01   4.4421384e+01  -1.4038491e+01
   4.1100000e+01  -5.1578616e+01   3.8801509e+01
   4.1200000e+01   1.7421384e+01  -1.4958491e+01
   4.1300000e+01   1.3421384e+01  -6.1798491e+01
   4.1400000e+01   1.8421384e+01   5.0015094e+00
   4.1500000e+01   1.4213836e+00   2.7681509e+01
   4.1600000e+01   5.2421384e+01  -3.4358491e+01
   4.1700000e+01   4.2138365e-01  -3.9278491e+01
   4.1800000e+01   6.2421384e+01   9.2241509e+01
   4.1900000e+01   2.8421384e+01  -1.4398491e+01
   4.2000000e+01   2.0421384e+01   6.9215094e+00
   4.2100000e+01   9.1421384e+01  -7.9184906e+00
   4.2200000e+01  -5.1578616e+01   5.1801509e+01
   4.2300000e+01   1.2342138e+02  -3.9198491e+01
   4.2400000e+01  -1.2578616e+01  -2.2758491e+01
   4.2500000e+01   3.2421384e+01  -1.1558491e+01
   4.2600000e+01  -5.7578616e+01   1.0415094e+00
   4.2700000e+01   1.1421384e+01   1.0281509e+01
   4.2800000e+01  -5.3578616e+01   5.1881509e+01
   4.2900000e+01   1.1442138e+02   3.1615094e+00
   4.3000000e+01  -1.1578616e+01  -4.5798491e+01
   4.3100000e+01   4.5421384e+01   2.9215094e+00
   4.3200000e+01  -7.9578616e+01   1.0921509e+01
   4.3300000e+01  -4.6578616e+01  -2.9398491e+01
   4.3400000e+01   8.5421384e+01  -3.4678491e+01
   4.3500000e+01  -1.4578616e+01  -5.6678491e+01
   4.3600000e+01  -1.1578616e+01   2.9201509e+01
   4.3700000e+01   1.0242138e+02  -3.6358491e+01
   4.3800000e+01  -9.5786164e+00   2.5121509e+01
   4.3900000e+01   4.8421384e+01   7.8015094e+00
   4.4000000e+01   8.7421384e+01   4.3241509e+01
   4.4100000e+01   1.9142138e+02  -1.2918491e+01
   4.4200000e+01  -4.3578616e+01   3.9481509e+01
   4.4300000e+01   1.2421384e+01   5.7241509e+01
   4.4400000e+01   1.0242138e+02  -7.8358491e+01
   4.4500000e+01   8.4213836e+00   7.4015094e+00
   4.4600000e+01  -3.7578616e+01  -2.8758491e+01
   4.4700000e+01   3.2421384e+01  -2.5558491e+01
   4.4800000e+01  -4.9578616e+01   3.1721509e+01
   4.4900000e+01   1.1421384e+01  -2.9718491e+01
   4.5000000e+01   8.0421384e+01   4.7521509e+01
   4.5100000e+01   3.6421384e+01  -2.0718491e+01
   4.5200000e+01   7.4421384e+01  -1.4238491e+01
   4.5300000e+01   1.0421384e+01  -3.4678491e+01
   4.5400000e+01  -1.7578616e+01   1.6441509e+01
   4.5500000e+01   4.2421384e+01   9.0415094e+00
   4.5600000e+01  -8.6578616e+01   1.5201509e+01
   4.5700000e+01   2.9421384e+01  -3.2438491e+01
   4.5800000e+01   1.0421384e+01  -1.0678491e+01
   4.5900000e+01  -1.8578616e+01  -2.1518491e+01
   4.6000000e+01   6.9421384e+01  -1.1038491e+01
   4.6100000e+01  -3.4578616e+01  -1.3878491e+01
   4.6200000e+01  -4.7578616e+01   5.5641509e+01
   4.6300000e+01  -1.1578616e+01  -1.9798491e+01
   4.6400000e+01   2.1421384e+01   4.0881509e+01
   4.6500000e+01  -2.5578616e+01  -3.2384906e+00
   4.6600000e+01   4.9421384e+01   6.7761509e+01
   4.6700000e+01  -2.0578616e+01   4.1561509e+01
   4.6800000e+01   7.4213836e+00   2.8441509e+01
   4.6900000e+01   1.4342138e+02  -1.1998491e+01
   4.7000000e+01  -3.2578616e+01   2.6041509e+01
   4.7100000e+01   1.2421384e+01  -4.5758491e+01
   4.7200000e+01   1.9421384e+01  -3.8038491e+01
   4.7300000e+01  -1.5786164e+00  -2.5198491e+01
   4.7400000e+01   1.3742138e+02   5.2415094e+00
   4.7500000e+01   7.0421384e+01  -3.2078491e+01
   4.7600000e+01   1.1421384e+01   3.2815094e+00
   4.7700000e+01   3.4213836e+00  -1.0398491e+01
   4.7800000e+01   8.1421384e+01   2.9481509e+01
   4.7900000e+01   1.2842138e+02  -4.3984906e+00
   4.8000000e+01   1.1421384e+01  -1.0718491e+01
   4.8100000e+01   1.5421384e+01  -3.1878491e+01
   4.8200000e+01   7.1421384e+01   6.1881509e+01
   4.8300000e+01  -6.6578616e+01  -1.3598491e+01
   4.8400000e+01   7.6421384e+01  -1.1318491e+01
   4.8500000e+01   9.7421384e+01   6.8415094e+00
   4.8600000e+01  -6.5578616e+01  -2.6384906e+00
   4.8700000e+01  -2.2578616e+01   1.1641509e+01
   4.8800000e+01   1.4213836e+00  -1.4318491e+01
   4.8900000e+01   7.3421384e+01  -6.4198491e+01
   4.9000000e+01  -2.3578616e+01  -9.3184906e+00
   4.9100000e+01  -4.2578616e+01  -2.5558491e+01
   4.9200000e+01  -5.4578616e+01  -2.2078491e+01
   4.9300000e+01  -8.5786164e+00  -4.8918491e+01
   4.9400000e+01   6.4213836e+00  -3.0518491e+01
   4.9500000e+01  -3.3578616e+01  -3.8918491e+01
   4.9600000e+01  -4.3578616e+01  -5.1518491e+01
   4.9700000e+01   1.3421384e+01   2.0150943e-01
   4.9800000e+01   5.3421384e+01  -5.8398491e+01
   4.9900000e+01  -1.2578616e+01  -1.9758491e+01
   5.0000000e+01  -8.5786164e+00   3.6081509e+01
   5.0100000e+01   7.6421384e+01  -1.4318491e+01
   5.0200000e+01   2.9421384e+01  -4.4384906e+00
   5.0300000e+01  -1.3578616e+01  -2.5718491e+01
   5.0400000e+01  -7.8578616e+01   2.7881509e+01
   5.0500000e+01   2.9421384e+01  -5.1438491e+01
   5.0600000e+01  -1.4578616e+01   5.3215094e+00
   5.0700000e+01  -2.5578616e+01  -1.9238491e+01
   5.0800000e+01  -4.5578616e+01  -4.3849057e-01
   5.0900000e+01   6.4421384e+01  -6.0838491e+01
   5.1000000e+01   1.7421384e+01  -2.5958491e+01
   5.1100000e+01   5.5421384e+01  -1.3478491e+01
   5.1200000e+01  -1.2578616e+01  -1.8758491e+01
   5.1300000e+01  -3.5786164e+00   1.8881509e+01
   5.1400000e+01   5.5421384e+01   1.2521509e+01
   5.1500000e+01   1.4421384e+01   2.8161509e+01
   5.1600000e+01   4.2138365e-01   3.3721509e+01
   5.1700000e+01  -9.5786164e+00  -1.3878491e+01
   5.1800000e+01  -2.5578616e+01   3.3761509e+01
   5.1900000e+01   1.9421384e+01  -4.6038491e+01
   5.2000000e+01  -6.5786164e+00   1.5094340e-03
   5.2100000e+01  -3.4578616e+01  -1.9878491e+01
   5.2200000e+01   2.5421384e+01  -3.2784906e+00
   5.2300000e+01   2.4213836e+00   2.4641509e+01
   5.2400000e+01   8.0421384e+01   4.1521509e+01
   5.2500000e+01   1.2421384e+01   1.0241509e+01
   5.2600000e+01   4.6421384e+01   2.8881509e+01
   5.2700000e+01   8.9421384e+01   6.7161509e+01
   5.2800000e+01  -6.7578616e+01   2.5441509e+01
   5.2900000e+01  -1.1457862e+02   3.5321509e+01
   5.3000000e+01  -4.5786164e+00   2.1921509e+01
   5.3100000e+01  -7.9578616e+01   2.5921509e+01
   5.3200000e+01   5.3421384e+01  -3.0398491e+01
   5.3300000e+01   8.9421384e+01  -8.3849057e-01
   5.3400000e+01  -2.0578616e+01  -4.3849057e-01
   5.3500000e+01   4.6421384e+01   2.7881509e+01
   5.3600000e+01   4.4213836e+00   1.7561509e+01
   5.3700000e+01   1.1042138e+02   1.5321509e+01
   5.3800000e+01   1.7421384e+01   2.9041509e+01
   5.3900000e+01   2.4421384e+01   3.9761509e+01
   5.4000000e+01  -2.5578616e+01   6.7615094e+00
   5.4100000e+01  -4.5786164e+00   6.9921509e+01
   5.4200000e+01   4.4421384e+01   2.2961509e+01
   5.4300000e+01   8.4213836e+00  -3.7598491e+01
   5.4400000e+01  -1.7578616e+01   8.4415094e+00
   5.4500000e+01  -7.0578616e+01  -1.4384906e+00
   5.4600000e+01   4.8421384e+01  -2.9198491e+01
   5.4700000e+01   3.1421384e+01  -2.7518491e+01
   5.4800000e+01  -9.1578616e+01  -1.9598491e+01
   5.4900000e+01   3.6421384e+01  -3.3718491e+01
   5.5000000e+01   6.1421384e+01  -3.8718491e+01
   5.5100000e+01   2.4421384e+01  -3.0238491e+01
   5.5200000e+01  -6.1578616e+01  -1.2798491e+01
   5.5300000e+01   9.7421384e+01   2.6841509e+01
   5.5400000e+01   2.8421384e+01   2.2601509e+01
   5.5500000e+01   4.5421384e+01  -1.6078491e+01
   5.5600000e+01   4.2138365e-01  -1.4278491e+01
   5.5700000e+01  -2.8578616e+01   2.4881509e+01
   5.5800000e+01  -1.8578616e+01   2.8481509e+01
   5.5900000e+01  -6.5786164e+00  -2.5998491e+01
   5.6000000e+01  -5.2578616e+01  -3.2158491e+01
   5.6100000e+01   3.7421384e+01  -5.0758491e+01
   5.6200000e+01   2.1421384e+01  -2.8118491e+01
   5.6300000e+01   5.1421384e+01   2.7681509e+01
   5.6400000e+01  -1.5578616e+01  -6.3849057e-01
   5.6500000e+01  -3.6578616e+01  -7.7984906e+00
   5.6600000e+01  -1.3557862e+02  -3.5838491e+01
   5.6700000e+01   3.5421384e+01   6.7321509e+01
   5.6800000e+01  -1.8578616e+01   5.4815094e+00
   5.6900000e+01  -6.3578616e+01  -4.2718491e+01
   5.7000000e+01   1.4213836e+00  -5.3184906e+00
   5.7100000e+01   9.1421384e+01   2.0815094e+00
   5.7200000e+01  -4.2578616e+01   5.5441509e+01
   5.7300000e+01   1.1942138e+02   8.6961509e+01
   5.7400000e+01  -6.2578616e+01   2.0241509e+01
   5.7500000e+01  -2.0578616e+01  -7.4384906e+00
   5.7600000e+01  -4.6578616e+01  -3.2398491e+01
   5.7700000e+01  -9.5786164e+00  -9.8784906e+00
   5.7800000e+01   8.6421384e+01   2.0281509e+01
   5.7900000e+01  -5.1578616e+01  -4.2198491e+01
   5.8000000e+01  -1.4578616e+01   3.3215094e+00
   5.8100000e+01  -2.6578616e+01   1.1801509e+01
   5.8200000e+01  -7.2578616e+01  -2.4358491e+01
   5.8300000e+01  -3.0578616e+01   1.9615094e+00
   5.8400000e+01   5.9421384e+01   1.3361509e+01
   5.8500000e+01  -1.1057862e+02   6.5161509e+01
   5.8600000e+01   2.3421384e+01  -3.2198491e+01
   5.8700000e+01   9.4213836e+00   5.0361509e+01
   5.8800000e+01   2.6421384e+01  -7.3184906e+00
   5.8900000e+01   1.1642138e+02   3.0815094e+00
   5.9000000e+01   9.1421384e+01  -1.4918491e+01
   5.9100000e+01   1.7421384e+01   2.3041509e+01
   5.9200000e+01  -5.2578616e+01   9.0841509e+01
   5.9300000e+01  -3.2578616e+01  -4.0958491e+01
   5.9400000e+01   4.5421384e+01  -1.0078491e+01
   5.9500000e+01  -3.1578616e+01  -1.8998491e+01
   5.9600000e+01   8.4213836e+00   1.2040151e+02
   5.9700000e+01   6.2421384e+01   2.0241509e+01
   5.9800000e+01   1.8421384e+01  -1.9984906e+00
   5.9900000e+01  -2.1578616e+01   4.6015094e+00
   6.0000000e+01   4.2138365e-01  -1.4278491e+01
   6.0100000e+01  -3.5578616e+01   1.1016151e+02
   6.0200000e+01  -1.5786164e+00  -8.1984906e+00
   6.0300000e+01  -1.5578616e+01  -2.9638491e+01
   6.0400000e+01   1.9421384e+01  -2.1038491e+01
   6.0500000e+01  -6.6578616e+01   3.8401509e+01
   6.0600000e+01  -4.7578616e+01  -8.3584906e+00
   6.0700000e+01  -1.2057862e+02   5.6150943e-01
   6.0800000e+01   3.2421384e+01   8.4415094e+00
   6.0900000e+01  -9.0578616e+01  -5.1638491e+01
   6.1000000e+01  -1.7578616e+01   2.7441509e+01
   6.1100000e+01  -3.3578616e+01  -5.2918491e+01
   6.1200000e+01  -2.5786164e+00   3.4841509e+01
   6.1300000e+01   3.8421384e+01  -1.7798491e+01
   6.1400000e+01  -4.5786164e+00  -2.0078491e+01
   6.1500000e+01  -2.8578616e+01  -3.9118491e+01
   6.1600000e+01  -5.6578616e+01  -1.0998491e+01
   6.1700000e+01  -6.2578616e+01   1.2241509e+01
   6.1800000e+01   1.9421384e+01  -1.7038491e+01
   6.1900000e+01   4.2138365e-01   3.1721509e+01
   6.2000000e+01   3.8421384e+01   2.5201509e+01
   6.2100000e+01   4.4421384e+01  -2.6038491e+01
   6.2200000e+01   3.3421384e+01   2.6401509e+01
   6.2300000e+01   7.6421384e+01  -1.9318491e+01
   6.2400000e+01  -9.5786164e+00  -3.2878491e+01
   6.2500000e+01   1.4213836e+00   1.6681509e+01
   6.2600000e+01   8.4213836e+00  -1.6598491e+01
   6.2700000e+01  -3.0578616e+01   2.0961509e+01
   6.2800000e+01  -9.5786164e+00  -4.0878491e+01
   6.2900000e+01  -5.7861635e-01  -2.4238491e+01
   6.3000000e+01  -9.8578616e+01   7.5681509e+01
   6.3100000e+01  -3.5786164e+00  -2.2118491e+01
   6.3200000e+01  -2.2578616e+01   4.8641509e+01
   6.3300000e+01  -9.4578616e+01  -2.7478491e+01
   6.3400000e+01  -1.6578616e+01  -1.8598491e+01
   6.3500000e+01  -9.1578616e+01  -1.1598491e+01
   6.3600000e+01  -5.7578616e+01   4.0415094e+00
   6.3700000e+01  -6.8578616e+01  -3.3518491e+01
   6.3800000e+01   6.1421384e+01   2.2815094e+00
   6.3900000e+01   3.4213836e+00  -2.9398491e+01
   6.4000000e+01  -6.5578616e+01   4.2361509e+01
   6.4100000e+01  -3.5578616e+01   4.1615094e+00
   6.4200000e+01   7.2421384e+01  -1.2158491e+01
   6.4300000e+01  -1.5786164e+00   4.7801509e+01
   6.4400000e+01   3.6421384e+01  -2.4718491e+01
   6.4500000e+01   4.4213836e+00  -1.3438491e+01
   6.4600000e+01   4.6421384e+01   5.8815094e+00
   6.4700000e+01  -2.7578616e+01   1.2841509e+01
   6.4800000e+01  -5.7861635e-01   4.3761509e+01
   6.4900000e+01  -3.2578616e+01   1.3041509e+01
   6.5000000e+01   5.7421384e+01  -1.0558491e+01
   6.5100000e+01  -8.5786164e+00  -1.7918491e+01
   6.5200000e+01  -3.9578616e+01   3.5321509e+01
   6.5300000e+01   6.4421384e+01  -5.8384906e+00
   6.5400000e+01   4.3421384e+01  -1.6998491e+01
   6.5500000e+01  -4.5786164e+00   2.8921509e+01
   6.5600000e+01   2.4213836e+00  -4.2358491e+01
   6.5700000e+01  -8.9578616e+01   2.3215094e+00
   6.5800000e+01   5.8421384e+01   2.6401509e+01
   6.5900000e+01  -1.4057862e+02  -1.4638491e+01
   6.6000000e+01  -2.6578616e+01   1.5801509e+01
   6.6100000e+01  -3.5786164e+00   5.8815094e+00
   6.6200000e+01   5.4421384e+01  -2.9438491e+01
   6.6300000e+01   5.1421384e+01   4.6681509e+01
   6.6400000e+01   1.0421384e+01  -2.0678491e+01
   6.6500000e+01  -4.2578616e+01   8.4415094e+00
   6.6600000e+01   8.1421384e+01   2.4815094e+00
   6.6700000e+01  -3.3578616e+01  -1.1918491e+01
   6.6800000e+01  -1.0578616e+01  -4.3838491e+01
   6.6900000e+01   8.1421384e+01  -2.5184906e+00
   6.7000000e+01   6.4213836e+00  -3.4518491e+01
   6.7100000e+01  -3.9578616e+01  -1.6784906e+00
   6.7200000e+01   3.0421384e+01  -6.4784906e+00
   6.7300000e+01  -7.5786164e+00   4.1041509e+01
   6.7400000e+01   1.1421384e+01  -3.7184906e+00
   6.7500000e+01   5.4421384e+01   1.7561509e+01
   6.7600000e+01  -4.9578616e+01  -7.2784906e+00
   6.7700000e+01  -4.4578616e+01   4.4521509e+01
   6.7800000e+01  -1.5578616e+01   1.4361509e+01
   6.7900000e+01  -2.0578616e+01   3.4561509e+01
   6.8000000e+01  -5.1578616e+01   1.8801509e+01
   6.8100000e+01   7.0421384e+01   1.1921509e+01
   6.8200000e+01   3.7421384e+01  -3.6758491e+01
   6.8300000e+01  -4.2578616e+01   1.9441509e+01
   6.8400000e+01  -6.4578616e+01   4.4321509e+01
   6.8500000e+01   1.5421384e+01   6.1215094e+00
   6.8600000e+01  -4.9578616e+01   2.3721509e+01
   6.8700000e+01   1.4213836e+00   3.6815094e+00
   6.8800000e+01   2.4421384e+01   9.8761509e+01
   6.8900000e+01   3.8421384e+01  -1.0798491e+01
   6.9000000e+01  -5.6578616e+01  -2.1998491e+01
   6.9100000e+01  -1.3578616e+01   1.1281509e+01
   6.9200000e+01   6.1421384e+01  -2.4718491e+01
   6.9300000e+01  -5.2578616e+01   6.0841509e+01
   6.9400000e+01   4.2421384e+01   3.0041509e+01
   6.9500000e+01  -4.3578616e+01  -5.5184906e+00
   6.9600000e+01   1.1242138e+02  -4.3758491e+01
   6.9700000e+01   3.4421384e+01   5.4361509e+01
   6.9800000e+01  -3.3578616e+01  -3.9184906e+00
   6.9900000e+01   2.9421384e+01  -4.7438491e+01
   7.0000000e+01  -2.6578616e+01  -4.0198491e+01
   7.0100000e+01   2.2421384e+01  -1.0158491e+01
   7.0200000e+01   3.2421384e+01  -1.1558491e+01
   7.0300000e+01   3.2421384e+01   2.0441509e+01
   7.0400000e+01  -3.8578616e+01   1.9281509e+01
   7.0500000e+01  -6.7578616e+01   1.4441509e+01
   7.0600000e+01   6.1421384e+01   1.2815094e+00
   7.0700000e+01   1.1342138e+02  -5.7984906e+00
   7.0800000e+01   3.7421384e+01   7.0241509e+01
   7.0900000e+01   5.9421384e+01  -3.6384906e+00
   7.1000000e+01  -1.0578616e+01  -8.8384906e+00
   7.1100000e+01  -2.4578616e+01  -4.2784906e+00
   7.1200000e+01   7.3421384e+01   3.8015094e+00
   7.1300000e+01   5.4421384e+01  -4.1438491e+01
   7.1400000e+01   4.5421384e+01   4.3921509e+01
   7.1500000e+01   4.6421384e+01  -3.9118491e+01
   7.1600000e+01  -3.0578616e+01   1.1961509e+01
   7.1700000e+01   5.8421384e+01   3.8401509e+01
   7.1800000e+01   2.0421384e+01   6.8921509e+01
   7.1900000e+01   8.4213836e+00  -2.5598491e+01
   7.2000000e+01  -6.8578616e+01   2.1481509e+01
   7.2100000e+01  -4.8578616e+01   2.4681509e+01
   7.2200000e+01  -7.6578616e+01  -1.9849057e-01
   7.2300000e+01  -4.3578616e+01   1.4815094e+00
   7.2400000e+01  -8.6578616e+01  -3.5798491e+01
   7.2500000e+01  -1.7578616e+01  -3.3558491e+01
   7.2600000e+01  -3.6578616e+01  -1.6798491e+01
   7.2700000e+01   5.5421384e+01  -1.3478491e+01
   7.2800000e+01   3.9421384e+01  -2.7838491e+01
   7.2900000e+01  -7.5786164e+00  -1.0958491e+01
   7.3000000e+01  -1.4578616e+01   2.9321509e+01
   7.3100000e+01  -2.5786164e+00   2.3841509e+01
   7.3200000e+01   2.8421384e+01  -2.5398491e+01
   7.3300000e+01  -5.3578616e+01  -2.1184906e+00
   7.3400000e+01  -3.5786164e+00  -5.1184906e+00
   7.3500000e+01  -2.5578616e+01  -2.7238491e+01
   7.3600000e+01   1.9421384e+01  -3.3038491e+01
   7.3700000e+01   2.1421384e+01   5.0881509e+01
   7.3800000e+01   2.9421384e+01  -5.4384906e+00
   7.3900000e+01  -4.2578616e+01   7.4415094e+00
   7.4000000e+01   1.2421384e+01  -3.8758491e+01
   7.4100000e+01  -1.2578616e+01  -5.1758491e+01
   7.4200000e+01  -5.5578616e+01   5.0961509e+01
   7.4300000e+01   2.5421384e+01   2.1721509e+01
   7.4400000e+01  -9.4578616e+01   4.1521509e+01
   7.4500000e+01  -9.1578616e+01  -3.8598491e+01
   7.4600000e+01  -6.0578616e+01  -4.3838491e+01
   7.4700000e+01  -2.0578616e+01   1.6561509e+01
   7.4800000e+01  -3.3578616e+01   4.6081509e+01
   7.4900000e+01   2.2421384e+01  -3.2158491e+01
   7.5000000e+01  -3.0578616e+01   1.4961509e+01
   7.5100000e+01  -4.8578616e+01  -3.5318491e+01
   7.5200000e+01   1.0421384e+01  -1.6678491e+01
   7.5300000e+01  -2.7578616e+01   3.8415094e+00
   7.5400000e+01  -1.7578616e+01   2.7441509e+01
   7.5500000e+01  -6.5786164e+00  -1.3998491e+01
   7.5600000e+01   1.4042138e+02   2.2121509e+01
   7.5700000e+01  -2.5786164e+00  -3.8158491e+01
   7.5800000e+01   1.9421384e+01  -5.0384906e+00
   7.5900000e+01  -5.3578616e+01  -2.7118491e+01
   7.6000000e+01   4.6421384e+01  -8.3118491e+01
   7.6100000e+01   6.4213836e+00   2.4481509e+01
   7.6200000e+01   8.4213836e+00  -5.1598491e+01
   7.6300000e+01  -8.5786164e+00  -1.9918491e+01
   7.6400000e+01   3.9421384e+01   9.1615094e+00
   7.6500000e+01  -3.3578616e+01   8.0815094e+00
   7.6600000e+01  -3.3578616e+01  -3.5918491e+01
   7.6700000e+01  -2.5578616e+01   1.7615094e+00
   7.6800000e+01  -4.7578616e+01   2.4641509e+01
   7.6900000e+01  -1.0057862e+02   5.0761509e+01
   7.7000000e+01  -1.5578616e+01  -2.0638491e+01
   7.7100000e+01  -1.4578616e+01  -2.3678491e+01
   7.7200000e+01   7.4213836e+00  -2.9558491e+01
   7.7300000e+01  -5.9578616e+01   2.7121509e+01
   7.7400000e+01  -3.7578616e+01  -3.9758491e+01
   7.7500000e+01   2.7421384e+01   9.8641509e+01
   7.7600000e+01   9.0421384e+01  -3.1878491e+01
   7.7700000e+01  -4.8578616e+01   5.7681509e+01
   7.7800000e+01   6.8421384e+01  -4.2998491e+01
   7.7900000e+01   3.1421384e+01   1.4481509e+01
   7.8000000e+01  -2.5578616e+01   2.4761509e+01
   7.8100000e+01   3.8421384e+01   2.2015094e+00
   7.8200000e+01  -3.0578616e+01   2.4961509e+01
   7.8300000e+01  -5.9578616e+01   6.6121509e+01
   7.8400000e+01  -1.5578616e+01   5.1361509e+01
   7.8500000e+01   1.4842138e+02  -8.1984906e+00
   7.8600000e+01  -9.7578616e+01  -6.3584906e+00
   7.8700000e+01  -4.3578616e+01   1.2481509e+01
   7.8800000e+01   1.0421384e+01  -3.0678491e+01
   7.8900000e+01  -5.7861635e-01   5.7615094e+00
   7.9000000e+01   6.7421384e+01   1.1041509e+01
   7.9100000e+01  -5.7578616e+01  -2.6958491e+01
   7.9200000e+01   7.8421384e+01   5.6015094e+00
   7.9300000e+01   4.7421384e+01  -2.4158491e+01
   7.9400000e+01   5.0421384e+01  -2.7849057e-01
   7.9500000e+01  -4.5578616e+01  -9.4384906e+00
   7.9600000e+01   6.9421384e+01   1.4961509e+01
   7.9700000e+01  -3.9578616e+01  -3.3678491e+01
   7.9800000e+01   2.7421384e+01  -2.6358491e+01
   7.9900000e+01  -2.1578616e+01  -5.3984906e+00
   8.0000000e+01   4.2138365e-01  -2.1278491e+01
   8.0100000e+01  -5.8578616e+01   1.5081509e+01
   8.0200000e+01   2.3421384e+01   4.4801509e+01
   8.0300000e+01  -7.7578616e+01   3.1841509e+01
   8.0400000e+01   5.0421384e+01   4.6721509e+01
   8.0500000e+01  -9.5786164e+00   1.3121509e+01
   8.0600000e+01  -2.0578616e+01   2.9561509e+01
   8.0700000e+01   2.7421384e+01   2.6415094e+00
   8.0800000e+01   1.3742138e+02   6.5241509e+01
   8.0900000e+01  -2.0578616e+01   3.9561509e+01
   8.1000000e+01   1.2421384e+01   2.7241509e+01
   8.1100000e+01  -4.4578616e+01   7.7521509e+01
   8.1200000e+01   6.4213836e+00   3.0481509e+01
   8.1300000e+01   4.2421384e+01   5.4041509e+01
   8.1400000e+01   5.5421384e+01   6.5521509e+01
   8.1500000e+01  -4.5578616e+01   1.5615094e+00
   8.1600000e+01   6.0421384e+01   3.0321509e+01
   8.1700000e+01   3.4213836e+00   9.3601509e+01
   8.1800000e+01   1.0421384e+01   7.1321509e+01
   8.1900000e+01  -4.6578616e+01  -3.3984906e+00
   8.2000000e+01   7.9421384e+01  -1.1438491e+01
   8.2100000e+01  -3.5786164e+00   1.2881509e+01
   8.2200000e+01   9.4213836e+00   3.3615094e+00
   8.2300000e+01  -1.5578616e+01   4.9361509e+01
   8.2400000e+01  -1.7578616e+01  -3.9558491e+01
   8.2500000e+01   7.1421384e+01  -3.9118491e+01
   8.2600000e+01  -1.5786164e+00  -3.2198491e+01
   8.2700000e+01  -4.6578616e+01  -3.9398491e+01
   8.2800000e+01  -5.1578616e+01  -5.5198491e+01
   8.2900000e+01  -3.0578616e+01  -7.0384906e+00
   8.3000000e+01  -6.4578616e+01  -6.6784906e+00
   8.3100000e+01   6.3421384e+01   1.2015094e+00
   8.3200000e+01   9.3421384e+01  -7.9984906e+00
   8.3300000e+01   3.5421384e+01  -1.2678491e+01
   8.3400000e+01  -6.5786164e+00  -9.9849057e-01
   8.3500000e+01  -8.5786164e+00   2.0081509e+01
   8.3600000e+01  -3.5786164e+00  -4.0118491e+01
   8.3700000e+01  -3.0578616e+01  -4.0384906e+00
   8.3800000e+01  -2.1578616e+01   5.6601509e+01
   8.3900000e+01  -2.1578616e+01  -2.2398491e+01
   8.4000000e+01  -3.4578616e+01  -2.1878491e+01
   8.4100000e+01  -9.7578616e+01   6.4150943e-01
   8.4200000e+01   8.0421384e+01  -5.0478491e+01
   8.4300000e+01   5.9421384e+01  -2.6384906e+00
   8.4400000e+01  -3.2578616e+01  -1.0958491e+01
   8.4500000e+01  -4.6578616e+01   2.0601509e+01
   8.4600000e+01   1.2421384e+01   4.2415094e+00
   8.4700000e+01   1.1421384e+01  -5.2718491e+01
   8.4800000e+01  -6.7578616e+01   4.5441509e+01
   8.4900000e+01   1.7421384e+01  -3.2958491e+01
   8.5000000e+01   7.2421384e+01  -4.1158491e+01
   8.5100000e+01   8.4421384e+01   2.3361509e+01
   8.5200000e+01   1.9421384e+01  -1.9038491e+01
   8.5300000e+01  -7.6578616e+01   3.9801509e+01
   8.5400000e+01  -5.6578616e+01  -3.9984906e+00
   8.5500000e+01  -6.5786164e+00   2.0001509e+01
   8.5600000e+01   5.4421384e+01  -2.8438491e+01
   8.5700000e+01   2.0421384e+01  -1.0078491e+01
   8.5800000e+01  -1.0457862e+02  -1.4078491e+01
   8.5900000e+01  -1.0578616e+01  -3.6838491e+01
   8.6000000e+01  -2.9578616e+01   6.7921509e+01
   8.6100000e+01   4.5421384e+01  -3.3078491e+01
   8.6200000e+01   5.4213836e+00  -2.6478491e+01
   8.6300000e+01   6.3421384e+01  -9.7984906e+00
   8.6400000e+01   4.4421384e+01  -1.0384906e+00
   8.6500000e+01  -2.2578616e+01   2.1641509e+01
   8.6600000e+01   1.6421384e+01   7.4081509e+01
   8.6700000e+01  -1.1957862e+02   4.8521509e+01
   8.6800000e+01  -1.1578616e+01   2.3201509e+01
   8.6900000e+01  -2.2578616e+01  -4.6358491e+01
   8.7000000e+01  -5.5786164e+00  -2.7038491e+01
   8.7100000e+01  -3.9578616e+01   2.9321509e+01
   8.7200000e+01  -7.8578616e+01   2.1881509e+01
   8.7300000e+01   1.0421384e+01   1.0321509e+01
   8.7400000e+01   1.1342138e+02  -2.2798491e+01
   8.7500000e+01   7.2421384e+01  -3.1584906e+00
   8.7600000e+01   1.9421384e+01  -6.0384906e+00
   8.7700000e+01  -4.3578616e+01  -1.0518491e+01
   8.7800000e+01  -2.1578616e+01   5.4601509e+01
   8.7900000e+01   1.0742138e+02   1.7441509e+01
   8.8000000e+01   3.5421384e+01  -2.4678491e+01
   8.8100000e+01   1.0942138e+02   2.7361509e+01
   8.8200000e+01  -3.5786164e+00   6.8815094e+00
   8.8300000e+01  -2.5786164e+00   4.7841509e+01
   8.8400000e+01   5.4213836e+00   3.3521509e+01
   8.8500000e+01   3.0421384e+01   5.3521509e+01
   8.8600000e+01   9.4213836e+00  -1.1638491e+01
   8.8700000e+01  -9.0578616e+01   5.2361509e+01
   8.8800000e+01  -4.8578616e+01   3.3681509e+01
   8.8900000e+01   5.4213836e+00  -2.9478491e+01
   8.9000000e+01   2.0421384e+01  -8.0784906e+00
   8.9100000e+01   2.4213836e+00  -5.3358491e+01
   8.9200000e+01   1.9421384e+01  -3.1038491e+01
   8.9300000e+01   2.1421384e+01  -2.0118491e+01
   8.9400000e+01  -2.3578616e+01  -5.3318491e+01
   8.9500000e+01   5.2421384e+01  -1.3358491e+01
   8.9600000e+01   4.4213836e+00  -2.2438491e+01
   8.9700000e+01  -4.5578616e+01   2.4561509e+01
   8.9800000e+01   9.4213836e+00  -5.6384906e+00
   8.9900000e+01  -2.8578616e+01   2.4881509e+01
   9.0000000e+01   1.4213836e+00  -2.0318491e+01
   9.0100000e+01  -7.4578616e+01   1.2721509e+01
   9.0200000e+01   4.2138365e-01  -4.2784906e+00
   9.0300000e+01  -6.7578616e+01   1.7441509e+01
   9.0400000e+01   1.2421384e+01   2.2241509e+01
   9.0500000e+01   3.4421384e+01   3.3615094e+00
   9.0600000e+01   2.0421384e+01   4.4921509e+01
   9.0700000e+01  -2.7578616e+01  -4.1584906e+00
   9.0800000e+01  -5.3578616e+01   8.8150943e-01
   9.0900000e+01   3.2421384e+01   4.2441509e+01
   9.1000000e+01   9.7421384e+01   4.0841509e+01
   9.1100000e+01   1.0421384e+01   4.5321509e+01
   9.1200000e+01  -3.8578616e+01  -5.7184906e+00
   9.1300000e+01  -3.3578616e+01  -1.2918491e+01
   9.1400000e+01  -4.7578616e+01   3.6415094e+00
   9.1500000e+01  -3.5578616e+01  -1.9838491e+01
   9.1600000e+01  -5.4578616e+01   3.2921509e+01
   9.1700000e+01   5.3421384e+01   8.6015094e+00
   9.1800000e+01  -2.5578616e+01  -1.4238491e+01
   9.1900000e+01  -7.8578616e+01  -1.9118491e+01
   9.2000000e+01   4.2138365e-01   2.7215094e+00
   9.2100000e+01  -7.1578616e+01   3.7601509e+01
   9.2200000e+01  -7.5786164e+00  -3.6958491e+01
   9.2300000e+01   9.6421384e+01   1.5881509e+01
   9.2400000e+01   6.0421384e+01   6.6321509e+01
   9.2500000e+01   1.5842138e+02  -2.9598491e+01
   9.2600000e+01  -5.5786164e+00  -2.7038491e+01
   9.2700000e+01  -3.1578616e+01  -4.9984906e+00
   9.2800000e+01   3.0421384e+01  -3.1478491e+01
   9.2900000e+01   1.8421384e+01  -2.0998491e+01
   9.3000000e+01   2.3421384e+01   1.5801509e+01
   9.3100000e+01  -2.1578616e+01  -2.9398491e+01
   9.3200000e+01  -2.4578616e+01  -1.2278491e+01
   9.3300000e+01  -2.3578616e+01  -5.3184906e+00
   9.3400000e+01   2.4421384e+01  -2.3849057e-01
   9.3500000e+01   6.4421384e+01  -4.0838491e+01
   9.3600000e+01  -3.1578616e+01   4.4001509e+01
   9.3700000e+01  -4.9578616e+01  -1.2278491e+01
   9.3800000e+01  -3.8578616e+01  -1.4718491e+01
   9.3900000e+01  -2.1578616e+01  -2.9398491e+01
   9.4000000e+01  -9.5578616e+01  -4.3438491e+01
   9.4100000e+01  -7.0578616e+01   7.1561509e+01
   9.4200000e+01   6.2421384e+01  -4.6758491e+01
   9.4300000e+01  -4.5578616e+01  -3.2438491e+01
   9.4400000e+01   4.8421384e+01   2.6801509e+01
   9.4500000e+01   2.6421384e+01   1.3681509e+01
   9.4600000e+01  -1.1578616e+01   1.0201509e+01
   9.4700000e+01  -9.5786164e+00   2.4121509e+01
   9.4800000e+01  -3.1578616e+01  -3.6998491e+01
   9.4900000e+01  -6.5786164e+00  -2.3998491e+01
   9.5000000e+01  -6.5786164e+00   1.1001509e+01
   9.5100000e+01   3.3421384e+01  -3.1598491e+01
   9.5200000e+01   1.7842138e+02  -3.0398491e+01
   9.5300000e+01   7.8421384e+01  -4.0398491e+01
   9.5400000e+01  -5.6578616e+01   2.8001509e+01
   9.5500000e+01  -3.9578616e+01  -6.6784906e+00
   9.5600000e+01   3.5421384e+01   6.3321509e+01
   9.5700000e+01  -2.1578616e+01  -3.8398491e+01
   9.5800000e+01   2.3421384e+01   2.7801509e+01
   9.5900000e+01   8.4213836e+00  -3.3598491e+01
   9.6000000e+01  -3.8578616e+01   1.4281509e+01
   9.6100000e+01  -6.9578616e+01  -3.8478491e+01
   9.6200000e+01  -6.3578616e+01  -2.9718491e+01
   9.6300000e+01   4.2138365e-01  -2.7278491e+01
   9.6400000e+01   6.1421384e+01   1.9281509e+01
   9.6500000e+01  -5.5578616e+01   9.6150943e-01
   9.6600000e+01  -1.0578616e+01  -2.6838491e+01
   9.6700000e+01   4.6421384e+01   1.5881509e+01
   9.6800000e+01   1.3421384e+01   2.8201509e+01
   9.6900000e+01  -1.2357862e+02  -3.4318491e+01
   9.7000000e+01  -3.3578616e+01  -2.1918491e+01
   9.7100000e+01   3.3421384e+01  -2.2598491e+01
   9.7200000e+01  -2.9578616e+01   6.9215094e+00
   9.7300000e+01   4.1421384e+01  -5.4918491e+01
   9.7400000e+01  -5.6578616e+01  -4.9984906e+00
   9.7500000e+01  -3.1578616e+01   1.0015094e+00
   9.7600000e+01   2.2421384e+01  -2.1158491e+01
   9.7700000e+01   5.4213836e+00  -1.2478491e+01
   9.7800000e+01  -9.5786164e+00   6.5121509e+01
   9.7900000e+01   4.1421384e+01   6.0815094e+00
   9.8000000e+01   1.4342138e+02  -2.7998491e+01
   9.8100000e+01   5.8421384e+01   1.5401509e+01
   9.8200000e+01  -9.8578616e+01   2.6815094e+00
   9.8300000e+01   7.5421384e+01   4.7215094e+00
   9.8400000e+01  -5.5786164e+00  -3.8490566e-02
   9.8500000e+01   1.4042138e+02  -2.5878491e+01
   9.8600000e+01   1.2421384e+01   6.2415094e+00
   9.8700000e+01   5.4421384e+01  -1.8438491e+01
   9.8800000e+01  -3.7578616e+01   1.5241509e+01
   9.8900000e+01   9.4213836e+00  -5.4638491e+01
   9.9000000e+01  -5.2578616e+01  -3.1584906e+00
   9.9100000e+01  -1.0578616e+01  -3.8838491e+01
   9.9200000e+01  -4.7578616e+01  -3.9358491e+01
   9.9300000e+01   4.2138365e-01  -3.2278491e+01
   9.9400000e+01   1.6542138e+02   1.9121509e+01
   9.9500000e+01  -3.3578616e+01   1.1081509e+01
   9.9600000e+01   5.4213836e+00   1.2521509e+01
   9.9700000e+01   1.7242138e+02  -7.1584906e+00
   9.9800000e+01   3.4213836e+00  -4.1398491e+01
   9.9900000e+01   3.7421384e+01  -3.4758491e+01
   1.0000000e+02  -4.3578616e+01  -7.5184906e+00
   1.0010000e+02   2.4213836e+00  -2.4358491e+01
   1.0020000e+02   7.4213836e+00   5.8441509e+01
   1.0030000e+02   1.1042138e+02  -2.7678491e+01
   1.0040000e+02  -7.5786164e+00   5.0415094e+00
   1.0050000e+02  -8.9578616e+01   1.7321509e+01
   1.0060000e+02   3.4421384e+01   5.3615094e+00
   1.0070000e+02  -4.4578616e+01   1.4521509e+01
   1.0080000e+02  -9.5786164e+00   3.1215094e+00
   1.0090000e+02  -2.5578616e+01  -2.2384906e+00
   1.0100000e+02  -1.2357862e+02   3.4681509e+01
   1.0110000e+02  -2.8578616e+01  -1.2118491e+01
   1.0120000e+02  -8.1578616e+01   6.2001509e+01
   1.0130000e+02  -8.6578616e+01   7.2015094e+00
   1.0140000e+02   7.7421384e+01  -1.5358491e+01
   1.0150000e+02  -2.6578616e+01  -2.1198491e+01
   1.0160000e+02  -5.7578616e+01   6.2041509e+01
   1.0170000e+02  -2.8578616e+01  -1.0118491e+01
   1.0180000e+02   4.8421384e+01  -8.1984906e+00
   1.0190000e+02   1.1442138e+02  -8.3849057e-01
   1.0200000e+02   3.4213836e+00  -2.2398491e+01
   1.0210000e+02   5.2421384e+01   3.3641509e+01
   1.0220000e+02  -7.0578616e+01  -7.4384906e+00
   1.0230000e+02  -2.3578616e+01  -4.4318491e+01
   1.0240000e+02  -3.3578616e+01   3.1081509e+01
   1.0250000e+02   8.0421384e+01  -5.4784906e+00
   1.0260000e+02  -4.5578616e+01  -3.8438491e+01
   1.0270000e+02   2.3421384e+01  -1.1984906e+00
   1.0280000e+02  -7.5786164e+00  -2.1958491e+01
   1.0290000e+02   4.5421384e+01  -2.9078491e+01
   1.0300000e+02  -2.4578616e+01  -1.9278491e+01
   1.0310000e+02  -7.6578616e+01   8.0150943e-01
   1.0320000e+02   8.4213836e+00   6.1401509e+01
   1.0330000e+02   2.5421384e+01   2.2721509e+01
   1.0340000e+02   4.1421384e+01  -1.9184906e+00
   1.0350000e+02  -4.3578616e+01   4.9481509e+01
   1.0360000e+02  -3.9578616e+01  -4.6784906e+00
   1.0370000e+02  -6.0578616e+01  -8.3849057e-01
   1.0380000e+02  -1.5578616e+01  -2.6638491e+01
   1.0390000e+02   6.5421384e+01  -5.8784906e+00
   1.0400000e+02   6.3421384e+01  -4.7984906e+00
   1.0410000e+02  -1.0057862e+02   1.2761509e+01
   1.0420000e+02  -4.4578616e+01  -1.7478491e+01
   1.0430000e+02   1.4942138e+02  -1.2238491e+01
   1.0440000e+02  -9.5786164e+00  -9.8784906e+00
   1.0450000e+02   1.0242138e+02  -3.5358491e+01
   1.0460000e+02  -6.5786164e+00  -9.9984906e+00
   1.0470000e+02   1.9421384e+01  -6.0384906e+00
   1.0480000e+02  -5.8578616e+01  -2.0918491e+01
   1.0490000e+02   1.4542138e+02  -2.2078491e+01
   1.0500000e+02   7.4213836e+00  -9.5584906e+00
   1.0510000e+02  -5.7861635e-01  -4.3238491e+01
   1.0520000e+02  -1.3578616e+01  -8.7184906e+00
   1.0530000e+02  -1.4578616e+01  -3.6784906e+00
   1.0540000e+02  -1.1578616e+01  -2.8798491e+01
   1.0550000e+02   6.7421384e+01   5.0041509e+01
   1.0560000e+02  -4.8578616e+01   4.2681509e+01
   1.0570000e+02   2.9421384e+01  -2.6438491e+01
   1.0580000e+02   2.4421384e+01   2.7761509e+01
   1.0590000e+02  -5.2578616e+01  -9.1584906e+00
   1.0600000e+02   2.4213836e+00   3.0641509e+01
   1.0610000e+02  -1.5786164e+00  -4.8198491e+01
   1.0620000e+02   4.3421384e+01  -1.4998491e+01
   1.0630000e+02  -2.3578616e+01  -2.4318491e+01
   1.0640000e+02  -1.6578616e+01   4.0150943e-01
   1.0650000e+02   9.4213836e+00  -1.4638491e+01
   1.0660000e+02   1.5142138e+02  -2.5318491e+01
   1.0670000e+02   9.8421384e+01   2.1801509e+01
   1.0680000e+02  -4.7578616e+01   3.7641509e+01
   1.0690000e+02  -5.5578616e+01   2.8961509e+01
   1.0700000e+02  -6.4578616e+01  -3.6784906e+00
   1.0710000e+02  -9.9578616e+01   2.1721509e+01
   1.0720000e+02  -1.1578616e+01   4.2201509e+01
   1.0730000e+02  -7.4578616e+01  -4.5278491e+01
   1.0740000e+02  -4.7578616e+01   6.4150943e-01
   1.0750000e+02   2.1421384e+01  -2.2118491e+01
   1.0760000e+02  -3.1578616e+01  -2.6998491e+01
   1.0770000e+02  -2.8578616e+01   2.1881509e+01
   1.0780000e+02  -4.7578616e+01   7.6415094e+00
   1.0790000e+02  -3.7578616e+01  -3.7584906e+00
   1.0800000e+02   2.9421384e+01  -3.1438491e+01
   1.0810000e+02   1.9421384e+01  -4.7038491e+01
   1.0820000e+02  -3.6578616e+01  -2.1798491e+01
   1.0830000e+02  -3.1578616e+01   5.0015094e+00
   1.0840000e+02   1.0421384e+01   2.3215094e+00
   1.0850000e+02   2.5421384e+01   4.8721509e+01
   1.0860000e+02   3.8421384e+01  -3.2798491e+01
   1.0870000e+02  -3.7578616e+01   3.9241509e+01
   1.0880000e+02  -1.5786164e+00   6.4801509e+01
   1.0890000e+02   1.2421384e+01  -1.8758491e+01
   1.0900000e+02  -4.5786164e+00  -5.2078491e+01
   1.0910000e+02   1.8421384e+01  -2.8998491e+01
   1.0920000e+02  -3.5786164e+00   4.9881509e+01
   1.0930000e+02   1.4421384e+01   6.1615094e+00
   1.0940000e+02  -1.9578616e+01  -3.2478491e+01
   1.0950000e+02  -2.4578616e+01  -2.2784906e+00
   1.0960000e+02   2.0421384e+01   3.8921509e+01
   1.0970000e+02  -6.6578616e+01   8.3401509e+01
   1.0980000e+02  -3.8578616e+01  -4.7184906e+00
   1.0990000e+02  -2.9578616e+01  -3.6078491e+01
   1.1000000e+02  -1.0578616e+01  -3.8838491e+01
   1.1010000e+02   1.4213836e+00  -2.3318491e+01
   1.1020000e+02  -4.0578616e+01  -2.5638491e+01
   1.1030000e+02  -3.5578616e+01  -3.1838491e+01
   1.1040000e+02  -1.0057862e+02  -7.2384906e+00
   1.1050000e+02   8.6421384e+01  -1.8718491e+01
   1.1060000e+02  -3.6578616e+01  -2.6798491e+01
   1.1070000e+02  -1.2578616e+01   2.7241509e+01
   1.1080000e+02   1.1421384e+01   6.2281509e+01
   1.1090000e+02   5.6421384e+01  -3.0518491e+01
   1.1100000e+02  -5.1578616e+01  -1.5198491e+01
   1.1110000e+02   1.2421384e+01   8.2241509e+01
   1.1120000e+02  -1.7578616e+01   2.8441509e+01
   1.1130000e+02   9.4213836e+00  -6.3849057e-01
   1.1140000e+02   6.3421384e+01   4.8201509e+01
   1.1150000e+02   1.3421384e+01  -1.5798491e+01
   1.1160000e+02  -5.6578616e+01  -8.9984906e+00
   1.1170000e+02  -1.8578616e+01   3.6481509e+01
   1.1180000e+02   1.0421384e+01   1.7321509e+01
   1.1190000e+02   2.9421384e+01   2.5561509e+01
   1.1200000e+02   1.7421384e+01   2.0415094e+00
   1.1210000e+02  -7.5578616e+01  -2.3238491e+01
   1.1220000e+02   4.3421384e+01   6.3001509e+01
   1.1230000e+02  -4.0578616e+01  -2.5638491e+01
   1.1240000e+02   2.4421384e+01   4.6761509e+01
   1.1250000e+02  -3.5578616e+01  -2.1838491e+01
   1.1260000e+02   6.4421384e+01  -2.1838491e+01
   1.1270000e+02  -3.9578616e+01  -3.1678491e+01
   1.1280000e+02   3.3421384e+01  -7.5984906e+00
   1.1290000e+02  -4.2578616e+01   2.8441509e+01
   1.1300000e+02  -6.9578616e+01  -1.2478491e+01
   1.1310000e+02   3.4213836e+00   2.0601509e+01
   1.1320000e+02  -1.4578616e+01  -2.6678491e+01
   1.1330000e+02  -4.8578616e+01  -5.3184906e+00
   1.1340000e+02  -3.5578616e+01  -3.5838491e+01
   1.1350000e+02   3.4213836e+00   8.6015094e+00
   1.1360000e+02  -1.0457862e+02  -1.5078491e+01
   1.1370000e+02  -6.6578616e+01  -2.4598491e+01
   1.1380000e+02  -7.9578616e+01   1.9921509e+01
   1.1390000e+02   2.0421384e+01  -5.1078491e+01
   1.1400000e+02  -8.5786164e+00  -3.2918491e+01
   1.1410000e+02  -9.0578616e+01  -3.1638491e+01
   1.1420000e+02   2.2421384e+01   8.0841509e+01
   1.1430000e+02  -1.4578616e+01  -9.6784906e+00
   1.1440000e+02  -4.6578616e+01  -4.3984906e+00
   1.1450000e+02  -9.5578616e+01   2.1561509e+01
   1.1460000e+02   2.9421384e+01  -6.4384906e+00
   1.1470000e+02  -7.4578616e+01   3.0721509e+01
   1.1480000e+02  -9.8578616e+01  -2.2318491e+01
   1.1490000e+02  -5.0578616e+01   1.5761509e+01
   1.1500000e+02  -1.4857862e+02  -2.9318491e+01
   1.1510000e+02   1.8421384e+01  -2.9998491e+01
   1.1520000e+02   6.2421384e+01   1.5241509e+01
   1.1530000e+02  -9.4578616e+01  -2.4784906e+00
   1.1540000e+02   4.7421384e+01   6.3841509e+01
   1.1550000e+02  -3.2578616e+01  -3.4958491e+01
   1.1560000e+02   3.5421384e+01  -3.7678491e+01
   1.1570000e+02  -4.8578616e+01   6.5681509e+01
   1.1580000e+02  -2.1578616e+01   2.6015094e+00
   1.1590000e+02  -5.3578616e+01  -1.9118491e+01
   1.1600000e+02  -8.7578616e+01  -2.8758491e+01
   1.1610000e+02  -1.7578616e+01  -3.5558491e+01
   1.1620000e+02  -1.0857862e+02  -2.3918491e+01
   1.1630000e+02  -7.3578616e+01  -1.2318491e+01
   1.1640000e+02  -3.4578616e+01  -2.6878491e+01
   1.1650000e+02  -4.2578616e+01  -1.9558491e+01
   1.1660000e+02   2.6421384e+01  -7.3184906e+00
   1.1670000e+02  -8.5786164e+00  -6.9184906e+00
   1.1680000e+02  -6.7578616e+01  -3.5584906e+00
   1.1690000e+02  -2.7578616e+01   3.9841509e+01
   1.1700000e+02   2.9421384e+01  -6.0438491e+01
   1.1710000e+02   5.1421384e+01  -9.3184906e+00
   1.1720000e+02  -1.5578616e+01   2.4361509e+01
   1.1730000e+02   3.6421384e+01  -1.1718491e+01
   1.1740000e+02   2.3421384e+01  -3.0198491e+01
   1.1750000e+02  -1.0557862e+02   6.9615094e+00
   1.1760000e+02  -2.1578616e+01  -1.3984906e+00
   1.1770000e+02  -8.5786164e+00   3.1081509e+01
   1.1780000e+02  -2.0578616e+01  -2.8438491e+01
   1.1790000e+02  -5.7578616e+01   4.0415094e+00
   1.1800000e+02  -9.8578616e+01  -4.0318491e+01
   1.1810000e+02   1.5421384e+01  -2.3878491e+01
   1.1820000e+02   1.0942138e+02  -6.3849057e-01
   1.1830000e+02  -1.6578616e+01  -4.5984906e+00
   1.1840000e+02  -2.6578616e+01  -4.3198491e+01
   1.1850000e+02  -2.6578616e+01  -1.6198491e+01
   1.1860000e+02  -2.3578616e+01   1.1681509e+01
   1.1870000e+02   4.0421384e+01  -1.7878491e+01
   1.1880000e+02  -9.7578616e+01  -2.3584906e+00
   1.1890000e+02   5.5421384e+01  -1.1478491e+01
   1.1900000e+02  -2.9578616e+01   3.4921509e+01
   1.1910000e+02   4.6421384e+01  -5.1184906e+00
   1.1920000e+02   3.1421384e+01   1.4815094e+00
   1.1930000e+02   7.8421384e+01  -3.9849057e-01
   1.1940000e+02   7.1421384e+01   2.9881509e+01
   1.1950000e+02  -1.8578616e+01  -9.5184906e+00
   1.1960000e+02  -2.5578616e+01  -3.8238491e+01
   1.1970000e+02  -5.5578616e+01   4.9615094e+00
   1.1980000e+02  -5.2578616e+01   1.3841509e+01
   1.1990000e+02  -3.4578616e+01  -3.9878491e+01
   1.2000000e+02  -4.6578616e+01   8.6015094e+00
   1.2010000e+02  -3.2578616e+01  -3.3958491e+01
   1.2020000e+02  -3.9578616e+01   3.1321509e+01
   1.2030000e+02   1.1421384e+01  -2.6718491e+01
   1.2040000e+02   7.7421384e+01  -2.9358491e+01
   1.2050000e+02   4.3421384e+01   1.8001509e+01
   1.2060000e+02   4.6421384e+01   1.8881509e+01
   1.2070000e+02   2.3421384e+01  -4.0198491e+01
   1.2080000e+02   2.9421384e+01   2.0561509e+01
   1.2090000e+02  -1.7578616e+01   1.7441509e+01
   1.2100000e+02  -2.6578616e+01  -1.6198491e+01
   1.2110000e+02  -9.5786164e+00   3.1215094e+00
   1.2120000e+02   1.2421384e+01  -2.8758491e+01
   1.2130000e+02  -3.8578616e+01   1.4281509e+01
   1.2140000e+02  -1.0578616e+01   1.7161509e+01
   1.2150000e+02  -1.6578616e+01  -4.5984906e+00
   1.2160000e+02  -5.1578616e+01   3.2801509e+01
   1.2170000e+02   7.1421384e+01  -3.7118491e+01
   1.2180000e+02  -2.8578616e+01   2.9881509e+01
   1.2190000e+02   5.3421384e+01   6.7601509e+01
   1.2200000e+02  -8.0578616e+01   7.2961509e+01
   1.2210000e+02  -1.1657862e+02  -2.7598491e+01
   1.2220000e+02   1.8421384e+01   3.7001509e+01
   1.2230000e+02   1.1421384e+01   1.8281509e+01
   1.2240000e+02   1.0421384e+01   2.2321509e+01
   1.2250000e+02   2.4213836e+00  -8.3584906e+00
   1.2260000e+02  -4.7578616e+01  -2.6358491e+01
   1.2270000e+02   3.8421384e+01   1.5201509e+01
   1.2280000e+02  -8.5578616e+01  -2.9838491e+01
   1.2290000e+02  -3.6578616e+01  -4.5798491e+01
   1.2300000e+02   8.1421384e+01  -1.5184906e+00
   1.2310000e+02  -2.5578616e+01   8.7615094e+00
   1.2320000e+02   2.8421384e+01  -3.6398491e+01
   1.2330000e+02   6.1421384e+01  -2.9718491e+01
   1.2340000e+02   4.4421384e+01  -2.2038491e+01
   1.2350000e+02   5.0421384e+01   6.7215094e+00
   1.2360000e+02  -2.3578616e+01  -3.7318491e+01
   1.2370000e+02   8.4213836e+00  -4.5984906e+00
   1.2380000e+02   1.3642138e+02   3.2281509e+01
   1.2390000e+02  -1.4578616e+01  -2.2678491e+01
   1.2400000e+02   6.3421384e+01  -1.4798491e+01
   1.2410000e+02   9.2421384e+01  -4.4958491e+01
   1.2420000e+02  -2.3578616e+01  -3.0318491e+01
   1.2430000e+02  -2.5786164e+00  -4.2158491e+01
   1.2440000e+02  -3.6578616e+01   1.3201509e+01
   1.2450000e+02  -1.5786164e+00  -1.6198491e+01
   1.2460000e+02   2.6421384e+01   2.6815094e+00
   1.2470000e+02  -2.0578616e+01  -3.2438491e+01
   1.2480000e+02   2.8421384e+01  -3.1398491e+01
   1.2490000e+02  -2.5578616e+01   8.7615094e+00
   1.2500000e+02  -1.5786164e+00  -3.9198491e+01
   1.2510000e+02   1.9421384e+01  -1.7038491e+01
   1.2520000e+02  -6.5578616e+01  -3.3638491e+01
   1.2530000e+02   6.5421384e+01  -3.1878491e+01
   1.2540000e+02   6.1421384e+01   8.2815094e+00
   1.2550000e+02   9.3421384e+01  -2.9998491e+01
   1.2560000e+02  -2.3578616e+01  -6.3184906e+00
   1.2570000e+02  -3.4578616e+01  -1.5878491e+01
   1.2580000e+02  -5.9578616e+01  -2.6878491e+01
   1.2590000e+02   6.4213836e+00   1.9481509e+01
   1.2600000e+02  -4.1578616e+01  -3.9598491e+01
   1.2610000e+02   4.4213836e+00  -4.4438491e+01
   1.2620000e+02   4.2138365e-01  -4.8278491e+01
   1.2630000e+02  -5.6578616e+01  -1.7998491e+01
   1.2640000e+02  -1.6578616e+01   7.6401509e+01
   1.2650000e+02   6.5421384e+01  -1.5878491e+01
   1.2660000e+02  -8.8578616e+01  -3.1718491e+01
   1.2670000e+02  -6.5578616e+01   2.6361509e+01
   1.2680000e+02   1.7421384e+01   4.1509434e-02
   1.2690000e+02   1.4213836e+00   6.6815094e+00
   1.2700000e+02   2.4421384e+01  -3.2238491e+01
   1.2710000e+02  -3.6578616e+01  -2.3798491e+01
   1.2720000e+02  -6.5578616e+01  -3.9638491e+01
   1.2730000e+02  -3.6578616e+01  -4.8798491e+01
   1.2740000e+02  -1.7578616e+01  -3.6558491e+01
   1.2750000e+02  -9.1578616e+01   4.0150943e-01
   1.2760000e+02  -9.6578616e+01   5.0601509e+01
   1.2770000e+02   2.8421384e+01   1.5601509e+01
   1.2780000e+02  -2.9578616e+01   1.0921509e+01
   1.2790000e+02  -2.4578616e+01   2.7215094e+00
   1.2800000e+02   3.8421384e+01  -2.3798491e+01
   1.2810000e+02  -4.9578616e+01   5.7215094e+00
   1.2820000e+02   2.1421384e+01  -1.2118491e+01
   1.2830000e+02   1.6421384e+01  -7.9184906e+00
   1.2840000e+02   7.7421384e+01   7.5641509e+01
   1.2850000e+02  -6.5786164e+00   9.0015094e+00
   1.2860000e+02   3.7421384e+01   4.4241509e+01
   1.2870000e+02  -4.1578616e+01   3.8401509e+01
   1.2880000e+02  -1.3578616e+01  -5.3718491e+01
   1.2890000e+02  -6.2578616e+01  -4.8758491e+01
   1.2900000e+02   1.8421384e+01   5.0015094e+00
   1.2910000e+02   7.3421384e+01  -5.0198491e+01
   1.2920000e+02   5.8421384e+01  -1.9598491e+01
   1.2930000e+02  -1.2157862e+02  -2.8398491e+01
   1.2940000e+02   1.3421384e+01  -1.8798491e+01
   1.2950000e+02   4.0421384e+01  -1.3878491e+01
   1.2960000e+02   4.5421384e+01  -2.7078491e+01
   1.2970000e+02  -5.2578616e+01  -1.3158491e+01
   1.2980000e+02  -3.0578616e+01   7.8961509e+01
   1.2990000e+02   8.0421384e+01  -1.4784906e+00
   1.3000000e+02   2.0421384e+01   1.4921509e+01
   1.3010000e+02   7.4421384e+01  -1.2238491e+01
   1.3020000e+02   9.1421384e+01  -9.1849057e-01
   1.3030000e+02   5.1421384e+01   4.1681509e+01
   1.3040000e+02   4.8421384e+01  -1.3198491e+01
   1.3050000e+02   5.1421384e+01   3.3681509e+01
   1.3060000e+02   3.4421384e+01  -1.9638491e+01
   1.3070000e+02  -7.8578616e+01  -2.0118491e+01
   1.3080000e+02  -2.7578616e+01   2.4841509e+01
   1.3090000e+02  -1.8578616e+01   1.9481509e+01
   1.3100000e+02   3.9421384e+01  -2.3838491e+01
   1.3110000e+02  -4.7578616e+01   6.4150943e-01
   1.3120000e+02   1.4213836e+00   4.2681509e+01
   1.3130000e+02  -3.5578616e+01   1.9161509e+01
   1.3140000e+02   7.1421384e+01   1.2881509e+01
   1.3150000e+02  -5.5578616e+01  -7.0384906e+00
   1.3160000e+02  -6.1578616e+01  -4.3798491e+01
   1.3170000e+02  -1.4578616e+01  -3.1678491e+01
   1.3180000e+02   1.6421384e+01  -5.2918491e+01
   1.3190000e+02   1.0421384e+01   2.7321509e+01
   1.3200000e+02   7.4213836e+00  -1.6558491e+01
   1.3210000e+02   4.2421384e+01  -2.9958491e+01
   1.3220000e+02  -1.0657862e+02  -3.4998491e+01
   1.3230000e+02  -2.1578616e+01   3.9601509e+01
   1.3240000e+02   4.1421384e+01  -4.9184906e+00
   1.3250000e+02  -2.6578616e+01  -2.7198491e+01
   1.3260000e+02  -1.0257862e+02   1.6841509e+01
   1.3270000e+02  -1.1578616e+01  -3.7984906e+00
   1.3280000e+02   1.4213836e+00   2.6815094e+00
   1.3290000e+02   1.5421384e+01   2.9121509e+01
   1.3300000e+02  -9.1578616e+01   4.4015094e+00
   1.3310000e+02   2.1421384e+01   5.7881509e+01
   1.3320000e+02   3.0421384e+01  -3.4784906e+00
   1.3330000e+02   2.0421384e+01   7.9215094e+00
   1.3340000e+02  -8.4578616e+01  -2.5878491e+01
   1.3350000e+02  -1.9578616e+01  -1.6478491e+01
   1.3360000e+02   5.1421384e+01   3.6815094e+00
   1.3370000e+02  -4.3578616e+01   1.6481509e+01
   1.3380000e+02   1.2421384e+01  -1.8758491e+01
   1.3390000e+02   2.7421384e+01   5.0641509e+01
   1.3400000e+02   5.3421384e+01  -1.6398491e+01
   1.3410000e+02   9.4213836e+00   2.6361509e+01
   1.3420000e+02  -9.5786164e+00   2.4121509e+01
   1.3430000e+02   4.0421384e+01  -1.8784906e+00
   1.3440000e+02  -3.9578616e+01  -4.0678491e+01
   1.3450000e+02   1.1421384e+01  -3.9718491e+01
   1.3460000e+02   1.5421384e+01  -3.0878491e+01
   1.3470000e+02   1.7421384e+01  -1.9584906e+00
   1.3480000e+02   1.2042138e+02   2.2921509e+01
   1.3490000e+02  -1.1578616e+01   1.6201509e+01
   1.3500000e+02  -3.9578616e+01  -1.3678491e+01
   1.3510000e+02  -5.4578616e+01   1.0292151e+02
   1.3520000e+02  -6.2578616e+01  -2.0758491e+01
   1.3530000e+02  -2.5786164e+00   2.2841509e+01
   1.3540000e+02  -5.3578616e+01   8.7881509e+01
   1.3550000e+02   4.8421384e+01   6.8015094e+00
   1.3560000e+02   5.4421384e+01   8.6561509e+01
   1.3570000e+02  -7.2578616e+01   1.3641509e+01
   1.3580000e+02  -2.3578616e+01   1.6681509e+01
   1.3590000e+02   5.4213836e+00  -7.4784906e+00
   1.3600000e+02  -3.0578616e+01  -1.6038491e+01
   1.3610000e+02  -3.1578616e+01   4.7001509e+01
   1.3620000e+02   2.9421384e+01   5.6150943e-01
   1.3630000e+02  -3.0578616e+01  -3.5038491e+01
   1.3640000e+02   3.1421384e+01   4.7481509e+01
   1.3650000e+02   8.4213836e+00  -3.1598491e+01
   1.3660000e+02   3.3421384e+01   3.5401509e+01
   1.3670000e+02   1.2421384e+01  -9.7584906e+00
   1.3680000e+02   9.9421384e+01   9.7615094e+00
   1.3690000e+02   3.3421384e+01  -1.1598491e+01
   1.3700000e+02   3.5421384e+01   8.3215094e+00
   1.3710000e+02  -1.1578616e+01   1.0201509e+01
   1.3720000e+02  -5.9578616e+01   3.1215094e+00
   1.3730000e+02  -1.6578616e+01   6.7401509e+01
   1.3740000e+02   5.9421384e+01  -5.6384906e+00
   1.3750000e+02  -1.9578616e+01   2.0521509e+01
   1.3760000e+02  -6.0578616e+01   1.8161509e+01
   1.3770000e+02   1.3421384e+01   3.8201509e+01
   1.3780000e+02   1.8421384e+01  -1.3998491e+01
   1.3790000e+02   1.6421384e+01   1.1081509e+01
   1.3800000e+02   4.1421384e+01  -1.2918491e+01
   1.3810000e+02   7.4213836e+00   8.4415094e+00
   1.3820000e+02  -5.7861635e-01   7.9761509e+01
   1.3830000e+02  -5.5578616e+01  -1.3038491e+01
   1.3840000e+02   1.8421384e+01  -9.9984906e+00
   1.3850000e+02  -3.8578616e+01  -1.4718491e+01
   1.3860000e+02  -9.4578616e+01   3.5215094e+00
   1.3870000e+02  -2.0578616e+01   3.4561509e+01
   1.3880000e+02   1.9242138e+02  -1.7958491e+01
   1.3890000e+02   9.4213836e+00  -1.3638491e+01
   1.3900000e+02  -6.3578616e+01  -5.3718491e+01
   1.3910000e+02  -4.1578616e+01   1.8401509e+01
   1.3920000e+02  -4.1578616e+01  -2.9598491e+01
   1.3930000e+02   8.1421384e+01   4.3481509e+01
   1.3940000e+02   6.2421384e+01  -3.2758491e+01
   1.3950000e+02   1.0342138e+02   1.6015094e+00
   1.3960000e+02   5.2421384e+01  -3.3358491e+01
   1.3970000e+02  -7.1578616e+01   1.9601509e+01
   1.3980000e+02   3.2421384e+01  -1.2558491e+01
   1.3990000e+02  -7.5578616e+01  -2.6238491e+01
   1.4000000e+02   1.0242138e+02   8.6415094e+00
   1.4010000e+02   1.2642138e+02  -3.8318491e+01
   1.4020000e+02  -1.3578616e+01   2.7281509e+01
   1.4030000e+02  -1.1657862e+02  -2.0598491e+01
   1.4040000e+02  -6.9578616e+01  -2.3478491e+01
   1.4050000e+02  -7.5786164e+00   5.0415094e+00
   1.4060000e+02  -5.7578616e+01   1.1041509e+01
   1.4070000e+02  -7.6578616e+01  -2.4198491e+01
   1.4080000e+02  -1.1578616e+01   2.9201509e+01
   1.4090000e+02  -5.5786164e+00  -2.2038491e+01
   1.4100000e+02   4.0421384e+01  -3.9878491e+01
   1.4110000e+02   1.1642138e+02   1.6081509e+01
   1.4120000e+02  -9.0578616e+01  -6.6384906e+00
   1.4130000e+02  -7.1578616e+01   6.0150943e-01
   1.4140000e+02   4.8421384e+01   3.2801509e+01
   1.4150000e+02   3.4421384e+01   2.4361509e+01
   1.4160000e+02   9.1421384e+01  -2.6918491e+01
   1.4170000e+02   8.7421384e+01   2.0241509e+01
   1.4180000e+02  -2.0578616e+01   1.9561509e+01
   1.4190000e+02  -6.2578616e+01  -1.7584906e+00
   1.4200000e+02   4.3421384e+01   1.1001509e+01
   1.4210000e+02  -5.5786164e+00  -2.0384906e+00
   1.4220000e+02   3.9421384e+01  -6.8838491e+01
   1.4230000e+02   1.2421384e+01  -1.0758491e+01
   1.4240000e+02  -3.0578616e+01  -2.9038491e+01
   1.4250000e+02  -3.7578616e+01   7.2415094e+00
   1.4260000e+02   1.2421384e+01  -2.2758491e+01
   1.4270000e+02   4.7421384e+01  -3.1584906e+00
   1.4280000e+02   2.2421384e+01  -2.5158491e+01
   1.4290000e+02  -8.8578616e+01  -3.2718491e+01
   1.4300000e+02  -1.3578616e+01   1.4281509e+01
   1.4310000e+02  -9.6578616e+01  -2.1398491e+01
   1.4320000e+02  -6.4578616e+01  -1.9678491e+01
   1.4330000e+02  -1.2357862e+02  -1.7318491e+01
   1.4340000e+02  -7.5578616e+01  -3.2238491e+01
   1.4350000e+02  -9.2578616e+01  -1.0558491e+01
   1.4360000e+02   7.5421384e+01   3.2721509e+01
   1.4370000e+02  -2.2578616e+01  -1.8358491e+01
   1.4380000e+02   6.6421384e+01  -1.9918491e+01
   1.4390000e+02  -8.7578616e+01   4.5241509e+01
   1.4400000e+02  -1.8578616e+01   4.8150943e-01
   1.4410000e+02  -3.0578616e+01   7.9615094e+00
   1.4420000e+02  -4.6578616e+01   1.1601509e+01
   1.4430000e+02  -2.6578616e+01   7.8015094e+00
   1.4440000e+02   1.2421384e+01  -2.4758491e+01
   1.4450000e+02   1.0642138e+02   1.7481509e+01
   1.4460000e+02  -5.0578616e+01  -2.7238491e+01
   1.4470000e+02   2.4421384e+01   6.4761509e+01
   1.4480000e+02   2.3421384e+01   2.3801509e+01
   1.4490000e+02   3.8421384e+01  -4.7984906e+00
   1.4500000e+02  -6.2578616e+01  -9.7584906e+00
   1.4510000e+02  -3.6578616e+01   6.6201509e+01
   1.4520000e+02  -3.0578616e+01   2.6961509e+01
   1.4530000e+02  -4.5578616e+01  -1.0438491e+01
   1.4540000e+02  -1.2578616e+01   2.0241509e+01
   1.4550000e+02   2.5421384e+01   1.2721509e+01
   1.4560000e+02   3.5421384e+01  -7.6784906e+00
   1.4570000e+02  -6.0578616e+01   3.9161509e+01
   1.4580000e+02  -1.7578616e+01   3.3441509e+01
   1.4590000e+02   8.9421384e+01  -3.2838491e+01
   1.4600000e+02   1.7421384e+01   2.7041509e+01
   1.4610000e+02   1.1542138e+02  -3.6878491e+01
   1.4620000e+02  -7.5786164e+00   2.1041509e+01
   1.4630000e+02   6.3421384e+01   3.0201509e+01
   1.4640000e+02  -9.5786164e+00  -3.3878491e+01
   1.4650000e+02   4.1421384e+01  -1.9918491e+01
   1.4660000e+02  -1.7578616e+01   8.4415094e+00
   1.4670000e+02  -2.9578616e+01   1.7921509e+01
   1.4680000e+02  -1.0578616e+01  -6.8384906e+00
   1.4690000e+02   1.3421384e+01  -2.6798491e+01
   1.4700000e+02  -1.8578616e+01   4.1481509e+01
   1.4710000e+02   3.6421384e+01  -7.1849057e-01
   1.4720000e+02  -5.9578616e+01   5.8121509e+01
   1.4730000e+02  -6.4578616e+01   2.1321509e+01
   1.4740000e+02   1.3142138e+02   1.3481509e+01
   1.4750000e+02   1.8642138e+02   2.3281509e+01
   1.4760000e+02   3.9421384e+01  -3.7838491e+01
   1.4770000e+02  -3.5786164e+00  -1.6118491e+01
   1.4780000e+02  -1.1657862e+02   4.1401509e+01
   1.4790000e+02   1.5421384e+01   2.1215094e+00
   1.4800000e+02  -4.9578616e+01   4.1721509e+01
   1.4810000e+02  -7.6578616e+01   1.4801509e+01
   1.4820000e+02   6.2421384e+01   1.2415094e+00
   1.4830000e+02  -5.7861635e-01  -3.2384906e+00
   1.4840000e+02   1.8421384e+01   1.8001509e+01
   1.4850000e+02  -4.2578616e+01  -3.3558491e+01
   1.4860000e+02   7.6421384e+01   4.9681509e+01
   1.4870000e+02  -1.5578616e+01  -5.6384906e+00
   1.4880000e+02   9.2421384e+01  -4.0958491e+01
   1.4890000e+02   1.3421384e+01  -5.7984906e+00
   1.4900000e+02   1.4442138e+02  -4.2038491e+01
   1.4910000e+02   3.4213836e+00  -1.7398491e+01
   1.4920000e+02  -1.0578616e+01  -6.8384906e+00
   1.4930000e+02  -3.9578616e+01   1.0321509e+01
   1.4940000e+02   1.3042138e+02  -1.4784906e+00
   1.4950000e+02   1.2421384e+01  -2.7584906e+00
   1.4960000e+02  -2.5578616e+01  -2.2238491e+01
   1.4970000e+02   1.2542138e+02  -4.3278491e+01
   1.4980000e+02   7.4421384e+01  -3.1238491e+01
   1.4990000e+02   5.6421384e+01   7.4815094e+00
   1.5000000e+02   7.2421384e+01   1.0841509e+01
   1.5010000e+02   5.0421384e+01  -9.2784906e+00
   1.5020000e+02  -7.6578616e+01  -2.1198491e+01
   1.5030000e+02  -2.5786164e+00  -2.9158491e+01
   1.5040000e+02   3.0421384e+01   3.5215094e+00
   1.5050000e+02  -1.6578616e+01   5.4015094e+00
   1.5060000e+02   4.9421384e+01  -2.4238491e+01
   1.5070000e+02  -1.5578616e+01  -3.6384906e+00
   1.5080000e+02   4.4213836e+00  -3.4384906e+00
   1.5090000e+02  -2.4578616e+01   9.5721509e+01
   1.5100000e+02   1.7421384e+01   2.0415094e+00
   1.5110000e+02   7.1421384e+01   2.2881509e+01
   1.5120000e+02  -1.5578616e+01   6.0361509e+01
   1.5130000e+02  -1.4578616e+01   3.9321509e+01
   1.5140000e+02  -1.1857862e+02  -1.3518491e+01
   1.5150000e+02   8.4213836e+00  -2.8598491e+01
   1.5160000e+02  -4.4578616e+01  -2.0478491e+01
   1.5170000e+02  -8.3578616e+01   1.9081509e+01
   1.5180000e+02  -1.5578616e+01   6.3361509e+01
   1.5190000e+02  -2.1578616e+01  -1.0398491e+01
   1.5200000e+02  -3.8578616e+01  -2.1718491e+01
   1.5210000e+02  -4.4578616e+01  -1.9478491e+01
   1.5220000e+02  -2.1578616e+01   6.0150943e-01
   1.5230000e+02   2.5421384e+01   9.7215094e+00
   1.5240000e+02  -4.8578616e+01   6.8681509e+01
   1.5250000e+02  -7.2578616e+01  -1.3358491e+01
   1.5260000e+02   2.9421384e+01  -1.3438491e+01
   1.5270000e+02   3.7421384e+01   3.1241509e+01
   1.5280000e+02  -2.2578616e+01   4.5641509e+01
   1.5290000e+02   4.6421384e+01   6.5881509e+01
   1.5300000e+02   4.8421384e+01   3.0801509e+01
   1.5310000e+02  -1.1578616e+01  -7.7984906e+00
   1.5320000e+02   4.2138365e-01  -2.1278491e+01
   1.5330000e+02  -3.1578616e+01   9.1001509e+01
   1.5340000e+02   2.8421384e+01  -4.0398491e+01
   1.5350000e+02   4.9421384e+01  -6.2384906e+00
   1.5360000e+02  -6.8578616e+01  -2.1518491e+01
   1.5370000e+02   2.7421384e+01   1.0464151e+02
   1.5380000e+02  -2.0578616e+01   4.6561509e+01
   1.5390000e+02  -3.5786164e+00  -2.5118491e+01
   1.5400000e+02  -3.5786164e+00   4.3881509e+01
   1.5410000e+02   5.3421384e+01   7.2601509e+01
   1.5420000e+02  -7.8578616e+01  -3.1184906e+00
   1.5430000e+02  -1.7578616e+01   2.8441509e+01
   1.5440000e+02  -1.1578616e+01  -3.0798491e+01
   1.5450000e+02  -3.6578616e+01  -2.3798491e+01
   1.5460000e+02  -2.8578616e+01   2.6881509e+01
   1.5470000e+02   3.4213836e+00   1.6601509e+01
   1.5480000e+02   4.5421384e+01  -7.8490566e-02
   1.5490000e+02  -3.0578616e+01   3.2961509e+01
   1.5500000e+02  -7.5786164e+00   6.0415094e+00
   1.5510000e+02  -8.6578616e+01   1.6201509e+01
   1.5520000e+02  -3.2578616e+01   4.1509434e-02
   1.5530000e+02   3.5421384e+01   1.5321509e+01
   1.5540000e+02   9.5421384e+01   1.9215094e+00
   1.5550000e+02   5.0421384e+01   2.8721509e+01
   1.5560000e+02  -2.1578616e+01  -1.6398491e+01
   1.5570000e+02   3.8421384e+01  -1.9798491e+01
   1.5580000e+02   3.3421384e+01   1.0401509e+01
   1.5590000e+02   3.0421384e+01   3.8521509e+01
   1.5600000e+02   1.1042138e+02   2.3321509e+01
   1.5610000e+02   4.5421384e+01   8.1921509e+01
   1.5620000e+02  -1.3578616e+01   9.4281509e+01
   1.5630000e+02   1.0542138e+02   2.1521509e+01
   1.5640000e+02   9.4213836e+00  -3.1638491e+01
   1.5650000e+02   1.0042138e+02   8.5721509e+01
   1.5660000e+02  -2.3578616e+01  -1.1318491e+01
   1.5670000e+02   8.2421384e+01   1.6441509e+01
   1.5680000e+02  -9.5786164e+00   2.6121509e+01
   1.5690000e+02  -1.2578616e+01   1.2415094e+00
   1.5700000e+02   1.5642138e+02   1.8481509e+01
   1.5710000e+02   9.4213836e+00  -5.6384906e+00
   1.5720000e+02  -1.0578616e+01   2.3161509e+01
   1.5730000e+02  -4.5786164e+00   1.7921509e+01
   1.5740000e+02  -5.6578616e+01   5.2001509e+01
   1.5750000e+02   3.2421384e+01  -1.6558491e+01
   1.5760000e+02   9.5421384e+01   3.8921509e+01
   1.5770000e+02  -5.4578616e+01   4.5921509e+01
   1.5780000e+02  -2.4578616e+01  -6.2784906e+00
   1.5790000e+02  -5.5786164e+00  -2.6038491e+01
   1.5800000e+02   7.3421384e+01   5.7801509e+01
   1.5810000e+02  -4.8578616e+01   4.2681509e+01
   1.5820000e+02  -7.5786164e+00  -4.9584906e+00
   1.5830000e+02   4.9421384e+01  -1.2384906e+00
   1.5840000e+02   6.2421384e+01  -3.0758491e+01
   1.5850000e+02  -4.6578616e+01  -3.9849057e-01
   1.5860000e+02  -9.0578616e+01   3.8361509e+01
   1.5870000e+02   3.5421384e+01  -3.0678491e+01
   1.5880000e+02  -1.0578616e+01   1.9161509e+01
   1.5890000e+02   4.9421384e+01  -1.0238491e+01
   1.5900000e+02   2.7421384e+01   6.6415094e+00
   1.5910000e+02   1.3042138e+02   2.8521509e+01
   1.5920000e+02   1.0142138e+02   3.6681509e+01
   1.5930000e+02   1.5042138e+02   7.7215094e+00
   1.5940000e+02   5.4421384e+01   2.6561509e+01
   1.5950000e+02  -3.1578616e+01   1.8001509e+01
   1.5960000e+02  -2.9578616e+01  -1.0784906e+00
   1.5970000e+02   6.8421384e+01  -9.9984906e+00
   1.5980000e+02  -1.0578616e+01   1.0161509e+01
   1.5990000e+02  -3.9578616e+01   5.5321509e+01
   1.6000000e+02  -5.3578616e+01  -1.2118491e+01
   1.6010000e+02   4.2138365e-01   1.5721509e+01
   1.6020000e+02   1.6421384e+01   1.7081509e+01
   1.6030000e+02   1.4213836e+00   1.2681509e+01
   1.6040000e+02  -7.1578616e+01   2.7601509e+01
   1.6050000e+02  -5.4578616e+01  -4.4078491e+01
   1.6060000e+02  -2.6578616e+01  -3.9198491e+01
   1.6070000e+02   3.4213836e+00   3.1601509e+01
   1.6080000e+02   1.7421384e+01  -1.0958491e+01
   1.6090000e+02  -6.9578616e+01   1.6521509e+01
   1.6100000e+02  -1.9578616e+01  -2.5478491e+01
   1.6110000e+02   7.4421384e+01   2.5761509e+01
   1.6120000e+02  -7.0578616e+01   2.9561509e+01
   1.6130000e+02   5.1421384e+01   3.6815094e+00
   1.6140000e+02  -3.6578616e+01  -3.1798491e+01
   1.6150000e+02  -3.9578616e+01  -2.0678491e+01
   1.6160000e+02   6.8421384e+01  -1.2998491e+01
   1.6170000e+02   5.8421384e+01  -1.4598491e+01
   1.6180000e+02   3.3421384e+01  -1.1598491e+01
   1.6190000e+02   3.8421384e+01  -1.5798491e+01
   1.6200000e+02  -1.3057862e+02   1.1961509e+01
   1.6210000e+02  -5.8578616e+01   1.3081509e+01
   1.6220000e+02  -4.3578616e+01  -5.1849057e-01
   1.6230000e+02   4.7421384e+01   6.8415094e+00
   1.6240000e+02   1.2442138e+02  -2.1238491e+01
   1.6250000e+02  -2.3578616e+01   7.1681509e+01
   1.6260000e+02   6.3421384e+01   1.2015094e+00
   1.6270000e+02  -1.2578616e+01  -1.0758491e+01
   1.6280000e+02  -4.2578616e+01  -3.0558491e+01
   1.6290000e+02  -6.4578616e+01  -1.4678491e+01
   1.6300000e+02  -2.4578616e+01  -5.5278491e+01
   1.6310000e+02   5.4213836e+00   7.2521509e+01
   1.6320000e+02  -6.3578616e+01  -2.7718491e+01
   1.6330000e+02  -1.6578616e+01   6.1401509e+01
   1.6340000e+02   1.1421384e+01   5.2815094e+00
   1.6350000e+02   9.1421384e+01  -2.8918491e+01
   1.6360000e+02   7.0421384e+01   2.5921509e+01
   1.6370000e+02   5.4421384e+01  -3.3438491e+01
   1.6380000e+02  -1.0578616e+01  -1.8838491e+01
   1.6390000e+02   1.0421384e+01  -1.3678491e+01
   1.6400000e+02  -2.9578616e+01  -2.0784906e+00
   1.6410000e+02   1.0421384e+01  -4.9678491e+01
   1.6420000e+02  -3.4578616e+01  -1.6878491e+01
   1.6430000e+02   2.0421384e+01  -4.1078491e+01
   1.6440000e+02  -4.9578616e+01   4.7215094e+00
   1.6450000e+02  -1.3578616e+01  -4.4718491e+01
   1.6460000e+02  -8.4578616e+01  -4.8784906e+00
   1.6470000e+02  -4.5786164e+00   2.9921509e+01
   1.6480000e+02  -1.0357862e+02   5.1881509e+01
   1.6490000e+02  -6.0578616e+01  -6.8384906e+00
   1.6500000e+02   2.2421384e+01  -5.2158491e+01
   1.6510000e+02  -1.3578616e+01   1.5828151e+02
   1.6520000e+02  -6.5786164e+00   2.6001509e+01
   1.6530000e+02   1.4213836e+00   1.0681509e+01
   1.6540000e+02  -6.1578616e+01   8.2015094e+00
   1.6550000e+02   1.2442138e+02   2.6761509e+01
   1.6560000e+02  -6.6578616e+01   4.1401509e+01
   1.6570000e+02  -8.5786164e+00   3.8081509e+01
   1.6580000e+02   5.4213836e+00   3.6521509e+01
   1.6590000e+02  -4.7578616e+01   6.5641509e+01
   1.6600000e+02  -4.8578616e+01   6.7681509e+01
   1.6610000e+02   3.7421384e+01  -1.8758491e+01
   1.6620000e+02   8.3421384e+01  -1.8598491e+01
   1.6630000e+02  -3.0578616e+01   5.0961509e+01
   1.6640000e+02  -7.5786164e+00   2.3041509e+01
   1.6650000e+02   1.2421384e+01   8.0241509e+01
   1.6660000e+02   4.4421384e+01  -3.8038491e+01
   1.6670000e+02   1.1421384e+01  -2.7718491e+01
   1.6680000e+02  -9.4578616e+01  -4.0478491e+01
   1.6690000e+02   3.4213836e+00   5.1601509e+01
   1.6700000e+02   8.4213836e+00  -5.5984906e+00
   1.6710000e+02  -7.9578616e+01   1.9215094e+00
   1.6720000e+02   2.2421384e+01   2.2841509e+01
   1.6730000e+02   1.9421384e+01   1.2961509e+01
   1.6740000e+02   4.4213836e+00  -3.9438491e+01
   1.6750000e+02  -5.5578616e+01   2.2961509e+01
   1.6760000e+02  -2.9578616e+01  -2.0784906e+00
   1.6770000e+02   5.9421384e+01  -3.0638491e+01
   1.6780000e+02   7.2421384e+01  -1.3158491e+01
   1.6790000e+02  -8.4578616e+01  -2.6878491e+01
   1.6800000e+02   1.4421384e+01   3.3161509e+01
   1.6810000e+02   1.1421384e+01  -1.6718491e+01
   1.6820000e+02   3.5421384e+01   3.3215094e+00
   1.6830000e+02  -3.2578616e+01   2.0415094e+00
   1.6840000e+02  -1.3578616e+01   4.3281509e+01
   1.6850000e+02  -1.9578616e+01  -1.9478491e+01
   1.6860000e+02  -7.5578616e+01   7.7615094e+00
   1.6870000e+02  -8.5786164e+00   1.5081509e+01
   1.6880000e+02  -6.5578616e+01   1.5361509e+01
   1.6890000e+02   2.2421384e+01   7.8415094e+00
   1.6900000e+02   9.2421384e+01   2.4041509e+01
   1.6910000e+02  -6.4578616e+01  -8.6784906e+00
   1.6920000e+02   4.3421384e+01   5.0001509e+01
   1.6930000e+02  -5.6578616e+01   2.2001509e+01
   1.6940000e+02  -8.3578616e+01   5.0081509e+01
   1.6950000e+02   2.6421384e+01   2.1681509e+01
   1.6960000e+02  -2.2578616e+01   1.5641509e+01
   1.6970000e+02  -2.1578616e+01   1.0601509e+01
   1.6980000e+02   7.4213836e+00   5.0441509e+01
   1.6990000e+02  -1.8578616e+01   9.0481509e+01
   1.7000000e+02   3.4213836e+00   4.0601509e+01
   1.7010000e+02   1.0542138e+02   7.0521509e+01
   1.7020000e+02  -5.0578616e+01   3.7615094e+00
   1.7030000e+02   4.5421384e+01   4.1921509e+01
   1.7040000e+02  -2.6578616e+01  -6.1984906e+00
   1.7050000e+02   6.1421384e+01   8.7281509e+01
   1.7060000e+02   7.6421384e+01   5.7681509e+01
   1.7070000e+02  -6.3578616e+01  -2.7184906e+00
   1.7080000e+02   1.4213836e+00  -2.5318491e+01
   1.7090000e+02  -6.0578616e+01   2.0161509e+01
   1.7100000e+02   3.2421384e+01   4.3441509e+01
   1.7110000e+02  -4.9578616e+01   3.2721509e+01
   1.7120000e+02   2.1421384e+01   1.1881509e+01
   1.7130000e+02   2.4421384e+01   1.5761509e+01
   1.7140000e+02   4.2421384e+01   9.0415094e+00
   1.7150000e+02  -1.2578616e+01   1.2241509e+01
   1.7160000e+02  -3.5578616e+01   3.7161509e+01
   1.7170000e+02   2.2042138e+02   2.9215094e+00
   1.7180000e+02  -3.5786164e+00  -1.3118491e+01
   1.7190000e+02   4.2138365e-01  -5.2784906e+00
   1.7200000e+02  -1.3578616e+01   1.2281509e+01
   1.7210000e+02  -5.3578616e+01   5.1881509e+01
   1.7220000e+02  -6.7578616e+01   2.3441509e+01
   1.7230000e+02   2.4213836e+00   1.2641509e+01
   1.7240000e+02   3.2421384e+01  -8.5584906e+00
   1.7250000e+02  -6.6578616e+01   2.8401509e+01
   1.7260000e+02  -5.4578616e+01  -7.8490566e-02
   1.7270000e+02   9.4213836e+00   6.9361509e+01
   1.7280000e+02   4.7421384e+01   1.5841509e+01
   1.7290000e+02   1.0042138e+02  -3.5278491e+01
   1.7300000e+02   4.4421384e+01   8.9615094e+00
   1.7310000e+02  -4.6578616e+01   9.6015094e+00
   1.7320000e+02   1.1421384e+01  -4.7184906e+00
   1.7330000e+02  -7.7578616e+01   1.1841509e+01
   1.7340000e+02  -3.4578616e+01  -2.4878491e+01
   1.7350000e+02  -7.9578616e+01   9.2150943e-01
   1.7360000e+02  -4.5786164e+00   5.4921509e+01
   1.7370000e+02   4.6421384e+01  -3.5118491e+01
   1.7380000e+02   1.1042138e+02  -5.4678491e+01
   1.7390000e+02  -3.7578616e+01   4.4241509e+01
   1.7400000e+02   1.4213836e+00  -2.3184906e+00
   1.7410000e+02  -3.5578616e+01  -2.9838491e+01
   1.7420000e+02  -5.7578616e+01   1.0415094e+00
   1.7430000e+02   4.2421384e+01   4.1509434e-02
   1.7440000e+02  -3.1578616e+01  -3.9984906e+00
   1.7450000e+02  -3.5578616e+01  -2.1838491e+01
   1.7460000e+02  -2.3578616e+01  -9.3184906e+00
   1.7470000e+02   4.6421384e+01   4.6881509e+01
   1.7480000e+02   4.2138365e-01  -1.3278491e+01
   1.7490000e+02  -1.2578616e+01  -2.7584906e+00
   1.7500000e+02  -5.5786164e+00   1.0961509e+01
   1.7510000e+02   9.4213836e+00   1.7361509e+01
   1.7520000e+02  -3.1578616e+01   2.0015094e+00
   1.7530000e+02   3.4421384e+01  -6.6384906e+00
   1.7540000e+02   3.4213836e+00  -3.7398491e+01
   1.7550000e+02   6.3421384e+01   3.6201509e+01
   1.7560000e+02   6.4421384e+01  -3.3838491e+01
   1.7570000e+02  -2.6578616e+01   2.6801509e+01
   1.7580000e+02  -2.4578616e+01   6.0721509e+01
   1.7590000e+02   1.0342138e+02   3.2601509e+01
   1.7600000e+02  -1.7578616e+01   4.7441509e+01
   1.7610000e+02  -3.7578616e+01   6.0241509e+01
   1.7620000e+02   1.1421384e+01  -3.2718491e+01
   1.7630000e+02  -4.5578616e+01  -3.4438491e+01
   1.7640000e+02   2.7421384e+01  -1.3584906e+00
   1.7650000e+02  -3.7578616e+01   2.4241509e+01
   1.7660000e+02   8.1421384e+01   6.7481509e+01
   1.7670000e+02  -4.1578616e+01   1.6401509e+01
   1.7680000e+02  -9.5786164e+00   2.2121509e+01
   1.7690000e+02  -7.3578616e+01   6.7681509e+01
   1.7700000e+02   6.5421384e+01   1.2121509e+01
   1.7710000e+02   2.5421384e+01   7.5721509e+01
   1.7720000e+02   1.0442138e+02   7.2561509e+01
   1.7730000e+02   7.6421384e+01   1.5681509e+01
   1.7740000e+02  -1.1578616e+01   2.0201509e+01
   1.7750000e+02  -2.3578616e+01  -2.0318491e+01
   1.7760000e+02  -4.1578616e+01  -6.5984906e+00
   1.7770000e+02   1.2421384e+01  -4.7584906e+00
   1.7780000e+02  -2.6578616e+01  -1.0198491e+01
   1.7790000e+02  -2.7578616e+01  -1.3158491e+01
   1.7800000e+02  -2.6578616e+01   1.5801509e+01
   1.7810000e+02   7.4213836e+00   4.7441509e+01
   1.7820000e+02  -7.3578616e+01   4.6815094e+00
   1.7830000e+02   2.8421384e+01  -4.4398491e+01
   1.7840000e+02   1.8421384e+01   5.3001509e+01
   1.7850000e+02  -8.9578616e+01  -1.4678491e+01
   1.7860000e+02  -8.5578616e+01   4.1615094e+00
   1.7870000e+02  -1.2578616e+01  -4.4758491e+01
   1.7880000e+02  -4.3578616e+01   1.3481509e+01
   1.7890000e+02   3.7421384e+01   6.2415094e+00
   1.7900000e+02  -7.1578616e+01  -4.2398491e+01
   1.7910000e+02  -1.5786164e+00  -8.1984906e+00
   1.7920000e+02   1.6421384e+01  -4.2918491e+01
   1.7930000e+02  -2.0578616e+01  -4.1438491e+01
   1.7940000e+02  -1.4578616e+01   3.3215094e+00
   1.7950000e+02  -6.5578616e+01   2.4361509e+01
   1.7960000e+02  -5.5578616e+01   4.3961509e+01
   1.7970000e+02   4.4213836e+00   2.7561509e+01
   1.7980000e+02  -5.7861635e-01   7.4761509e+01
   1.7990000e+02   3.6421384e+01   4.2815094e+00
   1.8000000e+02  -4.5786164e+00   4.9215094e+00
   1.8010000e+02   3.1421384e+01  -4.5184906e+00
   1.8020000e+02  -3.7578616e+01   2.1241509e+01
   1.8030000e+02  -5.3578616e+01  -2.1184906e+00
   1.8040000e+02   4.3421384e+01  -3.3998491e+01
   1.8050000e+02   7.4213836e+00   4.4150943e-01
   1.8060000e+02   4.4213836e+00   1.5615094e+00
   1.8070000e+02  -8.6578616e+01   3.6201509e+01
   1.8080000e+02  -2.5786164e+00  -2.1584906e+00
   1.8090000e+02   4.1421384e+01  -6.6918491e+01
   1.8100000e+02   6.4213836e+00  -6.1518491e+01
   1.8110000e+02   1.0421384e+01   5.3321509e+01
   1.8120000e+02   2.0421384e+01   3.2921509e+01
   1.8130000e+02  -9.5786164e+00  -7.8784906e+00
   1.8140000e+02   2.9421384e+01  -2.5438491e+01
   1.8150000e+02   7.7421384e+01  -3.5849057e-01
   1.8160000e+02  -1.0457862e+02   4.2921509e+01
   1.8170000e+02   1.4421384e+01   1.1161509e+01
   1.8180000e+02   1.9421384e+01   2.9615094e+00
   1.8190000e+02   2.1421384e+01   5.5881509e+01
   1.8200000e+02   4.9421384e+01  -3.2384906e+00
   1.8210000e+02   1.0421384e+01   3.8321509e+01
   1.8220000e+02   2.5421384e+01   3.8721509e+01
   1.8230000e+02  -4.7578616e+01   2.2641509e+01
   1.8240000e+02   3.4213836e+00   1.0601509e+01
   1.8250000e+02   2.1421384e+01   3.2881509e+01
   1.8260000e+02  -1.7578616e+01  -2.4558491e+01
   1.8270000e+02  -6.9578616e+01  -1.5478491e+01
   1.8280000e+02  -2.2578616e+01  -2.4358491e+01
   1.8290000e+02  -5.7578616e+01   4.1509434e-02
   1.8300000e+02  -4.7578616e+01   4.2641509e+01
   1.8310000e+02   3.4213836e+00   2.0601509e+01
   1.8320000e+02   5.5421384e+01   1.0521509e+01
   1.8330000e+02  -9.5786164e+00   2.1215094e+00
   1.8340000e+02   7.4213836e+00  -4.5558491e+01
   1.8350000e+02   7.4421384e+01   4.2761509e+01
   1.8360000e+02   1.5542138e+02   7.8521509e+01
   1.8370000e+02  -7.9578616e+01  -2.3078491e+01
   1.8380000e+02   9.4213836e+00  -1.7638491e+01
   1.8390000e+02  -2.2578616e+01   7.6415094e+00
   1.8400000e+02  -4.1578616e+01   1.3401509e+01
   1.8410000e+02  -4.2578616e+01   3.6441509e+01
   1.8420000e+02   4.2138365e-01  -9.2784906e+00
   1.8430000e+02  -5.4578616e+01  -7.8490566e-02
   1.8440000e+02   1.0421384e+01  -5.6784906e+00
   1.8450000e+02   6.7421384e+01  -9.5849057e-01
   1.8460000e+02  -2.3578616e+01   6.6815094e+00
   1.8470000e+02  -1.4578616e+01  -1.8678491e+01
   1.8480000e+02   1.1942138e+02   6.3961509e+01
   1.8490000e+02  -1.1557862e+02  -7.6384906e+00
   1.8500000e+02  -7.8578616e+01  -1.9118491e+01
   1.8510000e+02  -5.0578616e+01   7.5761509e+01
   1.8520000e+02   1.6421384e+01  -6.1918491e+01
   1.8530000e+02  -5.3578616e+01  -2.0118491e+01
   1.8540000e+02   1.9421384e+01  -2.4038491e+01
   1.8550000e+02  -6.5578616e+01  -4.6638491e+01
   1.8560000e+02  -3.6578616e+01  -2.3798491e+01
   1.8570000e+02  -5.1578616e+01   5.8015094e+00
   1.8580000e+02  -8.5578616e+01  -4.2838491e+01
   1.8590000e+02  -4.4578616e+01  -2.1478491e+01
   1.8600000e+02  -4.9578616e+01  -2.4278491e+01
   1.8610000e+02   2.3421384e+01  -1.1984906e+00
   1.8620000e+02   5.4213836e+00  -2.5478491e+01
   1.8630000e+02   5.8421384e+01  -5.5598491e+01
   1.8640000e+02  -1.0457862e+02  -6.1078491e+01
   1.8650000e+02  -3.8578616e+01   2.7281509e+01
   1.8660000e+02  -5.1578616e+01   1.6801509e+01
   1.8670000e+02  -1.4578616e+01  -2.1678491e+01
   1.8680000e+02   7.4213836e+00   4.4150943e-01
   1.8690000e+02  -1.2578616e+01   1.1241509e+01
   1.8700000e+02  -7.9578616e+01   1.1921509e+01
   1.8710000e+02   5.3421384e+01   1.6015094e+00
   1.8720000e+02  -4.2578616e+01   5.1441509e+01
   1.8730000e+02  -3.2578616e+01  -6.9584906e+00
   1.8740000e+02   4.7421384e+01   1.9841509e+01
   1.8750000e+02  -3.1578616e+01   5.0015094e+00
   1.8760000e+02  -2.3578616e+01   7.9681509e+01
   1.8770000e+02  -4.0578616e+01   2.3361509e+01
   1.8780000e+02  -2.7578616e+01  -3.6158491e+01
   1.8790000e+02  -8.3578616e+01   3.8081509e+01
   1.8800000e+02  -3.2578616e+01  -2.6958491e+01
   1.8810000e+02  -1.8578616e+01   1.1481509e+01
   1.8820000e+02   5.5421384e+01  -3.4478491e+01
   1.8830000e+02  -1.3578616e+01  -4.1718491e+01
   1.8840000e+02  -2.6578616e+01  -5.1198491e+01
   1.8850000e+02   1.7421384e+01   5.7041509e+01
   1.8860000e+02  -4.4578616e+01   2.9521509e+01
   1.8870000e+02  -3.7578616e+01   2.1241509e+01
   1.8880000e+02  -9.8578616e+01  -7.3184906e+00
   1.8890000e+02  -8.9578616e+01   3.3215094e+00
   1.8900000e+02  -6.8578616e+01  -2.8518491e+01
   1.8910000e+02  -1.1578616e+01  -1.6798491e+01
   1.8920000e+02   8.2421384e+01   3.7441509e+01
   1.8930000e+02  -3.8578616e+01  -1.4718491e+01
   1.8940000e+02  -2.0578616e+01  -2.4438491e+01
   1.8950000e+02  -2.1578616e+01  -1.2398491e+01
   1.8960000e+02   6.4213836e+00  -5.5184906e+00
   1.8970000e+02   3.4213836e+00  -1.9398491e+01
   1.8980000e+02   6.2421384e+01  -7.5849057e-01
   1.8990000e+02  -3.5786164e+00   3.2881509e+01
   1.9000000e+02  -4.9578616e+01  -2.8278491e+01
   1.9010000e+02  -1.2557862e+02   2.8761509e+01
   1.9020000e+02  -3.2578616e+01  -3.3958491e+01
   1.9030000e+02  -1.8578616e+01  -1.5184906e+00
   1.9040000e+02  -1.0657862e+02  -1.9998491e+01
   1.9050000e+02   8.4213836e+00   7.2401509e+01
   1.9060000e+02   2.5421384e+01   7.2721509e+01
   1.9070000e+02  -6.1578616e+01  -5.7984906e+00
   1.9080000e+02  -3.4578616e+01   2.0121509e+01
   1.9090000e+02  -7.8578616e+01   1.1881509e+01
   1.9100000e+02  -4.2578616e+01   2.6441509e+01
   1.9110000e+02   4.3421384e+01  -3.3998491e+01
   1.9120000e+02  -8.3578616e+01   3.8081509e+01
   1.9130000e+02   9.6421384e+01   6.7881509e+01
   1.9140000e+02  -1.0657862e+02  -5.1998491e+01
   1.9150000e+02  -1.5578616e+01   9.3615094e+00
   1.9160000e+02   3.8421384e+01  -2.8798491e+01
   1.9170000e+02  -1.6578616e+01  -4.4598491e+01
   1.9180000e+02   4.4213836e+00   1.6561509e+01
   1.9190000e+02   2.8421384e+01   2.7601509e+01
   1.9200000e+02   4.1421384e+01   4.0081509e+01
   1.9210000e+02   2.2421384e+01  -2.2158491e+01
   1.9220000e+02  -5.7861635e-01  -4.6238491e+01
   1.9230000e+02  -6.4578616e+01   4.3215094e+00
   1.9240000e+02   2.5421384e+01  -3.1278491e+01
   1.9250000e+02   1.2421384e+01   2.1241509e+01
   1.9260000e+02  -3.6578616e+01   4.2015094e+00
   1.9270000e+02  -7.7578616e+01   8.4150943e-01
   1.9280000e+02   9.4213836e+00  -2.5638491e+01
   1.9290000e+02  -4.2578616e+01  -4.0558491e+01
   1.9300000e+02  -2.5578616e+01   5.7615094e+00
   1.9310000e+02  -3.6578616e+01  -3.4798491e+01
   1.9320000e+02   6.2421384e+01  -1.7584906e+00
   1.9330000e+02  -1.5786164e+00  -1.0198491e+01
   1.9340000e+02  -6.8578616e+01  -3.1518491e+01
   1.9350000e+02   4.4213836e+00  -3.7438491e+01
   1.9360000e+02  -2.9578616e+01  -1.9078491e+01
   1.9370000e+02   1.8421384e+01  -5.0998491e+01
   1.9380000e+02  -8.3578616e+01  -3.7918491e+01
   1.9390000e+02  -1.6578616e+01  -3.3598491e+01
   1.9400000e+02   1.3642138e+02   1.6281509e+01
   1.9410000e+02  -1.5786164e+00   3.8801509e+01
   1.9420000e+02  -8.5786164e+00  -3.9184906e+00
   1.9430000e+02  -1.0057862e+02   9.7615094e+00
   1.9440000e+02  -5.1578616e+01  -4.1984906e+00
   1.9450000e+02   2.4421384e+01   5.4761509e+01
   1.9460000e+02  -5.7861635e-01   2.3761509e+01
   1.9470000e+02   6.1421384e+01   2.8281509e+01
   1.9480000e+02  -1.4578616e+01   5.3321509e+01
   1.9490000e+02   4.2138365e-01   1.0072151e+02
   1.9500000e+02  -4.8578616e+01   3.6681509e+01
   1.9510000e+02   3.0421384e+01   2.9521509e+01
   1.9520000e+02   6.4421384e+01   1.1161509e+01
   1.9530000e+02  -1.1557862e+02   2.3361509e+01
   1.9540000e+02  -5.0578616e+01  -2.4238491e+01
   1.9550000e+02   5.2421384e+01  -2.0358491e+01
   1.9560000e+02  -4.0578616e+01  -2.6384906e+00
   1.9570000e+02   1.1142138e+02   2.7281509e+01
   1.9580000e+02   6.5421384e+01   4.1215094e+00
   1.9590000e+02   3.9421384e+01  -8.3849057e-01
   1.9600000e+02  -3.2578616e+01  -1.1958491e+01
   1.9610000e+02   2.4213836e+00  -7.3584906e+00
   1.9620000e+02  -2.1578616e+01   2.6015094e+00
   1.9630000e+02  -1.9578616e+01   1.2521509e+01
   1.9640000e+02   8.9421384e+01  -3.0838491e+01
   1.9650000e+02  -6.5786164e+00  -4.9984906e+00
   1.9660000e+02   5.6421384e+01   6.4815094e+00
   1.9670000e+02  -7.8578616e+01  -1.1849057e-01
   1.9680000e+02   3.4213836e+00   4.8601509e+01
   1.9690000e+02   2.9421384e+01  -1.1438491e+01
   1.9700000e+02   4.9421384e+01  -3.2238491e+01
   1.9710000e+02  -5.3578616e+01   5.2881509e+01
   1.9720000e+02   6.4213836e+00  -1.5518491e+01
   1.9730000e+02   2.0421384e+01  -3.0784906e+00
   1.9740000e+02  -3.4578616e+01  -2.8878491e+01
   1.9750000e+02  -3.9578616e+01   1.3215094e+00
   1.9760000e+02  -2.9578616e+01   5.9215094e+00
   1.9770000e+02   4.4421384e+01  -6.1038491e+01
   1.9780000e+02   8.7421384e+01   9.2415094e+00
   1.9790000e+02  -8.5578616e+01   1.1615094e+00
   1.9800000e+02  -1.0578616e+01   8.5161509e+01
   1.9810000e+02  -3.0578616e+01  -3.4038491e+01
   1.9820000e+02  -1.6057862e+02  -1.9838491e+01
   1.9830000e+02  -2.8578616e+01  -2.2118491e+01
   1.9840000e+02  -4.3578616e+01  -5.7518491e+01
   1.9850000e+02  -7.8578616e+01   1.0881509e+01
   1.9860000e+02  -3.8578616e+01  -4.0718491e+01
   1.9870000e+02   9.4213836e+00   1.1361509e+01
   1.9880000e+02  -3.5786164e+00   3.0881509e+01
   1.9890000e+02  -5.5786164e+00  -6.0038491e+01
   1.9900000e+02  -8.5786164e+00  -1.8918491e+01
   1.9910000e+02   9.4213836e+00  -1.2638491e+01
   1.9920000e+02  -9.0578616e+01   2.5361509e+01
   1.9930000e+02  -5.4578616e+01   1.6921509e+01
   1.9940000e+02   2.3421384e+01  -3.3198491e+01
   1.9950000e+02  -1.1657862e+02  -7.5984906e+00
   1.9960000e+02  -8.7578616e+01  -2.4758491e+01
   1.9970000e+02   3.1421384e+01  -2.0518491e+01
   1.9980000e+02  -3.6578616e+01  -2.8798491e+01
   1.9990000e+02  -8.5786164e+00   1.0815094e+00
