   0.0000000e+00   2.1665514e+02   1.8485271e+02
   1.0000000e-01   1.2965514e+02   9.4332714e+01
   2.0000000e-01   3.3365514e+02   1.3817271e+02
   3.0000000e-01   2.1665514e+02   1.3885271e+02
   4.0000000e-01   1.1265514e+02   2.8401271e+02
   5.0000000e-01   1.8965514e+02   1.5793271e+02
   6.0000000e-01   2.1565514e+02   1.9989271e+02
   7.0000000e-01   3.3565514e+02   2.4309271e+02
   8.0000000e-01   1.7465514e+02   2.1853271e+02
   9.0000000e-01   3.3665514e+02   1.1705271e+02
   1.0000000e+00   3.0465514e+02   1.3933271e+02
   1.1000000e+00   1.9465514e+02   1.7573271e+02
   1.2000000e+00   1.9665514e+02   1.8565271e+02
   1.3000000e+00   2.2065514e+02   2.2769271e+02
   1.4000000e+00   1.8865514e+02   2.9097271e+02
   1.5000000e+00   2.5565514e+02   9.3292714e+01
   1.6000000e+00   3.0565514e+02   3.0829271e+02
   1.7000000e+00   3.3565514e+02   2.9809271e+02
   1.8000000e+00   2.1465514e+02   1.1593271e+02
   1.9000000e+00   1.6265514e+02   2.0701271e+02
   2.0000000e+00   1.7565514e+02   2.2149271e+02
   2.1000000e+00   1.4265514e+02   1.1581271e+02
   2.2000000e+00   1.4665514e+02   2.1365271e+02
   2.3000000e+00   2.2865514e+02   2.7437271e+02
   2.4000000e+00   3.2965514e+02   9.1332714e+01
   2.5000000e+00   2.5765514e+02   1.2921271e+02
   2.6000000e+00   1.7365514e+02   2.4757271e+02
   2.7000000e+00   2.0265514e+02   1.5241271e+02
   2.8000000e+00   2.5865514e+02   6.9172714e+01
   2.9000000e+00   1.3865514e+02   2.2597271e+02
   3.0000000e+00   2.9865514e+02   1.5657271e+02
   3.1000000e+00   3.6965514e+02   1.2373271e+02
   3.2000000e+00   2.5165514e+02   1.4245271e+02
   3.3000000e+00   2.5365514e+02   4.6372714e+01
   3.4000000e+00   1.3465514e+02   1.4413271e+02
   3.5000000e+00   2.5965514e+02   1.4913271e+02
   3.6000000e+00   2.1665514e+02   1.8685271e+02
   3.7000000e+00   2.1365514e+02   4.5972714e+01
   3.8000000e+00   2.4365514e+02   8.9772714e+01
   3.9000000e+00   2.5665514e+02   1.3625271e+02
   4.0000000e+00   2.5965514e+02   8.7132714e+01
   4.1000000e+00   2.7865514e+02   2.0837271e+02
   4.2000000e+00   1.2065514e+02   1.2969271e+02
   4.3000000e+00   2.8965514e+02   8.3932714e+01
   4.4000000e+00   1.8165514e+02   2.6125271e+02
   4.5000000e+00   1.3465514e+02   1.5113271e+02
   4.6000000e+00   3.0865514e+02   5.2172714e+01
   4.7000000e+00   2.4165514e+02   1.4485271e+02
   4.8000000e+00   1.3865514e+02   1.5697271e+02
   4.9000000e+00   1.5365514e+02   1.2537271e+02
   5.0000000e+00   2.3465514e+02   1.6713271e+02
   5.1000000e+00   1.9465514e+02   1.1773271e+02
   5.2000000e+00   2.2165514e+02   6.2652714e+01
   5.3000000e+00   1.8665514e+02   4.2052714e+01
   5.4000000e+00   3.2865514e+02   1.1437271e+02
   5.5000000e+00   2.2965514e+02   1.0433271e+02
   5.6000000e+00   1.6365514e+02   7.4972714e+01
   5.7000000e+00   1.0465514e+02   1.2833271e+02
   5.8000000e+00   1.5065514e+02   2.7149271e+02
   5.9000000e+00   2.7865514e+02   7.2372714e+01
   6.0000000e+00   1.4165514e+02   1.2885271e+02
   6.1000000e+00   1.7965514e+02   2.9133271e+02
   6.2000000e+00   3.2765514e+02   2.7841271e+02
   6.3000000e+00   2.2465514e+02   5.3532714e+01
   6.4000000e+00   2.2365514e+02   1.5857271e+02
   6.5000000e+00   1.6965514e+02   1.6773271e+02
   6.6000000e+00   2.7165514e+02   2.3465271e+02
   6.7000000e+00   2.3365514e+02   9.8172714e+01
   6.8000000e+00   1.0765514e+02   1.3321271e+02
   6.9000000e+00   2.0965514e+02   1.6213271e+02
   7.0000000e+00   2.3865514e+02   1.7197271e+02
   7.1000000e+00   2.9865514e+02   2.0757271e+02
   7.2000000e+00   2.0965514e+02   2.0813271e+02
   7.3000000e+00   2.4265514e+02   1.8381271e+02
   7.4000000e+00   2.1765514e+02   1.3981271e+02
   7.5000000e+00   1.7665514e+02   2.0745271e+02
   7.6000000e+00   2.3865514e+02   1.4497271e+02
   7.7000000e+00   1.9965514e+02   1.3253271e+02
   7.8000000e+00   2.0765514e+02   3.7021271e+02
   7.9000000e+00   1.4865514e+02   2.3057271e+02
   8.0000000e+00   2.5465514e+02   1.5833271e+02
   8.1000000e+00   1.9665514e+02   1.2565271e+02
   8.2000000e+00   2.7565514e+02   1.0849271e+02
   8.3000000e+00   2.6365514e+02   1.6997271e+02
   8.4000000e+00   2.4365514e+02   9.5772714e+01
   8.5000000e+00   2.3465514e+02   2.8413271e+02
   8.6000000e+00   2.8465514e+02   1.0913271e+02
   8.7000000e+00   1.5365514e+02   1.9737271e+02
   8.8000000e+00   1.5365514e+02   3.5372714e+01
   8.9000000e+00   1.6265514e+02   1.3301271e+02
   9.0000000e+00   1.7065514e+02   1.5469271e+02
   9.1000000e+00   2.6265514e+02   1.8701271e+02
   9.2000000e+00   1.1865514e+02   9.5772714e+01
   9.3000000e+00   2.2765514e+02   1.9141271e+02
   9.4000000e+00   1.5665514e+02   1.5225271e+02
   9.5000000e+00   2.3765514e+02   2.0301271e+02
   9.6000000e+00   1.6365514e+02   1.3997271e+02
   9.7000000e+00   1.4565514e+02   1.1269271e+02
   9.8000000e+00   1.0265514e+02   7.1412714e+01
   9.9000000e+00   2.2365514e+02   1.5757271e+02
   1.0000000e+01   2.4265514e+02   1.9881271e+02
   1.0100000e+01   2.7465514e+02   1.3553271e+02
   1.0200000e+01   1.8265514e+02   8.0212714e+01
   1.0300000e+01   2.3365514e+02   1.4017271e+02
   1.0400000e+01   1.3865514e+02   1.4597271e+02
   1.0500000e+01   2.7165514e+02   5.1652714e+01
   1.0600000e+01   1.1065514e+02   1.5909271e+02
   1.0700000e+01   1.2065514e+02   3.3692714e+01
   1.0800000e+01   1.2965514e+02   1.3933271e+02
   1.0900000e+01   2.0965514e+02   2.5113271e+02
   1.1000000e+01   1.2965514e+02   1.6733271e+02
   1.1100000e+01   1.0565514e+02   1.8229271e+02
   1.1200000e+01   3.4665514e+02   1.3365271e+02
   1.1300000e+01   1.2365514e+02   1.2057271e+02
   1.1400000e+01   1.8365514e+02   1.1817271e+02
   1.1500000e+01   1.5465514e+02   2.0833271e+02
   1.1600000e+01   2.1465514e+02   1.0993271e+02
   1.1700000e+01   2.3265514e+02   3.3721271e+02
   1.1800000e+01   2.3865514e+02   1.3697271e+02
   1.1900000e+01   4.1655135e+01   2.0885271e+02
   1.2000000e+01   2.7965514e+02   1.9233271e+02
   1.2100000e+01   1.9265514e+02   1.1081271e+02
   1.2200000e+01   2.2665514e+02   1.3745271e+02
   1.2300000e+01   1.9565514e+02   2.1269271e+02
   1.2400000e+01   1.9665514e+02   1.8565271e+02
   1.2500000e+01   2.2565514e+02   2.1249271e+02
   1.2600000e+01   1.8665514e+02   2.6805271e+02
   1.2700000e+01   1.7665514e+02   2.1245271e+02
   1.2800000e+01   2.3265514e+02   1.3521271e+02
   1.2900000e+01   1.1765514e+02   1.5281271e+02
   1.3000000e+01   2.1565514e+02   1.2889271e+02
   1.3100000e+01   1.2565514e+02   7.4492714e+01
   1.3200000e+01   1.7265514e+02   2.6561271e+02
   1.3300000e+01   1.4655135e+01   1.5293271e+02
   1.3400000e+01   1.3165514e+02   1.3825271e+02
   1.3500000e+01   2.9065514e+02   3.0589271e+02
   1.3600000e+01   1.7565514e+02   1.5449271e+02
   1.3700000e+01   2.4765514e+02   1.7261271e+02
   1.3800000e+01   2.8765514e+02   1.7801271e+02
   1.3900000e+01   3.7265514e+02   1.6961271e+02
   1.4000000e+01   2.8165514e+02   1.7125271e+02
   1.4100000e+01   1.4465514e+02   2.6173271e+02
   1.4200000e+01   2.5865514e+02   1.6617271e+02
   1.4300000e+01   1.7365514e+02   1.3057271e+02
   1.4400000e+01   2.7465514e+02   1.3853271e+02
   1.4500000e+01   1.1665514e+02   1.8085271e+02
   1.4600000e+01   1.9265514e+02   1.1781271e+02
   1.4700000e+01   3.7165514e+02   1.2465271e+02
   1.4800000e+01   1.4465514e+02   1.3173271e+02
   1.4900000e+01   7.5655135e+01   1.9249271e+02
   1.5000000e+01   2.2065514e+02   1.6169271e+02
   1.5100000e+01   3.3665514e+02   2.7005271e+02
   1.5200000e+01   2.0465514e+02   1.9233271e+02
   1.5300000e+01   1.0665514e+02   2.1425271e+02
   1.5400000e+01   1.1565514e+02   1.7089271e+02
   1.5500000e+01   1.6465514e+02   1.8893271e+02
   1.5600000e+01   2.7965514e+02   7.8332714e+01
   1.5700000e+01   2.2665514e+02   1.9245271e+02
   1.5800000e+01   1.6665514e+02   9.8852714e+01
   1.5900000e+01   2.2465514e+02   1.9453271e+02
   1.6000000e+01   1.6865514e+02   2.4877271e+02
   1.6100000e+01   6.9655135e+01   2.2373271e+02
   1.6200000e+01   1.8965514e+02   1.5593271e+02
   1.6300000e+01   2.6765514e+02   1.6981271e+02
   1.6400000e+01   1.8565514e+02   1.6209271e+02
   1.6500000e+01   2.8865514e+02   2.2997271e+02
   1.6600000e+01   1.2865514e+02   2.4637271e+02
   1.6700000e+01   1.0365514e+02   9.8372714e+01
   1.6800000e+01   2.7965514e+02   8.5332714e+01
   1.6900000e+01   1.8365514e+02   2.7517271e+02
   1.7000000e+01   2.3665514e+02   1.5105271e+02
   1.7100000e+01   7.6655135e+01   1.5245271e+02
   1.7200000e+01   2.3065514e+02   2.5629271e+02
   1.7300000e+01   1.9565514e+02   1.8069271e+02
   1.7400000e+01   1.6365514e+02   2.4597271e+02
   1.7500000e+01   3.9365514e+02   6.2772714e+01
   1.7600000e+01   2.5765514e+02   1.7221271e+02
   1.7700000e+01   2.0065514e+02   2.3649271e+02
   1.7800000e+01   2.3065514e+02   1.6329271e+02
   1.7900000e+01   1.5965514e+02   2.5913271e+02
   1.8000000e+01   3.1565514e+02   3.1289271e+02
   1.8100000e+01   2.2265514e+02   2.2961271e+02
   1.8200000e+01   3.1365514e+02   9.7972714e+01
   1.8300000e+01   3.1065514e+02   6.5092714e+01
   1.8400000e+01   2.5065514e+02   2.4249271e+02
   1.8500000e+01   1.4565514e+02   2.0469271e+02
   1.8600000e+01   1.7165514e+02   1.7965271e+02
   1.8700000e+01   1.3965514e+02   1.6093271e+02
   1.8800000e+01   2.5765514e+02   1.5521271e+02
   1.8900000e+01   2.4165514e+02   1.8685271e+02
   1.9000000e+01   2.2365514e+02   2.1657271e+02
   1.9100000e+01   3.3065514e+02   2.3529271e+02
   1.9200000e+01   1.3365514e+02   1.7617271e+02
   1.9300000e+01   1.3565514e+02   1.8709271e+02
   1.9400000e+01   2.0765514e+02   1.8121271e+02
   1.9500000e+01   1.5665514e+02   1.2325271e+02
   1.9600000e+01   1.7865514e+02   2.6437271e+02
   1.9700000e+01   2.4665514e+02   1.7665271e+02
   1.9800000e+01   1.9565514e+02   1.4369271e+02
   1.9900000e+01   1.7265514e+02   1.4561271e+02
   2.0000000e+01   1.9265514e+02   1.5081271e+02
   2.0100000e+01   2.5565514e+02   1.9029271e+02
   2.0200000e+01   1.7165514e+02   1.6565271e+02
   2.0300000e+01   1.5465514e+02   1.8133271e+02
   2.0400000e+01   8.7655135e+01   2.9301271e+02
   2.0500000e+01   2.5665514e+02   2.6825271e+02
   2.0600000e+01   2.2065514e+02   1.6869271e+02
   2.0700000e+01   3.4165514e+02   1.7285271e+02
   2.0800000e+01   2.2965514e+02   2.0333271e+02
   2.0900000e+01   1.9765514e+02   1.7261271e+02
   2.1000000e+01   1.8065514e+02   1.9629271e+02
   2.1100000e+01   2.6565514e+02   1.3689271e+02
   2.1200000e+01   1.3265514e+02   1.3021271e+02
   2.1300000e+01   5.1655135e+01   2.2845271e+02
   2.1400000e+01   8.9655135e+01   2.2293271e+02
   2.1500000e+01   1.0865514e+02   1.8617271e+02
   2.1600000e+01   1.9565514e+02   2.1769271e+02
   2.1700000e+01   2.3265514e+02   1.5521271e+02
   2.1800000e+01   7.8655135e+01   2.4537271e+02
   2.1900000e+01   2.4365514e+02   1.3577271e+02
   2.2000000e+01   1.7465514e+02   1.7453271e+02
   2.2100000e+01   1.9665514e+02   1.9665271e+02
   2.2200000e+01   1.4865514e+02   6.6572714e+01
   2.2300000e+01   1.9865514e+02   2.2957271e+02
   2.2400000e+01   2.0765514e+02   7.6212714e+01
   2.2500000e+01   2.3465514e+02   1.9213271e+02
   2.2600000e+01   1.2865514e+02   1.1737271e+02
   2.2700000e+01   1.5665514e+02   7.4252714e+01
   2.2800000e+01   2.2565514e+02   1.6749271e+02
   2.2900000e+01   3.5165514e+02   1.3045271e+02
   2.3000000e+01   2.8665514e+02   1.8505271e+02
   2.3100000e+01   1.9365514e+02   7.7772714e+01
   2.3200000e+01   1.9365514e+02   2.7577271e+02
   2.3300000e+01   1.9365514e+02   1.4177271e+02
   2.3400000e+01   2.5565514e+02   1.7229271e+02
   2.3500000e+01   1.5665514e+02   1.5625271e+02
   2.3600000e+01   2.4365514e+02   1.0677271e+02
   2.3700000e+01   2.1365514e+02   2.4797271e+02
   2.3800000e+01   2.1065514e+02   3.0109271e+02
   2.3900000e+01   2.2165514e+02   1.5465271e+02
   2.4000000e+01   1.7965514e+02   1.7933271e+02
   2.4100000e+01   2.9965514e+02   1.4553271e+02
   2.4200000e+01   3.0765514e+02   1.2021271e+02
   2.4300000e+01   1.4765514e+02   1.4561271e+02
   2.4400000e+01   2.4865514e+02   1.9357271e+02
   2.4500000e+01   1.8665514e+02   1.2405271e+02
   2.4600000e+01   1.2665514e+02   1.0245271e+02
   2.4700000e+01   1.6365514e+02   9.3972714e+01
   2.4800000e+01   2.0765514e+02   1.7021271e+02
   2.4900000e+01   2.2765514e+02   2.7741271e+02
   2.5000000e+01   2.8065514e+02   2.9029271e+02
   2.5100000e+01   2.5665514e+02   1.3425271e+02
   2.5200000e+01   1.4365514e+02   5.6772714e+01
   2.5300000e+01   8.9655135e+01   1.8993271e+02
   2.5400000e+01   1.6565514e+02   1.0889271e+02
   2.5500000e+01   1.8965514e+02   2.2893271e+02
   2.5600000e+01   1.7265514e+02   1.9161271e+02
   2.5700000e+01   1.6465514e+02   9.7932714e+01
   2.5800000e+01   2.1565514e+02   2.1789271e+02
   2.5900000e+01   1.4565514e+02   2.2269271e+02
   2.6000000e+01   1.3655135e+01   1.2997271e+02
   2.6100000e+01   1.6465514e+02   7.3932714e+01
   2.6200000e+01   2.3665514e+02   2.3605271e+02
   2.6300000e+01   2.6465514e+02   2.0893271e+02
   2.6400000e+01   8.8655135e+01   2.3297271e+02
   2.6500000e+01   2.1565514e+02   2.2989271e+02
   2.6600000e+01   2.9765514e+02   8.6612714e+01
   2.6700000e+01   2.6465514e+02   1.5493271e+02
   2.6800000e+01   4.9655135e+01   2.5053271e+02
   2.6900000e+01   3.5465514e+02   2.3833271e+02
   2.7000000e+01   1.6565514e+02   1.8289271e+02
   2.7100000e+01   4.6655135e+01   2.1365271e+02
   2.7200000e+01   2.5565514e+02   1.7229271e+02
   2.7300000e+01   1.8865514e+02   1.5297271e+02
   2.7400000e+01   1.5765514e+02   1.0121271e+02
   2.7500000e+01   1.9765514e+02   1.8861271e+02
   2.7600000e+01   6.4655135e+01   1.5193271e+02
   2.7700000e+01   2.1465514e+02   7.9932714e+01
   2.7800000e+01   2.7365514e+02   8.9572714e+01
   2.7900000e+01   2.1265514e+02   1.6001271e+02
   2.8000000e+01   2.1265514e+02   7.7012714e+01
   2.8100000e+01   1.2665514e+02   1.4945271e+02
   2.8200000e+01   1.9865514e+02   1.2257271e+02
   2.8300000e+01   5.8655135e+01   2.1217271e+02
   2.8400000e+01   1.9865514e+02   1.7757271e+02
   2.8500000e+01   1.7565514e+02   1.8349271e+02
   2.8600000e+01   1.8865514e+02   1.4797271e+02
   2.8700000e+01   2.5565514e+02   1.8129271e+02
   2.8800000e+01   2.0965514e+02   1.5913271e+02
   2.8900000e+01   6.2655135e+01   1.3401271e+02
   2.9000000e+01   1.5165514e+02   1.4945271e+02
   2.9100000e+01   4.8655135e+01   1.4257271e+02
   2.9200000e+01   1.9465514e+02   1.2273271e+02
   2.9300000e+01   2.4365514e+02   1.1977271e+02
   2.9400000e+01   1.3965514e+02   2.3893271e+02
   2.9500000e+01   2.1865514e+02   1.4177271e+02
   2.9600000e+01   3.4165514e+02   1.5285271e+02
   2.9700000e+01   2.5665514e+02   1.1625271e+02
   2.9800000e+01   1.0365514e+02   1.7037271e+02
   2.9900000e+01   2.4165514e+02   1.7985271e+02
   3.0000000e+01   1.2665514e+02   1.5145271e+02
   3.0100000e+01   3.5565514e+02   1.7729271e+02
   3.0200000e+01   2.3465514e+02   1.8713271e+02
   3.0300000e+01   1.3165514e+02   1.4425271e+02
   3.0400000e+01   2.4965514e+02   1.4553271e+02
   3.0500000e+01   3.4865514e+02   1.9457271e+02
   3.0600000e+01   2.2965514e+02   1.9133271e+02
   3.0700000e+01   2.2265514e+02   1.3361271e+02
   3.0800000e+01   1.7065514e+02   8.5692714e+01
   3.0900000e+01   1.7965514e+02   2.0033271e+02
   3.1000000e+01   1.7965514e+02   1.5133271e+02
   3.1100000e+01   2.2865514e+02   1.5937271e+02
   3.1200000e+01   1.5965514e+02   1.5013271e+02
   3.1300000e+01   2.7565514e+02   1.8449271e+02
   3.1400000e+01   2.6465514e+02   1.1193271e+02
   3.1500000e+01   2.7265514e+02   1.2961271e+02
   3.1600000e+01   1.1865514e+02   6.7772714e+01
   3.1700000e+01   2.7965514e+02   1.4333271e+02
   3.1800000e+01   2.4265514e+02   2.1181271e+02
   3.1900000e+01   3.6465514e+02   2.7093271e+02
   3.2000000e+01   1.8365514e+02   1.3317271e+02
   3.2100000e+01   7.7655135e+01   1.3441271e+02
   3.2200000e+01   6.9655135e+01   9.9732714e+01
   3.2300000e+01   2.1665514e+02   1.0285271e+02
   3.2400000e+01   2.1265514e+02   1.3001271e+02
   3.2500000e+01   1.0565514e+02   1.2229271e+02
   3.2600000e+01   2.7165514e+02   1.2165271e+02
   3.2700000e+01   2.4765514e+02   9.4612714e+01
   3.2800000e+01   2.3265514e+02   1.2621271e+02
   3.2900000e+01   2.4965514e+02   1.0553271e+02
   3.3000000e+01   1.7265514e+02   1.5261271e+02
   3.3100000e+01   2.1565514e+02   1.5489271e+02
   3.3200000e+01   2.4465514e+02   1.1173271e+02
   3.3300000e+01   2.3765514e+02   1.7901271e+02
   3.3400000e+01   1.2765514e+02   2.6641271e+02
   3.3500000e+01   1.1865514e+02   1.5277271e+02
   3.3600000e+01   2.1365514e+02   1.7297271e+02
   3.3700000e+01   2.5765514e+02   1.3921271e+02
   3.3800000e+01   1.5165514e+02   2.0345271e+02
   3.3900000e+01   2.4265514e+02   1.6681271e+02
   3.4000000e+01   1.7765514e+02   1.7141271e+02
   3.4100000e+01   2.4165514e+02   1.8285271e+02
   3.4200000e+01   1.5765514e+02   1.7121271e+02
   3.4300000e+01   3.5865514e+02   8.5172714e+01
   3.4400000e+01   9.1655135e+01   1.3885271e+02
   3.4500000e+01   2.9265514e+02   1.4081271e+02
   3.4600000e+01   2.7365514e+02   1.7957271e+02
   3.4700000e+01   2.3565514e+02   1.5209271e+02
   3.4800000e+01   2.2465514e+02   2.4553271e+02
   3.4900000e+01   1.7665514e+02   1.2445271e+02
   3.5000000e+01   2.1665514e+02   1.7985271e+02
   3.5100000e+01   2.7465514e+02   2.0353271e+02
   3.5200000e+01   2.6565514e+02   2.3089271e+02
   3.5300000e+01   3.2765514e+02   1.5641271e+02
   3.5400000e+01   3.1565514e+02   5.9892714e+01
   3.5500000e+01   2.5465514e+02   5.9332714e+01
   3.5600000e+01   1.1565514e+02   1.8489271e+02
   3.5700000e+01   2.8065514e+02   2.2029271e+02
   3.5800000e+01   1.5465514e+02   2.3233271e+02
   3.5900000e+01   3.5665514e+02   1.4225271e+02
   3.6000000e+01   1.1965514e+02   1.8273271e+02
   3.6100000e+01   2.2865514e+02   1.4937271e+02
   3.6200000e+01   1.1965514e+02   2.0573271e+02
   3.6300000e+01   2.2465514e+02   2.4753271e+02
   3.6400000e+01   1.4665514e+02   1.7865271e+02
   3.6500000e+01   2.3665514e+02   2.7305271e+02
   3.6600000e+01   1.2965514e+02   2.1133271e+02
   3.6700000e+01   1.3665514e+02   1.5405271e+02
   3.6800000e+01   1.6765514e+02   1.3981271e+02
   3.6900000e+01   1.3065514e+02   2.1929271e+02
   3.7000000e+01   1.9565514e+02   1.3369271e+02
   3.7100000e+01   1.4765514e+02   1.2961271e+02
   3.7200000e+01   1.8565514e+02   1.6309271e+02
   3.7300000e+01   1.7965514e+02   2.7433271e+02
   3.7400000e+01   2.8465514e+02   1.5313271e+02
   3.7500000e+01   2.0765514e+02   1.8421271e+02
   3.7600000e+01   8.8655135e+01   1.8097271e+02
   3.7700000e+01   2.4665514e+02   1.1865271e+02
   3.7800000e+01   3.2465514e+02   1.7053271e+02
   3.7900000e+01   1.7265514e+02   1.0661271e+02
   3.8000000e+01   6.2655135e+01   1.4701271e+02
   3.8100000e+01   3.0465514e+02   1.2933271e+02
   3.8200000e+01   2.4165514e+02   1.9285271e+02
   3.8300000e+01   2.4165514e+02   1.6685271e+02
   3.8400000e+01   2.0265514e+02   1.2141271e+02
   3.8500000e+01   1.7065514e+02   4.7692714e+01
   3.8600000e+01   9.9655135e+01   1.4053271e+02
   3.8700000e+01   1.2165514e+02   1.2165271e+02
   3.8800000e+01   5.0655135e+01   1.8449271e+02
   3.8900000e+01   1.3065514e+02   2.5029271e+02
   3.9000000e+01   1.4665514e+02   2.0765271e+02
   3.9100000e+01   1.9765514e+02   1.0861271e+02
   3.9200000e+01   2.9765514e+02   1.2261271e+02
   3.9300000e+01   1.8865514e+02   1.3597271e+02
   3.9400000e+01   1.6765514e+02   1.8381271e+02
   3.9500000e+01   2.3265514e+02   1.2421271e+02
   3.9600000e+01   1.9365514e+02   2.5277271e+02
   3.9700000e+01   3.1265514e+02   9.4012714e+01
   3.9800000e+01   9.2655135e+01   1.5681271e+02
   3.9900000e+01   1.5765514e+02   4.5212714e+01
   4.0000000e+01   2.0765514e+02   1.7321271e+02
   4.0100000e+01   1.9265514e+02   4.0812714e+01
   4.0200000e+01   1.7365514e+02   2.0457271e+02
   4.0300000e+01   2.3765514e+02   8.2012714e+01
   4.0400000e+01   1.2265514e+02   3.1061271e+02
   4.0500000e+01   2.2765514e+02   1.5041271e+02
   4.0600000e+01   1.5065514e+02   1.3749271e+02
   4.0700000e+01   1.9965514e+02   2.8153271e+02
   4.0800000e+01   3.0165514e+02   8.4452714e+01
   4.0900000e+01   1.3065514e+02   1.5429271e+02
   4.1000000e+01   2.2165514e+02   2.5665271e+02
   4.1100000e+01   3.1265514e+02   1.3301271e+02
   4.1200000e+01   8.2655135e+01   8.8212714e+01
   4.1300000e+01   8.7655135e+01   1.0401271e+02
   4.1400000e+01   1.7065514e+02   6.9692714e+01
   4.1500000e+01   1.9565514e+02   1.2469271e+02
   4.1600000e+01   1.5965514e+02   2.2413271e+02
   4.1700000e+01   1.3065514e+02   1.6029271e+02
   4.1800000e+01   2.3565514e+02   1.2909271e+02
   4.1900000e+01   1.5665514e+02   3.0925271e+02
   4.2000000e+01   1.4265514e+02   2.8281271e+02
   4.2100000e+01   1.8365514e+02   1.7217271e+02
   4.2200000e+01   2.0565514e+02   2.3029271e+02
   4.2300000e+01   2.0265514e+02   2.6841271e+02
   4.2400000e+01   2.3565514e+02   8.9092714e+01
   4.2500000e+01   2.7165514e+02   1.4765271e+02
   4.2600000e+01   8.2655135e+01   1.0821271e+02
   4.2700000e+01   2.2765514e+02   1.1141271e+02
   4.2800000e+01   1.8965514e+02   7.3932714e+01
   4.2900000e+01   2.6165514e+02   4.4052714e+01
   4.3000000e+01   2.5465514e+02   1.5633271e+02
   4.3100000e+01   1.4865514e+02   1.5457271e+02
   4.3200000e+01   1.5665514e+02   2.0425271e+02
   4.3300000e+01   2.2165514e+02   1.0065271e+02
   4.3400000e+01   1.9265514e+02   1.2481271e+02
   4.3500000e+01   2.4165514e+02   1.5585271e+02
   4.3600000e+01   2.8065514e+02   7.8292714e+01
   4.3700000e+01   2.4165514e+02   1.0085271e+02
   4.3800000e+01   1.1465514e+02   1.2293271e+02
   4.3900000e+01   1.7565514e+02   5.6492714e+01
   4.4000000e+01   2.4865514e+02   1.4957271e+02
   4.4100000e+01   9.2655135e+01   1.5981271e+02
   4.4200000e+01   5.3655135e+01   1.2737271e+02
   4.4300000e+01   3.3665514e+02   6.4052714e+01
   4.4400000e+01   1.8065514e+02   9.9292714e+01
   4.4500000e+01   2.1765514e+02   1.1081271e+02
   4.4600000e+01   3.1765514e+02   2.0281271e+02
   4.4700000e+01   1.6065514e+02   7.5092714e+01
   4.4800000e+01   2.2655135e+01   1.7161271e+02
   4.4900000e+01   1.6265514e+02   1.4801271e+02
   4.5000000e+01   1.5865514e+02   2.2217271e+02
   4.5100000e+01   1.1465514e+02   2.1993271e+02
   4.5200000e+01   2.0265514e+02   1.9941271e+02
   4.5300000e+01   2.7365514e+02   8.7572714e+01
   4.5400000e+01   1.9165514e+02   2.1185271e+02
   4.5500000e+01   2.0165514e+02   7.7452714e+01
   4.5600000e+01   4.3165514e+02   6.3252714e+01
   4.5700000e+01   1.5965514e+02   1.9713271e+02
   4.5800000e+01   1.3465514e+02   2.0013271e+02
   4.5900000e+01   1.4265514e+02   1.3481271e+02
   4.6000000e+01   2.7365514e+02   1.3157271e+02
   4.6100000e+01   2.0465514e+02   1.4233271e+02
   4.6200000e+01   2.1465514e+02   1.2493271e+02
   4.6300000e+01   1.6565514e+02   8.6892714e+01
   4.6400000e+01   1.9665514e+02   1.2165271e+02
   4.6500000e+01   2.7065514e+02   1.4669271e+02
   4.6600000e+01   2.3265514e+02   1.6621271e+02
   4.6700000e+01   2.3065514e+02   1.6729271e+02
   4.6800000e+01   1.8765514e+02   1.5901271e+02
   4.6900000e+01   1.6465514e+02   1.6093271e+02
   4.7000000e+01   1.6265514e+02   1.9801271e+02
   4.7100000e+01   1.9165514e+02   2.0785271e+02
   4.7200000e+01   1.4665514e+02   2.1465271e+02
   4.7300000e+01   1.6265514e+02   1.7801271e+02
   4.7400000e+01   1.8365514e+02   8.2172714e+01
   4.7500000e+01   2.7665514e+02   9.9452714e+01
   4.7600000e+01   1.7765514e+02   1.2641271e+02
   4.7700000e+01   1.8865514e+02   2.2597271e+02
   4.7800000e+01   1.3265514e+02   2.0021271e+02
   4.7900000e+01   8.4655135e+01   2.1513271e+02
   4.8000000e+01   1.5065514e+02   1.6449271e+02
   4.8100000e+01   2.1265514e+02   1.2401271e+02
   4.8200000e+01   2.5065514e+02   1.3349271e+02
   4.8300000e+01   1.2065514e+02   2.0169271e+02
   4.8400000e+01   1.1165514e+02   3.4505271e+02
   4.8500000e+01   2.7465514e+02   3.4532714e+01
   4.8600000e+01   1.5065514e+02   1.4549271e+02
   4.8700000e+01   8.8655135e+01   9.9972714e+01
   4.8800000e+01   1.9965514e+02   1.1153271e+02
   4.8900000e+01   1.5865514e+02   1.5017271e+02
   4.9000000e+01   2.1465514e+02   1.4093271e+02
   4.9100000e+01   6.7655135e+01   7.5812714e+01
   4.9200000e+01   3.0665514e+02   2.0525271e+02
   4.9300000e+01   1.0865514e+02   9.4172714e+01
   4.9400000e+01   1.1365514e+02   1.8497271e+02
   4.9500000e+01   1.8465514e+02   1.1513271e+02
   4.9600000e+01   3.7765514e+02   6.4127135e+00
   4.9700000e+01   2.6965514e+02   7.1732714e+01
   4.9800000e+01   2.9065514e+02  -2.1107286e+01
   4.9900000e+01   1.6265514e+02   4.7012714e+01
   5.0000000e+01   3.1665514e+02   3.6852714e+01
   5.0100000e+01   3.3665514e+02  -3.8947286e+01
   5.0200000e+01   1.9565514e+02   4.3692714e+01
   5.0300000e+01   3.7765514e+02   8.2412714e+01
   5.0400000e+01   2.0465514e+02   6.4332714e+01
   5.0500000e+01   2.7965514e+02  -1.8667286e+01
   5.0600000e+01   2.3865514e+02   1.6597271e+02
   5.0700000e+01   2.4065514e+02   8.9271351e-01
   5.0800000e+01   3.4165514e+02   8.8527135e+00
   5.0900000e+01   1.9965514e+02  -1.3467286e+01
   5.1000000e+01   3.5365514e+02   3.9372714e+01
   5.1100000e+01   4.6265514e+02   1.4012714e+01
   5.1200000e+01   4.1565514e+02   1.1589271e+02
   5.1300000e+01   2.5065514e+02   9.2492714e+01
   5.1400000e+01   2.5865514e+02   1.0717271e+02
   5.1500000e+01   3.1265514e+02   2.0127135e+00
   5.1600000e+01   4.4665514e+02   7.6652714e+01
   5.1700000e+01   3.8765514e+02   2.4012714e+01
   5.1800000e+01   3.1465514e+02   5.4932714e+01
   5.1900000e+01   2.7165514e+02   6.9652714e+01
   5.2000000e+01   5.2165514e+02   3.6652714e+01
   5.2100000e+01   2.1765514e+02   6.6812714e+01
   5.2200000e+01   2.8065514e+02  -2.8707286e+01
   5.2300000e+01   3.1065514e+02   4.6092714e+01
   5.2400000e+01   3.6265514e+02   6.2012714e+01
   5.2500000e+01   4.4465514e+02   3.4732714e+01
   5.2600000e+01   2.5765514e+02   5.5212714e+01
   5.2700000e+01   2.3465514e+02   1.3271351e-01
   5.2800000e+01   2.6565514e+02   1.5892714e+01
   5.2900000e+01   3.7265514e+02  -6.3872865e+00
   5.3000000e+01   3.4365514e+02   3.9772714e+01
   5.3100000e+01   2.2565514e+02   4.8492714e+01
   5.3200000e+01   3.4665514e+02   4.5652714e+01
   5.3300000e+01   2.9965514e+02   5.0532714e+01
   5.3400000e+01   4.2765514e+02   8.4127135e+00
   5.3500000e+01   2.8065514e+02   5.3292714e+01
   5.3600000e+01   2.5765514e+02   2.1212714e+01
   5.3700000e+01   3.3165514e+02   3.0252714e+01
   5.3800000e+01   2.0565514e+02   3.5292714e+01
   5.3900000e+01   2.6465514e+02   3.5932714e+01
   5.4000000e+01   2.9065514e+02   2.7892714e+01
   5.4100000e+01   3.2265514e+02   1.4061271e+02
   5.4200000e+01   4.0265514e+02   3.2412714e+01
   5.4300000e+01   3.0165514e+02   1.0452714e+01
   5.4400000e+01   3.1065514e+02   1.8092714e+01
   5.4500000e+01   4.7665514e+02   4.5271351e-01
   5.4600000e+01   4.6465514e+02   4.2932714e+01
   5.4700000e+01   3.4165514e+02   2.0852714e+01
   5.4800000e+01   3.7865514e+02   2.4372714e+01
   5.4900000e+01   4.6265514e+02   2.1012714e+01
   5.5000000e+01   2.9365514e+02  -1.3227286e+01
   5.5100000e+01   2.6165514e+02   4.2052714e+01
   5.5200000e+01   3.4965514e+02   9.3532714e+01
   5.5300000e+01   1.6665514e+02  -5.1472865e+00
   5.5400000e+01   2.6565514e+02  -2.4107286e+01
   5.5500000e+01   1.8465514e+02   1.1013271e+02
   5.5600000e+01   1.8465514e+02   1.8132714e+01
   5.5700000e+01   2.5865514e+02  -6.8272865e+00
   5.5800000e+01   2.9865514e+02  -2.4427286e+01
   5.5900000e+01   2.0965514e+02  -1.1867286e+01
   5.6000000e+01   2.8365514e+02  -4.2827286e+01
   5.6100000e+01   2.0165514e+02  -9.5472865e+00
   5.6200000e+01   2.0965514e+02  -3.5867286e+01
   5.6300000e+01   2.3965514e+02   3.9327135e+00
   5.6400000e+01   3.7265514e+02  -3.8728649e-01
   5.6500000e+01   1.6165514e+02   1.5052714e+01
   5.6600000e+01   3.5665514e+02  -1.7747286e+01
   5.6700000e+01   2.5965514e+02   2.1327135e+00
   5.6800000e+01   2.8765514e+02   3.2012714e+01
   5.6900000e+01   4.7165514e+02  -6.4347286e+01
   5.7000000e+01   4.5365514e+02   4.3727135e+00
   5.7100000e+01   1.8965514e+02  -9.0672865e+00
   5.7200000e+01   2.7965514e+02   8.3327135e+00
   5.7300000e+01   2.0465514e+02  -1.6667286e+01
   5.7400000e+01   4.0565514e+02  -7.7072865e+00
   5.7500000e+01   4.3865514e+02   5.9727135e+00
   5.7600000e+01   4.1765514e+02  -3.8187286e+01
   5.7700000e+01   3.3565514e+02  -3.0907286e+01
   5.7800000e+01   1.9765514e+02   8.6127135e+00
   5.7900000e+01   3.1865514e+02   5.7727135e+00
   5.8000000e+01   3.1965514e+02  -1.2267286e+01
   5.8100000e+01   2.6665514e+02   1.2852714e+01
   5.8200000e+01   2.1165514e+02   3.1052714e+01
   5.8300000e+01   3.5265514e+02  -5.5872865e+00
   5.8400000e+01   9.9655135e+01   4.5532714e+01
   5.8500000e+01   2.7965514e+02   8.3327135e+00
   5.8600000e+01   1.9865514e+02   1.2957271e+02
   5.8700000e+01   1.0065514e+02   2.6492714e+01
   5.8800000e+01   2.4165514e+02  -1.1147286e+01
   5.8900000e+01   1.8565514e+02   6.7092714e+01
   5.9000000e+01   3.1565514e+02   1.3892714e+01
   5.9100000e+01   3.8565514e+02  -1.6907286e+01
   5.9200000e+01   6.5655135e+01   5.8927135e+00
   5.9300000e+01   1.2065514e+02   2.7692714e+01
   5.9400000e+01   1.3265514e+02  -4.3787286e+01
   5.9500000e+01   2.2265514e+02   4.0612714e+01
   5.9600000e+01   2.1965514e+02   5.7732714e+01
   5.9700000e+01   2.2465514e+02   3.0532714e+01
   5.9800000e+01   2.6965514e+02   4.2732714e+01
   5.9900000e+01   3.8465514e+02   3.8132714e+01
   6.0000000e+01   2.0865514e+02  -5.8272865e+00
   6.0100000e+01   3.5165514e+02   2.4452714e+01
   6.0200000e+01   2.1265514e+02   7.3012714e+01
   6.0300000e+01   2.3465514e+02   7.1132714e+01
   6.0400000e+01   1.1265514e+02   7.0127135e+00
   6.0500000e+01   2.2365514e+02   5.5572714e+01
   6.0600000e+01   2.7865514e+02  -3.9627286e+01
   6.0700000e+01   2.5065514e+02   8.4927135e+00
   6.0800000e+01   1.5465514e+02   3.1332714e+01
   6.0900000e+01   2.8365514e+02   5.7172714e+01
   6.1000000e+01   1.0465514e+02   1.8332714e+01
   6.1100000e+01   2.4665514e+02  -5.2347286e+01
   6.1200000e+01   2.3365514e+02  -2.3827286e+01
   6.1300000e+01   1.8865514e+02   4.4972714e+01
   6.1400000e+01   3.1165514e+02   7.1052714e+01
   6.1500000e+01   3.2365514e+02  -2.7427286e+01
   6.1600000e+01   1.8965514e+02   1.8932714e+01
   6.1700000e+01   2.3265514e+02  -1.8787286e+01
   6.1800000e+01   2.7565514e+02   9.0492714e+01
   6.1900000e+01   2.1765514e+02   1.3812714e+01
   6.2000000e+01   1.5765514e+02   2.2127135e+00
   6.2100000e+01   3.9365514e+02   3.3772714e+01
   6.2200000e+01   2.8765514e+02  -4.2987286e+01
   6.2300000e+01   3.5865514e+02  -2.1827286e+01
   6.2400000e+01   3.1765514e+02   1.0812714e+01
   6.2500000e+01   1.6065514e+02   1.0092714e+01
   6.2600000e+01   1.9965514e+02   4.9532714e+01
   6.2700000e+01   2.1965514e+02   3.7732714e+01
   6.2800000e+01   1.6365514e+02  -7.0272865e+00
   6.2900000e+01   3.1665514e+02  -2.5147286e+01
   6.3000000e+01   3.6165514e+02   3.7052714e+01
   6.3100000e+01   3.3665514e+02  -2.2947286e+01
   6.3200000e+01   3.9765514e+02   2.5612714e+01
   6.3300000e+01   3.2865514e+02   3.4372714e+01
   6.3400000e+01   2.0865514e+02   8.3172714e+01
   6.3500000e+01   2.3465514e+02   3.0132714e+01
   6.3600000e+01   2.4465514e+02  -1.7267286e+01
   6.3700000e+01   2.9765514e+02  -8.0387286e+01
   6.3800000e+01   2.5365514e+02   1.1372714e+01
   6.3900000e+01   5.2165514e+02  -5.3347286e+01
   6.4000000e+01   3.1065514e+02   5.0927135e+00
   6.4100000e+01   3.2865514e+02   6.0372714e+01
   6.4200000e+01   2.3265514e+02   2.5212714e+01
   6.4300000e+01   2.9265514e+02   3.4812714e+01
   6.4400000e+01   2.1165514e+02   6.9052714e+01
   6.4500000e+01   2.0265514e+02   2.1412714e+01
   6.4600000e+01   1.3465514e+02   5.6132714e+01
   6.4700000e+01   2.7165514e+02  -4.9347286e+01
   6.4800000e+01   2.3665514e+02   1.0052714e+01
   6.4900000e+01   4.0065514e+02   2.3492714e+01
   6.5000000e+01   1.8165514e+02   5.1252714e+01
   6.5100000e+01   3.2965514e+02  -4.6667286e+01
   6.5200000e+01   3.8365514e+02   1.5172714e+01
   6.5300000e+01   2.3765514e+02  -5.5987286e+01
   6.5400000e+01   4.2665514e+02   1.8452714e+01
   6.5500000e+01   6.5655135e+01  -5.1072865e+00
   6.5600000e+01   1.6465514e+02  -2.9067286e+01
   6.5700000e+01   3.1465514e+02   5.1932714e+01
   6.5800000e+01   2.8265514e+02   2.9212714e+01
   6.5900000e+01   2.1165514e+02  -1.8947286e+01
   6.6000000e+01   3.1665514e+02   4.2852714e+01
   6.6100000e+01   2.0865514e+02   4.2172714e+01
   6.6200000e+01   2.0265514e+02  -3.9587286e+01
   6.6300000e+01   3.6465514e+02  -3.1067286e+01
   6.6400000e+01   2.1165514e+02   6.4052714e+01
   6.6500000e+01   2.4065514e+02  -7.2107286e+01
   6.6600000e+01   3.6765514e+02   8.8127135e+00
   6.6700000e+01   3.9365514e+02   4.1772714e+01
   6.6800000e+01   2.7865514e+02   1.6372714e+01
   6.6900000e+01   1.7865514e+02  -2.8627286e+01
   6.7000000e+01   2.7865514e+02  -6.3627286e+01
   6.7100000e+01   2.4665514e+02  -3.0347286e+01
   6.7200000e+01   2.5865514e+02  -1.8827286e+01
   6.7300000e+01   1.8065514e+02  -2.9707286e+01
   6.7400000e+01   2.7465514e+02   4.7532714e+01
   6.7500000e+01   2.7865514e+02   2.5372714e+01
   6.7600000e+01   1.9465514e+02   2.7327135e+00
   6.7700000e+01   2.5565514e+02   2.5292714e+01
   6.7800000e+01   1.8365514e+02   1.6172714e+01
   6.7900000e+01   2.8865514e+02   3.5972714e+01
   6.8000000e+01   2.7065514e+02   3.3692714e+01
   6.8100000e+01   2.5565514e+02  -2.9707286e+01
   6.8200000e+01   2.1065514e+02   2.9092714e+01
   6.8300000e+01   4.6065514e+02   6.0927135e+00
   6.8400000e+01   2.8165514e+02  -8.7472865e+00
   6.8500000e+01   4.1065514e+02  -1.8907286e+01
   6.8600000e+01   3.1565514e+02   9.7892714e+01
   6.8700000e+01   2.9465514e+02   1.7732714e+01
   6.8800000e+01   2.5265514e+02   5.0412714e+01
   6.8900000e+01   2.3165514e+02   7.1252714e+01
   6.9000000e+01   2.3565514e+02  -3.2907286e+01
   6.9100000e+01   1.9765514e+02   5.9612714e+01
   6.9200000e+01   2.2965514e+02   7.3327135e+00
   6.9300000e+01   2.3565514e+02   7.3092714e+01
   6.9400000e+01   2.3865514e+02   5.1972714e+01
   6.9500000e+01   4.0165514e+02   7.0452714e+01
   6.9600000e+01   2.7965514e+02   2.5332714e+01
   6.9700000e+01   1.3665514e+02   6.2052714e+01
   6.9800000e+01   1.6565514e+02   1.7892714e+01
   6.9900000e+01   1.9665514e+02   1.0265271e+02
   7.0000000e+01   5.0965514e+02   1.0613271e+02
   7.0100000e+01   2.3465514e+02   3.0132714e+01
   7.0200000e+01   3.1765514e+02   1.4081271e+02
   7.0300000e+01   2.6065514e+02  -1.8907286e+01
   7.0400000e+01   2.7665514e+02   4.0452714e+01
   7.0500000e+01   3.4865514e+02   2.3572714e+01
   7.0600000e+01   2.3265514e+02   4.1212714e+01
   7.0700000e+01   3.0465514e+02   3.3332714e+01
   7.0800000e+01   3.5365514e+02   7.0372714e+01
   7.0900000e+01   4.0465514e+02  -4.6667286e+01
   7.1000000e+01   4.3465514e+02   5.0132714e+01
   7.1100000e+01   2.6365514e+02   4.0972714e+01
   7.1200000e+01   2.5065514e+02   3.5492714e+01
   7.1300000e+01   3.0665514e+02   7.3252714e+01
   7.1400000e+01   1.4765514e+02   3.4612714e+01
   7.1500000e+01   1.5665514e+02   8.2252714e+01
   7.1600000e+01   2.2165514e+02   6.4652714e+01
   7.1700000e+01   3.0265514e+02  -2.2587286e+01
   7.1800000e+01   1.7265514e+02   5.8612714e+01
   7.1900000e+01   1.5965514e+02   3.4132714e+01
   7.2000000e+01   3.3865514e+02   3.1972714e+01
   7.2100000e+01   2.7165514e+02   7.6527135e+00
   7.2200000e+01   1.2965514e+02   1.3332714e+01
   7.2300000e+01   2.9565514e+02   7.5692714e+01
   7.2400000e+01   2.8965514e+02   1.3932714e+01
   7.2500000e+01   1.6965514e+02   7.6732714e+01
   7.2600000e+01   2.0265514e+02   3.2412714e+01
   7.2700000e+01   1.6465514e+02   1.2932714e+01
   7.2800000e+01   2.7365514e+02  -1.9427286e+01
   7.2900000e+01   2.2865514e+02   5.0372714e+01
   7.3000000e+01   3.0765514e+02   2.3212714e+01
   7.3100000e+01   2.0565514e+02  -2.9707286e+01
   7.3200000e+01   2.1965514e+02  -1.6267286e+01
   7.3300000e+01   3.4565514e+02  -2.3072865e+00
   7.3400000e+01   2.7765514e+02  -1.2587286e+01
   7.3500000e+01   2.9565514e+02  -1.6307286e+01
   7.3600000e+01   3.3865514e+02  -9.0272865e+00
   7.3700000e+01   3.5965514e+02  -1.4867286e+01
   7.3800000e+01   1.4665514e+02  -5.4347286e+01
   7.3900000e+01   4.5665514e+02  -6.7472865e+00
   7.4000000e+01   3.9165514e+02  -5.1472865e+00
   7.4100000e+01   3.2365514e+02  -6.4272865e+00
   7.4200000e+01   2.5865514e+02   7.1172714e+01
   7.4300000e+01   1.2765514e+02   2.4127135e+00
   7.4400000e+01   8.3655135e+01   2.2172714e+01
   7.4500000e+01   2.7565514e+02  -1.2507286e+01
   7.4600000e+01   1.6265514e+02   4.0127135e+00
   7.4700000e+01   3.8465514e+02   1.5132714e+01
   7.4800000e+01   2.6165514e+02   1.5052714e+01
   7.4900000e+01   2.7165514e+02   1.1652714e+01
   7.5000000e+01   1.7965514e+02   5.7332714e+01
   7.5100000e+01   1.9665514e+02   1.1652714e+01
   7.5200000e+01   1.0865514e+02   1.7172714e+01
   7.5300000e+01   2.1365514e+02   3.2972714e+01
   7.5400000e+01   2.3265514e+02   6.7212714e+01
   7.5500000e+01   2.2365514e+02   8.5572714e+01
   7.5600000e+01   1.6565514e+02   1.0892714e+01
   7.5700000e+01   2.5865514e+02   5.1727135e+00
   7.5800000e+01   4.0865514e+02   1.9172714e+01
   7.5900000e+01   5.0865514e+02   7.7172714e+01
   7.6000000e+01   2.5065514e+02   1.1492714e+01
   7.6100000e+01   2.5165514e+02   5.4527135e+00
   7.6200000e+01   2.2465514e+02   2.7532714e+01
   7.6300000e+01   1.7265514e+02   8.0612714e+01
   7.6400000e+01   4.3865514e+02  -1.8027286e+01
   7.6500000e+01   2.5665514e+02   2.2252714e+01
   7.6600000e+01   2.6365514e+02   1.9727135e+00
   7.6700000e+01   1.6365514e+02  -2.5027286e+01
   7.6800000e+01   3.6365514e+02  -1.2027286e+01
   7.6900000e+01   1.9965514e+02   9.5327135e+00
   7.7000000e+01   1.7665514e+02  -1.1547286e+01
   7.7100000e+01   3.8965514e+02   5.0932714e+01
   7.7200000e+01   3.1265514e+02  -1.1987286e+01
   7.7300000e+01   3.1765514e+02   1.7812714e+01
   7.7400000e+01   2.1065514e+02   6.8092714e+01
   7.7500000e+01   1.5965514e+02   3.0132714e+01
   7.7600000e+01   2.3565514e+02   1.2092714e+01
   7.7700000e+01   6.0655135e+01   1.5092714e+01
   7.7800000e+01   2.7365514e+02   3.9572714e+01
   7.7900000e+01   2.1465514e+02   5.2932714e+01
   7.8000000e+01   2.1165514e+02  -2.1947286e+01
   7.8100000e+01   2.4665514e+02   4.0652714e+01
   7.8200000e+01   3.1365514e+02  -6.0272865e+00
   7.8300000e+01   4.1265514e+02  -5.3987286e+01
   7.8400000e+01   2.5665514e+02   4.2527135e+00
   7.8500000e+01   2.9765514e+02   3.7612714e+01
   7.8600000e+01   3.4965514e+02   3.7532714e+01
   7.8700000e+01   1.8765514e+02   3.1012714e+01
   7.8800000e+01   3.0165514e+02   8.5452714e+01
   7.8900000e+01   3.2665514e+02   3.5452714e+01
   7.9000000e+01   1.9865514e+02   3.8572714e+01
   7.9100000e+01   3.1665514e+02  -1.1472865e+00
   7.9200000e+01   3.5565514e+02   8.3292714e+01
   7.9300000e+01   3.7165514e+02   7.7652714e+01
   7.9400000e+01   2.3565514e+02   4.1092714e+01
   7.9500000e+01   2.1065514e+02   1.4092714e+01
   7.9600000e+01   3.8265514e+02   4.3212714e+01
   7.9700000e+01   2.2165514e+02   4.3652714e+01
   7.9800000e+01   3.5265514e+02   5.3412714e+01
   7.9900000e+01   3.0365514e+02   4.5372714e+01
   8.0000000e+01   2.9465514e+02   9.3732714e+01
   8.0100000e+01   3.6065514e+02  -5.9072865e+00
   8.0200000e+01   3.8865514e+02   8.2972714e+01
   8.0300000e+01   3.2265514e+02   1.3561271e+02
   8.0400000e+01   3.0465514e+02   3.2332714e+01
   8.0500000e+01   2.8465514e+02   8.0132714e+01
   8.0600000e+01   2.9965514e+02   4.2532714e+01
   8.0700000e+01   2.8465514e+02   3.3132714e+01
   8.0800000e+01   2.8865514e+02   1.6972714e+01
   8.0900000e+01   2.0465514e+02   3.2332714e+01
   8.1000000e+01   2.1865514e+02   5.2772714e+01
   8.1100000e+01   2.6765514e+02   1.1181271e+02
   8.1200000e+01   3.2165514e+02   2.6652714e+01
   8.1300000e+01   2.6265514e+02   1.5012714e+01
   8.1400000e+01   1.4265514e+02   4.6812714e+01
   8.1500000e+01   7.0655135e+01   9.1692714e+01
   8.1600000e+01  -3.3344865e+01  -4.1472865e+00
   8.1700000e+01   3.4655135e+01  -1.1867286e+01
   8.1800000e+01   4.7655135e+01   1.5612714e+01
   8.1900000e+01  -5.7344865e+01   6.6812714e+01
   8.2000000e+01  -2.6344865e+01  -6.4272865e+00
   8.2100000e+01   7.7655135e+01   3.1412714e+01
   8.2200000e+01  -8.9344865e+01  -6.9072865e+00
   8.2300000e+01   3.4655135e+01   5.1327135e+00
   8.2400000e+01   5.6551351e+00  -2.4707286e+01
   8.2500000e+01  -4.5344865e+01  -1.2667286e+01
   8.2600000e+01   4.1655135e+01   1.6852714e+01
   8.2700000e+01  -2.6344865e+01   4.4572714e+01
   8.2800000e+01   1.6551351e+00   3.4527135e+00
   8.2900000e+01  -9.5344865e+01  -5.7667286e+01
   8.3000000e+01   7.9655135e+01  -2.8667286e+01
   8.3100000e+01  -3.4486486e-01  -4.4467286e+01
   8.3200000e+01   1.0865514e+02   2.3172714e+01
   8.3300000e+01   2.1655135e+01   1.0652714e+01
   8.3400000e+01   7.6551351e+00  -4.6787286e+01
   8.3500000e+01   2.4655135e+01  -3.0467286e+01
   8.3600000e+01  -3.5344865e+01  -1.9067286e+01
   8.3700000e+01   1.6655135e+01  -5.1472865e+00
   8.3800000e+01   2.0655135e+01  -1.3307286e+01
   8.3900000e+01   1.3665514e+02  -4.7947286e+01
   8.4000000e+01  -8.3448649e+00  -8.1472865e+00
   8.4100000e+01  -2.2344865e+01  -3.2587286e+01
   8.4200000e+01   7.1655135e+01   1.1365271e+02
   8.4300000e+01   2.9655135e+01   4.8332714e+01
   8.4400000e+01   4.7655135e+01   2.7612714e+01
   8.4500000e+01   4.6655135e+01  -3.3472865e+00
   8.4600000e+01   8.6655135e+01  -4.1947286e+01
   8.4700000e+01   4.8655135e+01   4.5727135e+00
   8.4800000e+01  -5.1344865e+01  -5.9427286e+01
   8.4900000e+01   4.4655135e+01   1.3732714e+01
   8.5000000e+01   6.6655135e+01   1.3852714e+01
   8.5100000e+01  -1.2344865e+01  -4.9872865e+00
   8.5200000e+01  -1.2344865e+01  -3.8987286e+01
   8.5300000e+01  -5.7344865e+01  -3.7187286e+01
   8.5400000e+01  -2.3344865e+01  -4.4547286e+01
   8.5500000e+01  -1.0134486e+02  -3.4427286e+01
   8.5600000e+01  -1.3448649e+00  -7.1427286e+01
   8.5700000e+01   7.8655135e+01  -7.6272865e+00
   8.5800000e+01  -3.4344865e+01  -3.3107286e+01
   8.5900000e+01   3.0655135e+01   5.7292714e+01
   8.6000000e+01  -1.4344865e+01  -9.9072865e+00
   8.6100000e+01   3.2655135e+01  -1.0787286e+01
   8.6200000e+01   5.2655135e+01  -2.9587286e+01
   8.6300000e+01   5.7655135e+01   3.3212714e+01
   8.6400000e+01  -1.4344865e+01  -2.5907286e+01
   8.6500000e+01  -4.5344865e+01  -3.4667286e+01
   8.6600000e+01  -1.3344865e+01  -2.0947286e+01
   8.6700000e+01  -5.9344865e+01   3.8892714e+01
   8.6800000e+01  -7.8344865e+01  -9.3472865e+00
   8.6900000e+01   2.2655135e+01  -2.8387286e+01
   8.7000000e+01   5.5655135e+01  -1.8707286e+01
   8.7100000e+01  -1.5344865e+01   7.0132714e+01
   8.7200000e+01  -5.5344865e+01  -1.5267286e+01
   8.7300000e+01   8.6551351e+00  -3.5827286e+01
   8.7400000e+01   2.7655135e+01   1.9412714e+01
   8.7500000e+01  -7.3344865e+01  -3.8547286e+01
   8.7600000e+01   4.8655135e+01  -1.2427286e+01
   8.7700000e+01   6.6655135e+01   3.8527135e+00
   8.7800000e+01  -2.3448649e+00   2.6612714e+01
   8.7900000e+01  -5.9344865e+01  -1.6107286e+01
   8.8000000e+01  -3.5344865e+01   4.3932714e+01
   8.8100000e+01   7.4655135e+01   7.5327135e+00
   8.8200000e+01   7.5655135e+01   1.7492714e+01
   8.8300000e+01  -4.3344865e+01   3.0252714e+01
   8.8400000e+01   4.2655135e+01  -2.9187286e+01
   8.8500000e+01  -2.3448649e+00   1.6127135e+00
   8.8600000e+01  -9.3448649e+00  -3.6107286e+01
   8.8700000e+01  -7.5344865e+01  -9.4672865e+00
   8.8800000e+01  -3.7344865e+01  -1.8987286e+01
   8.8900000e+01  -5.8344865e+01   5.1852714e+01
   8.9000000e+01   8.7655135e+01   2.3012714e+01
   8.9100000e+01   9.6551351e+00  -2.2867286e+01
   8.9200000e+01  -9.3448649e+00   2.4892714e+01
   8.9300000e+01   5.9655135e+01  -1.6867286e+01
   8.9400000e+01   1.5655135e+01   5.8927135e+00
   8.9500000e+01  -7.2344865e+01  -2.1587286e+01
   8.9600000e+01   4.3655135e+01  -3.8227286e+01
   8.9700000e+01   1.0655135e+01  -7.9072865e+00
   8.9800000e+01  -8.3448649e+00   1.8852714e+01
   8.9900000e+01  -7.6344865e+01  -7.4427286e+01
   9.0000000e+01  -5.3344865e+01   1.2652714e+01
   9.0100000e+01   1.3365514e+02  -5.8272865e+00
   9.0200000e+01   5.4655135e+01  -1.2667286e+01
   9.0300000e+01  -9.3448649e+00   4.8927135e+00
   9.0400000e+01   9.6551351e+00  -2.4867286e+01
   9.0500000e+01   3.1655135e+01  -4.1747286e+01
   9.0600000e+01   1.8655135e+01   8.7727135e+00
   9.0700000e+01  -9.8344865e+01  -9.5472865e+00
   9.0800000e+01   1.2655135e+01   4.1012714e+01
   9.0900000e+01  -4.7344865e+01   2.0412714e+01
   9.1000000e+01   2.1655135e+01  -4.3472865e+00
   9.1100000e+01   4.5655135e+01  -1.9307286e+01
   9.1200000e+01   2.0655135e+01  -1.9307286e+01
   9.1300000e+01   1.6551351e+00  -1.8547286e+01
   9.1400000e+01   5.4655135e+01   2.7332714e+01
   9.1500000e+01   5.2655135e+01   2.5412714e+01
   9.1600000e+01  -1.7344865e+01  -3.1787286e+01
   9.1700000e+01   6.5513514e-01   8.4927135e+00
   9.1800000e+01   2.0655135e+01  -9.3072865e+00
   9.1900000e+01   8.3655135e+01  -5.4827286e+01
   9.2000000e+01   4.9655135e+01   3.3532714e+01
   9.2100000e+01  -1.6344865e+01   4.3172714e+01
   9.2200000e+01  -4.6344865e+01  -1.9627286e+01
   9.2300000e+01   4.6551351e+00   1.3327135e+00
   9.2400000e+01   3.6551351e+00   1.8372714e+01
   9.2500000e+01  -5.5344865e+01  -3.6267286e+01
   9.2600000e+01   6.3655135e+01   2.8972714e+01
   9.2700000e+01   8.2655135e+01  -2.1787286e+01
   9.2800000e+01   1.5655135e+01   6.9892714e+01
   9.2900000e+01   1.6551351e+00   4.8452714e+01
   9.3000000e+01   7.6551351e+00   4.0212714e+01
   9.3100000e+01  -3.1344865e+01  -2.2227286e+01
   9.3200000e+01   1.3765514e+02   1.6012714e+01
   9.3300000e+01   8.8655135e+01  -3.4027286e+01
   9.3400000e+01  -3.4486486e-01   4.7532714e+01
   9.3500000e+01   8.7655135e+01  -3.5987286e+01
   9.3600000e+01   4.7655135e+01  -5.7387286e+01
   9.3700000e+01  -3.0344865e+01  -7.2672865e+00
   9.3800000e+01   3.6551351e+00  -1.2627286e+01
   9.3900000e+01  -8.3344865e+01  -2.3147286e+01
   9.4000000e+01   1.9655135e+01  -4.1267286e+01
   9.4100000e+01  -1.8344865e+01   4.2527135e+00
   9.4200000e+01  -3.5344865e+01   1.6932714e+01
   9.4300000e+01  -5.0344865e+01  -3.6467286e+01
   9.4400000e+01  -6.8344865e+01  -2.8747286e+01
   9.4500000e+01   3.6655135e+01  -2.4947286e+01
   9.4600000e+01   2.1655135e+01  -5.0347286e+01
   9.4700000e+01  -1.4344865e+01   1.9092714e+01
   9.4800000e+01  -1.5344865e+01  -5.7867286e+01
   9.4900000e+01   4.5655135e+01  -7.3072865e+00
   9.5000000e+01  -9.5344865e+01  -8.6672865e+00
   9.5100000e+01   7.8655135e+01  -6.9627286e+01
   9.5200000e+01  -1.1634486e+02  -2.4827286e+01
   9.5300000e+01  -7.1344865e+01  -1.7627286e+01
   9.5400000e+01  -6.1344865e+01  -6.0272865e+00
   9.5500000e+01  -6.5344865e+01  -3.1867286e+01
   9.5600000e+01   2.4655135e+01  -4.4672865e+00
   9.5700000e+01  -1.1134486e+02  -5.9027286e+01
   9.5800000e+01  -2.7344865e+01  -8.3872865e+00
   9.5900000e+01   5.4655135e+01  -4.6672865e+00
   9.6000000e+01   2.6655135e+01  -2.3547286e+01
   9.6100000e+01   1.0655135e+01   1.3092714e+01
   9.6200000e+01  -2.1344865e+01   1.7372714e+01
   9.6300000e+01  -3.3448649e+00   6.5652714e+01
   9.6400000e+01  -9.5344865e+01   7.1332714e+01
   9.6500000e+01  -2.2344865e+01   5.2412714e+01
   9.6600000e+01  -2.9344865e+01   1.6692714e+01
   9.6700000e+01   2.6551351e+00   1.3412714e+01
   9.6800000e+01  -3.7344865e+01  -1.2987286e+01
   9.6900000e+01  -3.3448649e+00   2.2652714e+01
   9.7000000e+01   3.6655135e+01   4.5052714e+01
   9.7100000e+01   1.1065514e+02  -1.2907286e+01
   9.7200000e+01  -4.4344865e+01   4.2927135e+00
   9.7300000e+01  -7.8344865e+01  -3.1347286e+01
   9.7400000e+01  -1.2344865e+01  -4.9872865e+00
   9.7500000e+01   2.1655135e+01   3.9652714e+01
   9.7600000e+01  -5.3448649e+00  -8.3267286e+01
   9.7700000e+01  -3.8344865e+01   5.7052714e+01
   9.7800000e+01   1.8655135e+01  -1.2227286e+01
   9.7900000e+01  -9.3344865e+01  -3.6747286e+01
   9.8000000e+01  -1.1734486e+02   6.0212714e+01
   9.8100000e+01  -4.2344865e+01  -2.1787286e+01
   9.8200000e+01   3.4655135e+01   3.1327135e+00
   9.8300000e+01  -3.9344865e+01  -2.8907286e+01
   9.8400000e+01   1.2655135e+01   5.0127135e+00
   9.8500000e+01  -9.3448649e+00   4.9892714e+01
   9.8600000e+01   1.1265514e+02  -3.9872865e+00
   9.8700000e+01  -1.9344865e+01   2.2292714e+01
   9.8800000e+01  -5.7344865e+01  -3.4187286e+01
   9.8900000e+01   9.6551351e+00   1.3132714e+01
   9.9000000e+01  -8.1344865e+01   2.1772714e+01
   9.9100000e+01  -2.8344865e+01  -2.4347286e+01
   9.9200000e+01  -9.0344865e+01   1.0132714e+01
   9.9300000e+01   8.1655135e+01   5.8252714e+01
   9.9400000e+01   5.1655135e+01  -1.0547286e+01
   9.9500000e+01   4.1655135e+01  -2.2147286e+01
   9.9600000e+01  -5.3448649e+00   4.9732714e+01
   9.9700000e+01   3.5655135e+01  -1.1907286e+01
   9.9800000e+01  -2.6344865e+01  -2.5427286e+01
   9.9900000e+01  -2.4344865e+01  -1.1507286e+01
   1.0000000e+02  -3.0344865e+01  -2.4267286e+01
   1.0010000e+02   1.0655135e+01   9.2713514e-02
   1.0020000e+02   3.1655135e+01   4.1252714e+01
   1.0030000e+02   6.6551351e+00  -1.7747286e+01
   1.0040000e+02  -4.2344865e+01   5.6212714e+01
   1.0050000e+02  -3.2344865e+01  -1.3187286e+01
   1.0060000e+02  -2.0344865e+01  -1.8667286e+01
   1.0070000e+02   7.8655135e+01   4.3727135e+00
   1.0080000e+02  -3.5344865e+01  -1.7067286e+01
   1.0090000e+02   1.1065514e+02  -2.7907286e+01
   1.0100000e+02  -1.1344865e+01  -2.1027286e+01
   1.0110000e+02  -1.3448649e+00  -1.7427286e+01
   1.0120000e+02  -3.6344865e+01  -3.6027286e+01
   1.0130000e+02  -9.3344865e+01   1.6252714e+01
   1.0140000e+02  -1.3344865e+01   3.3052714e+01
   1.0150000e+02   1.2165514e+02  -4.2347286e+01
   1.0160000e+02   4.0655135e+01   6.8927135e+00
   1.0170000e+02  -5.3448649e+00   2.2732714e+01
   1.0180000e+02  -1.0234486e+02   2.5612714e+01
   1.0190000e+02   3.2655135e+01  -2.6787286e+01
   1.0200000e+02  -8.3448649e+00  -4.5147286e+01
   1.0210000e+02  -5.0344865e+01  -3.8467286e+01
   1.0220000e+02  -5.9344865e+01  -3.2107286e+01
   1.0230000e+02  -1.3344865e+01  -5.1947286e+01
   1.0240000e+02  -1.1934486e+02  -5.7707286e+01
   1.0250000e+02   2.3655135e+01   8.5727135e+00
   1.0260000e+02  -3.9344865e+01  -5.7907286e+01
   1.0270000e+02  -3.8344865e+01   7.0527135e+00
   1.0280000e+02  -2.3344865e+01   3.0452714e+01
   1.0290000e+02  -6.6344865e+01  -3.1827286e+01
   1.0300000e+02   7.4655135e+01  -3.0467286e+01
   1.0310000e+02   8.6655135e+01  -2.0947286e+01
   1.0320000e+02   1.8965514e+02   4.0932714e+01
   1.0330000e+02   9.8655135e+01   5.3572714e+01
   1.0340000e+02  -7.2344865e+01   9.4127135e+00
   1.0350000e+02  -1.1234486e+02   4.3012714e+01
   1.0360000e+02   5.1655135e+01   3.4452714e+01
   1.0370000e+02  -1.4344865e+01   5.5092714e+01
   1.0380000e+02  -2.4344865e+01   6.1492714e+01
   1.0390000e+02   2.5655135e+01  -3.2507286e+01
   1.0400000e+02   5.1655135e+01   8.2452714e+01
   1.0410000e+02   1.0655135e+01   1.8092714e+01
   1.0420000e+02   6.7655135e+01   1.4812714e+01
   1.0430000e+02   7.1655135e+01  -3.6347286e+01
   1.0440000e+02   6.4655135e+01  -5.0067286e+01
   1.0450000e+02   9.6551351e+00   7.8132714e+01
   1.0460000e+02  -7.8344865e+01  -6.3472865e+00
   1.0470000e+02  -2.8344865e+01   1.0652714e+01
   1.0480000e+02   2.5655135e+01  -3.1507286e+01
   1.0490000e+02   6.6551351e+00   1.1252714e+01
   1.0500000e+02  -1.1334486e+02   6.4052714e+01
   1.0510000e+02   3.7655135e+01  -4.2987286e+01
   1.0520000e+02   3.0655135e+01   7.2927135e+00
   1.0530000e+02   1.4655135e+01  -9.0672865e+00
   1.0540000e+02  -3.9344865e+01  -1.5907286e+01
   1.0550000e+02   5.3655135e+01  -4.6627286e+01
   1.0560000e+02   1.9655135e+01   9.7327135e+00
   1.0570000e+02   8.3655135e+01  -2.0827286e+01
   1.0580000e+02   4.1655135e+01  -2.1147286e+01
   1.0590000e+02   1.5655135e+01  -2.4107286e+01
   1.0600000e+02   5.5655135e+01  -7.7072865e+00
   1.0610000e+02  -3.8344865e+01   8.0527135e+00
   1.0620000e+02  -5.3344865e+01   3.1652714e+01
   1.0630000e+02  -2.0344865e+01   6.6332714e+01
   1.0640000e+02   6.6655135e+01   4.0852714e+01
   1.0650000e+02   6.3655135e+01   3.5972714e+01
   1.0660000e+02   7.1655135e+01   6.5271351e-01
   1.0670000e+02   2.2655135e+01  -1.1387286e+01
   1.0680000e+02  -1.3448649e+00   9.5727135e+00
   1.0690000e+02   4.4655135e+01   3.8732714e+01
   1.0700000e+02  -7.3448649e+00  -5.2187286e+01
   1.0710000e+02  -3.1344865e+01   7.7271351e-01
   1.0720000e+02  -1.8344865e+01  -4.6747286e+01
   1.0730000e+02   7.8655135e+01  -6.0627286e+01
   1.0740000e+02   2.7655135e+01  -1.3587286e+01
   1.0750000e+02  -6.3448649e+00   8.2772714e+01
   1.0760000e+02  -4.0344865e+01   3.8132714e+01
   1.0770000e+02   8.6551351e+00  -4.6827286e+01
   1.0780000e+02  -2.3344865e+01  -4.0547286e+01
   1.0790000e+02   1.0265514e+02  -5.4587286e+01
   1.0800000e+02  -1.1344865e+01  -1.8027286e+01
   1.0810000e+02   5.6551351e+00  -3.7707286e+01
   1.0820000e+02   1.2655135e+01   1.0012714e+01
   1.0830000e+02  -4.9344865e+01  -8.5072865e+00
   1.0840000e+02  -5.4344865e+01   8.6692714e+01
   1.0850000e+02  -2.1344865e+01   5.3372714e+01
   1.0860000e+02   5.8655135e+01  -1.4827286e+01
   1.0870000e+02  -3.0344865e+01   2.5732714e+01
   1.0880000e+02   4.8655135e+01   6.5727135e+00
   1.0890000e+02   5.4655135e+01   2.3332714e+01
   1.0900000e+02  -1.5344865e+01   1.0132714e+01
   1.0910000e+02  -3.1344865e+01   2.9772714e+01
   1.0920000e+02   4.7655135e+01   6.2612714e+01
   1.0930000e+02   1.4655135e+01  -1.1067286e+01
   1.0940000e+02  -5.7344865e+01   6.8812714e+01
   1.0950000e+02   9.6551351e+00   9.4132714e+01
   1.0960000e+02   1.6655135e+01   8.5271351e-01
   1.0970000e+02  -2.2344865e+01  -2.9587286e+01
   1.0980000e+02  -1.3344865e+01  -1.0947286e+01
   1.0990000e+02   3.7655135e+01  -1.7987286e+01
   1.1000000e+02  -5.0344865e+01  -6.4672865e+00
   1.1010000e+02   5.1655135e+01  -2.5547286e+01
   1.1020000e+02   6.7655135e+01   4.3812714e+01
   1.1030000e+02   1.5655135e+01  -2.0107286e+01
   1.1040000e+02   1.7655135e+01  -2.5187286e+01
   1.1050000e+02   7.2655135e+01   7.0612714e+01
   1.1060000e+02  -5.6344865e+01   1.0772714e+01
   1.1070000e+02   2.3655135e+01  -2.4272865e+00
   1.1080000e+02  -2.2344865e+01  -7.5872865e+00
   1.1090000e+02   3.0655135e+01  -4.1707286e+01
   1.1100000e+02  -7.3448649e+00   4.0812714e+01
   1.1110000e+02  -3.1344865e+01  -1.1227286e+01
   1.1120000e+02   1.1965514e+02  -6.2672865e+00
   1.1130000e+02   7.6551351e+00  -1.2787286e+01
   1.1140000e+02  -2.8344865e+01  -3.3472865e+00
   1.1150000e+02  -2.5344865e+01  -3.4467286e+01
   1.1160000e+02  -5.3344865e+01   8.6527135e+00
   1.1170000e+02   8.6551351e+00  -3.6827286e+01
   1.1180000e+02  -4.3344865e+01   1.2527135e+00
   1.1190000e+02   3.3655135e+01   2.7172714e+01
   1.1200000e+02  -7.4344865e+01  -2.1507286e+01
   1.1210000e+02   3.0655135e+01  -5.5707286e+01
   1.1220000e+02  -3.2344865e+01  -2.1872865e+00
   1.1230000e+02  -1.1344865e+01   3.5972714e+01
   1.1240000e+02  -1.8344865e+01   1.9252714e+01
   1.1250000e+02   6.3655135e+01   5.3972714e+01
   1.1260000e+02  -1.9344865e+01   4.2927135e+00
   1.1270000e+02   2.5655135e+01   4.6492714e+01
   1.1280000e+02  -2.1344865e+01   4.3727135e+00
   1.1290000e+02   6.2655135e+01  -1.9987286e+01
   1.1300000e+02  -1.5344865e+01   2.5132714e+01
   1.1310000e+02  -2.2344865e+01   1.5412714e+01
   1.1320000e+02  -1.0344865e+01   6.3932714e+01
   1.1330000e+02  -7.0344865e+01  -2.5667286e+01
   1.1340000e+02  -6.7344865e+01   8.2127135e+00
   1.1350000e+02  -6.3448649e+00  -4.1227286e+01
   1.1360000e+02  -4.3344865e+01   1.5252714e+01
   1.1370000e+02  -4.6344865e+01   3.9372714e+01
   1.1380000e+02  -1.5344865e+01  -3.3867286e+01
   1.1390000e+02   9.6551351e+00   2.2132714e+01
   1.1400000e+02  -3.1344865e+01   5.3772714e+01
   1.1410000e+02  -9.2344865e+01   1.5212714e+01
   1.1420000e+02   1.3655135e+01   2.7972714e+01
   1.1430000e+02  -4.0344865e+01  -2.1867286e+01
   1.1440000e+02  -3.7344865e+01  -3.4987286e+01
   1.1450000e+02  -6.9344865e+01   2.7292714e+01
   1.1460000e+02   7.6551351e+00   2.2212714e+01
   1.1470000e+02  -4.9344865e+01   2.1492714e+01
   1.1480000e+02   4.5655135e+01   4.6927135e+00
   1.1490000e+02   8.6551351e+00  -5.0827286e+01
   1.1500000e+02   7.4655135e+01  -5.4672865e+00
   1.1510000e+02  -1.3448649e+00   4.4572714e+01
   1.1520000e+02   2.0655135e+01   2.7692714e+01
   1.1530000e+02   3.3655135e+01  -1.3827286e+01
   1.1540000e+02  -4.2344865e+01   1.7212714e+01
   1.1550000e+02  -2.3344865e+01  -9.5472865e+00
   1.1560000e+02  -2.5344865e+01  -1.0467286e+01
   1.1570000e+02   1.6551351e+00  -3.3547286e+01
   1.1580000e+02  -3.3344865e+01  -7.1147286e+01
   1.1590000e+02  -5.2344865e+01   3.0612714e+01
   1.1600000e+02  -6.8344865e+01  -2.1747286e+01
   1.1610000e+02  -5.6344865e+01  -6.0227286e+01
   1.1620000e+02  -2.3448649e+00  -1.2387286e+01
   1.1630000e+02  -7.4344865e+01   5.3492714e+01
   1.1640000e+02   2.7655135e+01  -3.5872865e+00
   1.1650000e+02  -1.3448649e+00  -3.1427286e+01
   1.1660000e+02   9.6551351e+00   1.0132714e+01
   1.1670000e+02   1.5655135e+01  -2.0107286e+01
   1.1680000e+02   3.9655135e+01  -3.9067286e+01
   1.1690000e+02  -7.3448649e+00  -5.2187286e+01
   1.1700000e+02   9.4655135e+01  -7.2672865e+00
   1.1710000e+02  -8.3448649e+00  -2.7147286e+01
   1.1720000e+02   1.5655135e+01  -3.1072865e+00
   1.1730000e+02  -2.3344865e+01   7.4527135e+00
   1.1740000e+02  -7.8344865e+01  -3.6347286e+01
   1.1750000e+02   9.6551351e+00  -6.0867286e+01
   1.1760000e+02  -9.3448649e+00   2.8892714e+01
   1.1770000e+02   2.6551351e+00  -5.8728649e-01
   1.1780000e+02  -2.8344865e+01  -4.0347286e+01
   1.1790000e+02   3.0655135e+01  -7.7072865e+00
   1.1800000e+02  -5.2344865e+01  -5.3872865e+00
   1.1810000e+02  -5.1344865e+01   1.0757271e+02
   1.1820000e+02  -9.2344865e+01  -5.7872865e+00
   1.1830000e+02  -8.3448649e+00   5.8527135e+00
   1.1840000e+02  -4.1344865e+01  -8.2728649e-01
   1.1850000e+02   9.6551351e+00  -6.8672865e+00
   1.1860000e+02   5.4655135e+01   2.3332714e+01
   1.1870000e+02   1.2655135e+01  -1.8987286e+01
   1.1880000e+02   6.1655135e+01  -6.0947286e+01
   1.1890000e+02   1.7655135e+01   7.1812714e+01
   1.1900000e+02  -2.5344865e+01  -1.7467286e+01
   1.1910000e+02  -2.2344865e+01   7.4127135e+00
   1.1920000e+02  -4.5344865e+01  -1.4667286e+01
   1.1930000e+02   6.4655135e+01   4.1932714e+01
   1.1940000e+02  -5.6344865e+01   1.3772714e+01
   1.1950000e+02  -1.0534486e+02   2.0732714e+01
   1.1960000e+02  -1.6344865e+01  -4.7827286e+01
   1.1970000e+02  -6.8344865e+01  -5.7472865e+00
   1.1980000e+02  -1.4344865e+01  -1.0907286e+01
   1.1990000e+02   4.6551351e+00   9.3327135e+00
   1.2000000e+02  -7.3448649e+00   2.7812714e+01
   1.2010000e+02   2.9655135e+01  -2.6667286e+01
   1.2020000e+02  -5.7344865e+01  -1.9187286e+01
   1.2030000e+02   6.1655135e+01   5.0527135e+00
   1.2040000e+02   5.7655135e+01   2.5212714e+01
   1.2050000e+02   5.4655135e+01   4.3327135e+00
   1.2060000e+02  -3.4344865e+01  -2.4107286e+01
   1.2070000e+02  -4.8344865e+01   2.0452714e+01
   1.2080000e+02  -1.7344865e+01  -1.2787286e+01
   1.2090000e+02  -3.0344865e+01  -4.5267286e+01
   1.2100000e+02  -2.4344865e+01   3.4927135e+00
   1.2110000e+02  -5.1344865e+01   3.0572714e+01
   1.2120000e+02   3.6551351e+00  -1.3627286e+01
   1.2130000e+02  -9.3448649e+00   4.5892714e+01
   1.2140000e+02  -7.6344865e+01   1.7572714e+01
   1.2150000e+02   1.7655135e+01   1.8812714e+01
   1.2160000e+02  -4.4344865e+01  -1.5707286e+01
   1.2170000e+02  -1.6344865e+01   7.7172714e+01
   1.2180000e+02  -3.4486486e-01   2.4532714e+01
   1.2190000e+02  -4.9344865e+01  -6.7507286e+01
   1.2200000e+02   2.2655135e+01  -1.7387286e+01
   1.2210000e+02  -2.5344865e+01  -5.1467286e+01
   1.2220000e+02  -5.7344865e+01   2.7812714e+01
   1.2230000e+02   3.1655135e+01  -3.9747286e+01
   1.2240000e+02   1.6551351e+00   1.2452714e+01
   1.2250000e+02  -8.3448649e+00   1.5852714e+01
   1.2260000e+02   3.0655135e+01  -3.6707286e+01
   1.2270000e+02   2.2655135e+01  -5.1387286e+01
   1.2280000e+02   2.2655135e+01  -7.3872865e+00
   1.2290000e+02  -2.7344865e+01  -1.4387286e+01
   1.2300000e+02  -3.7344865e+01  -1.3987286e+01
   1.2310000e+02  -7.0344865e+01  -4.6667286e+01
   1.2320000e+02   4.4655135e+01   4.1732714e+01
   1.2330000e+02  -3.3344865e+01   1.4852714e+01
   1.2340000e+02   3.1655135e+01  -3.0747286e+01
   1.2350000e+02  -1.3344865e+01  -2.6947286e+01
   1.2360000e+02   1.4655135e+01   3.9327135e+00
   1.2370000e+02  -9.0344865e+01  -2.7867286e+01
   1.2380000e+02   1.4655135e+01   2.9327135e+00
   1.2390000e+02   5.1655135e+01  -3.9547286e+01
   1.2400000e+02  -6.7344865e+01  -1.0787286e+01
   1.2410000e+02   2.6655135e+01   1.2452714e+01
   1.2420000e+02   4.9655135e+01  -3.9467286e+01
   1.2430000e+02  -9.5344865e+01  -7.6672865e+00
   1.2440000e+02  -2.1344865e+01  -1.2627286e+01
   1.2450000e+02   4.1655135e+01   1.6852714e+01
   1.2460000e+02   4.3655135e+01   1.2772714e+01
   1.2470000e+02   2.1655135e+01   1.0652714e+01
   1.2480000e+02   5.3655135e+01  -1.1627286e+01
   1.2490000e+02   3.2655135e+01  -4.6787286e+01
   1.2500000e+02   1.8655135e+01   7.7271351e-01
   1.2510000e+02  -4.3448649e+00  -1.3307286e+01
   1.2520000e+02  -5.1344865e+01  -2.0427286e+01
   1.2530000e+02  -2.7344865e+01   2.6127135e+00
   1.2540000e+02  -3.1344865e+01  -3.2272865e+00
   1.2550000e+02  -4.3344865e+01   3.8252714e+01
   1.2560000e+02   1.5655135e+01   1.7892714e+01
   1.2570000e+02  -9.4344865e+01  -3.3707286e+01
   1.2580000e+02  -2.4344865e+01   3.7492714e+01
   1.2590000e+02  -7.2344865e+01  -8.5872865e+00
   1.2600000e+02  -7.5344865e+01  -4.2467286e+01
   1.2610000e+02   7.4655135e+01  -4.1467286e+01
   1.2620000e+02  -1.7344865e+01  -1.2787286e+01
   1.2630000e+02  -3.1344865e+01   3.7772714e+01
   1.2640000e+02   2.4655135e+01   4.5327135e+00
   1.2650000e+02  -1.3344865e+01   2.4052714e+01
   1.2660000e+02   2.8655135e+01   4.5372714e+01
   1.2670000e+02   8.0655135e+01  -3.3707286e+01
   1.2680000e+02  -7.0344865e+01  -4.6667286e+01
   1.2690000e+02  -8.3344865e+01  -7.1472865e+00
   1.2700000e+02  -4.5344865e+01  -4.6672865e+00
   1.2710000e+02  -1.1734486e+02   7.2127135e+00
   1.2720000e+02  -6.9344865e+01  -1.1707286e+01
   1.2730000e+02   1.0655135e+01  -9.9072865e+00
   1.2740000e+02  -1.2834486e+02   9.6527135e+00
   1.2750000e+02  -1.0034486e+02  -2.7467286e+01
   1.2760000e+02  -4.0344865e+01   2.4132714e+01
   1.2770000e+02   3.1655135e+01  -9.7472865e+00
   1.2780000e+02   7.4655135e+01   1.8532714e+01
   1.2790000e+02  -6.6344865e+01  -3.8272865e+00
   1.2800000e+02  -1.0344865e+01  -3.1067286e+01
   1.2810000e+02   3.1655135e+01  -1.0747286e+01
   1.2820000e+02  -1.4344865e+01  -2.5907286e+01
   1.2830000e+02  -6.1344865e+01  -2.1027286e+01
   1.2840000e+02  -4.3448649e+00   1.8692714e+01
   1.2850000e+02   1.3565514e+02  -2.6907286e+01
   1.2860000e+02  -4.1344865e+01  -1.4827286e+01
   1.2870000e+02  -8.1344865e+01   1.7727135e+00
   1.2880000e+02  -2.4344865e+01   6.5492714e+01
   1.2890000e+02   2.2655135e+01   2.8612714e+01
   1.2900000e+02  -3.7344865e+01  -3.0987286e+01
   1.2910000e+02   5.6551351e+00   2.1292714e+01
   1.2920000e+02   4.9655135e+01  -4.6728649e-01
   1.2930000e+02  -5.2344865e+01  -2.1387286e+01
   1.2940000e+02   3.9655135e+01  -4.6067286e+01
   1.2950000e+02  -9.3448649e+00  -1.5107286e+01
   1.2960000e+02  -4.4344865e+01  -3.4707286e+01
   1.2970000e+02   1.4655135e+01   2.9327135e+00
   1.2980000e+02   5.6655135e+01  -9.7472865e+00
   1.2990000e+02  -7.2344865e+01  -2.3587286e+01
   1.3000000e+02   3.7655135e+01  -1.9872865e+00
   1.3010000e+02   1.8655135e+01   3.9772714e+01
   1.3020000e+02   6.6655135e+01  -9.1472865e+00
   1.3030000e+02   4.4655135e+01  -2.6728649e-01
   1.3040000e+02  -9.2344865e+01   3.2127135e+00
   1.3050000e+02   2.2655135e+01   8.3612714e+01
   1.3060000e+02  -1.5344865e+01  -2.4867286e+01
   1.3070000e+02  -4.3448649e+00   3.5692714e+01
   1.3080000e+02  -6.9344865e+01   3.2927135e+00
   1.3090000e+02  -8.4344865e+01  -7.1107286e+01
   1.3100000e+02   1.7655135e+01  -3.5187286e+01
   1.3110000e+02   3.4655135e+01   3.6132714e+01
   1.3120000e+02   5.2655135e+01  -2.5872865e+00
   1.3130000e+02   2.6655135e+01   6.7452714e+01
   1.3140000e+02  -7.9344865e+01   5.6927135e+00
   1.3150000e+02   5.3655135e+01  -2.8627286e+01
   1.3160000e+02   1.6551351e+00  -3.9547286e+01
   1.3170000e+02   4.5655135e+01   1.7692714e+01
   1.3180000e+02   6.5655135e+01  -2.4107286e+01
   1.3190000e+02  -4.4344865e+01  -4.0707286e+01
   1.3200000e+02  -3.7344865e+01   2.4012714e+01
   1.3210000e+02   5.2655135e+01   1.4127135e+00
   1.3220000e+02   4.9655135e+01  -4.7467286e+01
   1.3230000e+02   6.0655135e+01   2.5092714e+01
   1.3240000e+02   9.6655135e+01  -1.2347286e+01
   1.3250000e+02   4.0655135e+01  -1.8107286e+01
   1.3260000e+02   6.5655135e+01   1.1689271e+02
   1.3270000e+02   8.4655135e+01   3.1327135e+00
   1.3280000e+02   4.3655135e+01  -1.0227286e+01
   1.3290000e+02  -7.8344865e+01  -2.2347286e+01
   1.3300000e+02  -7.7344865e+01   2.5612714e+01
   1.3310000e+02  -8.3448649e+00   5.2852714e+01
   1.3320000e+02   1.1065514e+02  -3.3907286e+01
   1.3330000e+02  -4.9344865e+01   9.4927135e+00
   1.3340000e+02   6.5513514e-01   3.4492714e+01
   1.3350000e+02  -1.9344865e+01   2.2292714e+01
   1.3360000e+02   2.2655135e+01   1.5612714e+01
   1.3370000e+02  -5.6344865e+01  -2.3227286e+01
   1.3380000e+02   6.2655135e+01  -1.1987286e+01
   1.3390000e+02  -4.6344865e+01   2.7372714e+01
   1.3400000e+02   6.5513514e-01   8.4927135e+00
   1.3410000e+02   1.6655135e+01   2.2852714e+01
   1.3420000e+02   2.8655135e+01   1.0372714e+01
   1.3430000e+02  -3.4486486e-01   8.6532714e+01
   1.3440000e+02   8.2655135e+01  -5.8787286e+01
   1.3450000e+02   2.3655135e+01  -2.9427286e+01
   1.3460000e+02   1.8655135e+01   2.7772714e+01
   1.3470000e+02  -5.8344865e+01  -7.1472865e+00
   1.3480000e+02  -5.6344865e+01   1.4772714e+01
   1.3490000e+02  -1.4344865e+01   4.9092714e+01
   1.3500000e+02  -4.0344865e+01  -1.3867286e+01
   1.3510000e+02   2.0655135e+01  -8.3072865e+00
   1.3520000e+02  -6.3448649e+00  -2.7227286e+01
   1.3530000e+02  -8.4344865e+01   1.9892714e+01
   1.3540000e+02  -2.2344865e+01   1.5041271e+02
   1.3550000e+02  -4.1344865e+01   1.6172714e+01
   1.3560000e+02   2.6655135e+01   3.1452714e+01
   1.3570000e+02  -1.5344865e+01   4.2132714e+01
   1.3580000e+02  -3.4486486e-01  -4.0467286e+01
   1.3590000e+02   8.2655135e+01   4.3212714e+01
   1.3600000e+02  -8.3448649e+00   9.8527135e+00
   1.3610000e+02   1.0365514e+02  -2.8627286e+01
   1.3620000e+02   3.3655135e+01  -2.4827286e+01
   1.3630000e+02   1.8655135e+01  -3.2272865e+00
   1.3640000e+02   8.7655135e+01   7.3012714e+01
   1.3650000e+02   5.8655135e+01   1.0172714e+01
   1.3660000e+02   3.8655135e+01  -7.0272865e+00
   1.3670000e+02  -6.4344865e+01   1.4092714e+01
   1.3680000e+02  -7.9344865e+01  -4.3072865e+00
   1.3690000e+02   6.9655135e+01   6.0732714e+01
   1.3700000e+02   5.8655135e+01  -8.8272865e+00
   1.3710000e+02   6.5655135e+01   5.9892714e+01
   1.3720000e+02  -1.0344865e+01   5.9327135e+00
   1.3730000e+02   1.9655135e+01   4.5732714e+01
   1.3740000e+02   1.5655135e+01   1.8892714e+01
   1.3750000e+02  -3.4344865e+01  -2.4107286e+01
   1.3760000e+02   3.4655135e+01  -2.9867286e+01
   1.3770000e+02   4.2655135e+01  -2.3187286e+01
   1.3780000e+02   7.7655135e+01  -5.5872865e+00
   1.3790000e+02  -1.2344865e+01   5.0012714e+01
   1.3800000e+02   6.5513514e-01  -2.4507286e+01
   1.3810000e+02   3.1655135e+01  -1.1747286e+01
   1.3820000e+02  -3.7344865e+01   1.2713514e-02
   1.3830000e+02   6.6551351e+00  -2.9747286e+01
   1.3840000e+02  -2.3344865e+01  -1.0547286e+01
   1.3850000e+02   2.6655135e+01  -5.0547286e+01
   1.3860000e+02  -2.6344865e+01   1.8572714e+01
   1.3870000e+02   1.0655135e+01  -6.7907286e+01
   1.3880000e+02   8.1655135e+01  -5.6747286e+01
   1.3890000e+02  -3.5344865e+01   2.3932714e+01
   1.3900000e+02  -1.3734486e+02  -1.3987286e+01
   1.3910000e+02  -3.8344865e+01  -3.2947286e+01
   1.3920000e+02  -3.3448649e+00  -1.5347286e+01
   1.3930000e+02  -5.1344865e+01  -2.9427286e+01
   1.3940000e+02  -5.6344865e+01  -9.2272865e+00
   1.3950000e+02  -6.1344865e+01   2.6972714e+01
   1.3960000e+02  -8.4344865e+01  -2.6107286e+01
   1.3970000e+02  -5.6344865e+01  -1.5227286e+01
   1.3980000e+02   7.6551351e+00  -6.3787286e+01
   1.3990000e+02  -7.5344865e+01   3.2532714e+01
   1.4000000e+02   1.1065514e+02  -2.3907286e+01
   1.4010000e+02  -5.2344865e+01   5.4612714e+01
   1.4020000e+02   5.0655135e+01  -5.3507286e+01
   1.4030000e+02   3.2655135e+01   9.2127135e+00
   1.4040000e+02   6.0655135e+01  -4.4907286e+01
   1.4050000e+02  -2.6344865e+01  -5.9427286e+01
   1.4060000e+02  -5.0344865e+01  -2.1467286e+01
   1.4070000e+02  -4.2344865e+01  -7.7872865e+00
   1.4080000e+02  -3.7344865e+01   4.8012714e+01
   1.4090000e+02  -9.8344865e+01   4.4527135e+00
   1.4100000e+02   3.6655135e+01   1.1805271e+02
   1.4110000e+02   4.9655135e+01   2.7532714e+01
   1.4120000e+02   7.2655135e+01  -1.1387286e+01
   1.4130000e+02  -2.0344865e+01  -3.4667286e+01
   1.4140000e+02  -5.5344865e+01  -4.3267286e+01
   1.4150000e+02  -6.9344865e+01  -1.6707286e+01
   1.4160000e+02  -8.5344865e+01  -4.6067286e+01
   1.4170000e+02  -1.2344865e+01   1.3012714e+01
   1.4180000e+02   3.4655135e+01  -2.6867286e+01
   1.4190000e+02  -7.5344865e+01   1.1532714e+01
   1.4200000e+02   1.0065514e+02   3.7492714e+01
   1.4210000e+02  -7.8344865e+01   3.6527135e+00
   1.4220000e+02  -5.0344865e+01  -3.6467286e+01
   1.4230000e+02  -7.4344865e+01  -4.1507286e+01
   1.4240000e+02  -2.6344865e+01   5.7271351e-01
   1.4250000e+02  -1.0934486e+02  -2.9107286e+01
   1.4260000e+02  -9.2344865e+01  -2.3787286e+01
   1.4270000e+02   2.2655135e+01   2.7612714e+01
   1.4280000e+02   9.1655135e+01  -7.1472865e+00
   1.4290000e+02  -7.3448649e+00  -3.2187286e+01
   1.4300000e+02  -2.7344865e+01  -1.7387286e+01
   1.4310000e+02   7.6551351e+00  -4.4787286e+01
   1.4320000e+02  -1.3344865e+01  -3.9472865e+00
   1.4330000e+02  -1.3344865e+01  -1.6947286e+01
   1.4340000e+02   5.3655135e+01  -4.6627286e+01
   1.4350000e+02  -3.2344865e+01  -4.0187286e+01
   1.4360000e+02  -6.8344865e+01   9.2527135e+00
   1.4370000e+02   2.3655135e+01   6.5727135e+00
   1.4380000e+02   5.1655135e+01  -3.3547286e+01
   1.4390000e+02   1.4655135e+01  -1.0067286e+01
   1.4400000e+02   5.2655135e+01   2.1412714e+01
   1.4410000e+02  -2.5344865e+01  -1.3467286e+01
   1.4420000e+02  -4.1344865e+01   1.9172714e+01
   1.4430000e+02   3.6551351e+00   9.3727135e+00
   1.4440000e+02  -4.5344865e+01   2.9332714e+01
   1.4450000e+02   1.6551351e+00  -3.5472865e+00
   1.4460000e+02   1.5965514e+02   5.1327135e+00
   1.4470000e+02   2.4655135e+01   4.4532714e+01
   1.4480000e+02  -5.8344865e+01   2.3852714e+01
   1.4490000e+02   3.7655135e+01   2.0127135e+00
   1.4500000e+02  -8.8344865e+01  -3.2947286e+01
   1.4510000e+02   6.2655135e+01   3.9012714e+01
   1.4520000e+02  -2.5344865e+01  -4.3467286e+01
   1.4530000e+02   4.0655135e+01  -1.0107286e+01
   1.4540000e+02  -1.2834486e+02   3.0652714e+01
   1.4550000e+02   4.2655135e+01   8.1271351e-01
   1.4560000e+02   3.1655135e+01   1.8252714e+01
   1.4570000e+02  -2.7344865e+01   2.1612714e+01
   1.4580000e+02  -4.3344865e+01   6.8252714e+01
   1.4590000e+02   1.2065514e+02   2.4692714e+01
   1.4600000e+02   9.6551351e+00   3.7132714e+01
   1.4610000e+02   1.4655135e+01  -1.6067286e+01
   1.4620000e+02   6.5513514e-01   5.0492714e+01
   1.4630000e+02   4.8655135e+01   3.3572714e+01
   1.4640000e+02  -3.5344865e+01  -6.0672865e+00
   1.4650000e+02  -4.5344865e+01  -1.6667286e+01
   1.4660000e+02  -3.2344865e+01  -3.0187286e+01
   1.4670000e+02  -5.8344865e+01   1.4852714e+01
   1.4680000e+02  -2.9344865e+01   1.5692714e+01
   1.4690000e+02  -3.2344865e+01   1.2812714e+01
   1.4700000e+02   6.9655135e+01   5.5732714e+01
   1.4710000e+02  -3.4486486e-01   2.8532714e+01
   1.4720000e+02  -1.8344865e+01   2.8252714e+01
   1.4730000e+02   8.6551351e+00  -4.1827286e+01
   1.4740000e+02   9.6551351e+00   4.7132714e+01
   1.4750000e+02   7.6551351e+00   5.7212714e+01
   1.4760000e+02  -9.3448649e+00   3.6892714e+01
   1.4770000e+02   2.9655135e+01  -1.3667286e+01
   1.4780000e+02   2.1655135e+01   1.4652714e+01
   1.4790000e+02   1.3655135e+01  -2.3027286e+01
   1.4800000e+02   4.9655135e+01  -4.6728649e-01
   1.4810000e+02   2.6551351e+00  -1.9587286e+01
   1.4820000e+02  -6.3344865e+01   9.5052714e+01
   1.4830000e+02  -6.5344865e+01   1.1327135e+00
   1.4840000e+02   3.7655135e+01  -4.2987286e+01
   1.4850000e+02  -9.4344865e+01   7.1292714e+01
   1.4860000e+02   2.0655135e+01   2.1692714e+01
   1.4870000e+02  -1.2344865e+01   1.7012714e+01
   1.4880000e+02  -3.3344865e+01  -2.0147286e+01
   1.4890000e+02  -1.4344865e+01   9.2713514e-02
   1.4900000e+02   4.0655135e+01   2.4892714e+01
   1.4910000e+02   1.4665514e+02  -5.1347286e+01
   1.4920000e+02  -1.4344865e+01  -1.9907286e+01
   1.4930000e+02  -6.2344865e+01   4.0012714e+01
   1.4940000e+02  -4.8344865e+01   7.4527135e+00
   1.4950000e+02   1.2865514e+02   5.3372714e+01
   1.4960000e+02   6.0655135e+01   3.3092714e+01
   1.4970000e+02   7.6551351e+00   4.7212714e+01
   1.4980000e+02  -1.5344865e+01   1.8132714e+01
   1.4990000e+02   4.8655135e+01   6.5727135e+00
   1.5000000e+02  -4.5344865e+01  -1.8667286e+01
   1.5010000e+02   2.6655135e+01   5.4527135e+00
   1.5020000e+02   1.0765514e+02   1.9212714e+01
   1.5030000e+02  -8.8344865e+01  -1.2947286e+01
   1.5040000e+02   7.3655135e+01   5.7572714e+01
   1.5050000e+02   8.1655135e+01   2.8252714e+01
   1.5060000e+02   5.9655135e+01   1.4132714e+01
   1.5070000e+02  -3.4486486e-01  -1.7467286e+01
   1.5080000e+02  -7.4344865e+01   1.9492714e+01
   1.5090000e+02   5.1655135e+01  -4.8547286e+01
   1.5100000e+02  -6.9344865e+01  -1.8707286e+01
   1.5110000e+02  -1.2344865e+01   2.6012714e+01
   1.5120000e+02   6.0655135e+01   2.2092714e+01
   1.5130000e+02   2.6551351e+00  -3.6587286e+01
   1.5140000e+02   9.6551351e+00   1.3271351e-01
   1.5150000e+02  -1.2344865e+01  -9.9872865e+00
   1.5160000e+02  -1.2344865e+01   3.0127135e+00
   1.5170000e+02   3.7655135e+01   1.1012714e+01
   1.5180000e+02  -7.7344865e+01   2.9612714e+01
   1.5190000e+02  -2.6344865e+01  -4.8427286e+01
   1.5200000e+02  -8.4344865e+01   7.1892714e+01
   1.5210000e+02   5.2655135e+01  -1.6587286e+01
   1.5220000e+02   4.8655135e+01  -1.9427286e+01
   1.5230000e+02  -7.7344865e+01   1.0612714e+01
   1.5240000e+02   3.5655135e+01  -4.4907286e+01
   1.5250000e+02   5.9655135e+01  -5.0867286e+01
   1.5260000e+02   7.5655135e+01   5.4927135e+00
   1.5270000e+02  -6.6344865e+01  -3.0827286e+01
   1.5280000e+02  -3.7344865e+01   4.9012714e+01
   1.5290000e+02   1.6565514e+02  -1.5107286e+01
   1.5300000e+02  -6.0344865e+01   4.1932714e+01
   1.5310000e+02  -5.3344865e+01   4.5652714e+01
   1.5320000e+02  -3.0344865e+01   6.7327135e+00
   1.5330000e+02  -2.5344865e+01   4.0532714e+01
   1.5340000e+02  -7.4344865e+01  -2.0507286e+01
   1.5350000e+02   2.5655135e+01  -5.5072865e+00
   1.5360000e+02   4.3655135e+01   6.7727135e+00
   1.5370000e+02  -1.7344865e+01  -7.8728649e-01
   1.5380000e+02  -4.0344865e+01   2.1132714e+01
   1.5390000e+02   2.0065514e+02   1.6492714e+01
   1.5400000e+02   2.3655135e+01  -1.9427286e+01
   1.5410000e+02   1.6551351e+00   7.3452714e+01
   1.5420000e+02  -5.1344865e+01   4.3572714e+01
   1.5430000e+02   7.4655135e+01   4.3532714e+01
   1.5440000e+02  -1.3344865e+01   1.0527135e+00
   1.5450000e+02  -6.4344865e+01  -2.5907286e+01
   1.5460000e+02  -6.9344865e+01   2.7292714e+01
   1.5470000e+02  -2.8344865e+01  -2.3472865e+00
   1.5480000e+02  -7.3448649e+00   6.8812714e+01
   1.5490000e+02   1.0365514e+02   3.3727135e+00
   1.5500000e+02   8.5655135e+01  -5.1907286e+01
   1.5510000e+02   1.4565514e+02  -1.6307286e+01
   1.5520000e+02   8.3655135e+01   4.1727135e+00
   1.5530000e+02   1.9655135e+01   1.6732714e+01
   1.5540000e+02  -4.7344865e+01   2.5412714e+01
   1.5550000e+02  -4.4344865e+01   1.0292714e+01
   1.5560000e+02  -3.4486486e-01  -5.8467286e+01
   1.5570000e+02  -5.9344865e+01  -2.1107286e+01
   1.5580000e+02   3.7655135e+01  -1.9987286e+01
   1.5590000e+02   3.4655135e+01  -3.5867286e+01
   1.5600000e+02  -6.7344865e+01  -1.3787286e+01
   1.5610000e+02  -4.2344865e+01   2.8212714e+01
   1.5620000e+02   4.0655135e+01  -1.9107286e+01
   1.5630000e+02   6.1655135e+01  -4.3947286e+01
   1.5640000e+02   4.3655135e+01  -2.3227286e+01
   1.5650000e+02   3.8655135e+01   6.9727135e+00
   1.5660000e+02  -1.3448649e+00  -8.4272865e+00
   1.5670000e+02   5.2655135e+01   7.4127135e+00
   1.5680000e+02   8.3655135e+01   1.7271351e-01
   1.5690000e+02   6.1655135e+01  -3.9947286e+01
   1.5700000e+02  -6.6344865e+01   2.2172714e+01
   1.5710000e+02  -5.7344865e+01  -1.3187286e+01
   1.5720000e+02   3.5655135e+01   5.0927135e+00
   1.5730000e+02  -1.3448649e+00   5.2572714e+01
   1.5740000e+02   8.3655135e+01  -7.8272865e+00
   1.5750000e+02  -6.9344865e+01  -2.2707286e+01
   1.5760000e+02   6.5513514e-01  -1.9507286e+01
   1.5770000e+02   3.8655135e+01   4.5972714e+01
   1.5780000e+02   5.3655135e+01   8.3727135e+00
   1.5790000e+02  -4.8344865e+01   1.8452714e+01
   1.5800000e+02   5.0655135e+01  -2.0507286e+01
   1.5810000e+02  -6.9344865e+01  -2.0707286e+01
   1.5820000e+02   4.1655135e+01   2.7852714e+01
   1.5830000e+02   2.3655135e+01   2.3572714e+01
   1.5840000e+02   4.2655135e+01   1.1812714e+01
   1.5850000e+02   2.2655135e+01   5.1612714e+01
   1.5860000e+02   6.2655135e+01  -5.1987286e+01
   1.5870000e+02  -1.9344865e+01  -5.7072865e+00
   1.5880000e+02  -3.2344865e+01  -3.5187286e+01
   1.5890000e+02  -3.7344865e+01  -2.8987286e+01
   1.5900000e+02  -4.2344865e+01  -2.1787286e+01
   1.5910000e+02   1.9655135e+01   1.7327135e+00
   1.5920000e+02  -3.4344865e+01   8.9271351e-01
   1.5930000e+02   1.8655135e+01   7.7727135e+00
   1.5940000e+02  -7.1344865e+01  -1.5627286e+01
   1.5950000e+02   3.9655135e+01   3.0932714e+01
   1.5960000e+02  -1.9344865e+01   1.9292714e+01
   1.5970000e+02  -6.3448649e+00   2.4772714e+01
   1.5980000e+02  -2.0344865e+01   5.3327135e+00
   1.5990000e+02   1.0565514e+02  -2.7072865e+00
   1.6000000e+02  -3.4344865e+01  -1.5107286e+01
   1.6010000e+02   7.9655135e+01  -2.1667286e+01
   1.6020000e+02   4.1655135e+01   4.0852714e+01
   1.6030000e+02  -9.3448649e+00   9.8927135e+00
   1.6040000e+02  -2.1344865e+01   2.6372714e+01
   1.6050000e+02  -1.7344865e+01  -1.1787286e+01
   1.6060000e+02  -9.3448649e+00  -4.4107286e+01
   1.6070000e+02   2.1655135e+01  -2.4347286e+01
   1.6080000e+02  -1.3344865e+01  -2.1947286e+01
   1.6090000e+02  -5.3448649e+00  -2.9267286e+01
   1.6100000e+02  -7.6344865e+01  -4.4272865e+00
   1.6110000e+02   1.4655135e+01  -1.4067286e+01
   1.6120000e+02  -5.1344865e+01  -3.0427286e+01
   1.6130000e+02   1.4655135e+01  -8.0672865e+00
   1.6140000e+02  -5.5344865e+01   1.7327135e+00
   1.6150000e+02  -4.5344865e+01  -1.5667286e+01
   1.6160000e+02   2.3655135e+01  -3.6427286e+01
   1.6170000e+02  -1.3344865e+01   2.0527135e+00
   1.6180000e+02  -2.7344865e+01  -5.3872865e+00
   1.6190000e+02  -4.3448649e+00  -3.0728649e-01
   1.6200000e+02  -1.5344865e+01   3.1132714e+01
   1.6210000e+02  -3.6344865e+01  -2.5027286e+01
   1.6220000e+02  -4.6344865e+01  -3.9627286e+01
   1.6230000e+02  -7.5344865e+01  -6.3467286e+01
   1.6240000e+02   6.1655135e+01  -6.9472865e+00
   1.6250000e+02  -4.1344865e+01   1.7271351e-01
   1.6260000e+02   1.2965514e+02  -1.6672865e+00
   1.6270000e+02   5.9655135e+01  -1.5867286e+01
   1.6280000e+02   4.6655135e+01  -1.9347286e+01
   1.6290000e+02   1.3655135e+01  -3.0272865e+00
   1.6300000e+02  -4.3448649e+00  -1.5307286e+01
   1.6310000e+02   1.8655135e+01  -2.5227286e+01
   1.6320000e+02   1.3655135e+01  -1.0027286e+01
   1.6330000e+02  -4.4344865e+01   5.1292714e+01
   1.6340000e+02  -8.1344865e+01  -3.2272865e+00
   1.6350000e+02  -3.1344865e+01   6.7727135e+00
   1.6360000e+02  -8.8344865e+01   4.2052714e+01
   1.6370000e+02  -1.0234486e+02  -4.6387286e+01
   1.6380000e+02  -5.2344865e+01  -2.8387286e+01
   1.6390000e+02  -2.3448649e+00  -5.7387286e+01
   1.6400000e+02   5.1655135e+01  -1.5472865e+00
   1.6410000e+02  -3.4344865e+01  -2.1107286e+01
   1.6420000e+02   4.7655135e+01   1.5612714e+01
   1.6430000e+02  -4.3344865e+01   2.8252714e+01
   1.6440000e+02   5.6551351e+00  -7.0728649e-01
   1.6450000e+02   4.9655135e+01  -1.5467286e+01
   1.6460000e+02  -2.4344865e+01  -3.0507286e+01
   1.6470000e+02   7.6655135e+01  -3.4547286e+01
   1.6480000e+02   4.7655135e+01   9.6127135e+00
   1.6490000e+02  -1.3448649e+00  -5.7427286e+01
   1.6500000e+02   1.7655135e+01  -2.6187286e+01
   1.6510000e+02  -4.3344865e+01  -2.7472865e+00
   1.6520000e+02   7.7655135e+01  -3.6587286e+01
   1.6530000e+02   3.2655135e+01   3.7212714e+01
   1.6540000e+02   2.1655135e+01   1.9652714e+01
   1.6550000e+02   5.7655135e+01  -4.8787286e+01
   1.6560000e+02  -9.3448649e+00   7.8927135e+00
   1.6570000e+02  -7.3448649e+00  -3.1872865e+00
   1.6580000e+02   5.4655135e+01  -4.6672865e+00
   1.6590000e+02  -7.4344865e+01   2.1492714e+01
   1.6600000e+02   1.0865514e+02  -3.8272865e+00
   1.6610000e+02  -4.2344865e+01   6.3212714e+01
   1.6620000e+02   7.3655135e+01   2.6572714e+01
   1.6630000e+02   1.0465514e+02  -1.6667286e+01
   1.6640000e+02   8.9655135e+01   8.0932714e+01
   1.6650000e+02  -1.9344865e+01   1.5292714e+01
   1.6660000e+02   1.2655135e+01  -3.3987286e+01
   1.6670000e+02   2.4655135e+01  -1.3467286e+01
   1.6680000e+02   1.5655135e+01   4.7892714e+01
   1.6690000e+02   4.2655135e+01  -9.1872865e+00
   1.6700000e+02   7.6551351e+00  -2.2787286e+01
   1.6710000e+02   6.1655135e+01  -2.1947286e+01
   1.6720000e+02   2.6655135e+01   3.9452714e+01
   1.6730000e+02   1.6655135e+01   1.2852714e+01
   1.6740000e+02  -3.4486486e-01  -1.4672865e+00
   1.6750000e+02  -4.3344865e+01   4.3252714e+01
   1.6760000e+02   1.1565514e+02   3.2892714e+01
   1.6770000e+02  -5.1344865e+01   2.2572714e+01
   1.6780000e+02   6.5513514e-01  -4.5072865e+00
   1.6790000e+02  -3.8344865e+01   2.0527135e+00
   1.6800000e+02  -1.0344865e+01   5.6932714e+01
   1.6810000e+02   3.1655135e+01   1.1252714e+01
   1.6820000e+02   5.6551351e+00  -3.1707286e+01
   1.6830000e+02  -4.7344865e+01   9.2412714e+01
   1.6840000e+02  -3.6344865e+01   2.1972714e+01
   1.6850000e+02   3.3655135e+01   8.5172714e+01
   1.6860000e+02   4.6551351e+00   6.3327135e+00
   1.6870000e+02  -2.4344865e+01   1.2492714e+01
   1.6880000e+02   4.9655135e+01   2.5327135e+00
   1.6890000e+02   7.6551351e+00  -2.1787286e+01
   1.6900000e+02  -2.2344865e+01  -5.8728649e-01
   1.6910000e+02  -6.1344865e+01  -1.2027286e+01
   1.6920000e+02   4.0655135e+01  -3.3107286e+01
   1.6930000e+02   6.7655135e+01   3.8812714e+01
   1.6940000e+02  -3.3344865e+01  -2.8147286e+01
   1.6950000e+02  -1.8344865e+01   1.5252714e+01
   1.6960000e+02   2.6655135e+01   2.1452714e+01
   1.6970000e+02  -4.0344865e+01   4.2132714e+01
   1.6980000e+02   3.3655135e+01  -1.8272865e+00
   1.6990000e+02   6.6655135e+01   4.8527135e+00
   1.7000000e+02   3.0655135e+01  -5.7072865e+00
   1.7010000e+02  -6.3448649e+00  -6.2272865e+00
   1.7020000e+02   4.3655135e+01  -4.1227286e+01
   1.7030000e+02   7.8655135e+01  -2.9627286e+01
   1.7040000e+02  -3.4344865e+01  -3.1072865e+00
   1.7050000e+02   8.6551351e+00  -5.8272865e+00
   1.7060000e+02  -2.3344865e+01   1.3452714e+01
   1.7070000e+02  -5.6344865e+01  -2.7227286e+01
   1.7080000e+02   5.2655135e+01  -7.5872865e+00
   1.7090000e+02   1.3655135e+01  -1.6027286e+01
   1.7100000e+02  -1.7344865e+01   5.6212714e+01
   1.7110000e+02   3.5655135e+01   5.6092714e+01
   1.7120000e+02  -3.6344865e+01  -5.8027286e+01
   1.7130000e+02   4.6551351e+00   3.5332714e+01
   1.7140000e+02   9.6551351e+00   2.6132714e+01
   1.7150000e+02   9.6551351e+00  -3.9867286e+01
   1.7160000e+02  -1.2344865e+01   3.7012714e+01
   1.7170000e+02   1.8655135e+01   2.6772714e+01
   1.7180000e+02   6.5513514e-01  -2.4507286e+01
   1.7190000e+02  -6.8344865e+01  -9.7472865e+00
   1.7200000e+02  -5.7344865e+01  -7.1872865e+00
   1.7210000e+02  -2.0344865e+01  -8.6672865e+00
   1.7220000e+02  -1.8344865e+01  -2.7747286e+01
   1.7230000e+02   3.0655135e+01   2.6292714e+01
   1.7240000e+02   3.3655135e+01  -3.8827286e+01
   1.7250000e+02  -4.0344865e+01   2.0132714e+01
   1.7260000e+02  -1.3448649e+00  -3.1427286e+01
   1.7270000e+02  -2.3344865e+01  -2.6547286e+01
   1.7280000e+02   1.7655135e+01   3.0812714e+01
   1.7290000e+02   1.2365514e+02  -1.1427286e+01
   1.7300000e+02   1.8655135e+01  -3.2227286e+01
   1.7310000e+02  -5.1344865e+01  -5.5427286e+01
   1.7320000e+02   8.6655135e+01   3.1052714e+01
   1.7330000e+02   1.6551351e+00  -1.3547286e+01
   1.7340000e+02  -7.4344865e+01  -3.1507286e+01
   1.7350000e+02  -6.8344865e+01   2.9252714e+01
   1.7360000e+02  -5.3448649e+00  -2.6267286e+01
   1.7370000e+02  -1.5344865e+01  -5.1867286e+01
   1.7380000e+02   5.1655135e+01  -3.0547286e+01
   1.7390000e+02   9.2655135e+01   1.8127135e+00
   1.7400000e+02   9.2655135e+01  -3.1872865e+00
   1.7410000e+02  -5.7344865e+01  -5.0187286e+01
   1.7420000e+02  -2.2344865e+01  -1.7587286e+01
   1.7430000e+02   2.1655135e+01  -3.3347286e+01
   1.7440000e+02  -4.3448649e+00   3.3692714e+01
   1.7450000e+02   1.4065514e+02  -6.5107286e+01
   1.7460000e+02  -1.3344865e+01   4.0527135e+00
   1.7470000e+02  -1.0234486e+02  -1.3872865e+00
   1.7480000e+02   3.8655135e+01  -2.2027286e+01
   1.7490000e+02  -3.1344865e+01   1.0377271e+02
   1.7500000e+02  -5.1344865e+01  -4.4272865e+00
   1.7510000e+02   2.7655135e+01  -3.7587286e+01
   1.7520000e+02   1.1165514e+02  -1.9947286e+01
   1.7530000e+02   6.7655135e+01  -5.3187286e+01
   1.7540000e+02   1.7065514e+02   4.6692714e+01
   1.7550000e+02   4.5655135e+01  -1.7307286e+01
   1.7560000e+02   4.6551351e+00   4.8332714e+01
   1.7570000e+02   8.6655135e+01  -5.3947286e+01
   1.7580000e+02  -1.0344865e+01   8.9327135e+00
   1.7590000e+02  -2.3344865e+01  -1.0547286e+01
   1.7600000e+02   7.8655135e+01  -1.6272865e+00
   1.7610000e+02   8.3655135e+01  -4.8272865e+00
   1.7620000e+02   5.1655135e+01   6.4527135e+00
   1.7630000e+02  -4.2344865e+01   4.3212714e+01
   1.7640000e+02  -5.6344865e+01  -1.2227286e+01
   1.7650000e+02   5.9655135e+01   9.1327135e+00
   1.7660000e+02   1.5655135e+01  -1.0728649e-01
   1.7670000e+02  -1.5344865e+01   1.8132714e+01
   1.7680000e+02  -4.2344865e+01   7.5212714e+01
   1.7690000e+02   1.5655135e+01   3.6892714e+01
   1.7700000e+02  -9.3448649e+00  -2.4107286e+01
   1.7710000e+02  -2.3344865e+01  -3.3547286e+01
   1.7720000e+02  -1.2344865e+01   5.1012714e+01
   1.7730000e+02   6.1655135e+01  -1.7947286e+01
   1.7740000e+02  -3.4486486e-01   1.9532714e+01
   1.7750000e+02  -3.8344865e+01  -1.7947286e+01
   1.7760000e+02  -7.3448649e+00  -5.6187286e+01
   1.7770000e+02   1.1655135e+01   6.1052714e+01
   1.7780000e+02   3.7655135e+01   1.0127135e+00
   1.7790000e+02   3.6655135e+01  -4.5947286e+01
   1.7800000e+02  -9.6344865e+01  -3.6272865e+00
   1.7810000e+02   5.5655135e+01  -2.3707286e+01
   1.7820000e+02  -8.4344865e+01  -3.0107286e+01
   1.7830000e+02  -3.0344865e+01  -1.2267286e+01
   1.7840000e+02   8.8655135e+01   2.9727135e+00
   1.7850000e+02  -7.1344865e+01   2.4372714e+01
   1.7860000e+02  -5.5344865e+01  -1.3267286e+01
   1.7870000e+02  -1.5344865e+01  -2.4867286e+01
   1.7880000e+02  -5.4344865e+01  -2.9307286e+01
   1.7890000e+02   1.7655135e+01   4.2812714e+01
   1.7900000e+02  -5.1344865e+01  -3.3427286e+01
   1.7910000e+02  -8.3448649e+00   6.1852714e+01
   1.7920000e+02   2.2655135e+01  -3.5387286e+01
   1.7930000e+02   8.9655135e+01  -6.7286486e-02
   1.7940000e+02  -5.6344865e+01  -2.2227286e+01
   1.7950000e+02  -5.4344865e+01  -3.3307286e+01
   1.7960000e+02  -1.1534486e+02   1.3271351e-01
   1.7970000e+02  -6.6344865e+01  -3.0827286e+01
   1.7980000e+02   1.9655135e+01   1.3732714e+01
   1.7990000e+02  -4.3448649e+00   2.4692714e+01
   1.8000000e+02   2.5655135e+01  -3.0507286e+01
   1.8010000e+02  -4.1344865e+01   3.2172714e+01
   1.8020000e+02  -8.3344865e+01   6.8527135e+00
   1.8030000e+02  -6.2344865e+01   1.2012714e+01
   1.8040000e+02  -7.6344865e+01   4.5572714e+01
   1.8050000e+02   3.1655135e+01  -1.6747286e+01
   1.8060000e+02   3.6551351e+00   2.5372714e+01
   1.8070000e+02   4.0655135e+01  -1.7107286e+01
   1.8080000e+02  -4.8344865e+01   6.3452714e+01
   1.8090000e+02  -5.1344865e+01   2.5572714e+01
   1.8100000e+02  -9.7344865e+01  -2.3587286e+01
   1.8110000e+02  -5.4344865e+01   2.8692714e+01
   1.8120000e+02  -8.3448649e+00   1.0585271e+02
   1.8130000e+02   3.0655135e+01   8.7292714e+01
   1.8140000e+02  -3.0344865e+01   1.7732714e+01
   1.8150000e+02  -7.7344865e+01  -1.9387286e+01
   1.8160000e+02  -7.3448649e+00   2.1812714e+01
   1.8170000e+02   9.1655135e+01   4.8852714e+01
   1.8180000e+02  -2.7344865e+01  -1.3872865e+00
   1.8190000e+02   9.2655135e+01  -7.1872865e+00
   1.8200000e+02   5.6655135e+01  -4.7472865e+00
   1.8210000e+02  -1.1134486e+02   1.7972714e+01
   1.8220000e+02  -7.9344865e+01   1.9692714e+01
   1.8230000e+02  -1.1344865e+01   3.4972714e+01
   1.8240000e+02  -3.6344865e+01   3.2972714e+01
   1.8250000e+02   8.5655135e+01   7.5092714e+01
   1.8260000e+02  -2.4344865e+01  -5.5072865e+00
   1.8270000e+02   1.6655135e+01   1.5852714e+01
   1.8280000e+02  -9.3448649e+00   2.4892714e+01
   1.8290000e+02   3.2655135e+01  -5.2787286e+01
   1.8300000e+02  -4.3344865e+01   2.2252714e+01
   1.8310000e+02   8.6551351e+00   3.5172714e+01
   1.8320000e+02  -1.8344865e+01   4.3252714e+01
   1.8330000e+02   3.8655135e+01   8.1972714e+01
   1.8340000e+02   2.6655135e+01   6.2452714e+01
   1.8350000e+02  -4.3448649e+00   1.6927135e+00
   1.8360000e+02  -5.3448649e+00  -1.5267286e+01
   1.8370000e+02   1.0865514e+02   1.0117271e+02
   1.8380000e+02  -1.9344865e+01   3.8292714e+01
   1.8390000e+02  -1.0134486e+02   7.5727135e+00
   1.8400000e+02  -1.5344865e+01   1.4132714e+01
   1.8410000e+02   2.5655135e+01   8.0492714e+01
   1.8420000e+02  -6.7344865e+01  -3.0787286e+01
   1.8430000e+02  -3.4344865e+01   1.0789271e+02
   1.8440000e+02  -1.3344865e+01  -4.9472865e+00
   1.8450000e+02  -2.3448649e+00   8.8612714e+01
   1.8460000e+02  -3.3344865e+01  -1.8147286e+01
   1.8470000e+02  -3.5344865e+01   5.9327135e+00
   1.8480000e+02  -4.2344865e+01   4.2127135e+00
   1.8490000e+02  -2.6344865e+01  -5.9427286e+01
   1.8500000e+02   5.4655135e+01   6.3327135e+00
   1.8510000e+02   6.8655135e+01   1.3772714e+01
   1.8520000e+02  -1.1344865e+01   1.7972714e+01
   1.8530000e+02   2.8655135e+01  -3.8627286e+01
   1.8540000e+02  -5.8344865e+01  -4.3147286e+01
   1.8550000e+02  -8.5344865e+01   1.0932714e+01
   1.8560000e+02   1.2965514e+02  -1.4667286e+01
   1.8570000e+02   3.1655135e+01   2.7252714e+01
   1.8580000e+02   7.0655135e+01   1.9692714e+01
   1.8590000e+02  -5.5344865e+01  -4.7267286e+01
   1.8600000e+02   4.2655135e+01  -5.6187286e+01
   1.8610000e+02  -4.6344865e+01  -7.6272865e+00
   1.8620000e+02  -2.8344865e+01  -1.9347286e+01
   1.8630000e+02   1.1655135e+01  -1.4947286e+01
   1.8640000e+02   5.6655135e+01   1.1425271e+02
   1.8650000e+02  -3.1344865e+01   3.7727135e+00
   1.8660000e+02  -5.1344865e+01  -3.5427286e+01
   1.8670000e+02  -2.1344865e+01  -2.0627286e+01
   1.8680000e+02   7.7655135e+01  -7.6587286e+01
   1.8690000e+02  -1.4344865e+01  -7.9072865e+00
   1.8700000e+02   1.5655135e+01  -1.7107286e+01
   1.8710000e+02   5.8655135e+01   1.1727135e+00
   1.8720000e+02   3.3655135e+01   2.7172714e+01
   1.8730000e+02  -6.7344865e+01   1.1212714e+01
   1.8740000e+02   5.3655135e+01   5.3727135e+00
   1.8750000e+02  -3.5344865e+01  -8.0672865e+00
   1.8760000e+02  -5.8344865e+01   2.3852714e+01
   1.8770000e+02  -3.0344865e+01  -1.3267286e+01
   1.8780000e+02  -3.8344865e+01  -4.1947286e+01
   1.8790000e+02  -9.6344865e+01  -3.5627286e+01
   1.8800000e+02  -5.3344865e+01  -2.4347286e+01
   1.8810000e+02  -2.3448649e+00   6.6127135e+00
   1.8820000e+02   6.6551351e+00  -3.8747286e+01
   1.8830000e+02   9.6655135e+01  -4.7347286e+01
   1.8840000e+02   5.3655135e+01  -1.1627286e+01
   1.8850000e+02   1.0655135e+01  -3.2907286e+01
   1.8860000e+02   9.0655135e+01   2.9892714e+01
   1.8870000e+02  -1.4344865e+01  -4.0907286e+01
   1.8880000e+02  -5.7344865e+01   2.5812714e+01
   1.8890000e+02   2.3655135e+01   2.9572714e+01
   1.8900000e+02  -7.3344865e+01  -1.4547286e+01
   1.8910000e+02  -3.3344865e+01   5.1852714e+01
   1.8920000e+02  -1.1034486e+02  -3.9067286e+01
   1.8930000e+02   3.0655135e+01  -2.6707286e+01
   1.8940000e+02   1.0065514e+02  -5.6507286e+01
   1.8950000e+02  -2.6344865e+01   1.4572714e+01
   1.8960000e+02  -3.6344865e+01  -9.0272865e+00
   1.8970000e+02  -7.5344865e+01  -4.4467286e+01
   1.8980000e+02   4.0655135e+01   7.8927135e+00
   1.8990000e+02  -8.5344865e+01   3.2932714e+01
   1.9000000e+02  -6.7344865e+01  -1.4787286e+01
   1.9010000e+02  -8.3448649e+00  -1.4728649e-01
   1.9020000e+02   2.2655135e+01  -3.6387286e+01
   1.9030000e+02  -4.3344865e+01  -2.3747286e+01
   1.9040000e+02  -6.0344865e+01  -4.3067286e+01
   1.9050000e+02   9.0655135e+01  -1.2107286e+01
   1.9060000e+02  -1.0344865e+01  -1.4067286e+01
   1.9070000e+02  -3.2344865e+01   2.4812714e+01
   1.9080000e+02  -2.2344865e+01   2.2412714e+01
   1.9090000e+02   3.6655135e+01  -2.7947286e+01
   1.9100000e+02  -4.9344865e+01   9.4927135e+00
   1.9110000e+02  -5.6344865e+01   1.0772714e+01
   1.9120000e+02  -5.3344865e+01  -4.4347286e+01
   1.9130000e+02   8.6655135e+01  -4.9947286e+01
   1.9140000e+02  -6.8344865e+01   5.7252714e+01
   1.9150000e+02   3.6655135e+01  -1.9472865e+00
   1.9160000e+02   3.2655135e+01   1.6212714e+01
   1.9170000e+02  -3.8344865e+01  -1.6947286e+01
   1.9180000e+02  -8.6344865e+01   3.3972714e+01
   1.9190000e+02   2.1655135e+01  -1.3472865e+00
   1.9200000e+02   9.6551351e+00  -3.3867286e+01
   1.9210000e+02  -1.1344865e+01   1.7972714e+01
   1.9220000e+02  -3.6344865e+01  -1.5027286e+01
   1.9230000e+02   2.7655135e+01  -3.2587286e+01
   1.9240000e+02  -2.2344865e+01   5.4127135e+00
   1.9250000e+02   4.8655135e+01   3.4572714e+01
   1.9260000e+02  -3.7344865e+01  -1.6987286e+01
   1.9270000e+02  -3.4344865e+01   6.9892714e+01
   1.9280000e+02  -4.6344865e+01  -1.4627286e+01
   1.9290000e+02   3.1655135e+01   3.2527135e+00
   1.9300000e+02   9.1655135e+01  -3.0147286e+01
   1.9310000e+02  -6.3344865e+01   2.2052714e+01
   1.9320000e+02   5.9655135e+01  -4.5867286e+01
   1.9330000e+02   6.4655135e+01  -4.0067286e+01
   1.9340000e+02  -4.1344865e+01   3.9172714e+01
   1.9350000e+02  -6.8344865e+01  -4.7747286e+01
   1.9360000e+02   4.8655135e+01  -1.4272865e+00
   1.9370000e+02   1.2655135e+01   2.5012714e+01
   1.9380000e+02   7.5655135e+01  -3.2507286e+01
   1.9390000e+02  -9.3448649e+00  -7.2107286e+01
   1.9400000e+02  -3.2344865e+01  -5.6187286e+01
   1.9410000e+02  -3.4344865e+01  -3.7107286e+01
   1.9420000e+02   5.2655135e+01  -1.6587286e+01
   1.9430000e+02   1.1665514e+02   2.3852714e+01
   1.9440000e+02   1.9655135e+01   4.1732714e+01
   1.9450000e+02  -7.3448649e+00  -2.5187286e+01
   1.9460000e+02   1.3365514e+02   3.7172714e+01
   1.9470000e+02  -3.0344865e+01   3.0732714e+01
   1.9480000e+02  -4.3344865e+01   4.2527135e+00
   1.9490000e+02  -1.1344865e+01   5.2972714e+01
   1.9500000e+02  -4.3448649e+00  -8.3072865e+00
   1.9510000e+02  -1.0344865e+01  -5.0672865e+00
   1.9520000e+02   2.1655135e+01   2.6652714e+01
   1.9530000e+02  -4.9344865e+01   9.4927135e+00
   1.9540000e+02  -1.3344865e+01   1.2052714e+01
   1.9550000e+02  -2.2344865e+01  -1.3587286e+01
   1.9560000e+02   1.2465514e+02   6.2532714e+01
   1.9570000e+02  -3.3448649e+00   1.3652714e+01
   1.9580000e+02   6.4655135e+01  -1.4067286e+01
   1.9590000e+02  -1.2344865e+01  -4.1987286e+01
   1.9600000e+02  -4.0344865e+01   5.7132714e+01
   1.9610000e+02  -1.8344865e+01  -3.4747286e+01
   1.9620000e+02  -3.9344865e+01  -4.9072865e+00
   1.9630000e+02  -1.1344865e+01   9.7271351e-01
   1.9640000e+02   7.6551351e+00  -1.1787286e+01
   1.9650000e+02   2.9655135e+01  -1.9667286e+01
   1.9660000e+02   1.6551351e+00   1.9452714e+01
   1.9670000e+02  -2.8344865e+01   2.0652714e+01
   1.9680000e+02  -5.2344865e+01  -9.3872865e+00
   1.9690000e+02  -1.2344865e+01  -5.2987286e+01
   1.9700000e+02   4.6655135e+01  -2.9347286e+01
   1.9710000e+02  -1.3134486e+02   3.8772714e+01
   1.9720000e+02  -4.2344865e+01  -4.0787286e+01
   1.9730000e+02  -2.1344865e+01   5.9372714e+01
   1.9740000e+02  -8.8344865e+01  -1.8947286e+01
   1.9750000e+02  -6.9344865e+01  -9.7072865e+00
   1.9760000e+02   7.4655135e+01  -1.4672865e+00
   1.9770000e+02  -1.3448649e+00   3.3572714e+01
   1.9780000e+02  -5.0344865e+01  -3.0467286e+01
   1.9790000e+02  -1.3448649e+00  -1.8427286e+01
   1.9800000e+02  -9.5344865e+01   5.3327135e+00
   1.9810000e+02   4.5655135e+01   1.5692714e+01
   1.9820000e+02  -8.0344865e+01   8.1732714e+01
   1.9830000e+02   6.6551351e+00  -1.3747286e+01
   1.9840000e+02   1.6655135e+01  -1.2147286e+01
   1.9850000e+02  -7.2344865e+01   4.1412714e+01
   1.9860000e+02  -3.4344865e+01  -4.1107286e+01
   1.9870000e+02   1.1655135e+01  -1.2947286e+01
   1.9880000e+02   4.2655135e+01  -5.0187286e+01
   1.9890000e+02  -4.1344865e+01  -6.3827286e+01
   1.9900000e+02   8.2655135e+01  -6.0787286e+01
   1.9910000e+02   5.0655135e+01   7.4927135e+00
   1.9920000e+02  -4.0344865e+01  -5.1867286e+01
   1.9930000e+02   5.3655135e+01  -3.6627286e+01
   1.9940000e+02   2.6655135e+01  -4.0547286e+01
   1.9950000e+02   4.0655135e+01  -2.8107286e+01
   1.9960000e+02  -7.2344865e+01  -1.6587286e+01
   1.9970000e+02   2.5655135e+01  -7.1507286e+01
   1.9980000e+02   9.7655135e+01  -4.2387286e+01
   1.9990000e+02  -6.4344865e+01   3.3092714e+01
