   0.0000000e+00   2.4054651e+02   4.9840085e+01
   1.0000000e-01   1.7354651e+02   3.8520085e+01
   2.0000000e-01   3.8554651e+02   2.4040085e+01
   3.0000000e-01   2.2854651e+02   6.2320085e+01
   4.0000000e-01   6.9546512e+01   7.5680085e+01
   5.0000000e-01   3.3154651e+02   7.4200085e+01
   6.0000000e-01   1.5254651e+02   5.6360085e+01
   7.0000000e-01   9.9546512e+01   5.3480085e+01
   8.0000000e-01   1.5754651e+02   8.4160085e+01
   9.0000000e-01   1.8354651e+02   2.8120085e+01
   1.0000000e+00   1.9054651e+02   2.2840085e+01
   1.1000000e+00   1.5054651e+02  -2.5599154e+00
   1.2000000e+00   1.1754651e+02   3.6760085e+01
   1.3000000e+00   1.2454651e+02   9.2480085e+01
   1.4000000e+00   1.7254651e+02   1.0956008e+02
   1.5000000e+00   2.7254651e+02  -2.6439915e+01
   1.6000000e+00   6.6546512e+01   2.7800085e+01
   1.7000000e+00   2.0754651e+02   1.1600846e+00
   1.8000000e+00   2.6154651e+02   1.2400008e+02
   1.9000000e+00   2.9054651e+02   4.1840085e+01
   2.0000000e+00   2.2854651e+02  -1.8679915e+01
   2.1000000e+00   1.8054651e+02   6.3240085e+01
   2.2000000e+00   1.7154651e+02   8.6000846e+00
   2.3000000e+00   1.6654651e+02   4.8000846e+00
   2.4000000e+00   3.1354651e+02  -1.0799154e+00
   2.5000000e+00   1.6354651e+02   4.0920085e+01
   2.6000000e+00   2.0654651e+02   1.0920008e+02
   2.7000000e+00   8.8546512e+01   9.9200846e+00
   2.8000000e+00   2.6754651e+02   5.2760085e+01
   2.9000000e+00   2.3254651e+02  -2.1839915e+01
   3.0000000e+00   1.8054651e+02   2.9240085e+01
   3.1000000e+00   1.3254651e+02   1.2016008e+02
   3.2000000e+00   2.9054651e+02   4.2840085e+01
   3.3000000e+00   1.8854651e+02   1.1492008e+02
   3.4000000e+00   9.5546512e+01   8.3640085e+01
   3.5000000e+00   1.4754651e+02   1.7456008e+02
   3.6000000e+00   5.8546512e+01   4.1120085e+01
   3.7000000e+00   1.6554651e+02   8.0840085e+01
   3.8000000e+00   1.0954651e+02   2.7080085e+01
   3.9000000e+00   7.8546512e+01   5.4320085e+01
   4.0000000e+00   5.9546512e+01   7.1080085e+01
   4.1000000e+00   1.8454651e+02   1.3080085e+01
   4.2000000e+00   8.7546512e+01   1.3596008e+02
   4.3000000e+00   1.9754651e+02   1.2456008e+02
   4.4000000e+00   1.2554651e+02  -1.1559915e+01
   4.5000000e+00   3.0654651e+02   2.4200085e+01
   4.6000000e+00   2.1154651e+02   1.5800008e+02
   4.7000000e+00   1.0654651e+02   8.9200085e+01
   4.8000000e+00   1.0354651e+02   1.1132008e+02
   4.9000000e+00   1.7654651e+02   6.1400085e+01
   5.0000000e+00   2.9254651e+02   9.8760085e+01
   5.1000000e+00   3.2754651e+02   1.2436008e+02
   5.2000000e+00   2.0454651e+02   3.7280085e+01
   5.3000000e+00   1.6154651e+02   6.9000085e+01
   5.4000000e+00   1.5054651e+02   1.4044008e+02
   5.5000000e+00   1.9954651e+02   4.4480085e+01
   5.6000000e+00   1.4954651e+02   1.2048008e+02
   5.7000000e+00   2.7154651e+02   8.3600085e+01
   5.8000000e+00   1.2054651e+02   9.9640085e+01
   5.9000000e+00   1.4354651e+02   3.0720085e+01
   6.0000000e+00   2.1654651e+02   9.0800085e+01
   6.1000000e+00   1.2954651e+02   3.9280085e+01
   6.2000000e+00   2.7154651e+02   9.2600085e+01
   6.3000000e+00   2.0654651e+02   6.4200085e+01
   6.4000000e+00   2.2154651e+02  -1.3999154e+00
   6.5000000e+00   1.0654651e+02   2.5200085e+01
   6.6000000e+00   1.4754651e+02   8.6560085e+01
   6.7000000e+00   1.9654651e+02   2.1600085e+01
   6.8000000e+00   8.6546512e+01   2.7000085e+01
   6.9000000e+00   2.2254651e+02   7.3560085e+01
   7.0000000e+00   4.2754651e+02   3.3600846e+00
   7.1000000e+00   2.0854651e+02   7.2120085e+01
   7.2000000e+00   1.5454651e+02   8.9280085e+01
   7.3000000e+00   1.0954651e+02   1.3608008e+02
   7.4000000e+00   1.7454651e+02   1.1348008e+02
   7.5000000e+00   9.7546512e+01   4.3560085e+01
   7.6000000e+00   2.2954651e+02   8.1280085e+01
   7.7000000e+00   2.2054651e+02   8.6400846e+00
   7.8000000e+00   1.3654651e+02   5.2000085e+01
   7.9000000e+00   1.2854651e+02   1.0432008e+02
   8.0000000e+00   1.9054651e+02   7.6840085e+01
   8.1000000e+00   1.1254651e+02   5.6960085e+01
   8.2000000e+00   1.3754651e+02   6.9960085e+01
   8.3000000e+00   2.3554651e+02   8.2040085e+01
   8.4000000e+00   5.3546512e+01   5.3320085e+01
   8.5000000e+00   2.1654651e+02   5.5800085e+01
   8.6000000e+00   1.9454651e+02   1.9680085e+01
   8.7000000e+00   1.7354651e+02   8.6520085e+01
   8.8000000e+00   7.8546512e+01   2.2320085e+01
   8.9000000e+00   1.9954651e+02   7.6480085e+01
   9.0000000e+00   1.4754651e+02   9.2560085e+01
   9.1000000e+00   1.8654651e+02   9.1000085e+01
   9.2000000e+00   9.9546512e+01   1.3948008e+02
   9.3000000e+00   1.9454651e+02   1.0680085e+01
   9.4000000e+00   1.7454651e+02   1.1448008e+02
   9.5000000e+00   2.1454651e+02   6.7880085e+01
   9.6000000e+00   1.8754651e+02   1.2196008e+02
   9.7000000e+00   3.5054651e+02   8.1440085e+01
   9.8000000e+00   3.1354651e+02   1.8920085e+01
   9.9000000e+00   2.4154651e+02   1.5880008e+02
   1.0000000e+01   1.6454651e+02   2.3880085e+01
   1.0100000e+01   2.0554651e+02   8.0240085e+01
   1.0200000e+01   3.4254651e+02   8.1760085e+01
   1.0300000e+01   1.5854651e+02   1.1012008e+02
   1.0400000e+01   2.0954651e+02  -1.1919915e+01
   1.0500000e+01   3.1854651e+02   1.1072008e+02
   1.0600000e+01   1.8354651e+02   3.9120085e+01
   1.0700000e+01   1.8954651e+02   4.2880085e+01
   1.0800000e+01   3.7354651e+02   6.0520085e+01
   1.0900000e+01   2.1754651e+02   3.7760085e+01
   1.1000000e+01   1.5254651e+02   3.7360085e+01
   1.1100000e+01   5.6546512e+01   1.3200085e+01
   1.1200000e+01   1.4754651e+02   4.0560085e+01
   1.1300000e+01   2.0854651e+02   8.3120085e+01
   1.1400000e+01   1.7354651e+02   1.2452008e+02
   1.1500000e+01   9.1546512e+01   5.6800085e+01
   1.1600000e+01   2.3254651e+02   8.0160085e+01
   1.1700000e+01   1.5154651e+02   5.4000846e+00
   1.1800000e+01   1.1554651e+02   8.8840085e+01
   1.1900000e+01   2.2454651e+02   4.5480085e+01
   1.2000000e+01   1.4754651e+02  -5.4399154e+00
   1.2100000e+01   1.1454651e+02   2.9880085e+01
   1.2200000e+01   2.4854651e+02   4.2520085e+01
   1.2300000e+01   8.2546512e+01   7.2160085e+01
   1.2400000e+01   2.2654651e+02   6.3400085e+01
   1.2500000e+01   4.3546512e+01   3.9720085e+01
   1.2600000e+01   2.1054651e+02   1.2304008e+02
   1.2700000e+01   1.7954651e+02   4.8280085e+01
   1.2800000e+01   1.4254651e+02   1.1376008e+02
   1.2900000e+01   2.5654651e+02   1.2820008e+02
   1.3000000e+01   1.6654651e+02   1.0080008e+02
   1.3100000e+01   1.9154651e+02   9.4800085e+01
   1.3200000e+01   4.2546512e+01   8.5760085e+01
   1.3300000e+01   3.1754651e+02   2.1760085e+01
   1.3400000e+01   2.3754651e+02   2.6960085e+01
   1.3500000e+01   2.6254651e+02   1.5296008e+02
   1.3600000e+01   2.5454651e+02   1.3028008e+02
   1.3700000e+01   1.6854651e+02   6.9720085e+01
   1.3800000e+01   4.3546512e+01   1.2172008e+02
   1.3900000e+01   4.9546512e+01   1.1248008e+02
   1.4000000e+01   2.2754651e+02   6.3360085e+01
   1.4100000e+01   2.2454651e+02   1.1948008e+02
   1.4200000e+01   1.9454651e+02   7.4680085e+01
   1.4300000e+01   9.8546512e+01   1.4552008e+02
   1.4400000e+01   1.5854651e+02   9.7120085e+01
   1.4500000e+01   2.7254651e+02   5.7560085e+01
   1.4600000e+01   4.5654651e+02   3.4200085e+01
   1.4700000e+01   2.2754651e+02   3.6008457e-01
   1.4800000e+01   3.2954651e+02   5.8280085e+01
   1.4900000e+01   5.5254651e+02   6.8360085e+01
   1.5000000e+01   2.8354651e+02   9.8120085e+01
   1.5100000e+01   9.4546512e+01   9.0680085e+01
   1.5200000e+01   1.3154651e+02   1.1020008e+02
   1.5300000e+01   3.1754651e+02   9.8760085e+01
   1.5400000e+01   2.4854651e+02   7.6520085e+01
   1.5500000e+01   2.2054651e+02   3.7640085e+01
   1.5600000e+01   2.7154651e+02   8.6600085e+01
   1.5700000e+01   1.9254651e+02   3.3760085e+01
   1.5800000e+01   1.8654651e+02   6.7000085e+01
   1.5900000e+01   1.2354651e+02   6.4520085e+01
   1.6000000e+01   1.6154651e+02   3.0000085e+01
   1.6100000e+01   1.3454651e+02   1.2008008e+02
   1.6200000e+01   2.4554651e+02   1.3864008e+02
   1.6300000e+01   2.2254651e+02   9.0560085e+01
   1.6400000e+01   1.6454651e+02   1.5880085e+01
   1.6500000e+01   1.3554651e+02   3.4040085e+01
   1.6600000e+01   3.7054651e+02   2.3640085e+01
   1.6700000e+01   2.8546512e+01   7.8320085e+01
   1.6800000e+01   1.1654651e+02   1.3880008e+02
   1.6900000e+01   1.7254651e+02   1.1956008e+02
   1.7000000e+01   4.3546512e+01   8.4720085e+01
   1.7100000e+01   6.6546512e+01   9.9800085e+01
   1.7200000e+01   1.4754651e+02   5.5560085e+01
   1.7300000e+01   1.6154651e+02   8.7000085e+01
   1.7400000e+01   1.3054651e+02   3.9240085e+01
   1.7500000e+01   1.3154651e+02   8.6200085e+01
   1.7600000e+01   1.4454651e+02   1.2368008e+02
   1.7700000e+01   2.3354651e+02   4.3120085e+01
   1.7800000e+01   4.7546512e+01   5.7560085e+01
   1.7900000e+01   5.5546512e+01   2.9240085e+01
   1.8000000e+01   1.9854651e+02   9.6520085e+01
   1.8100000e+01   2.0954651e+02   1.0508008e+02
   1.8200000e+01   2.4454651e+02   1.8768008e+02
   1.8300000e+01   2.1154651e+02   1.1200008e+02
   1.8400000e+01   3.2954651e+02   8.1280085e+01
   1.8500000e+01   1.6054651e+02   3.3040085e+01
   1.8600000e+01   1.1254651e+02   4.4960085e+01
   1.8700000e+01   1.7054651e+02   5.8640085e+01
   1.8800000e+01   1.7254651e+02   4.0560085e+01
   1.8900000e+01   7.9546512e+01   7.2800846e+00
   1.9000000e+01   1.6454651e+02   9.3880085e+01
   1.9100000e+01   1.9054651e+02   8.9840085e+01
   1.9200000e+01   1.2954651e+02   6.3280085e+01
   1.9300000e+01   2.6154651e+02   1.1200008e+02
   1.9400000e+01   1.5554651e+02   2.4008457e-01
   1.9500000e+01   2.3354651e+02   4.2120085e+01
   1.9600000e+01   1.5854651e+02   1.0112008e+02
   1.9700000e+01   2.5254651e+02  -1.1639915e+01
   1.9800000e+01   1.4054651e+02   4.9840085e+01
   1.9900000e+01   1.7454651e+02   4.4480085e+01
   2.0000000e+01   2.2054651e+02   7.1640085e+01
   2.0100000e+01   2.3354651e+02   1.6120085e+01
   2.0200000e+01   6.6546512e+01   6.4800085e+01
   2.0300000e+01   1.8354651e+02   1.2212008e+02
   2.0400000e+01   1.1054651e+02   2.7040085e+01
   2.0500000e+01   9.2546512e+01   3.9760085e+01
   2.0600000e+01   1.2554651e+02   8.2440085e+01
   2.0700000e+01   1.5154651e+02  -7.5999154e+00
   2.0800000e+01   1.5054651e+02   5.9440085e+01
   2.0900000e+01   1.8654651e+02   1.0000008e+02
   2.1000000e+01   1.8654651e+02   1.1000008e+02
   2.1100000e+01   3.4654651e+02   9.0600085e+01
   2.1200000e+01   1.6754651e+02   1.0476008e+02
   2.1300000e+01   1.3354651e+02   2.9120085e+01
   2.1400000e+01   7.7546512e+01   8.1360085e+01
   2.1500000e+01   1.0354651e+02   2.3320085e+01
   2.1600000e+01   2.4546512e+01   6.9480085e+01
   2.1700000e+01   2.4354651e+02   1.7772008e+02
   2.1800000e+01   2.3254651e+02   6.1600846e+00
   2.1900000e+01   2.1954651e+02   3.7680085e+01
   2.2000000e+01   2.0454651e+02   2.6280085e+01
   2.2100000e+01   5.2546512e+01   4.4360085e+01
   2.2200000e+01   2.2754651e+02   5.1360085e+01
   2.2300000e+01   2.4154651e+02   5.8800085e+01
   2.2400000e+01   1.7954651e+02   2.2280085e+01
   2.2500000e+01   2.2154651e+02   7.3600085e+01
   2.2600000e+01   1.8454651e+02   1.8080085e+01
   2.2700000e+01   2.4554651e+02   2.7640085e+01
   2.2800000e+01   1.4854651e+02   3.7520085e+01
   2.2900000e+01   1.5554651e+02  -8.7599154e+00
   2.3000000e+01   2.6054651e+02   3.6040085e+01
   2.3100000e+01   2.0354651e+02   3.7320085e+01
   2.3200000e+01   8.3546512e+01   2.2120085e+01
   2.3300000e+01   1.7754651e+02   6.4360085e+01
   2.3400000e+01   3.4454651e+02   6.0680085e+01
   2.3500000e+01  -4.5348837e-01   1.1448008e+02
   2.3600000e+01   1.9554651e+02   9.7640085e+01
   2.3700000e+01   2.4954651e+02   4.3480085e+01
   2.3800000e+01   3.3654651e+02   1.1500008e+02
   2.3900000e+01   1.3454651e+02  -1.8919915e+01
   2.4000000e+01   5.0546512e+01   1.2440085e+01
   2.4100000e+01   1.5554651e+02   1.0124008e+02
   2.4200000e+01   1.6554651e+02   7.8400846e+00
   2.4300000e+01   1.0554651e+02   8.5240085e+01
   2.4400000e+01   1.0054651e+02   8.6440085e+01
   2.4500000e+01   1.4854651e+02   3.5200846e+00
   2.4600000e+01   2.2854651e+02  -1.6799154e+00
   2.4700000e+01   1.2654651e+02   4.1400085e+01
   2.4800000e+01   2.3954651e+02   2.8800846e+00
   2.4900000e+01   1.2554651e+02  -5.5599154e+00
   2.5000000e+01   1.7054651e+02   2.2640085e+01
   2.5100000e+01   2.8954651e+02  -3.1119915e+01
   2.5200000e+01   2.5546512e+01   4.3440085e+01
   2.5300000e+01   1.0454651e+02   7.0280085e+01
   2.5400000e+01   1.7954651e+02   2.5280085e+01
   2.5500000e+01   1.8654651e+02   8.8000085e+01
   2.5600000e+01   2.0454651e+02   2.3280085e+01
   2.5700000e+01   9.4546512e+01   1.1268008e+02
   2.5800000e+01   1.6454651e+02   1.3880085e+01
   2.5900000e+01   2.3954651e+02   9.8880085e+01
   2.6000000e+01   1.9254651e+02   9.5760085e+01
   2.6100000e+01   1.3854651e+02   5.0920085e+01
   2.6200000e+01   1.4154651e+02   9.2800085e+01
   2.6300000e+01   1.5754651e+02   7.9160085e+01
   2.6400000e+01   1.9454651e+02   4.1680085e+01
   2.6500000e+01   2.5954651e+02   6.5080085e+01
   2.6600000e+01   1.8054651e+02   1.5240085e+01
   2.6700000e+01   2.0754651e+02   1.0716008e+02
   2.6800000e+01   2.3954651e+02   1.5088008e+02
   2.6900000e+01   4.0254651e+02   8.0360085e+01
   2.7000000e+01   1.9454651e+02   8.9680085e+01
   2.7100000e+01   1.1454651e+02   1.2788008e+02
   2.7200000e+01   2.0554651e+02   1.7224008e+02
   2.7300000e+01   2.0854651e+02   2.7120085e+01
   2.7400000e+01   1.2354651e+02   7.7520085e+01
   2.7500000e+01   1.6554651e+02  -4.1599154e+00
   2.7600000e+01   1.9954651e+02   1.2448008e+02
   2.7700000e+01   2.5854651e+02   1.0612008e+02
   2.7800000e+01   3.6654651e+02   1.0580008e+02
   2.7900000e+01   1.3854651e+02   7.2920085e+01
   2.8000000e+01   1.0654651e+02   1.1020008e+02
   2.8100000e+01   9.1546512e+01   6.2800085e+01
   2.8200000e+01   1.4654651e+02   1.4660008e+02
   2.8300000e+01   2.0154651e+02   1.0940008e+02
   2.8400000e+01   6.5546512e+01   3.5840085e+01
   2.8500000e+01   2.2054651e+02   1.1764008e+02
   2.8600000e+01   1.7254651e+02   7.6560085e+01
   2.8700000e+01   3.8546512e+01   2.9920085e+01
   2.8800000e+01   2.1354651e+02   6.2920085e+01
   2.8900000e+01   2.1754651e+02   7.7600846e+00
   2.9000000e+01   1.5954651e+02   5.3080085e+01
   2.9100000e+01   2.2054651e+02  -8.3599154e+00
   2.9200000e+01   2.1054651e+02   6.3040085e+01
   2.9300000e+01   2.8354651e+02   4.4120085e+01
   2.9400000e+01   2.0854651e+02   5.6120085e+01
   2.9500000e+01   3.6454651e+02   5.2880085e+01
   2.9600000e+01   1.4254651e+02   1.4976008e+02
   2.9700000e+01   2.6754651e+02   9.5760085e+01
   2.9800000e+01   1.0454651e+02   2.0028008e+02
   2.9900000e+01   1.9554651e+02   1.2064008e+02
   3.0000000e+01   3.1754651e+02   5.0760085e+01
   3.0100000e+01   1.1554651e+02   2.0284008e+02
   3.0200000e+01   1.5354651e+02   9.0320085e+01
   3.0300000e+01   1.7354651e+02   8.5520085e+01
   3.0400000e+01   2.5754651e+02   9.6160085e+01
   3.0500000e+01   2.3354651e+02   6.4120085e+01
   3.0600000e+01   1.1954651e+02   1.0768008e+02
   3.0700000e+01   1.4254651e+02   5.6760085e+01
   3.0800000e+01   8.2546512e+01   4.0160085e+01
   3.0900000e+01   1.5354651e+02   1.0132008e+02
   3.1000000e+01   1.2054651e+02   6.9640085e+01
   3.1100000e+01   2.5465116e+00   5.3360085e+01
   3.1200000e+01   2.1254651e+02   2.4960085e+01
   3.1300000e+01   9.4546512e+01   5.5680085e+01
   3.1400000e+01   1.5554651e+02   3.4240085e+01
   3.1500000e+01   3.6254651e+02   3.8960085e+01
   3.1600000e+01   6.7546512e+01   1.2576008e+02
   3.1700000e+01   1.3354651e+02   1.1612008e+02
   3.1800000e+01   1.4354651e+02   5.2720085e+01
   3.1900000e+01   1.9754651e+02  -9.4399154e+00
   3.2000000e+01   2.2954651e+02   7.1280085e+01
   3.2100000e+01   2.3454651e+02   1.1408008e+02
   3.2200000e+01   4.3454651e+02  -2.5919915e+01
   3.2300000e+01   3.6154651e+02   8.2000085e+01
   3.2400000e+01   1.7854651e+02   4.5320085e+01
   3.2500000e+01   2.5254651e+02   6.2360085e+01
   3.2600000e+01   2.4454651e+02   7.6800846e+00
   3.2700000e+01   3.6454651e+02   4.5880085e+01
   3.2800000e+01   2.6854651e+02  -1.3279915e+01
   3.2900000e+01   1.8254651e+02   1.0160085e+01
   3.3000000e+01   2.2154651e+02  -5.9399915e+01
   3.3100000e+01   4.1054651e+02   7.3040085e+01
   3.3200000e+01   1.4454651e+02   1.7680085e+01
   3.3300000e+01   2.5954651e+02  -2.5919915e+01
   3.3400000e+01   2.8754651e+02  -2.6039915e+01
   3.3500000e+01   1.5154651e+02   8.4000846e+00
   3.3600000e+01   1.9554651e+02   6.4008457e-01
   3.3700000e+01   2.3754651e+02   3.8960085e+01
   3.3800000e+01   1.5954651e+02  -2.6919915e+01
   3.3900000e+01   3.7254651e+02  -2.4439915e+01
   3.4000000e+01   2.0954651e+02   4.3080085e+01
   3.4100000e+01   2.8254651e+02   3.3160085e+01
   3.4200000e+01   3.7054651e+02   1.9640085e+01
   3.4300000e+01   1.0954651e+02  -5.0919915e+01
   3.4400000e+01   1.8654651e+02  -4.9999154e+00
   3.4500000e+01   1.7454651e+02   3.3480085e+01
   3.4600000e+01   1.5054651e+02   2.1440085e+01
   3.4700000e+01   1.6454651e+02   1.8800846e+00
   3.4800000e+01   2.6754651e+02   1.1760085e+01
   3.4900000e+01   2.8054651e+02   4.1240085e+01
   3.5000000e+01   1.5854651e+02   5.0120085e+01
   3.5100000e+01   2.8754651e+02  -2.6039915e+01
   3.5200000e+01   2.9954651e+02   6.4800846e+00
   3.5300000e+01   3.1854651e+02   4.3720085e+01
   3.5400000e+01   1.5854651e+02   5.1120085e+01
   3.5500000e+01   1.4554651e+02   1.7640085e+01
   3.5600000e+01   1.5554651e+02  -5.1759915e+01
   3.5700000e+01   2.7654651e+02  -1.8599915e+01
   3.5800000e+01   5.8546512e+01  -4.8799154e+00
   3.5900000e+01   1.8354651e+02  -1.7879915e+01
   3.6000000e+01   1.1954651e+02   6.8008457e-01
   3.6100000e+01   1.6454651e+02   8.8800846e+00
   3.6200000e+01   2.0954651e+02   9.0800846e+00
   3.6300000e+01   1.6054651e+02   5.6040085e+01
   3.6400000e+01   2.5754651e+02  -5.0839915e+01
   3.6500000e+01   2.5554651e+02   4.7240085e+01
   3.6600000e+01   1.7954651e+02  -2.6719915e+01
   3.6700000e+01   1.6454651e+02  -1.6119915e+01
   3.6800000e+01   1.1254651e+02   1.0296008e+02
   3.6900000e+01   2.0754651e+02  -2.8399154e+00
   3.7000000e+01   2.3754651e+02  -2.7039915e+01
   3.7100000e+01   4.1054651e+02   3.1040085e+01
   3.7200000e+01   2.2854651e+02   8.0320085e+01
   3.7300000e+01   1.9654651e+02   3.3600085e+01
   3.7400000e+01   2.5654651e+02  -7.9991543e-01
   3.7500000e+01   9.6546512e+01   2.7600085e+01
   3.7600000e+01   1.1454651e+02   2.2880085e+01
   3.7700000e+01   2.8154651e+02   2.2200085e+01
   3.7800000e+01   2.2554651e+02  -1.5599154e+00
   3.7900000e+01   3.2154651e+02  -1.5399915e+01
   3.8000000e+01   6.5546512e+01   5.8840085e+01
   3.8100000e+01   2.0954651e+02  -7.9199154e+00
   3.8200000e+01   1.6654651e+02  -1.3199915e+01
   3.8300000e+01   5.1546512e+01   5.8400085e+01
   3.8400000e+01   2.5254651e+02  -6.6399154e+00
   3.8500000e+01   2.9854651e+02  -1.4799154e+00
   3.8600000e+01   1.3754651e+02   4.2960085e+01
   3.8700000e+01   3.9354651e+02  -2.5279915e+01
   3.8800000e+01   2.8354651e+02   1.2008457e-01
   3.8900000e+01   1.7854651e+02   1.3200846e+00
   3.9000000e+01   2.1854651e+02   3.3720085e+01
   3.9100000e+01   2.2754651e+02  -1.3639915e+01
   3.9200000e+01   2.3754651e+02  -1.1039915e+01
   3.9300000e+01   2.6054651e+02   2.0400846e+00
   3.9400000e+01   2.2454651e+02  -6.5199154e+00
   3.9500000e+01   1.5454651e+02  -7.1991543e-01
   3.9600000e+01   2.7354651e+02  -3.3479915e+01
   3.9700000e+01   1.7154651e+02  -4.6399915e+01
   3.9800000e+01   1.8154651e+02   1.3200085e+01
   3.9900000e+01   2.8154651e+02  -1.8799915e+01
   4.0000000e+01   1.4254651e+02  -1.4239915e+01
   4.0100000e+01   1.1454651e+02  -3.6119915e+01
   4.0200000e+01   1.8454651e+02   6.0800846e+00
   4.0300000e+01   4.0254651e+02   9.3600846e+00
   4.0400000e+01   2.4554651e+02  -3.9359915e+01
   4.0500000e+01   2.3554651e+02   1.5040085e+01
   4.0600000e+01   4.3354651e+02  -1.2879915e+01
   4.0700000e+01   1.3454651e+02   1.3080085e+01
   4.0800000e+01   2.4854651e+02   5.3520085e+01
   4.0900000e+01   2.9254651e+02  -1.4239915e+01
   4.1000000e+01   2.7354651e+02  -3.4799154e+00
   4.1100000e+01   1.6654651e+02   2.3800085e+01
   4.1200000e+01   4.4654651e+02  -5.1399915e+01
   4.1300000e+01   2.2554651e+02   4.9440085e+01
   4.1400000e+01   1.7054651e+02   8.7640085e+01
   4.1500000e+01   2.9754651e+02   4.0560085e+01
   4.1600000e+01   1.9054651e+02   2.8840085e+01
   4.1700000e+01   2.7254651e+02  -6.4399154e+00
   4.1800000e+01   3.2454651e+02   3.1480085e+01
   4.1900000e+01   2.3454651e+02   4.5080085e+01
   4.2000000e+01   1.8654651e+02  -1.6999915e+01
   4.2100000e+01   2.2154651e+02   6.0008457e-01
   4.2200000e+01   2.6954651e+02   4.6800846e+00
   4.2300000e+01   1.5854651e+02   3.1120085e+01
   4.2400000e+01   1.6654651e+02   9.8000846e+00
   4.2500000e+01   8.1546512e+01   6.2000846e+00
   4.2600000e+01  -5.1453488e+01   1.5200846e+00
   4.2700000e+01  -4.7453488e+01   1.1360085e+01
   4.2800000e+01   5.5465116e+00   8.2400846e+00
   4.2900000e+01  -6.4453488e+01  -1.4959915e+01
   4.3000000e+01  -1.1245349e+02   2.2960085e+01
   4.3100000e+01  -7.3453488e+01   2.4000846e+00
   4.3200000e+01   7.5465116e+00  -7.8399154e+00
   4.3300000e+01  -2.4534884e+00   3.3560085e+01
   4.3400000e+01  -4.7453488e+01  -2.2639915e+01
   4.3500000e+01   5.0546512e+01   3.8440085e+01
   4.3600000e+01   1.5465116e+00   1.4400085e+01
   4.3700000e+01   1.1954651e+02   5.8680085e+01
   4.3800000e+01  -4.3453488e+01  -2.8799915e+01
   4.3900000e+01  -1.5453488e+01   2.5080085e+01
   4.4000000e+01  -6.7453488e+01   4.6160085e+01
   4.4100000e+01   1.4546512e+01  -2.7119915e+01
   4.4200000e+01  -2.4453488e+01   1.0144008e+02
   4.4300000e+01  -6.4534884e+00   3.7720085e+01
   4.4400000e+01   4.0546512e+01  -3.1599154e+00
   4.4500000e+01   8.6546512e+01  -1.9999915e+01
   4.4600000e+01   7.5465116e+00   3.0160085e+01
   4.4700000e+01  -1.4534884e+00   5.0520085e+01
   4.4800000e+01   4.6546512e+01  -1.5399915e+01
   4.4900000e+01  -1.5453488e+01  -1.0919915e+01
   4.5000000e+01  -7.4534884e+00  -1.6239915e+01
   4.5100000e+01   2.4546512e+01  -2.2519915e+01
   4.5200000e+01   6.5465116e+00   1.1200085e+01
   4.5300000e+01  -4.2453488e+01   3.3160085e+01
   4.5400000e+01  -5.9453488e+01   1.8840085e+01
   4.5500000e+01  -2.9453488e+01   9.6400846e+00
   4.5600000e+01  -2.7453488e+01  -2.7439915e+01
   4.5700000e+01   2.0546512e+01   9.6400846e+00
   4.5800000e+01   5.0546512e+01   4.4008457e-01
   4.5900000e+01  -1.1453488e+01   8.9200846e+00
   4.6000000e+01  -6.5453488e+01   4.0800846e+00
   4.6100000e+01  -3.0453488e+01   1.7680085e+01
   4.6200000e+01  -2.4453488e+01   3.2440085e+01
   4.6300000e+01  -4.8453488e+01  -1.3599915e+01
   4.6400000e+01   6.8546512e+01  -3.0279915e+01
   4.6500000e+01   7.5465116e+00  -6.8399154e+00
   4.6600000e+01  -6.4453488e+01   7.4040085e+01
   4.6700000e+01   2.9546512e+01  -4.0719915e+01
   4.6800000e+01  -7.4534884e+00  -4.2399154e+00
   4.6900000e+01   4.6546512e+01   3.6000846e+00
   4.7000000e+01  -3.9453488e+01   1.4040085e+01
   4.7100000e+01   1.3546512e+01   6.9200846e+00
   4.7200000e+01   8.3546512e+01  -2.6879915e+01
   4.7300000e+01   3.3546512e+01   4.5120085e+01
   4.7400000e+01   3.5546512e+01   4.2040085e+01
   4.7500000e+01   6.6546512e+01  -3.1199915e+01
   4.7600000e+01  -1.7453488e+01  -6.8399154e+00
   4.7700000e+01  -9.2453488e+01   6.5160085e+01
   4.7800000e+01  -1.8453488e+01   4.2000846e+00
   4.7900000e+01   6.2546512e+01   2.0960085e+01
   4.8000000e+01   2.5465116e+00  -6.6399154e+00
   4.8100000e+01   5.9546512e+01   3.8080085e+01
   4.8200000e+01  -3.4534884e+00  -1.3999154e+00
   4.8300000e+01   1.1754651e+02   1.9760085e+01
   4.8400000e+01   2.8546512e+01   1.3200846e+00
   4.8500000e+01   8.0546512e+01   1.2400846e+00
   4.8600000e+01   1.0654651e+02   3.2200085e+01
   4.8700000e+01   9.2546512e+01   9.7600846e+00
   4.8800000e+01   6.5546512e+01  -6.1599154e+00
   4.8900000e+01   1.4754651e+02  -2.2439915e+01
   4.9000000e+01   6.3546512e+01   2.4920085e+01
   4.9100000e+01  -4.7453488e+01   3.0360085e+01
   4.9200000e+01   1.8546512e+01  -3.3279915e+01
   4.9300000e+01   2.5546512e+01   5.4400846e+00
   4.9400000e+01  -8.4534884e+00  -8.1999154e+00
   4.9500000e+01  -3.3453488e+01   7.2800085e+01
   4.9600000e+01   1.4546512e+01   6.7880085e+01
   4.9700000e+01   5.0546512e+01   2.1440085e+01
   4.9800000e+01   7.5465116e+00  -2.3839915e+01
   4.9900000e+01   9.6546512e+01   1.6600085e+01
   5.0000000e+01  -2.2453488e+01   3.9360085e+01
   5.0100000e+01   6.5546512e+01  -1.6159915e+01
   5.0200000e+01  -7.3453488e+01   3.2400085e+01
   5.0300000e+01   6.5465116e+00  -5.1799915e+01
   5.0400000e+01  -5.4453488e+01   2.3640085e+01
   5.0500000e+01  -4.7453488e+01   7.3600846e+00
   5.0600000e+01  -1.6453488e+01  -6.8799154e+00
   5.0700000e+01   3.1546512e+01  -3.2799915e+01
   5.0800000e+01   1.5546512e+01   2.0840085e+01
   5.0900000e+01  -4.9453488e+01   2.5440085e+01
   5.1000000e+01  -2.7453488e+01   1.5560085e+01
   5.1100000e+01   5.5546512e+01  -2.4759915e+01
   5.1200000e+01  -1.0453488e+01  -1.7119915e+01
   5.1300000e+01   7.5465116e+00   4.7160085e+01
   5.1400000e+01  -2.5453488e+01  -2.7519915e+01
   5.1500000e+01   1.1754651e+02   7.2760085e+01
   5.1600000e+01   1.6546512e+01   5.7800085e+01
   5.1700000e+01   6.7546512e+01   2.1760085e+01
   5.1800000e+01   2.6546512e+01  -1.5599915e+01
   5.1900000e+01  -4.3453488e+01  -3.7999154e+00
   5.2000000e+01  -2.1453488e+01   9.3200846e+00
   5.2100000e+01   3.8546512e+01  -2.3079915e+01
   5.2200000e+01  -6.6453488e+01   2.0120085e+01
   5.2300000e+01  -6.5453488e+01  -1.3919915e+01
   5.2400000e+01   9.5465116e+00  -3.7919915e+01
   5.2500000e+01   4.9546512e+01  -1.1519915e+01
   5.2600000e+01  -3.4534884e+00  -4.1399915e+01
   5.2700000e+01   5.5465116e+00  -2.8759915e+01
   5.2800000e+01  -1.7453488e+01  -3.4839915e+01
   5.2900000e+01  -1.1545349e+02  -1.2919915e+01
   5.3000000e+01   3.7546512e+01   6.3960085e+01
   5.3100000e+01   5.6546512e+01   4.3200085e+01
   5.3200000e+01   9.5465116e+00  -2.9199154e+00
   5.3300000e+01  -4.5348837e-01   2.3480085e+01
   5.3400000e+01  -7.7453488e+01  -1.3439915e+01
   5.3500000e+01   8.3546512e+01   3.1200846e+00
   5.3600000e+01  -4.6453488e+01  -1.1679915e+01
   5.3700000e+01  -5.9453488e+01  -1.9159915e+01
   5.3800000e+01  -3.4453488e+01  -1.1599154e+00
   5.3900000e+01   5.5546512e+01   4.6240085e+01
   5.4000000e+01   4.2546512e+01  -3.3239915e+01
   5.4100000e+01   3.7546512e+01   6.7960085e+01
   5.4200000e+01  -7.7453488e+01   7.5600846e+00
   5.4300000e+01   2.5546512e+01  -2.5599154e+00
   5.4400000e+01  -2.2453488e+01   3.5360085e+01
   5.4500000e+01  -2.9453488e+01   4.0640085e+01
   5.4600000e+01  -6.1453488e+01   1.5920085e+01
   5.4700000e+01  -9.1453488e+01  -2.9879915e+01
   5.4800000e+01   1.5546512e+01   3.9840085e+01
   5.4900000e+01   1.0546512e+01  -1.9599154e+00
   5.5000000e+01   5.3546512e+01  -2.3679915e+01
   5.5100000e+01   8.4546512e+01  -1.8919915e+01
   5.5200000e+01  -2.6453488e+01   5.2520085e+01
   5.5300000e+01   1.0546512e+01  -6.9599154e+00
   5.5400000e+01  -2.5453488e+01  -1.2519915e+01
   5.5500000e+01  -1.4534884e+00   1.4520085e+01
   5.5600000e+01   7.5465116e+00  -1.3839915e+01
   5.5700000e+01   9.7546512e+01   7.5560085e+01
   5.5800000e+01  -2.4534884e+00   1.3560085e+01
   5.5900000e+01   1.6546512e+01  -7.1999154e+00
   5.6000000e+01   1.5546512e+01  -2.1599154e+00
   5.6100000e+01  -1.5453488e+01   1.2080085e+01
   5.6200000e+01  -3.1453488e+01   5.7720085e+01
   5.6300000e+01   6.0546512e+01   3.3040085e+01
   5.6400000e+01   7.1546512e+01   3.9600085e+01
   5.6500000e+01  -1.3453488e+01   7.0000085e+01
   5.6600000e+01  -1.2453488e+01   6.4960085e+01
   5.6700000e+01   3.6546512e+01   6.0000846e+00
   5.6800000e+01  -4.3453488e+01   5.0200085e+01
   5.6900000e+01   2.1754651e+02   2.7600846e+00
   5.7000000e+01  -4.3453488e+01   1.0200085e+01
   5.7100000e+01  -5.4453488e+01   1.1640085e+01
   5.7200000e+01   1.1546512e+01   1.8000085e+01
   5.7300000e+01   5.9546512e+01   1.7080085e+01
   5.7400000e+01  -3.4534884e+00   7.2600085e+01
   5.7500000e+01   1.9546512e+01  -1.9319915e+01
   5.7600000e+01   4.9546512e+01  -1.9519915e+01
   5.7700000e+01   2.4546512e+01   1.5480085e+01
   5.7800000e+01   3.9546512e+01  -1.2119915e+01
   5.7900000e+01   1.3546512e+01  -2.7079915e+01
   5.8000000e+01   3.7546512e+01  -3.7039915e+01
   5.8100000e+01  -1.0845349e+02   8.8000846e+00
   5.8200000e+01   4.2546512e+01   3.0760085e+01
   5.8300000e+01  -1.2545349e+02   9.4800846e+00
   5.8400000e+01   4.5465116e+00  -1.1719915e+01
   5.8500000e+01   8.9546512e+01   2.5880085e+01
   5.8600000e+01  -4.3453488e+01   2.9200085e+01
   5.8700000e+01   1.9546512e+01   2.9680085e+01
   5.8800000e+01   4.6546512e+01  -6.3999154e+00
   5.8900000e+01   7.3546512e+01   3.2520085e+01
   5.9000000e+01  -2.4534884e+00   2.7560085e+01
   5.9100000e+01   8.4546512e+01   1.9080085e+01
   5.9200000e+01  -1.1453488e+01   1.3920085e+01
   5.9300000e+01   1.8546512e+01  -1.3279915e+01
   5.9400000e+01   5.5546512e+01   7.2400846e+00
   5.9500000e+01   1.5546512e+01  -4.1159915e+01
   5.9600000e+01  -3.7453488e+01  -2.4039915e+01
   5.9700000e+01  -5.4534884e+00  -1.3319915e+01
   5.9800000e+01   5.2546512e+01  -2.7639915e+01
   5.9900000e+01   6.3546512e+01  -3.3079915e+01
   6.0000000e+01   2.5465116e+00  -2.8639915e+01
   6.0100000e+01  -5.7453488e+01   2.1760085e+01
   6.0200000e+01   2.2546512e+01   7.5600846e+00
   6.0300000e+01  -8.6453488e+01   1.4920085e+01
   6.0400000e+01   2.1546512e+01  -2.4399915e+01
   6.0500000e+01  -1.2453488e+01   4.7960085e+01
   6.0600000e+01  -7.9453488e+01  -2.4359915e+01
   6.0700000e+01  -3.3453488e+01   8.8000846e+00
   6.0800000e+01  -5.7453488e+01  -2.2239915e+01
   6.0900000e+01   3.0546512e+01   3.1240085e+01
   6.1000000e+01   3.5465116e+00  -1.3679915e+01
   6.1100000e+01  -7.4534884e+00   2.8760085e+01
   6.1200000e+01   3.2546512e+01   6.1600846e+00
   6.1300000e+01  -7.0453488e+01  -7.7199154e+00
   6.1400000e+01  -4.6453488e+01  -2.5679915e+01
   6.1500000e+01   1.1754651e+02  -6.2399154e+00
   6.1600000e+01  -6.8453488e+01  -3.1799915e+01
   6.1700000e+01  -6.1453488e+01   7.9200846e+00
   6.1800000e+01  -7.4453488e+01  -2.5599154e+00
   6.1900000e+01   9.5465116e+00  -1.7919915e+01
   6.2000000e+01  -2.3453488e+01   4.0400085e+01
   6.2100000e+01   1.2546512e+01   5.3960085e+01
   6.2200000e+01  -2.2453488e+01   5.4360085e+01
   6.2300000e+01   8.3546512e+01   1.6120085e+01
   6.2400000e+01  -9.8453488e+01  -3.2599915e+01
   6.2500000e+01  -9.4534884e+00  -4.4159915e+01
   6.2600000e+01  -2.4534884e+00   9.0560085e+01
   6.2700000e+01  -1.2453488e+01   6.9600846e+00
   6.2800000e+01   6.6546512e+01  -5.1999154e+00
   6.2900000e+01  -1.8453488e+01  -4.2799915e+01
   6.3000000e+01  -7.6453488e+01   3.0520085e+01
   6.3100000e+01   3.7546512e+01   4.3960085e+01
   6.3200000e+01  -2.2453488e+01  -2.6399154e+00
   6.3300000e+01  -2.6453488e+01   4.5200846e+00
   6.3400000e+01  -4.4534884e+00  -5.3599154e+00
   6.3500000e+01  -2.1453488e+01   8.6320085e+01
   6.3600000e+01   1.5465116e+00   3.0400085e+01
   6.3700000e+01   1.8546512e+01  -1.8279915e+01
   6.3800000e+01  -1.1445349e+02  -1.3959915e+01
   6.3900000e+01  -1.3453488e+01  -3.1999915e+01
   6.4000000e+01  -3.4453488e+01  -4.1599154e+00
   6.4100000e+01   6.5546512e+01   4.8840085e+01
   6.4200000e+01   1.7546512e+01   2.3760085e+01
   6.4300000e+01  -4.8453488e+01  -2.5999154e+00
   6.4400000e+01  -4.4453488e+01   1.1240085e+01
   6.4500000e+01   4.5465116e+00   3.8280085e+01
   6.4600000e+01   1.9546512e+01   2.4680085e+01
   6.4700000e+01   7.3546512e+01   1.9520085e+01
   6.4800000e+01   4.2546512e+01   4.7600846e+00
   6.4900000e+01  -2.2453488e+01   3.3360085e+01
   6.5000000e+01  -3.9453488e+01  -1.4959915e+01
   6.5100000e+01  -1.9453488e+01   6.2400846e+00
   6.5200000e+01   1.2754651e+02  -1.2639915e+01
   6.5300000e+01   3.2546512e+01   3.1600846e+00
   6.5400000e+01  -5.2453488e+01   5.5600846e+00
   6.5500000e+01  -8.3453488e+01   2.8800085e+01
   6.5600000e+01   1.2546512e+01   8.2960085e+01
   6.5700000e+01   6.2546512e+01   2.7960085e+01
   6.5800000e+01  -4.5348837e-01   2.8480085e+01
   6.5900000e+01  -7.2453488e+01  -2.1639915e+01
   6.6000000e+01   1.1054651e+02  -1.9959915e+01
   6.6100000e+01  -1.2453488e+01   6.9600846e+00
   6.6200000e+01   1.6954651e+02  -1.0319915e+01
   6.6300000e+01  -1.0453488e+01  -3.8119915e+01
   6.6400000e+01  -2.9453488e+01  -4.3599154e+00
   6.6500000e+01   1.1546512e+01  -4.7999915e+01
   6.6600000e+01   7.7546512e+01   5.0360085e+01
   6.6700000e+01  -3.3453488e+01  -9.1999154e+00
   6.6800000e+01  -5.6453488e+01  -5.6279915e+01
   6.6900000e+01  -4.7453488e+01   2.6360085e+01
   6.7000000e+01  -3.4453488e+01   1.3284008e+02
   6.7100000e+01   7.1546512e+01   8.6000846e+00
   6.7200000e+01  -5.9453488e+01   5.8400846e+00
   6.7300000e+01  -3.5453488e+01   2.0880085e+01
   6.7400000e+01  -8.0453488e+01   1.3268008e+02
   6.7500000e+01   3.0546512e+01  -2.1759915e+01
   6.7600000e+01   7.8546512e+01  -3.4679915e+01
   6.7700000e+01  -3.5453488e+01   2.0880085e+01
   6.7800000e+01   1.1454651e+02  -6.1199154e+00
   6.7900000e+01   9.5465116e+00   2.7080085e+01
   6.8000000e+01  -2.7453488e+01  -1.1439915e+01
   6.8100000e+01  -2.1453488e+01   2.3320085e+01
   6.8200000e+01  -3.3453488e+01   3.4800085e+01
   6.8300000e+01   4.3546512e+01   1.7200846e+00
   6.8400000e+01   5.5465116e+00   1.2400846e+00
   6.8500000e+01  -1.0453488e+01  -1.6119915e+01
   6.8600000e+01   3.0546512e+01  -4.7599154e+00
   6.8700000e+01   6.5465116e+00   4.4200085e+01
   6.8800000e+01   8.9546512e+01   3.9880085e+01
   6.8900000e+01  -3.0453488e+01  -4.3199154e+00
   6.9000000e+01  -4.5348837e-01   2.4800846e+00
   6.9100000e+01   9.5465116e+00   8.0084567e-02
   6.9200000e+01   6.5465116e+00   3.4200085e+01
   6.9300000e+01  -8.4534884e+00  -3.2199915e+01
   6.9400000e+01   1.8546512e+01  -3.1279915e+01
   6.9500000e+01  -4.4534884e+00   3.8640085e+01
   6.9600000e+01   2.9546512e+01   2.2280085e+01
   6.9700000e+01   1.1546512e+01  -9.9991543e-01
   6.9800000e+01   2.2546512e+01   3.0560085e+01
   6.9900000e+01  -2.0453488e+01   2.1280085e+01
   7.0000000e+01  -2.4453488e+01   1.8440085e+01
   7.0100000e+01   3.3546512e+01   6.4120085e+01
   7.0200000e+01   2.4546512e+01  -9.5199154e+00
   7.0300000e+01   2.0546512e+01   7.6400846e+00
   7.0400000e+01   1.6546512e+01  -2.5199915e+01
   7.0500000e+01   4.3546512e+01  -2.2799154e+00
   7.0600000e+01   5.7546512e+01   6.1600846e+00
   7.0700000e+01  -1.4534884e+00   2.4520085e+01
   7.0800000e+01   9.8546512e+01   3.5200846e+00
   7.0900000e+01  -1.4534884e+00  -2.4799154e+00
   7.1000000e+01  -1.1453488e+01  -2.7079915e+01
   7.1100000e+01   1.5546512e+01   1.6840085e+01
   7.1200000e+01  -6.5453488e+01   1.0080085e+01
   7.1300000e+01   3.1546512e+01  -1.6799915e+01
   7.1400000e+01   7.5465116e+00   3.9160085e+01
   7.1500000e+01  -2.9453488e+01  -2.6359915e+01
   7.1600000e+01   7.5465116e+00  -2.2839915e+01
   7.1700000e+01   7.0546512e+01   1.8640085e+01
   7.1800000e+01   3.2546512e+01  -1.7839915e+01
   7.1900000e+01  -1.5453488e+01   1.1080085e+01
   7.2000000e+01   1.1454651e+02  -2.6119915e+01
   7.2100000e+01   2.1546512e+01   3.6000846e+00
   7.2200000e+01   6.2546512e+01   2.9600846e+00
   7.2300000e+01   1.9546512e+01  -2.7319915e+01
   7.2400000e+01   1.5546512e+01   2.8840085e+01
   7.2500000e+01   7.8546512e+01  -6.7991543e-01
   7.2600000e+01   7.5465116e+00   2.7160085e+01
   7.2700000e+01   1.2554651e+02   1.8440085e+01
   7.2800000e+01   3.4546512e+01   1.7080085e+01
   7.2900000e+01   5.4546512e+01   3.3280085e+01
   7.3000000e+01   5.5465116e+00   1.9240085e+01
   7.3100000e+01   4.6546512e+01   3.6000846e+00
   7.3200000e+01  -2.6453488e+01   4.5520085e+01
   7.3300000e+01   5.4546512e+01   7.7280085e+01
   7.3400000e+01  -2.1453488e+01  -2.2679915e+01
   7.3500000e+01   2.4546512e+01   4.5480085e+01
   7.3600000e+01   3.5546512e+01   2.7040085e+01
   7.3700000e+01  -1.9453488e+01   1.8240085e+01
   7.3800000e+01   2.5465116e+00   8.3600846e+00
   7.3900000e+01  -2.7453488e+01   3.5600846e+00
   7.4000000e+01  -1.4534884e+00  -1.5479915e+01
   7.4100000e+01   4.5546512e+01   2.2640085e+01
   7.4200000e+01   6.9546512e+01  -4.3199154e+00
   7.4300000e+01  -1.0453488e+01   8.8880085e+01
   7.4400000e+01   4.7546512e+01  -1.2439915e+01
   7.4500000e+01  -2.6453488e+01   3.5520085e+01
   7.4600000e+01  -3.1453488e+01   1.7720085e+01
   7.4700000e+01   6.5465116e+00   2.3200085e+01
   7.4800000e+01  -6.2453488e+01   4.9600846e+00
   7.4900000e+01  -7.4534884e+00   1.1760085e+01
   7.5000000e+01   1.4546512e+01  -1.7119915e+01
   7.5100000e+01  -1.9453488e+01   5.2400846e+00
   7.5200000e+01   1.1546512e+01  -1.1999915e+01
   7.5300000e+01   5.4651163e-01   7.4400846e+00
   7.5400000e+01   1.5546512e+01   9.8400846e+00
   7.5500000e+01  -5.6453488e+01  -1.2799154e+00
   7.5600000e+01   4.1546512e+01   2.7800085e+01
   7.5700000e+01   1.5654651e+02   2.8200085e+01
   7.5800000e+01   7.7546512e+01   4.5360085e+01
   7.5900000e+01   1.6546512e+01  -3.1999154e+00
   7.6000000e+01   4.5465116e+00   4.4280085e+01
   7.6100000e+01   1.0954651e+02  -1.5919915e+01
   7.6200000e+01   7.1546512e+01  -2.5399915e+01
   7.6300000e+01   9.4546512e+01  -2.2319915e+01
   7.6400000e+01  -1.7453488e+01  -1.2839915e+01
   7.6500000e+01   1.9546512e+01   7.6800846e+00
   7.6600000e+01  -2.8453488e+01   1.4600085e+01
   7.6700000e+01  -6.3453488e+01  -8.9999154e+00
   7.6800000e+01  -6.9453488e+01   2.4008457e-01
   7.6900000e+01   3.7546512e+01  -2.9039915e+01
   7.7000000e+01   5.7546512e+01  -3.2839915e+01
   7.7100000e+01  -4.3453488e+01  -2.0799915e+01
   7.7200000e+01   8.5465116e+00   1.5120085e+01
   7.7300000e+01  -1.4534884e+00  -4.3479915e+01
   7.7400000e+01   1.0546512e+01   9.0400846e+00
   7.7500000e+01   4.0546512e+01   1.7840085e+01
   7.7600000e+01  -8.2453488e+01  -1.6239915e+01
   7.7700000e+01   4.6546512e+01  -2.0399915e+01
   7.7800000e+01   6.1546512e+01  -1.9999154e+00
   7.7900000e+01  -3.9453488e+01  -6.9599154e+00
   7.8000000e+01  -6.4534884e+00  -3.2799154e+00
   7.8100000e+01  -5.3453488e+01   1.6000846e+00
   7.8200000e+01   6.3546512e+01   4.6920085e+01
   7.8300000e+01   1.2454651e+02  -2.3519915e+01
   7.8400000e+01   3.3546512e+01   4.2120085e+01
   7.8500000e+01   8.6546512e+01   7.0000846e+00
   7.8600000e+01   3.1546512e+01   2.1200085e+01
   7.8700000e+01  -1.7453488e+01   9.1600846e+00
   7.8800000e+01   4.4546512e+01  -8.3199154e+00
   7.8900000e+01   1.1954651e+02  -4.4319915e+01
   7.9000000e+01   3.1546512e+01  -2.0799915e+01
   7.9100000e+01   6.0546512e+01   4.4040085e+01
   7.9200000e+01   3.3546512e+01   3.7120085e+01
   7.9300000e+01  -1.0345349e+02   1.1600085e+01
   7.9400000e+01  -5.2453488e+01   4.4560085e+01
   7.9500000e+01  -3.2453488e+01   5.8760085e+01
   7.9600000e+01   9.3546512e+01   4.6720085e+01
   7.9700000e+01  -5.8453488e+01   8.8000846e+00
   7.9800000e+01  -3.1453488e+01   2.0720085e+01
   7.9900000e+01   6.5546512e+01   7.3840085e+01
   8.0000000e+01   4.5465116e+00   2.9280085e+01
   8.0100000e+01   3.7546512e+01   2.6960085e+01
   8.0200000e+01   1.0154651e+02   2.1400085e+01
   8.0300000e+01  -1.8453488e+01  -3.0799915e+01
   8.0400000e+01  -4.1453488e+01  -4.8799154e+00
   8.0500000e+01  -1.8453488e+01  -2.0799915e+01
   8.0600000e+01  -1.4534884e+00  -4.7479915e+01
   8.0700000e+01   7.7546512e+01   6.3600846e+00
   8.0800000e+01   1.5546512e+01  -1.5991543e-01
   8.0900000e+01   2.5465116e+00   9.3600846e+00
   8.1000000e+01  -1.5453488e+01   8.9080085e+01
   8.1100000e+01   3.9546512e+01   6.8800846e+00
   8.1200000e+01  -9.4534884e+00   1.0840085e+01
   8.1300000e+01  -8.2453488e+01   3.7600846e+00
   8.1400000e+01   4.8546512e+01  -5.1479915e+01
   8.1500000e+01   1.0546512e+01  -2.3959915e+01
   8.1600000e+01  -3.2453488e+01   1.7600846e+00
   8.1700000e+01   1.0654651e+02  -1.6799915e+01
   8.1800000e+01   1.4354651e+02  -5.2799154e+00
   8.1900000e+01   5.7546512e+01   2.5160085e+01
   8.2000000e+01  -1.6453488e+01  -1.0879915e+01
   8.2100000e+01   7.5546512e+01   1.6440085e+01
   8.2200000e+01  -7.4534884e+00   4.6760085e+01
   8.2300000e+01  -1.4534884e+00  -5.4799154e+00
   8.2400000e+01   5.3546512e+01  -2.3679915e+01
   8.2500000e+01   6.1546512e+01   1.7000085e+01
   8.2600000e+01   8.5546512e+01   4.7040085e+01
   8.2700000e+01   1.3546512e+01   1.0920085e+01
   8.2800000e+01   1.4546512e+01  -3.7119915e+01
   8.2900000e+01   4.2546512e+01  -3.2399154e+00
   8.3000000e+01  -6.4453488e+01   1.2040085e+01
   8.3100000e+01   1.5465116e+00   1.7400085e+01
   8.3200000e+01  -2.5453488e+01  -2.3519915e+01
   8.3300000e+01   6.9546512e+01   3.6800846e+00
   8.3400000e+01  -6.5453488e+01   1.2080085e+01
   8.3500000e+01  -7.0453488e+01  -1.6719915e+01
   8.3600000e+01  -6.8453488e+01  -1.3799915e+01
   8.3700000e+01   1.0546512e+01   2.2040085e+01
   8.3800000e+01   2.3546512e+01  -2.6479915e+01
   8.3900000e+01   1.5854651e+02  -2.0879915e+01
   8.4000000e+01   6.0546512e+01  -8.9599154e+00
   8.4100000e+01   2.6546512e+01  -6.5999154e+00
   8.4200000e+01  -1.3453488e+01  -5.9999154e+00
   8.4300000e+01  -1.5453488e+01  -3.9199154e+00
   8.4400000e+01   8.8546512e+01  -4.0799154e+00
   8.4500000e+01   4.5465116e+00   5.2800846e+00
   8.4600000e+01  -5.1453488e+01   2.1520085e+01
   8.4700000e+01  -2.5453488e+01   3.2480085e+01
   8.4800000e+01   8.5546512e+01   3.5040085e+01
   8.4900000e+01  -1.8453488e+01  -1.8799915e+01
   8.5000000e+01   1.2546512e+01   3.6960085e+01
   8.5100000e+01   4.5465116e+00  -5.0719915e+01
   8.5200000e+01   8.5465116e+00  -2.2879915e+01
   8.5300000e+01   3.5546512e+01  -3.9599154e+00
   8.5400000e+01   8.5465116e+00  -7.8799154e+00
   8.5500000e+01   2.5465116e+00  -3.0639915e+01
   8.5600000e+01  -3.4534884e+00   5.6000846e+00
   8.5700000e+01   1.5546512e+01  -2.0159915e+01
   8.5800000e+01  -9.2453488e+01   1.4160085e+01
   8.5900000e+01  -1.9453488e+01   2.4240085e+01
   8.6000000e+01   5.2546512e+01  -9.6399154e+00
   8.6100000e+01   3.1546512e+01   2.9200085e+01
   8.6200000e+01   2.8546512e+01  -6.6679915e+01
   8.6300000e+01  -2.4453488e+01  -1.5599154e+00
   8.6400000e+01   2.2546512e+01  -2.7439915e+01
   8.6500000e+01   7.5465116e+00   1.4160085e+01
   8.6600000e+01  -3.5453488e+01  -1.4119915e+01
   8.6700000e+01  -5.3453488e+01  -1.3399915e+01
   8.6800000e+01   3.4546512e+01   1.4080085e+01
   8.6900000e+01  -5.3453488e+01   3.4600085e+01
   8.7000000e+01  -2.5453488e+01  -2.9519915e+01
   8.7100000e+01  -3.1453488e+01   3.4720085e+01
   8.7200000e+01   6.8546512e+01  -2.4279915e+01
   8.7300000e+01   2.8546512e+01  -2.3679915e+01
   8.7400000e+01  -2.2453488e+01  -2.8639915e+01
   8.7500000e+01   8.8546512e+01  -2.2079915e+01
   8.7600000e+01  -3.3453488e+01  -2.9199915e+01
   8.7700000e+01   6.9546512e+01  -5.3199154e+00
   8.7800000e+01   6.5465116e+00  -1.9799915e+01
   8.7900000e+01   1.3546512e+01  -2.1079915e+01
   8.8000000e+01  -3.4534884e+00   3.9600085e+01
   8.8100000e+01  -5.4453488e+01   6.3640085e+01
   8.8200000e+01  -5.5453488e+01   4.9680085e+01
   8.8300000e+01   6.0546512e+01   4.8040085e+01
   8.8400000e+01   1.7546512e+01  -2.1239915e+01
   8.8500000e+01  -2.4534884e+00  -6.4399154e+00
   8.8600000e+01  -2.4534884e+00   1.1560085e+01
   8.8700000e+01  -3.8453488e+01  -2.3999915e+01
   8.8800000e+01  -1.9453488e+01   4.5240085e+01
   8.8900000e+01   2.0546512e+01  -4.3599154e+00
   8.9000000e+01   5.7546512e+01   2.1160085e+01
   8.9100000e+01  -3.4453488e+01   1.5840085e+01
   8.9200000e+01   1.1754651e+02   1.3760085e+01
   8.9300000e+01   1.0754651e+02  -5.8839915e+01
   8.9400000e+01  -5.1453488e+01  -1.4479915e+01
   8.9500000e+01   2.4546512e+01   3.1480085e+01
   8.9600000e+01   1.7454651e+02   1.4800846e+00
   8.9700000e+01  -8.0453488e+01  -1.4319915e+01
   8.9800000e+01   2.1546512e+01  -1.2399915e+01
   8.9900000e+01   1.1354651e+02  -3.8079915e+01
   9.0000000e+01   2.1546512e+01  -1.5399915e+01
   9.0100000e+01  -3.0453488e+01  -1.3199154e+00
   9.0200000e+01  -4.8453488e+01  -2.1599915e+01
   9.0300000e+01  -1.6453488e+01   1.4120085e+01
   9.0400000e+01  -4.9453488e+01  -2.1559915e+01
   9.0500000e+01   8.7546512e+01   1.3960085e+01
   9.0600000e+01   1.7954651e+02   1.3280085e+01
   9.0700000e+01   3.9546512e+01  -4.7119915e+01
   9.0800000e+01  -4.8453488e+01   2.5400085e+01
   9.0900000e+01   8.2546512e+01  -2.2839915e+01
   9.1000000e+01  -1.4453488e+01  -1.3959915e+01
   9.1100000e+01   1.0054651e+02  -1.6559915e+01
   9.1200000e+01   1.3754651e+02  -5.0399154e+00
   9.1300000e+01  -5.1453488e+01   1.4520085e+01
   9.1400000e+01  -4.3453488e+01   1.2200085e+01
   9.1500000e+01   3.8546512e+01   2.2920085e+01
   9.1600000e+01  -4.6453488e+01  -3.0679915e+01
   9.1700000e+01  -2.3453488e+01  -1.5999154e+00
   9.1800000e+01  -2.8453488e+01  -1.5399915e+01
   9.1900000e+01  -5.9453488e+01   2.9840085e+01
   9.2000000e+01  -5.6453488e+01  -2.2799154e+00
   9.2100000e+01  -6.7453488e+01  -1.5839915e+01
   9.2200000e+01  -1.3445349e+02   4.6840085e+01
   9.2300000e+01   4.0546512e+01   8.4008457e-01
   9.2400000e+01  -3.5453488e+01  -2.5119915e+01
   9.2500000e+01  -6.8453488e+01  -5.8799915e+01
   9.2600000e+01  -1.2453488e+01  -1.5039915e+01
   9.2700000e+01  -2.0453488e+01  -1.1719915e+01
   9.2800000e+01   1.7546512e+01  -1.8239915e+01
   9.2900000e+01   4.7546512e+01  -4.3439915e+01
   9.3000000e+01  -3.6453488e+01   2.5920085e+01
   9.3100000e+01  -1.2453488e+01  -2.4039915e+01
   9.3200000e+01  -4.7453488e+01   1.1360085e+01
   9.3300000e+01   9.2546512e+01  -2.5239915e+01
   9.3400000e+01   7.5465116e+00  -3.8399154e+00
   9.3500000e+01  -6.4453488e+01   5.1040085e+01
   9.3600000e+01  -5.5453488e+01   9.6800846e+00
   9.3700000e+01   2.5546512e+01  -1.2559915e+01
   9.3800000e+01  -6.4453488e+01  -2.1959915e+01
   9.3900000e+01  -6.4453488e+01  -6.9599154e+00
   9.4000000e+01   1.1154651e+02  -6.9999154e+00
   9.4100000e+01   1.0546512e+01  -3.2959915e+01
   9.4200000e+01  -4.6453488e+01   3.9320085e+01
   9.4300000e+01  -4.5348837e-01   1.6480085e+01
   9.4400000e+01  -6.4453488e+01   2.5040085e+01
   9.4500000e+01   1.9546512e+01  -6.3199154e+00
   9.4600000e+01  -4.5348837e-01  -1.1519915e+01
   9.4700000e+01  -8.4534884e+00   8.0008457e-01
   9.4800000e+01  -4.3453488e+01  -4.7999154e+00
   9.4900000e+01   4.7546512e+01  -1.5439915e+01
   9.5000000e+01   1.4454651e+02   3.9680085e+01
   9.5100000e+01   1.0546512e+01   2.1040085e+01
   9.5200000e+01   9.5465116e+00  -2.7919915e+01
   9.5300000e+01   8.5465116e+00  -1.7879915e+01
   9.5400000e+01  -5.7453488e+01  -4.5239915e+01
   9.5500000e+01  -5.8453488e+01   7.8000846e+00
   9.5600000e+01   7.9546512e+01   3.0280085e+01
   9.5700000e+01   8.3546512e+01   8.1200846e+00
   9.5800000e+01  -5.6453488e+01   7.3720085e+01
   9.5900000e+01  -2.4534884e+00  -2.6439915e+01
   9.6000000e+01   3.2546512e+01  -1.9839915e+01
   9.6100000e+01  -2.4534884e+00  -1.3439915e+01
   9.6200000e+01  -7.2453488e+01   1.3360085e+01
   9.6300000e+01   2.8546512e+01  -6.6799154e+00
   9.6400000e+01   1.7546512e+01   4.1760085e+01
   9.6500000e+01  -1.0453488e+01   5.8800846e+00
   9.6600000e+01  -4.9453488e+01   2.7440085e+01
   9.6700000e+01  -6.3453488e+01  -1.4999915e+01
   9.6800000e+01  -5.4453488e+01   8.6400846e+00
   9.6900000e+01   1.3546512e+01   3.9200846e+00
   9.7000000e+01   5.6546512e+01  -3.3799915e+01
   9.7100000e+01  -6.8453488e+01   1.5200085e+01
   9.7200000e+01  -6.8453488e+01   3.4200085e+01
   9.7300000e+01  -3.0453488e+01   4.9680085e+01
   9.7400000e+01  -9.4534884e+00  -1.6159915e+01
   9.7500000e+01  -1.5453488e+01   3.2080085e+01
   9.7600000e+01  -3.7453488e+01   8.6960085e+01
   9.7700000e+01   7.9546512e+01   8.8280085e+01
   9.7800000e+01   1.0954651e+02  -1.6919915e+01
   9.7900000e+01  -6.4534884e+00  -1.0279915e+01
   9.8000000e+01   1.4546512e+01  -8.1199154e+00
   9.8100000e+01   7.6546512e+01  -9.5999154e+00
   9.8200000e+01  -2.4453488e+01  -1.5599154e+00
   9.8300000e+01  -5.9453488e+01  -6.1599154e+00
   9.8400000e+01   4.6546512e+01  -2.2399915e+01
   9.8500000e+01   1.0546512e+01   3.0400846e+00
   9.8600000e+01   1.5546512e+01  -6.1599154e+00
   9.8700000e+01   1.6546512e+01   1.4180008e+02
   9.8800000e+01   2.0546512e+01   9.6400846e+00
   9.8900000e+01   6.5465116e+00   3.4200085e+01
   9.9000000e+01   6.5465116e+00   4.2000846e+00
   9.9100000e+01   8.0546512e+01   2.3240085e+01
   9.9200000e+01  -3.0453488e+01   1.7680085e+01
   9.9300000e+01  -7.0453488e+01  -1.9719915e+01
   9.9400000e+01  -3.2453488e+01  -1.6239915e+01
   9.9500000e+01   4.5465116e+00   1.6280085e+01
   9.9600000e+01   8.3546512e+01   2.0120085e+01
   9.9700000e+01  -3.8453488e+01   6.0000085e+01
   9.9800000e+01   8.5465116e+00  -1.0879915e+01
   9.9900000e+01  -3.4534884e+00  -2.0399915e+01
   1.0000000e+02  -7.4534884e+00   5.7600846e+00
   1.0010000e+02   1.4354651e+02   4.7200846e+00
   1.0020000e+02  -5.7453488e+01   6.3760085e+01
   1.0030000e+02   4.4546512e+01  -1.5319915e+01
   1.0040000e+02  -2.9453488e+01   8.3640085e+01
   1.0050000e+02   7.8546512e+01  -2.3679915e+01
   1.0060000e+02   4.0546512e+01  -3.9159915e+01
   1.0070000e+02  -1.2453488e+01  -1.3039915e+01
   1.0080000e+02   3.2546512e+01   9.1600846e+00
   1.0090000e+02   3.8546512e+01  -3.0079915e+01
   1.0100000e+02  -5.5453488e+01  -2.3199154e+00
   1.0110000e+02  -5.1453488e+01  -1.9479915e+01
   1.0120000e+02   2.5546512e+01  -1.1559915e+01
   1.0130000e+02   1.9546512e+01   1.0680085e+01
   1.0140000e+02  -3.9453488e+01   4.3040085e+01
   1.0150000e+02  -7.1453488e+01   3.3200846e+00
   1.0160000e+02  -1.0453488e+01   6.8800846e+00
   1.0170000e+02   3.0546512e+01  -4.7599154e+00
   1.0180000e+02  -1.0345349e+02   2.6000846e+00
   1.0190000e+02   5.1546512e+01  -5.4599915e+01
   1.0200000e+02   2.5465116e+00  -7.1639915e+01
   1.0210000e+02   1.1546512e+01   2.1000085e+01
   1.0220000e+02   7.2546512e+01  -3.1439915e+01
   1.0230000e+02   3.3546512e+01  -6.8799154e+00
   1.0240000e+02   1.1054651e+02   5.1040085e+01
   1.0250000e+02   2.2546512e+01  -9.4399154e+00
   1.0260000e+02  -8.5453488e+01  -2.3119915e+01
   1.0270000e+02   8.4546512e+01   1.1080085e+01
   1.0280000e+02  -4.8453488e+01   8.4000846e+00
   1.0290000e+02  -1.9453488e+01  -5.9759915e+01
   1.0300000e+02  -6.0453488e+01   3.9880085e+01
   1.0310000e+02   9.4546512e+01  -4.9319915e+01
   1.0320000e+02   7.5465116e+00  -3.5839915e+01
   1.0330000e+02   1.0546512e+01  -5.0959915e+01
   1.0340000e+02  -4.5453488e+01  -1.7199154e+00
   1.0350000e+02  -4.3453488e+01   1.6200085e+01
   1.0360000e+02  -5.4534884e+00   1.5680085e+01
   1.0370000e+02  -2.4453488e+01  -1.1559915e+01
   1.0380000e+02  -3.4453488e+01   4.8400846e+00
   1.0390000e+02  -4.9453488e+01   1.1440085e+01
   1.0400000e+02   1.3546512e+01  -4.0799154e+00
   1.0410000e+02   1.3546512e+01  -4.8079915e+01
   1.0420000e+02   1.2546512e+01  -3.3039915e+01
   1.0430000e+02  -3.7453488e+01  -3.5039915e+01
   1.0440000e+02   5.8546512e+01   4.0120085e+01
   1.0450000e+02  -1.4453488e+01  -3.7959915e+01
   1.0460000e+02  -2.4453488e+01  -2.2559915e+01
   1.0470000e+02  -5.2453488e+01  -1.4439915e+01
   1.0480000e+02   1.6546512e+01  -1.7199915e+01
   1.0490000e+02  -1.0445349e+02  -3.5991543e-01
   1.0500000e+02  -7.4453488e+01  -4.1559915e+01
   1.0510000e+02   9.3546512e+01  -3.8279915e+01
   1.0520000e+02  -3.2453488e+01  -4.7239915e+01
   1.0530000e+02   4.2546512e+01  -1.9239915e+01
   1.0540000e+02   5.7546512e+01  -3.0839915e+01
   1.0550000e+02  -4.6453488e+01   1.8320085e+01
   1.0560000e+02  -4.1453488e+01   2.7120085e+01
   1.0570000e+02  -6.4534884e+00  -2.0279915e+01
   1.0580000e+02  -1.0453488e+01   3.8800846e+00
   1.0590000e+02  -5.1453488e+01   3.5200846e+00
   1.0600000e+02  -1.8453488e+01  -2.9799915e+01
   1.0610000e+02   2.9546512e+01   2.2800846e+00
   1.0620000e+02   5.4651163e-01  -1.4559915e+01
   1.0630000e+02  -4.5348837e-01  -2.5519915e+01
   1.0640000e+02   3.8546512e+01   6.9200846e+00
   1.0650000e+02  -6.4534884e+00   1.8720085e+01
   1.0660000e+02  -1.4453488e+01   1.2040085e+01
   1.0670000e+02  -5.8453488e+01  -1.6199915e+01
   1.0680000e+02  -1.4453488e+01   1.2040085e+01
   1.0690000e+02   1.5465116e+00  -1.6599915e+01
   1.0700000e+02  -4.9453488e+01   1.7440085e+01
   1.0710000e+02  -8.4534884e+00   2.0800085e+01
   1.0720000e+02  -7.4453488e+01   2.0440085e+01
   1.0730000e+02   6.3546512e+01   1.8920085e+01
   1.0740000e+02   4.5465116e+00   1.0128008e+02
   1.0750000e+02   9.0546512e+01  -1.2159915e+01
   1.0760000e+02   2.9546512e+01  -1.3719915e+01
   1.0770000e+02   8.5465116e+00   1.6120085e+01
   1.0780000e+02  -3.6453488e+01  -7.0799154e+00
   1.0790000e+02  -1.8453488e+01   4.4200085e+01
   1.0800000e+02   4.1546512e+01  -1.0199915e+01
   1.0810000e+02  -6.5453488e+01   3.2080085e+01
   1.0820000e+02   4.8546512e+01   2.0520085e+01
   1.0830000e+02   3.5546512e+01  -6.9599154e+00
   1.0840000e+02   4.2546512e+01  -4.2239915e+01
   1.0850000e+02  -7.4453488e+01  -6.5599154e+00
   1.0860000e+02  -3.2453488e+01  -1.5239915e+01
   1.0870000e+02   6.4546512e+01   1.7880085e+01
   1.0880000e+02   2.8546512e+01   2.0320085e+01
   1.0890000e+02   6.5465116e+00  -5.7999154e+00
   1.0900000e+02  -3.7453488e+01   4.9600846e+00
   1.0910000e+02   2.6546512e+01   2.0400085e+01
   1.0920000e+02   1.2546512e+01  -1.0039915e+01
   1.0930000e+02   8.8546512e+01   6.0920085e+01
   1.0940000e+02   3.5465116e+00   8.9320085e+01
   1.0950000e+02  -5.4453488e+01  -1.6359915e+01
   1.0960000e+02  -5.4534884e+00  -1.9319915e+01
   1.0970000e+02   2.4546512e+01   2.1480085e+01
   1.0980000e+02   5.5465116e+00   1.5240085e+01
   1.0990000e+02  -5.9453488e+01  -3.4159915e+01
   1.1000000e+02  -1.4453488e+01   2.1040085e+01
   1.1010000e+02  -4.4534884e+00  -2.2359915e+01
   1.1020000e+02   5.5465116e+00  -5.1759915e+01
   1.1030000e+02  -7.9453488e+01  -3.1359915e+01
   1.1040000e+02   6.9546512e+01  -1.1319915e+01
   1.1050000e+02  -6.7453488e+01   1.6160085e+01
   1.1060000e+02   1.8546512e+01   4.7720085e+01
   1.1070000e+02  -1.0453488e+01   1.5880085e+01
   1.1080000e+02   7.5465116e+00   5.1600846e+00
   1.1090000e+02   1.8546512e+01  -1.4279915e+01
   1.1100000e+02  -7.9453488e+01  -3.1359915e+01
   1.1110000e+02   3.4546512e+01   1.9080085e+01
   1.1120000e+02   5.5465116e+00  -4.0759915e+01
   1.1130000e+02   7.9546512e+01  -2.4719915e+01
   1.1140000e+02  -3.3453488e+01   1.2800085e+01
   1.1150000e+02   5.5465116e+00  -2.4759915e+01
   1.1160000e+02  -2.2453488e+01   8.7360085e+01
   1.1170000e+02   5.5465116e+00  -1.2759915e+01
   1.1180000e+02  -2.4534884e+00  -1.1439915e+01
   1.1190000e+02   5.8546512e+01  -3.7879915e+01
   1.1200000e+02   3.7546512e+01  -4.0399154e+00
   1.1210000e+02  -2.8453488e+01  -1.8399915e+01
   1.1220000e+02  -2.1453488e+01  -2.9679915e+01
   1.1230000e+02   2.5465116e+00   2.8360085e+01
   1.1240000e+02   1.0954651e+02  -3.3919915e+01
   1.1250000e+02  -3.0453488e+01   1.7680085e+01
   1.1260000e+02   6.8546512e+01  -1.7279915e+01
   1.1270000e+02  -1.6453488e+01  -4.7879915e+01
   1.1280000e+02  -5.0453488e+01   2.4800846e+00
   1.1290000e+02   1.0546512e+01  -8.9599154e+00
   1.1300000e+02   1.3546512e+01  -9.0799154e+00
   1.1310000e+02  -1.1945349e+02   2.4240085e+01
   1.1320000e+02  -4.5453488e+01  -1.7199154e+00
   1.1330000e+02  -2.6453488e+01  -1.8479915e+01
   1.1340000e+02   4.1546512e+01  -7.1199915e+01
   1.1350000e+02  -5.6453488e+01   2.7720085e+01
   1.1360000e+02  -8.7453488e+01  -2.2039915e+01
   1.1370000e+02   8.5546512e+01   2.6040085e+01
   1.1380000e+02  -2.5453488e+01   1.5480085e+01
   1.1390000e+02   1.1546512e+01  -3.9999154e+00
   1.1400000e+02   2.6546512e+01   6.5400085e+01
   1.1410000e+02   4.5465116e+00  -9.7199154e+00
   1.1420000e+02   5.5546512e+01   1.1240085e+01
   1.1430000e+02  -4.3453488e+01   4.2000846e+00
   1.1440000e+02  -1.4453488e+01   2.0400846e+00
   1.1450000e+02  -2.5453488e+01   3.0480085e+01
   1.1460000e+02   3.2546512e+01   1.7160085e+01
   1.1470000e+02   3.9546512e+01   3.8880085e+01
   1.1480000e+02   5.1546512e+01  -6.5999154e+00
   1.1490000e+02   8.5465116e+00   1.2120085e+01
   1.1500000e+02   2.1546512e+01   1.4600085e+01
   1.1510000e+02   1.1546512e+01   2.0000085e+01
   1.1520000e+02  -4.1453488e+01   5.5120085e+01
   1.1530000e+02   8.5465116e+00   3.4120085e+01
   1.1540000e+02  -2.0453488e+01   6.2800846e+00
   1.1550000e+02  -9.5453488e+01  -5.2719915e+01
   1.1560000e+02  -1.4534884e+00  -3.4799154e+00
   1.1570000e+02  -1.1545349e+02  -1.2919915e+01
   1.1580000e+02  -7.2453488e+01   2.3600846e+00
   1.1590000e+02   4.3546512e+01   4.9720085e+01
   1.1600000e+02  -3.6453488e+01   8.4920085e+01
   1.1610000e+02   6.7546512e+01  -1.0239915e+01
   1.1620000e+02   1.0154651e+02  -3.8599915e+01
   1.1630000e+02   5.7546512e+01  -4.8399154e+00
   1.1640000e+02   8.7546512e+01   3.6960085e+01
   1.1650000e+02  -2.6453488e+01  -4.4479915e+01
   1.1660000e+02   8.9546512e+01  -3.3119915e+01
   1.1670000e+02   6.7546512e+01   2.5760085e+01
   1.1680000e+02   1.0154651e+02  -3.5999154e+00
   1.1690000e+02   3.4546512e+01  -2.4919915e+01
   1.1700000e+02   9.5465116e+00  -8.9199154e+00
   1.1710000e+02  -2.5453488e+01  -3.3519915e+01
   1.1720000e+02   7.5465116e+00   7.5160085e+01
   1.1730000e+02  -8.9453488e+01  -1.3959915e+01
   1.1740000e+02   5.5465116e+00  -2.6759915e+01
   1.1750000e+02   1.3546512e+01  -1.2079915e+01
   1.1760000e+02  -1.4534884e+00   1.5520085e+01
   1.1770000e+02  -3.8453488e+01  -2.9999915e+01
   1.1780000e+02   3.8546512e+01   9.9200846e+00
   1.1790000e+02   4.4546512e+01   6.5680085e+01
   1.1800000e+02  -2.8453488e+01   1.6600085e+01
   1.1810000e+02  -4.2453488e+01   1.1600846e+00
   1.1820000e+02  -7.9453488e+01  -8.3599154e+00
   1.1830000e+02  -1.0545349e+02  -4.6319915e+01
   1.1840000e+02   3.2546512e+01   1.8160085e+01
   1.1850000e+02  -2.9453488e+01  -1.7359915e+01
   1.1860000e+02  -5.4534884e+00  -5.0319915e+01
   1.1870000e+02  -6.2453488e+01  -1.1039915e+01
   1.1880000e+02  -8.2453488e+01   3.5760085e+01
   1.1890000e+02   8.3546512e+01  -1.8799154e+00
   1.1900000e+02   2.5546512e+01  -2.8559915e+01
   1.1910000e+02  -9.4453488e+01   1.3240085e+01
   1.1920000e+02   2.1546512e+01  -3.5399915e+01
   1.1930000e+02  -1.2453488e+01  -2.7039915e+01
   1.1940000e+02  -1.4534884e+00   4.8520085e+01
   1.1950000e+02   4.1546512e+01  -1.1199915e+01
   1.1960000e+02   4.4546512e+01  -2.5319915e+01
   1.1970000e+02   4.1546512e+01   2.6800085e+01
   1.1980000e+02   4.0546512e+01  -4.2159915e+01
   1.1990000e+02  -4.4534884e+00  -4.5359915e+01
   1.2000000e+02  -8.0453488e+01   1.2680085e+01
   1.2010000e+02   1.8546512e+01   2.2720085e+01
   1.2020000e+02  -4.5453488e+01  -1.6719915e+01
   1.2030000e+02  -5.6453488e+01   2.5720085e+01
   1.2040000e+02  -1.0453488e+01  -1.5119915e+01
   1.2050000e+02  -1.0345349e+02  -2.5399915e+01
   1.2060000e+02   7.6546512e+01  -6.5999154e+00
   1.2070000e+02  -5.9453488e+01  -6.1599154e+00
   1.2080000e+02  -1.1345349e+02   7.0000846e+00
   1.2090000e+02  -2.6453488e+01   1.0352008e+02
   1.2100000e+02   2.5465116e+00  -3.6639915e+01
   1.2110000e+02  -7.0453488e+01   8.2800846e+00
   1.2120000e+02  -1.0045349e+02  -5.1991543e-01
   1.2130000e+02   4.9546512e+01  -1.9519915e+01
   1.2140000e+02   4.0546512e+01   3.5840085e+01
   1.2150000e+02  -6.8453488e+01  -5.7999154e+00
   1.2160000e+02   2.7546512e+01  -9.6399154e+00
   1.2170000e+02  -2.3453488e+01  -2.6599915e+01
   1.2180000e+02  -8.2453488e+01  -5.4239915e+01
   1.2190000e+02  -6.1453488e+01   1.3920085e+01
   1.2200000e+02   2.9546512e+01   4.0280085e+01
   1.2210000e+02   1.0546512e+01  -1.4959915e+01
   1.2220000e+02  -5.3453488e+01   9.4600085e+01
   1.2230000e+02   3.4546512e+01  -1.0919915e+01
   1.2240000e+02   3.9546512e+01   1.8800846e+00
   1.2250000e+02  -4.4534884e+00  -3.3359915e+01
   1.2260000e+02  -5.9453488e+01  -2.0159915e+01
   1.2270000e+02  -4.4453488e+01   2.2400846e+00
   1.2280000e+02  -3.9453488e+01   6.0400846e+00
   1.2290000e+02  -2.4453488e+01  -1.8559915e+01
   1.2300000e+02  -6.0453488e+01  -3.1119915e+01
   1.2310000e+02  -7.0453488e+01  -7.1991543e-01
   1.2320000e+02  -2.0453488e+01  -5.0719915e+01
   1.2330000e+02  -3.7453488e+01  -3.8039915e+01
   1.2340000e+02   5.5546512e+01   4.6240085e+01
   1.2350000e+02  -4.8453488e+01   3.6400085e+01
   1.2360000e+02   4.0546512e+01   3.1840085e+01
   1.2370000e+02  -2.5453488e+01  -2.9519915e+01
   1.2380000e+02  -3.7453488e+01  -1.5039915e+01
   1.2390000e+02   4.6546512e+01  -1.2399915e+01
   1.2400000e+02  -1.4453488e+01  -1.1959915e+01
   1.2410000e+02   1.0546512e+01  -2.8959915e+01
   1.2420000e+02  -3.2453488e+01  -4.7239915e+01
   1.2430000e+02  -1.7453488e+01  -3.8399154e+00
   1.2440000e+02  -3.2453488e+01   1.7760085e+01
   1.2450000e+02  -2.1453488e+01  -2.1679915e+01
   1.2460000e+02  -4.8453488e+01   3.2400085e+01
   1.2470000e+02  -7.4534884e+00  -3.1239915e+01
   1.2480000e+02   3.4546512e+01  -3.2919915e+01
   1.2490000e+02   3.2546512e+01  -1.3839915e+01
   1.2500000e+02  -1.0445349e+02  -3.7359915e+01
   1.2510000e+02  -3.0453488e+01   9.8680085e+01
   1.2520000e+02   1.3546512e+01  -1.0799154e+00
   1.2530000e+02   3.8546512e+01  -3.5079915e+01
   1.2540000e+02  -3.1453488e+01  -3.9279915e+01
   1.2550000e+02  -1.2453488e+01  -4.0039915e+01
   1.2560000e+02   3.5465116e+00   1.7320085e+01
   1.2570000e+02   2.3546512e+01  -5.4799154e+00
   1.2580000e+02  -5.0453488e+01  -6.5199154e+00
   1.2590000e+02   1.1546512e+01  -1.9999915e+01
   1.2600000e+02  -7.4534884e+00  -2.9239915e+01
   1.2610000e+02  -5.9453488e+01  -2.9159915e+01
   1.2620000e+02  -2.4453488e+01   5.9440085e+01
   1.2630000e+02  -7.2453488e+01  -2.0639915e+01
   1.2640000e+02  -5.8453488e+01   2.1800085e+01
   1.2650000e+02  -6.1453488e+01  -1.8079915e+01
   1.2660000e+02   1.1054651e+02   1.0400846e+00
   1.2670000e+02   7.5465116e+00   2.2160085e+01
   1.2680000e+02   1.4546512e+01  -4.5119915e+01
   1.2690000e+02  -4.1453488e+01  -5.4879915e+01
   1.2700000e+02  -3.1453488e+01  -3.1279915e+01
   1.2710000e+02  -5.8453488e+01   1.8000846e+00
   1.2720000e+02  -1.4453488e+01  -2.3959915e+01
   1.2730000e+02  -9.6453488e+01   1.9320085e+01
   1.2740000e+02   5.5465116e+00   1.0240085e+01
   1.2750000e+02   6.9546512e+01  -1.6319915e+01
   1.2760000e+02  -6.3453488e+01  -1.2999915e+01
   1.2770000e+02   2.4546512e+01  -1.7519915e+01
   1.2780000e+02  -6.1453488e+01  -5.0799154e+00
   1.2790000e+02   7.2546512e+01  -3.3439915e+01
   1.2800000e+02   1.0454651e+02   9.2800846e+00
   1.2810000e+02  -1.2045349e+02   2.3280085e+01
   1.2820000e+02  -6.9453488e+01  -1.8759915e+01
   1.2830000e+02   3.5465116e+00  -1.5679915e+01
   1.2840000e+02   9.1546512e+01   5.2800085e+01
   1.2850000e+02  -3.6453488e+01  -3.4079915e+01
   1.2860000e+02  -2.7453488e+01  -4.0439915e+01
   1.2870000e+02   2.5546512e+01   8.4400846e+00
   1.2880000e+02  -5.3453488e+01   1.0600085e+01
   1.2890000e+02  -9.4534884e+00  -1.8159915e+01
   1.2900000e+02   4.2546512e+01   1.5760085e+01
   1.2910000e+02   1.3546512e+01   2.9920085e+01
   1.2920000e+02   2.7546512e+01   3.3360085e+01
   1.2930000e+02   6.5546512e+01  -2.1159915e+01
   1.2940000e+02  -4.4453488e+01   2.0240085e+01
   1.2950000e+02  -1.2453488e+01  -2.8039915e+01
   1.2960000e+02  -1.8453488e+01  -3.9799915e+01
   1.2970000e+02   4.5546512e+01  -3.8359915e+01
   1.2980000e+02  -6.4534884e+00   1.7720085e+01
   1.2990000e+02   2.5465116e+00   1.5360085e+01
   1.3000000e+02   3.1546512e+01   5.6200085e+01
   1.3010000e+02   1.9546512e+01   4.2680085e+01
   1.3020000e+02  -8.8453488e+01  -1.3999915e+01
   1.3030000e+02  -5.8453488e+01  -8.1999154e+00
   1.3040000e+02  -9.1453488e+01  -1.0879915e+01
   1.3050000e+02   5.4651163e-01   6.4440085e+01
   1.3060000e+02  -2.2453488e+01   3.1360085e+01
   1.3070000e+02  -1.0145349e+02  -1.0479915e+01
   1.3080000e+02   2.5465116e+00  -9.6399154e+00
   1.3090000e+02  -2.4453488e+01   2.4400846e+00
   1.3100000e+02   3.5465116e+00   1.7320085e+01
   1.3110000e+02  -4.4453488e+01   9.8240085e+01
   1.3120000e+02   8.3546512e+01  -7.8799154e+00
   1.3130000e+02  -7.6453488e+01   3.5200846e+00
   1.3140000e+02  -2.7453488e+01   5.7560085e+01
   1.3150000e+02   1.8546512e+01   2.7720085e+01
   1.3160000e+02  -7.3453488e+01   1.3400085e+01
   1.3170000e+02  -4.5348837e-01   8.9480085e+01
   1.3180000e+02   1.9546512e+01   9.5680085e+01
   1.3190000e+02   6.2546512e+01  -3.0039915e+01
   1.3200000e+02  -3.7453488e+01   3.3960085e+01
   1.3210000e+02  -7.6453488e+01   2.5200846e+00
   1.3220000e+02   5.8546512e+01   4.1200846e+00
   1.3230000e+02  -2.9453488e+01  -2.1359915e+01
   1.3240000e+02   4.7546512e+01  -3.0439915e+01
   1.3250000e+02  -9.3453488e+01  -2.7799915e+01
   1.3260000e+02  -6.4534884e+00  -1.0279915e+01
   1.3270000e+02   4.5465116e+00  -1.6719915e+01
   1.3280000e+02   1.3546512e+01  -1.0799154e+00
   1.3290000e+02  -4.3453488e+01   7.6200085e+01
   1.3300000e+02  -8.9453488e+01  -1.4959915e+01
   1.3310000e+02  -2.1453488e+01  -1.7679915e+01
   1.3320000e+02  -5.7453488e+01   1.5760085e+01
   1.3330000e+02   8.0546512e+01   4.3240085e+01
   1.3340000e+02   5.6546512e+01  -6.7999154e+00
   1.3350000e+02  -8.3453488e+01   1.8000846e+00
   1.3360000e+02  -9.1453488e+01  -1.8879915e+01
   1.3370000e+02   6.5465116e+00  -4.0799915e+01
   1.3380000e+02   1.5546512e+01   6.8840085e+01
   1.3390000e+02  -1.8453488e+01  -1.7999154e+00
   1.3400000e+02   5.3546512e+01   9.3200846e+00
   1.3410000e+02  -8.4453488e+01  -4.1599154e+00
   1.3420000e+02   1.1754651e+02  -1.2239915e+01
   1.3430000e+02  -1.7453488e+01  -6.9839915e+01
   1.3440000e+02   4.9546512e+01  -2.9519915e+01
   1.3450000e+02  -5.4453488e+01   2.1640085e+01
   1.3460000e+02  -2.4453488e+01   3.0440085e+01
   1.3470000e+02  -4.9453488e+01  -2.9559915e+01
   1.3480000e+02  -6.1453488e+01   4.5920085e+01
   1.3490000e+02  -2.2453488e+01  -1.2639915e+01
   1.3500000e+02  -2.3453488e+01  -2.5599915e+01
   1.3510000e+02  -3.2453488e+01  -5.3239915e+01
   1.3520000e+02  -8.3453488e+01  -2.9199915e+01
   1.3530000e+02  -9.4534884e+00  -2.9159915e+01
   1.3540000e+02  -3.3453488e+01  -3.1999154e+00
   1.3550000e+02  -5.2453488e+01  -4.3439915e+01
   1.3560000e+02   2.8546512e+01  -2.2679915e+01
   1.3570000e+02   1.3546512e+01  -2.7079915e+01
   1.3580000e+02   9.5465116e+00  -5.2919915e+01
   1.3590000e+02  -6.2453488e+01  -3.9915433e-02
   1.3600000e+02   9.1546512e+01  -5.2199915e+01
   1.3610000e+02   6.0546512e+01   3.4040085e+01
   1.3620000e+02   1.9546512e+01   2.0680085e+01
   1.3630000e+02  -2.3453488e+01  -1.0599915e+01
   1.3640000e+02   5.2546512e+01  -4.9639915e+01
   1.3650000e+02   7.3546512e+01  -4.4799154e+00
   1.3660000e+02  -4.9453488e+01  -3.3559915e+01
   1.3670000e+02  -7.1453488e+01   8.3200846e+00
   1.3680000e+02  -3.6453488e+01   3.5920085e+01
   1.3690000e+02   1.8254651e+02  -8.4839915e+01
   1.3700000e+02  -1.1045349e+02   6.2880085e+01
   1.3710000e+02  -7.4534884e+00   3.7600846e+00
   1.3720000e+02   3.1546512e+01  -2.0799915e+01
   1.3730000e+02   3.1546512e+01  -1.7799915e+01
   1.3740000e+02  -8.1453488e+01  -2.8279915e+01
   1.3750000e+02  -8.6453488e+01  -2.3079915e+01
   1.3760000e+02  -1.9453488e+01  -6.9759915e+01
   1.3770000e+02   3.7546512e+01  -4.7039915e+01
   1.3780000e+02  -3.6453488e+01  -1.4079915e+01
   1.3790000e+02   6.5465116e+00   3.0200085e+01
   1.3800000e+02  -1.7453488e+01  -3.1839915e+01
   1.3810000e+02  -5.4534884e+00   5.2680085e+01
   1.3820000e+02  -8.4534884e+00  -1.6199915e+01
   1.3830000e+02  -3.3453488e+01   5.8000846e+00
   1.3840000e+02  -3.0453488e+01  -5.4319915e+01
   1.3850000e+02   5.6546512e+01  -3.0799915e+01
   1.3860000e+02   3.5465116e+00   3.0320085e+01
   1.3870000e+02  -5.9453488e+01  -4.3159915e+01
   1.3880000e+02  -4.5453488e+01  -3.2719915e+01
   1.3890000e+02   1.1546512e+01  -8.9999154e+00
   1.3900000e+02   3.9546512e+01  -3.0119915e+01
   1.3910000e+02   1.1546512e+01   3.8000085e+01
   1.3920000e+02   1.3546512e+01  -6.0799154e+00
   1.3930000e+02   5.3546512e+01  -6.6799154e+00
   1.3940000e+02  -4.2453488e+01   1.8160085e+01
   1.3950000e+02   3.1546512e+01  -4.7799915e+01
   1.3960000e+02   5.0546512e+01  -5.5991543e-01
   1.3970000e+02  -2.4453488e+01  -2.8559915e+01
   1.3980000e+02   7.3546512e+01   5.1520085e+01
   1.3990000e+02   8.6546512e+01   5.8000085e+01
   1.4000000e+02  -5.0453488e+01   3.4800846e+00
   1.4010000e+02   3.8546512e+01   5.0920085e+01
   1.4020000e+02   1.1054651e+02  -6.5959915e+01
   1.4030000e+02  -7.5453488e+01   1.1480085e+01
   1.4040000e+02  -4.8453488e+01  -1.9599915e+01
   1.4050000e+02   7.3546512e+01   1.1520085e+01
   1.4060000e+02  -2.5453488e+01  -1.5199154e+00
   1.4070000e+02   1.7546512e+01   1.4760085e+01
   1.4080000e+02  -2.4534884e+00  -2.6439915e+01
   1.4090000e+02  -6.3453488e+01  -2.2999915e+01
   1.4100000e+02  -8.4534884e+00  -2.5199915e+01
   1.4110000e+02  -1.0345349e+02  -5.0399915e+01
   1.4120000e+02  -4.4453488e+01   1.8240085e+01
   1.4130000e+02   1.5754651e+02  -3.4839915e+01
   1.4140000e+02   1.1154651e+02  -2.2999915e+01
   1.4150000e+02  -6.5453488e+01  -3.8919915e+01
   1.4160000e+02   2.3546512e+01  -6.4799154e+00
   1.4170000e+02   1.2454651e+02   6.9480085e+01
   1.4180000e+02   5.1546512e+01  -3.2599915e+01
   1.4190000e+02  -9.5453488e+01  -2.0719915e+01
   1.4200000e+02  -3.4534884e+00   7.5600085e+01
   1.4210000e+02  -3.1453488e+01  -3.0279915e+01
   1.4220000e+02   5.9546512e+01   8.0800846e+00
   1.4230000e+02   1.3546512e+01   2.7920085e+01
   1.4240000e+02   1.9546512e+01  -3.3199154e+00
   1.4250000e+02   5.3546512e+01  -2.2679915e+01
   1.4260000e+02   7.5465116e+00  -1.5839915e+01
   1.4270000e+02  -4.0453488e+01   1.0800846e+00
   1.4280000e+02  -2.5453488e+01   5.4800846e+00
   1.4290000e+02  -1.9453488e+01  -1.7599154e+00
   1.4300000e+02   4.2546512e+01  -2.2239915e+01
   1.4310000e+02   5.5465116e+00  -3.5759915e+01
   1.4320000e+02   2.5465116e+00  -1.7639915e+01
   1.4330000e+02   2.1546512e+01  -3.9399915e+01
   1.4340000e+02   7.2546512e+01   1.0560085e+01
   1.4350000e+02  -4.0453488e+01   1.0800846e+00
   1.4360000e+02  -4.5453488e+01   5.2800846e+00
   1.4370000e+02  -6.8453488e+01  -1.5799915e+01
   1.4380000e+02  -3.9453488e+01  -5.0959915e+01
   1.4390000e+02   1.8546512e+01  -3.1279915e+01
   1.4400000e+02   2.6546512e+01  -5.8599915e+01
   1.4410000e+02   6.3546512e+01   3.6920085e+01
   1.4420000e+02  -6.1453488e+01  -6.0799154e+00
   1.4430000e+02   2.2546512e+01  -1.8439915e+01
   1.4440000e+02  -3.2453488e+01  -1.0239915e+01
   1.4450000e+02   7.3546512e+01  -5.9479915e+01
   1.4460000e+02  -5.4534884e+00   8.6800846e+00
   1.4470000e+02   9.5465116e+00   3.7080085e+01
   1.4480000e+02  -3.4534884e+00   1.8600085e+01
   1.4490000e+02  -3.0453488e+01   3.2680085e+01
   1.4500000e+02  -1.5453488e+01  -1.1919915e+01
   1.4510000e+02  -3.6453488e+01  -6.0799154e+00
   1.4520000e+02  -2.6453488e+01   1.1520085e+01
   1.4530000e+02  -6.4534884e+00   2.5720085e+01
   1.4540000e+02  -7.2453488e+01   1.2360085e+01
   1.4550000e+02   1.1546512e+01  -5.2999915e+01
   1.4560000e+02  -9.4534884e+00  -1.1599154e+00
   1.4570000e+02  -3.4534884e+00  -1.8399915e+01
   1.4580000e+02   1.4354651e+02  -2.1279915e+01
   1.4590000e+02  -4.0453488e+01   2.5080085e+01
   1.4600000e+02  -5.5453488e+01  -2.7319915e+01
   1.4610000e+02   3.1546512e+01  -1.2799915e+01
   1.4620000e+02   1.1546512e+01  -2.1999915e+01
   1.4630000e+02  -6.4453488e+01  -1.5959915e+01
   1.4640000e+02  -2.4453488e+01   2.5440085e+01
   1.4650000e+02  -4.4534884e+00   1.6400846e+00
   1.4660000e+02  -2.6453488e+01  -1.0479915e+01
   1.4670000e+02  -4.7453488e+01  -4.6399154e+00
   1.4680000e+02   8.5465116e+00  -2.8879915e+01
   1.4690000e+02  -2.5453488e+01  -3.5519915e+01
   1.4700000e+02  -1.6453488e+01  -6.0879915e+01
   1.4710000e+02   6.5465116e+00  -1.6799915e+01
   1.4720000e+02  -9.6453488e+01  -2.0679915e+01
   1.4730000e+02  -2.9453488e+01  -2.9359915e+01
   1.4740000e+02  -6.4534884e+00  -3.1279915e+01
   1.4750000e+02   1.5465116e+00  -4.5599915e+01
   1.4760000e+02   1.7546512e+01  -3.2399154e+00
   1.4770000e+02  -6.2453488e+01  -4.2039915e+01
   1.4780000e+02  -4.3453488e+01  -4.2799915e+01
   1.4790000e+02   4.5465116e+00  -7.3719915e+01
   1.4800000e+02  -2.6453488e+01  -3.3479915e+01
   1.4810000e+02  -2.9453488e+01  -4.1359915e+01
   1.4820000e+02  -7.7453488e+01  -5.3439915e+01
   1.4830000e+02   3.0546512e+01  -7.7599154e+00
   1.4840000e+02  -6.7453488e+01  -3.8399154e+00
   1.4850000e+02   4.5546512e+01  -3.8359915e+01
   1.4860000e+02  -2.4453488e+01   1.3440085e+01
   1.4870000e+02   1.9854651e+02  -2.4799154e+00
   1.4880000e+02   2.0546512e+01  -2.3599154e+00
   1.4890000e+02  -3.0453488e+01  -1.3319915e+01
   1.4900000e+02  -6.2453488e+01  -4.0039915e+01
   1.4910000e+02  -4.0453488e+01  -1.9199154e+00
   1.4920000e+02   3.2546512e+01   1.8160085e+01
   1.4930000e+02  -3.5453488e+01  -2.8119915e+01
   1.4940000e+02  -6.9453488e+01  -3.6759915e+01
   1.4950000e+02  -8.4534884e+00   1.9800085e+01
   1.4960000e+02  -5.6453488e+01   7.7200846e+00
   1.4970000e+02  -4.8453488e+01  -6.5999154e+00
   1.4980000e+02   2.2546512e+01  -4.2439915e+01
   1.4990000e+02   4.0546512e+01   5.3840085e+01
   1.5000000e+02  -1.4453488e+01   7.4040085e+01
   1.5010000e+02   8.5465116e+00   6.3120085e+01
   1.5020000e+02  -4.0453488e+01   6.2080085e+01
   1.5030000e+02  -2.1453488e+01   1.3200846e+00
   1.5040000e+02  -2.4453488e+01  -1.2559915e+01
   1.5050000e+02   5.8546512e+01  -1.1879915e+01
   1.5060000e+02  -4.5348837e-01   5.1480085e+01
   1.5070000e+02  -2.7453488e+01   2.4560085e+01
   1.5080000e+02   5.3546512e+01  -3.7679915e+01
   1.5090000e+02  -2.4453488e+01  -4.5599154e+00
   1.5100000e+02  -1.4453488e+01   3.7040085e+01
   1.5110000e+02  -5.9453488e+01  -3.1159915e+01
   1.5120000e+02   3.8546512e+01   5.1920085e+01
   1.5130000e+02  -2.4534884e+00  -4.8439915e+01
   1.5140000e+02  -6.3453488e+01   1.6000085e+01
   1.5150000e+02   2.3546512e+01   9.5200846e+00
   1.5160000e+02  -1.4453488e+01  -4.2959915e+01
   1.5170000e+02   4.0546512e+01  -2.8159915e+01
   1.5180000e+02  -1.0453488e+01  -6.3119915e+01
   1.5190000e+02   4.3546512e+01  -3.4279915e+01
   1.5200000e+02  -5.0453488e+01  -1.1519915e+01
   1.5210000e+02   2.3546512e+01   1.4520085e+01
   1.5220000e+02   2.5546512e+01  -2.7559915e+01
   1.5230000e+02  -9.3453488e+01   6.4200085e+01
   1.5240000e+02  -7.6453488e+01   3.2520085e+01
   1.5250000e+02  -8.9453488e+01  -1.4959915e+01
   1.5260000e+02   3.3546512e+01  -3.2879915e+01
   1.5270000e+02  -4.7453488e+01   5.0360085e+01
   1.5280000e+02  -3.5453488e+01  -1.3119915e+01
   1.5290000e+02  -2.4534884e+00  -3.9439915e+01
   1.5300000e+02   1.6546512e+01  -1.7199915e+01
   1.5310000e+02  -4.6453488e+01  -4.1679915e+01
   1.5320000e+02  -1.1745349e+02  -2.9839915e+01
   1.5330000e+02   8.1546512e+01  -1.9799915e+01
   1.5340000e+02   1.4546512e+01   1.1880085e+01
   1.5350000e+02  -2.3453488e+01   2.6400085e+01
   1.5360000e+02  -4.8453488e+01  -3.7599915e+01
   1.5370000e+02  -3.3453488e+01  -2.6199915e+01
   1.5380000e+02  -1.9453488e+01  -2.3759915e+01
   1.5390000e+02  -2.9453488e+01   9.0640085e+01
   1.5400000e+02   5.6546512e+01   7.2000846e+00
   1.5410000e+02   2.5465116e+00  -1.6399154e+00
   1.5420000e+02  -1.5453488e+01   7.0800846e+00
   1.5430000e+02  -4.2453488e+01  -3.8399154e+00
   1.5440000e+02  -3.2453488e+01   7.1760085e+01
   1.5450000e+02   3.5465116e+00  -2.3679915e+01
   1.5460000e+02   1.6546512e+01  -3.5199915e+01
   1.5470000e+02  -1.0453488e+01   1.8880085e+01
   1.5480000e+02  -8.7453488e+01   2.2960085e+01
   1.5490000e+02  -7.0453488e+01   5.7280085e+01
   1.5500000e+02  -7.7453488e+01   5.8560085e+01
   1.5510000e+02  -4.7453488e+01   1.8360085e+01
   1.5520000e+02   6.7546512e+01   2.1760085e+01
   1.5530000e+02   5.4546512e+01  -2.6719915e+01
   1.5540000e+02   7.8546512e+01   2.3200846e+00
   1.5550000e+02  -6.8453488e+01   7.2000846e+00
   1.5560000e+02   9.0546512e+01  -1.5159915e+01
   1.5570000e+02  -2.8453488e+01   3.4600085e+01
   1.5580000e+02   1.3546512e+01  -3.0799154e+00
   1.5590000e+02  -2.3453488e+01   2.0400085e+01
   1.5600000e+02  -5.5453488e+01  -6.3199154e+00
   1.5610000e+02  -2.4453488e+01  -2.1559915e+01
   1.5620000e+02  -5.5453488e+01   5.7680085e+01
   1.5630000e+02  -3.8453488e+01   2.5000085e+01
   1.5640000e+02  -9.2453488e+01  -2.0839915e+01
   1.5650000e+02   1.7254651e+02  -3.8439915e+01
   1.5660000e+02  -2.4534884e+00  -1.5439915e+01
   1.5670000e+02   7.5546512e+01  -3.3559915e+01
   1.5680000e+02   1.8546512e+01   4.3720085e+01
   1.5690000e+02  -1.0453488e+01   2.7880085e+01
   1.5700000e+02  -1.9453488e+01   1.2240085e+01
   1.5710000e+02   4.3546512e+01  -3.0279915e+01
   1.5720000e+02   3.4546512e+01  -7.9199154e+00
   1.5730000e+02  -2.3453488e+01  -3.3599915e+01
   1.5740000e+02   4.0546512e+01   1.5840085e+01
   1.5750000e+02   2.5465116e+00  -2.3639915e+01
   1.5760000e+02  -1.0645349e+02   3.6720085e+01
   1.5770000e+02  -3.5453488e+01   5.8800846e+00
   1.5780000e+02  -5.7453488e+01   8.7600846e+00
   1.5790000e+02  -4.5453488e+01  -2.5719915e+01
   1.5800000e+02   4.8546512e+01   1.5200846e+00
   1.5810000e+02   8.6546512e+01  -4.9999154e+00
   1.5820000e+02  -3.3453488e+01   4.5800085e+01
   1.5830000e+02  -5.9453488e+01  -1.2159915e+01
   1.5840000e+02  -6.2453488e+01  -1.8039915e+01
   1.5850000e+02   1.3546512e+01  -3.4079915e+01
   1.5860000e+02   7.4546512e+01  -8.5199154e+00
   1.5870000e+02  -3.2453488e+01  -2.5239915e+01
   1.5880000e+02   5.7546512e+01  -8.8399154e+00
   1.5890000e+02   6.5465116e+00   3.3200085e+01
   1.5900000e+02   2.0546512e+01  -3.2359915e+01
   1.5910000e+02  -5.1453488e+01  -2.4479915e+01
   1.5920000e+02  -4.4534884e+00   6.4008457e-01
   1.5930000e+02  -8.4453488e+01   8.2840085e+01
   1.5940000e+02  -6.5453488e+01  -4.9919915e+01
   1.5950000e+02  -3.9453488e+01  -5.3959915e+01
   1.5960000e+02  -1.4534884e+00  -3.3479915e+01
   1.5970000e+02  -7.4453488e+01  -5.5991543e-01
   1.5980000e+02  -8.4534884e+00  -3.6199915e+01
   1.5990000e+02  -9.3453488e+01  -1.3799915e+01
   1.6000000e+02   4.9546512e+01  -2.1519915e+01
   1.6010000e+02  -1.9453488e+01   5.5240085e+01
   1.6020000e+02   6.3546512e+01   2.0920085e+01
   1.6030000e+02  -7.4534884e+00   5.7600846e+00
   1.6040000e+02   1.8546512e+01   1.7720085e+01
   1.6050000e+02   1.5465116e+00  -9.5999154e+00
   1.6060000e+02   6.2546512e+01   1.2960085e+01
   1.6070000e+02   1.9546512e+01   6.6800846e+00
   1.6080000e+02  -1.0445349e+02   5.7640085e+01
   1.6090000e+02  -5.4534884e+00   1.2680085e+01
   1.6100000e+02   5.7546512e+01  -3.6839915e+01
   1.6110000e+02   4.2546512e+01  -4.2399154e+00
   1.6120000e+02   4.2546512e+01   1.0760085e+01
   1.6130000e+02   7.4546512e+01  -2.2519915e+01
   1.6140000e+02  -6.0453488e+01   5.8800846e+00
   1.6150000e+02   1.0546512e+01  -2.0959915e+01
   1.6160000e+02   1.3254651e+02  -2.7839915e+01
   1.6170000e+02   4.1546512e+01   2.2800085e+01
   1.6180000e+02  -4.5453488e+01   5.5280085e+01
   1.6190000e+02   5.5546512e+01   1.0240085e+01
   1.6200000e+02  -1.0453488e+01   4.4880085e+01
   1.6210000e+02   2.2546512e+01  -9.4399154e+00
   1.6220000e+02   3.5546512e+01   1.7040085e+01
   1.6230000e+02  -2.4453488e+01   1.2440085e+01
   1.6240000e+02   2.7546512e+01  -2.8639915e+01
   1.6250000e+02  -5.6453488e+01   9.7200846e+00
   1.6260000e+02   1.8546512e+01  -1.6279915e+01
   1.6270000e+02  -4.7453488e+01   3.6008457e-01
   1.6280000e+02  -8.0453488e+01  -4.6319915e+01
   1.6290000e+02   3.9546512e+01  -4.4119915e+01
   1.6300000e+02  -4.4453488e+01   6.1240085e+01
   1.6310000e+02  -4.2453488e+01  -3.0839915e+01
   1.6320000e+02   1.1854651e+02  -1.2279915e+01
   1.6330000e+02  -2.4453488e+01   4.0440085e+01
   1.6340000e+02  -7.4453488e+01   3.0440085e+01
   1.6350000e+02  -4.1453488e+01   3.1200846e+00
   1.6360000e+02  -1.8453488e+01   1.7200085e+01
   1.6370000e+02  -1.2453488e+01  -3.4039915e+01
   1.6380000e+02  -2.4534884e+00  -2.0439915e+01
   1.6390000e+02  -3.6453488e+01  -3.1079915e+01
   1.6400000e+02  -1.1045349e+02  -2.3119915e+01
   1.6410000e+02  -1.6453488e+01   1.2008457e-01
   1.6420000e+02   2.6546512e+01  -2.3599915e+01
   1.6430000e+02   1.0454651e+02   3.1280085e+01
   1.6440000e+02   1.4546512e+01  -3.3119915e+01
   1.6450000e+02  -8.4534884e+00   2.7800085e+01
   1.6460000e+02  -9.1453488e+01  -3.8799154e+00
   1.6470000e+02  -8.7453488e+01  -2.5039915e+01
   1.6480000e+02  -2.7453488e+01   2.6560085e+01
   1.6490000e+02   9.5465116e+00  -3.1919915e+01
   1.6500000e+02   3.5546512e+01  -2.9599154e+00
   1.6510000e+02   7.5465116e+00  -3.8839915e+01
   1.6520000e+02  -5.4534884e+00  -2.0319915e+01
   1.6530000e+02   2.7546512e+01  -2.1639915e+01
   1.6540000e+02  -2.6453488e+01  -6.7479915e+01
   1.6550000e+02   5.6546512e+01  -2.5799915e+01
   1.6560000e+02  -4.4453488e+01  -2.1759915e+01
   1.6570000e+02  -2.9453488e+01   2.6400846e+00
   1.6580000e+02  -2.9453488e+01  -2.3599154e+00
   1.6590000e+02  -1.9453488e+01   7.4240085e+01
   1.6600000e+02   4.0546512e+01   9.8400846e+00
   1.6610000e+02  -2.3453488e+01  -3.8599915e+01
   1.6620000e+02   6.5465116e+00  -2.5799915e+01
   1.6630000e+02  -4.1453488e+01  -2.0879915e+01
   1.6640000e+02  -7.4453488e+01  -7.5599154e+00
   1.6650000e+02  -1.4453488e+01  -4.9599154e+00
   1.6660000e+02  -5.4534884e+00  -4.3199154e+00
   1.6670000e+02  -5.2453488e+01   1.6560085e+01
   1.6680000e+02   1.3546512e+01   5.9200846e+00
   1.6690000e+02  -4.4534884e+00   2.5640085e+01
   1.6700000e+02   5.7546512e+01   2.7160085e+01
   1.6710000e+02  -3.0453488e+01   5.6800846e+00
   1.6720000e+02  -2.0453488e+01  -1.2719915e+01
   1.6730000e+02  -5.4534884e+00   9.6800846e+00
   1.6740000e+02   2.2546512e+01   2.2560085e+01
   1.6750000e+02   5.0546512e+01   3.1440085e+01
   1.6760000e+02   8.0546512e+01   6.2400846e+00
   1.6770000e+02  -1.7453488e+01   8.6160085e+01
   1.6780000e+02   2.6546512e+01  -1.8599915e+01
   1.6790000e+02  -6.1453488e+01   1.9920085e+01
   1.6800000e+02  -9.2453488e+01   1.6008457e-01
   1.6810000e+02  -5.3453488e+01   1.3600085e+01
   1.6820000e+02  -7.2453488e+01  -7.2639915e+01
   1.6830000e+02  -4.4534884e+00  -8.3599154e+00
   1.6840000e+02   3.2546512e+01  -4.2839915e+01
   1.6850000e+02  -1.1645349e+02   1.5120085e+01
   1.6860000e+02  -5.2453488e+01   7.5600846e+00
   1.6870000e+02   4.7546512e+01  -8.4399154e+00
   1.6880000e+02  -1.8453488e+01  -3.7999154e+00
   1.6890000e+02  -7.4453488e+01   9.4400846e+00
   1.6900000e+02   9.6546512e+01  -4.3399915e+01
   1.6910000e+02   5.5546512e+01   6.4240085e+01
   1.6920000e+02   6.2546512e+01   7.9600846e+00
   1.6930000e+02   3.9546512e+01  -1.0119915e+01
   1.6940000e+02   6.5546512e+01  -2.9159915e+01
   1.6950000e+02  -4.5453488e+01   1.4280085e+01
   1.6960000e+02  -1.1453488e+01  -2.3079915e+01
   1.6970000e+02  -1.0453488e+01  -5.1119915e+01
   1.6980000e+02  -4.4453488e+01  -2.1759915e+01
   1.6990000e+02   3.8546512e+01  -1.9079915e+01
   1.7000000e+02  -4.4534884e+00   1.1640085e+01
   1.7010000e+02   6.5546512e+01  -4.2159915e+01
   1.7020000e+02  -5.0453488e+01  -1.5519915e+01
   1.7030000e+02   1.3546512e+01   8.7920085e+01
   1.7040000e+02  -9.6453488e+01   3.3320085e+01
   1.7050000e+02   2.7546512e+01   2.3600846e+00
   1.7060000e+02  -1.5453488e+01   1.4080085e+01
   1.7070000e+02  -3.7453488e+01  -1.8039915e+01
   1.7080000e+02   1.0546512e+01   1.1040085e+01
   1.7090000e+02   5.0546512e+01   7.3440085e+01
   1.7100000e+02  -3.1453488e+01   3.3720085e+01
   1.7110000e+02  -9.1453488e+01  -2.3879915e+01
   1.7120000e+02   5.4546512e+01   4.9280085e+01
   1.7130000e+02  -2.1453488e+01  -9.6799154e+00
   1.7140000e+02   9.3546512e+01  -3.7279915e+01
   1.7150000e+02   6.4546512e+01  -7.0119915e+01
   1.7160000e+02  -2.0453488e+01  -1.8719915e+01
   1.7170000e+02  -2.5453488e+01   4.8008457e-01
   1.7180000e+02  -7.2453488e+01  -3.8639915e+01
   1.7190000e+02  -8.2453488e+01  -3.8239915e+01
   1.7200000e+02  -3.3453488e+01  -4.7199915e+01
   1.7210000e+02  -6.0453488e+01   1.0880085e+01
   1.7220000e+02  -2.5453488e+01  -6.2519915e+01
   1.7230000e+02  -5.8453488e+01  -2.5199915e+01
   1.7240000e+02   1.3654651e+02  -6.3999915e+01
   1.7250000e+02  -4.4453488e+01   9.2400846e+00
   1.7260000e+02  -9.4534884e+00   5.1840085e+01
   1.7270000e+02  -5.5453488e+01  -3.1319915e+01
   1.7280000e+02  -5.3453488e+01  -6.3399915e+01
   1.7290000e+02   1.8546512e+01  -2.7279915e+01
   1.7300000e+02  -8.2453488e+01  -4.0239915e+01
   1.7310000e+02   6.5465116e+00   1.7200085e+01
   1.7320000e+02   4.4546512e+01  -5.2319915e+01
   1.7330000e+02  -4.1453488e+01   2.4120085e+01
   1.7340000e+02   2.2546512e+01  -1.1439915e+01
   1.7350000e+02   5.5465116e+00  -4.5759915e+01
   1.7360000e+02   2.0546512e+01  -3.7359915e+01
   1.7370000e+02  -2.6453488e+01  -3.6479915e+01
   1.7380000e+02   9.8546512e+01  -6.0479915e+01
   1.7390000e+02   1.8546512e+01   2.1720085e+01
   1.7400000e+02   5.5546512e+01  -5.1759915e+01
   1.7410000e+02  -3.4453488e+01   9.8400846e+00
   1.7420000e+02  -7.7453488e+01   4.0560085e+01
   1.7430000e+02   3.1546512e+01  -3.5799915e+01
   1.7440000e+02  -6.1453488e+01  -4.5079915e+01
   1.7450000e+02  -2.6453488e+01   5.5200846e+00
   1.7460000e+02  -6.2453488e+01  -3.0399154e+00
   1.7470000e+02  -4.6453488e+01   2.6320085e+01
   1.7480000e+02   2.2546512e+01  -1.3439915e+01
   1.7490000e+02   4.0546512e+01  -2.7159915e+01
   1.7500000e+02  -1.7453488e+01  -5.8399154e+00
   1.7510000e+02  -2.0453488e+01  -3.5719915e+01
   1.7520000e+02   5.5546512e+01  -1.5759915e+01
   1.7530000e+02  -7.9453488e+01   5.4640085e+01
   1.7540000e+02   2.0546512e+01   3.1640085e+01
   1.7550000e+02  -5.3453488e+01   1.6600085e+01
   1.7560000e+02   7.1546512e+01  -1.5399915e+01
   1.7570000e+02  -8.4534884e+00  -4.1999154e+00
   1.7580000e+02  -7.4453488e+01  -2.0559915e+01
   1.7590000e+02  -3.7453488e+01   3.3960085e+01
   1.7600000e+02   1.1854651e+02   1.0720085e+01
   1.7610000e+02   1.8546512e+01   2.8720085e+01
   1.7620000e+02  -1.2045349e+02  -3.9719915e+01
   1.7630000e+02  -2.1453488e+01   3.1320085e+01
   1.7640000e+02   6.1546512e+01   4.1000085e+01
   1.7650000e+02  -1.4453488e+01  -2.5959915e+01
   1.7660000e+02  -1.2453488e+01  -3.0399154e+00
   1.7670000e+02   9.5465116e+00   8.0084567e-02
   1.7680000e+02  -7.1453488e+01   2.0320085e+01
   1.7690000e+02   4.5546512e+01  -1.1359915e+01
   1.7700000e+02   7.8546512e+01   1.1320085e+01
   1.7710000e+02  -4.5348837e-01  -2.6519915e+01
   1.7720000e+02  -2.5453488e+01  -6.5199154e+00
   1.7730000e+02   8.5465116e+00   1.7120085e+01
   1.7740000e+02  -4.0453488e+01   2.8080085e+01
   1.7750000e+02  -6.2453488e+01   6.9960085e+01
   1.7760000e+02  -6.1453488e+01   1.2920085e+01
   1.7770000e+02  -1.0453488e+01   2.3880085e+01
   1.7780000e+02  -8.5453488e+01   3.8800846e+00
   1.7790000e+02   9.0546512e+01   7.4840085e+01
   1.7800000e+02  -6.4534884e+00   2.4720085e+01
   1.7810000e+02  -5.4534884e+00   3.6800846e+00
   1.7820000e+02  -9.4534884e+00  -4.4159915e+01
   1.7830000e+02   4.8546512e+01   5.9520085e+01
   1.7840000e+02   5.4651163e-01   9.4400846e+00
   1.7850000e+02  -4.9453488e+01  -5.5991543e-01
   1.7860000e+02  -5.4534884e+00  -2.6319915e+01
   1.7870000e+02  -1.3453488e+01   1.1000085e+01
   1.7880000e+02  -2.4534884e+00   1.5600846e+00
   1.7890000e+02  -1.6453488e+01   3.2120085e+01
   1.7900000e+02   5.4651163e-01   2.9440085e+01
   1.7910000e+02  -2.1453488e+01   8.3200846e+00
   1.7920000e+02  -2.9453488e+01   1.3640085e+01
   1.7930000e+02  -3.1453488e+01  -2.7991543e-01
   1.7940000e+02   1.1546512e+01   2.0000846e+00
   1.7950000e+02  -3.1453488e+01   5.1720085e+01
   1.7960000e+02  -8.7453488e+01  -3.9915433e-02
   1.7970000e+02  -3.4534884e+00   2.2600085e+01
   1.7980000e+02   1.8546512e+01   1.7720085e+01
   1.7990000e+02  -2.4534884e+00   1.3560085e+01
   1.8000000e+02   3.2546512e+01  -2.0839915e+01
   1.8010000e+02  -6.4453488e+01   9.0400846e+00
   1.8020000e+02  -3.0453488e+01   1.6800846e+00
   1.8030000e+02  -1.6453488e+01  -2.2879915e+01
   1.8040000e+02   1.1546512e+01   1.4000085e+01
   1.8050000e+02   1.3546512e+01   3.8920085e+01
   1.8060000e+02  -1.1453488e+01   1.0592008e+02
   1.8070000e+02  -9.6453488e+01  -9.6799154e+00
   1.8080000e+02   1.0154651e+02   2.0400085e+01
   1.8090000e+02   1.8546512e+01  -2.1279915e+01
   1.8100000e+02   3.5546512e+01   5.0400846e+00
   1.8110000e+02  -4.1453488e+01   1.5120085e+01
   1.8120000e+02  -1.8453488e+01   1.0200085e+01
   1.8130000e+02  -3.6453488e+01   3.3920085e+01
   1.8140000e+02   1.2654651e+02   2.1400085e+01
   1.8150000e+02   5.4651163e-01   6.6440085e+01
   1.8160000e+02   5.4546512e+01   1.4280085e+01
   1.8170000e+02  -4.5453488e+01   3.7280085e+01
   1.8180000e+02  -3.4534884e+00  -2.3999154e+00
   1.8190000e+02  -8.4534884e+00   3.3800085e+01
   1.8200000e+02  -9.0453488e+01   7.3080085e+01
   1.8210000e+02   6.0546512e+01  -3.8959915e+01
   1.8220000e+02   1.3546512e+01   7.4920085e+01
   1.8230000e+02  -6.4534884e+00  -9.2799154e+00
   1.8240000e+02   3.3546512e+01  -1.1879915e+01
   1.8250000e+02   2.4546512e+01  -1.3519915e+01
   1.8260000e+02  -4.9453488e+01  -6.5599154e+00
   1.8270000e+02   3.8546512e+01   6.8920085e+01
   1.8280000e+02   6.3546512e+01  -7.9915433e-02
   1.8290000e+02  -3.4453488e+01  -1.2159915e+01
   1.8300000e+02  -1.2453488e+01  -2.6039915e+01
   1.8310000e+02  -8.1453488e+01   2.0720085e+01
   1.8320000e+02   1.8546512e+01  -1.3279915e+01
   1.8330000e+02  -9.4534884e+00   3.2840085e+01
   1.8340000e+02  -7.2453488e+01   6.3600846e+00
   1.8350000e+02  -4.7453488e+01   1.8360085e+01
   1.8360000e+02  -6.4534884e+00  -3.5279915e+01
   1.8370000e+02   3.4546512e+01  -3.7919915e+01
   1.8380000e+02   1.6546512e+01   2.1800085e+01
   1.8390000e+02  -7.4534884e+00   2.0760085e+01
   1.8400000e+02  -2.5453488e+01  -2.7519915e+01
   1.8410000e+02  -6.1453488e+01   1.8920085e+01
   1.8420000e+02   3.6546512e+01   8.0000846e+00
   1.8430000e+02   1.3654651e+02   2.3000085e+01
   1.8440000e+02   1.1546512e+01  -9.9999154e+00
   1.8450000e+02  -1.4453488e+01  -3.0959915e+01
   1.8460000e+02  -1.0453488e+01  -5.1199154e+00
   1.8470000e+02  -9.4534884e+00  -1.4159915e+01
   1.8480000e+02  -8.0453488e+01   4.8680085e+01
   1.8490000e+02   1.5465116e+00  -2.0599915e+01
   1.8500000e+02   1.4546512e+01  -1.4119915e+01
   1.8510000e+02   4.1546512e+01   4.1800085e+01
   1.8520000e+02   9.1546512e+01   1.0800085e+01
   1.8530000e+02  -1.3453488e+01  -9.9991543e-01
   1.8540000e+02  -1.4534884e+00  -9.4799154e+00
   1.8550000e+02   4.1546512e+01   3.8000846e+00
   1.8560000e+02  -6.1453488e+01  -1.1079915e+01
   1.8570000e+02  -7.6453488e+01  -1.5479915e+01
   1.8580000e+02  -4.4534884e+00  -2.6359915e+01
   1.8590000e+02  -3.8453488e+01   2.5000085e+01
   1.8600000e+02  -4.1453488e+01   3.2120085e+01
   1.8610000e+02  -9.0453488e+01  -9.9199154e+00
   1.8620000e+02  -9.6453488e+01  -1.9679915e+01
   1.8630000e+02   3.5546512e+01   3.1040085e+01
   1.8640000e+02  -6.6453488e+01   1.9120085e+01
   1.8650000e+02   6.4546512e+01   9.8800846e+00
   1.8660000e+02  -5.1453488e+01  -5.4799154e+00
   1.8670000e+02   1.0454651e+02  -3.4719915e+01
   1.8680000e+02   1.1546512e+01   2.6000085e+01
   1.8690000e+02  -1.2245349e+02   3.3360085e+01
   1.8700000e+02   6.1546512e+01  -6.9999154e+00
   1.8710000e+02  -2.0453488e+01   2.1280085e+01
   1.8720000e+02  -5.1453488e+01  -1.6479915e+01
   1.8730000e+02  -1.3453488e+01  -3.9999154e+00
   1.8740000e+02  -7.1453488e+01   2.7320085e+01
   1.8750000e+02  -2.1453488e+01  -2.6799154e+00
   1.8760000e+02  -1.1045349e+02  -3.5119915e+01
   1.8770000e+02  -6.0453488e+01  -4.0119915e+01
   1.8780000e+02   5.8546512e+01  -1.6879915e+01
   1.8790000e+02   6.1546512e+01  -2.5999915e+01
   1.8800000e+02  -7.4453488e+01   1.1644008e+02
   1.8810000e+02  -4.7453488e+01   2.4360085e+01
   1.8820000e+02   4.5465116e+00  -1.0719915e+01
   1.8830000e+02   1.5546512e+01  -4.0159915e+01
   1.8840000e+02  -2.4534884e+00   4.8560085e+01
   1.8850000e+02  -8.0453488e+01  -3.9319915e+01
   1.8860000e+02  -5.0453488e+01   7.6480085e+01
   1.8870000e+02  -3.8453488e+01  -3.3999915e+01
   1.8880000e+02   5.1546512e+01  -4.8599915e+01
   1.8890000e+02  -8.4534884e+00   9.8000846e+00
   1.8900000e+02  -4.7453488e+01   8.3600846e+00
   1.8910000e+02  -6.9453488e+01  -5.7599154e+00
   1.8920000e+02  -4.4453488e+01  -1.0759915e+01
   1.8930000e+02  -4.7453488e+01   8.3360085e+01
   1.8940000e+02  -6.5453488e+01  -1.8919915e+01
   1.8950000e+02   7.5465116e+00   2.7160085e+01
   1.8960000e+02  -8.6453488e+01  -2.9079915e+01
   1.8970000e+02  -2.2453488e+01   4.0360085e+01
   1.8980000e+02  -4.0453488e+01  -8.9199154e+00
   1.8990000e+02  -1.1345349e+02   4.9000085e+01
   1.9000000e+02   8.5465116e+00   9.5120085e+01
   1.9010000e+02  -3.6453488e+01  -4.3079915e+01
   1.9020000e+02  -2.8453488e+01  -1.7399915e+01
   1.9030000e+02  -4.0453488e+01  -3.1919915e+01
   1.9040000e+02   8.9546512e+01  -2.2119915e+01
   1.9050000e+02  -1.4453488e+01  -4.4959915e+01
   1.9060000e+02  -1.1453488e+01   4.4920085e+01
   1.9070000e+02  -1.7453488e+01  -5.5839915e+01
   1.9080000e+02   5.3546512e+01  -2.4679915e+01
   1.9090000e+02   3.1546512e+01   1.4200085e+01
   1.9100000e+02   5.9546512e+01  -2.6919915e+01
   1.9110000e+02   4.0546512e+01  -2.1599154e+00
   1.9120000e+02  -7.0453488e+01  -2.7719915e+01
   1.9130000e+02   1.5465116e+00  -2.6599915e+01
   1.9140000e+02  -7.2453488e+01  -8.6399154e+00
   1.9150000e+02  -3.0453488e+01   1.3680085e+01
   1.9160000e+02   2.9546512e+01  -5.5719915e+01
   1.9170000e+02  -3.8453488e+01  -2.9999915e+01
   1.9180000e+02  -2.5453488e+01  -5.0519915e+01
   1.9190000e+02  -6.0453488e+01  -1.6119915e+01
   1.9200000e+02  -6.4534884e+00  -1.8279915e+01
   1.9210000e+02  -2.6453488e+01  -1.5479915e+01
   1.9220000e+02  -1.3453488e+01   2.4000085e+01
   1.9230000e+02   6.9546512e+01  -1.6319915e+01
   1.9240000e+02   3.8546512e+01  -4.9079915e+01
   1.9250000e+02   5.4651163e-01   2.2440085e+01
   1.9260000e+02  -2.4534884e+00   8.5600846e+00
   1.9270000e+02  -9.4534884e+00  -2.1599154e+00
   1.9280000e+02  -4.5453488e+01  -2.4719915e+01
   1.9290000e+02   1.3546512e+01  -1.7079915e+01
   1.9300000e+02   2.3546512e+01   8.5200846e+00
   1.9310000e+02   3.1546512e+01   4.2000846e+00
   1.9320000e+02  -4.7453488e+01   4.3360085e+01
   1.9330000e+02   2.5546512e+01  -8.5599154e+00
   1.9340000e+02   4.5465116e+00   9.2800846e+00
   1.9350000e+02  -3.8453488e+01   1.0000846e+00
   1.9360000e+02   1.7546512e+01   1.6760085e+01
   1.9370000e+02   1.0546512e+01  -3.6959915e+01
   1.9380000e+02  -8.4534884e+00  -6.0199915e+01
   1.9390000e+02  -8.4453488e+01   2.1840085e+01
   1.9400000e+02  -2.2453488e+01  -2.0639915e+01
   1.9410000e+02   1.3546512e+01   2.1920085e+01
   1.9420000e+02  -1.1453488e+01  -7.9915433e-02
   1.9430000e+02  -1.1245349e+02   5.6960085e+01
   1.9440000e+02  -2.3453488e+01  -9.5999154e+00
   1.9450000e+02   6.1546512e+01   1.4000085e+01
   1.9460000e+02  -5.9453488e+01  -4.1159915e+01
   1.9470000e+02   1.0546512e+01  -2.6959915e+01
   1.9480000e+02   2.5546512e+01   8.4400846e+00
   1.9490000e+02   9.5465116e+00  -2.5919915e+01
   1.9500000e+02   3.5465116e+00  -4.3679915e+01
   1.9510000e+02  -4.4453488e+01   4.5240085e+01
   1.9520000e+02  -1.2453488e+01  -4.7039915e+01
   1.9530000e+02   6.4546512e+01   2.0880085e+01
   1.9540000e+02   4.7546512e+01  -1.5439915e+01
   1.9550000e+02  -4.4534884e+00  -4.4359915e+01
   1.9560000e+02   6.7546512e+01  -1.1239915e+01
   1.9570000e+02   2.6546512e+01  -1.4599915e+01
   1.9580000e+02   1.5546512e+01  -1.9159915e+01
   1.9590000e+02   2.3546512e+01   1.6520085e+01
   1.9600000e+02  -7.4534884e+00  -3.9239915e+01
   1.9610000e+02  -4.6453488e+01   2.2320085e+01
   1.9620000e+02  -9.2453488e+01   2.9160085e+01
   1.9630000e+02  -2.8453488e+01  -3.1399915e+01
   1.9640000e+02  -1.1453488e+01   1.6920085e+01
   1.9650000e+02  -7.2453488e+01   2.6360085e+01
   1.9660000e+02   4.5546512e+01   2.4640085e+01
   1.9670000e+02  -1.3245349e+02  -2.6239915e+01
   1.9680000e+02   5.7546512e+01   3.1600846e+00
   1.9690000e+02   5.7546512e+01  -2.8399154e+00
   1.9700000e+02  -1.3945349e+02  -9.9599154e+00
   1.9710000e+02  -1.0445349e+02  -3.3359915e+01
   1.9720000e+02  -3.3453488e+01  -4.1999154e+00
   1.9730000e+02   1.5465116e+00  -1.1599915e+01
   1.9740000e+02   5.1546512e+01  -4.8599915e+01
   1.9750000e+02  -5.0453488e+01   2.2480085e+01
   1.9760000e+02   1.5465116e+00  -7.5999154e+00
   1.9770000e+02   3.0546512e+01   3.3240085e+01
   1.9780000e+02  -5.6453488e+01   3.7720085e+01
   1.9790000e+02   1.2546512e+01   1.3960085e+01
   1.9800000e+02   2.0546512e+01  -5.4359915e+01
   1.9810000e+02  -5.6453488e+01   9.3720085e+01
   1.9820000e+02   1.0546512e+01  -3.5959915e+01
   1.9830000e+02  -1.4534884e+00   1.8520085e+01
   1.9840000e+02  -3.3453488e+01  -3.2199915e+01
   1.9850000e+02   3.5546512e+01  -6.9599154e+00
   1.9860000e+02   1.0054651e+02   5.4440085e+01
   1.9870000e+02  -1.6453488e+01   5.5120085e+01
   1.9880000e+02   7.2546512e+01   2.8560085e+01
   1.9890000e+02  -2.0453488e+01   4.6280085e+01
   1.9900000e+02  -3.7453488e+01   2.7960085e+01
   1.9910000e+02  -4.5453488e+01   1.4280085e+01
   1.9920000e+02  -9.4534884e+00   1.0840085e+01
   1.9930000e+02  -4.0453488e+01   6.9080085e+01
   1.9940000e+02   4.8546512e+01   1.8520085e+01
   1.9950000e+02  -4.5453488e+01   9.3280085e+01
   1.9960000e+02   1.0654651e+02   2.2000846e+00
   1.9970000e+02   6.9546512e+01   7.2680085e+01
   1.9980000e+02  -5.0453488e+01   4.4800846e+00
   1.9990000e+02   1.1546512e+01   3.1000085e+01
