   0.0000000e+00   1.5800971e+02   1.0652913e+02
   1.0000000e-01   1.3100971e+02   5.1609126e+01
   2.0000000e-01   2.2100971e+02   5.9009126e+01
   3.0000000e-01   1.5700971e+02   9.3569126e+01
   4.0000000e-01   1.3200971e+02   7.5569126e+01
   5.0000000e-01   2.3100971e+02   7.6609126e+01
   6.0000000e-01   8.9009709e+01   1.5428913e+02
   7.0000000e-01   2.5500971e+02   1.3864913e+02
   8.0000000e-01   2.1000971e+02   6.8449126e+01
   9.0000000e-01   1.5300971e+02   8.7729126e+01
   1.0000000e+00   2.2900971e+02   5.5689126e+01
   1.1000000e+00   9.3009709e+01   9.1129126e+01
   1.2000000e+00   1.2100971e+02   1.0000913e+02
   1.3000000e+00   2.8500971e+02   1.0244913e+02
   1.4000000e+00   1.1000971e+02   1.0044913e+02
   1.5000000e+00   1.9100971e+02   1.5020913e+02
   1.6000000e+00   2.3400971e+02   5.9489126e+01
   1.7000000e+00   7.6009709e+01   2.5809126e+01
   1.8000000e+00   2.1100971e+02   7.2409126e+01
   1.9000000e+00   1.4000971e+02   1.6424913e+02
   2.0000000e+00   3.2300971e+02   6.1929126e+01
   2.1000000e+00   2.4800971e+02   1.0192913e+02
   2.2000000e+00   1.3000971e+02   1.2649126e+01
   2.3000000e+00   1.7300971e+02   1.3929126e+01
   2.4000000e+00   3.2100971e+02   1.4300913e+02
   2.5000000e+00   1.4600971e+02   1.1700913e+02
   2.6000000e+00   1.5400971e+02   9.6891262e+00
   2.7000000e+00   1.3900971e+02   9.8289126e+01
   2.8000000e+00   1.9000971e+02   8.4249126e+01
   2.9000000e+00   1.2600971e+02   6.3809126e+01
   3.0000000e+00   1.1600971e+02   5.3209126e+01
   3.1000000e+00   1.8200971e+02   1.9056913e+02
   3.2000000e+00   1.4000971e+02   4.9249126e+01
   3.3000000e+00   1.2100971e+02   1.0900913e+02
   3.4000000e+00   2.3800971e+02   1.0332913e+02
   3.5000000e+00   1.6000971e+02   2.0344913e+02
   3.6000000e+00   1.2000971e+02   2.1804913e+02
   3.7000000e+00   9.6009709e+01   7.0009126e+01
   3.8000000e+00   1.4200971e+02   8.2169126e+01
   3.9000000e+00   1.1500971e+02   7.4249126e+01
   4.0000000e+00   1.6400971e+02   2.8289126e+01
   4.1000000e+00   1.4500971e+02   7.4049126e+01
   4.2000000e+00   1.7000971e+02   1.0104913e+02
   4.3000000e+00   1.3500971e+02   2.1444913e+02
   4.4000000e+00   1.7300971e+02   1.0692913e+02
   4.5000000e+00   1.4600971e+02   1.3500913e+02
   4.6000000e+00   3.1400971e+02  -2.7108738e+00
   4.7000000e+00   2.1000971e+02   7.6449126e+01
   4.8000000e+00   2.0200971e+02   8.7691262e+00
   4.9000000e+00   8.4009709e+01   7.0489126e+01
   5.0000000e+00   1.7500971e+02   5.3849126e+01
   5.1000000e+00   2.2900971e+02   3.0689126e+01
   5.2000000e+00   1.6600971e+02   1.3720913e+02
   5.3000000e+00   2.3300971e+02   9.2529126e+01
   5.4000000e+00   9.5009709e+01   1.1504913e+02
   5.5000000e+00   2.1800971e+02   8.5129126e+01
   5.6000000e+00   2.5400971e+02   1.6968913e+02
   5.7000000e+00   1.7400971e+02   7.0889126e+01
   5.8000000e+00   1.5600971e+02   5.0609126e+01
   5.9000000e+00   3.7600971e+02   6.8809126e+01
   6.0000000e+00   2.1000971e+02   8.0449126e+01
   6.1000000e+00   3.1000971e+02   1.8449126e+01
   6.2000000e+00   1.8100971e+02   2.8609126e+01
   6.3000000e+00   1.7800971e+02   7.0729126e+01
   6.4000000e+00   5.5009709e+01   8.5649126e+01
   6.5000000e+00   2.2100971e+02   1.4600913e+02
   6.6000000e+00   1.4800971e+02   1.7592913e+02
   6.7000000e+00   1.0300971e+02   6.3729126e+01
   6.8000000e+00   1.2600971e+02   7.6809126e+01
   6.9000000e+00   1.9300971e+02   8.1129126e+01
   7.0000000e+00   1.4100971e+02   1.8320913e+02
   7.1000000e+00   1.0600971e+02   1.0960913e+02
   7.2000000e+00   1.3200971e+02   8.5569126e+01
   7.3000000e+00   1.4200971e+02   1.0616913e+02
   7.4000000e+00   2.0300971e+02   1.3729126e+01
   7.5000000e+00   2.8009709e+01   1.1672913e+02
   7.6000000e+00   1.8800971e+02   1.1332913e+02
   7.7000000e+00   1.8000971e+02   1.4264913e+02
   7.8000000e+00   3.6700971e+02   8.4169126e+01
   7.9000000e+00   1.7800971e+02   1.5872913e+02
   8.0000000e+00   1.7800971e+02   1.0472913e+02
   8.1000000e+00   1.4700971e+02   1.0896913e+02
   8.2000000e+00   1.8000971e+02   1.2164913e+02
   8.3000000e+00   2.6600971e+02   1.6420913e+02
   8.4000000e+00   2.7600971e+02   5.8809126e+01
   8.5000000e+00   6.9009709e+01   1.4308913e+02
   8.6000000e+00   1.6400971e+02   1.0728913e+02
   8.7000000e+00   2.2600971e+02   9.9809126e+01
   8.8000000e+00   2.7100971e+02   9.1009126e+01
   8.9000000e+00   8.6009709e+01   1.3540913e+02
   9.0000000e+00   2.0400971e+02   1.0868913e+02
   9.1000000e+00   2.0500971e+02  -1.3508738e+00
   9.2000000e+00   1.5500971e+02   9.2649126e+01
   9.3000000e+00   2.0600971e+02   1.8609126e+01
   9.4000000e+00   1.2200971e+02   9.8969126e+01
   9.5000000e+00   1.5700971e+02   9.6569126e+01
   9.6000000e+00   1.4900971e+02   1.0988913e+02
   9.7000000e+00   1.5000971e+02   1.9849126e+01
   9.8000000e+00   2.6000971e+02   8.3449126e+01
   9.9000000e+00   2.4800971e+02   8.3929126e+01
   1.0000000e+01   1.8000971e+02   1.3064913e+02
   1.0100000e+01   3.3500971e+02   9.0449126e+01
   1.0200000e+01   2.9600971e+02   5.9009126e+01
   1.0300000e+01   9.4009709e+01   7.6089126e+01
   1.0400000e+01   1.3700971e+02   9.8369126e+01
   1.0500000e+01   1.4800971e+02   1.5692913e+02
   1.0600000e+01   2.3800971e+02   3.7329126e+01
   1.0700000e+01   6.7009709e+01   1.4216913e+02
   1.0800000e+01   2.2300971e+02   4.6929126e+01
   1.0900000e+01   2.5300971e+02   2.0729126e+01
   1.1000000e+01   8.4009709e+01   6.4489126e+01
   1.1100000e+01   3.3900971e+02   5.6289126e+01
   1.1200000e+01   9.9009709e+01   5.1889126e+01
   1.1300000e+01   2.0000971e+02   1.2384913e+02
   1.1400000e+01   1.4300971e+02  -3.7870874e+01
   1.1500000e+01   1.3600971e+02   8.8409126e+01
   1.1600000e+01   1.2200971e+02  -6.0308738e+00
   1.1700000e+01   1.6200971e+02   1.2436913e+02
   1.1800000e+01   8.5009709e+01   7.5449126e+01
   1.1900000e+01   2.6100971e+02   8.3409126e+01
   1.2000000e+01   1.2900971e+02   3.8689126e+01
   1.2100000e+01   1.0200971e+02   1.1176913e+02
   1.2200000e+01   1.6100971e+02   2.2409126e+01
   1.2300000e+01   6.3009709e+01   8.4329126e+01
   1.2400000e+01   1.4800971e+02   8.4929126e+01
   1.2500000e+01   2.2400971e+02   8.2889126e+01
   1.2600000e+01   1.2400971e+02   1.3988913e+02
   1.2700000e+01   1.7009709e+01   1.6169126e+01
   1.2800000e+01   3.1500971e+02   1.1224913e+02
   1.2900000e+01   1.5900971e+02   1.3048913e+02
   1.3000000e+01   9.8009709e+01   8.9929126e+01
   1.3100000e+01   1.5800971e+02   2.3529126e+01
   1.3200000e+01   9.5009709e+01   7.2049126e+01
   1.3300000e+01   1.3600971e+02   1.4540913e+02
   1.3400000e+01   2.4700971e+02   6.5969126e+01
   1.3500000e+01   1.8500971e+02   5.4449126e+01
   1.3600000e+01   8.4009709e+01   4.1489126e+01
   1.3700000e+01   1.8100971e+02   6.5609126e+01
   1.3800000e+01   8.2009709e+01   1.1056913e+02
   1.3900000e+01   2.9900971e+02   8.6889126e+01
   1.4000000e+01   1.8300971e+02   3.7529126e+01
   1.4100000e+01   3.5009709e+01   9.1449126e+01
   1.4200000e+01   1.2700971e+02   1.9769126e+01
   1.4300000e+01   1.9300971e+02   6.5129126e+01
   1.4400000e+01   1.6800971e+02  -1.0870874e+01
   1.4500000e+01   2.7300971e+02   4.3929126e+01
   1.4600000e+01   2.1100971e+02   1.6409126e+01
   1.4700000e+01   2.3000971e+02   5.5649126e+01
   1.4800000e+01   1.2400971e+02   5.9889126e+01
   1.4900000e+01   2.5300971e+02   7.3729126e+01
   1.5000000e+01   1.5300971e+02   8.4729126e+01
   1.5100000e+01   1.2100971e+02   1.2400913e+02
   1.5200000e+01   2.5700971e+02   1.8569126e+01
   1.5300000e+01  -4.9902913e+00   2.6049126e+01
   1.5400000e+01   1.7400971e+02   4.6889126e+01
   1.5500000e+01   1.8600971e+02   8.9409126e+01
   1.5600000e+01   1.4700971e+02   7.0969126e+01
   1.5700000e+01   2.3000971e+02   7.3649126e+01
   1.5800000e+01   2.1100971e+02   5.3409126e+01
   1.5900000e+01   1.0200971e+02   4.6769126e+01
   1.6000000e+01   7.2009709e+01   1.2296913e+02
   1.6100000e+01   2.9009709e+01   3.5689126e+01
   1.6200000e+01   9.8009709e+01   1.0492913e+02
   1.6300000e+01   2.5000971e+02  -4.0150874e+01
   1.6400000e+01   1.5800971e+02   1.6652913e+02
   1.6500000e+01   3.6400971e+02   2.9289126e+01
   1.6600000e+01   1.8200971e+02   1.5356913e+02
   1.6700000e+01   3.6900971e+02   5.1089126e+01
   1.6800000e+01   2.1800971e+02   8.4129126e+01
   1.6900000e+01   3.6000971e+02   4.1449126e+01
   1.7000000e+01   9.2009709e+01   9.4169126e+01
   1.7100000e+01   2.1500971e+02   5.7249126e+01
   1.7200000e+01   3.0300971e+02   6.9729126e+01
   1.7300000e+01   1.4800971e+02   3.4929126e+01
   1.7400000e+01   2.4700971e+02   2.4969126e+01
   1.7500000e+01   1.7000971e+02   7.0049126e+01
   1.7600000e+01   1.6700971e+02   5.3169126e+01
   1.7700000e+01   2.1800971e+02   1.1129126e+01
   1.7800000e+01   2.1300971e+02   4.1329126e+01
   1.7900000e+01   2.4900971e+02   5.6889126e+01
   1.8000000e+01   2.0100971e+02   3.1809126e+01
   1.8100000e+01   2.5300971e+02   3.5729126e+01
   1.8200000e+01   2.2700971e+02   7.4769126e+01
   1.8300000e+01   1.1200971e+02   4.8369126e+01
   1.8400000e+01   6.6009709e+01   7.2209126e+01
   1.8500000e+01   2.7900971e+02   1.0168913e+02
   1.8600000e+01   1.3700971e+02   2.5369126e+01
   1.8700000e+01   2.1700971e+02   1.3169126e+01
   1.8800000e+01   1.5600971e+02   6.2609126e+01
   1.8900000e+01   1.1000971e+02   4.5449126e+01
   1.9000000e+01   7.5009709e+01   3.3849126e+01
   1.9100000e+01   4.5009709e+01  -4.9508738e+00
   1.9200000e+01   9.9009709e+01   3.9889126e+01
   1.9300000e+01   2.8200971e+02   6.5691262e+00
   1.9400000e+01   1.5500971e+02   3.6491262e+00
   1.9500000e+01   2.6700971e+02   1.1616913e+02
   1.9600000e+01   2.4900971e+02   1.1588913e+02
   1.9700000e+01   1.6700971e+02   1.8016913e+02
   1.9800000e+01   1.4300971e+02   6.0129126e+01
   1.9900000e+01   1.9600971e+02   1.3900913e+02
   2.0000000e+01   5.7009709e+01   1.1756913e+02
   2.0100000e+01   1.4200971e+02   1.6912621e-01
   2.0200000e+01   1.6800971e+02   1.9129126e+01
   2.0300000e+01   2.2300971e+02   4.6929126e+01
   2.0400000e+01   2.5000971e+02   4.9849126e+01
   2.0500000e+01   1.3700971e+02   4.0369126e+01
   2.0600000e+01   2.2500971e+02   3.6849126e+01
   2.0700000e+01   5.0009709e+01   5.8849126e+01
   2.0800000e+01   2.5600971e+02  -2.6390874e+01
   2.0900000e+01   1.4000971e+02   4.8249126e+01
   2.1000000e+01   6.2009709e+01   7.7369126e+01
   2.1100000e+01   1.9009709e+01   6.6089126e+01
   2.1200000e+01   1.6600971e+02   6.7209126e+01
   2.1300000e+01   2.6200971e+02   1.8036913e+02
   2.1400000e+01   1.7400971e+02   4.0889126e+01
   2.1500000e+01   9.7009709e+01   5.7969126e+01
   2.1600000e+01   2.1100971e+02   1.4840913e+02
   2.1700000e+01   8.9009709e+01   5.3289126e+01
   2.1800000e+01   2.1600971e+02   6.5209126e+01
   2.1900000e+01   1.2700971e+02   1.2776913e+02
   2.2000000e+01   2.1900971e+02   8.7089126e+01
   2.2100000e+01   2.6200971e+02  -3.4630874e+01
   2.2200000e+01   3.5700971e+02   3.3569126e+01
   2.2300000e+01   9.4009709e+01   4.3089126e+01
   2.2400000e+01   1.6100971e+02   7.6409126e+01
   2.2500000e+01   1.4200971e+02  -5.8308738e+00
   2.2600000e+01   8.3009709e+01   8.5291262e+00
   2.2700000e+01   2.0000971e+02   3.3849126e+01
   2.2800000e+01   1.0600971e+02   1.9360913e+02
   2.2900000e+01   1.8800971e+02   3.3291262e+00
   2.3000000e+01   2.0200971e+02   8.8769126e+01
   2.3100000e+01   2.7200971e+02   2.8969126e+01
   2.3200000e+01   3.7500971e+02   6.5849126e+01
   2.3300000e+01   1.4200971e+02   9.0169126e+01
   2.3400000e+01   2.3000971e+02  -2.3350874e+01
   2.3500000e+01   2.0300971e+02   3.7291262e+00
   2.3600000e+01   1.5500971e+02   5.4649126e+01
   2.3700000e+01   1.6500971e+02   7.8249126e+01
   2.3800000e+01   1.1300971e+02   7.3329126e+01
   2.3900000e+01   2.1500971e+02   1.0524913e+02
   2.4000000e+01   1.8500971e+02   8.1449126e+01
   2.4100000e+01   1.2600971e+02   3.8091262e+00
   2.4200000e+01   8.2009709e+01   6.5691262e+00
   2.4300000e+01   2.1000971e+02   4.4912621e-01
   2.4400000e+01   2.2700971e+02   6.7769126e+01
   2.4500000e+01   1.5000971e+02   4.4849126e+01
   2.4600000e+01   1.4800971e+02   8.9291262e+00
   2.4700000e+01   3.0600971e+02  -2.8390874e+01
   2.4800000e+01   2.7000971e+02  -2.1950874e+01
   2.4900000e+01   1.3200971e+02  -2.0430874e+01
   2.5000000e+01   4.4009709e+01   5.7089126e+01
   2.5100000e+01   1.7300971e+02   4.7929126e+01
   2.5200000e+01   2.8800971e+02   5.7329126e+01
   2.5300000e+01   2.2200971e+02   1.6696913e+02
   2.5400000e+01   2.4400971e+02   6.4089126e+01
   2.5500000e+01   9.9009709e+01   5.8889126e+01
   2.5600000e+01   2.2600971e+02   6.3809126e+01
   2.5700000e+01   1.5600971e+02   2.1060913e+02
   2.5800000e+01   2.4600971e+02   3.0091262e+00
   2.5900000e+01   1.9600971e+02   1.0000913e+02
   2.6000000e+01   1.4100971e+02   4.4209126e+01
   2.6100000e+01   1.5700971e+02   7.2569126e+01
   2.6200000e+01   7.4009709e+01   7.5889126e+01
   2.6300000e+01   1.2600971e+02   7.9809126e+01
   2.6400000e+01   8.8009709e+01   1.4232913e+02
   2.6500000e+01   8.8009709e+01   1.2032913e+02
   2.6600000e+01   3.9009709e+01   5.2289126e+01
   2.6700000e+01   6.4009709e+01  -2.4710874e+01
   2.6800000e+01   2.3000971e+02   3.6491262e+00
   2.6900000e+01   8.0009709e+01   7.5649126e+01
   2.7000000e+01   2.0200971e+02   1.0276913e+02
   2.7100000e+01   7.9009709e+01   6.6689126e+01
   2.7200000e+01   1.2500971e+02   6.1849126e+01
   2.7300000e+01   2.1900971e+02  -3.1910874e+01
   2.7400000e+01   1.5300971e+02   7.2729126e+01
   2.7500000e+01   7.2009709e+01   1.0996913e+02
   2.7600000e+01   1.5800971e+02   7.9529126e+01
   2.7700000e+01   2.7900971e+02  -2.3108738e+00
   2.7800000e+01   1.6500971e+02   2.8249126e+01
   2.7900000e+01   1.5000971e+02  -2.8150874e+01
   2.8000000e+01   1.1400971e+02   7.3289126e+01
   2.8100000e+01   1.1400971e+02   1.7289126e+01
   2.8200000e+01   1.4800971e+02   3.3929126e+01
   2.8300000e+01   1.5900971e+02   9.4891262e+00
   2.8400000e+01   7.5009709e+01   8.7849126e+01
   2.8500000e+01   2.5600971e+02  -2.4390874e+01
   2.8600000e+01   1.4800971e+02  -1.9070874e+01
   2.8700000e+01   2.4200971e+02  -3.2830874e+01
   2.8800000e+01   2.3800971e+02   5.8329126e+01
   2.8900000e+01   3.4000971e+02   1.1024913e+02
   2.9000000e+01   1.9200971e+02   7.7169126e+01
   2.9100000e+01   2.7600971e+02   6.8091262e+00
   2.9200000e+01   1.7300971e+02   8.9929126e+01
   2.9300000e+01   7.1009709e+01   5.8009126e+01
   2.9400000e+01   9.3009709e+01   5.1291262e+00
   2.9500000e+01   2.6800971e+02   3.3129126e+01
   2.9600000e+01   1.0400971e+02   3.9689126e+01
   2.9700000e+01   2.0000971e+02   4.8849126e+01
   2.9800000e+01   2.9009709e+01   1.0268913e+02
   2.9900000e+01   1.8700971e+02   8.1369126e+01
   3.0000000e+01   1.6600971e+02   5.2209126e+01
   3.0100000e+01   1.5500971e+02   2.6649126e+01
   3.0200000e+01   5.7009709e+01   2.6569126e+01
   3.0300000e+01   1.3100971e+02   5.5609126e+01
   3.0400000e+01   2.7700971e+02   5.6769126e+01
   3.0500000e+01   1.1000971e+02   7.4491262e+00
   3.0600000e+01   1.2100971e+02   9.0091262e+00
   3.0700000e+01   2.6000971e+02   7.0449126e+01
   3.0800000e+01   2.4800971e+02   3.3929126e+01
   3.0900000e+01   2.7800971e+02   1.3772913e+02
   3.1000000e+01   1.0700971e+02   6.9569126e+01
   3.1100000e+01   7.0009709e+01   5.7049126e+01
   3.1200000e+01   1.8100971e+02   1.1760913e+02
   3.1300000e+01   2.8700971e+02   2.0369126e+01
   3.1400000e+01   8.5009709e+01   2.5449126e+01
   3.1500000e+01   1.8000971e+02   9.5649126e+01
   3.1600000e+01   2.1500971e+02  -2.6750874e+01
   3.1700000e+01   1.9000971e+02   8.3249126e+01
   3.1800000e+01   1.4400971e+02   1.2089126e+01
   3.1900000e+01   2.8300971e+02   3.1529126e+01
   3.2000000e+01   1.0600971e+02   9.1609126e+01
   3.2100000e+01   1.4400971e+02   1.2308913e+02
   3.2200000e+01   1.4200971e+02   1.1516913e+02
   3.2300000e+01   2.2000971e+02   1.3704913e+02
   3.2400000e+01   9.1009709e+01   5.3209126e+01
   3.2500000e+01   5.5009709e+01   9.0649126e+01
   3.2600000e+01   2.0400971e+02   1.1868913e+02
   3.2700000e+01   5.9009709e+01   1.2489126e+01
   3.2800000e+01   2.9100971e+02  -1.1790874e+01
   3.2900000e+01   2.4600971e+02   1.1000913e+02
   3.3000000e+01   1.2700971e+02   5.8769126e+01
   3.3100000e+01   9.2009709e+01   6.4169126e+01
   3.3200000e+01   1.4400971e+02   4.6089126e+01
   3.3300000e+01   2.0100971e+02  -1.6190874e+01
   3.3400000e+01   1.1000971e+02   1.0644913e+02
   3.3500000e+01   1.0700971e+02   1.2569126e+01
   3.3600000e+01   1.9900971e+02   2.3889126e+01
   3.3700000e+01   1.1000971e+02   1.0544913e+02
   3.3800000e+01   2.6600971e+02   2.5209126e+01
   3.3900000e+01   8.7009709e+01  -3.5630874e+01
   3.4000000e+01   3.6009709e+01  -7.5908738e+00
   3.4100000e+01   1.3000971e+02   2.7649126e+01
   3.4200000e+01   2.2800971e+02   1.1472913e+02
   3.4300000e+01   1.2100971e+02   5.5009126e+01
   3.4400000e+01   6.3009709e+01   7.2329126e+01
   3.4500000e+01   7.6009709e+01  -1.9190874e+01
   3.4600000e+01   2.4700971e+02   6.9969126e+01
   3.4700000e+01   2.3100971e+02   7.6609126e+01
   3.4800000e+01   2.4100971e+02   1.0020913e+02
   3.4900000e+01   1.4900971e+02   1.3588913e+02
   3.5000000e+01   1.3800971e+02   3.9329126e+01
   3.5100000e+01   1.8100971e+02   4.1609126e+01
   3.5200000e+01   8.7009709e+01   3.6912621e-01
   3.5300000e+01   1.8800971e+02  -4.0670874e+01
   3.5400000e+01   3.2900971e+02  -6.3108738e+00
   3.5500000e+01   2.2900971e+02  -1.0310874e+01
   3.5600000e+01   2.2300971e+02   2.7929126e+01
   3.5700000e+01   2.4900971e+02  -5.2110874e+01
   3.5800000e+01   8.7009709e+01  -8.8630874e+01
   3.5900000e+01   1.7100971e+02   2.5009126e+01
   3.6000000e+01   2.5200971e+02   3.3769126e+01
   3.6100000e+01   1.8200971e+02  -5.5430874e+01
   3.6200000e+01   2.0800971e+02  -2.9470874e+01
   3.6300000e+01   8.9009709e+01   3.3289126e+01
   3.6400000e+01   1.5009709e+01   2.8249126e+01
   3.6500000e+01   5.7009709e+01   4.2569126e+01
   3.6600000e+01   9.3009709e+01   4.1129126e+01
   3.6700000e+01   2.5600971e+02  -5.4390874e+01
   3.6800000e+01   7.8009709e+01   2.1729126e+01
   3.6900000e+01   7.6009709e+01  -1.7190874e+01
   3.7000000e+01   1.4500971e+02  -2.6950874e+01
   3.7100000e+01   2.4800971e+02   3.6929126e+01
   3.7200000e+01   5.0009709e+01   2.1849126e+01
   3.7300000e+01   1.9500971e+02  -2.7950874e+01
   3.7400000e+01   2.2900971e+02  -4.1310874e+01
   3.7500000e+01   2.9900971e+02   4.2889126e+01
   3.7600000e+01   2.5100971e+02  -1.2190874e+01
   3.7700000e+01   1.8600971e+02   6.4091262e+00
   3.7800000e+01   1.5200971e+02  -2.6230874e+01
   3.7900000e+01   2.4800971e+02   2.7929126e+01
   3.8000000e+01   1.3800971e+02   6.9329126e+01
   3.8100000e+01   3.6600971e+02  -6.9790874e+01
   3.8200000e+01   2.4400971e+02  -6.9108738e+00
   3.8300000e+01   3.0100971e+02   5.9809126e+01
   3.8400000e+01   1.3300971e+02   8.5291262e+00
   3.8500000e+01   1.0800971e+02  -5.4708738e+00
   3.8600000e+01   1.2600971e+02   4.0809126e+01
   3.8700000e+01   2.4200971e+02   2.3169126e+01
   3.8800000e+01   2.3400971e+02   4.6489126e+01
   3.8900000e+01   1.7800971e+02  -3.2270874e+01
   3.9000000e+01   8.1009709e+01   6.2609126e+01
   3.9100000e+01   2.5900971e+02   1.7489126e+01
   3.9200000e+01   2.1300971e+02   9.3291262e+00
   3.9300000e+01   3.0600971e+02  -3.0390874e+01
   3.9400000e+01   2.3800971e+02  -2.4670874e+01
   3.9500000e+01   2.3800971e+02   1.8329126e+01
   3.9600000e+01   6.8009709e+01   1.4129126e+01
   3.9700000e+01   1.9000971e+02   2.4912621e-01
   3.9800000e+01   1.9200971e+02  -4.3830874e+01
   3.9900000e+01   2.7700971e+02   2.7769126e+01
   4.0000000e+01   1.3500971e+02  -3.0550874e+01
   4.0100000e+01   2.4100971e+02  -2.7790874e+01
   4.0200000e+01   2.6200971e+02  -5.9630874e+01
   4.0300000e+01   3.0900971e+02  -1.6510874e+01
   4.0400000e+01   2.6300971e+02   5.4329126e+01
   4.0500000e+01   2.4300971e+02   2.3129126e+01
   4.0600000e+01   2.9900971e+02   1.0889126e+01
   4.0700000e+01   3.7009709e+01   4.8369126e+01
   4.0800000e+01   1.6800971e+02  -4.8708738e+00
   4.0900000e+01   1.6200971e+02  -5.5630874e+01
   4.1000000e+01   3.1600971e+02  -5.6790874e+01
   4.1100000e+01   5.8009709e+01   1.9529126e+01
   4.1200000e+01   1.4800971e+02   1.7929126e+01
   4.1300000e+01   1.3000971e+02   8.6491262e+00
   4.1400000e+01   2.6600971e+02  -4.0790874e+01
   4.1500000e+01   3.0700971e+02  -5.3430874e+01
   4.1600000e+01   1.6900971e+02  -4.2910874e+01
   4.1700000e+01   7.6009709e+01  -3.4190874e+01
   4.1800000e+01   3.2800971e+02  -5.4270874e+01
   4.1900000e+01   3.5000971e+02  -1.9150874e+01
   4.2000000e+01   1.9900971e+02  -8.1108738e+00
   4.2100000e+01   1.5000971e+02  -7.1508738e+00
   4.2200000e+01   2.0000971e+02  -2.8150874e+01
   4.2300000e+01   5.8009709e+01  -1.7470874e+01
   4.2400000e+01   1.5900971e+02  -4.3510874e+01
   4.2500000e+01   1.6300971e+02   3.3291262e+00
   4.2600000e+01   2.1800971e+02   6.1291262e+00
   4.2700000e+01   1.0400971e+02  -1.3310874e+01
   4.2800000e+01   1.9400971e+02  -3.3910874e+01
   4.2900000e+01   1.3600971e+02  -2.4590874e+01
   4.3000000e+01   1.1400971e+02  -1.4710874e+01
   4.3100000e+01   1.1800971e+02  -1.1870874e+01
   4.3200000e+01   2.7000971e+02  -6.1950874e+01
   4.3300000e+01   2.6200971e+02  -2.5630874e+01
   4.3400000e+01   7.1009709e+01  -7.2990874e+01
   4.3500000e+01   2.8500971e+02   9.4491262e+00
   4.3600000e+01   2.1700971e+02   1.1169126e+01
   4.3700000e+01   2.6800971e+02  -2.0870874e+01
   4.3800000e+01   9.3009709e+01   2.0129126e+01
   4.3900000e+01   1.7100971e+02  -3.8990874e+01
   4.4000000e+01   4.4500971e+02   5.0491262e+00
   4.4100000e+01   2.6200971e+02  -3.1630874e+01
   4.4200000e+01   1.8300971e+02   2.7529126e+01
   4.4300000e+01   3.6000971e+02   5.5449126e+01
   4.4400000e+01   2.6800971e+02  -2.5870874e+01
   4.4500000e+01   2.5100971e+02   1.2809126e+01
   4.4600000e+01   1.8700971e+02   8.3691262e+00
   4.4700000e+01   3.1100971e+02  -8.5908738e+00
   4.4800000e+01   1.8200971e+02   3.4569126e+01
   4.4900000e+01   2.2800971e+02  -2.2270874e+01
   4.5000000e+01   1.7500971e+02   4.8491262e+00
   4.5100000e+01   1.1700971e+02   7.1169126e+01
   4.5200000e+01   1.8500971e+02   9.0449126e+01
   4.5300000e+01   2.4500971e+02  -4.6950874e+01
   4.5400000e+01   1.3900971e+02   5.5289126e+01
   4.5500000e+01   4.7000971e+02   2.9049126e+01
   4.5600000e+01   2.1400971e+02   2.1289126e+01
   4.5700000e+01   2.5800971e+02   1.1529126e+01
   4.5800000e+01   2.8700971e+02  -1.2630874e+01
   4.5900000e+01   1.6300971e+02   7.1329126e+01
   4.6000000e+01   2.2500971e+02  -3.2150874e+01
   4.6100000e+01   2.8100971e+02   5.6091262e+00
   4.6200000e+01   3.1000971e+02   7.0449126e+01
   4.6300000e+01   3.2900971e+02   4.3689126e+01
   4.6400000e+01   2.1300971e+02   9.3291262e+00
   4.6500000e+01   2.4800971e+02  -3.0070874e+01
   4.6600000e+01   3.3100971e+02  -1.8390874e+01
   4.6700000e+01   2.2000971e+02  -5.9508738e+00
   4.6800000e+01   2.9200971e+02   4.2169126e+01
   4.6900000e+01   1.7300971e+02  -5.8070874e+01
   4.7000000e+01   8.9009709e+01  -7.7108738e+00
   4.7100000e+01   3.8000971e+02   5.6491262e+00
   4.7200000e+01   2.5800971e+02   4.1529126e+01
   4.7300000e+01   2.8300971e+02   9.5291262e+00
   4.7400000e+01   3.5000971e+02  -3.1508738e+00
   4.7500000e+01   3.1200971e+02   4.0369126e+01
   4.7600000e+01   1.9500971e+02  -9.9508738e+00
   4.7700000e+01   2.4100971e+02  -2.6790874e+01
   4.7800000e+01   1.7500971e+02   7.6849126e+01
   4.7900000e+01   4.0200971e+02  -9.2308738e+00
   4.8000000e+01   1.8100971e+02   7.6091262e+00
   4.8100000e+01   3.1400971e+02   1.3289126e+01
   4.8200000e+01   2.5600971e+02  -1.2390874e+01
   4.8300000e+01   7.3009709e+01   8.0929126e+01
   4.8400000e+01   3.5900971e+02   5.3489126e+01
   4.8500000e+01   2.3500971e+02   8.4491262e+00
   4.8600000e+01   2.4300971e+02  -6.8870874e+01
   4.8700000e+01   1.5400971e+02   1.3689126e+01
   4.8800000e+01   1.1200971e+02   2.9369126e+01
   4.8900000e+01   1.4500971e+02   8.2049126e+01
   4.9000000e+01   1.3000971e+02   1.3649126e+01
   4.9100000e+01   1.4900971e+02  -3.0110874e+01
   4.9200000e+01   1.9900971e+02  -3.8110874e+01
   4.9300000e+01   1.8700971e+02   4.5369126e+01
   4.9400000e+01   8.3009709e+01   6.4529126e+01
   4.9500000e+01   3.3000971e+02  -2.0350874e+01
   4.9600000e+01   2.1800971e+02   7.1291262e+00
   4.9700000e+01   2.1400971e+02  -1.9710874e+01
   4.9800000e+01   1.3700971e+02   1.6369126e+01
   4.9900000e+01   2.7900971e+02   2.2689126e+01
   5.0000000e+01   1.9200971e+02  -5.8308738e+00
   5.0100000e+01   3.5800971e+02  -2.3470874e+01
   5.0200000e+01   2.3400971e+02   3.0489126e+01
   5.0300000e+01   1.9300971e+02   1.3129126e+01
   5.0400000e+01   2.1300971e+02   3.3329126e+01
   5.0500000e+01   2.0600971e+02   5.4609126e+01
   5.0600000e+01   1.3100971e+02   5.6091262e+00
   5.0700000e+01   1.2700971e+02  -3.2308738e+00
   5.0800000e+01   4.0009709e+01  -3.1750874e+01
   5.0900000e+01   2.7100971e+02   3.8009126e+01
   5.1000000e+01   1.6800971e+02   1.2129126e+01
   5.1100000e+01   1.5300971e+02  -2.2708738e+00
   5.1200000e+01   8.2009709e+01   6.1569126e+01
   5.1300000e+01   2.5400971e+02   3.7689126e+01
   5.1400000e+01   7.2009709e+01  -2.2030874e+01
   5.1500000e+01   2.0800971e+02  -8.4708738e+00
   5.1600000e+01   1.7000971e+02   1.8049126e+01
   5.1700000e+01   1.0700971e+02   5.8569126e+01
   5.1800000e+01   1.9400971e+02   4.6089126e+01
   5.1900000e+01   2.7800971e+02   2.7291262e+00
   5.2000000e+01   2.2500971e+02   1.4849126e+01
   5.2100000e+01   1.4500971e+02   3.6049126e+01
   5.2200000e+01   2.1100971e+02   2.4409126e+01
   5.2300000e+01   1.7700971e+02   2.0769126e+01
   5.2400000e+01   1.0400971e+02  -5.5310874e+01
   5.2500000e+01   4.8500971e+02   2.3449126e+01
   5.2600000e+01   3.1000971e+02   5.4491262e+00
   5.2700000e+01   2.2400971e+02  -1.1087379e-01
   5.2800000e+01   2.3000971e+02   2.4649126e+01
   5.2900000e+01   1.9500971e+02  -1.7950874e+01
   5.3000000e+01   2.2300971e+02   1.9291262e+00
   5.3100000e+01   2.0300971e+02   1.9729126e+01
   5.3200000e+01   1.2400971e+02  -1.2110874e+01
   5.3300000e+01   2.2500971e+02  -1.6150874e+01
   5.3400000e+01   1.5600971e+02   2.5609126e+01
   5.3500000e+01   2.8500971e+02   2.0449126e+01
   5.3600000e+01   2.0600971e+02  -2.4390874e+01
   5.3700000e+01   1.6600971e+02  -8.7908738e+00
   5.3800000e+01   1.7200971e+02   8.5969126e+01
   5.3900000e+01   3.3200971e+02  -1.1430874e+01
   5.4000000e+01   1.9300971e+02  -3.1870874e+01
   5.4100000e+01   1.8100971e+02  -4.9390874e+01
   5.4200000e+01   2.0900971e+02   3.0489126e+01
   5.4300000e+01   2.0400971e+02   1.5689126e+01
   5.4400000e+01   2.7100971e+02  -1.7990874e+01
   5.4500000e+01   1.5200971e+02  -1.2230874e+01
   5.4600000e+01   3.0900971e+02   1.2489126e+01
   5.4700000e+01   1.8600971e+02   5.1409126e+01
   5.4800000e+01   1.4700971e+02  -9.0308738e+00
   5.4900000e+01   1.3500971e+02   1.8449126e+01
   5.5000000e+01   1.8000971e+02   4.1649126e+01
   5.5100000e+01   1.8400971e+02   3.4891262e+00
   5.5200000e+01   8.5009709e+01  -2.4550874e+01
   5.5300000e+01   2.2200971e+02   1.4969126e+01
   5.5400000e+01   1.6400971e+02   9.2891262e+00
   5.5500000e+01   1.8100971e+02   2.7609126e+01
   5.5600000e+01   1.6900971e+02   5.1089126e+01
   5.5700000e+01   1.4600971e+02  -1.2990874e+01
   5.5800000e+01   2.3000971e+02   9.6491262e+00
   5.5900000e+01   1.6800971e+02  -5.1870874e+01
   5.6000000e+01   1.2900971e+02  -2.1310874e+01
   5.6100000e+01   5.0400971e+02   5.1689126e+01
   5.6200000e+01   2.4000971e+02   2.2491262e+00
   5.6300000e+01   1.6600971e+02  -1.4790874e+01
   5.6400000e+01   1.7600971e+02  -1.0190874e+01
   5.6500000e+01   1.8000971e+02  -2.3508738e+00
   5.6600000e+01   1.9400971e+02  -1.6910874e+01
   5.6700000e+01   1.2400971e+02   2.8889126e+01
   5.6800000e+01   2.8100971e+02  -1.9390874e+01
   5.6900000e+01   1.1300971e+02   1.1032913e+02
   5.7000000e+01   2.2300971e+02  -1.4070874e+01
   5.7100000e+01   1.6200971e+02   8.3691262e+00
   5.7200000e+01   1.2300971e+02   9.9291262e+00
   5.7300000e+01   2.7500971e+02   1.6849126e+01
   5.7400000e+01   3.5009709e+01  -6.5508738e+00
   5.7500000e+01   3.1800971e+02  -5.1870874e+01
   5.7600000e+01   2.0700971e+02   4.3569126e+01
   5.7700000e+01   2.7600971e+02   6.2809126e+01
   5.7800000e+01   2.5800971e+02   4.1529126e+01
   5.7900000e+01   1.3600971e+02   2.4409126e+01
   5.8000000e+01   1.4800971e+02  -3.3070874e+01
   5.8100000e+01   1.6200971e+02  -2.3630874e+01
   5.8200000e+01   1.6600971e+02   4.2091262e+00
   5.8300000e+01   2.8700971e+02   9.3691262e+00
   5.8400000e+01   3.1100971e+02   1.9409126e+01
   5.8500000e+01   3.3800971e+02  -8.6708738e+00
   5.8600000e+01   1.0500971e+02   1.6491262e+00
   5.8700000e+01   1.5800971e+02  -4.7087379e-01
   5.8800000e+01   1.6100971e+02   6.1409126e+01
   5.8900000e+01   1.4400971e+02   3.0891262e+00
   5.9000000e+01   1.5700971e+02   2.3569126e+01
   5.9100000e+01   2.2000971e+02   2.1049126e+01
   5.9200000e+01   9.9009709e+01   3.4889126e+01
   5.9300000e+01   3.4400971e+02   2.2089126e+01
   5.9400000e+01   1.5600971e+02   3.0609126e+01
   5.9500000e+01   1.9400971e+02   5.3089126e+01
   5.9600000e+01   2.3400971e+02   6.4891262e+00
   5.9700000e+01   3.0700971e+02  -2.6430874e+01
   5.9800000e+01   1.9500971e+02   3.9049126e+01
   5.9900000e+01   8.6009709e+01  -4.9590874e+01
   6.0000000e+01   1.9400971e+02   2.5089126e+01
   6.0100000e+01   2.6100971e+02   3.9409126e+01
   6.0200000e+01   1.3700971e+02  -7.6308738e+00
   6.0300000e+01   2.8200971e+02  -1.9430874e+01
   6.0400000e+01   1.9100971e+02   1.9209126e+01
   6.0500000e+01   1.5800971e+02   7.5291262e+00
   6.0600000e+01   1.9900971e+02  -8.1108738e+00
   6.0700000e+01   2.0600971e+02   5.6609126e+01
   6.0800000e+01   3.1000971e+02   5.1449126e+01
   6.0900000e+01   3.3900971e+02   2.7289126e+01
   6.1000000e+01   2.5400971e+02   3.3689126e+01
   6.1100000e+01   1.1600971e+02   6.5209126e+01
   6.1200000e+01   1.3300971e+02   3.8529126e+01
   6.1300000e+01   1.6800971e+02   1.1212913e+02
   6.1400000e+01   3.6100971e+02  -5.0590874e+01
   6.1500000e+01   1.7200971e+02   6.9691262e+00
   6.1600000e+01   1.9100971e+02  -7.7908738e+00
   6.1700000e+01   1.7400971e+02  -2.1110874e+01
   6.1800000e+01   1.9800971e+02   9.2912621e-01
   6.1900000e+01   2.4200971e+02  -1.2830874e+01
   6.2000000e+01   1.7500971e+02  -3.6150874e+01
   6.2100000e+01   3.5600971e+02  -2.8390874e+01
   6.2200000e+01   1.5100971e+02  -7.1908738e+00
   6.2300000e+01   3.7009709e+01  -8.6308738e+00
   6.2400000e+01   3.2700971e+02   6.2769126e+01
   6.2500000e+01   2.9800971e+02  -4.6070874e+01
   6.2600000e+01   2.3100971e+02   3.6091262e+00
   6.2700000e+01   2.4000971e+02  -1.7508738e+00
   6.2800000e+01   2.0200971e+02   2.1769126e+01
   6.2900000e+01   3.0300971e+02   6.7291262e+00
   6.3000000e+01   2.3700971e+02   1.2236913e+02
   6.3100000e+01   2.7100971e+02  -8.9908738e+00
   6.3200000e+01   2.1900971e+02  -2.2910874e+01
   6.3300000e+01   1.3500971e+02   3.8449126e+01
   6.3400000e+01   1.8000971e+02   2.2649126e+01
   6.3500000e+01   1.2400971e+02   8.8912621e-01
   6.3600000e+01   2.8600971e+02  -1.7590874e+01
   6.3700000e+01   1.5700971e+02   4.5691262e+00
   6.3800000e+01   2.2300971e+02  -2.0070874e+01
   6.3900000e+01   1.4800971e+02  -7.0873786e-02
   6.4000000e+01   1.2500971e+02  -1.3150874e+01
   6.4100000e+01   2.3200971e+02  -1.4430874e+01
   6.4200000e+01   3.0600971e+02   2.7609126e+01
   6.4300000e+01   1.6700971e+02   1.5169126e+01
   6.4400000e+01   1.5500971e+02   1.3564913e+02
   6.4500000e+01   2.4800971e+02   7.1929126e+01
   6.4600000e+01   1.8900971e+02   2.7289126e+01
   6.4700000e+01   1.9100971e+02   1.5209126e+01
   6.4800000e+01   1.3500971e+02   4.1449126e+01
   6.4900000e+01   2.3100971e+02   1.9609126e+01
   6.5000000e+01   1.9400971e+02   1.9089126e+01
   6.5100000e+01   2.4500971e+02  -1.5950874e+01
   6.5200000e+01   2.5300971e+02   6.0729126e+01
   6.5300000e+01   1.3400971e+02   1.1489126e+01
   6.5400000e+01   2.6500971e+02   2.7249126e+01
   6.5500000e+01   2.0500971e+02  -8.3508738e+00
   6.5600000e+01   2.1200971e+02   3.3691262e+00
   6.5700000e+01   1.7700971e+02   2.6769126e+01
   6.5800000e+01   1.2200971e+02  -3.0308738e+00
   6.5900000e+01   2.9300971e+02   1.0129126e+01
   6.6000000e+01   3.0300971e+02  -5.2708738e+00
   6.6100000e+01   1.6300971e+02   1.2329126e+01
   6.6200000e+01   2.5100971e+02  -1.8190874e+01
   6.6300000e+01   1.8200971e+02   5.1569126e+01
   6.6400000e+01   3.9100971e+02  -4.2790874e+01
   6.6500000e+01   3.4800971e+02   1.5929126e+01
   6.6600000e+01   1.9000971e+02  -1.9750874e+01
   6.6700000e+01   1.3300971e+02  -1.9470874e+01
   6.6800000e+01   1.3900971e+02  -2.7710874e+01
   6.6900000e+01   9.2009709e+01   5.7169126e+01
   6.7000000e+01   1.2600971e+02   4.8809126e+01
   6.7100000e+01   1.9800971e+02   1.1192913e+02
   6.7200000e+01   8.0009709e+01   3.0649126e+01
   6.7300000e+01   2.8000971e+02   6.4649126e+01
   6.7400000e+01   2.9300971e+02   1.6129126e+01
   6.7500000e+01   1.7500971e+02   1.6849126e+01
   6.7600000e+01   1.9900971e+02   5.2889126e+01
   6.7700000e+01   2.5900971e+02   4.0489126e+01
   6.7800000e+01   4.2200971e+02   1.9691262e+00
   6.7900000e+01   2.4600971e+02  -3.5990874e+01
   6.8000000e+01   3.1100971e+02  -4.5908738e+00
   6.8100000e+01   2.4800971e+02   2.2929126e+01
   6.8200000e+01   2.5000971e+02   2.7849126e+01
   6.8300000e+01   1.7300971e+02   2.5929126e+01
   6.8400000e+01   2.6000971e+02  -2.4550874e+01
   6.8500000e+01   1.7700971e+02  -3.9230874e+01
   6.8600000e+01   2.3400971e+02  -4.7510874e+01
   6.8700000e+01   1.9500971e+02  -3.0950874e+01
   6.8800000e+01   2.8300971e+02  -2.1470874e+01
   6.8900000e+01   1.9100971e+02   6.2091262e+00
   6.9000000e+01   2.0200971e+02   5.9769126e+01
   6.9100000e+01   1.0900971e+02  -8.1510874e+01
   6.9200000e+01  -4.3990291e+01  -1.2390874e+01
   6.9300000e+01  -7.5990291e+01  -3.8110874e+01
   6.9400000e+01   6.2009709e+01  -3.6308738e+00
   6.9500000e+01   5.1009709e+01  -4.8190874e+01
   6.9600000e+01  -1.4990291e+01   1.9449126e+01
   6.9700000e+01   1.0300971e+02  -3.0270874e+01
   6.9800000e+01  -3.9990291e+01  -1.5508738e+00
   6.9900000e+01   6.0097087e+00  -3.4390874e+01
   7.0000000e+01   6.3009709e+01   2.3329126e+01
   7.0100000e+01  -4.6990291e+01   7.6729126e+01
   7.0200000e+01  -6.9902913e+00  -3.1870874e+01
   7.0300000e+01  -1.9902913e+00  -4.7070874e+01
   7.0400000e+01  -7.1990291e+01  -9.2708738e+00
   7.0500000e+01   4.3009709e+01   1.0129126e+01
   7.0600000e+01   2.8009709e+01   2.7729126e+01
   7.0700000e+01   5.6009709e+01  -4.8390874e+01
   7.0800000e+01  -8.2990291e+01   5.5169126e+01
   7.0900000e+01  -1.5990291e+01  -3.2510874e+01
   7.1000000e+01  -5.6990291e+01   1.9129126e+01
   7.1100000e+01  -8.9990291e+01   6.8449126e+01
   7.1200000e+01  -6.3990291e+01  -4.2590874e+01
   7.1300000e+01  -4.2990291e+01   8.5691262e+00
   7.1400000e+01  -2.5990291e+01  -5.1108738e+00
   7.1500000e+01  -5.6990291e+01  -5.1870874e+01
   7.1600000e+01   3.7009709e+01  -4.5630874e+01
   7.1700000e+01  -5.0990291e+01  -2.1110874e+01
   7.1800000e+01  -1.3990291e+01  -3.0590874e+01
   7.1900000e+01   3.9009709e+01  -3.7710874e+01
   7.2000000e+01   2.0097087e+00   3.9769126e+01
   7.2100000e+01  -1.3799029e+02   1.1936913e+02
   7.2200000e+01  -4.1990291e+01  -4.6470874e+01
   7.2300000e+01  -9.9029126e-01   5.8891262e+00
   7.2400000e+01  -1.7990291e+01  -4.3087379e-01
   7.2500000e+01   5.1009709e+01  -6.1908738e+00
   7.2600000e+01   2.5009709e+01  -7.1508738e+00
   7.2700000e+01   8.0097087e+00   4.7529126e+01
   7.2800000e+01  -2.8990291e+01  -9.9087379e-01
   7.2900000e+01  -5.2990291e+01   6.9691262e+00
   7.3000000e+01  -9.5990291e+01  -3.6310874e+01
   7.3100000e+01  -5.4990291e+01   3.5049126e+01
   7.3200000e+01  -4.9902913e+00   1.3049126e+01
   7.3300000e+01   1.7009709e+01   1.9169126e+01
   7.3400000e+01  -3.1990291e+01   6.7129126e+01
   7.3500000e+01   2.0097087e+00  -1.2230874e+01
   7.3600000e+01   1.8009709e+01  -1.2870874e+01
   7.3700000e+01  -1.7990291e+01  -3.4308738e+00
   7.3800000e+01  -2.2990291e+01  -2.2308738e+00
   7.3900000e+01  -2.6990291e+01  -3.0708738e+00
   7.4000000e+01  -5.8990291e+01   6.2091262e+00
   7.4100000e+01  -4.9902913e+00  -4.3950874e+01
   7.4200000e+01   5.5009709e+01  -1.0350874e+01
   7.4300000e+01   1.1009709e+01  -3.5590874e+01
   7.4400000e+01   3.0097087e+00   2.6729126e+01
   7.4500000e+01   2.6009709e+01  -1.6190874e+01
   7.4600000e+01   7.0097087e+00   4.9569126e+01
   7.4700000e+01  -7.0990291e+01  -1.1310874e+01
   7.4800000e+01  -5.4990291e+01  -2.9950874e+01
   7.4900000e+01   4.7009709e+01   1.3969126e+01
   7.5000000e+01  -2.1990291e+01  -4.0270874e+01
   7.5100000e+01  -7.0990291e+01  -2.2310874e+01
   7.5200000e+01  -9.5990291e+01   3.3689126e+01
   7.5300000e+01   1.0900971e+02  -2.2510874e+01
   7.5400000e+01   5.3009709e+01  -2.4270874e+01
   7.5500000e+01  -1.7990291e+01   1.3569126e+01
   7.5600000e+01  -4.4990291e+01  -6.4350874e+01
   7.5700000e+01   1.2500971e+02  -5.1150874e+01
   7.5800000e+01   5.9009709e+01  -6.6510874e+01
   7.5900000e+01  -1.0299029e+02  -2.3030874e+01
   7.6000000e+01  -1.0099029e+02  -3.5110874e+01
   7.6100000e+01  -7.2990291e+01  -3.3230874e+01
   7.6200000e+01  -4.6990291e+01  -1.2270874e+01
   7.6300000e+01  -2.2990291e+01   4.6769126e+01
   7.6400000e+01  -5.0990291e+01   3.1889126e+01
   7.6500000e+01  -2.7990291e+01  -1.3030874e+01
   7.6600000e+01   8.0009709e+01  -3.3350874e+01
   7.6700000e+01  -8.2990291e+01  -2.1830874e+01
   7.6800000e+01   9.7087379e-03  -6.5150874e+01
   7.6900000e+01   3.2009709e+01  -2.9430874e+01
   7.7000000e+01  -1.3990291e+01  -5.9087379e-01
   7.7100000e+01   4.6009709e+01   2.8009126e+01
   7.7200000e+01   1.4009709e+01  -2.1710874e+01
   7.7300000e+01   7.4009709e+01   3.9889126e+01
   7.7400000e+01  -9.9902913e+00  -9.7508738e+00
   7.7500000e+01  -6.6990291e+01  -9.4708738e+00
   7.7600000e+01  -5.1990291e+01  -4.0708738e+00
   7.7700000e+01   4.7009709e+01  -3.1030874e+01
   7.7800000e+01   6.1009709e+01  -4.0590874e+01
   7.7900000e+01   7.0097087e+00   3.5691262e+00
   7.8000000e+01  -3.9990291e+01   1.0449126e+01
   7.8100000e+01  -2.2990291e+01  -3.7230874e+01
   7.8200000e+01  -1.4990291e+01  -5.4550874e+01
   7.8300000e+01  -6.3990291e+01   1.5409126e+01
   7.8400000e+01  -7.7990291e+01   1.9691262e+00
   7.8500000e+01  -5.2990291e+01  -3.7030874e+01
   7.8600000e+01  -7.0990291e+01   3.4689126e+01
   7.8700000e+01   1.1009709e+01  -1.3590874e+01
   7.8800000e+01   1.9009709e+01   2.6089126e+01
   7.8900000e+01  -1.9990291e+01  -1.4350874e+01
   7.9000000e+01   1.3009709e+01  -3.8670874e+01
   7.9100000e+01  -9.9902913e+00   3.4249126e+01
   7.9200000e+01   5.0097087e+00   1.2649126e+01
   7.9300000e+01  -7.0990291e+01  -3.3108738e+00
   7.9400000e+01   6.4009709e+01   4.0289126e+01
   7.9500000e+01  -1.5990291e+01   1.4891262e+00
   7.9600000e+01   1.7009709e+01  -8.8308738e+00
   7.9700000e+01   6.9009709e+01   9.0089126e+01
   7.9800000e+01  -2.8990291e+01   1.6009126e+01
   7.9900000e+01  -2.6990291e+01  -4.6070874e+01
   8.0000000e+01  -8.5990291e+01  -8.7108738e+00
   8.0100000e+01   4.1009709e+01  -1.8790874e+01
   8.0200000e+01  -9.9902913e+00  -3.5750874e+01
   8.0300000e+01  -5.0990291e+01   9.8891262e+00
   8.0400000e+01   1.1400971e+02   1.2289126e+01
   8.0500000e+01  -3.6990291e+01   4.0329126e+01
   8.0600000e+01  -6.9902913e+00  -5.5870874e+01
   8.0700000e+01   4.7009709e+01   5.9691262e+00
   8.0800000e+01  -6.6990291e+01  -2.8470874e+01
   8.0900000e+01   7.7009709e+01   1.1769126e+01
   8.1000000e+01   3.8009709e+01   5.3291262e+00
   8.1100000e+01   1.1009709e+01  -7.5908738e+00
   8.1200000e+01   3.9009709e+01  -1.5710874e+01
   8.1300000e+01   3.2009709e+01  -8.4308738e+00
   8.1400000e+01  -6.7990291e+01   1.5691262e+00
   8.1500000e+01   1.2009709e+01   4.9369126e+01
   8.1600000e+01  -6.1990291e+01  -1.2670874e+01
   8.1700000e+01   1.6100971e+02  -5.5908738e+00
   8.1800000e+01  -2.8990291e+01   1.0009126e+01
   8.1900000e+01   1.6009709e+01  -1.6790874e+01
   8.2000000e+01   7.0097087e+00  -4.3087379e-01
   8.2100000e+01   1.8009709e+01   2.2129126e+01
   8.2200000e+01  -2.3990291e+01   4.4809126e+01
   8.2300000e+01  -1.9990291e+01   2.4649126e+01
   8.2400000e+01   8.0009709e+01  -9.3508738e+00
   8.2500000e+01   8.1009709e+01  -2.1390874e+01
   8.2600000e+01  -4.8990291e+01   2.6809126e+01
   8.2700000e+01   9.0009709e+01   1.8249126e+01
   8.2800000e+01   5.3009709e+01   1.1729126e+01
   8.2900000e+01   5.7009709e+01  -8.4308738e+00
   8.3000000e+01   4.5009709e+01   9.1049126e+01
   8.3100000e+01   2.3009709e+01   2.3929126e+01
   8.3200000e+01  -5.8990291e+01   2.9209126e+01
   8.3300000e+01  -2.2990291e+01  -1.0230874e+01
   8.3400000e+01  -1.5990291e+01   4.8912621e-01
   8.3500000e+01  -4.3990291e+01   7.8609126e+01
   8.3600000e+01   5.1009709e+01  -3.6190874e+01
   8.3700000e+01  -6.7990291e+01   4.0569126e+01
   8.3800000e+01  -6.2990291e+01   4.3691262e+00
   8.3900000e+01   9.0097087e+00   9.7489126e+01
   8.4000000e+01   7.9009709e+01  -1.3310874e+01
   8.4100000e+01   1.3009709e+01   3.6329126e+01
   8.4200000e+01  -9.9902913e+00   2.0249126e+01
   8.4300000e+01  -9.0990291e+01  -7.5108738e+00
   8.4400000e+01  -5.7990291e+01  -9.8308738e+00
   8.4500000e+01  -2.4990291e+01   2.0849126e+01
   8.4600000e+01   9.5009709e+01   2.5049126e+01
   8.4700000e+01   3.2009709e+01   1.5691262e+00
   8.4800000e+01   1.9009709e+01  -3.1910874e+01
   8.4900000e+01  -3.9902913e+00   1.3009126e+01
   8.5000000e+01  -3.6990291e+01  -6.6708738e+00
   8.5100000e+01   9.3009709e+01   4.9129126e+01
   8.5200000e+01   2.2009709e+01  -1.5030874e+01
   8.5300000e+01   1.3200971e+02   2.2569126e+01
   8.5400000e+01   1.6009709e+01  -2.4790874e+01
   8.5500000e+01  -1.6990291e+01  -2.9470874e+01
   8.5600000e+01   6.8009709e+01   1.9129126e+01
   8.5700000e+01  -3.1990291e+01  -2.0870874e+01
   8.5800000e+01  -6.0990291e+01   1.5289126e+01
   8.5900000e+01  -1.5990291e+01  -3.9510874e+01
   8.6000000e+01  -9.9029126e-01  -3.4110874e+01
   8.6100000e+01   1.3900971e+02   1.1289126e+01
   8.6200000e+01   5.3009709e+01   8.9729126e+01
   8.6300000e+01   1.3600971e+02  -1.7590874e+01
   8.6400000e+01   1.5009709e+01  -2.7508738e+00
   8.6500000e+01   9.0097087e+00  -2.3510874e+01
   8.6600000e+01   3.9009709e+01  -1.1710874e+01
   8.6700000e+01  -2.7990291e+01  -3.0308738e+00
   8.6800000e+01  -2.9990291e+01  -1.9508738e+00
   8.6900000e+01  -5.0990291e+01   5.6889126e+01
   8.7000000e+01  -3.1990291e+01   2.4129126e+01
   8.7100000e+01  -4.5990291e+01  -9.3108738e+00
   8.7200000e+01   2.3009709e+01   7.9929126e+01
   8.7300000e+01   6.0009709e+01  -2.2550874e+01
   8.7400000e+01  -1.2990291e+01  -1.3630874e+01
   8.7500000e+01  -2.2990291e+01   3.5769126e+01
   8.7600000e+01  -7.9902913e+00  -2.8308738e+00
   8.7700000e+01  -7.9902913e+00   1.1169126e+01
   8.7800000e+01   3.0009709e+01   4.0649126e+01
   8.7900000e+01  -1.0990291e+01  -2.9710874e+01
   8.8000000e+01   8.6009709e+01   3.4091262e+00
   8.8100000e+01   2.2009709e+01   3.5969126e+01
   8.8200000e+01   2.2009709e+01  -2.3030874e+01
   8.8300000e+01   1.6009709e+01  -3.3790874e+01
   8.8400000e+01   3.6009709e+01   4.4409126e+01
   8.8500000e+01   3.5009709e+01   1.4449126e+01
   8.8600000e+01   5.3009709e+01   1.0372913e+02
   8.8700000e+01   2.3009709e+01   1.5929126e+01
   8.8800000e+01   5.0097087e+00   6.4912621e-01
   8.8900000e+01   7.1009709e+01  -5.2990874e+01
   8.9000000e+01  -1.0099029e+02   2.0889126e+01
   8.9100000e+01   3.5009709e+01  -3.4550874e+01
   8.9200000e+01   2.2009709e+01  -2.7030874e+01
   8.9300000e+01   2.0009709e+01  -3.2950874e+01
   8.9400000e+01  -6.9990291e+01  -3.3508738e+00
   8.9500000e+01   1.0097087e+00  -3.1908738e+00
   8.9600000e+01  -9.9902913e+00   1.9249126e+01
   8.9700000e+01   3.0097087e+00  -1.1270874e+01
   8.9800000e+01   4.3009709e+01   2.0129126e+01
   8.9900000e+01  -7.9990291e+01  -3.8950874e+01
   9.0000000e+01  -7.6990291e+01  -6.0708738e+00
   9.0100000e+01  -4.7990291e+01  -1.9230874e+01
   9.0200000e+01  -1.0990291e+01   2.1289126e+01
   9.0300000e+01  -9.9902913e+00  -8.7508738e+00
   9.0400000e+01  -1.4990291e+01   1.4491262e+00
   9.0500000e+01   7.2009709e+01   3.6969126e+01
   9.0600000e+01   2.0097087e+00  -1.7230874e+01
   9.0700000e+01   6.5009709e+01   1.3249126e+01
   9.0800000e+01  -6.5990291e+01  -1.3510874e+01
   9.0900000e+01  -5.0990291e+01   9.8891262e+00
   9.1000000e+01   2.9009709e+01  -1.4310874e+01
   9.1100000e+01   1.6009709e+01   1.4209126e+01
   9.1200000e+01  -1.4990291e+01  -3.0550874e+01
   9.1300000e+01  -7.4990291e+01  -5.1508738e+00
   9.1400000e+01  -4.0990291e+01  -4.6510874e+01
   9.1500000e+01   7.1009709e+01  -6.9908738e+00
   9.1600000e+01  -4.2990291e+01  -3.3430874e+01
   9.1700000e+01   4.8009709e+01  -9.0708738e+00
   9.1800000e+01  -1.4990291e+01   6.7449126e+01
   9.1900000e+01  -1.9990291e+01  -1.9350874e+01
   9.2000000e+01  -3.2990291e+01   2.0169126e+01
   9.2100000e+01  -2.6990291e+01   2.3929126e+01
   9.2200000e+01  -4.8990291e+01  -2.5190874e+01
   9.2300000e+01  -4.6990291e+01  -5.2270874e+01
   9.2400000e+01   5.8009709e+01  -2.9470874e+01
   9.2500000e+01   5.7009709e+01  -4.9430874e+01
   9.2600000e+01  -4.7990291e+01   5.7769126e+01
   9.2700000e+01   1.2900971e+02  -4.9310874e+01
   9.2800000e+01  -1.2990291e+01  -4.6308738e+00
   9.2900000e+01  -3.0990291e+01   5.2089126e+01
   9.3000000e+01  -7.9902913e+00  -2.1830874e+01
   9.3100000e+01  -8.9902913e+00   2.0912621e-01
   9.3200000e+01  -2.5990291e+01  -3.5110874e+01
   9.3300000e+01   1.4400971e+02   5.6089126e+01
   9.3400000e+01  -4.9902913e+00  -3.0950874e+01
   9.3500000e+01  -9.0990291e+01  -2.3510874e+01
   9.3600000e+01  -3.8990291e+01  -1.6590874e+01
   9.3700000e+01  -3.8990291e+01   2.4409126e+01
   9.3800000e+01  -5.1990291e+01   6.3929126e+01
   9.3900000e+01  -5.1990291e+01  -4.0708738e+00
   9.4000000e+01  -5.3990291e+01   6.3009126e+01
   9.4100000e+01   4.2009709e+01   3.1691262e+00
   9.4200000e+01   1.1009709e+01  -3.7590874e+01
   9.4300000e+01   1.4009709e+01  -3.3710874e+01
   9.4400000e+01  -3.8990291e+01   2.8409126e+01
   9.4500000e+01   5.9009709e+01   6.9489126e+01
   9.4600000e+01   3.6009709e+01   6.1409126e+01
   9.4700000e+01  -1.1990291e+01  -4.8670874e+01
   9.4800000e+01  -3.1990291e+01   4.0129126e+01
   9.4900000e+01  -3.3990291e+01  -2.5790874e+01
   9.5000000e+01  -4.2990291e+01   2.7569126e+01
   9.5100000e+01  -5.5990291e+01  -9.9108738e+00
   9.5200000e+01   4.0097087e+00   7.6891262e+00
   9.5300000e+01  -1.5990291e+01  -4.5510874e+01
   9.5400000e+01   3.5009709e+01  -5.5550874e+01
   9.5500000e+01   7.1009709e+01  -4.1990874e+01
   9.5600000e+01   3.1009709e+01  -4.4390874e+01
   9.5700000e+01   9.6009709e+01  -4.8990874e+01
   9.5800000e+01  -3.3990291e+01  -1.7908738e+00
   9.5900000e+01  -5.1990291e+01  -1.0070874e+01
   9.6000000e+01  -4.9990291e+01  -3.1508738e+00
   9.6100000e+01  -8.2990291e+01   1.6169126e+01
   9.6200000e+01  -8.1990291e+01  -1.3870874e+01
   9.6300000e+01  -4.4990291e+01  -3.9350874e+01
   9.6400000e+01  -5.5990291e+01   3.0089126e+01
   9.6500000e+01  -1.0299029e+02   2.3969126e+01
   9.6600000e+01  -3.6990291e+01   9.3291262e+00
   9.6700000e+01  -4.4990291e+01   1.3649126e+01
   9.6800000e+01   9.6009709e+01  -7.9908738e+00
   9.6900000e+01  -6.1990291e+01   4.3291262e+00
   9.7000000e+01  -8.9902913e+00  -9.7908738e+00
   9.7100000e+01  -1.0999029e+02  -3.9750874e+01
   9.7200000e+01   2.3009709e+01  -1.1070874e+01
   9.7300000e+01   6.5009709e+01   8.7249126e+01
   9.7400000e+01   4.7009709e+01  -3.2030874e+01
   9.7500000e+01  -2.8990291e+01   1.6009126e+01
   9.7600000e+01  -8.4990291e+01   4.6249126e+01
   9.7700000e+01   6.6009709e+01  -4.7908738e+00
   9.7800000e+01   3.0097087e+00   3.7291262e+00
   9.7900000e+01  -2.9990291e+01  -3.8950874e+01
   9.8000000e+01   1.6500971e+02  -2.4750874e+01
   9.8100000e+01   4.4009709e+01  -2.9910874e+01
   9.8200000e+01   8.0097087e+00  -2.2470874e+01
   9.8300000e+01  -2.0990291e+01  -7.3108738e+00
   9.8400000e+01   2.0000971e+02   3.0849126e+01
   9.8500000e+01   3.7009709e+01  -1.4630874e+01
   9.8600000e+01   4.0097087e+00   1.3689126e+01
   9.8700000e+01   6.2009709e+01   4.2369126e+01
   9.8800000e+01  -4.4990291e+01  -2.8350874e+01
   9.8900000e+01  -1.4990291e+01   1.0449126e+01
   9.9000000e+01  -1.0990291e+01   8.1289126e+01
   9.9100000e+01  -6.6990291e+01   8.5291262e+00
   9.9200000e+01  -2.8990291e+01   2.8009126e+01
   9.9300000e+01   3.8009709e+01   5.9329126e+01
   9.9400000e+01  -1.9902913e+00   5.4929126e+01
   9.9500000e+01  -3.9990291e+01  -1.7550874e+01
   9.9600000e+01   5.9009709e+01  -3.7510874e+01
   9.9700000e+01   1.5009709e+01   3.2491262e+00
   9.9800000e+01  -1.0990291e+01  -8.7108738e+00
   9.9900000e+01  -1.0990291e+01   1.0289126e+01
   1.0000000e+02   1.0097087e+00  -2.7190874e+01
   1.0010000e+02   5.2009709e+01  -4.2230874e+01
   1.0020000e+02   6.2009709e+01  -1.2630874e+01
   1.0030000e+02   6.3009709e+01  -1.7670874e+01
   1.0040000e+02   5.6009709e+01   5.4609126e+01
   1.0050000e+02   2.0097087e+00  -3.6230874e+01
   1.0060000e+02  -1.0099029e+02   1.8889126e+01
   1.0070000e+02  -7.3990291e+01   5.3809126e+01
   1.0080000e+02  -5.9990291e+01   4.5249126e+01
   1.0090000e+02   6.9009709e+01  -2.9910874e+01
   1.0100000e+02  -2.4990291e+01  -2.3150874e+01
   1.0110000e+02  -9.9029126e-01  -3.7110874e+01
   1.0120000e+02  -1.8990291e+01  -1.3390874e+01
   1.0130000e+02  -3.6990291e+01   4.0329126e+01
   1.0140000e+02   5.2009709e+01  -4.3230874e+01
   1.0150000e+02   6.0009709e+01  -7.5508738e+00
   1.0160000e+02   1.4009709e+01   3.4289126e+01
   1.0170000e+02  -2.9902913e+00  -2.0030874e+01
   1.0180000e+02   3.2009709e+01  -7.4308738e+00
   1.0190000e+02  -1.7990291e+01   8.5691262e+00
   1.0200000e+02   1.0009709e+01   3.5449126e+01
   1.0210000e+02   1.5900971e+02  -5.1087379e-01
   1.0220000e+02  -6.3990291e+01  -4.8590874e+01
   1.0230000e+02   7.4009709e+01  -1.7110874e+01
   1.0240000e+02  -5.0990291e+01   1.4889126e+01
   1.0250000e+02  -4.1990291e+01  -6.4708738e+00
   1.0260000e+02  -6.9990291e+01  -2.3508738e+00
   1.0270000e+02  -7.3990291e+01   4.7809126e+01
   1.0280000e+02  -3.3990291e+01   4.1209126e+01
   1.0290000e+02  -9.0990291e+01   4.4891262e+00
   1.0300000e+02   3.0097087e+00  -1.2708738e+00
   1.0310000e+02  -8.5990291e+01  -8.7108738e+00
   1.0320000e+02   1.5009709e+01  -4.0750874e+01
   1.0330000e+02  -6.3990291e+01  -2.8590874e+01
   1.0340000e+02  -1.1699029e+02  -2.2470874e+01
   1.0350000e+02  -1.9902913e+00  -9.0708738e+00
   1.0360000e+02  -6.4990291e+01  -6.6550874e+01
   1.0370000e+02   2.3009709e+01   2.5929126e+01
   1.0380000e+02   7.0009709e+01  -5.2950874e+01
   1.0390000e+02   7.0097087e+00  -1.2430874e+01
   1.0400000e+02  -6.8990291e+01  -8.3908738e+00
   1.0410000e+02  -5.4990291e+01   5.5049126e+01
   1.0420000e+02  -3.2990291e+01   2.1691262e+00
   1.0430000e+02  -7.2990291e+01  -1.2308738e+00
   1.0440000e+02   4.8009709e+01  -1.2070874e+01
   1.0450000e+02   6.8009709e+01   3.4129126e+01
   1.0460000e+02   2.0097087e+00  -3.9230874e+01
   1.0470000e+02  -1.8990291e+01  -3.2390874e+01
   1.0480000e+02  -5.2990291e+01  -2.7030874e+01
   1.0490000e+02   6.3009709e+01  -5.3670874e+01
   1.0500000e+02  -5.8990291e+01  -4.5790874e+01
   1.0510000e+02   5.5009709e+01  -7.6350874e+01
   1.0520000e+02  -4.8990291e+01  -3.6190874e+01
   1.0530000e+02  -4.9990291e+01   6.8491262e+00
   1.0540000e+02  -4.7990291e+01   1.6769126e+01
   1.0550000e+02   3.0097087e+00  -2.8270874e+01
   1.0560000e+02  -5.7990291e+01  -4.1830874e+01
   1.0570000e+02  -5.1990291e+01   7.7929126e+01
   1.0580000e+02   7.3009709e+01  -3.9070874e+01
   1.0590000e+02   1.3000971e+02  -2.0350874e+01
   1.0600000e+02  -2.2990291e+01  -4.2308738e+00
   1.0610000e+02   3.0097087e+00  -2.6270874e+01
   1.0620000e+02   4.0097087e+00  -2.9310874e+01
   1.0630000e+02   2.0097087e+00  -3.3230874e+01
   1.0640000e+02  -1.9902913e+00   1.3929126e+01
   1.0650000e+02  -9.0990291e+01  -3.1510874e+01
   1.0660000e+02  -2.5990291e+01   4.8891262e+00
   1.0670000e+02  -3.0990291e+01   4.0089126e+01
   1.0680000e+02  -1.8990291e+01   4.5609126e+01
   1.0690000e+02  -6.3990291e+01  -2.7590874e+01
   1.0700000e+02  -7.7990291e+01  -6.8030874e+01
   1.0710000e+02  -8.9902913e+00  -6.4790874e+01
   1.0720000e+02   9.7087379e-03  -3.3150874e+01
   1.0730000e+02  -2.5990291e+01  -1.1110874e+01
   1.0740000e+02  -3.4990291e+01   8.2491262e+00
   1.0750000e+02  -2.9902913e+00  -3.2030874e+01
   1.0760000e+02   4.8009709e+01  -3.6070874e+01
   1.0770000e+02   2.1009709e+01  -1.0990874e+01
   1.0780000e+02  -2.0990291e+01   1.6891262e+00
   1.0790000e+02  -7.1990291e+01  -2.2708738e+00
   1.0800000e+02  -6.0990291e+01   4.0289126e+01
   1.0810000e+02  -2.9902913e+00  -1.0030874e+01
   1.0820000e+02  -3.0990291e+01   4.9089126e+01
   1.0830000e+02   8.0097087e+00  -2.7470874e+01
   1.0840000e+02  -1.0990291e+01  -2.0710874e+01
   1.0850000e+02  -9.9902913e+00  -2.2750874e+01
   1.0860000e+02  -4.9990291e+01   1.3849126e+01
   1.0870000e+02  -2.5990291e+01   1.2889126e+01
   1.0880000e+02   3.4009709e+01   2.4489126e+01
   1.0890000e+02   1.8009709e+01   1.2912621e-01
   1.0900000e+02   8.1009709e+01   4.3609126e+01
   1.0910000e+02   6.4009709e+01   8.7289126e+01
   1.0920000e+02   2.0097087e+00   1.8769126e+01
   1.0930000e+02  -1.1990291e+01   1.5329126e+01
   1.0940000e+02  -4.9902913e+00   2.4049126e+01
   1.0950000e+02   6.5009709e+01  -6.7508738e+00
   1.0960000e+02  -6.1990291e+01   8.3291262e+00
   1.0970000e+02  -5.8990291e+01  -6.7908738e+00
   1.0980000e+02  -4.3990291e+01   1.0609126e+01
   1.0990000e+02   2.4009709e+01  -2.5110874e+01
   1.1000000e+02   1.4000971e+02  -2.6750874e+01
   1.1010000e+02   2.1009709e+01   6.0009126e+01
   1.1020000e+02  -6.1990291e+01  -2.7670874e+01
   1.1030000e+02  -4.5990291e+01  -2.5310874e+01
   1.1040000e+02   2.0097087e+00  -3.7230874e+01
   1.1050000e+02  -3.9902913e+00  -1.3990874e+01
   1.1060000e+02  -1.9902913e+00  -8.0708738e+00
   1.1070000e+02  -1.9990291e+01  -7.3508738e+00
   1.1080000e+02   4.8009709e+01  -5.0070874e+01
   1.1090000e+02  -1.1199029e+02  -4.4670874e+01
   1.1100000e+02  -2.6990291e+01  -2.2070874e+01
   1.1110000e+02  -5.9990291e+01  -2.5750874e+01
   1.1120000e+02  -6.9902913e+00  -3.0870874e+01
   1.1130000e+02  -4.7990291e+01  -5.0230874e+01
   1.1140000e+02  -5.0990291e+01   5.6889126e+01
   1.1150000e+02  -4.6990291e+01  -5.3270874e+01
   1.1160000e+02  -3.9902913e+00   2.6009126e+01
   1.1170000e+02  -6.3990291e+01   3.4091262e+00
   1.1180000e+02  -3.4990291e+01   3.9249126e+01
   1.1190000e+02   3.8009709e+01  -3.4670874e+01
   1.1200000e+02   2.4009709e+01  -2.1108738e+00
   1.1210000e+02  -6.9990291e+01  -4.0350874e+01
   1.1220000e+02   3.3009709e+01   4.5291262e+00
   1.1230000e+02  -6.5990291e+01   5.8489126e+01
   1.1240000e+02  -2.9902913e+00  -2.1030874e+01
   1.1250000e+02  -5.6990291e+01  -8.7087379e-01
   1.1260000e+02  -2.7990291e+01  -2.8030874e+01
   1.1270000e+02   9.6009709e+01  -5.0990874e+01
   1.1280000e+02  -2.4990291e+01   1.3849126e+01
   1.1290000e+02  -1.0990291e+01   1.0289126e+01
   1.1300000e+02   1.5009709e+01  -3.4750874e+01
   1.1310000e+02  -4.0990291e+01  -2.7510874e+01
   1.1320000e+02  -5.3990291e+01  -3.0990874e+01
   1.1330000e+02  -2.8990291e+01  -3.7990874e+01
   1.1340000e+02   1.2009709e+01  -1.6630874e+01
   1.1350000e+02  -8.6990291e+01  -1.2670874e+01
   1.1360000e+02  -4.0990291e+01  -4.0510874e+01
   1.1370000e+02  -1.4990291e+01  -1.8550874e+01
   1.1380000e+02  -4.3990291e+01   1.8609126e+01
   1.1390000e+02   5.9009709e+01  -7.1510874e+01
   1.1400000e+02  -9.8990291e+01  -1.1908738e+00
   1.1410000e+02  -3.8990291e+01  -4.5908738e+00
   1.1420000e+02  -7.8990291e+01   2.3009126e+01
   1.1430000e+02  -8.7990291e+01   3.6912621e-01
   1.1440000e+02   5.0097087e+00  -4.6350874e+01
   1.1450000e+02  -7.2990291e+01   1.8769126e+01
   1.1460000e+02   1.2009709e+01   2.2369126e+01
   1.1470000e+02   8.6009709e+01  -2.0590874e+01
   1.1480000e+02   8.3009709e+01  -4.3470874e+01
   1.1490000e+02  -2.6990291e+01  -1.0070874e+01
   1.1500000e+02   1.1000971e+02   5.9449126e+01
   1.1510000e+02  -1.1990291e+01  -3.4670874e+01
   1.1520000e+02   1.7009709e+01   1.7169126e+01
   1.1530000e+02  -5.7990291e+01   2.0169126e+01
   1.1540000e+02  -6.2990291e+01  -5.6308738e+00
   1.1550000e+02  -1.9902913e+00   5.9929126e+01
   1.1560000e+02  -8.7990291e+01   7.7369126e+01
   1.1570000e+02  -5.9990291e+01   1.6249126e+01
   1.1580000e+02   1.1200971e+02   2.1369126e+01
   1.1590000e+02  -1.7990291e+01  -2.5430874e+01
   1.1600000e+02   1.6009709e+01  -1.7790874e+01
   1.1610000e+02   2.7009709e+01   6.0769126e+01
   1.1620000e+02  -8.1990291e+01   6.1291262e+00
   1.1630000e+02   4.7009709e+01  -1.0308738e+00
   1.1640000e+02  -1.5990291e+01   5.4489126e+01
   1.1650000e+02  -8.6990291e+01   2.0329126e+01
   1.1660000e+02   7.6009709e+01  -1.3190874e+01
   1.1670000e+02  -6.9990291e+01  -1.1350874e+01
   1.1680000e+02  -3.2990291e+01   2.6169126e+01
   1.1690000e+02  -4.8990291e+01   1.2809126e+01
   1.1700000e+02  -3.2990291e+01  -1.1830874e+01
   1.1710000e+02   2.1009709e+01  -8.9908738e+00
   1.1720000e+02  -3.7990291e+01  -2.7630874e+01
   1.1730000e+02  -7.9990291e+01  -2.7950874e+01
   1.1740000e+02   2.6009709e+01   9.8091262e+00
   1.1750000e+02   9.7009709e+01  -6.6030874e+01
   1.1760000e+02  -2.6990291e+01   3.9291262e+00
   1.1770000e+02  -6.5990291e+01   3.5489126e+01
   1.1780000e+02  -5.5990291e+01   2.9089126e+01
   1.1790000e+02   2.0009709e+01   7.2049126e+01
   1.1800000e+02  -8.5990291e+01  -1.9710874e+01
   1.1810000e+02   6.4009709e+01   4.0289126e+01
   1.1820000e+02   1.7009709e+01  -3.4830874e+01
   1.1830000e+02  -3.3990291e+01  -1.7908738e+00
   1.1840000e+02   7.0097087e+00   2.5691262e+00
   1.1850000e+02  -6.3990291e+01  -1.7590874e+01
   1.1860000e+02   5.4009709e+01  -7.3108738e+00
   1.1870000e+02   2.5009709e+01   2.3849126e+01
   1.1880000e+02   7.8009709e+01  -3.8270874e+01
   1.1890000e+02   6.8009709e+01  -3.9870874e+01
   1.1900000e+02  -3.3990291e+01  -1.7908738e+00
   1.1910000e+02  -4.6990291e+01  -6.2708738e+00
   1.1920000e+02  -7.4990291e+01  -6.1508738e+00
   1.1930000e+02  -2.0990291e+01  -2.3108738e+00
   1.1940000e+02  -1.1990291e+01   2.3291262e+00
   1.1950000e+02  -9.9029126e-01   3.1889126e+01
   1.1960000e+02  -1.1699029e+02   3.0529126e+01
   1.1970000e+02   4.0009709e+01  -7.7750874e+01
   1.1980000e+02  -7.9902913e+00  -2.8308738e+00
   1.1990000e+02  -2.4990291e+01   1.7849126e+01
   1.2000000e+02   3.5009709e+01   9.4491262e+00
   1.2010000e+02  -1.0199029e+02   1.2929126e+01
   1.2020000e+02   2.2009709e+01   3.3969126e+01
   1.2030000e+02   7.2009709e+01  -3.0030874e+01
   1.2040000e+02  -3.7990291e+01  -2.9630874e+01
   1.2050000e+02  -5.4990291e+01   3.0491262e+00
   1.2060000e+02  -1.8990291e+01   4.6091262e+00
   1.2070000e+02  -6.0990291e+01  -7.1087379e-01
   1.2080000e+02   9.7087379e-03  -1.1150874e+01
   1.2090000e+02  -1.1990291e+01  -2.0670874e+01
   1.2100000e+02   2.4009709e+01  -3.2110874e+01
   1.2110000e+02   7.9009709e+01  -6.5310874e+01
   1.2120000e+02   4.5009709e+01  -6.9508738e+00
   1.2130000e+02   1.3009709e+01  -3.1670874e+01
   1.2140000e+02  -2.8990291e+01  -5.9908738e+00
   1.2150000e+02  -3.5990291e+01  -9.2710874e+01
   1.2160000e+02  -8.4990291e+01   3.2491262e+00
   1.2170000e+02  -8.3990291e+01  -5.7908738e+00
   1.2180000e+02  -3.5990291e+01  -3.2710874e+01
   1.2190000e+02  -4.4990291e+01  -3.2350874e+01
   1.2200000e+02   3.7009709e+01   3.2369126e+01
   1.2210000e+02  -4.5990291e+01  -1.5310874e+01
   1.2220000e+02  -7.2990291e+01   1.5769126e+01
   1.2230000e+02   8.1009709e+01  -2.9390874e+01
   1.2240000e+02   1.9009709e+01   1.7089126e+01
   1.2250000e+02  -9.5990291e+01   1.6891262e+00
   1.2260000e+02   2.1009709e+01  -1.0990874e+01
   1.2270000e+02   9.7087379e-03  -4.4150874e+01
   1.2280000e+02  -1.1799029e+02  -3.0430874e+01
   1.2290000e+02   5.5009709e+01  -8.1350874e+01
   1.2300000e+02   3.1009709e+01  -1.0390874e+01
   1.2310000e+02   1.1900971e+02  -5.1910874e+01
   1.2320000e+02  -7.4990291e+01   3.1849126e+01
   1.2330000e+02  -6.2990291e+01  -4.9630874e+01
   1.2340000e+02  -7.5990291e+01  -4.7110874e+01
   1.2350000e+02   3.7009709e+01   1.8369126e+01
   1.2360000e+02   2.7009709e+01   1.8769126e+01
   1.2370000e+02   9.7009709e+01  -3.9030874e+01
   1.2380000e+02   6.0097087e+00   2.6091262e+00
   1.2390000e+02  -4.6990291e+01  -1.2708738e+00
   1.2400000e+02  -2.8990291e+01  -1.9990874e+01
   1.2410000e+02   6.5009709e+01   5.1249126e+01
   1.2420000e+02   2.7009709e+01   1.4769126e+01
   1.2430000e+02   1.1009709e+01  -8.5908738e+00
   1.2440000e+02  -9.9029126e-01   7.8891262e+00
   1.2450000e+02   7.5009709e+01   1.5849126e+01
   1.2460000e+02   1.5009709e+01  -1.7508738e+00
   1.2470000e+02  -8.8990291e+01   2.7409126e+01
   1.2480000e+02  -2.5990291e+01   4.3889126e+01
   1.2490000e+02  -6.0990291e+01   3.2289126e+01
   1.2500000e+02   1.1009709e+01  -3.0590874e+01
   1.2510000e+02  -9.9902913e+00  -7.5087379e-01
   1.2520000e+02   1.9009709e+01   1.0891262e+00
   1.2530000e+02   2.2009709e+01  -1.1030874e+01
   1.2540000e+02  -3.2990291e+01   1.1691262e+00
   1.2550000e+02   4.8009709e+01  -2.0070874e+01
   1.2560000e+02  -4.9902913e+00  -2.6950874e+01
   1.2570000e+02  -1.3990291e+01  -1.0590874e+01
   1.2580000e+02  -2.0990291e+01   1.6689126e+01
   1.2590000e+02  -4.6990291e+01  -6.2708738e+00
   1.2600000e+02   1.0097087e+00  -4.9190874e+01
   1.2610000e+02  -6.4990291e+01   2.1449126e+01
   1.2620000e+02  -6.9902913e+00   4.1129126e+01
   1.2630000e+02   1.9009709e+01  -2.2910874e+01
   1.2640000e+02  -6.8990291e+01  -1.2390874e+01
   1.2650000e+02   5.2009709e+01   8.7691262e+00
   1.2660000e+02   5.6009709e+01  -7.3908738e+00
   1.2670000e+02  -4.8990291e+01  -1.5190874e+01
   1.2680000e+02  -1.5990291e+01  -2.2510874e+01
   1.2690000e+02   7.8009709e+01  -1.3270874e+01
   1.2700000e+02   1.0097087e+00  -1.1190874e+01
   1.2710000e+02   3.1009709e+01   1.3760913e+02
   1.2720000e+02  -3.8990291e+01  -2.2590874e+01
   1.2730000e+02   9.8009709e+01  -4.4070874e+01
   1.2740000e+02   7.9009709e+01  -1.2310874e+01
   1.2750000e+02   1.3009709e+01  -1.8670874e+01
   1.2760000e+02   4.7009709e+01   1.2969126e+01
   1.2770000e+02   3.6009709e+01   1.8409126e+01
   1.2780000e+02  -1.9990291e+01  -3.3350874e+01
   1.2790000e+02  -4.2990291e+01   3.5691262e+00
   1.2800000e+02  -2.5990291e+01  -3.4110874e+01
   1.2810000e+02  -3.6990291e+01   2.3329126e+01
   1.2820000e+02  -9.9029126e-01  -1.1087379e-01
   1.2830000e+02  -6.4990291e+01  -4.8550874e+01
   1.2840000e+02   1.1009709e+01   5.4091262e+00
   1.2850000e+02   3.8009709e+01   5.2329126e+01
   1.2860000e+02  -3.3990291e+01  -2.7790874e+01
   1.2870000e+02  -5.4990291e+01  -2.9508738e+00
   1.2880000e+02  -6.3990291e+01  -4.6590874e+01
   1.2890000e+02   9.7087379e-03   2.3849126e+01
   1.2900000e+02  -2.1990291e+01  -3.1270874e+01
   1.2910000e+02  -4.3990291e+01  -5.4390874e+01
   1.2920000e+02   7.0097087e+00  -3.2430874e+01
   1.2930000e+02   8.0097087e+00   4.3529126e+01
   1.2940000e+02   1.4400971e+02  -4.9108738e+00
   1.2950000e+02  -1.9990291e+01   2.8649126e+01
   1.2960000e+02  -3.5990291e+01  -4.7108738e+00
   1.2970000e+02  -1.0099029e+02  -1.6110874e+01
   1.2980000e+02   8.6009709e+01  -3.1590874e+01
   1.2990000e+02   1.9009709e+01  -2.2910874e+01
   1.3000000e+02   1.0400971e+02  -6.0310874e+01
   1.3010000e+02  -6.0990291e+01  -3.9710874e+01
   1.3020000e+02   1.1500971e+02  -4.2750874e+01
   1.3030000e+02  -6.8990291e+01   3.7609126e+01
   1.3040000e+02  -5.6990291e+01  -1.0870874e+01
   1.3050000e+02   4.5009709e+01   1.1049126e+01
   1.3060000e+02   3.0097087e+00  -1.2708738e+00
   1.3070000e+02   7.0097087e+00  -4.4430874e+01
   1.3080000e+02  -2.3990291e+01  -4.9190874e+01
   1.3090000e+02  -1.6990291e+01  -2.6470874e+01
   1.3100000e+02  -2.4990291e+01   6.4849126e+01
   1.3110000e+02  -1.5199029e+02  -4.3070874e+01
   1.3120000e+02  -8.5990291e+01  -3.7710874e+01
   1.3130000e+02  -3.7990291e+01   6.3691262e+00
   1.3140000e+02   8.5009709e+01  -4.5508738e+00
   1.3150000e+02  -3.1990291e+01  -9.8708738e+00
   1.3160000e+02  -3.7990291e+01  -3.5630874e+01
   1.3170000e+02  -5.7990291e+01  -4.5830874e+01
   1.3180000e+02  -8.9990291e+01   3.0449126e+01
   1.3190000e+02   5.0097087e+00  -5.3508738e+00
   1.3200000e+02  -3.0990291e+01  -1.8910874e+01
   1.3210000e+02  -3.0990291e+01  -2.1910874e+01
   1.3220000e+02   7.6009709e+01  -1.1190874e+01
   1.3230000e+02  -4.6990291e+01  -6.8270874e+01
   1.3240000e+02  -8.5990291e+01  -6.1710874e+01
   1.3250000e+02  -1.1099029e+02   4.2891262e+00
   1.3260000e+02  -7.7990291e+01  -2.8030874e+01
   1.3270000e+02  -9.0990291e+01  -7.5108738e+00
   1.3280000e+02  -5.4990291e+01   2.0049126e+01
   1.3290000e+02  -4.4990291e+01   4.0649126e+01
   1.3300000e+02   9.0097087e+00  -3.3510874e+01
   1.3310000e+02  -9.8990291e+01  -4.1190874e+01
   1.3320000e+02  -4.7990291e+01  -3.2308738e+00
   1.3330000e+02  -5.4990291e+01  -3.8950874e+01
   1.3340000e+02  -2.2990291e+01  -2.1230874e+01
   1.3350000e+02   1.3400971e+02  -2.2510874e+01
   1.3360000e+02   3.7009709e+01  -8.6308738e+00
   1.3370000e+02  -5.7990291e+01  -5.3830874e+01
   1.3380000e+02   3.2009709e+01   4.7569126e+01
   1.3390000e+02   7.0097087e+00  -9.4308738e+00
   1.3400000e+02  -1.3990291e+01  -3.8590874e+01
   1.3410000e+02  -1.8990291e+01  -1.2390874e+01
   1.3420000e+02  -3.3990291e+01  -2.3790874e+01
   1.3430000e+02   4.6009709e+01  -6.9908738e+00
   1.3440000e+02   8.0097087e+00   1.5291262e+00
   1.3450000e+02  -7.3990291e+01  -1.8190874e+01
   1.3460000e+02  -9.9029126e-01  -1.9110874e+01
   1.3470000e+02   1.2009709e+01  -1.4630874e+01
   1.3480000e+02  -1.0990291e+01  -9.7108738e+00
   1.3490000e+02  -1.4699029e+02   2.8729126e+01
   1.3500000e+02  -3.8990291e+01   4.9409126e+01
   1.3510000e+02   4.1009709e+01  -4.7790874e+01
   1.3520000e+02  -2.0990291e+01   1.7689126e+01
   1.3530000e+02   3.4009709e+01  -3.0510874e+01
   1.3540000e+02  -3.9902913e+00   3.8009126e+01
   1.3550000e+02   2.8009709e+01   4.8729126e+01
   1.3560000e+02  -2.5990291e+01  -1.8110874e+01
   1.3570000e+02  -1.9990291e+01  -1.9350874e+01
   1.3580000e+02  -3.7990291e+01  -2.3630874e+01
   1.3590000e+02  -2.6990291e+01   4.9291262e+00
   1.3600000e+02   1.1009709e+01  -1.6590874e+01
   1.3610000e+02  -2.0990291e+01  -5.5310874e+01
   1.3620000e+02  -3.2990291e+01  -6.0830874e+01
   1.3630000e+02  -8.7990291e+01   2.3369126e+01
   1.3640000e+02  -8.5990291e+01  -5.7108738e+00
   1.3650000e+02  -1.4990291e+01  -1.5550874e+01
   1.3660000e+02  -1.5990291e+01   8.4891262e+00
   1.3670000e+02   3.3009709e+01  -1.4708738e+00
   1.3680000e+02   6.1009709e+01  -2.3590874e+01
   1.3690000e+02  -2.5990291e+01  -3.8110874e+01
   1.3700000e+02  -5.6990291e+01   1.0129126e+01
   1.3710000e+02   1.0097087e+00  -2.3190874e+01
   1.3720000e+02  -4.8990291e+01  -9.1908738e+00
   1.3730000e+02   4.9009709e+01  -4.2110874e+01
   1.3740000e+02  -9.9029126e-01   1.5889126e+01
   1.3750000e+02   2.7009709e+01  -1.0230874e+01
   1.3760000e+02   3.0009709e+01  -2.1350874e+01
   1.3770000e+02   3.7009709e+01  -4.5630874e+01
   1.3780000e+02  -3.3990291e+01  -1.5790874e+01
   1.3790000e+02  -1.7990291e+01  -6.3430874e+01
   1.3800000e+02  -3.6990291e+01   4.6329126e+01
   1.3810000e+02   3.8009709e+01   3.4329126e+01
   1.3820000e+02   6.0097087e+00  -4.3908738e+00
   1.3830000e+02  -2.9990291e+01  -1.8950874e+01
   1.3840000e+02   5.7009709e+01  -3.3430874e+01
   1.3850000e+02  -5.4990291e+01  -1.2950874e+01
   1.3860000e+02   6.2009709e+01  -1.6630874e+01
   1.3870000e+02   2.7009709e+01   3.9769126e+01
   1.3880000e+02  -1.3599029e+02   3.7289126e+01
   1.3890000e+02  -3.0990291e+01  -3.9108738e+00
   1.3900000e+02   3.0097087e+00  -5.2708738e+00
   1.3910000e+02  -1.0299029e+02  -4.9030874e+01
   1.3920000e+02   2.3009709e+01  -1.5070874e+01
   1.3930000e+02   4.1009709e+01   1.0209126e+01
   1.3940000e+02  -3.1990291e+01  -1.1870874e+01
   1.3950000e+02   4.5009709e+01  -1.9508738e+00
   1.3960000e+02   5.1009709e+01   5.2809126e+01
   1.3970000e+02  -2.9990291e+01   4.4049126e+01
   1.3980000e+02  -3.1990291e+01   9.0129126e+01
   1.3990000e+02  -1.9990291e+01   3.3649126e+01
   1.4000000e+02   7.4009709e+01   5.8891262e+00
   1.4010000e+02  -1.4990291e+01   6.4491262e+00
   1.4020000e+02   2.5009709e+01   7.8491262e+00
   1.4030000e+02   1.3600971e+02  -1.0590874e+01
   1.4040000e+02  -6.9902913e+00   1.6129126e+01
   1.4050000e+02  -3.8990291e+01   9.4091262e+00
   1.4060000e+02  -7.6990291e+01   1.2929126e+01
   1.4070000e+02  -5.4990291e+01  -3.2950874e+01
   1.4080000e+02  -7.4990291e+01  -2.7150874e+01
   1.4090000e+02  -4.0990291e+01   6.4489126e+01
   1.4100000e+02   2.2009709e+01  -4.0308738e+00
   1.4110000e+02  -6.4990291e+01  -2.4550874e+01
   1.4120000e+02  -6.5990291e+01  -4.1510874e+01
   1.4130000e+02  -2.8990291e+01  -4.5990874e+01
   1.4140000e+02  -9.0990291e+01   7.0489126e+01
   1.4150000e+02   1.7009709e+01  -2.8830874e+01
   1.4160000e+02  -5.5990291e+01  -4.2910874e+01
   1.4170000e+02  -1.3990291e+01  -8.5908738e+00
   1.4180000e+02  -4.6990291e+01  -7.1270874e+01
   1.4190000e+02  -3.8990291e+01   2.7409126e+01
   1.4200000e+02  -8.1990291e+01  -9.8708738e+00
   1.4210000e+02   6.2009709e+01   8.5369126e+01
   1.4220000e+02  -9.9902913e+00  -2.0750874e+01
   1.4230000e+02  -3.4990291e+01  -3.0750874e+01
   1.4240000e+02   7.0009709e+01  -8.9508738e+00
   1.4250000e+02  -1.7990291e+01   1.6569126e+01
   1.4260000e+02   9.7087379e-03   6.1849126e+01
   1.4270000e+02  -4.3990291e+01   1.6609126e+01
   1.4280000e+02  -3.5990291e+01   3.0289126e+01
   1.4290000e+02   2.5009709e+01  -2.1508738e+00
   1.4300000e+02   6.8009709e+01   3.7129126e+01
   1.4310000e+02  -3.1990291e+01  -2.3870874e+01
   1.4320000e+02  -6.6990291e+01  -3.4708738e+00
   1.4330000e+02   8.0097087e+00  -2.5470874e+01
   1.4340000e+02   9.7087379e-03  -2.1150874e+01
   1.4350000e+02  -2.8990291e+01  -1.9908738e+00
   1.4360000e+02  -6.2990291e+01   3.3691262e+00
   1.4370000e+02   2.7009709e+01  -2.2230874e+01
   1.4380000e+02   1.5009709e+01  -9.7508738e+00
   1.4390000e+02  -2.7990291e+01  -5.0308738e+00
   1.4400000e+02  -4.9990291e+01  -4.8150874e+01
   1.4410000e+02   1.0097087e+00  -1.5190874e+01
   1.4420000e+02   4.4009709e+01   1.0891262e+00
   1.4430000e+02   9.1009709e+01   5.1209126e+01
   1.4440000e+02  -2.7990291e+01   1.6969126e+01
   1.4450000e+02  -9.9902913e+00  -7.7508738e+00
   1.4460000e+02  -6.2990291e+01  -1.6630874e+01
   1.4470000e+02  -4.6990291e+01  -1.5270874e+01
   1.4480000e+02  -8.6990291e+01   1.4329126e+01
   1.4490000e+02  -1.1990291e+01  -4.3670874e+01
   1.4500000e+02   1.5800971e+02  -4.8470874e+01
   1.4510000e+02  -1.0199029e+02  -1.3070874e+01
   1.4520000e+02   1.3009709e+01   4.7329126e+01
   1.4530000e+02  -4.4990291e+01   3.9649126e+01
   1.4540000e+02  -7.6990291e+01   5.9291262e+00
   1.4550000e+02   2.7009709e+01  -3.6230874e+01
   1.4560000e+02   5.0097087e+00  -4.0350874e+01
   1.4570000e+02   2.9009709e+01  -2.4310874e+01
   1.4580000e+02  -3.0990291e+01  -7.2910874e+01
   1.4590000e+02  -3.1990291e+01  -3.4870874e+01
   1.4600000e+02   1.2009709e+01   1.7369126e+01
   1.4610000e+02  -8.5990291e+01  -1.9710874e+01
   1.4620000e+02  -8.9990291e+01  -4.3550874e+01
   1.4630000e+02   5.7009709e+01  -1.8430874e+01
   1.4640000e+02   1.0097087e+00   7.8091262e+00
   1.4650000e+02  -8.1990291e+01  -3.0870874e+01
   1.4660000e+02  -1.6990291e+01  -1.9470874e+01
   1.4670000e+02  -4.2990291e+01  -2.8430874e+01
   1.4680000e+02  -2.7990291e+01  -6.8030874e+01
   1.4690000e+02  -5.0990291e+01  -7.8110874e+01
   1.4700000e+02   2.9009709e+01  -5.3108738e+00
   1.4710000e+02   5.0097087e+00  -2.3350874e+01
   1.4720000e+02  -4.3990291e+01  -2.5390874e+01
   1.4730000e+02  -9.3990291e+01  -2.4390874e+01
   1.4740000e+02  -4.4990291e+01  -4.5350874e+01
   1.4750000e+02   6.7009709e+01   8.7169126e+01
   1.4760000e+02  -1.1799029e+02  -1.6430874e+01
   1.4770000e+02   1.0009709e+01   2.6449126e+01
   1.4780000e+02  -1.1899029e+02  -3.4390874e+01
   1.4790000e+02   7.0097087e+00  -3.2430874e+01
   1.4800000e+02  -7.2990291e+01  -4.2230874e+01
   1.4810000e+02  -5.0990291e+01  -3.2110874e+01
   1.4820000e+02  -8.9902913e+00  -5.7908738e+00
   1.4830000e+02   1.4009709e+01   9.2891262e+00
   1.4840000e+02   6.0097087e+00   1.0260913e+02
   1.4850000e+02  -4.0990291e+01   1.6489126e+01
   1.4860000e+02  -1.4990291e+01  -1.9550874e+01
   1.4870000e+02   4.0009709e+01   2.2491262e+00
   1.4880000e+02   2.1009709e+01  -2.3990874e+01
   1.4890000e+02  -8.6990291e+01  -4.0670874e+01
   1.4900000e+02  -1.9990291e+01  -2.6350874e+01
   1.4910000e+02   3.3009709e+01  -4.0470874e+01
   1.4920000e+02   3.0097087e+00  -2.2270874e+01
   1.4930000e+02  -1.8990291e+01   3.7609126e+01
   1.4940000e+02  -1.1399029e+02  -3.2590874e+01
   1.4950000e+02  -8.6990291e+01  -3.6708738e+00
   1.4960000e+02  -2.3990291e+01  -4.8190874e+01
   1.4970000e+02   3.6009709e+01  -1.6590874e+01
   1.4980000e+02   1.3009709e+01   7.3291262e+00
   1.4990000e+02  -1.8990291e+01  -2.2390874e+01
   1.5000000e+02   1.1009709e+01  -1.1590874e+01
   1.5010000e+02   7.0097087e+00   1.2569126e+01
   1.5020000e+02   5.1009709e+01   8.0912621e-01
   1.5030000e+02   6.1009709e+01   3.2409126e+01
   1.5040000e+02  -3.6990291e+01  -2.1670874e+01
   1.5050000e+02  -7.9990291e+01  -5.9508738e+00
   1.5060000e+02  -2.1990291e+01  -2.9270874e+01
   1.5070000e+02  -6.1990291e+01   3.2912621e-01
   1.5080000e+02  -4.1990291e+01  -3.8470874e+01
   1.5090000e+02   9.7009709e+01  -4.5030874e+01
   1.5100000e+02  -2.2990291e+01  -5.2308738e+00
   1.5110000e+02   2.0097087e+00  -2.2308738e+00
   1.5120000e+02  -1.4990291e+01  -3.5550874e+01
   1.5130000e+02  -1.7990291e+01  -4.5430874e+01
   1.5140000e+02  -4.7990291e+01   4.6769126e+01
   1.5150000e+02  -6.9990291e+01  -5.9350874e+01
   1.5160000e+02  -4.9902913e+00  -4.1950874e+01
   1.5170000e+02  -7.9902913e+00  -4.4830874e+01
   1.5180000e+02  -2.0990291e+01   4.6891262e+00
   1.5190000e+02  -2.3990291e+01  -5.1908738e+00
   1.5200000e+02   2.7009709e+01  -6.0230874e+01
   1.5210000e+02   2.2009709e+01  -5.0030874e+01
   1.5220000e+02  -4.3990291e+01  -8.3908738e+00
   1.5230000e+02  -9.8990291e+01   2.8809126e+01
   1.5240000e+02  -4.4990291e+01  -4.9350874e+01
   1.5250000e+02  -4.4990291e+01   4.6491262e+00
   1.5260000e+02  -1.1399029e+02  -2.2590874e+01
   1.5270000e+02   2.7009709e+01  -2.7230874e+01
   1.5280000e+02   2.0009709e+01  -9.5087379e-01
   1.5290000e+02   6.5009709e+01  -4.1750874e+01
   1.5300000e+02  -2.2990291e+01  -8.2308738e+00
   1.5310000e+02  -2.3990291e+01   8.8091262e+00
   1.5320000e+02  -9.5990291e+01   2.2689126e+01
   1.5330000e+02   3.7009709e+01  -2.0630874e+01
   1.5340000e+02   1.3009709e+01   2.8329126e+01
   1.5350000e+02   3.3009709e+01   1.0052913e+02
   1.5360000e+02  -3.1990291e+01  -3.4870874e+01
   1.5370000e+02  -1.9902913e+00  -2.6070874e+01
   1.5380000e+02  -1.0990291e+01   1.9289126e+01
   1.5390000e+02   2.5009709e+01  -2.5150874e+01
   1.5400000e+02  -1.1799029e+02  -6.3430874e+01
   1.5410000e+02  -2.0990291e+01  -1.3310874e+01
   1.5420000e+02  -4.5990291e+01  -2.2310874e+01
   1.5430000e+02   3.2009709e+01   8.5691262e+00
   1.5440000e+02  -1.0990291e+01  -4.5710874e+01
   1.5450000e+02   5.1009709e+01   9.8091262e+00
   1.5460000e+02  -5.1990291e+01  -6.0708738e+00
   1.5470000e+02  -4.9990291e+01  -3.9150874e+01
   1.5480000e+02   5.2009709e+01  -3.1230874e+01
   1.5490000e+02  -8.1990291e+01  -5.8708738e+00
   1.5500000e+02  -6.8990291e+01  -4.2390874e+01
   1.5510000e+02  -5.1990291e+01  -1.4070874e+01
   1.5520000e+02   4.4009709e+01   2.7089126e+01
   1.5530000e+02  -2.6990291e+01  -2.0070874e+01
   1.5540000e+02  -9.2990291e+01  -4.3430874e+01
   1.5550000e+02  -4.8990291e+01  -1.6190874e+01
   1.5560000e+02  -5.5990291e+01  -2.9108738e+00
   1.5570000e+02   1.0009709e+01   3.9449126e+01
   1.5580000e+02  -2.9902913e+00  -1.9030874e+01
   1.5590000e+02   3.5009709e+01  -3.9550874e+01
   1.5600000e+02   2.6009709e+01   8.0912621e-01
   1.5610000e+02   5.0097087e+00   1.4649126e+01
   1.5620000e+02   9.0097087e+00  -7.5108738e+00
   1.5630000e+02  -6.8990291e+01  -6.3908738e+00
   1.5640000e+02  -4.9902913e+00  -9.5087379e-01
   1.5650000e+02  -8.9902913e+00  -4.2790874e+01
   1.5660000e+02  -5.7990291e+01  -2.5830874e+01
   1.5670000e+02  -1.1799029e+02   5.5691262e+00
   1.5680000e+02  -9.8990291e+01  -4.2190874e+01
   1.5690000e+02  -5.5990291e+01   8.9126214e-02
   1.5700000e+02  -6.0990291e+01  -8.7108738e+00
   1.5710000e+02   7.4009709e+01   9.8891262e+00
   1.5720000e+02  -5.5990291e+01  -2.0910874e+01
   1.5730000e+02   8.1009709e+01   3.6091262e+00
   1.5740000e+02   8.5009709e+01  -1.1550874e+01
   1.5750000e+02   5.9009709e+01  -1.8510874e+01
   1.5760000e+02   3.5009709e+01  -3.5550874e+01
   1.5770000e+02  -6.4990291e+01  -1.8550874e+01
   1.5780000e+02  -4.7990291e+01   5.2769126e+01
   1.5790000e+02  -7.6990291e+01  -5.0070874e+01
   1.5800000e+02  -5.5990291e+01  -3.7910874e+01
   1.5810000e+02  -4.9902913e+00  -1.3950874e+01
   1.5820000e+02  -3.8990291e+01  -4.9590874e+01
   1.5830000e+02  -2.8990291e+01  -2.6990874e+01
   1.5840000e+02   1.4009709e+01   7.0289126e+01
   1.5850000e+02  -5.3990291e+01  -5.9990874e+01
   1.5860000e+02  -5.4990291e+01   3.0491262e+00
   1.5870000e+02   1.2009709e+01  -1.4630874e+01
   1.5880000e+02  -4.7990291e+01  -1.2230874e+01
   1.5890000e+02  -1.1199029e+02   5.9329126e+01
   1.5900000e+02   1.8009709e+01  -2.2870874e+01
   1.5910000e+02  -4.8990291e+01  -2.3190874e+01
   1.5920000e+02   8.7009709e+01  -1.2630874e+01
   1.5930000e+02   3.8009709e+01  -1.4670874e+01
   1.5940000e+02  -3.6990291e+01  -2.6670874e+01
   1.5950000e+02   2.7009709e+01  -6.5230874e+01
   1.5960000e+02   4.6009709e+01   1.4009126e+01
   1.5970000e+02   2.2009709e+01  -3.2030874e+01
   1.5980000e+02  -2.8990291e+01   5.8009126e+01
   1.5990000e+02   3.1009709e+01  -3.5390874e+01
   1.6000000e+02   2.7009709e+01   2.7691262e+00
   1.6010000e+02   8.5009709e+01   3.9449126e+01
   1.6020000e+02   2.4009709e+01  -5.7110874e+01
   1.6030000e+02  -1.3990291e+01  -2.7590874e+01
   1.6040000e+02  -1.1999029e+02   1.4649126e+01
   1.6050000e+02   3.5009709e+01  -2.7550874e+01
   1.6060000e+02   8.4009709e+01  -7.5108738e+00
   1.6070000e+02  -4.1990291e+01   5.5529126e+01
   1.6080000e+02  -2.6990291e+01   1.3929126e+01
   1.6090000e+02  -2.8990291e+01   1.0091262e+00
   1.6100000e+02   7.4009709e+01  -3.2110874e+01
   1.6110000e+02   8.8009709e+01  -1.5670874e+01
   1.6120000e+02  -6.9990291e+01   6.4912621e-01
   1.6130000e+02  -5.1990291e+01   5.5929126e+01
   1.6140000e+02  -6.0990291e+01  -2.2710874e+01
   1.6150000e+02  -1.0999029e+02   2.4912621e-01
   1.6160000e+02   1.1009709e+01   1.4091262e+00
   1.6170000e+02  -1.0299029e+02   7.9691262e+00
   1.6180000e+02   4.1009709e+01   7.7209126e+01
   1.6190000e+02  -7.4990291e+01  -4.5150874e+01
   1.6200000e+02  -5.0990291e+01  -5.8110874e+01
   1.6210000e+02  -4.8990291e+01   5.0809126e+01
   1.6220000e+02   5.0097087e+00  -4.0350874e+01
   1.6230000e+02   2.5009709e+01  -4.1508738e+00
   1.6240000e+02   3.5009709e+01  -1.2550874e+01
   1.6250000e+02  -8.7990291e+01  -2.8630874e+01
   1.6260000e+02   2.1009709e+01   1.7009126e+01
   1.6270000e+02   1.6800971e+02  -2.8870874e+01
   1.6280000e+02  -4.7990291e+01  -1.1230874e+01
   1.6290000e+02  -3.6990291e+01  -3.6708738e+00
   1.6300000e+02  -6.6990291e+01   5.3529126e+01
   1.6310000e+02   1.8009709e+01  -9.8708738e+00
   1.6320000e+02   1.0009709e+01  -2.6550874e+01
   1.6330000e+02  -4.2990291e+01  -2.7430874e+01
   1.6340000e+02   1.2800971e+02  -2.0270874e+01
   1.6350000e+02  -3.8990291e+01   4.0409126e+01
   1.6360000e+02  -1.2990291e+01  -6.3630874e+01
   1.6370000e+02  -4.9902913e+00  -4.5950874e+01
   1.6380000e+02   9.7087379e-03   4.0849126e+01
   1.6390000e+02  -7.6990291e+01   4.9291262e+00
   1.6400000e+02  -1.6990291e+01  -1.3470874e+01
   1.6410000e+02   8.8009709e+01   3.5329126e+01
   1.6420000e+02  -6.4990291e+01   4.0449126e+01
   1.6430000e+02   5.6009709e+01   5.6091262e+00
   1.6440000e+02   3.0097087e+00  -2.6270874e+01
   1.6450000e+02   1.4009709e+01   1.2891262e+00
   1.6460000e+02  -6.1990291e+01  -5.8670874e+01
   1.6470000e+02  -2.8990291e+01  -2.6990874e+01
   1.6480000e+02   1.5600971e+02  -3.3390874e+01
   1.6490000e+02  -5.5990291e+01  -5.4910874e+01
   1.6500000e+02  -6.4990291e+01  -2.4550874e+01
   1.6510000e+02  -2.9990291e+01   5.0491262e+00
   1.6520000e+02  -4.8990291e+01  -4.7190874e+01
   1.6530000e+02  -1.1990291e+01  -9.6708738e+00
   1.6540000e+02  -3.2990291e+01   2.1169126e+01
   1.6550000e+02  -9.9902913e+00  -4.6750874e+01
   1.6560000e+02   5.2009709e+01  -5.0230874e+01
   1.6570000e+02  -4.4990291e+01   4.7649126e+01
   1.6580000e+02  -1.7990291e+01  -1.9430874e+01
   1.6590000e+02  -1.9902913e+00  -5.4070874e+01
   1.6600000e+02  -6.9902913e+00  -6.5870874e+01
   1.6610000e+02   5.0097087e+00  -8.3508738e+00
   1.6620000e+02   4.5009709e+01  -3.9950874e+01
   1.6630000e+02  -2.4990291e+01   7.1849126e+01
   1.6640000e+02   5.1009709e+01  -2.3190874e+01
   1.6650000e+02  -9.3990291e+01  -2.0390874e+01
   1.6660000e+02  -3.7990291e+01   1.8369126e+01
   1.6670000e+02   5.6009709e+01  -2.1390874e+01
   1.6680000e+02  -4.0990291e+01  -2.0510874e+01
   1.6690000e+02  -7.3990291e+01  -3.3190874e+01
   1.6700000e+02  -5.8990291e+01   4.9209126e+01
   1.6710000e+02  -4.2990291e+01  -7.4308738e+00
   1.6720000e+02  -6.3990291e+01   1.0409126e+01
   1.6730000e+02  -7.6990291e+01  -4.2070874e+01
   1.6740000e+02  -6.9990291e+01  -1.7350874e+01
   1.6750000e+02  -9.2990291e+01  -1.9430874e+01
   1.6760000e+02   2.2009709e+01  -2.5030874e+01
   1.6770000e+02   2.3009709e+01  -2.1070874e+01
   1.6780000e+02  -3.2990291e+01   1.8169126e+01
   1.6790000e+02  -3.1990291e+01   3.6129126e+01
   1.6800000e+02   3.2009709e+01  -1.9430874e+01
   1.6810000e+02   5.7009709e+01  -1.2430874e+01
   1.6820000e+02  -1.1899029e+02  -4.3390874e+01
   1.6830000e+02  -7.3990291e+01   1.6809126e+01
   1.6840000e+02  -8.2990291e+01   3.1169126e+01
   1.6850000e+02  -2.6990291e+01  -4.6070874e+01
   1.6860000e+02  -1.0299029e+02   4.9691262e+00
   1.6870000e+02   7.9009709e+01  -1.7310874e+01
   1.6880000e+02  -6.2990291e+01  -5.0630874e+01
   1.6890000e+02  -5.9902913e+00  -5.7910874e+01
   1.6900000e+02  -5.5990291e+01  -1.9910874e+01
   1.6910000e+02  -1.0599029e+02   6.0891262e+00
   1.6920000e+02  -5.5990291e+01  -1.1910874e+01
   1.6930000e+02   4.0009709e+01  -2.6750874e+01
   1.6940000e+02  -5.4990291e+01  -1.7950874e+01
   1.6950000e+02   3.1009709e+01  -3.2390874e+01
   1.6960000e+02  -1.2990291e+01  -6.2630874e+01
   1.6970000e+02  -6.0990291e+01  -2.8710874e+01
   1.6980000e+02  -1.2990291e+01  -8.6308738e+00
   1.6990000e+02  -4.8990291e+01  -5.1190874e+01
   1.7000000e+02  -2.9990291e+01  -1.9950874e+01
   1.7010000e+02   3.3009709e+01   4.7529126e+01
   1.7020000e+02   4.9009709e+01  -9.1108738e+00
   1.7030000e+02   3.0097087e+00  -5.3270874e+01
   1.7040000e+02   3.6009709e+01   3.6409126e+01
   1.7050000e+02   2.2009709e+01  -5.2030874e+01
   1.7060000e+02  -6.2990291e+01   3.2369126e+01
   1.7070000e+02   3.5009709e+01  -4.5550874e+01
   1.7080000e+02  -3.2990291e+01  -7.3830874e+01
   1.7090000e+02   5.6009709e+01  -1.3908738e+00
   1.7100000e+02  -6.7990291e+01  -2.5430874e+01
   1.7110000e+02  -5.5990291e+01   3.9089126e+01
   1.7120000e+02  -2.3990291e+01  -1.7190874e+01
   1.7130000e+02  -7.9902913e+00  -3.5830874e+01
   1.7140000e+02  -5.7990291e+01   9.1691262e+00
   1.7150000e+02   1.7009709e+01  -4.6830874e+01
   1.7160000e+02   8.0097087e+00  -1.8470874e+01
   1.7170000e+02   4.0009709e+01  -1.2750874e+01
   1.7180000e+02  -1.5990291e+01  -5.4510874e+01
   1.7190000e+02   1.2009709e+01  -1.6308738e+00
   1.7200000e+02  -4.8990291e+01  -4.1190874e+01
   1.7210000e+02  -1.3299029e+02  -4.3830874e+01
   1.7220000e+02   3.1009709e+01  -5.4390874e+01
   1.7230000e+02   4.3009709e+01  -6.5870874e+01
   1.7240000e+02   3.0097087e+00  -2.9270874e+01
   1.7250000e+02  -3.9902913e+00  -2.4990874e+01
   1.7260000e+02  -6.2990291e+01   2.4369126e+01
   1.7270000e+02   1.3000971e+02  -4.8350874e+01
   1.7280000e+02  -3.3990291e+01  -4.1790874e+01
   1.7290000e+02   3.8009709e+01  -2.7670874e+01
   1.7300000e+02   5.0009709e+01   4.8491262e+00
   1.7310000e+02   2.7009709e+01  -6.2230874e+01
   1.7320000e+02  -6.9990291e+01   3.3649126e+01
   1.7330000e+02  -3.6990291e+01   4.3291262e+00
   1.7340000e+02  -6.2990291e+01   2.1369126e+01
   1.7350000e+02   3.3009709e+01  -7.4708738e+00
   1.7360000e+02   1.2009709e+01   4.6369126e+01
   1.7370000e+02   1.4009709e+01   1.9289126e+01
   1.7380000e+02   4.0097087e+00  -7.3108738e+00
   1.7390000e+02  -7.9902913e+00  -3.8308738e+00
   1.7400000e+02  -5.7990291e+01  -1.0830874e+01
   1.7410000e+02  -6.3990291e+01  -5.1590874e+01
   1.7420000e+02  -2.2990291e+01  -1.5230874e+01
   1.7430000e+02   2.4009709e+01  -2.2110874e+01
   1.7440000e+02  -1.5990291e+01  -3.1510874e+01
   1.7450000e+02  -1.2990291e+01   5.7369126e+01
   1.7460000e+02  -5.9990291e+01   1.4249126e+01
   1.7470000e+02  -8.2990291e+01   8.9169126e+01
   1.7480000e+02   2.9009709e+01  -5.0310874e+01
   1.7490000e+02  -1.0099029e+02   6.8891262e+00
   1.7500000e+02   1.1009709e+01   2.2409126e+01
   1.7510000e+02  -2.5990291e+01  -1.9110874e+01
   1.7520000e+02   5.9009709e+01  -3.1510874e+01
   1.7530000e+02  -3.6990291e+01  -5.6670874e+01
   1.7540000e+02   3.3009709e+01   3.9529126e+01
   1.7550000e+02  -2.9990291e+01   3.8049126e+01
   1.7560000e+02  -6.5990291e+01  -1.0510874e+01
   1.7570000e+02  -1.1990291e+01   1.6329126e+01
   1.7580000e+02  -7.4990291e+01   7.4849126e+01
   1.7590000e+02   1.5009709e+01   1.0249126e+01
   1.7600000e+02   1.0200971e+02   4.3769126e+01
   1.7610000e+02   3.2009709e+01  -1.3430874e+01
   1.7620000e+02  -1.6990291e+01   3.1529126e+01
   1.7630000e+02  -3.8990291e+01   9.4091262e+00
   1.7640000e+02  -6.7990291e+01  -1.0430874e+01
   1.7650000e+02  -4.4990291e+01   4.0649126e+01
   1.7660000e+02   4.0097087e+00   1.9689126e+01
   1.7670000e+02  -5.5990291e+01   2.4089126e+01
   1.7680000e+02   9.0097087e+00  -3.9510874e+01
   1.7690000e+02  -3.2990291e+01  -4.8308738e+00
   1.7700000e+02  -8.4990291e+01  -1.4750874e+01
   1.7710000e+02  -2.1990291e+01   6.2729126e+01
   1.7720000e+02  -7.0990291e+01  -4.3310874e+01
   1.7730000e+02   3.9009709e+01  -5.7710874e+01
   1.7740000e+02  -7.6990291e+01   8.9291262e+00
   1.7750000e+02  -1.0899029e+02  -1.1790874e+01
   1.7760000e+02  -8.9902913e+00  -1.1790874e+01
   1.7770000e+02   5.8009709e+01  -2.8470874e+01
   1.7780000e+02  -4.2990291e+01   3.5691262e+00
   1.7790000e+02   1.3900971e+02  -2.1710874e+01
   1.7800000e+02  -5.5990291e+01  -2.3910874e+01
   1.7810000e+02  -3.6990291e+01  -6.3670874e+01
   1.7820000e+02  -7.9990291e+01   2.6049126e+01
   1.7830000e+02  -8.9990291e+01  -1.2550874e+01
   1.7840000e+02  -6.8990291e+01   1.2609126e+01
   1.7850000e+02   5.0009709e+01  -5.6150874e+01
   1.7860000e+02  -2.2990291e+01   1.9769126e+01
   1.7870000e+02   1.8009709e+01   1.5129126e+01
   1.7880000e+02  -4.8990291e+01  -1.0190874e+01
   1.7890000e+02  -3.4990291e+01   7.2491262e+00
   1.7900000e+02   6.0097087e+00  -3.1390874e+01
   1.7910000e+02  -6.9990291e+01   5.6491262e+00
   1.7920000e+02   9.6009709e+01   2.6009126e+01
   1.7930000e+02  -3.8990291e+01   2.4091262e+00
   1.7940000e+02  -1.5990291e+01   2.1489126e+01
   1.7950000e+02   2.0097087e+00  -6.8230874e+01
   1.7960000e+02   6.0009709e+01  -6.4550874e+01
   1.7970000e+02   3.9009709e+01   8.7289126e+01
   1.7980000e+02  -3.3990291e+01   1.7209126e+01
   1.7990000e+02  -6.5990291e+01  -5.0510874e+01
   1.8000000e+02   2.0097087e+00  -1.9230874e+01
   1.8010000e+02  -2.9990291e+01   2.4049126e+01
   1.8020000e+02  -7.0990291e+01  -3.9310874e+01
   1.8030000e+02   2.4009709e+01  -2.1110874e+01
   1.8040000e+02   7.8009709e+01  -4.6270874e+01
   1.8050000e+02  -3.5990291e+01  -2.2710874e+01
   1.8060000e+02  -7.4990291e+01  -1.8150874e+01
   1.8070000e+02   2.1009709e+01  -2.8990874e+01
   1.8080000e+02  -7.2990291e+01  -4.5230874e+01
   1.8090000e+02  -5.0990291e+01  -3.8110874e+01
   1.8100000e+02   7.5009709e+01  -5.0150874e+01
   1.8110000e+02  -7.4990291e+01  -4.4150874e+01
   1.8120000e+02  -1.6990291e+01  -7.4708738e+00
   1.8130000e+02  -2.7990291e+01  -2.0308738e+00
   1.8140000e+02  -3.8990291e+01  -1.2590874e+01
   1.8150000e+02   1.7009709e+01  -5.0830874e+01
   1.8160000e+02  -6.8990291e+01  -4.5390874e+01
   1.8170000e+02  -8.6990291e+01  -8.6708738e+00
   1.8180000e+02  -2.7990291e+01  -3.2030874e+01
   1.8190000e+02  -6.9902913e+00  -4.9870874e+01
   1.8200000e+02  -5.0990291e+01  -5.9110874e+01
   1.8210000e+02   7.9009709e+01   1.8689126e+01
   1.8220000e+02  -1.6990291e+01   5.5529126e+01
   1.8230000e+02  -2.5990291e+01   7.8889126e+01
   1.8240000e+02  -1.6990291e+01  -4.7087379e-01
   1.8250000e+02  -5.4990291e+01   7.4049126e+01
   1.8260000e+02  -1.1099029e+02  -5.7108738e+00
   1.8270000e+02  -2.3990291e+01  -4.1190874e+01
   1.8280000e+02  -2.1990291e+01  -4.5270874e+01
   1.8290000e+02  -1.0599029e+02   1.3089126e+01
   1.8300000e+02   4.0097087e+00  -1.2310874e+01
   1.8310000e+02   1.4009709e+01  -4.8710874e+01
   1.8320000e+02   4.8009709e+01  -5.0708738e+00
   1.8330000e+02  -5.1990291e+01  -2.0070874e+01
   1.8340000e+02  -5.1990291e+01   4.9929126e+01
   1.8350000e+02   6.7009709e+01  -1.5830874e+01
   1.8360000e+02   4.2009709e+01  -3.5830874e+01
   1.8370000e+02  -1.2299029e+02   3.7769126e+01
   1.8380000e+02   5.0009709e+01  -6.0150874e+01
   1.8390000e+02   3.6009709e+01  -2.9590874e+01
   1.8400000e+02  -4.2990291e+01  -3.5430874e+01
   1.8410000e+02  -6.0990291e+01   4.2891262e+00
   1.8420000e+02   7.9009709e+01  -4.1310874e+01
   1.8430000e+02  -4.3990291e+01  -5.1390874e+01
   1.8440000e+02  -4.2990291e+01  -1.4308738e+00
   1.8450000e+02  -1.1599029e+02  -1.4510874e+01
   1.8460000e+02  -5.9902913e+00   9.0891262e+00
   1.8470000e+02  -2.6990291e+01  -3.0708738e+00
   1.8480000e+02  -5.9990291e+01   7.0249126e+01
   1.8490000e+02  -3.9902913e+00  -2.6990874e+01
   1.8500000e+02   5.4009709e+01   3.2689126e+01
   1.8510000e+02  -6.3990291e+01  -4.9590874e+01
   1.8520000e+02   1.2009709e+01  -2.6308738e+00
   1.8530000e+02   4.9009709e+01  -3.8110874e+01
   1.8540000e+02  -2.3990291e+01  -1.3190874e+01
   1.8550000e+02  -1.4990291e+01  -2.4550874e+01
   1.8560000e+02  -2.1990291e+01   7.7291262e+00
   1.8570000e+02   8.5009709e+01  -4.0550874e+01
   1.8580000e+02   4.5009709e+01   4.8049126e+01
   1.8590000e+02  -1.0990291e+01  -1.8710874e+01
   1.8600000e+02  -4.8990291e+01   1.4809126e+01
   1.8610000e+02   9.4009709e+01   8.9126214e-02
   1.8620000e+02   5.0097087e+00   1.9649126e+01
   1.8630000e+02   2.0009709e+01   4.6049126e+01
   1.8640000e+02   2.5009709e+01   5.8491262e+00
   1.8650000e+02  -6.2990291e+01  -2.1630874e+01
   1.8660000e+02   9.6009709e+01  -4.7990874e+01
   1.8670000e+02  -7.4990291e+01   6.7849126e+01
   1.8680000e+02  -8.9902913e+00  -7.7790874e+01
   1.8690000e+02  -1.3990291e+01   4.0912621e-01
   1.8700000e+02  -3.5990291e+01  -4.6710874e+01
   1.8710000e+02  -3.9902913e+00  -7.9990874e+01
   1.8720000e+02  -2.7990291e+01  -3.0030874e+01
   1.8730000e+02  -9.9029126e-01  -3.0110874e+01
   1.8740000e+02  -1.0399029e+02  -1.3990874e+01
   1.8750000e+02   3.4009709e+01   9.4891262e+00
   1.8760000e+02   4.6009709e+01  -1.3990874e+01
   1.8770000e+02  -7.6990291e+01  -5.3070874e+01
   1.8780000e+02  -7.9902913e+00   3.1691262e+00
   1.8790000e+02  -1.3990291e+01   1.6409126e+01
   1.8800000e+02  -2.8990291e+01   8.0091262e+00
   1.8810000e+02  -2.6990291e+01   5.4929126e+01
   1.8820000e+02   1.3009709e+01  -1.0670874e+01
   1.8830000e+02   4.0097087e+00   6.8689126e+01
   1.8840000e+02   1.2600971e+02   1.8091262e+00
   1.8850000e+02   4.1009709e+01   1.1209126e+01
   1.8860000e+02   1.2009709e+01   1.4369126e+01
   1.8870000e+02   2.7009709e+01  -2.9230874e+01
   1.8880000e+02   6.7009709e+01  -1.8308738e+00
   1.8890000e+02  -6.9902913e+00   4.5129126e+01
   1.8900000e+02  -5.8990291e+01  -2.6790874e+01
   1.8910000e+02  -9.5990291e+01  -6.3108738e+00
   1.8920000e+02  -3.9990291e+01  -3.6550874e+01
   1.8930000e+02  -9.9902913e+00  -4.6750874e+01
   1.8940000e+02   9.0097087e+00  -1.5108738e+00
   1.8950000e+02  -7.8990291e+01  -3.0990874e+01
   1.8960000e+02   2.0009709e+01   2.9049126e+01
   1.8970000e+02   5.8009709e+01   2.0529126e+01
   1.8980000e+02   1.6009709e+01  -3.9790874e+01
   1.8990000e+02   3.0097087e+00   1.5729126e+01
   1.9000000e+02   1.9009709e+01  -8.0910874e+01
   1.9010000e+02   1.0009709e+01   1.8449126e+01
   1.9020000e+02   1.2400971e+02  -4.1110874e+01
   1.9030000e+02  -5.6990291e+01   2.3129126e+01
   1.9040000e+02  -8.5990291e+01   9.2891262e+00
   1.9050000e+02  -5.2990291e+01  -3.8030874e+01
   1.9060000e+02   1.0900971e+02  -2.6510874e+01
   1.9070000e+02  -3.8990291e+01   2.6409126e+01
   1.9080000e+02  -7.9990291e+01  -2.6950874e+01
   1.9090000e+02  -4.9902913e+00  -2.3950874e+01
   1.9100000e+02  -1.1399029e+02   4.4091262e+00
   1.9110000e+02   1.9009709e+01  -1.6910874e+01
   1.9120000e+02  -9.2990291e+01  -2.8430874e+01
   1.9130000e+02  -3.9902913e+00  -5.3990874e+01
   1.9140000e+02   5.3009709e+01   1.4729126e+01
   1.9150000e+02   1.0097087e+00  -3.2190874e+01
   1.9160000e+02  -2.1990291e+01   1.6729126e+01
   1.9170000e+02  -2.9902913e+00  -5.0308738e+00
   1.9180000e+02   6.6009709e+01  -4.7908738e+00
   1.9190000e+02  -1.5990291e+01  -1.5510874e+01
   1.9200000e+02  -3.7990291e+01  -1.3630874e+01
   1.9210000e+02   8.0097087e+00  -1.6470874e+01
   1.9220000e+02  -1.9990291e+01   4.2649126e+01
   1.9230000e+02  -3.0990291e+01  -2.9108738e+00
   1.9240000e+02   2.0097087e+00  -3.2308738e+00
   1.9250000e+02  -1.0990291e+01   2.2891262e+00
   1.9260000e+02  -1.0990291e+01  -1.3710874e+01
   1.9270000e+02  -3.1990291e+01   2.3129126e+01
   1.9280000e+02   2.4009709e+01   9.2889126e+01
   1.9290000e+02  -1.0799029e+02  -1.8308738e+00
   1.9300000e+02  -1.2099029e+02  -5.1310874e+01
   1.9310000e+02   3.7009709e+01  -3.9630874e+01
   1.9320000e+02   3.8009709e+01   2.4329126e+01
   1.9330000e+02  -2.8990291e+01  -7.9908738e+00
   1.9340000e+02  -5.6990291e+01  -2.3870874e+01
   1.9350000e+02  -3.6990291e+01  -7.8670874e+01
   1.9360000e+02   6.6009709e+01  -2.2790874e+01
   1.9370000e+02  -1.1990291e+01  -4.6670874e+01
   1.9380000e+02   2.1009709e+01  -4.3990874e+01
   1.9390000e+02  -7.7990291e+01  -7.9030874e+01
   1.9400000e+02  -7.9902913e+00  -3.4830874e+01
   1.9410000e+02  -6.8990291e+01   2.1609126e+01
   1.9420000e+02  -5.9902913e+00  -3.8910874e+01
   1.9430000e+02  -5.0990291e+01  -3.0110874e+01
   1.9440000e+02  -2.1990291e+01   2.2729126e+01
   1.9450000e+02  -3.1990291e+01  -2.8708738e+00
   1.9460000e+02  -5.3990291e+01   1.4009126e+01
   1.9470000e+02  -7.4990291e+01  -2.9150874e+01
   1.9480000e+02   2.0097087e+00  -8.2308738e+00
   1.9490000e+02  -5.9990291e+01  -4.9750874e+01
   1.9500000e+02  -4.8990291e+01   7.8091262e+00
   1.9510000e+02  -2.4990291e+01  -6.1150874e+01
   1.9520000e+02  -2.2990291e+01   2.7769126e+01
   1.9530000e+02   3.7009709e+01   3.0369126e+01
   1.9540000e+02  -3.7990291e+01  -2.2630874e+01
   1.9550000e+02  -4.8990291e+01  -1.7190874e+01
   1.9560000e+02  -9.9029126e-01  -4.1110874e+01
   1.9570000e+02  -3.4990291e+01  -1.8750874e+01
   1.9580000e+02  -1.6990291e+01  -1.6470874e+01
   1.9590000e+02  -8.5990291e+01  -4.5710874e+01
   1.9600000e+02  -8.5990291e+01   8.2289126e+01
   1.9610000e+02  -5.5990291e+01   5.5089126e+01
   1.9620000e+02  -6.9990291e+01   6.4649126e+01
   1.9630000e+02  -2.7990291e+01   6.6969126e+01
   1.9640000e+02  -1.3399029e+02   2.0209126e+01
   1.9650000e+02  -1.2990291e+01  -7.6308738e+00
   1.9660000e+02  -4.8990291e+01  -1.1190874e+01
   1.9670000e+02  -8.4990291e+01   3.3249126e+01
   1.9680000e+02   8.9009709e+01   4.9289126e+01
   1.9690000e+02  -3.3990291e+01   7.2091262e+00
   1.9700000e+02  -1.9902913e+00  -2.8070874e+01
   1.9710000e+02  -1.6990291e+01   3.5291262e+00
   1.9720000e+02   1.3009709e+01  -1.6670874e+01
   1.9730000e+02  -7.0990291e+01  -7.5310874e+01
   1.9740000e+02   1.0500971e+02  -2.0350874e+01
   1.9750000e+02  -7.1990291e+01   4.7729126e+01
   1.9760000e+02   7.7009709e+01  -5.3230874e+01
   1.9770000e+02  -4.9902913e+00  -1.9508738e+00
   1.9780000e+02   1.7009709e+01   6.3169126e+01
   1.9790000e+02  -4.0990291e+01   7.1489126e+01
   1.9800000e+02   1.3000971e+02  -2.2350874e+01
   1.9810000e+02  -9.9902913e+00  -2.3750874e+01
   1.9820000e+02  -7.9902913e+00  -3.7830874e+01
   1.9830000e+02  -2.8990291e+01  -1.4990874e+01
   1.9840000e+02  -3.1990291e+01  -8.7087379e-01
   1.9850000e+02   9.6009709e+01  -8.1990874e+01
   1.9860000e+02   1.3000971e+02  -4.3350874e+01
   1.9870000e+02  -4.7990291e+01   1.2769126e+01
   1.9880000e+02   8.3009709e+01  -1.4470874e+01
   1.9890000e+02  -2.1990291e+01   2.3729126e+01
   1.9900000e+02   6.0009709e+01  -2.0550874e+01
   1.9910000e+02  -9.2990291e+01  -1.5430874e+01
   1.9920000e+02   1.0097087e+00  -2.7190874e+01
   1.9930000e+02  -2.3990291e+01   1.5809126e+01
   1.9940000e+02   9.3009709e+01  -4.7870874e+01
   1.9950000e+02  -8.9902913e+00  -1.1790874e+01
   1.9960000e+02  -4.1990291e+01  -6.3470874e+01
   1.9970000e+02   4.0097087e+00   3.1689126e+01
   1.9980000e+02  -2.9902913e+00   1.3969126e+01
   1.9990000e+02   1.6000971e+02  -4.2550874e+01
