   0.0000000e+00   2.1809265e+02   5.5802765e+01
   1.0000000e-01   3.4909265e+02  -2.5437235e+01
   2.0000000e-01   1.8809265e+02   4.9002765e+01
   3.0000000e-01   2.1509265e+02   7.2922765e+01
   4.0000000e-01   2.5109265e+02   5.1482765e+01
   5.0000000e-01   2.3509265e+02   4.8122765e+01
   6.0000000e-01   2.6609265e+02   8.8882765e+01
   7.0000000e-01   1.6609265e+02   3.9882765e+01
   8.0000000e-01   3.4009265e+02   3.3922765e+01
   9.0000000e-01   2.1909265e+02   6.1762765e+01
   1.0000000e+00   2.6209265e+02   1.0804276e+02
   1.1000000e+00   2.5209265e+02   8.1442765e+01
   1.2000000e+00   1.9109265e+02   7.5882765e+01
   1.3000000e+00   2.4509265e+02   1.4972276e+02
   1.4000000e+00   3.1909265e+02   6.6762765e+01
   1.5000000e+00   1.8409265e+02   7.9162765e+01
   1.6000000e+00   2.6409265e+02   2.6962765e+01
   1.7000000e+00   2.0609265e+02   5.5282765e+01
   1.8000000e+00   1.7609265e+02   3.2482765e+01
   1.9000000e+00   2.5509265e+02   8.8322765e+01
   2.0000000e+00   2.5509265e+02   5.1322765e+01
   2.1000000e+00   3.9709265e+02   9.8642765e+01
   2.2000000e+00   2.7409265e+02   6.0562765e+01
   2.3000000e+00   2.5709265e+02   6.3242765e+01
   2.4000000e+00   1.0909265e+02   2.2162765e+01
   2.5000000e+00   6.9092647e+01   7.4762765e+01
   2.6000000e+00   2.3609265e+02   5.9082765e+01
   2.7000000e+00   2.4009265e+02   4.2922765e+01
   2.8000000e+00   1.6709265e+02   3.0842765e+01
   2.9000000e+00   1.1009265e+02   3.4122765e+01
   3.0000000e+00   1.6709265e+02   4.8427647e+00
   3.1000000e+00   2.7909265e+02   9.2362765e+01
   3.2000000e+00   3.1409265e+02   2.0962765e+01
   3.3000000e+00   4.6109265e+02   6.5082765e+01
   3.4000000e+00   2.5409265e+02   2.2436276e+02
   3.5000000e+00   2.7209265e+02   5.0642765e+01
   3.6000000e+00   2.2909265e+02  -1.7637235e+01
   3.7000000e+00   4.2609265e+02   1.5482765e+01
   3.8000000e+00   2.4909265e+02   8.1562765e+01
   3.9000000e+00   1.3009265e+02   3.2322765e+01
   4.0000000e+00   1.7209265e+02   1.2464276e+02
   4.1000000e+00   1.6309265e+02   6.7002765e+01
   4.2000000e+00   2.7509265e+02   6.6522765e+01
   4.3000000e+00   2.5709265e+02   7.3242765e+01
   4.4000000e+00   3.7309265e+02  -3.3972353e+00
   4.5000000e+00   1.7009265e+02  -1.1277235e+01
   4.6000000e+00   2.4309265e+02   5.4802765e+01
   4.7000000e+00   1.1809265e+02   4.2802765e+01
   4.8000000e+00   1.4509265e+02   7.2722765e+01
   4.9000000e+00   2.7809265e+02   3.9402765e+01
   5.0000000e+00   1.7709265e+02   8.2442765e+01
   5.1000000e+00   1.4209265e+02   3.9842765e+01
   5.2000000e+00   2.1709265e+02   8.3842765e+01
   5.3000000e+00   1.6509265e+02   1.5922765e+01
   5.4000000e+00   1.1609265e+02   6.5882765e+01
   5.5000000e+00   1.6909265e+02   7.1762765e+01
   5.6000000e+00   1.9209265e+02   4.7842765e+01
   5.7000000e+00   2.2709265e+02   3.6442765e+01
   5.8000000e+00   1.9209265e+02   2.8842765e+01
   5.9000000e+00   2.4409265e+02   3.6762765e+01
   6.0000000e+00   2.1109265e+02   3.8082765e+01
   6.1000000e+00   4.7092647e+01   5.6427647e+00
   6.2000000e+00   2.1509265e+02  -8.0772353e+00
   6.3000000e+00   2.0809265e+02   3.2027647e+00
   6.4000000e+00   1.5209265e+02   7.6442765e+01
   6.5000000e+00   1.9609265e+02   8.4682765e+01
   6.6000000e+00   1.9009265e+02   2.7922765e+01
   6.7000000e+00   2.7309265e+02   1.5602765e+01
   6.8000000e+00   2.1309265e+02   5.0027647e+00
   6.9000000e+00   2.5209265e+02   1.2444276e+02
   7.0000000e+00   6.7092647e+01  -1.8157235e+01
   7.1000000e+00   1.4509265e+02   7.7722765e+01
   7.2000000e+00   2.3092647e+01   1.3760276e+02
   7.3000000e+00   2.1409265e+02   9.9627647e+00
   7.4000000e+00   2.4209265e+02   4.9842765e+01
   7.5000000e+00   2.0209265e+02   1.9644276e+02
   7.6000000e+00   2.8109265e+02   1.1628276e+02
   7.7000000e+00   2.4909265e+02  -5.4372353e+00
   7.8000000e+00   2.3309265e+02   1.0120276e+02
   7.9000000e+00   3.4209265e+02   9.8427647e+00
   8.0000000e+00   3.9309265e+02   5.1802765e+01
   8.1000000e+00   2.1609265e+02   1.2588276e+02
   8.2000000e+00   2.4092647e+01   1.4156276e+02
   8.3000000e+00   2.7609265e+02   6.3482765e+01
   8.4000000e+00   4.0409265e+02   1.0636276e+02
   8.5000000e+00   1.1709265e+02   2.6842765e+01
   8.6000000e+00   2.8109265e+02   8.6282765e+01
   8.7000000e+00   2.2609265e+02   2.6482765e+01
   8.8000000e+00   9.5092647e+01   7.4722765e+01
   8.9000000e+00   1.4709265e+02  -2.3572353e+00
   9.0000000e+00   1.8509265e+02   5.2122765e+01
   9.1000000e+00   2.3009265e+02   4.1322765e+01
   9.2000000e+00   2.2709265e+02   5.2442765e+01
   9.3000000e+00   1.2509265e+02   1.0652276e+02
   9.4000000e+00   1.4909265e+02   7.1562765e+01
   9.5000000e+00   1.6809265e+02   4.1802765e+01
   9.6000000e+00   1.4209265e+02   4.1842765e+01
   9.7000000e+00   3.3209265e+02  -1.5757235e+01
   9.8000000e+00   1.7609265e+02   8.7482765e+01
   9.9000000e+00   1.4109265e+02   5.5882765e+01
   1.0000000e+01   1.1709265e+02   4.8842765e+01
   1.0100000e+01   3.3409265e+02   1.3816276e+02
   1.0200000e+01   1.6209265e+02   5.5042765e+01
   1.0300000e+01   3.5309265e+02   1.0640276e+02
   1.0400000e+01   2.3009265e+02   6.3322765e+01
   1.0500000e+01   2.8109265e+02   5.3282765e+01
   1.0600000e+01   2.9109265e+02   4.2882765e+01
   1.0700000e+01   9.0926471e+00   9.6162765e+01
   1.0800000e+01   1.9809265e+02   4.6027647e+00
   1.0900000e+01   3.8709265e+02   1.7704276e+02
   1.1000000e+01   1.8509265e+02   4.5122765e+01
   1.1100000e+01   2.1109265e+02   7.9082765e+01
   1.1200000e+01   8.3092647e+01   5.2202765e+01
   1.1300000e+01   3.9409265e+02   7.6276471e-01
   1.1400000e+01   2.0009265e+02   8.5227647e+00
   1.1500000e+01   1.6909265e+02   9.7627647e+00
   1.1600000e+01   1.7009265e+02   6.0722765e+01
   1.1700000e+01   1.4809265e+02   9.0602765e+01
   1.1800000e+01   1.8409265e+02   5.3162765e+01
   1.1900000e+01   1.2409265e+02   8.9562765e+01
   1.2000000e+01   2.4109265e+02   4.3882765e+01
   1.2100000e+01   1.2709265e+02   7.3442765e+01
   1.2200000e+01   1.4309265e+02  -6.1972353e+00
   1.2300000e+01   2.7109265e+02   2.3682765e+01
   1.2400000e+01   2.4309265e+02   7.0802765e+01
   1.2500000e+01   1.9009265e+02  -9.0772353e+00
   1.2600000e+01   4.2909265e+02  -2.5637235e+01
   1.2700000e+01   2.1509265e+02   8.2922765e+01
   1.2800000e+01   2.4709265e+02   7.7642765e+01
   1.2900000e+01   1.1809265e+02   7.6802765e+01
   1.3000000e+01   1.4709265e+02   7.7642765e+01
   1.3100000e+01   1.3709265e+02   5.8042765e+01
   1.3200000e+01   3.0909265e+02   5.9162765e+01
   1.3300000e+01   2.9709265e+02   8.7642765e+01
   1.3400000e+01   2.0409265e+02   3.9362765e+01
   1.3500000e+01   2.4609265e+02   2.6827647e+00
   1.3600000e+01   1.9109265e+02   4.1882765e+01
   1.3700000e+01   1.7009265e+02   8.0722765e+01
   1.3800000e+01   1.7609265e+02   7.4827647e+00
   1.3900000e+01   2.6809265e+02   1.3802765e+01
   1.4000000e+01   1.4409265e+02   1.5762765e+01
   1.4100000e+01   1.8709265e+02   2.9042765e+01
   1.4200000e+01   2.7309265e+02   9.7602765e+01
   1.4300000e+01   1.7909265e+02   3.3362765e+01
   1.4400000e+01   2.1409265e+02   4.4962765e+01
   1.4500000e+01   1.6309265e+02   5.5002765e+01
   1.4600000e+01   1.9109265e+02   7.5882765e+01
   1.4700000e+01   2.9809265e+02   2.4602765e+01
   1.4800000e+01   2.2609265e+02   1.1482765e+01
   1.4900000e+01   2.1092647e+01   1.5068276e+02
   1.5000000e+01   2.4209265e+02  -1.1572353e+00
   1.5100000e+01   4.4809265e+02   3.2602765e+01
   1.5200000e+01   1.8309265e+02   3.9202765e+01
   1.5300000e+01   1.3809265e+02  -9.9723529e-01
   1.5400000e+01   2.7609265e+02   7.7482765e+01
   1.5500000e+01   1.2809265e+02   9.0402765e+01
   1.5600000e+01   2.2109265e+02   5.6827647e+00
   1.5700000e+01   9.9092647e+01   3.3562765e+01
   1.5800000e+01   2.7809265e+02   8.3402765e+01
   1.5900000e+01   1.9009265e+02  -1.0772353e+00
   1.6000000e+01   3.2009265e+02   3.3722765e+01
   1.6100000e+01   2.1909265e+02   8.6762765e+01
   1.6200000e+01   1.1709265e+02   7.6842765e+01
   1.6300000e+01   2.7009265e+02   3.5722765e+01
   1.6400000e+01   1.8409265e+02   1.1316276e+02
   1.6500000e+01   7.1092647e+01   2.9682765e+01
   1.6600000e+01   2.7609265e+02   4.3482765e+01
   1.6700000e+01   2.4109265e+02   1.7882765e+01
   1.6800000e+01   2.8709265e+02   5.3042765e+01
   1.6900000e+01   1.9109265e+02  -1.8117235e+01
   1.7000000e+01   1.1809265e+02   2.0802765e+01
   1.7100000e+01   2.3409265e+02   7.8162765e+01
   1.7200000e+01   1.6509265e+02   1.2592276e+02
   1.7300000e+01   1.2409265e+02   8.0562765e+01
   1.7400000e+01   3.5109265e+02   8.6482765e+01
   1.7500000e+01   9.9092647e+01   7.6562765e+01
   1.7600000e+01   2.0409265e+02   7.5362765e+01
   1.7700000e+01   1.7409265e+02   9.0562765e+01
   1.7800000e+01   1.7309265e+02   4.7602765e+01
   1.7900000e+01   1.4709265e+02   5.2642765e+01
   1.8000000e+01   2.1809265e+02   9.3802765e+01
   1.8100000e+01   2.2009265e+02   1.2722765e+01
   1.8200000e+01   1.9109265e+02   5.0882765e+01
   1.8300000e+01   2.4509265e+02  -1.6277235e+01
   1.8400000e+01   2.3809265e+02   1.1200276e+02
   1.8500000e+01   3.0909265e+02   2.5162765e+01
   1.8600000e+01   2.0809265e+02   3.4202765e+01
   1.8700000e+01   1.8509265e+02   6.8122765e+01
   1.8800000e+01   2.5209265e+02   2.4442765e+01
   1.8900000e+01   1.5009265e+02  -3.4772353e+00
   1.9000000e+01   1.8209265e+02   4.5242765e+01
   1.9100000e+01   2.3609265e+02   3.7082765e+01
   1.9200000e+01   3.1909265e+02   5.2762765e+01
   1.9300000e+01   3.1309265e+02   1.1000276e+02
   1.9400000e+01   2.4409265e+02   9.3762765e+01
   1.9500000e+01   2.6209265e+02   1.1042765e+01
   1.9600000e+01   1.7509265e+02  -2.4772353e+00
   1.9700000e+01   1.4009265e+02   8.9227647e+00
   1.9800000e+01   1.8509265e+02   5.3122765e+01
   1.9900000e+01   1.4909265e+02   1.3256276e+02
   2.0000000e+01   1.0609265e+02   2.0282765e+01
   2.0100000e+01   1.2309265e+02   6.7602765e+01
   2.0200000e+01   1.9809265e+02   1.2560276e+02
   2.0300000e+01   1.6409265e+02   1.2996276e+02
   2.0400000e+01   3.6209265e+02   1.1042765e+01
   2.0500000e+01   1.2509265e+02   8.0522765e+01
   2.0600000e+01   1.8909265e+02   3.8962765e+01
   2.0700000e+01   1.1709265e+02   1.6084276e+02
   2.0800000e+01   2.1209265e+02  -7.9572353e+00
   2.0900000e+01   2.4309265e+02   6.6802765e+01
   2.1000000e+01   3.2709265e+02   3.4427647e+00
   2.1100000e+01   9.6092647e+01   3.3682765e+01
   2.1200000e+01   1.7809265e+02   9.2402765e+01
   2.1300000e+01   1.3209265e+02   6.8242765e+01
   2.1400000e+01   1.5609265e+02   4.5282765e+01
   2.1500000e+01   2.4209265e+02   1.0284276e+02
   2.1600000e+01   2.5409265e+02   6.3362765e+01
   2.1700000e+01   1.5109265e+02   4.9482765e+01
   2.1800000e+01   2.2909265e+02   5.3362765e+01
   2.1900000e+01   2.3509265e+02   3.9122765e+01
   2.2000000e+01   1.1709265e+02   9.4842765e+01
   2.2100000e+01   9.9092647e+01   4.9562765e+01
   2.2200000e+01   2.4509265e+02   8.6722765e+01
   2.2300000e+01   2.7109265e+02   1.3668276e+02
   2.2400000e+01   2.8009265e+02   2.6322765e+01
   2.2500000e+01   2.3109265e+02   1.4282765e+01
   2.2600000e+01   3.0409265e+02   3.6362765e+01
   2.2700000e+01   1.1509265e+02   3.7922765e+01
   2.2800000e+01   2.1009265e+02   1.2412276e+02
   2.2900000e+01   1.2209265e+02   5.7642765e+01
   2.3000000e+01   1.1809265e+02   1.4780276e+02
   2.3100000e+01   1.7709265e+02  -2.1557235e+01
   2.3200000e+01   2.4209265e+02   4.6842765e+01
   2.3300000e+01   1.8709265e+02   5.8042765e+01
   2.3400000e+01   1.8709265e+02   7.3042765e+01
   2.3500000e+01   1.3809265e+02   1.0100276e+02
   2.3600000e+01   2.1609265e+02   1.0188276e+02
   2.3700000e+01   2.4009265e+02   7.4922765e+01
   2.3800000e+01   2.4509265e+02   8.3722765e+01
   2.3900000e+01   1.1309265e+02   6.3002765e+01
   2.4000000e+01   1.9209265e+02   9.7842765e+01
   2.4100000e+01   1.8309265e+02   1.2520276e+02
   2.4200000e+01   2.4409265e+02   3.4762765e+01
   2.4300000e+01   2.8709265e+02   5.2042765e+01
   2.4400000e+01   3.2209265e+02   9.3642765e+01
   2.4500000e+01   2.3509265e+02  -6.8772353e+00
   2.4600000e+01   2.2709265e+02   4.8442765e+01
   2.4700000e+01   2.8509265e+02   3.4122765e+01
   2.4800000e+01   2.0009265e+02   4.1522765e+01
   2.4900000e+01   2.1209265e+02  -1.1957235e+01
   2.5000000e+01   1.1109265e+02   1.0082765e+01
   2.5100000e+01   3.4309265e+02  -3.0197235e+01
   2.5200000e+01   2.8309265e+02   2.5202765e+01
   2.5300000e+01   5.0409265e+02  -1.6372353e+00
   2.5400000e+01   1.1609265e+02   3.1882765e+01
   2.5500000e+01   1.6809265e+02  -1.5197235e+01
   2.5600000e+01   2.3109265e+02  -5.9717235e+01
   2.5700000e+01   1.5009265e+02  -9.4772353e+00
   2.5800000e+01   2.4109265e+02  -1.4117235e+01
   2.5900000e+01   1.4309265e+02   3.9802765e+01
   2.6000000e+01   1.9809265e+02   7.3602765e+01
   2.6100000e+01   1.2709265e+02   4.4427647e+00
   2.6200000e+01   3.4209265e+02  -4.3157235e+01
   2.6300000e+01   1.9609265e+02   5.6827647e+00
   2.6400000e+01   2.1209265e+02   2.2042765e+01
   2.6500000e+01   2.0309265e+02  -9.5972353e+00
   2.6600000e+01   1.6609265e+02   1.8827647e+00
   2.6700000e+01   1.6009265e+02  -1.3877235e+01
   2.6800000e+01   2.0509265e+02   5.4322765e+01
   2.6900000e+01   1.2209265e+02   1.4642765e+01
   2.7000000e+01   2.1709265e+02  -2.3157235e+01
   2.7100000e+01   2.9809265e+02  -9.3972353e+00
   2.7200000e+01   2.1309265e+02   3.7002765e+01
   2.7300000e+01   2.4109265e+02   5.8827647e+00
   2.7400000e+01   2.7609265e+02  -3.8517235e+01
   2.7500000e+01   2.6909265e+02  -9.2372353e+00
   2.7600000e+01   2.0609265e+02   5.2282765e+01
   2.7700000e+01   2.3409265e+02   6.4162765e+01
   2.7800000e+01   1.0409265e+02   4.6362765e+01
   2.7900000e+01   2.3909265e+02   3.9627647e+00
   2.8000000e+01   2.7009265e+02   1.6722765e+01
   2.8100000e+01   2.4309265e+02   7.8027647e+00
   2.8200000e+01   1.9309265e+02   2.3802765e+01
   2.8300000e+01   2.1909265e+02   3.7627647e+00
   2.8400000e+01   3.1009265e+02  -1.7877235e+01
   2.8500000e+01   2.6509265e+02  -4.0077235e+01
   2.8600000e+01   1.8809265e+02   7.7002765e+01
   2.8700000e+01   2.2509265e+02   4.8522765e+01
   2.8800000e+01   2.7409265e+02  -5.2437235e+01
   2.8900000e+01   2.7109265e+02   5.8682765e+01
   2.9000000e+01   1.0409265e+02   9.3627647e+00
   2.9100000e+01   2.1909265e+02   2.5762765e+01
   2.9200000e+01   9.8092647e+01  -5.3972353e+00
   2.9300000e+01   1.6609265e+02   8.3882765e+01
   2.9400000e+01   2.2109265e+02   6.1682765e+01
   2.9500000e+01   1.3209265e+02  -6.3757235e+01
   2.9600000e+01   1.4809265e+02  -1.8397235e+01
   2.9700000e+01   1.5609265e+02   1.2827647e+00
   2.9800000e+01   1.2009265e+02   1.1772276e+02
   2.9900000e+01   1.6109265e+02   9.0827647e+00
   3.0000000e+01   2.6009265e+02   4.7122765e+01
   3.0100000e+01   1.7709265e+02  -9.5572353e+00
   3.0200000e+01   3.0009265e+02  -1.6477235e+01
   3.0300000e+01   2.1509265e+02   2.7922765e+01
   3.0400000e+01   2.8909265e+02   3.7962765e+01
   3.0500000e+01   2.2709265e+02  -8.5572353e+00
   3.0600000e+01   1.8409265e+02   2.9162765e+01
   3.0700000e+01   3.4709265e+02  -2.8357235e+01
   3.0800000e+01   1.3309265e+02   5.0202765e+01
   3.0900000e+01   1.1109265e+02  -9.1723529e-01
   3.1000000e+01   3.0309265e+02  -8.5972353e+00
   3.1100000e+01   9.1092647e+01   3.9882765e+01
   3.1200000e+01   3.3309265e+02   3.1202765e+01
   3.1300000e+01   2.8309265e+02   1.7202765e+01
   3.1400000e+01   2.7109265e+02   1.6827647e+00
   3.1500000e+01   2.8009265e+02   1.4322765e+01
   3.1600000e+01   4.8092647e+01   1.1460276e+02
   3.1700000e+01   1.3509265e+02   2.1227647e+00
   3.1800000e+01   1.9609265e+02  -7.3172353e+00
   3.1900000e+01   8.4092647e+01   5.1162765e+01
   3.2000000e+01   1.8409265e+02   5.5162765e+01
   3.2100000e+01   1.8509265e+02  -2.8877235e+01
   3.2200000e+01   1.6509265e+02   8.9227647e+00
   3.2300000e+01   1.5709265e+02   7.2427647e+00
   3.2400000e+01   1.9909265e+02  -1.1437235e+01
   3.2500000e+01   1.3909265e+02   2.9627647e+00
   3.2600000e+01   1.0409265e+02  -2.0637235e+01
   3.2700000e+01   1.4909265e+02  -6.4372353e+00
   3.2800000e+01   3.5309265e+02  -1.0597235e+01
   3.2900000e+01   1.9309265e+02   2.9802765e+01
   3.3000000e+01   1.1809265e+02  -1.1972353e+00
   3.3100000e+01   1.1809265e+02   5.9802765e+01
   3.3200000e+01   2.5609265e+02   2.2282765e+01
   3.3300000e+01   2.0509265e+02   6.3322765e+01
   3.3400000e+01   1.2109265e+02   5.6827647e+00
   3.3500000e+01   1.1209265e+02   6.0427647e+00
   3.3600000e+01   2.1409265e+02  -1.0037235e+01
   3.3700000e+01   1.2209265e+02  -2.6357235e+01
   3.3800000e+01   2.5709265e+02   1.4242765e+01
   3.3900000e+01   3.1109265e+02  -2.8917235e+01
   3.4000000e+01   3.1109265e+02  -3.9172353e+00
   3.4100000e+01   2.1109265e+02   5.4082765e+01
   3.4200000e+01   3.0009265e+02  -2.3477235e+01
   3.4300000e+01   2.2109265e+02   7.7682765e+01
   3.4400000e+01   2.1909265e+02   9.8762765e+01
   3.4500000e+01   1.4209265e+02   1.8427647e+00
   3.4600000e+01   2.2409265e+02  -2.9437235e+01
   3.4700000e+01   1.4409265e+02   5.2762765e+01
   3.4800000e+01   1.0609265e+02   3.2282765e+01
   3.4900000e+01   3.1609265e+02  -3.3117235e+01
   3.5000000e+01   1.4409265e+02  -1.9237235e+01
   3.5100000e+01   1.9709265e+02   2.2642765e+01
   3.5200000e+01   1.1609265e+02   1.0882765e+01
   3.5300000e+01   4.1509265e+02   9.2276471e-01
   3.5400000e+01   1.4409265e+02  -6.2372353e+00
   3.5500000e+01   2.2709265e+02  -8.5572353e+00
   3.5600000e+01   1.0209265e+02  -2.9557235e+01
   3.5700000e+01   1.0609265e+02   3.2282765e+01
   3.5800000e+01   9.2092647e+01   1.4842765e+01
   3.5900000e+01   1.6909265e+02  -1.2372353e+00
   3.6000000e+01   2.1909265e+02   2.7762765e+01
   3.6100000e+01   3.0809265e+02  -1.7972353e+00
   3.6200000e+01   2.8509265e+02   1.3212276e+02
   3.6300000e+01   3.1109265e+02  -4.5917235e+01
   3.6400000e+01   2.4409265e+02   1.8762765e+01
   3.6500000e+01   3.5709265e+02  -2.7572353e+00
   3.6600000e+01   2.8409265e+02   1.7162765e+01
   3.6700000e+01   1.9009265e+02   3.1922765e+01
   3.6800000e+01   2.0809265e+02  -3.8797235e+01
   3.6900000e+01   1.1609265e+02   8.8827647e+00
   3.7000000e+01   1.3909265e+02   2.1962765e+01
   3.7100000e+01   1.1709265e+02  -2.9157235e+01
   3.7200000e+01   2.3109265e+02   2.2282765e+01
   3.7300000e+01   1.7009265e+02   1.4722765e+01
   3.7400000e+01   1.9609265e+02  -1.0317235e+01
   3.7500000e+01   1.8609265e+02   2.1082765e+01
   3.7600000e+01   2.6209265e+02   5.1042765e+01
   3.7700000e+01   1.9209265e+02   3.8427647e+00
   3.7800000e+01   1.0909265e+02  -1.2837235e+01
   3.7900000e+01   2.1709265e+02   1.0984276e+02
   3.8000000e+01   2.5109265e+02   1.4482765e+01
   3.8100000e+01   2.0209265e+02   2.9442765e+01
   3.8200000e+01   2.6509265e+02   1.3922765e+01
   3.8300000e+01   2.3009265e+02   5.3227647e+00
   3.8400000e+01   3.1909265e+02   4.6762765e+01
   3.8500000e+01   3.4609265e+02  -1.8317235e+01
   3.8600000e+01   1.7709265e+02   1.6442765e+01
   3.8700000e+01   1.3709265e+02   1.6042765e+01
   3.8800000e+01   3.1709265e+02  -3.8157235e+01
   3.8900000e+01   2.8909265e+02  -3.7235294e-02
   3.9000000e+01   2.7409265e+02   2.6562765e+01
   3.9100000e+01   2.6409265e+02   2.1962765e+01
   3.9200000e+01   2.6209265e+02   1.0042765e+01
   3.9300000e+01   2.8309265e+02  -4.7972353e+00
   3.9400000e+01   1.5409265e+02   1.2336276e+02
   3.9500000e+01   3.3209265e+02  -4.9757235e+01
   3.9600000e+01   1.7009265e+02   1.7227647e+00
   3.9700000e+01   1.5809265e+02  -2.7972353e+00
   3.9800000e+01   2.7309265e+02   1.0602765e+01
   3.9900000e+01   1.1809265e+02   9.4802765e+01
   4.0000000e+01   1.5509265e+02  -2.3677235e+01
   4.0100000e+01   1.6509265e+02   4.5922765e+01
   4.0200000e+01   1.1209265e+02  -5.9572353e+00
   4.0300000e+01   2.0409265e+02  -3.2637235e+01
   4.0400000e+01   1.3509265e+02   3.3122765e+01
   4.0500000e+01   2.2009265e+02  -2.2277235e+01
   4.0600000e+01   2.0309265e+02   4.8402765e+01
   4.0700000e+01   1.8909265e+02   4.2962765e+01
   4.0800000e+01   2.2209265e+02  -2.3357235e+01
   4.0900000e+01   3.4009265e+02   4.7922765e+01
   4.1000000e+01   2.1309265e+02  -1.1997235e+01
   4.1100000e+01   1.8009265e+02   3.1322765e+01
   4.1200000e+01   1.1409265e+02   7.8962765e+01
   4.1300000e+01   1.9109265e+02  -4.9117235e+01
   4.1400000e+01   3.3309265e+02   9.3202765e+01
   4.1500000e+01   1.9309265e+02   2.4802765e+01
   4.1600000e+01   2.5609265e+02   9.2827647e+00
   4.1700000e+01   1.2209265e+02  -4.8357235e+01
   4.1800000e+01   1.8109265e+02   4.3282765e+01
   4.1900000e+01   2.0009265e+02   1.9522765e+01
   4.2000000e+01   8.1092647e+01   4.2282765e+01
   4.2100000e+01   1.0709265e+02   1.9242765e+01
   4.2200000e+01   1.2909265e+02   6.4362765e+01
   4.2300000e+01   2.5909265e+02  -1.9837235e+01
   4.2400000e+01  -9.9073529e+00   3.0922765e+01
   4.2500000e+01   2.1009265e+02  -1.2877235e+01
   4.2600000e+01   4.7409265e+02  -2.0437235e+01
   4.2700000e+01   2.7009265e+02  -5.3277235e+01
   4.2800000e+01   1.7809265e+02   1.7402765e+01
   4.2900000e+01   2.0809265e+02   3.2027647e+00
   4.3000000e+01   1.4509265e+02   1.9722765e+01
   4.3100000e+01   7.2092647e+01   1.9642765e+01
   4.3200000e+01   1.5609265e+02  -1.1717235e+01
   4.3300000e+01   1.7509265e+02   4.5522765e+01
   4.3400000e+01   2.0909265e+02   4.3162765e+01
   4.3500000e+01   1.0509265e+02   1.3322765e+01
   4.3600000e+01   3.1809265e+02  -2.0197235e+01
   4.3700000e+01   1.7809265e+02   3.5402765e+01
   4.3800000e+01   2.9509265e+02  -1.4277235e+01
   4.3900000e+01   3.4092647e+01  -3.2837235e+01
   4.4000000e+01   2.4909265e+02  -6.4372353e+00
   4.4100000e+01   2.4009265e+02  -2.9077235e+01
   4.4200000e+01   1.7809265e+02  -5.4597235e+01
   4.4300000e+01   2.4309265e+02  -7.1972353e+00
   4.4400000e+01   2.5609265e+02  -6.7172353e+00
   4.4500000e+01   1.0009265e+02  -3.0477235e+01
   4.4600000e+01  -2.8907353e+01  -5.1317235e+01
   4.4700000e+01   6.1092647e+01   3.6082765e+01
   4.4800000e+01   7.6092647e+01   2.4827647e+00
   4.4900000e+01  -9.9073529e+00  -2.1077235e+01
   4.5000000e+01  -3.8907353e+01  -1.2917235e+01
   4.5100000e+01  -3.4907353e+01   6.2922765e+01
   4.5200000e+01   5.1092647e+01  -2.5517235e+01
   4.5300000e+01   6.8092647e+01   6.4802765e+01
   4.5400000e+01  -1.1907353e+01  -4.9972353e+00
   4.5500000e+01   2.6092647e+01   1.6482765e+01
   4.5600000e+01   6.6092647e+01   7.8827647e+00
   4.5700000e+01   1.2409265e+02   2.8562765e+01
   4.5800000e+01   7.0926471e+00   1.0124276e+02
   4.5900000e+01   5.2092647e+01   8.2442765e+01
   4.6000000e+01   1.5092647e+01   2.2922765e+01
   4.6100000e+01   3.6092647e+01   5.4082765e+01
   4.6200000e+01   7.0926471e+00  -3.1757235e+01
   4.6300000e+01   1.2092647e+01   4.9042765e+01
   4.6400000e+01  -2.4907353e+01   1.4152276e+02
   4.6500000e+01   6.5092647e+01  -5.0772353e+00
   4.6600000e+01   3.0092647e+01   4.3227647e+00
   4.6700000e+01   8.3092647e+01  -2.8797235e+01
   4.6800000e+01  -1.1907353e+01  -2.9972353e+00
   4.6900000e+01  -5.2907353e+01   3.5642765e+01
   4.7000000e+01  -2.0907353e+01   4.3627647e+00
   4.7100000e+01   1.2109265e+02   2.7682765e+01
   4.7200000e+01   1.5409265e+02   3.3627647e+00
   4.7300000e+01   1.4092647e+01  -7.0372353e+00
   4.7400000e+01   2.6092647e+01  -1.9517235e+01
   4.7500000e+01  -1.9073529e+00   3.3602765e+01
   4.7600000e+01   3.0092647e+01   4.2322765e+01
   4.7700000e+01  -4.0907353e+01   9.1627647e+00
   4.7800000e+01  -1.1090735e+02   1.9627647e+00
   4.7900000e+01   1.3409265e+02   1.9162765e+01
   4.8000000e+01  -4.7907353e+01   4.0442765e+01
   4.8100000e+01   2.2092647e+01   6.6427647e+00
   4.8200000e+01   1.8092647e+01  -2.2197235e+01
   4.8300000e+01   4.6092647e+01   1.9682765e+01
   4.8400000e+01   9.2092647e+01   4.8427647e+00
   4.8500000e+01  -3.5907353e+01  -1.8037235e+01
   4.8600000e+01  -7.0907353e+01  -1.6372353e+00
   4.8700000e+01   6.7092647e+01  -2.1572353e+00
   4.8800000e+01   7.1092647e+01  -7.3172353e+00
   4.8900000e+01  -3.7907353e+01   2.5042765e+01
   4.9000000e+01   2.0926471e+00   4.6442765e+01
   4.9100000e+01  -5.4907353e+01   4.5722765e+01
   4.9200000e+01   1.7092647e+01   3.0842765e+01
   4.9300000e+01  -5.1907353e+01  -7.3972353e+00
   4.9400000e+01  -5.0907353e+01  -8.4372353e+00
   4.9500000e+01  -4.3907353e+01   1.2282765e+01
   4.9600000e+01   2.0926471e+00  -5.5723529e-01
   4.9700000e+01   4.3092647e+01  -1.6197235e+01
   4.9800000e+01   1.4609265e+02  -3.7317235e+01
   4.9900000e+01  -8.2907353e+01  -1.5157235e+01
   5.0000000e+01   2.0926471e+00   4.1442765e+01
   5.0100000e+01  -8.9073529e+00   1.8882765e+01
   5.0200000e+01   8.0926471e+00   9.2027647e+00
   5.0300000e+01   9.7092647e+01  -1.3357235e+01
   5.0400000e+01  -3.0907353e+01  -2.1237235e+01
   5.0500000e+01  -3.7907353e+01  -4.3957235e+01
   5.0600000e+01   1.8092647e+01  -1.1197235e+01
   5.0700000e+01  -1.8907353e+01   9.2827647e+00
   5.0800000e+01  -1.0090735e+02   3.2562765e+01
   5.0900000e+01  -7.8907353e+01   7.1682765e+01
   5.1000000e+01  -8.3907353e+01   1.6882765e+01
   5.1100000e+01  -9.9073529e+00   3.9227647e+00
   5.1200000e+01   8.0926471e+00  -9.7972353e+00
   5.1300000e+01  -2.5907353e+01  -3.3437235e+01
   5.1400000e+01   6.7092647e+01  -8.1572353e+00
   5.1500000e+01   1.2092647e+01  -8.9572353e+00
   5.1600000e+01   2.9092647e+01  -1.0637235e+01
   5.1700000e+01   1.2092647e+01   5.9042765e+01
   5.1800000e+01  -1.6907353e+01  -1.8797235e+01
   5.1900000e+01  -4.8907353e+01   3.6482765e+01
   5.2000000e+01  -3.5907353e+01   6.9962765e+01
   5.2100000e+01  -1.0907353e+01   2.0962765e+01
   5.2200000e+01  -2.2907353e+01   8.4427647e+00
   5.2300000e+01   6.0926471e+00   1.2827647e+00
   5.2400000e+01   4.1092647e+01   5.1882765e+01
   5.2500000e+01  -5.4907353e+01  -2.8277235e+01
   5.2600000e+01   3.2092647e+01  -3.2757235e+01
   5.2700000e+01   2.3092647e+01   1.8602765e+01
   5.2800000e+01   6.3092647e+01  -7.9972353e+00
   5.2900000e+01  -3.7907353e+01  -1.3957235e+01
   5.3000000e+01  -1.2907353e+01  -1.8957235e+01
   5.3100000e+01  -7.1907353e+01  -1.3597235e+01
   5.3200000e+01  -2.5907353e+01   6.5627647e+00
   5.3300000e+01   8.9092647e+01  -2.2037235e+01
   5.3400000e+01   6.1092647e+01  -1.9917235e+01
   5.3500000e+01   3.0926471e+00  -2.1597235e+01
   5.3600000e+01   3.6092647e+01  -4.8917235e+01
   5.3700000e+01  -1.0090735e+02   2.7562765e+01
   5.3800000e+01  -4.9073529e+00   1.0722765e+01
   5.3900000e+01  -1.0907353e+01   2.9627647e+00
   5.4000000e+01  -8.7907353e+01  -1.9572353e+00
   5.4100000e+01   3.8092647e+01  -2.2997235e+01
   5.4200000e+01   1.7092647e+01  -3.4157235e+01
   5.4300000e+01   7.0092647e+01   5.7227647e+00
   5.4400000e+01  -2.3907353e+01  -8.5172353e+00
   5.4500000e+01   2.8092647e+01  -1.5597235e+01
   5.4600000e+01  -5.4907353e+01  -1.4277235e+01
   5.4700000e+01  -7.9073529e+00  -4.1572353e+00
   5.4800000e+01  -1.2907353e+01  -1.0957235e+01
   5.4900000e+01   1.0509265e+02   5.5322765e+01
   5.5000000e+01   1.3092647e+01   3.7002765e+01
   5.5100000e+01   1.2509265e+02   4.0522765e+01
   5.5200000e+01  -3.6907353e+01  -1.9997235e+01
   5.5300000e+01  -2.6907353e+01  -3.1397235e+01
   5.5400000e+01   1.6092647e+01   1.8882765e+01
   5.5500000e+01  -5.7907353e+01  -4.1572353e+00
   5.5600000e+01  -2.9907353e+01   4.3722765e+01
   5.5700000e+01   1.4092647e+01   3.8962765e+01
   5.5800000e+01  -1.0190735e+02   4.9602765e+01
   5.5900000e+01  -1.3907353e+01  -3.2917235e+01
   5.6000000e+01  -5.9073529e+00   4.0762765e+01
   5.6100000e+01   6.1092647e+01   5.4082765e+01
   5.6200000e+01   8.3092647e+01   2.5202765e+01
   5.6300000e+01  -3.1907353e+01   7.1802765e+01
   5.6400000e+01   2.5092647e+01   1.8522765e+01
   5.6500000e+01  -1.3290735e+02   6.1842765e+01
   5.6600000e+01  -3.5907353e+01   2.6962765e+01
   5.6700000e+01  -5.3907353e+01  -6.3172353e+00
   5.6800000e+01   5.0092647e+01  -8.4772353e+00
   5.6900000e+01  -1.0907353e+01  -4.0372353e+00
   5.7000000e+01   3.0092647e+01   9.7322765e+01
   5.7100000e+01   1.0092647e+01  -1.9877235e+01
   5.7200000e+01   6.6092647e+01   2.2882765e+01
   5.7300000e+01   5.5092647e+01   5.3227647e+00
   5.7400000e+01   5.3092647e+01   5.0402765e+01
   5.7500000e+01  -2.4907353e+01   5.8522765e+01
   5.7600000e+01  -4.9907353e+01  -3.2477235e+01
   5.7700000e+01   9.8092647e+01  -1.1397235e+01
   5.7800000e+01   9.2647059e-02   1.8522765e+01
   5.7900000e+01   4.1092647e+01  -5.0117235e+01
   5.8000000e+01   3.3092647e+01  -5.2797235e+01
   5.8100000e+01  -5.6907353e+01   2.0802765e+01
   5.8200000e+01   8.0926471e+00  -7.7972353e+00
   5.8300000e+01   1.4092647e+01  -9.0372353e+00
   5.8400000e+01   4.5092647e+01  -3.2772353e+00
   5.8500000e+01   2.7092647e+01   2.6442765e+01
   5.8600000e+01  -1.0907353e+01   1.2962765e+01
   5.8700000e+01   1.2009265e+02  -2.2277235e+01
   5.8800000e+01  -2.3907353e+01   5.1482765e+01
   5.8900000e+01   3.0092647e+01  -3.5677235e+01
   5.9000000e+01  -1.2907353e+01  -1.9572353e+00
   5.9100000e+01   6.8092647e+01   3.0802765e+01
   5.9200000e+01  -1.9073529e+00   5.0602765e+01
   5.9300000e+01   6.0926471e+00   2.9282765e+01
   5.9400000e+01  -7.7907353e+01  -3.3357235e+01
   5.9500000e+01  -2.2907353e+01   4.7442765e+01
   5.9600000e+01  -2.9907353e+01   5.3722765e+01
   5.9700000e+01  -6.9073529e+00   1.0802765e+01
   5.9800000e+01  -1.1907353e+01  -4.4997235e+01
   5.9900000e+01   3.1092647e+01  -1.6717235e+01
   6.0000000e+01   2.8092647e+01  -2.1597235e+01
   6.0100000e+01  -3.1907353e+01  -6.3197235e+01
   6.0200000e+01   6.9092647e+01  -1.8237235e+01
   6.0300000e+01  -4.8907353e+01   7.4827647e+00
   6.0400000e+01  -9.0735294e-01   1.1562765e+01
   6.0500000e+01  -1.0907353e+01  -4.0037235e+01
   6.0600000e+01  -1.6907353e+01  -7.9797235e+01
   6.0700000e+01  -3.7907353e+01  -1.7957235e+01
   6.0800000e+01   2.9092647e+01  -3.6372353e+00
   6.0900000e+01   5.0092647e+01  -1.9477235e+01
   6.1000000e+01   1.0926471e+00   2.8482765e+01
   6.1100000e+01   3.9092647e+01   2.5962765e+01
   6.1200000e+01   6.1092647e+01  -4.5917235e+01
   6.1300000e+01  -1.4907353e+01   7.1227647e+00
   6.1400000e+01  -1.1390735e+02   8.8082765e+01
   6.1500000e+01   9.1092647e+01  -1.5117235e+01
   6.1600000e+01  -2.5907353e+01  -1.4372353e+00
   6.1700000e+01   4.7092647e+01   3.7642765e+01
   6.1800000e+01   4.1092647e+01   6.4882765e+01
   6.1900000e+01   1.0926471e+00  -1.4517235e+01
   6.2000000e+01   6.0926471e+00   4.4282765e+01
   6.2100000e+01   2.5092647e+01   5.5227647e+00
   6.2200000e+01   5.0092647e+01   4.5227647e+00
   6.2300000e+01  -9.4907353e+01   2.7322765e+01
   6.2400000e+01  -3.2907353e+01   2.7842765e+01
   6.2500000e+01   4.4092647e+01  -1.2237235e+01
   6.2600000e+01   4.4092647e+01   2.1762765e+01
   6.2700000e+01   7.0926471e+00   4.2427647e+00
   6.2800000e+01  -3.8907353e+01   4.0082765e+01
   6.2900000e+01   6.4092647e+01   2.7962765e+01
   6.3000000e+01   3.3092647e+01  -2.8797235e+01
   6.3100000e+01   7.2092647e+01   6.3642765e+01
   6.3200000e+01  -1.4907353e+01   1.8122765e+01
   6.3300000e+01   3.3092647e+01  -2.2797235e+01
   6.3400000e+01   5.0926471e+00  -2.9677235e+01
   6.3500000e+01   6.0926471e+00  -3.3717235e+01
   6.3600000e+01  -8.9073529e+00  -6.4117235e+01
   6.3700000e+01   1.2092647e+01  -9.1957235e+01
   6.3800000e+01  -8.7907353e+01  -1.4957235e+01
   6.3900000e+01  -2.2907353e+01   4.4276471e-01
   6.4000000e+01  -4.2907353e+01   3.9242765e+01
   6.4100000e+01  -1.8907353e+01   2.6282765e+01
   6.4200000e+01   2.4092647e+01  -5.8437235e+01
   6.4300000e+01   2.2092647e+01   2.9642765e+01
   6.4400000e+01   6.0926471e+00  -1.5717235e+01
   6.4500000e+01  -4.7907353e+01   4.6442765e+01
   6.4600000e+01   2.6092647e+01  -4.1517235e+01
   6.4700000e+01  -9.0735294e-01   3.3562765e+01
   6.4800000e+01  -1.6907353e+01  -1.5797235e+01
   6.4900000e+01   3.2092647e+01   7.2242765e+01
   6.5000000e+01  -2.5907353e+01   5.3562765e+01
   6.5100000e+01  -4.5907353e+01   5.2362765e+01
   6.5200000e+01  -1.7907353e+01  -2.8757235e+01
   6.5300000e+01  -2.2907353e+01  -3.6557235e+01
   6.5400000e+01  -3.9073529e+00  -3.8317235e+01
   6.5500000e+01   4.6092647e+01   7.1682765e+01
   6.5600000e+01   8.8092647e+01  -3.7997235e+01
   6.5700000e+01   3.7092647e+01   4.2764706e-02
   6.5800000e+01   3.7092647e+01   3.1042765e+01
   6.5900000e+01   1.0092647e+01   8.1227647e+00
   6.6000000e+01   1.1809265e+02   1.1480276e+02
   6.6100000e+01  -5.9907353e+01  -1.5077235e+01
   6.6200000e+01  -2.9073529e+00  -1.9357235e+01
   6.6300000e+01   9.5092647e+01   1.8722765e+01
   6.6400000e+01  -1.4907353e+01   3.0122765e+01
   6.6500000e+01   1.2092647e+01  -2.2957235e+01
   6.6600000e+01  -1.9907353e+01   3.5322765e+01
   6.6700000e+01   4.2092647e+01  -1.9157235e+01
   6.6800000e+01  -1.7907353e+01  -4.8757235e+01
   6.6900000e+01  -4.7907353e+01   8.4427647e+00
   6.7000000e+01  -2.8907353e+01   5.0682765e+01
   6.7100000e+01   1.4009265e+02  -2.7077235e+01
   6.7200000e+01  -3.4907353e+01   4.1922765e+01
   6.7300000e+01   4.2092647e+01  -8.1572353e+00
   6.7400000e+01  -1.1790735e+02   4.6242765e+01
   6.7500000e+01   1.0909265e+02   7.8162765e+01
   6.7600000e+01   5.0092647e+01  -2.5477235e+01
   6.7700000e+01  -8.9073529e+00  -1.1723529e-01
   6.7800000e+01  -4.9073529e+00  -1.1277235e+01
   6.7900000e+01   6.5092647e+01  -2.4077235e+01
   6.8000000e+01  -4.4907353e+01   2.4322765e+01
   6.8100000e+01  -1.4907353e+01  -4.8772353e+00
   6.8200000e+01  -3.9907353e+01   1.5122765e+01
   6.8300000e+01   2.0926471e+00   7.4427647e+00
   6.8400000e+01  -6.9907353e+01  -4.6772353e+00
   6.8500000e+01  -3.2907353e+01   4.5842765e+01
   6.8600000e+01  -1.2907353e+01   3.8042765e+01
   6.8700000e+01  -2.0907353e+01  -2.2637235e+01
   6.8800000e+01   1.7092647e+01  -1.0157235e+01
   6.8900000e+01   8.0926471e+00   4.6202765e+01
   6.9000000e+01  -1.1907353e+01   4.9002765e+01
   6.9100000e+01  -8.1907353e+01  -2.2197235e+01
   6.9200000e+01   3.0092647e+01  -3.4677235e+01
   6.9300000e+01   1.4509265e+02   2.5722765e+01
   6.9400000e+01   7.9092647e+01  -5.6372353e+00
   6.9500000e+01  -1.5907353e+01  -8.3723529e-01
   6.9600000e+01  -8.9073529e+00   1.0188276e+02
   6.9700000e+01   4.0926471e+00  -4.5637235e+01
   6.9800000e+01   4.3092647e+01  -7.1972353e+00
   6.9900000e+01  -9.0735294e-01   2.5562765e+01
   7.0000000e+01   4.5092647e+01  -1.7277235e+01
   7.0100000e+01   3.3092647e+01   4.4202765e+01
   7.0200000e+01   2.0092647e+01   3.3722765e+01
   7.0300000e+01   4.5092647e+01  -2.0277235e+01
   7.0400000e+01   3.0926471e+00   1.5402765e+01
   7.0500000e+01  -1.2907353e+01   6.4042765e+01
   7.0600000e+01   2.8092647e+01   1.5402765e+01
   7.0700000e+01  -4.8907353e+01  -9.5172353e+00
   7.0800000e+01  -3.3907353e+01  -5.1172353e+00
   7.0900000e+01  -1.8907353e+01  -1.8717235e+01
   7.1000000e+01  -2.1907353e+01   3.3402765e+01
   7.1100000e+01   9.2092647e+01   8.8427647e+00
   7.1200000e+01  -3.1907353e+01   2.4802765e+01
   7.1300000e+01  -1.7907353e+01   6.1242765e+01
   7.1400000e+01  -1.7907353e+01  -9.7572353e+00
   7.1500000e+01   3.0926471e+00  -5.1597235e+01
   7.1600000e+01   2.3092647e+01  -3.9397235e+01
   7.1700000e+01   7.0926471e+00  -9.7572353e+00
   7.1800000e+01   4.3092647e+01   4.2802765e+01
   7.1900000e+01  -5.9073529e+00  -1.3237235e+01
   7.2000000e+01   1.7092647e+01   3.4842765e+01
   7.2100000e+01  -1.1090735e+02  -1.1037235e+01
   7.2200000e+01   4.0092647e+01  -7.0772353e+00
   7.2300000e+01  -4.1907353e+01  -2.9797235e+01
   7.2400000e+01  -9.9073529e+00   9.2276471e-01
   7.2500000e+01  -6.5907353e+01   2.1162765e+01
   7.2600000e+01  -8.2907353e+01   1.5842765e+01
   7.2700000e+01   5.9092647e+01  -3.3837235e+01
   7.2800000e+01  -6.7907353e+01   3.4242765e+01
   7.2900000e+01  -5.6907353e+01   1.7802765e+01
   7.3000000e+01   9.0926471e+00   1.5162765e+01
   7.3100000e+01  -3.3907353e+01  -1.2117235e+01
   7.3200000e+01   1.4092647e+01  -2.0037235e+01
   7.3300000e+01  -5.5907353e+01   2.7627647e+00
   7.3400000e+01   2.5092647e+01  -2.4477235e+01
   7.3500000e+01   7.0926471e+00   2.5242765e+01
   7.3600000e+01   3.3092647e+01   7.2027647e+00
   7.3700000e+01  -3.5907353e+01   1.3962765e+01
   7.3800000e+01  -3.6907353e+01  -4.6997235e+01
   7.3900000e+01  -1.4907353e+01   4.4122765e+01
   7.4000000e+01   3.4092647e+01   5.8162765e+01
   7.4100000e+01  -2.6907353e+01  -6.4397235e+01
   7.4200000e+01  -1.7907353e+01  -6.7572353e+00
   7.4300000e+01  -4.3907353e+01  -6.7172353e+00
   7.4400000e+01   3.1092647e+01  -1.9717235e+01
   7.4500000e+01   3.9092647e+01   3.8962765e+01
   7.4600000e+01  -4.5907353e+01  -2.1637235e+01
   7.4700000e+01  -5.4907353e+01   7.7227647e+00
   7.4800000e+01  -1.0090735e+02   7.6562765e+01
   7.4900000e+01  -4.9907353e+01  -4.7477235e+01
   7.5000000e+01   3.2092647e+01  -9.7572353e+00
   7.5100000e+01   1.5209265e+02   1.0442765e+01
   7.5200000e+01   1.4109265e+02  -3.4117235e+01
   7.5300000e+01   2.9092647e+01  -3.9637235e+01
   7.5400000e+01  -2.3907353e+01   1.0482765e+01
   7.5500000e+01   8.5092647e+01  -1.0877235e+01
   7.5600000e+01   4.0926471e+00  -4.6637235e+01
   7.5700000e+01  -5.0907353e+01   1.5627647e+00
   7.5800000e+01  -4.9907353e+01  -7.4772353e+00
   7.5900000e+01   7.6092647e+01  -2.5172353e+00
   7.6000000e+01  -1.2907353e+01  -1.9957235e+01
   7.6100000e+01  -2.8907353e+01  -3.1723529e-01
   7.6200000e+01   3.9092647e+01  -1.0037235e+01
   7.6300000e+01   5.3092647e+01   2.8402765e+01
   7.6400000e+01   2.5092647e+01  -3.0477235e+01
   7.6500000e+01   7.2092647e+01  -2.1357235e+01
   7.6600000e+01   1.0926471e+00  -8.5172353e+00
   7.6700000e+01  -3.9907353e+01   2.8122765e+01
   7.6800000e+01   9.8092647e+01  -5.3972353e+00
   7.6900000e+01  -3.9073529e+00   4.2682765e+01
   7.7000000e+01   4.0092647e+01   3.2922765e+01
   7.7100000e+01   2.6092647e+01   6.1482765e+01
   7.7200000e+01  -7.5907353e+01   4.9562765e+01
   7.7300000e+01   3.9092647e+01  -3.7235294e-02
   7.7400000e+01  -3.9073529e+00   5.6827647e+00
   7.7500000e+01   6.5092647e+01  -1.6077235e+01
   7.7600000e+01  -9.9073529e+00  -2.0772353e+00
   7.7700000e+01  -9.0735294e-01  -1.1437235e+01
   7.7800000e+01  -3.7907353e+01   5.0427647e+00
   7.7900000e+01  -3.3907353e+01  -3.4117235e+01
   7.8000000e+01   4.2092647e+01   7.8427647e+00
   7.8100000e+01  -2.2907353e+01   6.1442765e+01
   7.8200000e+01   2.0926471e+00  -1.9557235e+01
   7.8300000e+01   3.4092647e+01   7.3162765e+01
   7.8400000e+01  -2.9073529e+00  -3.0357235e+01
   7.8500000e+01  -2.5907353e+01   1.5562765e+01
   7.8600000e+01   3.6092647e+01   1.4082765e+01
   7.8700000e+01  -3.3907353e+01   7.8827647e+00
   7.8800000e+01   3.7092647e+01   1.8042765e+01
   7.8900000e+01   2.1092647e+01  -6.3172353e+00
   7.9000000e+01   1.3809265e+02   2.0027647e+00
   7.9100000e+01  -4.7907353e+01   1.4442765e+01
   7.9200000e+01  -4.9907353e+01   5.0522765e+01
   7.9300000e+01   1.9092647e+01  -2.3237235e+01
   7.9400000e+01  -4.7907353e+01  -4.0557235e+01
   7.9500000e+01   7.0926471e+00   2.2427647e+00
   7.9600000e+01  -2.9907353e+01  -3.2772353e+00
   7.9700000e+01  -1.9073529e+00  -1.3397235e+01
   7.9800000e+01  -1.7907353e+01   2.2427647e+00
   7.9900000e+01  -7.2907353e+01  -1.3557235e+01
   8.0000000e+01   1.4909265e+02  -3.3437235e+01
   8.0100000e+01   1.3092647e+01  -6.0997235e+01
   8.0200000e+01  -3.6907353e+01  -5.0997235e+01
   8.0300000e+01  -9.2907353e+01  -3.3757235e+01
   8.0400000e+01   5.8092647e+01  -3.4797235e+01
   8.0500000e+01   6.3092647e+01   5.0027647e+00
   8.0600000e+01  -1.1907353e+01  -4.0997235e+01
   8.0700000e+01  -5.8907353e+01  -3.5117235e+01
   8.0800000e+01   5.0926471e+00   1.0322765e+01
   8.0900000e+01   4.0926471e+00  -3.1637235e+01
   8.1000000e+01  -3.9073529e+00  -5.7317235e+01
   8.1100000e+01   3.4092647e+01   2.0162765e+01
   8.1200000e+01   1.7909265e+02  -2.0637235e+01
   8.1300000e+01   1.4409265e+02  -4.1237235e+01
   8.1400000e+01   9.0926471e+00  -3.8372353e+00
   8.1500000e+01   1.5092647e+01  -1.3077235e+01
   8.1600000e+01  -3.9073529e+00   2.7682765e+01
   8.1700000e+01   6.1092647e+01  -1.5917235e+01
   8.1800000e+01   4.5092647e+01  -1.4277235e+01
   8.1900000e+01  -3.3907353e+01  -1.9117235e+01
   8.2000000e+01   4.5092647e+01  -1.0277235e+01
   8.2100000e+01   6.0092647e+01   3.0122765e+01
   8.2200000e+01   6.6092647e+01   1.0882765e+01
   8.2300000e+01  -2.5907353e+01  -1.7437235e+01
   8.2400000e+01  -2.9073529e+00  -3.0357235e+01
   8.2500000e+01  -6.8907353e+01   2.8276471e-01
   8.2600000e+01  -6.0907353e+01   5.1962765e+01
   8.2700000e+01   4.4092647e+01   1.4762765e+01
   8.2800000e+01  -7.5907353e+01   1.6562765e+01
   8.2900000e+01   5.1092647e+01  -4.3517235e+01
   8.3000000e+01  -1.0907353e+01  -1.0037235e+01
   8.3100000e+01   7.0926471e+00  -4.7572353e+00
   8.3200000e+01  -6.6907353e+01   4.2027647e+00
   8.3300000e+01   1.8092647e+01  -1.0197235e+01
   8.3400000e+01   5.5092647e+01   1.3227647e+00
   8.3500000e+01  -1.8907353e+01  -3.8717235e+01
   8.3600000e+01   1.0909265e+02  -8.8372353e+00
   8.3700000e+01  -6.5907353e+01   1.0162765e+01
   8.3800000e+01   1.7409265e+02  -2.3437235e+01
   8.3900000e+01   1.0092647e+01  -1.8772353e+00
   8.4000000e+01  -5.6907353e+01   1.8027647e+00
   8.4100000e+01  -1.0907353e+01  -2.6037235e+01
   8.4200000e+01  -8.7907353e+01  -3.5957235e+01
   8.4300000e+01  -6.3907353e+01  -2.9172353e+00
   8.4400000e+01  -2.4907353e+01  -3.5477235e+01
   8.4500000e+01  -2.4907353e+01   9.5227647e+00
   8.4600000e+01   3.3092647e+01  -3.6797235e+01
   8.4700000e+01   4.1092647e+01  -1.2117235e+01
   8.4800000e+01  -8.7907353e+01   2.5042765e+01
   8.4900000e+01   7.7092647e+01  -2.5572353e+00
   8.5000000e+01   2.8092647e+01  -3.7597235e+01
   8.5100000e+01   7.1092647e+01  -3.3317235e+01
   8.5200000e+01   3.9092647e+01   7.9627647e+00
   8.5300000e+01   3.0092647e+01   8.3227647e+00
   8.5400000e+01   4.5092647e+01   2.0722765e+01
   8.5500000e+01  -1.2907353e+01  -1.2957235e+01
   8.5600000e+01  -3.9073529e+00   1.6682765e+01
   8.5700000e+01  -4.2907353e+01  -4.4757235e+01
   8.5800000e+01   1.9092647e+01   7.7627647e+00
   8.5900000e+01   1.2092647e+01   9.3042765e+01
   8.6000000e+01   4.0926471e+00  -3.5637235e+01
   8.6100000e+01   9.0926471e+00  -1.8372353e+00
   8.6200000e+01   6.5092647e+01   2.5922765e+01
   8.6300000e+01   1.4092647e+01   3.4962765e+01
   8.6400000e+01   2.0092647e+01   1.1722765e+01
   8.6500000e+01  -4.5907353e+01   1.1362765e+01
   8.6600000e+01   6.0092647e+01   4.9122765e+01
   8.6700000e+01   2.0926471e+00  -2.5557235e+01
   8.6800000e+01  -4.2907353e+01  -3.1757235e+01
   8.6900000e+01  -2.4907353e+01   1.5522765e+01
   8.7000000e+01  -8.4907353e+01   1.2922765e+01
   8.7100000e+01   4.9092647e+01   5.5627647e+00
   8.7200000e+01   1.0209265e+02  -2.1557235e+01
   8.7300000e+01   1.1092647e+01   2.1082765e+01
   8.7400000e+01  -6.6907353e+01   5.8202765e+01
   8.7500000e+01   1.8092647e+01  -1.6197235e+01
   8.7600000e+01   1.7092647e+01   3.0842765e+01
   8.7700000e+01  -7.9073529e+00   1.4842765e+01
   8.7800000e+01   4.0926471e+00  -7.7637235e+01
   8.7900000e+01   1.8092647e+01   1.5802765e+01
   8.8000000e+01  -3.0907353e+01  -3.9237235e+01
   8.8100000e+01   3.6092647e+01  -3.4917235e+01
   8.8200000e+01  -2.2907353e+01   4.4276471e-01
   8.8300000e+01  -1.1190735e+02  -1.2997235e+01
   8.8400000e+01   9.0926471e+00  -2.7837235e+01
   8.8500000e+01   4.5092647e+01  -3.1277235e+01
   8.8600000e+01  -7.9073529e+00   7.7842765e+01
   8.8700000e+01  -2.6907353e+01  -4.2397235e+01
   8.8800000e+01  -3.3907353e+01  -2.1172353e+00
   8.8900000e+01   3.2092647e+01   1.8242765e+01
   8.9000000e+01  -4.6907353e+01  -8.5972353e+00
   8.9100000e+01  -8.5907353e+01   2.6962765e+01
   8.9200000e+01  -6.5907353e+01   2.6162765e+01
   8.9300000e+01   2.4092647e+01  -3.5437235e+01
   8.9400000e+01  -5.1907353e+01  -5.5397235e+01
   8.9500000e+01  -5.7907353e+01  -3.2157235e+01
   8.9600000e+01  -7.6907353e+01  -5.6397235e+01
   8.9700000e+01   3.2092647e+01   4.8242765e+01
   8.9800000e+01  -7.4907353e+01  -9.4772353e+00
   8.9900000e+01   2.5092647e+01   5.5227647e+00
   9.0000000e+01  -4.5907353e+01  -3.9637235e+01
   9.0100000e+01  -8.9073529e+00   2.6882765e+01
   9.0200000e+01  -5.0907353e+01  -1.7437235e+01
   9.0300000e+01  -1.7907353e+01  -4.9757235e+01
   9.0400000e+01   2.1092647e+01   1.9682765e+01
   9.0500000e+01   5.2092647e+01   2.0442765e+01
   9.0600000e+01   8.7092647e+01   1.6042765e+01
   9.0700000e+01   2.7092647e+01  -1.5557235e+01
   9.0800000e+01  -7.4907353e+01  -2.7477235e+01
   9.0900000e+01   2.8092647e+01  -2.3597235e+01
   9.1000000e+01   1.3092647e+01  -1.5997235e+01
   9.1100000e+01  -6.7907353e+01   2.9242765e+01
   9.1200000e+01  -3.1907353e+01   1.0802765e+01
   9.1300000e+01   9.2092647e+01   8.8427647e+00
   9.1400000e+01   2.0092647e+01   1.3722765e+01
   9.1500000e+01  -4.9907353e+01  -1.8477235e+01
   9.1600000e+01  -3.4907353e+01   2.9922765e+01
   9.1700000e+01   6.2092647e+01   9.0427647e+00
   9.1800000e+01   8.1092647e+01  -8.7172353e+00
   9.1900000e+01  -2.9073529e+00   6.4276471e-01
   9.2000000e+01   7.8092647e+01  -4.1597235e+01
   9.2100000e+01  -2.7907353e+01   3.2642765e+01
   9.2200000e+01   8.7092647e+01   1.0042765e+01
   9.2300000e+01   5.9092647e+01   1.1162765e+01
   9.2400000e+01   2.4092647e+01   3.4562765e+01
   9.2500000e+01  -4.6907353e+01   5.1402765e+01
   9.2600000e+01   1.1509265e+02   2.1922765e+01
   9.2700000e+01  -4.5907353e+01   7.3362765e+01
   9.2800000e+01   1.4092647e+01  -3.1037235e+01
   9.2900000e+01  -4.9073529e+00  -1.1277235e+01
   9.3000000e+01   2.1092647e+01   2.4682765e+01
   9.3100000e+01  -1.1490735e+02  -1.8772353e+00
   9.3200000e+01  -9.1907353e+01  -6.7972353e+00
   9.3300000e+01  -3.6907353e+01   1.3002765e+01
   9.3400000e+01   7.0092647e+01   2.4722765e+01
   9.3500000e+01   2.9092647e+01   1.5362765e+01
   9.3600000e+01  -2.8907353e+01   5.1682765e+01
   9.3700000e+01  -2.5907353e+01   6.5562765e+01
   9.3800000e+01   3.2092647e+01  -1.2757235e+01
   9.3900000e+01   1.1092647e+01   6.9082765e+01
   9.4000000e+01  -2.7907353e+01   4.2642765e+01
   9.4100000e+01   7.0926471e+00  -2.6757235e+01
   9.4200000e+01  -2.7907353e+01  -4.2357235e+01
   9.4300000e+01  -5.6907353e+01  -4.8197235e+01
   9.4400000e+01  -2.3907353e+01  -6.5517235e+01
   9.4500000e+01  -3.5907353e+01   6.9627647e+00
   9.4600000e+01   5.6092647e+01  -5.4717235e+01
   9.4700000e+01   6.0926471e+00  -3.4717235e+01
   9.4800000e+01  -2.8907353e+01   1.6827647e+00
   9.4900000e+01   3.8092647e+01  -3.9972353e+00
   9.5000000e+01   3.8092647e+01  -2.9972353e+00
   9.5100000e+01   5.0092647e+01   4.5227647e+00
   9.5200000e+01  -2.9907353e+01   1.7722765e+01
   9.5300000e+01  -4.4907353e+01  -5.6772353e+00
   9.5400000e+01   3.9092647e+01   2.3962765e+01
   9.5500000e+01   9.8092647e+01  -1.2397235e+01
   9.5600000e+01   1.3092647e+01   3.0027647e+00
   9.5700000e+01   8.1092647e+01  -5.5717235e+01
   9.5800000e+01  -7.4907353e+01   3.5522765e+01
   9.5900000e+01  -2.7907353e+01  -1.7357235e+01
   9.6000000e+01   1.7092647e+01   3.5842765e+01
   9.6100000e+01  -5.8907353e+01  -1.6117235e+01
   9.6200000e+01  -7.5907353e+01   6.5627647e+00
   9.6300000e+01  -3.8907353e+01  -2.9917235e+01
   9.6400000e+01  -4.9073529e+00  -9.2772353e+00
   9.6500000e+01   2.2092647e+01   3.3642765e+01
   9.6600000e+01   2.0092647e+01   2.2722765e+01
   9.6700000e+01   3.4092647e+01   6.1627647e+00
   9.6800000e+01  -9.0735294e-01  -5.0437235e+01
   9.6900000e+01   3.3092647e+01   9.2027647e+00
   9.7000000e+01   2.3092647e+01  -5.5397235e+01
   9.7100000e+01   4.0926471e+00   9.3627647e+00
   9.7200000e+01  -1.0907353e+01   3.3962765e+01
   9.7300000e+01   1.6092647e+01   5.8827647e+00
   9.7400000e+01   7.0926471e+00  -2.3757235e+01
   9.7500000e+01   7.0092647e+01  -6.2772353e+00
   9.7600000e+01  -9.0735294e-01   3.3562765e+01
   9.7700000e+01  -1.8907353e+01  -4.6717235e+01
   9.7800000e+01   3.7092647e+01  -1.8957235e+01
   9.7900000e+01  -3.7907353e+01   3.8042765e+01
   9.8000000e+01  -1.1290735e+02   1.7042765e+01
   9.8100000e+01  -7.9073529e+00  -4.8157235e+01
   9.8200000e+01  -1.4907353e+01  -2.0877235e+01
   9.8300000e+01   3.3092647e+01  -2.9797235e+01
   9.8400000e+01   7.4092647e+01  -1.0437235e+01
   9.8500000e+01  -3.0907353e+01  -5.2237235e+01
   9.8600000e+01  -1.8907353e+01   7.1282765e+01
   9.8700000e+01  -3.0907353e+01  -6.7237235e+01
   9.8800000e+01   3.8092647e+01  -2.9972353e+00
   9.8900000e+01  -2.8907353e+01  -2.3172353e+00
   9.9000000e+01   3.0926471e+00  -5.1597235e+01
   9.9100000e+01  -4.0907353e+01   9.1627647e+00
   9.9200000e+01   6.5092647e+01  -3.2077235e+01
   9.9300000e+01  -1.8907353e+01  -6.0717235e+01
   9.9400000e+01  -4.6907353e+01  -7.6597235e+01
   9.9500000e+01   1.4092647e+01  -4.7037235e+01
   9.9600000e+01  -2.8907353e+01  -2.5317235e+01
   9.9700000e+01  -3.1907353e+01   4.2802765e+01
   9.9800000e+01  -3.5907353e+01  -8.0372353e+00
   9.9900000e+01  -6.3907353e+01  -1.5917235e+01
   1.0000000e+02  -5.6907353e+01  -3.0197235e+01
   1.0010000e+02  -1.0907353e+01  -3.7235294e-02
   1.0020000e+02  -3.1907353e+01  -1.5197235e+01
   1.0030000e+02  -2.0907353e+01   1.6362765e+01
   1.0040000e+02   3.3092647e+01   3.1202765e+01
   1.0050000e+02  -4.5907353e+01  -2.5637235e+01
   1.0060000e+02  -2.9907353e+01   1.5722765e+01
   1.0070000e+02   1.4092647e+01   1.3496276e+02
   1.0080000e+02  -3.2907353e+01   2.6842765e+01
   1.0090000e+02   6.9092647e+01  -2.0237235e+01
   1.0100000e+02  -3.5907353e+01   2.0962765e+01
   1.0110000e+02   5.0926471e+00  -1.2677235e+01
   1.0120000e+02   1.0092647e+01  -4.0877235e+01
   1.0130000e+02  -7.5907353e+01   1.2562765e+01
   1.0140000e+02   8.8092647e+01   2.5002765e+01
   1.0150000e+02  -5.3907353e+01   3.9682765e+01
   1.0160000e+02  -3.9907353e+01  -1.1877235e+01
   1.0170000e+02  -2.2907353e+01   2.1442765e+01
   1.0180000e+02  -4.5907353e+01   5.0362765e+01
   1.0190000e+02  -3.1907353e+01   2.8027647e+00
   1.0200000e+02   2.1092647e+01   8.6827647e+00
   1.0210000e+02   1.5909265e+02  -7.8372353e+00
   1.0220000e+02  -1.9907353e+01   4.3227647e+00
   1.0230000e+02   2.0092647e+01   3.5722765e+01
   1.0240000e+02  -2.9073529e+00  -4.2357235e+01
   1.0250000e+02  -7.8907353e+01  -1.0317235e+01
   1.0260000e+02   2.6092647e+01   1.4482765e+01
   1.0270000e+02   2.5092647e+01   4.8522765e+01
   1.0280000e+02   3.3092647e+01   2.9202765e+01
   1.0290000e+02  -3.1907353e+01   7.8027647e+00
   1.0300000e+02  -5.7907353e+01   4.8427647e+00
   1.0310000e+02   5.5092647e+01   5.4322765e+01
   1.0320000e+02  -4.7907353e+01  -1.6557235e+01
   1.0330000e+02   7.4092647e+01   3.3562765e+01
   1.0340000e+02  -5.5907353e+01  -2.4237235e+01
   1.0350000e+02   9.5092647e+01  -1.0277235e+01
   1.0360000e+02   2.0926471e+00   1.0442765e+01
   1.0370000e+02  -4.0907353e+01  -3.2837235e+01
   1.0380000e+02  -4.9907353e+01  -2.3477235e+01
   1.0390000e+02   1.9092647e+01  -2.8237235e+01
   1.0400000e+02  -1.3907353e+01  -1.7917235e+01
   1.0410000e+02  -2.0907353e+01  -4.2637235e+01
   1.0420000e+02  -1.6907353e+01  -6.4797235e+01
   1.0430000e+02  -1.6907353e+01  -6.8797235e+01
   1.0440000e+02   5.4092647e+01  -1.8637235e+01
   1.0450000e+02  -4.6907353e+01   2.0402765e+01
   1.0460000e+02  -8.5907353e+01   4.6962765e+01
   1.0470000e+02  -3.9907353e+01  -6.8772353e+00
   1.0480000e+02  -1.7907353e+01   1.4242765e+01
   1.0490000e+02  -1.0907353e+01   3.5962765e+01
   1.0500000e+02   2.0926471e+00   5.1442765e+01
   1.0510000e+02  -2.9907353e+01  -4.4277235e+01
   1.0520000e+02  -7.1907353e+01  -5.9723529e-01
   1.0530000e+02  -6.9073529e+00   2.8802765e+01
   1.0540000e+02  -1.1690735e+02  -3.2797235e+01
   1.0550000e+02  -5.7907353e+01  -5.4157235e+01
   1.0560000e+02  -8.9073529e+00   2.6882765e+01
   1.0570000e+02  -4.7907353e+01  -1.5557235e+01
   1.0580000e+02  -1.2907353e+01  -3.5957235e+01
   1.0590000e+02   4.5092647e+01  -2.7723529e-01
   1.0600000e+02   8.2092647e+01   5.2242765e+01
   1.0610000e+02  -8.9073529e+00  -1.3117235e+01
   1.0620000e+02  -6.9907353e+01   2.9322765e+01
   1.0630000e+02  -6.7907353e+01  -2.4757235e+01
   1.0640000e+02   4.4092647e+01   5.8762765e+01
   1.0650000e+02   3.8092647e+01  -3.9972353e+00
   1.0660000e+02  -4.4907353e+01  -1.2677235e+01
   1.0670000e+02  -5.9073529e+00   4.6762765e+01
   1.0680000e+02   1.0509265e+02  -5.3677235e+01
   1.0690000e+02   2.8092647e+01   5.7402765e+01
   1.0700000e+02  -2.5907353e+01   3.3562765e+01
   1.0710000e+02  -6.0907353e+01   3.7962765e+01
   1.0720000e+02  -2.3907353e+01   3.0482765e+01
   1.0730000e+02  -4.8907353e+01   1.4827647e+00
   1.0740000e+02  -4.4907353e+01   4.5322765e+01
   1.0750000e+02   2.5092647e+01   2.8522765e+01
   1.0760000e+02  -3.2907353e+01  -2.9157235e+01
   1.0770000e+02  -1.3907353e+01  -8.9172353e+00
   1.0780000e+02  -8.7907353e+01   2.9042765e+01
   1.0790000e+02   1.7092647e+01   2.5842765e+01
   1.0800000e+02   4.2092647e+01   8.8427647e+00
   1.0810000e+02  -2.4907353e+01   2.6522765e+01
   1.0820000e+02   5.8092647e+01  -1.0797235e+01
   1.0830000e+02   6.8092647e+01  -6.1972353e+00
   1.0840000e+02  -7.9907353e+01  -1.1277235e+01
   1.0850000e+02  -5.8907353e+01   7.7882765e+01
   1.0860000e+02  -3.2907353e+01  -4.8157235e+01
   1.0870000e+02   1.4092647e+01  -2.1037235e+01
   1.0880000e+02   3.4092647e+01   1.3162765e+01
   1.0890000e+02   2.2092647e+01  -3.0357235e+01
   1.0900000e+02  -8.3907353e+01   2.4882765e+01
   1.0910000e+02   2.8092647e+01  -4.4597235e+01
   1.0920000e+02   5.6092647e+01  -1.1717235e+01
   1.0930000e+02   3.0926471e+00  -1.5972353e+00
   1.0940000e+02  -4.5907353e+01  -1.5637235e+01
   1.0950000e+02   2.8092647e+01   3.1402765e+01
   1.0960000e+02   1.8092647e+01  -2.9197235e+01
   1.0970000e+02   2.8092647e+01  -1.8597235e+01
   1.0980000e+02  -2.4907353e+01  -3.3477235e+01
   1.0990000e+02  -2.1907353e+01  -2.5972353e+00
   1.1000000e+02   1.3092647e+01  -3.9972353e+00
   1.1010000e+02   4.7092647e+01  -3.0357235e+01
   1.1020000e+02   5.0926471e+00   2.5322765e+01
   1.1030000e+02  -6.0907353e+01   9.6276471e-01
   1.1040000e+02  -5.5907353e+01   6.5762765e+01
   1.1050000e+02   5.7092647e+01  -2.5757235e+01
   1.1060000e+02   3.6092647e+01   8.0827647e+00
   1.1070000e+02  -3.9907353e+01  -8.7723529e-01
   1.1080000e+02  -3.4907353e+01   2.2922765e+01
   1.1090000e+02   7.8092647e+01  -2.2597235e+01
   1.1100000e+02  -7.0907353e+01  -6.6372353e+00
   1.1110000e+02   6.0926471e+00   1.0282765e+01
   1.1120000e+02  -5.8907353e+01   4.4882765e+01
   1.1130000e+02  -9.1907353e+01  -1.4797235e+01
   1.1140000e+02   1.2909265e+02   2.9362765e+01
   1.1150000e+02   2.0926471e+00   1.5442765e+01
   1.1160000e+02  -7.7907353e+01  -2.7357235e+01
   1.1170000e+02   5.2092647e+01  -2.7557235e+01
   1.1180000e+02   2.3092647e+01  -1.3972353e+00
   1.1190000e+02   1.2092647e+01  -2.1957235e+01
   1.1200000e+02  -7.9073529e+00   4.0842765e+01
   1.1210000e+02   6.6092647e+01   8.6882765e+01
   1.1220000e+02  -2.5907353e+01  -1.4372353e+00
   1.1230000e+02   7.9092647e+01  -3.6637235e+01
   1.1240000e+02   5.1092647e+01  -1.6517235e+01
   1.1250000e+02  -1.1090735e+02  -3.7235294e-02
   1.1260000e+02  -3.7907353e+01   2.8042765e+01
   1.1270000e+02   3.9092647e+01   2.2962765e+01
   1.1280000e+02  -5.9907353e+01   7.9227647e+00
   1.1290000e+02   1.0092647e+01  -3.2877235e+01
   1.1300000e+02  -5.5907353e+01  -1.3237235e+01
   1.1310000e+02   7.0926471e+00  -2.2757235e+01
   1.1320000e+02  -6.9073529e+00   2.8027647e+00
   1.1330000e+02  -8.9073529e+00  -5.1172353e+00
   1.1340000e+02  -5.5907353e+01  -3.5237235e+01
   1.1350000e+02   1.0309265e+02   9.2402765e+01
   1.1360000e+02  -5.9073529e+00   1.9762765e+01
   1.1370000e+02  -2.9073529e+00  -2.3572353e+00
   1.1380000e+02  -2.1907353e+01   3.8402765e+01
   1.1390000e+02   5.9092647e+01  -5.8372353e+00
   1.1400000e+02  -6.9907353e+01   6.3322765e+01
   1.1410000e+02  -2.7907353e+01   2.0642765e+01
   1.1420000e+02  -6.5907353e+01   1.6276471e-01
   1.1430000e+02   4.0926471e+00   4.5362765e+01
   1.1440000e+02   2.0092647e+01   1.4722765e+01
   1.1450000e+02   5.7092647e+01   4.1242765e+01
   1.1460000e+02  -2.0907353e+01   9.8362765e+01
   1.1470000e+02   1.5092647e+01  -1.5077235e+01
   1.1480000e+02  -5.3907353e+01  -5.3172353e+00
   1.1490000e+02  -1.2990735e+02   4.7722765e+01
   1.1500000e+02  -3.6907353e+01   8.0027647e+00
   1.1510000e+02   3.4092647e+01   1.6162765e+01
   1.1520000e+02  -7.5907353e+01  -5.4372353e+00
   1.1530000e+02   1.3609265e+02  -2.6917235e+01
   1.1540000e+02  -2.0907353e+01  -6.6372353e+00
   1.1550000e+02  -1.2907353e+01   1.1042765e+01
   1.1560000e+02   3.0092647e+01  -5.5677235e+01
   1.1570000e+02   6.2092647e+01   6.4042765e+01
   1.1580000e+02   7.2092647e+01   1.4642765e+01
   1.1590000e+02   6.2092647e+01  -5.3957235e+01
   1.1600000e+02   7.5092647e+01  -5.2477235e+01
   1.1610000e+02   2.3092647e+01   2.5602765e+01
   1.1620000e+02  -9.9073529e+00  -3.9077235e+01
   1.1630000e+02   2.2092647e+01  -5.7357235e+01
   1.1640000e+02   1.0109265e+02  -4.0517235e+01
   1.1650000e+02  -5.5907353e+01  -1.2237235e+01
   1.1660000e+02   2.3092647e+01   9.6027647e+00
   1.1670000e+02  -1.9907353e+01   1.4322765e+01
   1.1680000e+02   2.6092647e+01  -3.3517235e+01
   1.1690000e+02  -5.6907353e+01   1.2802765e+01
   1.1700000e+02   2.4092647e+01   2.9562765e+01
   1.1710000e+02   7.5092647e+01  -4.3477235e+01
   1.1720000e+02  -4.6907353e+01   7.6402765e+01
   1.1730000e+02  -1.3907353e+01  -1.1917235e+01
   1.1740000e+02  -2.4907353e+01  -2.4772353e+00
   1.1750000e+02  -2.5907353e+01   7.5627647e+00
   1.1760000e+02  -2.6907353e+01   1.5602765e+01
   1.1770000e+02  -3.2907353e+01  -5.4157235e+01
   1.1780000e+02  -2.5907353e+01   7.9562765e+01
   1.1790000e+02  -2.6907353e+01  -3.5397235e+01
   1.1800000e+02   1.1092647e+01  -2.0917235e+01
   1.1810000e+02  -6.0907353e+01  -3.3037235e+01
   1.1820000e+02   3.9092647e+01   2.1962765e+01
   1.1830000e+02  -4.7907353e+01   1.6442765e+01
   1.1840000e+02   5.7092647e+01  -4.7572353e+00
   1.1850000e+02   2.3092647e+01  -4.5397235e+01
   1.1860000e+02   6.0926471e+00  -7.7717235e+01
   1.1870000e+02   2.8092647e+01   3.2402765e+01
   1.1880000e+02  -2.1907353e+01  -3.5972353e+00
   1.1890000e+02  -1.4907353e+01  -2.8877235e+01
   1.1900000e+02  -3.2907353e+01  -2.8157235e+01
   1.1910000e+02  -4.5907353e+01   1.5362765e+01
   1.1920000e+02  -8.1907353e+01   2.9802765e+01
   1.1930000e+02  -5.6907353e+01  -4.7197235e+01
   1.1940000e+02   3.3092647e+01  -4.3797235e+01
   1.1950000e+02   3.9092647e+01  -2.1037235e+01
   1.1960000e+02  -1.7907353e+01  -1.7757235e+01
   1.1970000e+02  -5.9073529e+00   6.4762765e+01
   1.1980000e+02   1.1409265e+02  -2.0037235e+01
   1.1990000e+02   3.2092647e+01  -3.8757235e+01
   1.2000000e+02  -1.4907353e+01   7.1227647e+00
   1.2010000e+02   5.4092647e+01  -2.3637235e+01
   1.2020000e+02   1.7092647e+01   6.8427647e+00
   1.2030000e+02   6.4092647e+01  -1.6037235e+01
   1.2040000e+02   5.6092647e+01   2.2282765e+01
   1.2050000e+02  -3.1907353e+01   4.2802765e+01
   1.2060000e+02  -2.0907353e+01   1.4362765e+01
   1.2070000e+02  -5.3907353e+01  -7.3172353e+00
   1.2080000e+02   7.8092647e+01  -1.5972353e+00
   1.2090000e+02   5.0092647e+01  -3.6477235e+01
   1.2100000e+02   6.9092647e+01  -6.5237235e+01
   1.2110000e+02  -1.9907353e+01   6.9322765e+01
   1.2120000e+02  -3.9907353e+01  -1.8877235e+01
   1.2130000e+02  -4.9907353e+01  -2.9477235e+01
   1.2140000e+02  -1.6907353e+01  -8.4797235e+01
   1.2150000e+02  -2.9073529e+00  -2.0357235e+01
   1.2160000e+02   1.5209265e+02   1.1442765e+01
   1.2170000e+02   9.4092647e+01  -3.0237235e+01
   1.2180000e+02   9.2092647e+01  -6.7157235e+01
   1.2190000e+02  -9.9073529e+00  -1.2077235e+01
   1.2200000e+02   6.4092647e+01  -3.7235294e-02
   1.2210000e+02  -5.7907353e+01  -3.2157235e+01
   1.2220000e+02  -3.9073529e+00   8.4682765e+01
   1.2230000e+02  -2.9907353e+01  -1.9277235e+01
   1.2240000e+02  -4.4907353e+01  -4.3677235e+01
   1.2250000e+02   1.9092647e+01  -3.3237235e+01
   1.2260000e+02  -2.4907353e+01  -3.2477235e+01
   1.2270000e+02  -1.3907353e+01  -2.4917235e+01
   1.2280000e+02  -6.7907353e+01  -5.0757235e+01
   1.2290000e+02  -2.1907353e+01  -1.5972353e+00
   1.2300000e+02  -6.4907353e+01  -4.3877235e+01
   1.2310000e+02  -7.5907353e+01   5.6276471e-01
   1.2320000e+02   1.0109265e+02  -1.2517235e+01
   1.2330000e+02   6.4092647e+01   4.6962765e+01
   1.2340000e+02   4.6092647e+01   6.6827647e+00
   1.2350000e+02   1.0092647e+01  -5.9877235e+01
   1.2360000e+02   2.2092647e+01  -1.9357235e+01
   1.2370000e+02  -4.4907353e+01  -1.6677235e+01
   1.2380000e+02   2.7092647e+01   5.4427647e+00
   1.2390000e+02  -1.8907353e+01  -8.7172353e+00
   1.2400000e+02  -1.1907353e+01   1.1002765e+01
   1.2410000e+02   8.0926471e+00  -1.3797235e+01
   1.2420000e+02  -1.2890735e+02   1.6682765e+01
   1.2430000e+02  -2.6907353e+01  -2.5397235e+01
   1.2440000e+02  -1.1790735e+02  -1.6757235e+01
   1.2450000e+02  -7.0907353e+01   3.5362765e+01
   1.2460000e+02  -2.8907353e+01  -5.8317235e+01
   1.2470000e+02  -9.9073529e+00   3.9227647e+00
   1.2480000e+02  -4.9073529e+00  -1.9277235e+01
   1.2490000e+02  -1.6907353e+01  -2.3797235e+01
   1.2500000e+02  -4.7907353e+01  -2.8557235e+01
   1.2510000e+02  -3.7907353e+01  -1.6957235e+01
   1.2520000e+02  -5.0907353e+01   3.8562765e+01
   1.2530000e+02  -2.6907353e+01  -1.3397235e+01
   1.2540000e+02   1.7092647e+01   4.8427647e+00
   1.2550000e+02  -7.2907353e+01   3.9442765e+01
   1.2560000e+02   7.0092647e+01  -2.5277235e+01
   1.2570000e+02  -1.0190735e+02   4.1602765e+01
   1.2580000e+02  -3.2907353e+01   3.0842765e+01
   1.2590000e+02   6.6092647e+01  -1.1117235e+01
   1.2600000e+02   3.1092647e+01   7.5282765e+01
   1.2610000e+02   5.0926471e+00  -1.1677235e+01
   1.2620000e+02   7.9092647e+01   6.3627647e+00
   1.2630000e+02   1.0092647e+01   1.3122765e+01
   1.2640000e+02  -3.9907353e+01  -1.8877235e+01
   1.2650000e+02  -6.8907353e+01   9.2827647e+00
   1.2660000e+02  -9.9073529e+00   1.8922765e+01
   1.2670000e+02  -2.2907353e+01   4.6442765e+01
   1.2680000e+02   4.1092647e+01   1.8827647e+00
   1.2690000e+02   3.0092647e+01   6.2322765e+01
   1.2700000e+02  -2.1907353e+01  -1.0597235e+01
   1.2710000e+02  -7.8907353e+01   1.1682765e+01
   1.2720000e+02  -1.4907353e+01  -2.5877235e+01
   1.2730000e+02   9.4092647e+01  -4.0237235e+01
   1.2740000e+02   1.8092647e+01  -4.1197235e+01
   1.2750000e+02  -3.2907353e+01  -1.1572353e+00
   1.2760000e+02   8.4092647e+01   3.8162765e+01
   1.2770000e+02  -7.9073529e+00   2.9842765e+01
   1.2780000e+02  -5.0907353e+01  -5.4372353e+00
   1.2790000e+02  -2.2907353e+01  -3.2557235e+01
   1.2800000e+02  -7.1907353e+01   7.4027647e+00
   1.2810000e+02   6.1092647e+01  -1.3917235e+01
   1.2820000e+02  -6.3907353e+01  -1.4917235e+01
   1.2830000e+02  -8.9073529e+00  -7.5117235e+01
   1.2840000e+02  -8.9073529e+00   2.0882765e+01
   1.2850000e+02   7.5092647e+01  -3.1477235e+01
   1.2860000e+02  -2.7907353e+01  -7.3357235e+01
   1.2870000e+02  -5.5907353e+01  -2.2372353e+00
   1.2880000e+02   1.4092647e+01  -2.6037235e+01
   1.2890000e+02  -1.5907353e+01   1.0162765e+01
   1.2900000e+02   8.4092647e+01  -5.1837235e+01
   1.2910000e+02  -3.8907353e+01   1.5082765e+01
   1.2920000e+02   1.7092647e+01  -4.4157235e+01
   1.2930000e+02  -2.5907353e+01  -5.2437235e+01
   1.2940000e+02  -5.0907353e+01  -3.4437235e+01
   1.2950000e+02   3.5092647e+01   1.2122765e+01
   1.2960000e+02  -2.6907353e+01  -1.8397235e+01
   1.2970000e+02  -7.3907353e+01   3.5482765e+01
   1.2980000e+02   1.5092647e+01   9.2276471e-01
   1.2990000e+02   1.7092647e+01   2.4842765e+01
   1.3000000e+02  -3.1907353e+01   3.3802765e+01
   1.3010000e+02  -8.9073529e+00   4.3882765e+01
   1.3020000e+02  -4.5907353e+01  -2.7637235e+01
   1.3030000e+02  -3.1907353e+01   8.0276471e-01
   1.3040000e+02  -3.4907353e+01  -1.4077235e+01
   1.3050000e+02  -5.9073529e+00  -2.3723529e-01
   1.3060000e+02   2.1092647e+01  -3.5317235e+01
   1.3070000e+02  -1.5907353e+01  -1.3837235e+01
   1.3080000e+02  -6.6907353e+01  -1.2797235e+01
   1.3090000e+02  -4.2907353e+01  -3.6757235e+01
   1.3100000e+02   4.4092647e+01   2.6762765e+01
   1.3110000e+02  -2.9907353e+01   4.4722765e+01
   1.3120000e+02   9.1092647e+01  -4.9117235e+01
   1.3130000e+02   9.2647059e-02   4.4522765e+01
   1.3140000e+02  -9.9073529e+00  -2.7077235e+01
   1.3150000e+02   2.0092647e+01  -2.2772353e+00
   1.3160000e+02  -7.2907353e+01   1.9442765e+01
   1.3170000e+02   5.0926471e+00  -6.5677235e+01
   1.3180000e+02   3.0926471e+00  -1.3597235e+01
   1.3190000e+02   6.0926471e+00   3.2827647e+00
   1.3200000e+02   1.1509265e+02   9.2922765e+01
   1.3210000e+02   1.5092647e+01  -5.9077235e+01
   1.3220000e+02  -1.8907353e+01   1.5282765e+01
   1.3230000e+02   4.2092647e+01   6.2842765e+01
   1.3240000e+02   4.6092647e+01   4.3682765e+01
   1.3250000e+02  -3.0907353e+01  -6.4237235e+01
   1.3260000e+02  -7.0907353e+01  -1.5637235e+01
   1.3270000e+02  -4.8907353e+01  -3.3517235e+01
   1.3280000e+02  -6.5907353e+01   2.4162765e+01
   1.3290000e+02   2.0092647e+01   8.7227647e+00
   1.3300000e+02   1.7092647e+01   5.9842765e+01
   1.3310000e+02  -5.9907353e+01  -6.0772353e+00
   1.3320000e+02  -5.8907353e+01  -5.3117235e+01
   1.3330000e+02  -2.0907353e+01   7.3627647e+00
   1.3340000e+02  -4.0907353e+01   1.8162765e+01
   1.3350000e+02  -9.0735294e-01  -2.2437235e+01
   1.3360000e+02  -7.1907353e+01   2.1402765e+01
   1.3370000e+02   8.0926471e+00   1.2202765e+01
   1.3380000e+02   9.2647059e-02  -3.9477235e+01
   1.3390000e+02  -2.0907353e+01  -2.0637235e+01
   1.3400000e+02  -4.3907353e+01   2.2282765e+01
   1.3410000e+02   6.0926471e+00   1.0282765e+01
   1.3420000e+02  -5.1907353e+01   1.3602765e+01
   1.3430000e+02  -5.9073529e+00  -5.2372353e+00
   1.3440000e+02  -4.8907353e+01  -1.0517235e+01
   1.3450000e+02  -3.9073529e+00   6.6827647e+00
   1.3460000e+02  -2.5907353e+01   1.9562765e+01
   1.3470000e+02  -6.4907353e+01   5.1227647e+00
   1.3480000e+02  -5.5907353e+01  -2.3723529e-01
   1.3490000e+02  -2.4907353e+01   1.5522765e+01
   1.3500000e+02  -4.4907353e+01  -5.1677235e+01
   1.3510000e+02  -1.4907353e+01  -1.4877235e+01
   1.3520000e+02   2.3092647e+01  -3.0397235e+01
   1.3530000e+02  -8.0907353e+01  -2.4237235e+01
   1.3540000e+02   8.7092647e+01   3.9042765e+01
   1.3550000e+02   6.7092647e+01  -1.5723529e-01
   1.3560000e+02   2.0926471e+00  -1.0557235e+01
   1.3570000e+02  -2.1907353e+01  -4.7597235e+01
   1.3580000e+02   3.2092647e+01  -5.5757235e+01
   1.3590000e+02  -9.5907353e+01   5.1362765e+01
   1.3600000e+02   1.6092647e+01  -5.4117235e+01
   1.3610000e+02   3.5092647e+01   7.7122765e+01
   1.3620000e+02   7.0926471e+00  -4.7572353e+00
   1.3630000e+02  -1.3907353e+01  -4.9172353e+00
   1.3640000e+02  -8.6907353e+01  -3.4997235e+01
   1.3650000e+02  -7.2907353e+01  -3.5557235e+01
   1.3660000e+02  -5.2907353e+01   4.1642765e+01
   1.3670000e+02  -4.9073529e+00   6.7227647e+00
   1.3680000e+02  -3.4907353e+01  -5.3077235e+01
   1.3690000e+02   1.3092647e+01  -7.9972353e+00
   1.3700000e+02  -1.3907353e+01  -6.1917235e+01
   1.3710000e+02  -7.2907353e+01  -5.8557235e+01
   1.3720000e+02  -5.5907353e+01   4.7627647e+00
   1.3730000e+02  -7.1907353e+01   1.8402765e+01
   1.3740000e+02  -3.8907353e+01   4.3082765e+01
   1.3750000e+02  -3.9073529e+00  -3.0317235e+01
   1.3760000e+02   3.2092647e+01   2.7242765e+01
   1.3770000e+02   1.8092647e+01  -8.2197235e+01
   1.3780000e+02  -9.9073529e+00   5.6922765e+01
   1.3790000e+02  -5.0907353e+01  -4.3437235e+01
   1.3800000e+02   6.3092647e+01   4.6002765e+01
   1.3810000e+02   7.7092647e+01  -2.4557235e+01
   1.3820000e+02   1.0926471e+00   2.8482765e+01
   1.3830000e+02  -8.1907353e+01  -1.5197235e+01
   1.3840000e+02  -3.5907353e+01  -6.0372353e+00
   1.3850000e+02  -4.2907353e+01   5.5242765e+01
   1.3860000e+02   9.0926471e+00  -4.5837235e+01
   1.3870000e+02  -1.4907353e+01  -3.8877235e+01
   1.3880000e+02   7.7092647e+01   6.5442765e+01
   1.3890000e+02  -3.9907353e+01  -3.0877235e+01
   1.3900000e+02   1.2092647e+01  -1.2957235e+01
   1.3910000e+02  -1.9907353e+01  -2.2677235e+01
   1.3920000e+02  -4.9907353e+01  -9.4772353e+00
   1.3930000e+02  -3.0907353e+01  -2.2237235e+01
   1.3940000e+02   2.5092647e+01  -3.3477235e+01
   1.3950000e+02  -8.9073529e+00   4.8827647e+00
   1.3960000e+02  -1.1290735e+02   6.0042765e+01
   1.3970000e+02  -4.4907353e+01  -5.6772353e+00
   1.3980000e+02  -3.2907353e+01  -1.1572353e+00
   1.3990000e+02   4.9092647e+01  -1.1437235e+01
   1.4000000e+02   6.1092647e+01   1.5082765e+01
   1.4010000e+02   9.2647059e-02   2.0522765e+01
   1.4020000e+02  -3.8907353e+01  -2.0917235e+01
   1.4030000e+02  -5.9073529e+00  -1.6237235e+01
   1.4040000e+02   3.3092647e+01   2.2027647e+00
   1.4050000e+02  -1.5907353e+01   1.6276471e-01
   1.4060000e+02  -3.0907353e+01  -6.2372353e+00
   1.4070000e+02   5.4092647e+01  -6.6372353e+00
   1.4080000e+02   3.2092647e+01  -8.7572353e+00
   1.4090000e+02   4.1092647e+01  -3.1117235e+01
   1.4100000e+02   2.4092647e+01  -5.4372353e+00
   1.4110000e+02  -3.3907353e+01  -1.1172353e+00
   1.4120000e+02   3.8092647e+01  -4.1997235e+01
   1.4130000e+02   4.1092647e+01  -1.3117235e+01
   1.4140000e+02  -9.4907353e+01  -1.8677235e+01
   1.4150000e+02  -3.0907353e+01   2.6762765e+01
   1.4160000e+02   2.1092647e+01   1.3682765e+01
   1.4170000e+02  -3.8907353e+01   1.1082765e+01
   1.4180000e+02   6.1092647e+01  -2.0917235e+01
   1.4190000e+02  -2.9073529e+00  -5.3572353e+00
   1.4200000e+02   5.3092647e+01  -3.6597235e+01
   1.4210000e+02  -1.3907353e+01   2.7082765e+01
   1.4220000e+02   2.0092647e+01  -3.3277235e+01
   1.4230000e+02   4.5092647e+01  -3.5277235e+01
   1.4240000e+02  -4.3907353e+01   4.5282765e+01
   1.4250000e+02   2.0092647e+01   2.6722765e+01
   1.4260000e+02  -1.0190735e+02  -3.0397235e+01
   1.4270000e+02   9.0092647e+01  -4.6077235e+01
   1.4280000e+02   5.0926471e+00  -2.7677235e+01
   1.4290000e+02  -1.8907353e+01  -2.0717235e+01
   1.4300000e+02  -7.0907353e+01   4.4362765e+01
   1.4310000e+02  -2.5907353e+01  -1.1437235e+01
   1.4320000e+02  -8.0907353e+01  -1.0237235e+01
   1.4330000e+02  -3.7907353e+01  -5.6957235e+01
   1.4340000e+02   6.9092647e+01  -8.2372353e+00
   1.4350000e+02  -1.6907353e+01   3.6202765e+01
   1.4360000e+02  -7.9073529e+00  -6.1572353e+00
   1.4370000e+02   1.6092647e+01  -7.1117235e+01
   1.4380000e+02   3.5092647e+01  -3.9877235e+01
   1.4390000e+02  -2.9073529e+00   4.2642765e+01
   1.4400000e+02  -5.5907353e+01   9.7627647e+00
   1.4410000e+02   1.2092647e+01   9.0427647e+00
   1.4420000e+02  -7.0907353e+01   1.7362765e+01
   1.4430000e+02  -3.8907353e+01   9.0827647e+00
   1.4440000e+02  -3.9073529e+00  -1.0317235e+01
   1.4450000e+02  -6.4907353e+01  -6.8772353e+00
   1.4460000e+02   9.2647059e-02  -1.6477235e+01
   1.4470000e+02  -1.1907353e+01  -3.2997235e+01
   1.4480000e+02  -6.2907353e+01  -6.9572353e+00
   1.4490000e+02  -8.9073529e+00  -2.6117235e+01
   1.4500000e+02  -8.9073529e+00  -2.7117235e+01
   1.4510000e+02  -5.0907353e+01   2.4562765e+01
   1.4520000e+02   2.2092647e+01  -4.0357235e+01
   1.4530000e+02  -3.5907353e+01  -1.8037235e+01
   1.4540000e+02  -1.7907353e+01  -3.0757235e+01
   1.4550000e+02   9.0926471e+00  -4.2837235e+01
   1.4560000e+02  -9.9073529e+00  -3.9077235e+01
   1.4570000e+02   3.6092647e+01  -1.3917235e+01
   1.4580000e+02  -7.2907353e+01  -4.4557235e+01
   1.4590000e+02   1.5092647e+01  -1.0772353e+00
   1.4600000e+02   1.3092647e+01  -1.9972353e+00
   1.4610000e+02  -3.0907353e+01   4.9762765e+01
   1.4620000e+02   1.8092647e+01   2.7802765e+01
   1.4630000e+02   1.8092647e+01  -2.3197235e+01
   1.4640000e+02   7.5092647e+01   3.4522765e+01
   1.4650000e+02  -3.0907353e+01   2.5762765e+01
   1.4660000e+02   1.2092647e+01  -1.1957235e+01
   1.4670000e+02  -1.2907353e+01  -1.4957235e+01
   1.4680000e+02   3.4092647e+01  -3.5837235e+01
   1.4690000e+02  -8.2907353e+01   3.1842765e+01
   1.4700000e+02  -2.1907353e+01  -4.2597235e+01
   1.4710000e+02   6.0926471e+00   5.2827647e+00
   1.4720000e+02  -8.9073529e+00  -2.1117235e+01
   1.4730000e+02  -1.9073529e+00  -1.2397235e+01
   1.4740000e+02  -1.0990735e+02   1.7922765e+01
   1.4750000e+02  -6.2907353e+01   2.3042765e+01
   1.4760000e+02  -4.9907353e+01  -1.5477235e+01
   1.4770000e+02   1.1092647e+01   4.5082765e+01
   1.4780000e+02  -9.0735294e-01  -1.9437235e+01
   1.4790000e+02   5.9092647e+01  -2.6837235e+01
   1.4800000e+02   2.0926471e+00   1.6442765e+01
   1.4810000e+02  -8.9907353e+01   3.5122765e+01
   1.4820000e+02  -3.1907353e+01   7.8027647e+00
   1.4830000e+02   3.4092647e+01  -2.3837235e+01
   1.4840000e+02   8.9092647e+01   7.1962765e+01
   1.4850000e+02   5.6092647e+01  -4.7172353e+00
   1.4860000e+02  -1.2907353e+01   7.0042765e+01
   1.4870000e+02   6.5092647e+01   8.0922765e+01
   1.4880000e+02  -7.8907353e+01   9.6827647e+00
   1.4890000e+02   4.6092647e+01  -1.4317235e+01
   1.4900000e+02   5.0926471e+00  -3.0677235e+01
   1.4910000e+02   1.8092647e+01   4.8027647e+00
   1.4920000e+02  -2.8907353e+01  -1.5317235e+01
   1.4930000e+02   1.4092647e+01  -2.3037235e+01
   1.4940000e+02  -1.6907353e+01  -2.8797235e+01
   1.4950000e+02   4.5092647e+01  -2.1277235e+01
   1.4960000e+02   4.0926471e+00  -2.9637235e+01
   1.4970000e+02  -3.8907353e+01   8.2764706e-02
   1.4980000e+02  -3.2907353e+01   4.1842765e+01
   1.4990000e+02   9.0092647e+01  -2.6077235e+01
   1.5000000e+02  -3.1907353e+01   1.0802765e+01
   1.5010000e+02  -1.1190735e+02   1.2002765e+01
   1.5020000e+02   2.3092647e+01   2.4602765e+01
   1.5030000e+02  -1.0907353e+01  -5.6037235e+01
   1.5040000e+02  -6.3907353e+01   7.0827647e+00
   1.5050000e+02   2.5092647e+01  -1.4477235e+01
   1.5060000e+02  -2.6907353e+01   1.2602765e+01
   1.5070000e+02  -2.2907353e+01   2.4442765e+01
   1.5080000e+02  -4.3907353e+01  -2.1717235e+01
   1.5090000e+02  -8.9073529e+00   1.8827647e+00
   1.5100000e+02  -3.5907353e+01   6.2962765e+01
   1.5110000e+02  -7.2907353e+01  -9.5572353e+00
   1.5120000e+02  -4.4907353e+01   3.3227647e+00
   1.5130000e+02  -7.9073529e+00  -2.7157235e+01
   1.5140000e+02  -4.6907353e+01   1.3402765e+01
   1.5150000e+02  -1.3190735e+02  -3.8197235e+01
   1.5160000e+02  -8.3907353e+01   3.8882765e+01
   1.5170000e+02   1.7092647e+01   5.2842765e+01
   1.5180000e+02  -5.0907353e+01   4.5627647e+00
   1.5190000e+02  -6.7907353e+01  -6.7572353e+00
   1.5200000e+02  -4.3907353e+01  -4.6717235e+01
   1.5210000e+02   9.0926471e+00  -2.0837235e+01
   1.5220000e+02  -2.7907353e+01  -2.2357235e+01
   1.5230000e+02  -9.1907353e+01  -1.7972353e+00
   1.5240000e+02   4.9092647e+01  -4.1437235e+01
   1.5250000e+02  -7.9073529e+00  -9.1572353e+00
   1.5260000e+02   4.8092647e+01  -1.4397235e+01
   1.5270000e+02   4.2092647e+01   3.1842765e+01
   1.5280000e+02  -2.9907353e+01  -4.3277235e+01
   1.5290000e+02  -9.5907353e+01  -5.7637235e+01
   1.5300000e+02   2.7092647e+01  -1.0557235e+01
   1.5310000e+02  -1.1190735e+02  -4.0997235e+01
   1.5320000e+02  -7.8907353e+01  -3.7317235e+01
   1.5330000e+02  -3.3907353e+01  -3.6117235e+01
   1.5340000e+02  -5.4907353e+01  -1.8277235e+01
   1.5350000e+02  -1.5907353e+01   1.2162765e+01
   1.5360000e+02  -3.7907353e+01  -6.8957235e+01
   1.5370000e+02  -1.2490735e+02  -3.9477235e+01
   1.5380000e+02  -7.6907353e+01   5.6027647e+00
   1.5390000e+02   1.5092647e+01   2.2922765e+01
   1.5400000e+02   4.8092647e+01  -5.9397235e+01
   1.5410000e+02  -5.3907353e+01  -1.8317235e+01
   1.5420000e+02   5.9092647e+01  -2.9837235e+01
   1.5430000e+02  -4.5907353e+01   1.6362765e+01
   1.5440000e+02  -7.1907353e+01  -1.5972353e+00
   1.5450000e+02  -1.1907353e+01   7.0002765e+01
   1.5460000e+02  -3.5907353e+01  -7.0372353e+00
   1.5470000e+02  -4.9907353e+01  -4.1477235e+01
   1.5480000e+02   1.3092647e+01  -2.9997235e+01
   1.5490000e+02  -6.5907353e+01  -5.4837235e+01
   1.5500000e+02  -8.9907353e+01  -3.6877235e+01
   1.5510000e+02  -3.9907353e+01  -2.8772353e+00
   1.5520000e+02   3.6092647e+01  -1.4917235e+01
   1.5530000e+02  -8.5907353e+01  -1.8037235e+01
   1.5540000e+02  -9.4907353e+01  -5.6677235e+01
   1.5550000e+02  -2.7907353e+01  -2.1357235e+01
   1.5560000e+02  -7.0907353e+01  -2.1637235e+01
   1.5570000e+02  -4.2907353e+01  -4.0757235e+01
   1.5580000e+02   1.5092647e+01   4.5922765e+01
   1.5590000e+02  -2.4907353e+01  -1.7477235e+01
   1.5600000e+02   1.3409265e+02  -4.5837235e+01
   1.5610000e+02   4.6092647e+01   9.6827647e+00
   1.5620000e+02  -3.5907353e+01  -3.5037235e+01
   1.5630000e+02  -1.1907353e+01  -2.1997235e+01
   1.5640000e+02  -5.8907353e+01  -2.5117235e+01
   1.5650000e+02  -3.9073529e+00   6.0682765e+01
   1.5660000e+02  -1.0907353e+01  -7.0372353e+00
   1.5670000e+02   5.4092647e+01   4.7362765e+01
   1.5680000e+02  -2.7907353e+01  -3.9357235e+01
   1.5690000e+02   1.4092647e+01  -4.5037235e+01
   1.5700000e+02   1.4092647e+01  -2.7037235e+01
   1.5710000e+02   4.1092647e+01   2.5882765e+01
   1.5720000e+02   3.2092647e+01   8.2427647e+00
   1.5730000e+02  -4.9907353e+01  -5.4772353e+00
   1.5740000e+02  -8.7907353e+01  -3.6957235e+01
   1.5750000e+02   3.5092647e+01   1.4122765e+01
   1.5760000e+02  -2.3907353e+01   5.8482765e+01
   1.5770000e+02  -1.8907353e+01  -2.9717235e+01
   1.5780000e+02  -3.3907353e+01  -4.3117235e+01
   1.5790000e+02  -5.1907353e+01  -3.3972353e+00
   1.5800000e+02   3.6092647e+01  -2.3917235e+01
   1.5810000e+02   1.2092647e+01  -5.9572353e+00
   1.5820000e+02   5.8092647e+01  -1.4797235e+01
   1.5830000e+02  -1.9907353e+01   2.2322765e+01
   1.5840000e+02   8.3092647e+01  -5.4797235e+01
   1.5850000e+02   8.6092647e+01  -1.7917235e+01
   1.5860000e+02   3.3092647e+01   8.2027647e+00
   1.5870000e+02   3.8092647e+01  -4.4997235e+01
   1.5880000e+02  -2.7907353e+01   9.6427647e+00
   1.5890000e+02  -8.8907353e+01  -5.1917235e+01
   1.5900000e+02   4.1092647e+01   2.8882765e+01
   1.5910000e+02  -5.6907353e+01  -1.0197235e+01
   1.5920000e+02   3.1092647e+01   1.3282765e+01
   1.5930000e+02   5.0092647e+01  -6.5477235e+01
   1.5940000e+02   1.9092647e+01  -3.3237235e+01
   1.5950000e+02  -6.9073529e+00  -6.1972353e+00
   1.5960000e+02  -1.8907353e+01  -3.0717235e+01
   1.5970000e+02   2.0926471e+00  -5.5723529e-01
   1.5980000e+02  -1.5907353e+01   3.1162765e+01
   1.5990000e+02  -6.9073529e+00  -5.0197235e+01
   1.6000000e+02  -4.9073529e+00  -2.0277235e+01
   1.6010000e+02   2.6092647e+01  -3.5517235e+01
   1.6020000e+02  -3.4907353e+01  -2.0772353e+00
   1.6030000e+02  -1.7907353e+01  -2.8757235e+01
   1.6040000e+02  -6.1907353e+01   1.0002765e+01
   1.6050000e+02   1.4092647e+01   5.9627647e+00
   1.6060000e+02   1.7092647e+01  -3.0157235e+01
   1.6070000e+02  -9.8907353e+01  -2.3517235e+01
   1.6080000e+02  -6.3907353e+01  -8.9172353e+00
   1.6090000e+02  -1.2907353e+01   2.0427647e+00
   1.6100000e+02  -5.3907353e+01  -3.1723529e-01
   1.6110000e+02   8.0926471e+00  -4.7972353e+00
   1.6120000e+02  -6.6907353e+01   1.6202765e+01
   1.6130000e+02   4.5092647e+01  -4.2277235e+01
   1.6140000e+02   1.3809265e+02   8.0027647e+00
   1.6150000e+02  -1.1907353e+01   9.0027647e+00
   1.6160000e+02  -1.6907353e+01   2.0276471e-01
   1.6170000e+02   2.5092647e+01   3.6522765e+01
   1.6180000e+02  -2.4907353e+01   5.6522765e+01
   1.6190000e+02   3.0092647e+01  -4.8677235e+01
   1.6200000e+02  -2.1907353e+01   1.8402765e+01
   1.6210000e+02  -2.6907353e+01  -5.3972353e+00
   1.6220000e+02  -6.0907353e+01   3.1962765e+01
   1.6230000e+02  -1.4907353e+01   8.1227647e+00
   1.6240000e+02  -2.6907353e+01  -3.0397235e+01
   1.6250000e+02  -5.9907353e+01  -1.8077235e+01
   1.6260000e+02   2.7092647e+01  -1.8557235e+01
   1.6270000e+02  -3.5907353e+01  -1.6037235e+01
   1.6280000e+02  -7.2907353e+01   2.0442765e+01
   1.6290000e+02   3.6092647e+01  -4.6917235e+01
   1.6300000e+02  -1.4907353e+01  -6.8772353e+00
   1.6310000e+02  -3.7907353e+01   7.1042765e+01
   1.6320000e+02  -2.6907353e+01   3.2602765e+01
   1.6330000e+02   2.1092647e+01  -4.8317235e+01
   1.6340000e+02  -3.9907353e+01   8.1227647e+00
   1.6350000e+02   1.4092647e+01  -1.1037235e+01
   1.6360000e+02   2.7092647e+01  -4.3557235e+01
   1.6370000e+02  -3.3907353e+01  -4.1117235e+01
   1.6380000e+02   3.4092647e+01  -3.3837235e+01
   1.6390000e+02  -1.3907353e+01  -5.4917235e+01
   1.6400000e+02  -5.4907353e+01  -4.0277235e+01
   1.6410000e+02  -3.4907353e+01  -7.7235294e-02
   1.6420000e+02   5.0092647e+01  -3.7477235e+01
   1.6430000e+02   6.0926471e+00  -1.1717235e+01
   1.6440000e+02  -1.1990735e+02  -3.8677235e+01
   1.6450000e+02   6.7092647e+01   3.8427647e+00
   1.6460000e+02  -3.4907353e+01  -4.5077235e+01
   1.6470000e+02   1.4092647e+01   3.0962765e+01
   1.6480000e+02  -7.7907353e+01  -4.6357235e+01
   1.6490000e+02  -1.1907353e+01  -3.0997235e+01
   1.6500000e+02  -5.8907353e+01  -3.9117235e+01
   1.6510000e+02   3.2092647e+01  -3.2757235e+01
   1.6520000e+02  -7.2907353e+01  -2.3557235e+01
   1.6530000e+02  -2.2907353e+01  -3.0557235e+01
   1.6540000e+02  -2.5907353e+01  -3.6437235e+01
   1.6550000e+02  -5.3907353e+01  -1.0317235e+01
   1.6560000e+02  -2.9073529e+00   3.6427647e+00
   1.6570000e+02   3.1092647e+01   2.2827647e+00
   1.6580000e+02  -4.1907353e+01  -3.8797235e+01
   1.6590000e+02  -9.3907353e+01  -2.7717235e+01
   1.6600000e+02   3.4092647e+01   2.1627647e+00
   1.6610000e+02  -3.9907353e+01  -2.9877235e+01
   1.6620000e+02  -5.9907353e+01  -1.2077235e+01
   1.6630000e+02  -8.9073529e+00  -2.3117235e+01
   1.6640000e+02   1.5092647e+01  -1.0077235e+01
   1.6650000e+02  -9.0735294e-01   3.4562765e+01
   1.6660000e+02   1.4092647e+01   6.1962765e+01
   1.6670000e+02  -8.8907353e+01   2.4082765e+01
   1.6680000e+02  -1.7907353e+01  -4.5757235e+01
   1.6690000e+02  -4.0907353e+01  -6.2837235e+01
   1.6700000e+02  -1.0190735e+02  -4.9397235e+01
   1.6710000e+02   1.7092647e+01  -5.5157235e+01
   1.6720000e+02  -4.7907353e+01  -1.4557235e+01
   1.6730000e+02   9.2092647e+01  -4.4157235e+01
   1.6740000e+02  -6.2907353e+01  -2.4957235e+01
   1.6750000e+02   1.6092647e+01  -1.3117235e+01
   1.6760000e+02  -3.4907353e+01  -2.6077235e+01
   1.6770000e+02   2.5092647e+01  -3.8477235e+01
   1.6780000e+02  -1.0190735e+02  -2.1397235e+01
   1.6790000e+02  -8.0907353e+01  -2.1237235e+01
   1.6800000e+02   2.6092647e+01   1.2482765e+01
   1.6810000e+02  -8.9073529e+00   7.8827647e+00
   1.6820000e+02  -2.2907353e+01  -2.0557235e+01
   1.6830000e+02  -5.4907353e+01   1.7722765e+01
   1.6840000e+02  -3.3907353e+01   6.8827647e+00
   1.6850000e+02   5.9092647e+01  -1.6837235e+01
   1.6860000e+02   4.6092647e+01  -1.3172353e+00
   1.6870000e+02  -2.5907353e+01  -2.0437235e+01
   1.6880000e+02  -1.1390735e+02  -1.7917235e+01
   1.6890000e+02   3.2092647e+01  -1.0757235e+01
   1.6900000e+02  -7.8907353e+01   2.9682765e+01
   1.6910000e+02  -7.2907353e+01   3.9442765e+01
   1.6920000e+02  -5.9907353e+01  -1.9077235e+01
   1.6930000e+02  -1.7907353e+01   4.2427647e+00
   1.6940000e+02  -2.3907353e+01  -2.5517235e+01
   1.6950000e+02   1.6009265e+02   5.1227647e+00
   1.6960000e+02   1.8092647e+01   1.6802765e+01
   1.6970000e+02  -1.8907353e+01  -1.3717235e+01
   1.6980000e+02  -3.3907353e+01   3.4882765e+01
   1.6990000e+02  -9.6907353e+01  -1.8597235e+01
   1.7000000e+02  -4.0907353e+01   1.6276471e-01
   1.7010000e+02  -5.6907353e+01   9.1802765e+01
   1.7020000e+02  -1.8907353e+01  -1.1717235e+01
   1.7030000e+02   4.3092647e+01  -2.7197235e+01
   1.7040000e+02  -8.4907353e+01  -1.5077235e+01
   1.7050000e+02   1.4092647e+01  -2.5037235e+01
   1.7060000e+02   1.8092647e+01   4.0802765e+01
   1.7070000e+02  -2.2907353e+01  -3.4557235e+01
   1.7080000e+02  -7.3907353e+01  -2.6517235e+01
   1.7090000e+02   4.7092647e+01  -2.1357235e+01
   1.7100000e+02   3.1092647e+01  -5.5717235e+01
   1.7110000e+02  -5.1907353e+01   6.6027647e+00
   1.7120000e+02  -5.0907353e+01   1.8562765e+01
   1.7130000e+02   3.0092647e+01  -7.6772353e+00
   1.7140000e+02   8.3092647e+01  -3.4797235e+01
   1.7150000e+02   5.3092647e+01  -2.1597235e+01
   1.7160000e+02  -2.9073529e+00   1.6427647e+00
   1.7170000e+02   3.0926471e+00  -1.2597235e+01
   1.7180000e+02   3.8092647e+01  -4.6997235e+01
   1.7190000e+02  -7.9073529e+00  -9.1572353e+00
   1.7200000e+02  -5.5907353e+01  -4.0237235e+01
   1.7210000e+02   3.5092647e+01  -2.2877235e+01
   1.7220000e+02  -5.9073529e+00   1.8762765e+01
   1.7230000e+02  -1.2907353e+01  -3.3957235e+01
   1.7240000e+02  -6.0907353e+01   1.4962765e+01
   1.7250000e+02  -1.8907353e+01   8.3282765e+01
   1.7260000e+02  -7.5907353e+01  -1.0437235e+01
   1.7270000e+02   2.3092647e+01  -3.7397235e+01
   1.7280000e+02  -9.6907353e+01  -2.5972353e+00
   1.7290000e+02  -1.5907353e+01   1.6276471e-01
   1.7300000e+02  -5.2907353e+01  -2.8357235e+01
   1.7310000e+02   4.5092647e+01  -2.3277235e+01
   1.7320000e+02  -2.0907353e+01  -1.7637235e+01
   1.7330000e+02  -4.0907353e+01  -3.0837235e+01
   1.7340000e+02   3.1092647e+01  -3.9717235e+01
   1.7350000e+02   3.6092647e+01  -3.2917235e+01
   1.7360000e+02   7.3092647e+01  -3.1397235e+01
   1.7370000e+02  -7.9073529e+00  -4.3157235e+01
   1.7380000e+02   2.1092647e+01  -3.5317235e+01
   1.7390000e+02  -1.0290735e+02   3.7642765e+01
   1.7400000e+02   3.7092647e+01  -5.7957235e+01
   1.7410000e+02  -6.2907353e+01   6.0427647e+00
   1.7420000e+02  -3.4907353e+01  -1.7077235e+01
   1.7430000e+02  -6.1907353e+01  -3.2997235e+01
   1.7440000e+02  -8.0907353e+01  -2.4237235e+01
   1.7450000e+02   3.6092647e+01  -3.3917235e+01
   1.7460000e+02   3.5092647e+01  -2.5877235e+01
   1.7470000e+02  -9.0907353e+01   1.1162765e+01
   1.7480000e+02  -8.8907353e+01  -3.1917235e+01
   1.7490000e+02  -1.0590735e+02  -1.2372353e+00
   1.7500000e+02  -1.3907353e+01  -2.1917235e+01
   1.7510000e+02   5.4092647e+01  -1.8637235e+01
   1.7520000e+02  -2.7907353e+01  -5.5357235e+01
   1.7530000e+02  -5.0907353e+01  -2.5437235e+01
   1.7540000e+02  -6.0907353e+01   4.4962765e+01
   1.7550000e+02  -3.5907353e+01   6.3962765e+01
   1.7560000e+02   4.1092647e+01  -1.9117235e+01
   1.7570000e+02  -9.9907353e+01  -3.7477235e+01
   1.7580000e+02  -6.0907353e+01   9.9627647e+00
   1.7590000e+02  -9.9073529e+00  -7.0772353e+00
   1.7600000e+02  -5.4907353e+01  -1.5277235e+01
   1.7610000e+02  -2.5907353e+01   3.8562765e+01
   1.7620000e+02   9.0926471e+00   3.5162765e+01
   1.7630000e+02  -8.2907353e+01  -6.1572353e+00
   1.7640000e+02  -3.1907353e+01  -6.7197235e+01
   1.7650000e+02   5.8092647e+01  -2.7972353e+00
   1.7660000e+02  -7.8907353e+01   1.8682765e+01
   1.7670000e+02  -2.9907353e+01   3.0722765e+01
   1.7680000e+02  -8.9073529e+00  -6.1172353e+00
   1.7690000e+02  -4.4907353e+01  -2.1677235e+01
   1.7700000e+02  -2.0907353e+01  -1.0637235e+01
   1.7710000e+02  -4.9907353e+01   7.5227647e+00
   1.7720000e+02   1.4092647e+01  -1.3037235e+01
   1.7730000e+02   1.8092647e+01   2.2802765e+01
   1.7740000e+02  -1.5907353e+01   6.1627647e+00
   1.7750000e+02  -1.8907353e+01  -8.7172353e+00
   1.7760000e+02  -4.5907353e+01   4.7362765e+01
   1.7770000e+02   3.3092647e+01  -2.3797235e+01
   1.7780000e+02  -7.8907353e+01  -3.9317235e+01
   1.7790000e+02  -8.3907353e+01   5.8882765e+01
   1.7800000e+02  -2.6907353e+01   8.6027647e+00
   1.7810000e+02  -9.0735294e-01  -4.7437235e+01
   1.7820000e+02  -5.9907353e+01  -1.1077235e+01
   1.7830000e+02  -8.4907353e+01  -3.0077235e+01
   1.7840000e+02   3.3092647e+01   1.2027647e+00
   1.7850000e+02  -1.0907353e+01   1.8962765e+01
   1.7860000e+02   3.7092647e+01  -7.1957235e+01
   1.7870000e+02  -2.8907353e+01  -6.5317235e+01
   1.7880000e+02  -4.9907353e+01  -3.4477235e+01
   1.7890000e+02  -4.5907353e+01  -1.8637235e+01
   1.7900000e+02   3.9092647e+01  -2.5037235e+01
   1.7910000e+02   3.2092647e+01  -6.1757235e+01
   1.7920000e+02   9.2092647e+01  -2.0157235e+01
   1.7930000e+02  -1.0907353e+01  -1.7037235e+01
   1.7940000e+02   3.7092647e+01  -6.9572353e+00
   1.7950000e+02  -5.9073529e+00  -3.2372353e+00
   1.7960000e+02   1.0926471e+00   4.9482765e+01
   1.7970000e+02  -2.4907353e+01  -5.2477235e+01
   1.7980000e+02  -1.9907353e+01  -2.1677235e+01
   1.7990000e+02  -1.8907353e+01   1.1282765e+01
   1.8000000e+02   1.0926471e+00   1.5482765e+01
   1.8010000e+02  -8.5907353e+01   1.0962765e+01
   1.8020000e+02  -2.6907353e+01   5.6027647e+00
   1.8030000e+02   1.0926471e+00   1.2482765e+01
   1.8040000e+02   5.0926471e+00  -1.4677235e+01
   1.8050000e+02  -1.5907353e+01   4.1627647e+00
   1.8060000e+02  -1.1907353e+01   4.4002765e+01
   1.8070000e+02   1.9092647e+01   6.7627647e+00
   1.8080000e+02   1.1909265e+02   3.7627647e+00
   1.8090000e+02   4.4092647e+01   1.1762765e+01
   1.8100000e+02   3.7092647e+01  -8.9572353e+00
   1.8110000e+02   4.3092647e+01  -1.2197235e+01
   1.8120000e+02  -1.5907353e+01  -9.8372353e+00
   1.8130000e+02   1.7092647e+01  -1.3157235e+01
   1.8140000e+02  -5.6907353e+01   4.8802765e+01
   1.8150000e+02   2.2092647e+01   5.0642765e+01
   1.8160000e+02  -5.8907353e+01  -2.8117235e+01
   1.8170000e+02   1.4092647e+01  -4.3037235e+01
   1.8180000e+02  -7.9907353e+01   8.6722765e+01
   1.8190000e+02  -2.0907353e+01   1.2362765e+01
   1.8200000e+02  -3.0907353e+01   7.7627647e+00
   1.8210000e+02   3.3092647e+01  -5.6797235e+01
   1.8220000e+02   4.8092647e+01  -4.1397235e+01
   1.8230000e+02   1.3092647e+01  -3.3997235e+01
   1.8240000e+02   9.8092647e+01   4.9602765e+01
   1.8250000e+02   7.2092647e+01  -9.3572353e+00
   1.8260000e+02   9.5092647e+01  -1.7277235e+01
   1.8270000e+02   7.0092647e+01   6.7722765e+01
   1.8280000e+02   5.7092647e+01   4.4242765e+01
   1.8290000e+02  -1.7907353e+01  -1.4757235e+01
   1.8300000e+02   1.0092647e+01  -2.0877235e+01
   1.8310000e+02   1.7209265e+02  -5.0357235e+01
   1.8320000e+02  -1.1907353e+01   2.2002765e+01
   1.8330000e+02  -9.7907353e+01   8.4427647e+00
   1.8340000e+02  -1.6907353e+01   1.2620276e+02
   1.8350000e+02  -2.9907353e+01  -3.1277235e+01
   1.8360000e+02  -4.5907353e+01   1.4362765e+01
   1.8370000e+02  -4.4907353e+01  -4.2677235e+01
   1.8380000e+02  -5.9073529e+00  -5.0237235e+01
   1.8390000e+02  -2.5907353e+01  -4.7437235e+01
   1.8400000e+02   5.1092647e+01   7.4827647e+00
   1.8410000e+02   7.1092647e+01  -2.9317235e+01
   1.8420000e+02   1.0092647e+01  -5.6877235e+01
   1.8430000e+02  -9.8907353e+01  -4.3517235e+01
   1.8440000e+02   2.7092647e+01  -5.0557235e+01
   1.8450000e+02   4.3092647e+01   4.6802765e+01
   1.8460000e+02  -7.5907353e+01  -3.5437235e+01
   1.8470000e+02   7.0926471e+00   2.4276471e-01
   1.8480000e+02   4.9092647e+01   2.8562765e+01
   1.8490000e+02  -6.6907353e+01  -4.3797235e+01
   1.8500000e+02  -3.0907353e+01   1.8762765e+01
   1.8510000e+02   6.0926471e+00   3.2827647e+00
   1.8520000e+02   1.7092647e+01  -3.6157235e+01
   1.8530000e+02  -6.9907353e+01   8.3227647e+00
   1.8540000e+02  -1.5907353e+01   7.1627647e+00
   1.8550000e+02  -8.9073529e+00   7.8827647e+00
   1.8560000e+02  -6.8907353e+01  -7.7172353e+00
   1.8570000e+02  -1.1790735e+02   1.0242765e+01
   1.8580000e+02  -2.7907353e+01   2.9642765e+01
   1.8590000e+02   5.2092647e+01   1.2442765e+01
   1.8600000e+02  -5.5907353e+01   1.4762765e+01
   1.8610000e+02   8.0926471e+00  -2.8797235e+01
   1.8620000e+02  -7.4907353e+01  -5.4477235e+01
   1.8630000e+02  -4.9073529e+00  -4.7277235e+01
   1.8640000e+02   1.0092647e+01   4.5122765e+01
   1.8650000e+02  -9.4907353e+01   4.5322765e+01
   1.8660000e+02  -2.3907353e+01  -4.6517235e+01
   1.8670000e+02  -1.4907353e+01  -2.5877235e+01
   1.8680000e+02  -9.2907353e+01  -3.5757235e+01
   1.8690000e+02  -1.9907353e+01   6.3227647e+00
   1.8700000e+02  -5.9073529e+00   4.4762765e+01
   1.8710000e+02   3.3092647e+01   2.2027647e+00
   1.8720000e+02   2.2092647e+01   4.6427647e+00
   1.8730000e+02  -8.9907353e+01   1.2012276e+02
   1.8740000e+02   4.8092647e+01  -2.3972353e+00
   1.8750000e+02   1.4092647e+01   7.4962765e+01
   1.8760000e+02   2.2092647e+01  -4.3357235e+01
   1.8770000e+02   4.3092647e+01   2.2802765e+01
   1.8780000e+02  -9.0735294e-01  -2.7437235e+01
   1.8790000e+02   3.0926471e+00  -7.5972353e+00
   1.8800000e+02  -7.7907353e+01   7.6427647e+00
   1.8810000e+02  -5.9907353e+01  -6.2077235e+01
   1.8820000e+02  -2.5907353e+01  -3.1437235e+01
   1.8830000e+02   1.6409265e+02  -6.0372353e+00
   1.8840000e+02  -1.0190735e+02   2.6027647e+00
   1.8850000e+02  -9.0735294e-01  -1.5437235e+01
   1.8860000e+02  -8.3907353e+01  -1.6117235e+01
   1.8870000e+02   8.0926471e+00  -8.1797235e+01
   1.8880000e+02  -3.8907353e+01  -1.3917235e+01
   1.8890000e+02  -8.3907353e+01   7.8827647e+00
   1.8900000e+02  -5.3907353e+01  -4.3317235e+01
   1.8910000e+02   1.8092647e+01  -1.1197235e+01
   1.8920000e+02   1.0926471e+00  -1.3517235e+01
   1.8930000e+02   4.2092647e+01   7.8427647e+00
   1.8940000e+02  -1.2790735e+02  -2.1357235e+01
   1.8950000e+02  -3.4907353e+01  -3.3077235e+01
   1.8960000e+02  -1.8907353e+01  -2.0717235e+01
   1.8970000e+02   3.9092647e+01  -1.7037235e+01
   1.8980000e+02  -7.6907353e+01  -5.2397235e+01
   1.8990000e+02   1.4092647e+01   2.2962765e+01
   1.9000000e+02   6.1092647e+01   2.6082765e+01
   1.9010000e+02  -7.9073529e+00  -3.3157235e+01
   1.9020000e+02   2.1092647e+01   1.9682765e+01
   1.9030000e+02  -1.1690735e+02   2.7202765e+01
   1.9040000e+02   1.4092647e+01  -9.0372353e+00
   1.9050000e+02  -7.2907353e+01   2.4427647e+00
   1.9060000e+02  -5.3907353e+01   3.9682765e+01
   1.9070000e+02  -2.1907353e+01  -5.5972353e+00
   1.9080000e+02  -2.7907353e+01  -1.3572353e+00
   1.9090000e+02   8.6092647e+01  -1.0917235e+01
   1.9100000e+02   2.5092647e+01  -2.8477235e+01
   1.9110000e+02  -1.9073529e+00   1.6602765e+01
   1.9120000e+02  -4.8907353e+01   6.4827647e+00
   1.9130000e+02  -8.9073529e+00  -1.6117235e+01
   1.9140000e+02  -5.9907353e+01  -3.9077235e+01
   1.9150000e+02   7.0926471e+00   1.0724276e+02
   1.9160000e+02  -1.9907353e+01   4.3227647e+00
   1.9170000e+02  -7.0907353e+01   2.8362765e+01
   1.9180000e+02  -9.3907353e+01   1.9282765e+01
   1.9190000e+02   5.6092647e+01  -2.4717235e+01
   1.9200000e+02  -2.7907353e+01  -2.7357235e+01
   1.9210000e+02  -7.7907353e+01  -3.2357235e+01
   1.9220000e+02   4.9092647e+01  -1.0437235e+01
   1.9230000e+02  -2.8907353e+01  -4.3172353e+00
   1.9240000e+02   2.7092647e+01   2.6442765e+01
   1.9250000e+02  -4.5907353e+01  -5.2637235e+01
   1.9260000e+02   2.3092647e+01  -6.0397235e+01
   1.9270000e+02   2.9092647e+01  -1.6372353e+00
   1.9280000e+02  -3.8907353e+01   5.4082765e+01
   1.9290000e+02   9.0926471e+00   4.1627647e+00
   1.9300000e+02  -5.1907353e+01  -1.1397235e+01
   1.9310000e+02  -5.8907353e+01  -4.1172353e+00
   1.9320000e+02  -1.5490735e+02  -9.2772353e+00
   1.9330000e+02  -2.7907353e+01  -1.3572353e+00
   1.9340000e+02   8.0926471e+00  -2.0797235e+01
   1.9350000e+02  -1.8907353e+01   1.1282765e+01
   1.9360000e+02  -1.6907353e+01  -5.7972353e+00
   1.9370000e+02  -2.3907353e+01  -5.6517235e+01
   1.9380000e+02   1.8092647e+01   3.5802765e+01
   1.9390000e+02  -9.2907353e+01  -7.5723529e-01
   1.9400000e+02  -4.8907353e+01  -1.9517235e+01
   1.9410000e+02   2.4092647e+01  -3.9437235e+01
   1.9420000e+02   3.6092647e+01  -5.7917235e+01
   1.9430000e+02  -6.7907353e+01  -4.2757235e+01
   1.9440000e+02  -4.8907353e+01  -7.5172353e+00
   1.9450000e+02   1.4092647e+01   1.2962765e+01
   1.9460000e+02  -6.8907353e+01  -3.3717235e+01
   1.9470000e+02  -8.1907353e+01  -5.8197235e+01
   1.9480000e+02  -7.2907353e+01   1.5442765e+01
   1.9490000e+02  -3.6907353e+01  -1.0997235e+01
   1.9500000e+02  -6.4907353e+01  -2.8772353e+00
   1.9510000e+02   4.4092647e+01  -3.4237235e+01
   1.9520000e+02   2.2092647e+01  -8.3572353e+00
   1.9530000e+02  -5.1907353e+01  -2.7397235e+01
   1.9540000e+02  -9.5907353e+01  -1.6637235e+01
   1.9550000e+02   7.0926471e+00  -7.7572353e+00
   1.9560000e+02  -2.4907353e+01   2.5227647e+00
   1.9570000e+02  -2.1907353e+01  -1.8597235e+01
   1.9580000e+02  -8.5907353e+01   3.9627647e+00
   1.9590000e+02  -2.7907353e+01   5.6427647e+00
   1.9600000e+02  -2.0907353e+01   1.3362765e+01
   1.9610000e+02  -1.1690735e+02  -2.1797235e+01
   1.9620000e+02   8.0926471e+00  -3.7972353e+00
   1.9630000e+02  -2.6907353e+01  -4.1397235e+01
   1.9640000e+02   5.4092647e+01  -1.4637235e+01
   1.9650000e+02   9.0092647e+01  -5.0077235e+01
   1.9660000e+02   3.8092647e+01  -2.7997235e+01
   1.9670000e+02  -7.3907353e+01   1.4482765e+01
   1.9680000e+02  -5.1907353e+01   1.1602765e+01
   1.9690000e+02  -4.8907353e+01  -5.1517235e+01
   1.9700000e+02  -3.7907353e+01  -2.9572353e+00
   1.9710000e+02  -6.8907353e+01  -4.2717235e+01
   1.9720000e+02  -5.9073529e+00  -4.8237235e+01
   1.9730000e+02  -3.9907353e+01  -6.2877235e+01
   1.9740000e+02  -7.1907353e+01  -1.2597235e+01
   1.9750000e+02  -1.0590735e+02  -2.2237235e+01
   1.9760000e+02  -3.9073529e+00  -1.4317235e+01
   1.9770000e+02   5.2092647e+01   1.6442765e+01
   1.9780000e+02  -2.1907353e+01  -2.3597235e+01
   1.9790000e+02  -3.6907353e+01   1.7002765e+01
   1.9800000e+02   8.2092647e+01  -2.7757235e+01
   1.9810000e+02  -2.9907353e+01  -3.9277235e+01
   1.9820000e+02   9.2647059e-02   2.2522765e+01
   1.9830000e+02  -3.6907353e+01   1.7002765e+01
   1.9840000e+02  -6.8907353e+01  -1.7717235e+01
   1.9850000e+02  -5.8907353e+01   4.8827647e+00
   1.9860000e+02  -1.0590735e+02   6.7627647e+00
   1.9870000e+02  -9.6907353e+01  -5.9723529e-01
   1.9880000e+02  -4.3907353e+01  -3.4717235e+01
   1.9890000e+02   9.0926471e+00  -2.2837235e+01
   1.9900000e+02  -5.9073529e+00   7.6276471e-01
   1.9910000e+02  -2.8907353e+01  -3.5317235e+01
   1.9920000e+02  -7.5907353e+01   4.2562765e+01
   1.9930000e+02  -5.5907353e+01  -3.3237235e+01
   1.9940000e+02  -5.9907353e+01  -2.9077235e+01
   1.9950000e+02  -1.1907353e+01  -7.6997235e+01
   1.9960000e+02  -1.0590735e+02   2.4762765e+01
   1.9970000e+02  -1.2907353e+01  -4.5957235e+01
   1.9980000e+02  -3.5907353e+01  -2.6037235e+01
   1.9990000e+02  -4.0907353e+01  -6.4837235e+01
