   0.0000000e+00   1.6163125e+02   1.1833319e+02
   1.0000000e-01   2.3163125e+02   5.1533187e+01
   2.0000000e-01   2.4863125e+02   4.6853187e+01
   3.0000000e-01   3.2663125e+02   7.0733187e+01
   4.0000000e-01   1.0563125e+02   6.2573188e+01
   5.0000000e-01   1.6163125e+02   4.6333188e+01
   6.0000000e-01   1.6763125e+02   3.0093187e+01
   7.0000000e-01   2.0363125e+02   5.0653188e+01
   8.0000000e-01   2.8363125e+02   5.5453188e+01
   9.0000000e-01   2.2263125e+02   7.7893188e+01
   1.0000000e+00   2.2263125e+02   5.4893187e+01
   1.1000000e+00   1.8563125e+02   8.2373188e+01
   1.2000000e+00   2.7463125e+02   5.6813188e+01
   1.3000000e+00   2.5963125e+02   3.8413187e+01
   1.4000000e+00   2.4063125e+02   1.1117319e+02
   1.5000000e+00   1.3363125e+02   9.0453188e+01
   1.6000000e+00   1.5063125e+02   8.7731875e+00
   1.7000000e+00   3.0463125e+02   2.2613187e+01
   1.8000000e+00   2.3863125e+02  -1.8746813e+01
   1.9000000e+00   2.1663125e+02   6.6133188e+01
   2.0000000e+00   1.4763125e+02   7.4893188e+01
   2.1000000e+00   1.3863125e+02   1.0625319e+02
   2.2000000e+00   2.8363125e+02   8.3453187e+01
   2.3000000e+00   2.8363125e+02   1.0345319e+02
   2.4000000e+00   2.6963125e+02   7.0013188e+01
   2.5000000e+00   2.3463125e+02   1.4141319e+02
   2.6000000e+00   3.0663125e+02   6.0533188e+01
   2.7000000e+00   2.1163125e+02   1.4333187e+01
   2.8000000e+00   1.7263125e+02   1.0389319e+02
   2.9000000e+00   1.3663125e+02   2.2333187e+01
   3.0000000e+00   1.7863125e+02   1.0565319e+02
   3.1000000e+00   2.5163125e+02  -3.9266813e+01
   3.2000000e+00   3.1063125e+02   3.6373188e+01
   3.3000000e+00   2.5763125e+02   9.4493188e+01
   3.4000000e+00   2.2363125e+02   1.1685319e+02
   3.5000000e+00   1.8663125e+02   1.2433319e+02
   3.6000000e+00   1.4663125e+02   6.2933188e+01
   3.7000000e+00   1.7363125e+02   2.5853187e+01
   3.8000000e+00   9.0631250e+01   1.1917319e+02
   3.9000000e+00   1.4063125e+02   4.4173187e+01
   4.0000000e+00   1.8263125e+02   1.0349319e+02
   4.1000000e+00   1.2663125e+02   9.3733187e+01
   4.2000000e+00   3.4063125e+02  -4.5826813e+01
   4.3000000e+00   2.4563125e+02   1.1597319e+02
   4.4000000e+00   1.7863125e+02   1.0465319e+02
   4.5000000e+00   2.4263125e+02   1.1909319e+02
   4.6000000e+00   1.0763125e+02  -2.5506813e+01
   4.7000000e+00   1.6463125e+02   1.2221319e+02
   4.8000000e+00   1.7663125e+02   5.1733187e+01
   4.9000000e+00   2.0763125e+02   4.4493187e+01
   5.0000000e+00   1.8631250e+01   4.8053187e+01
   5.1000000e+00   1.2663125e+02   2.0733187e+01
   5.2000000e+00   3.0763125e+02  -7.5068125e+00
   5.3000000e+00   2.8963125e+02   8.5213188e+01
   5.4000000e+00   9.9631250e+01   7.6813188e+01
   5.5000000e+00   1.5763125e+02   6.0493188e+01
   5.6000000e+00   2.3963125e+02   4.7213187e+01
   5.7000000e+00   1.2763125e+02   1.3693187e+01
   5.8000000e+00   2.8763125e+02   9.2931875e+00
   5.9000000e+00   2.3063125e+02   6.4573188e+01
   6.0000000e+00   2.4863125e+02  -1.9146813e+01
   6.1000000e+00   2.4563125e+02   8.2973188e+01
   6.2000000e+00   2.8663125e+02   5.2333187e+01
   6.3000000e+00   1.9763125e+02  -1.8106813e+01
   6.4000000e+00   2.5463125e+02   4.0613187e+01
   6.5000000e+00   1.6563125e+02   4.3173187e+01
   6.6000000e+00   2.4163125e+02   1.4413319e+02
   6.7000000e+00   1.2063125e+02   6.9973188e+01
   6.8000000e+00   2.6763125e+02  -1.0906813e+01
   6.9000000e+00   1.5463125e+02   8.0613188e+01
   7.0000000e+00   4.4463125e+02   7.1013188e+01
   7.1000000e+00   2.6863125e+02   4.0053187e+01
   7.2000000e+00   1.9163125e+02   4.2133187e+01
   7.3000000e+00   3.0463125e+02   8.1613188e+01
   7.4000000e+00   2.2163125e+02   1.0093319e+02
   7.5000000e+00   2.6863125e+02   3.4053187e+01
   7.6000000e+00   2.4563125e+02   3.6973187e+01
   7.7000000e+00   2.4963125e+02  -1.1868125e+00
   7.8000000e+00   1.8163125e+02   3.6533187e+01
   7.9000000e+00   2.9063125e+02   1.8173187e+01
   8.0000000e+00   1.6063125e+02  -5.6268125e+00
   8.1000000e+00   8.6631250e+01   1.1333319e+02
   8.2000000e+00   2.9063125e+02   2.5173187e+01
   8.3000000e+00   2.9163125e+02   5.4133188e+01
   8.4000000e+00   2.9163125e+02   4.1133187e+01
   8.5000000e+00   2.4763125e+02   2.1893187e+01
   8.6000000e+00   2.7563125e+02   6.0773188e+01
   8.7000000e+00   2.5463125e+02   1.3961319e+02
   8.8000000e+00   2.6163125e+02   6.0333188e+01
   8.9000000e+00   1.9763125e+02  -4.1106813e+01
   9.0000000e+00   1.7263125e+02   1.0089319e+02
   9.1000000e+00   8.0631250e+01   6.4573188e+01
   9.2000000e+00   6.1631250e+01   7.4333188e+01
   9.3000000e+00   2.5463125e+02   5.5613188e+01
   9.4000000e+00   9.1631250e+01   5.5133187e+01
   9.5000000e+00   1.3863125e+02   9.6253188e+01
   9.6000000e+00   2.0463125e+02   7.2613188e+01
   9.7000000e+00   2.4763125e+02   2.6893187e+01
   9.8000000e+00   2.8063125e+02   1.9157319e+02
   9.9000000e+00   1.9963125e+02   2.8813187e+01
   1.0000000e+01   2.9763125e+02   1.6893187e+01
   1.0100000e+01   1.6963125e+02   1.0131875e+00
   1.0200000e+01   2.6263125e+02   8.8293188e+01
   1.0300000e+01   3.5963125e+02   3.3413187e+01
   1.0400000e+01   2.3563125e+02  -7.6268125e+00
   1.0500000e+01   8.5631250e+01   1.1373187e+01
   1.0600000e+01   1.6663125e+02   9.1331875e+00
   1.0700000e+01   4.9631250e+01   6.7813188e+01
   1.0800000e+01   8.0631250e+01   7.2573188e+01
   1.0900000e+01   1.9763125e+02  -2.8106813e+01
   1.1000000e+01   2.3363125e+02   2.8453187e+01
   1.1100000e+01   1.6463125e+02  -1.0786813e+01
   1.1200000e+01   1.6763125e+02   8.2093187e+01
   1.1300000e+01   2.0363125e+02   1.1565319e+02
   1.1400000e+01   1.4163125e+02   1.7133187e+01
   1.1500000e+01   2.3463125e+02   1.1413187e+01
   1.1600000e+01   1.9863125e+02   8.3853188e+01
   1.1700000e+01   2.1863125e+02  -2.1946813e+01
   1.1800000e+01   8.7631250e+01   9.7293188e+01
   1.1900000e+01   3.3963125e+02   4.9213187e+01
   1.2000000e+01   1.8663125e+02   5.3331875e+00
   1.2100000e+01   1.4163125e+02   2.9133187e+01
   1.2200000e+01   1.5563125e+02  -7.4268125e+00
   1.2300000e+01   2.5163125e+02  -3.2668125e+00
   1.2400000e+01   1.4963125e+02   5.6813187e+01
   1.2500000e+01   1.7063125e+02   8.5973188e+01
   1.2600000e+01   1.6863125e+02   7.3053188e+01
   1.2700000e+01   2.7763125e+02  -8.3068125e+00
   1.2800000e+01   1.2363125e+02   3.6853187e+01
   1.2900000e+01   1.6763125e+02   7.6093187e+01
   1.3000000e+01   2.0463125e+02   7.5613188e+01
   1.3100000e+01   1.3163125e+02  -1.9466813e+01
   1.3200000e+01   2.4663125e+02  -1.5066813e+01
   1.3300000e+01   3.1363125e+02   1.7253187e+01
   1.3400000e+01   1.1363125e+02   4.4253187e+01
   1.3500000e+01   1.7863125e+02   3.3653188e+01
   1.3600000e+01   2.0463125e+02   4.6613187e+01
   1.3700000e+01   1.0063125e+02  -1.7226813e+01
   1.3800000e+01   1.7963125e+02   2.7613187e+01
   1.3900000e+01   2.6763125e+02   5.8093188e+01
   1.4000000e+01   1.8363125e+02   1.8453187e+01
   1.4100000e+01   1.1163125e+02   4.4333188e+01
   1.4200000e+01   2.4463125e+02   4.5013188e+01
   1.4300000e+01   1.6363125e+02   2.0253187e+01
   1.4400000e+01   2.0063125e+02   1.3577319e+02
   1.4500000e+01   1.6163125e+02   1.1833319e+02
   1.4600000e+01   1.6863125e+02  -8.9468125e+00
   1.4700000e+01   9.8631250e+01  -2.8146813e+01
   1.4800000e+01   1.7363125e+02   2.7853187e+01
   1.4900000e+01   1.8663125e+02   1.4333319e+02
   1.5000000e+01   1.2863125e+02   3.9653188e+01
   1.5100000e+01   1.7963125e+02   1.4361319e+02
   1.5200000e+01   2.4563125e+02   5.0973187e+01
   1.5300000e+01   1.8163125e+02   5.2533187e+01
   1.5400000e+01   1.9863125e+02   5.5853187e+01
   1.5500000e+01   1.0663125e+02   5.3533187e+01
   1.5600000e+01   1.0063125e+02  -2.8226813e+01
   1.5700000e+01   1.1863125e+02   1.7053187e+01
   1.5800000e+01   1.3963125e+02   2.9213187e+01
   1.5900000e+01   2.9463125e+02  -2.9868125e+00
   1.6000000e+01   1.9063125e+02   7.4173188e+01
   1.6100000e+01   2.9263125e+02   1.8093187e+01
   1.6200000e+01   1.8463125e+02   8.3413188e+01
   1.6300000e+01   1.1263125e+02   1.2729319e+02
   1.6400000e+01   3.7631250e+01   4.0293188e+01
   1.6500000e+01   6.2631250e+01   1.3429319e+02
   1.6600000e+01   1.8563125e+02   1.2373187e+01
   1.6700000e+01   1.8963125e+02   2.4213187e+01
   1.6800000e+01   2.5163125e+02   4.7331875e+00
   1.6900000e+01  -4.3687500e+00   3.2973188e+01
   1.7000000e+01   3.0763125e+02  -2.9506813e+01
   1.7100000e+01   3.5163125e+02  -1.1266813e+01
   1.7200000e+01   1.3563125e+02   8.5373188e+01
   1.7300000e+01   1.5463125e+02   6.0613188e+01
   1.7400000e+01   1.9963125e+02  -2.3186813e+01
   1.7500000e+01   5.3631250e+01   7.7653188e+01
   1.7600000e+01   2.6663125e+02   3.9133187e+01
   1.7700000e+01   1.5863125e+02   3.7453187e+01
   1.7800000e+01   9.0631250e+01   7.2173188e+01
   1.7900000e+01   3.0163125e+02   4.8733187e+01
   1.8000000e+01   3.2663125e+02   7.7733187e+01
   1.8100000e+01   3.4963125e+02   3.8813187e+01
   1.8200000e+01   6.3631250e+01   3.5253187e+01
   1.8300000e+01   2.3563125e+02   8.3731875e+00
   1.8400000e+01   3.4163125e+02   4.4133187e+01
   1.8500000e+01   1.8163125e+02   5.3533187e+01
   1.8600000e+01   8.2631250e+01   4.4931875e+00
   1.8700000e+01   3.2663125e+02   8.1733187e+01
   1.8800000e+01   1.9763125e+02   7.8893188e+01
   1.8900000e+01   7.1631250e+01   6.8933188e+01
   1.9000000e+01   1.9863125e+02   2.8853187e+01
   1.9100000e+01   3.8963125e+02   9.2131875e+00
   1.9200000e+01   1.5563125e+02   2.5573187e+01
   1.9300000e+01   2.5063125e+02   7.4773188e+01
   1.9400000e+01   2.5863125e+02   1.9345319e+02
   1.9500000e+01   2.0863125e+02   2.0453187e+01
   1.9600000e+01   1.9263125e+02   5.2093187e+01
   1.9700000e+01   6.9631250e+01   7.9013188e+01
   1.9800000e+01   2.7063125e+02   8.0973188e+01
   1.9900000e+01   1.2763125e+02   3.4693188e+01
   2.0000000e+01   5.7631250e+01  -1.0506813e+01
   2.0100000e+01   2.1663125e+02   8.2133188e+01
   2.0200000e+01   2.2631250e+01   8.6893188e+01
   2.0300000e+01   1.3763125e+02   4.4293188e+01
   2.0400000e+01   2.5263125e+02   5.7693188e+01
   2.0500000e+01   1.7863125e+02   6.7653188e+01
   2.0600000e+01   3.0663125e+02   6.1533188e+01
   2.0700000e+01   1.9463125e+02   5.3013188e+01
   2.0800000e+01   1.5863125e+02   4.8453187e+01
   2.0900000e+01   2.8263125e+02   1.6493187e+01
   2.1000000e+01   2.3363125e+02   5.6453188e+01
   2.1100000e+01   1.2563125e+02   3.3773187e+01
   2.1200000e+01   2.7263125e+02   6.9893188e+01
   2.1300000e+01   2.2663125e+02   2.9733187e+01
   2.1400000e+01   1.6863125e+02  -3.8946813e+01
   2.1500000e+01   5.7631250e+01   2.0493187e+01
   2.1600000e+01   1.8631250e+01   1.1305319e+02
   2.1700000e+01   2.1963125e+02   6.4013188e+01
   2.1800000e+01   2.6263125e+02  -3.0706813e+01
   2.1900000e+01   1.8463125e+02   5.3413187e+01
   2.2000000e+01   3.7263125e+02   3.4893187e+01
   2.2100000e+01   1.5063125e+02   3.6773187e+01
   2.2200000e+01   2.2863125e+02   9.9653188e+01
   2.2300000e+01   3.5763125e+02   4.1493187e+01
   2.2400000e+01   1.5563125e+02   4.9573187e+01
   2.2500000e+01   2.5763125e+02   3.3493187e+01
   2.2600000e+01   1.1563125e+02   1.0173187e+01
   2.2700000e+01   2.4063125e+02   1.1173187e+01
   2.2800000e+01   1.9563125e+02   1.5973187e+01
   2.2900000e+01   1.9763125e+02   7.8931875e+00
   2.3000000e+01   1.4063125e+02   1.1117319e+02
   2.3100000e+01   2.2763125e+02   2.6931875e+00
   2.3200000e+01   1.5363125e+02   7.7653188e+01
   2.3300000e+01   2.2063125e+02   2.1973187e+01
   2.3400000e+01   2.0263125e+02   1.1069319e+02
   2.3500000e+01   1.5763125e+02   8.4931875e+00
   2.3600000e+01   1.3163125e+02   7.3533188e+01
   2.3700000e+01   1.3063125e+02  -2.1426813e+01
   2.3800000e+01   2.0263125e+02   4.6693188e+01
   2.3900000e+01   1.7063125e+02   3.2973188e+01
   2.4000000e+01   9.0631250e+01   6.0173187e+01
   2.4100000e+01   4.2631250e+01   4.8093187e+01
   2.4200000e+01   1.6463125e+02   1.0821319e+02
   2.4300000e+01   5.8631250e+01   4.7453187e+01
   2.4400000e+01   2.0763125e+02   2.9493187e+01
   2.4500000e+01   2.0763125e+02  -3.9506813e+01
   2.4600000e+01   1.0963125e+02   6.3413188e+01
   2.4700000e+01   1.4963125e+02   2.2813187e+01
   2.4800000e+01   1.8263125e+02   1.5493187e+01
   2.4900000e+01   1.3163125e+02   2.3533187e+01
   2.5000000e+01   1.0263125e+02   1.0669319e+02
   2.5100000e+01   1.8763125e+02   5.7293188e+01
   2.5200000e+01   4.4631250e+01   6.8013188e+01
   2.5300000e+01   4.9631250e+01   2.0813187e+01
   2.5400000e+01   1.2363125e+02   7.8531875e+00
   2.5500000e+01   1.4463125e+02   1.5013187e+01
   2.5600000e+01   1.6463125e+02   1.2131875e+00
   2.5700000e+01   9.1631250e+01   3.1133187e+01
   2.5800000e+01   1.4563125e+02  -6.0268125e+00
   2.5900000e+01   3.7663125e+02   8.4733187e+01
   2.6000000e+01   2.2663125e+02  -1.7266813e+01
   2.6100000e+01   1.1563125e+02   3.5173187e+01
   2.6200000e+01   3.1163125e+02  -9.6668125e+00
   2.6300000e+01   7.5631250e+01   7.1773188e+01
   2.6400000e+01   3.4063125e+02   5.5173188e+01
   2.6500000e+01   2.6263125e+02   6.0293188e+01
   2.6600000e+01   3.6463125e+02   1.5213187e+01
   2.6700000e+01   1.0963125e+02  -9.5868125e+00
   2.6800000e+01   1.7163125e+02  -2.1066813e+01
   2.6900000e+01   2.0163125e+02  -2.6266813e+01
   2.7000000e+01   3.0263125e+02  -2.3306813e+01
   2.7100000e+01   3.8863125e+02   7.5253188e+01
   2.7200000e+01   8.7631250e+01   6.3293188e+01
   2.7300000e+01   1.7563125e+02  -2.2268125e+00
   2.7400000e+01   3.7663125e+02   1.2733187e+01
   2.7500000e+01   2.1363125e+02   9.2531875e+00
   2.7600000e+01   2.1763125e+02  -4.9906813e+01
   2.7700000e+01   3.6163125e+02  -8.6668125e+00
   2.7800000e+01   1.4463125e+02   3.0131875e+00
   2.7900000e+01   1.2063125e+02  -4.4026812e+01
   2.8000000e+01   3.0163125e+02  -3.2266813e+01
   2.8100000e+01   2.2063125e+02   1.3973187e+01
   2.8200000e+01   3.9663125e+02  -1.4066813e+01
   2.8300000e+01   3.2763125e+02  -2.3068125e+00
   2.8400000e+01   3.3663125e+02   2.2333187e+01
   2.8500000e+01   3.5763125e+02  -1.5506813e+01
   2.8600000e+01   4.2563125e+02   7.7731875e+00
   2.8700000e+01   2.1963125e+02   3.1013188e+01
   2.8800000e+01   2.0363125e+02   7.6531875e+00
   2.8900000e+01   2.1563125e+02  -1.8826813e+01
   2.9000000e+01   1.5663125e+02   2.9533187e+01
   2.9100000e+01   1.7363125e+02   4.7853187e+01
   2.9200000e+01   2.2863125e+02  -5.2346812e+01
   2.9300000e+01   1.4263125e+02  -7.9906813e+01
   2.9400000e+01   1.6763125e+02   4.0093187e+01
   2.9500000e+01   1.1163125e+02   6.3333188e+01
   2.9600000e+01   2.5963125e+02   1.0413187e+01
   2.9700000e+01   2.0963125e+02  -1.1586813e+01
   2.9800000e+01   2.4363125e+02   1.7053187e+01
   2.9900000e+01   2.8863125e+02   1.7253187e+01
   3.0000000e+01   3.3863125e+02  -6.7746813e+01
   3.0100000e+01   1.6663125e+02  -8.8668125e+00
   3.0200000e+01   2.5063125e+02  -4.2268125e+00
   3.0300000e+01   2.0663125e+02   9.2533188e+01
   3.0400000e+01   3.9163125e+02  -3.5866813e+01
   3.0500000e+01   2.6363125e+02  -2.9746813e+01
   3.0600000e+01   4.4263125e+02   2.0093187e+01
   3.0700000e+01   3.5363125e+02   6.6531875e+00
   3.0800000e+01   1.6763125e+02  -3.1906813e+01
   3.0900000e+01   3.2063125e+02   2.9731875e+00
   3.1000000e+01   2.9763125e+02  -1.0106813e+01
   3.1100000e+01   1.5363125e+02   1.4653187e+01
   3.1200000e+01   3.2463125e+02  -1.8681250e-01
   3.1300000e+01   1.8163125e+02  -1.3466813e+01
   3.1400000e+01   2.1763125e+02   1.6093187e+01
   3.1500000e+01   2.1963125e+02   2.5013188e+01
   3.1600000e+01   2.1563125e+02  -1.8826813e+01
   3.1700000e+01   2.7263125e+02   1.1893187e+01
   3.1800000e+01   1.7363125e+02  -2.6146813e+01
   3.1900000e+01   2.2963125e+02  -7.3868125e+00
   3.2000000e+01   3.1063125e+02   3.6373188e+01
   3.2100000e+01   1.7663125e+02  -1.4266813e+01
   3.2200000e+01   1.4963125e+02   1.0813187e+01
   3.2300000e+01   4.3863125e+02   7.4253187e+01
   3.2400000e+01   4.0063125e+02   3.5773187e+01
   3.2500000e+01   2.1563125e+02   8.9173188e+01
   3.2600000e+01   3.7263125e+02  -1.6106813e+01
   3.2700000e+01   1.5563125e+02   1.0573187e+01
   3.2800000e+01   1.7463125e+02   8.8131875e+00
   3.2900000e+01   2.3763125e+02   3.2931875e+00
   3.3000000e+01   3.2563125e+02  -1.9226813e+01
   3.3100000e+01   1.8263125e+02   9.1493188e+01
   3.3200000e+01   2.1863125e+02   1.2705319e+02
   3.3300000e+01   1.3963125e+02  -3.9786813e+01
   3.3400000e+01   1.0663125e+02   3.0533187e+01
   3.3500000e+01   2.9063125e+02   3.7173187e+01
   3.3600000e+01   1.3663125e+02   5.0333188e+01
   3.3700000e+01   1.7963125e+02   8.6613188e+01
   3.3800000e+01   2.2363125e+02   3.0853187e+01
   3.3900000e+01   2.6763125e+02  -5.5906813e+01
   3.4000000e+01   1.8563125e+02   3.5373188e+01
   3.4100000e+01   2.3463125e+02   4.3413187e+01
   3.4200000e+01   2.4263125e+02   7.0931875e+00
   3.4300000e+01   1.0863125e+02  -5.4681250e-01
   3.4400000e+01   2.3563125e+02   1.5373187e+01
   3.4500000e+01   6.7631250e+01  -7.9068125e+00
   3.4600000e+01   2.9263125e+02   3.6093187e+01
   3.4700000e+01   3.3863125e+02   1.6253187e+01
   3.4800000e+01   1.6363125e+02  -8.7468125e+00
   3.4900000e+01   2.7263125e+02   1.1893187e+01
   3.5000000e+01   2.8663125e+02   8.3331875e+00
   3.5100000e+01   2.1263125e+02   1.2293187e+01
   3.5200000e+01   2.8263125e+02  -2.2506813e+01
   3.5300000e+01   3.2563125e+02   2.6773187e+01
   3.5400000e+01   1.5663125e+02   9.5331875e+00
   3.5500000e+01   1.4463125e+02   4.9013188e+01
   3.5600000e+01   2.1163125e+02   9.3331875e+00
   3.5700000e+01   1.1763125e+02   9.0093187e+01
   3.5800000e+01   2.2163125e+02   1.1793319e+02
   3.5900000e+01   2.3363125e+02  -4.5468125e+00
   3.6000000e+01   2.7163125e+02  -6.0066813e+01
   3.6100000e+01   2.8963125e+02  -2.4786813e+01
   3.6200000e+01   2.5363125e+02   3.9653188e+01
   3.6300000e+01   2.7363125e+02   8.8531875e+00
   3.6400000e+01   1.2163125e+02  -1.0668125e+00
   3.6500000e+01   1.8863125e+02   6.7253188e+01
   3.6600000e+01   1.4163125e+02  -4.7866813e+01
   3.6700000e+01   2.3963125e+02   3.9213187e+01
   3.6800000e+01   1.8763125e+02  -4.5706812e+01
   3.6900000e+01   1.0463125e+02   9.8613188e+01
   3.7000000e+01   1.1363125e+02   4.8253187e+01
   3.7100000e+01   1.7163125e+02   8.9331875e+00
   3.7200000e+01   3.5263125e+02   1.4693187e+01
   3.7300000e+01  -3.3687500e+00  -2.6066813e+01
   3.7400000e+01   2.5063125e+02  -1.2226813e+01
   3.7500000e+01   2.5563125e+02  -6.8426812e+01
   3.7600000e+01   8.5631250e+01   4.3731875e+00
   3.7700000e+01   2.1963125e+02   5.3013188e+01
   3.7800000e+01  -8.5368750e+01   1.4213187e+01
   3.7900000e+01  -4.9368750e+01  -1.4226813e+01
   3.8000000e+01  -5.0368750e+01  -2.1868125e+00
   3.8100000e+01   5.4631250e+01   1.4613187e+01
   3.8200000e+01   6.1631250e+01  -2.1666813e+01
   3.8300000e+01  -1.7368750e+01   9.1493188e+01
   3.8400000e+01  -3.6368750e+01   4.0253187e+01
   3.8500000e+01  -1.8368750e+01  -3.6466813e+01
   3.8600000e+01  -2.2368750e+01  -3.7306812e+01
   3.8700000e+01  -1.2368750e+01   2.5293187e+01
   3.8800000e+01  -9.5368750e+01   2.0613187e+01
   3.8900000e+01   4.3631250e+01  -3.2946813e+01
   3.9000000e+01  -3.4368750e+01   5.3173187e+01
   3.9100000e+01   1.9063125e+02  -2.9826813e+01
   3.9200000e+01  -9.0368750e+01   2.5413187e+01
   3.9300000e+01  -8.6368750e+01  -5.7468125e+00
   3.9400000e+01   1.7631250e+01   4.8093187e+01
   3.9500000e+01   1.4631250e+01   2.5213188e+01
   3.9600000e+01  -6.3368750e+01  -8.6668125e+00
   3.9700000e+01  -7.3687500e+00  -1.9068125e+00
   3.9800000e+01  -9.4368750e+01  -4.4426813e+01
   3.9900000e+01  -6.3687500e+00  -2.6946813e+01
   4.0000000e+01  -6.9368750e+01  -3.7426813e+01
   4.0100000e+01  -3.9368750e+01   7.4373188e+01
   4.0200000e+01   2.3631250e+01   5.5853187e+01
   4.0300000e+01  -4.3687500e+00  -5.0026812e+01
   4.0400000e+01   8.6312500e+00  -2.5546813e+01
   4.0500000e+01   7.6312500e+00   3.4931875e+00
   4.0600000e+01  -8.1368750e+01   2.0531875e+00
   4.0700000e+01  -1.9368750e+01   1.0573187e+01
   4.0800000e+01   2.0631250e+01   5.0973188e+01
   4.0900000e+01  -5.4368750e+01   1.9973187e+01
   4.1000000e+01   2.2631250e+01   3.8893187e+01
   4.1100000e+01  -2.6368750e+01  -4.9146813e+01
   4.1200000e+01  -2.3368750e+01   1.5733187e+01
   4.1300000e+01  -3.0368750e+01   1.2401319e+02
   4.1400000e+01   6.3631250e+01  -2.3746813e+01
   4.1500000e+01  -2.7368750e+01   3.1893187e+01
   4.1600000e+01   2.3631250e+01  -4.7146813e+01
   4.1700000e+01  -6.7368750e+01  -6.1506812e+01
   4.1800000e+01  -3.6875000e-01  -2.6186813e+01
   4.1900000e+01  -4.5368750e+01   4.3613187e+01
   4.2000000e+01  -4.7368750e+01   4.2693188e+01
   4.2100000e+01   4.8631250e+01   2.0853187e+01
   4.2200000e+01  -9.3687500e+00   3.1173187e+01
   4.2300000e+01   6.2631250e+01  -8.7068125e+00
   4.2400000e+01   4.2631250e+01  -2.9068125e+00
   4.2500000e+01   4.6631250e+01   5.9331875e+00
   4.2600000e+01   1.6063125e+02  -1.3626813e+01
   4.2700000e+01  -7.4368750e+01  -1.7226813e+01
   4.2800000e+01   1.0063125e+02   2.4773187e+01
   4.2900000e+01  -3.2368750e+01   1.9093187e+01
   4.3000000e+01   5.0631250e+01  -2.3226813e+01
   4.3100000e+01   1.0631250e+01   2.2373188e+01
   4.3200000e+01   1.0063125e+02   1.8773187e+01
   4.3300000e+01  -1.9368750e+01   4.3573187e+01
   4.3400000e+01  -7.3687500e+00  -1.9906813e+01
   4.3500000e+01   5.6312500e+00  -2.6426813e+01
   4.3600000e+01  -1.9368750e+01  -1.9426813e+01
   4.3700000e+01   6.6631250e+01   2.3133187e+01
   4.3800000e+01   8.6312500e+00  -3.6546813e+01
   4.3900000e+01  -1.4368750e+01  -1.6626812e+01
   4.4000000e+01   7.1631250e+01   1.5933187e+01
   4.4100000e+01  -9.1368750e+01   1.4531875e+00
   4.4200000e+01   6.8631250e+01   1.1305319e+02
   4.4300000e+01   5.1631250e+01   3.7733187e+01
   4.4400000e+01  -5.1368750e+01   4.8531875e+00
   4.4500000e+01   1.2563125e+02  -1.2268125e+00
   4.4600000e+01   2.1631250e+01   2.6933187e+01
   4.4700000e+01   1.2263125e+02   6.0893188e+01
   4.4800000e+01   1.2863125e+02  -1.3468125e+00
   4.4900000e+01  -2.1368750e+01   8.6531875e+00
   4.5000000e+01  -1.8368750e+01   3.5331875e+00
   4.5100000e+01  -7.5368750e+01   1.8131875e+00
   4.5200000e+01   4.4631250e+01   9.0131875e+00
   4.5300000e+01  -4.8368750e+01  -1.0266813e+01
   4.5400000e+01  -2.0368750e+01   1.0661319e+02
   4.5500000e+01  -3.0368750e+01   2.8013187e+01
   4.5600000e+01  -4.6368750e+01   3.6531875e+00
   4.5700000e+01  -8.3687500e+00  -1.5866813e+01
   4.5800000e+01   8.2631250e+01   1.6493187e+01
   4.5900000e+01  -3.4368750e+01  -1.5826813e+01
   4.6000000e+01  -6.3687500e+00  -3.3946813e+01
   4.6100000e+01   6.7631250e+01  -1.4906813e+01
   4.6200000e+01  -6.7368750e+01  -2.1506813e+01
   4.6300000e+01   9.8631250e+01  -3.1468125e+00
   4.6400000e+01  -3.6875000e-01  -5.1186813e+01
   4.6500000e+01   1.5631250e+01   1.3173187e+01
   4.6600000e+01  -7.8368750e+01  -1.7066813e+01
   4.6700000e+01   7.5631250e+01  -7.2268125e+00
   4.6800000e+01   6.0631250e+01  -3.6268125e+00
   4.6900000e+01   8.9631250e+01   9.5213188e+01
   4.7000000e+01   7.6312500e+00  -5.0506813e+01
   4.7100000e+01   5.1631250e+01  -8.2668125e+00
   4.7200000e+01   3.1631250e+01  -3.5466813e+01
   4.7300000e+01  -4.3368750e+01  -4.5466813e+01
   4.7400000e+01   6.3125000e-01   5.6773187e+01
   4.7500000e+01  -5.3687500e+00   3.8013188e+01
   4.7600000e+01   1.0563125e+02  -2.9426813e+01
   4.7700000e+01   4.4631250e+01  -2.8986813e+01
   4.7800000e+01   3.2631250e+01  -6.5068125e+00
   4.7900000e+01   8.8631250e+01  -3.1746813e+01
   4.8000000e+01   6.8631250e+01  -3.2946813e+01
   4.8100000e+01  -7.3687500e+00  -4.6906813e+01
   4.8200000e+01  -2.9368750e+01  -2.5026813e+01
   4.8300000e+01  -4.9368750e+01   4.5773187e+01
   4.8400000e+01   3.7631250e+01   1.8293187e+01
   4.8500000e+01  -2.6368750e+01  -1.5146813e+01
   4.8600000e+01  -1.2368750e+01   9.5293188e+01
   4.8700000e+01  -5.2368750e+01  -1.3106813e+01
   4.8800000e+01  -4.3687500e+00  -3.0268125e+00
   4.8900000e+01   2.3631250e+01  -3.1146813e+01
   4.9000000e+01  -1.3368750e+01   2.3333187e+01
   4.9100000e+01   4.0631250e+01   8.1731875e+00
   4.9200000e+01   6.2631250e+01   5.1293188e+01
   4.9300000e+01  -5.0368750e+01   1.8131875e+00
   4.9400000e+01  -3.6368750e+01  -3.9746813e+01
   4.9500000e+01   5.3631250e+01  -3.3346812e+01
   4.9600000e+01   2.4631250e+01  -4.6186813e+01
   4.9700000e+01   8.0631250e+01   3.4573187e+01
   4.9800000e+01  -5.8368750e+01  -2.8668125e+00
   4.9900000e+01  -1.0036875e+02   5.0813187e+01
   5.0000000e+01  -2.2368750e+01   4.3693188e+01
   5.0100000e+01   2.5631250e+01  -4.3226813e+01
   5.0200000e+01  -7.4368750e+01   3.3773187e+01
   5.0300000e+01   3.0631250e+01   3.4573187e+01
   5.0400000e+01  -2.1368750e+01  -2.4346813e+01
   5.0500000e+01  -3.1368750e+01   6.0531875e+00
   5.0600000e+01  -3.2368750e+01   1.0009319e+02
   5.0700000e+01  -1.4368750e+01  -3.2626812e+01
   5.0800000e+01   7.6631250e+01   6.3733188e+01
   5.0900000e+01   8.6312500e+00  -2.3546813e+01
   5.1000000e+01  -5.6368750e+01   7.2053188e+01
   5.1100000e+01   4.2631250e+01   7.1093187e+01
   5.1200000e+01   3.4631250e+01  -5.6586813e+01
   5.1300000e+01  -4.1368750e+01   1.1453187e+01
   5.1400000e+01   1.2263125e+02  -7.1068125e+00
   5.1500000e+01  -4.6368750e+01  -5.5346812e+01
   5.1600000e+01  -3.3687500e+00   4.2933187e+01
   5.1700000e+01  -2.0368750e+01   9.2613188e+01
   5.1800000e+01  -5.7368750e+01  -8.9068125e+00
   5.1900000e+01   4.0631250e+01   6.8173188e+01
   5.2000000e+01   2.1631250e+01   5.2933187e+01
   5.2100000e+01  -2.8368750e+01   5.2933187e+01
   5.2200000e+01   4.6631250e+01  -2.5066813e+01
   5.2300000e+01   2.9631250e+01  -1.7386813e+01
   5.2400000e+01  -1.5368750e+01  -1.1586813e+01
   5.2500000e+01   2.5631250e+01   1.9773187e+01
   5.2600000e+01  -9.4368750e+01   6.5731875e+00
   5.2700000e+01   7.1631250e+01   5.0933188e+01
   5.2800000e+01   2.0631250e+01   5.9731875e+00
   5.2900000e+01   8.8631250e+01   1.3253187e+01
   5.3000000e+01  -6.0368750e+01  -2.7786812e+01
   5.3100000e+01   7.6312500e+00   2.7493187e+01
   5.3200000e+01   1.0631250e+01   3.7318750e-01
   5.3300000e+01   2.6312500e+00  -1.8306813e+01
   5.3400000e+01  -4.0368750e+01   7.3413188e+01
   5.3500000e+01  -9.2368750e+01   2.5493187e+01
   5.3600000e+01   1.0563125e+02  -3.5426813e+01
   5.3700000e+01   3.0631250e+01   2.2573187e+01
   5.3800000e+01  -1.9368750e+01   2.5731875e+00
   5.3900000e+01  -4.6368750e+01   5.6531875e+00
   5.4000000e+01   1.3631250e+01  -4.0746813e+01
   5.4100000e+01   3.5631250e+01  -2.9626812e+01
   5.4200000e+01   9.7631250e+01  -5.1068125e+00
   5.4300000e+01   5.7631250e+01  -3.2506813e+01
   5.4400000e+01   9.2631250e+01  -9.9068125e+00
   5.4500000e+01   1.8631250e+01   6.3053187e+01
   5.4600000e+01  -5.9368750e+01  -4.2826813e+01
   5.4700000e+01  -1.4368750e+01   3.5373188e+01
   5.4800000e+01  -7.4368750e+01  -3.2226813e+01
   5.4900000e+01  -3.0368750e+01  -5.6986812e+01
   5.5000000e+01  -1.3687500e+00   1.0885319e+02
   5.5100000e+01  -1.5368750e+01  -4.4586813e+01
   5.5200000e+01   3.7631250e+01  -1.6706813e+01
   5.5300000e+01  -6.6368750e+01  -5.7546813e+01
   5.5400000e+01   7.7631250e+01   5.6931875e+00
   5.5500000e+01  -5.0368750e+01  -1.9186813e+01
   5.5600000e+01   1.1631250e+01   1.8333187e+01
   5.5700000e+01  -4.4368750e+01   2.6573187e+01
   5.5800000e+01  -1.1368750e+01   9.6253188e+01
   5.5900000e+01   8.7631250e+01   6.6293188e+01
   5.6000000e+01   1.1863125e+02   4.0053187e+01
   5.6100000e+01   4.0631250e+01   2.8173187e+01
   5.6200000e+01   3.6631250e+01  -3.5666812e+01
   5.6300000e+01   1.5763125e+02   3.4931875e+00
   5.6400000e+01   1.0563125e+02   1.0457319e+02
   5.6500000e+01  -5.9368750e+01   1.6173187e+01
   5.6600000e+01   1.0263125e+02  -4.3306812e+01
   5.6700000e+01   6.4631250e+01  -5.0786813e+01
   5.6800000e+01  -1.6368750e+01  -4.9546813e+01
   5.6900000e+01   4.7631250e+01  -1.1068125e+00
   5.7000000e+01   4.2631250e+01   9.0931875e+00
   5.7100000e+01  -6.2368750e+01   7.6293188e+01
   5.7200000e+01  -3.3368750e+01   1.9133187e+01
   5.7300000e+01  -1.6368750e+01   2.6453187e+01
   5.7400000e+01  -1.9368750e+01   2.0573187e+01
   5.7500000e+01   7.6312500e+00   6.4493188e+01
   5.7600000e+01  -3.0368750e+01  -5.2986812e+01
   5.7700000e+01   6.4631250e+01   6.2131875e+00
   5.7800000e+01   8.3631250e+01   3.4453187e+01
   5.7900000e+01   7.1631250e+01   2.8933187e+01
   5.8000000e+01   1.4563125e+02  -3.2026812e+01
   5.8100000e+01   7.5631250e+01   6.7731875e+00
   5.8200000e+01  -5.0368750e+01   1.7813187e+01
   5.8300000e+01   9.5631250e+01  -4.4026812e+01
   5.8400000e+01  -1.4368750e+01  -4.1626812e+01
   5.8500000e+01   2.4631250e+01  -7.1868125e+00
   5.8600000e+01  -2.4368750e+01   1.6773187e+01
   5.8700000e+01   1.1363125e+02   9.3253188e+01
   5.8800000e+01  -1.9368750e+01  -3.4268125e+00
   5.8900000e+01   1.0263125e+02  -2.4306812e+01
   5.9000000e+01  -7.4368750e+01   1.9773187e+01
   5.9100000e+01  -1.1536875e+02  -5.4586813e+01
   5.9200000e+01   2.3631250e+01   2.4853187e+01
   5.9300000e+01  -2.1368750e+01  -2.3346813e+01
   5.9400000e+01  -4.3687500e+00  -1.4026813e+01
   5.9500000e+01  -6.3687500e+00   3.3053187e+01
   5.9600000e+01   4.6312500e+00   1.0861319e+02
   5.9700000e+01  -7.3687500e+00  -5.0906813e+01
   5.9800000e+01   4.1631250e+01  -2.6866813e+01
   5.9900000e+01  -3.9368750e+01  -2.9626812e+01
   6.0000000e+01  -7.7368750e+01   8.8931875e+00
   6.0100000e+01  -8.9368750e+01  -4.3626812e+01
   6.0200000e+01   5.1631250e+01  -1.3266813e+01
   6.0300000e+01   5.9631250e+01  -3.0586813e+01
   6.0400000e+01  -3.7368750e+01  -3.3706812e+01
   6.0500000e+01  -4.8368750e+01   5.7331875e+00
   6.0600000e+01   2.2631250e+01  -2.5106813e+01
   6.0700000e+01   3.6312500e+00  -3.8346812e+01
   6.0800000e+01  -2.2368750e+01   1.3693187e+01
   6.0900000e+01   2.1631250e+01  -6.0668125e+00
   6.1000000e+01  -1.7368750e+01  -2.5068125e+00
   6.1100000e+01  -4.4368750e+01   7.3573188e+01
   6.1200000e+01  -9.4368750e+01  -5.1426813e+01
   6.1300000e+01  -5.6368750e+01  -2.9946813e+01
   6.1400000e+01   2.6631250e+01  -3.4266813e+01
   6.1500000e+01  -3.3368750e+01  -5.2866813e+01
   6.1600000e+01  -5.2368750e+01   5.8931875e+00
   6.1700000e+01  -1.6368750e+01  -5.4546813e+01
   6.1800000e+01  -3.5368750e+01   1.3321319e+02
   6.1900000e+01   2.3631250e+01  -3.5146813e+01
   6.2000000e+01   8.1631250e+01   5.0533187e+01
   6.2100000e+01   2.2631250e+01   2.7893187e+01
   6.2200000e+01  -6.1368750e+01  -3.7746813e+01
   6.2300000e+01   3.6312500e+00   6.6531875e+00
   6.2400000e+01  -6.3687500e+00  -1.2946813e+01
   6.2500000e+01  -8.3687500e+00   1.8133187e+01
   6.2600000e+01  -3.3687500e+00  -5.1066813e+01
   6.2700000e+01  -4.3368750e+01   3.8533187e+01
   6.2800000e+01  -8.4368750e+01  -5.5826813e+01
   6.2900000e+01  -1.9368750e+01  -4.3426813e+01
   6.3000000e+01  -6.4368750e+01  -6.6268125e+00
   6.3100000e+01   7.3631250e+01   2.2853187e+01
   6.3200000e+01  -9.0368750e+01   2.6413187e+01
   6.3300000e+01   1.1631250e+01  -2.3666813e+01
   6.3400000e+01   3.8631250e+01  -6.6746812e+01
   6.3500000e+01  -7.1368750e+01  -1.0346813e+01
   6.3600000e+01  -1.3368750e+01   1.4333187e+01
   6.3700000e+01  -3.6368750e+01   2.3253187e+01
   6.3800000e+01  -9.2368750e+01   3.4493187e+01
   6.3900000e+01   9.6312500e+00  -3.2586813e+01
   6.4000000e+01   6.3631250e+01   4.4253187e+01
   6.4100000e+01   3.6312500e+00  -2.7346813e+01
   6.4200000e+01   9.1631250e+01   6.1133188e+01
   6.4300000e+01   1.1863125e+02   3.2053187e+01
   6.4400000e+01  -1.3687500e+00   6.3853187e+01
   6.4500000e+01  -6.6368750e+01   4.5318750e-01
   6.4600000e+01  -2.6368750e+01  -6.1468125e+00
   6.4700000e+01   5.8631250e+01  -4.5546813e+01
   6.4800000e+01  -6.9368750e+01   4.1573187e+01
   6.4900000e+01  -4.8368750e+01  -1.7266813e+01
   6.5000000e+01  -2.3687500e+00   2.9893187e+01
   6.5100000e+01   2.5631250e+01   7.4773188e+01
   6.5200000e+01   8.1631250e+01   4.0533187e+01
   6.5300000e+01   2.6631250e+01  -2.9266813e+01
   6.5400000e+01   6.6631250e+01   6.6133188e+01
   6.5500000e+01   4.6312500e+00  -9.3868125e+00
   6.5600000e+01   1.7631250e+01  -6.9068125e+00
   6.5700000e+01  -4.6368750e+01  -3.4681250e-01
   6.5800000e+01   2.6631250e+01   2.1733187e+01
   6.5900000e+01   5.6312500e+00  -1.4268125e+00
   6.6000000e+01  -4.6368750e+01   2.5653187e+01
   6.6100000e+01  -9.0368750e+01   1.7413187e+01
   6.6200000e+01   5.6312500e+00  -1.7426813e+01
   6.6300000e+01   6.3125000e-01  -9.2268125e+00
   6.6400000e+01  -4.0368750e+01   4.2413187e+01
   6.6500000e+01  -1.2336875e+02   3.3733187e+01
   6.6600000e+01   1.1631250e+01   2.0333187e+01
   6.6700000e+01  -2.7368750e+01   1.4893187e+01
   6.6800000e+01   6.2631250e+01   9.2931875e+00
   6.6900000e+01  -3.5368750e+01   2.8213188e+01
   6.7000000e+01   7.6312500e+00  -4.0506813e+01
   6.7100000e+01  -6.7368750e+01   1.1493187e+01
   6.7200000e+01  -7.0368750e+01  -5.5386813e+01
   6.7300000e+01   4.9631250e+01   5.1813187e+01
   6.7400000e+01   6.8631250e+01   2.1053187e+01
   6.7500000e+01  -8.4368750e+01  -3.6826813e+01
   6.7600000e+01   2.0631250e+01  -8.1026812e+01
   6.7700000e+01   3.3631250e+01   2.3453187e+01
   6.7800000e+01   4.9631250e+01  -3.0186813e+01
   6.7900000e+01   1.0631250e+01   3.3373188e+01
   6.8000000e+01   1.1163125e+02   2.5333187e+01
   6.8100000e+01   2.5631250e+01  -3.2268125e+00
   6.8200000e+01   4.1631250e+01   3.1133187e+01
   6.8300000e+01   6.6312500e+00   5.3318750e-01
   6.8400000e+01  -3.7368750e+01   7.2931875e+00
   6.8500000e+01  -3.2368750e+01   6.0931875e+00
   6.8600000e+01  -2.6368750e+01  -8.1468125e+00
   6.8700000e+01  -5.6368750e+01  -1.6946813e+01
   6.8800000e+01  -3.7368750e+01   6.9293188e+01
   6.8900000e+01  -2.7368750e+01   6.1893187e+01
   6.9000000e+01   1.8663125e+02   1.9333187e+01
   6.9100000e+01  -1.5368750e+01  -2.6586813e+01
   6.9200000e+01  -8.0368750e+01  -4.8986812e+01
   6.9300000e+01   8.1631250e+01  -1.2466813e+01
   6.9400000e+01   6.4631250e+01   1.0213187e+01
   6.9500000e+01   7.7631250e+01   8.8693188e+01
   6.9600000e+01  -2.1368750e+01  -7.0346812e+01
   6.9700000e+01   1.6312500e+00  -3.7266813e+01
   6.9800000e+01  -1.8368750e+01   1.7533187e+01
   6.9900000e+01   1.5563125e+02  -5.8426813e+01
   7.0000000e+01  -4.7368750e+01  -2.3306813e+01
   7.0100000e+01   6.9631250e+01   5.6013188e+01
   7.0200000e+01   6.9631250e+01  -6.4986812e+01
   7.0300000e+01   5.3631250e+01  -4.8346812e+01
   7.0400000e+01   1.7463125e+02  -2.4186813e+01
   7.0500000e+01   5.2631250e+01  -2.0306813e+01
   7.0600000e+01   4.3631250e+01   3.9053187e+01
   7.0700000e+01  -1.1368750e+01   1.3253187e+01
   7.0800000e+01   9.0631250e+01   5.5173187e+01
   7.0900000e+01  -3.5368750e+01   3.3213187e+01
   7.1000000e+01  -5.3368750e+01   3.4933187e+01
   7.1100000e+01   2.1631250e+01   6.9933188e+01
   7.1200000e+01   1.1631250e+01  -4.9666812e+01
   7.1300000e+01   1.1631250e+01   5.9333188e+01
   7.1400000e+01   3.6631250e+01   5.3331875e+00
   7.1500000e+01   3.6631250e+01  -1.0666813e+01
   7.1600000e+01  -4.5368750e+01   2.3613187e+01
   7.1700000e+01  -5.2368750e+01  -1.0106813e+01
   7.1800000e+01   5.1631250e+01   1.6733187e+01
   7.1900000e+01  -4.0368750e+01   2.1413187e+01
   7.2000000e+01   9.2631250e+01  -9.0681250e-01
   7.2100000e+01  -2.8368750e+01   4.6933187e+01
   7.2200000e+01   2.2631250e+01   6.0893187e+01
   7.2300000e+01   5.1631250e+01  -3.5266813e+01
   7.2400000e+01  -4.0368750e+01  -3.5586813e+01
   7.2500000e+01   6.8631250e+01   3.0531875e+00
   7.2600000e+01  -3.3368750e+01   2.6133187e+01
   7.2700000e+01   7.5631250e+01   2.5773187e+01
   7.2800000e+01   2.6312500e+00   2.6693187e+01
   7.2900000e+01  -6.9368750e+01  -5.7426813e+01
   7.3000000e+01  -1.4368750e+01  -3.2626812e+01
   7.3100000e+01  -1.4368750e+01  -4.7626812e+01
   7.3200000e+01  -6.1368750e+01   1.5253187e+01
   7.3300000e+01  -3.3687500e+00  -4.5066813e+01
   7.3400000e+01  -7.8368750e+01  -1.0066813e+01
   7.3500000e+01  -1.2368750e+01  -4.6706812e+01
   7.3600000e+01  -1.0336875e+02  -2.3066813e+01
   7.3700000e+01  -1.3368750e+01  -1.6666813e+01
   7.3800000e+01  -8.3368750e+01  -1.9866813e+01
   7.3900000e+01  -8.0368750e+01  -4.2986812e+01
   7.4000000e+01   4.9631250e+01  -2.3186813e+01
   7.4100000e+01  -1.3368750e+01  -2.1666813e+01
   7.4200000e+01  -6.6368750e+01   7.5453188e+01
   7.4300000e+01  -4.3687500e+00  -2.5026813e+01
   7.4400000e+01   1.0363125e+02  -6.2346812e+01
   7.4500000e+01   4.2631250e+01   3.2093187e+01
   7.4600000e+01  -8.0368750e+01  -4.6986812e+01
   7.4700000e+01  -7.2368750e+01   3.1693188e+01
   7.4800000e+01   4.8631250e+01  -7.3146812e+01
   7.4900000e+01  -6.3368750e+01  -7.3666812e+01
   7.5000000e+01   6.3125000e-01  -3.0226813e+01
   7.5100000e+01  -6.3368750e+01  -1.6668125e+00
   7.5200000e+01  -1.1936875e+02   6.6573188e+01
   7.5300000e+01  -2.8368750e+01  -5.7066813e+01
   7.5400000e+01  -4.4368750e+01  -3.8426813e+01
   7.5500000e+01  -1.3687500e+00  -6.7146812e+01
   7.5600000e+01  -4.7368750e+01  -4.7306812e+01
   7.5700000e+01   2.2631250e+01  -2.8106813e+01
   7.5800000e+01  -7.0368750e+01   8.1613188e+01
   7.5900000e+01   5.1631250e+01   8.7331875e+00
   7.6000000e+01   2.2631250e+01   3.8893187e+01
   7.6100000e+01   1.4631250e+01  -2.8786812e+01
   7.6200000e+01   1.1763125e+02  -6.4906813e+01
   7.6300000e+01  -1.0136875e+02   3.4853187e+01
   7.6400000e+01   7.3631250e+01   2.1853187e+01
   7.6500000e+01   9.5631250e+01  -6.0268125e+00
   7.6600000e+01  -1.8368750e+01   4.3533187e+01
   7.6700000e+01   3.6631250e+01   7.3333188e+01
   7.6800000e+01  -1.5368750e+01  -2.6586813e+01
   7.6900000e+01   1.1631250e+01  -2.3666813e+01
   7.7000000e+01   1.7631250e+01   5.2093187e+01
   7.7100000e+01   6.3125000e-01  -2.3226813e+01
   7.7200000e+01   1.9631250e+01  -3.4986812e+01
   7.7300000e+01   4.4631250e+01  -3.9868125e+00
   7.7400000e+01  -6.8368750e+01   4.3533187e+01
   7.7500000e+01  -9.3687500e+00  -3.2826813e+01
   7.7600000e+01  -9.3687500e+00   1.1731875e+00
   7.7700000e+01   5.8631250e+01  -4.9546813e+01
   7.7800000e+01  -1.8368750e+01   1.5533187e+01
   7.7900000e+01  -3.1368750e+01   9.0531875e+00
   7.8000000e+01  -5.8368750e+01  -2.5866813e+01
   7.8100000e+01   2.6312500e+00   5.1693188e+01
   7.8200000e+01   2.6631250e+01   4.4733187e+01
   7.8300000e+01  -2.2368750e+01  -5.3068125e+00
   7.8400000e+01   6.0631250e+01   4.4373188e+01
   7.8500000e+01   5.8631250e+01  -1.7546813e+01
   7.8600000e+01   8.6631250e+01   8.5333188e+01
   7.8700000e+01  -5.1368750e+01   3.2853187e+01
   7.8800000e+01  -8.6368750e+01  -1.7746813e+01
   7.8900000e+01   3.3631250e+01  -2.7546813e+01
   7.9000000e+01  -3.3368750e+01  -1.1866813e+01
   7.9100000e+01   7.9631250e+01   1.5613187e+01
   7.9200000e+01   9.0631250e+01  -7.8268125e+00
   7.9300000e+01   1.1163125e+02  -3.3666812e+01
   7.9400000e+01  -3.6875000e-01  -2.2186813e+01
   7.9500000e+01   3.3631250e+01  -3.9546813e+01
   7.9600000e+01   7.6312500e+00  -1.2506813e+01
   7.9700000e+01   1.3631250e+01  -1.9746813e+01
   7.9800000e+01   7.9631250e+01  -3.3868125e+00
   7.9900000e+01   5.0631250e+01  -1.7226813e+01
   8.0000000e+01   1.1631250e+01   7.9333188e+01
   8.0100000e+01  -2.0368750e+01   1.3613187e+01
   8.0200000e+01   5.5631250e+01   6.2573188e+01
   8.0300000e+01   5.1631250e+01  -4.3266813e+01
   8.0400000e+01  -5.3687500e+00  -4.3986812e+01
   8.0500000e+01   2.4631250e+01   2.2813187e+01
   8.0600000e+01   4.7631250e+01  -1.9106813e+01
   8.0700000e+01   8.6312500e+00   1.6453187e+01
   8.0800000e+01   1.2631250e+01  -4.7068125e+00
   8.0900000e+01   1.8631250e+01  -1.1946813e+01
   8.1000000e+01   6.4631250e+01   5.6213187e+01
   8.1100000e+01   1.2663125e+02  -2.4266813e+01
   8.1200000e+01   1.1631250e+01   4.1333188e+01
   8.1300000e+01  -3.3687500e+00  -1.2066813e+01
   8.1400000e+01  -1.7368750e+01   7.4931875e+00
   8.1500000e+01  -4.6368750e+01  -3.9346812e+01
   8.1600000e+01   5.6631250e+01   1.9533187e+01
   8.1700000e+01  -5.3687500e+00  -2.2986813e+01
   8.1800000e+01  -5.3687500e+00  -1.1986813e+01
   8.1900000e+01  -7.8368750e+01  -3.5066812e+01
   8.2000000e+01  -1.9368750e+01  -6.5426812e+01
   8.2100000e+01   8.2631250e+01  -3.4506813e+01
   8.2200000e+01  -2.5368750e+01   1.2813187e+01
   8.2300000e+01  -4.5368750e+01   1.0261319e+02
   8.2400000e+01  -6.9368750e+01   1.5731875e+00
   8.2500000e+01  -5.7368750e+01  -3.6906813e+01
   8.2600000e+01   7.8631250e+01   4.3653188e+01
   8.2700000e+01  -1.7368750e+01   1.6493187e+01
   8.2800000e+01  -1.0736875e+02  -3.9906813e+01
   8.2900000e+01   1.5631250e+01  -2.7826813e+01
   8.3000000e+01  -1.5368750e+01   4.7413187e+01
   8.3100000e+01   3.6631250e+01  -8.6668125e+00
   8.3200000e+01  -1.3687500e+00   2.2853187e+01
   8.3300000e+01   3.5631250e+01  -1.6268125e+00
   8.3400000e+01   2.6312500e+00   8.5693188e+01
   8.3500000e+01   8.9631250e+01  -4.0786813e+01
   8.3600000e+01   9.3631250e+01  -2.9946813e+01
   8.3700000e+01   1.8631250e+01  -1.7946813e+01
   8.3800000e+01  -1.5236875e+02  -1.0681250e-01
   8.3900000e+01   2.4631250e+01   8.1318750e-01
   8.4000000e+01  -2.3687500e+00   3.8931875e+00
   8.4100000e+01  -3.6368750e+01  -1.8746813e+01
   8.4200000e+01  -3.8368750e+01   1.3333187e+01
   8.4300000e+01  -6.3368750e+01   2.0333187e+01
   8.4400000e+01   1.2363125e+02  -3.8146813e+01
   8.4500000e+01  -8.4368750e+01   2.8173187e+01
   8.4600000e+01  -3.6368750e+01   3.3253187e+01
   8.4700000e+01   8.3631250e+01  -4.6546813e+01
   8.4800000e+01  -2.2368750e+01   4.6931875e+00
   8.4900000e+01   3.1631250e+01   6.7533188e+01
   8.5000000e+01  -1.3687500e+00   4.5853187e+01
   8.5100000e+01   6.1631250e+01  -6.1666812e+01
   8.5200000e+01   3.6631250e+01   3.8333188e+01
   8.5300000e+01   3.3631250e+01  -3.1546813e+01
   8.5400000e+01  -7.3687500e+00  -2.4906813e+01
   8.5500000e+01   1.3363125e+02   1.4453187e+01
   8.5600000e+01   1.1631250e+01   1.1333187e+01
   8.5700000e+01   5.6312500e+00   7.5731875e+00
   8.5800000e+01   4.4631250e+01  -4.9868125e+00
   8.5900000e+01  -5.7368750e+01   3.2093187e+01
   8.6000000e+01  -3.5368750e+01  -3.7868125e+00
   8.6100000e+01  -3.3687500e+00   1.9933187e+01
   8.6200000e+01  -8.3368750e+01  -6.3866812e+01
   8.6300000e+01   2.5631250e+01  -3.2226813e+01
   8.6400000e+01   5.3631250e+01  -5.1346812e+01
   8.6500000e+01  -1.6368750e+01  -2.5546813e+01
   8.6600000e+01  -6.9368750e+01   2.2573187e+01
   8.6700000e+01   1.9631250e+01  -1.9868125e+00
   8.6800000e+01  -2.6368750e+01  -3.3146813e+01
   8.6900000e+01   6.3631250e+01  -1.6746813e+01
   8.7000000e+01  -3.8368750e+01   8.0333188e+01
   8.7100000e+01  -1.3436875e+02  -2.8826813e+01
   8.7200000e+01  -1.2036875e+02  -5.1386813e+01
   8.7300000e+01  -1.1368750e+01  -1.7468125e+00
   8.7400000e+01   1.8631250e+01   8.0531875e+00
   8.7500000e+01  -3.1368750e+01   4.8053187e+01
   8.7600000e+01  -3.8368750e+01  -4.9666812e+01
   8.7700000e+01  -3.3687500e+00  -1.9066813e+01
   8.7800000e+01  -1.3687500e+00  -6.1468125e+00
   8.7900000e+01   4.3631250e+01  -9.9468125e+00
   8.8000000e+01  -3.7368750e+01  -1.4706813e+01
   8.8100000e+01   6.6631250e+01  -4.8866813e+01
   8.8200000e+01  -3.1368750e+01  -6.9946812e+01
   8.8300000e+01   9.6312500e+00   5.0413187e+01
   8.8400000e+01   2.1631250e+01  -4.8066813e+01
   8.8500000e+01  -5.3687500e+00   2.1013187e+01
   8.8600000e+01  -4.1368750e+01  -3.4546813e+01
   8.8700000e+01   4.9631250e+01  -5.3186813e+01
   8.8800000e+01   2.5631250e+01   1.3773187e+01
   8.8900000e+01  -2.3368750e+01  -2.4266813e+01
   8.9000000e+01   4.5631250e+01  -6.0026812e+01
   8.9100000e+01   2.1631250e+01   3.9933187e+01
   8.9200000e+01  -4.3368750e+01  -2.0466813e+01
   8.9300000e+01  -7.3687500e+00   3.6093187e+01
   8.9400000e+01   5.1631250e+01  -1.3266813e+01
   8.9500000e+01   2.1631250e+01  -5.3066813e+01
   8.9600000e+01  -1.6368750e+01   3.3453187e+01
   8.9700000e+01  -6.7368750e+01   9.4931875e+00
   8.9800000e+01  -8.6368750e+01  -1.0746813e+01
   8.9900000e+01  -1.1836875e+02   1.8533187e+01
   9.0000000e+01   1.2563125e+02  -2.7226813e+01
   9.0100000e+01  -6.8368750e+01   7.4533188e+01
   9.0200000e+01  -1.1368750e+01  -9.7468125e+00
   9.0300000e+01  -1.0368750e+01   1.5213187e+01
   9.0400000e+01  -1.0636875e+02   3.9053187e+01
   9.0500000e+01  -6.1368750e+01   5.6253187e+01
   9.0600000e+01   6.8631250e+01   6.0531875e+00
   9.0700000e+01  -4.6368750e+01  -6.3468125e+00
   9.0800000e+01  -6.4368750e+01   2.2373188e+01
   9.0900000e+01   3.0631250e+01  -4.3426813e+01
   9.1000000e+01  -1.1636875e+02  -5.2546813e+01
   9.1100000e+01   3.3631250e+01  -7.5468125e+00
   9.1200000e+01   1.6631250e+01   5.4133187e+01
   9.1300000e+01  -4.4368750e+01  -4.3426813e+01
   9.1400000e+01  -7.8368750e+01   2.6933187e+01
   9.1500000e+01  -3.7368750e+01   7.2931875e+00
   9.1600000e+01   1.7631250e+01   6.0931875e+00
   9.1700000e+01   2.7631250e+01   4.4693188e+01
   9.1800000e+01  -3.3368750e+01  -8.8668125e+00
   9.1900000e+01  -3.4368750e+01   4.1731875e+00
   9.2000000e+01   8.6312500e+00  -2.2546813e+01
   9.2100000e+01   6.4631250e+01  -8.0786812e+01
   9.2200000e+01  -1.1368750e+01   4.7253187e+01
   9.2300000e+01   1.0963125e+02   6.3413188e+01
   9.2400000e+01   1.4631250e+01  -4.6786813e+01
   9.2500000e+01   3.9631250e+01  -2.4786812e+01
   9.2600000e+01   5.3631250e+01  -4.0346812e+01
   9.2700000e+01   2.1631250e+01  -4.8066813e+01
   9.2800000e+01   8.5631250e+01   7.3731875e+00
   9.2900000e+01  -4.3368750e+01   1.4533187e+01
   9.3000000e+01  -3.4368750e+01   3.0173187e+01
   9.3100000e+01   6.6631250e+01   4.3133187e+01
   9.3200000e+01  -3.3687500e+00   2.4933187e+01
   9.3300000e+01  -1.9368750e+01  -1.7426813e+01
   9.3400000e+01  -5.5368750e+01   1.0013187e+01
   9.3500000e+01   7.2631250e+01  -2.0106813e+01
   9.3600000e+01  -2.1368750e+01  -4.4346812e+01
   9.3700000e+01  -7.3368750e+01  -4.4266813e+01
   9.3800000e+01   2.3631250e+01  -3.1146813e+01
   9.3900000e+01  -1.4336875e+02  -1.3466813e+01
   9.4000000e+01  -1.6368750e+01   4.5318750e-01
   9.4100000e+01   1.5863125e+02  -8.9546812e+01
   9.4200000e+01   1.4363125e+02  -8.9468125e+00
   9.4300000e+01   2.4631250e+01  -1.7186813e+01
   9.4400000e+01  -2.2368750e+01   2.6931875e+00
   9.4500000e+01  -1.6368750e+01  -4.5546813e+01
   9.4600000e+01  -4.3368750e+01   3.3533187e+01
   9.4700000e+01   1.4063125e+02  -1.3826813e+01
   9.4800000e+01   4.8631250e+01  -1.4681250e-01
   9.4900000e+01  -2.6368750e+01  -4.1146813e+01
   9.5000000e+01   5.9631250e+01   7.4131875e+00
   9.5100000e+01  -5.3687500e+00   1.9013187e+01
   9.5200000e+01   5.0631250e+01   2.2773187e+01
   9.5300000e+01  -6.4368750e+01   2.9373188e+01
   9.5400000e+01  -6.3687500e+00  -3.4946813e+01
   9.5500000e+01  -6.9368750e+01  -2.4268125e+00
   9.5600000e+01  -4.5368750e+01  -2.7386813e+01
   9.5700000e+01  -2.3687500e+00  -8.0106812e+01
   9.5800000e+01   4.4631250e+01  -1.0986813e+01
   9.5900000e+01  -5.5368750e+01   2.0131875e+00
   9.6000000e+01   4.6312500e+00  -5.9386813e+01
   9.6100000e+01  -1.2368750e+01  -5.2706812e+01
   9.6200000e+01  -5.7368750e+01  -4.9068125e+00
   9.6300000e+01  -7.5368750e+01   1.7813187e+01
   9.6400000e+01  -4.7368750e+01  -1.0306813e+01
   9.6500000e+01  -8.0368750e+01  -5.2986812e+01
   9.6600000e+01   7.2631250e+01   2.8893187e+01
   9.6700000e+01   3.4631250e+01   3.2413187e+01
   9.6800000e+01   7.8631250e+01   5.5653188e+01
   9.6900000e+01  -6.4368750e+01   3.6373188e+01
   9.7000000e+01   9.5631250e+01  -2.9026813e+01
   9.7100000e+01   3.9631250e+01  -1.7868125e+00
   9.7200000e+01  -8.5368750e+01  -2.3786812e+01
   9.7300000e+01  -4.3687500e+00  -4.7026812e+01
   9.7400000e+01   5.8631250e+01   7.6453188e+01
   9.7500000e+01   3.9631250e+01  -2.2786812e+01
   9.7600000e+01  -9.1368750e+01   1.0645319e+02
   9.7700000e+01  -7.4368750e+01   3.5773187e+01
   9.7800000e+01   8.6631250e+01   6.6333188e+01
   9.7900000e+01  -1.2136875e+02  -1.3346813e+01
   9.8000000e+01   3.1631250e+01  -4.4668125e+00
   9.8100000e+01   5.6312500e+00  -1.3426813e+01
   9.8200000e+01  -1.0136875e+02   4.8531875e+00
   9.8300000e+01   1.8631250e+01  -5.5946813e+01
   9.8400000e+01  -5.3368750e+01  -3.9066813e+01
   9.8500000e+01   1.2363125e+02  -1.1146813e+01
   9.8600000e+01   8.3631250e+01  -6.2546813e+01
   9.8700000e+01   2.0631250e+01  -2.1026813e+01
   9.8800000e+01  -3.9368750e+01  -3.9626812e+01
   9.8900000e+01   3.0631250e+01  -7.0426812e+01
   9.9000000e+01   6.3125000e-01  -2.6226813e+01
   9.9100000e+01   7.6312500e+00   3.0493187e+01
   9.9200000e+01   7.7631250e+01   5.1693188e+01
   9.9300000e+01   9.7631250e+01  -5.0106813e+01
   9.9400000e+01  -1.7368750e+01  -1.5068125e+00
   9.9500000e+01  -6.5368750e+01   1.3413187e+01
   9.9600000e+01  -6.6368750e+01   8.4531875e+00
   9.9700000e+01   2.6312500e+00   5.6931875e+00
   9.9800000e+01   4.6631250e+01  -5.6066813e+01
   9.9900000e+01  -5.4368750e+01   1.4973187e+01
   1.0000000e+02   2.9631250e+01  -1.0386813e+01
   1.0010000e+02  -8.8368750e+01  -5.8666812e+01
   1.0020000e+02   4.7631250e+01  -1.7106813e+01
   1.0030000e+02  -9.7368750e+01  -2.8306812e+01
   1.0040000e+02  -1.2368750e+01  -6.7068125e+00
   1.0050000e+02  -5.5368750e+01   7.0131875e+00
   1.0060000e+02  -5.4368750e+01  -6.0026812e+01
   1.0070000e+02  -8.6368750e+01  -3.7468125e+00
   1.0080000e+02  -2.1368750e+01  -4.2346812e+01
   1.0090000e+02  -9.1368750e+01  -3.5468125e+00
   1.0100000e+02  -5.6368750e+01   2.8053187e+01
   1.0110000e+02   1.3631250e+01  -2.7468125e+00
   1.0120000e+02  -1.2368750e+01  -3.8706812e+01
   1.0130000e+02   2.6631250e+01   1.2733187e+01
   1.0140000e+02   4.2631250e+01   6.0093187e+01
   1.0150000e+02  -1.9368750e+01   1.3573187e+01
   1.0160000e+02  -2.3687500e+00  -1.4106813e+01
   1.0170000e+02   3.6312500e+00  -1.6346813e+01
   1.0180000e+02  -1.2836875e+02   9.3318750e-01
   1.0190000e+02   1.6312500e+00   4.3733187e+01
   1.0200000e+02   6.3631250e+01  -3.5746813e+01
   1.0210000e+02   1.0063125e+02  -5.2226813e+01
   1.0220000e+02  -3.0368750e+01   3.4013188e+01
   1.0230000e+02  -1.7368750e+01   7.8493188e+01
   1.0240000e+02  -3.3687500e+00  -2.9066813e+01
   1.0250000e+02  -1.0436875e+02  -4.1026812e+01
   1.0260000e+02   4.4631250e+01   3.7013188e+01
   1.0270000e+02  -1.8368750e+01   6.5331875e+00
   1.0280000e+02  -5.0368750e+01   1.1081319e+02
   1.0290000e+02  -3.8368750e+01   2.7333187e+01
   1.0300000e+02  -5.0368750e+01   2.6813187e+01
   1.0310000e+02   4.4631250e+01  -2.2986813e+01
   1.0320000e+02  -5.7368750e+01   9.1093187e+01
   1.0330000e+02  -3.3368750e+01   5.1331875e+00
   1.0340000e+02   5.4631250e+01  -1.8386813e+01
   1.0350000e+02  -6.2368750e+01   1.3293187e+01
   1.0360000e+02  -9.4368750e+01  -9.4268125e+00
   1.0370000e+02   3.8631250e+01  -1.6746813e+01
   1.0380000e+02  -4.3687500e+00   1.8973187e+01
   1.0390000e+02  -3.0368750e+01   6.1013188e+01
   1.0400000e+02   1.2631250e+01   7.4293188e+01
   1.0410000e+02   5.2631250e+01  -2.8306813e+01
   1.0420000e+02   3.6631250e+01  -2.4666813e+01
   1.0430000e+02   3.5631250e+01   7.0373188e+01
   1.0440000e+02  -4.1368750e+01  -1.3546813e+01
   1.0450000e+02   8.6312500e+00   4.5318750e-01
   1.0460000e+02   1.6312500e+00  -5.6266813e+01
   1.0470000e+02  -1.8368750e+01  -1.7466813e+01
   1.0480000e+02   1.4631250e+01   9.5213188e+01
   1.0490000e+02  -3.2368750e+01   4.3093187e+01
   1.0500000e+02   1.2963125e+02  -2.1386813e+01
   1.0510000e+02   1.4631250e+01  -4.9786813e+01
   1.0520000e+02   3.2631250e+01  -2.5068125e+00
   1.0530000e+02  -7.5368750e+01  -1.5186813e+01
   1.0540000e+02  -3.9368750e+01  -3.1626812e+01
   1.0550000e+02  -3.4368750e+01   2.0173187e+01
   1.0560000e+02   7.4631250e+01   4.8131875e+00
   1.0570000e+02   2.8631250e+01   9.3653188e+01
   1.0580000e+02   1.4631250e+01  -8.7868125e+00
   1.0590000e+02   3.1631250e+01  -2.3466813e+01
   1.0600000e+02  -4.3687500e+00  -2.3026813e+01
   1.0610000e+02  -2.3368750e+01  -2.6266813e+01
   1.0620000e+02  -6.4368750e+01  -1.9626812e+01
   1.0630000e+02  -9.8368750e+01   1.1733187e+01
   1.0640000e+02  -1.5368750e+01   7.4131875e+00
   1.0650000e+02  -6.3368750e+01  -2.1666813e+01
   1.0660000e+02  -3.6875000e-01  -1.9186813e+01
   1.0670000e+02   3.8631250e+01  -2.8746813e+01
   1.0680000e+02  -9.5368750e+01   9.6131875e+00
   1.0690000e+02  -7.4368750e+01  -3.6226813e+01
   1.0700000e+02   3.0631250e+01  -9.4268125e+00
   1.0710000e+02  -6.7368750e+01  -1.1506813e+01
   1.0720000e+02   1.0063125e+02   3.1773187e+01
   1.0730000e+02  -5.3368750e+01  -3.5066813e+01
   1.0740000e+02  -1.6368750e+01   3.1453187e+01
   1.0750000e+02  -4.5368750e+01   7.1613188e+01
   1.0760000e+02  -8.2368750e+01  -2.1906813e+01
   1.0770000e+02  -5.8368750e+01   1.8133187e+01
   1.0780000e+02   9.9631250e+01   1.5813187e+01
   1.0790000e+02  -9.0368750e+01  -9.5868125e+00
   1.0800000e+02  -6.7368750e+01   7.1493188e+01
   1.0810000e+02   3.1631250e+01  -4.3466813e+01
   1.0820000e+02  -5.4368750e+01   1.1973187e+01
   1.0830000e+02  -8.2368750e+01   3.2093187e+01
   1.0840000e+02   4.6312500e+00  -3.8681250e-01
   1.0850000e+02  -4.1368750e+01   7.4453188e+01
   1.0860000e+02   6.6312500e+00   1.1533187e+01
   1.0870000e+02  -3.1368750e+01   2.0531875e+00
   1.0880000e+02  -8.6368750e+01  -5.5746813e+01
   1.0890000e+02   7.8631250e+01  -5.7346812e+01
   1.0900000e+02   5.2631250e+01  -5.7306812e+01
   1.0910000e+02   4.7631250e+01   1.1893187e+01
   1.0920000e+02   1.3631250e+01   2.3253187e+01
   1.0930000e+02   4.6631250e+01   2.0933187e+01
   1.0940000e+02  -1.8368750e+01   1.0533187e+01
   1.0950000e+02   3.5631250e+01   4.3731875e+00
   1.0960000e+02   4.5631250e+01  -1.2026813e+01
   1.0970000e+02  -6.8368750e+01   2.0533188e+01
   1.0980000e+02  -4.8368750e+01   4.8733187e+01
   1.0990000e+02   6.8631250e+01  -5.3946813e+01
   1.1000000e+02   4.3631250e+01   3.2053187e+01
   1.1010000e+02  -1.0436875e+02  -7.0268125e+00
   1.1020000e+02  -2.8368750e+01   1.7933187e+01
   1.1030000e+02   3.0631250e+01   9.5731875e+00
   1.1040000e+02   5.7631250e+01   1.2493187e+01
   1.1050000e+02  -3.4368750e+01  -3.9826813e+01
   1.1060000e+02  -7.8368750e+01   1.5933187e+01
   1.1070000e+02  -7.7368750e+01  -6.1068125e+00
   1.1080000e+02   2.0631250e+01  -3.6026812e+01
   1.1090000e+02   1.2563125e+02  -1.2226813e+01
   1.1100000e+02  -1.1368750e+01  -5.0746813e+01
   1.1110000e+02   1.2663125e+02   2.2733187e+01
   1.1120000e+02  -6.2368750e+01  -7.0681250e-01
   1.1130000e+02   3.3631250e+01   3.0453187e+01
   1.1140000e+02   5.7631250e+01  -2.2506813e+01
   1.1150000e+02  -4.5368750e+01  -5.7386813e+01
   1.1160000e+02  -7.2368750e+01   1.5693187e+01
   1.1170000e+02  -3.7368750e+01  -1.3706813e+01
   1.1180000e+02   8.7631250e+01   1.0293187e+01
   1.1190000e+02  -8.8368750e+01   3.4333188e+01
   1.1200000e+02   2.0631250e+01  -3.0268125e+00
   1.1210000e+02  -2.5368750e+01   5.8131875e+00
   1.1220000e+02  -4.5368750e+01   4.5613187e+01
   1.1230000e+02  -1.7368750e+01   5.9493187e+01
   1.1240000e+02   6.8631250e+01   3.5053187e+01
   1.1250000e+02  -4.1368750e+01   1.7453187e+01
   1.1260000e+02  -5.5368750e+01  -6.6986812e+01
   1.1270000e+02   5.6312500e+00   4.3573187e+01
   1.1280000e+02   7.3631250e+01  -3.5146813e+01
   1.1290000e+02  -6.9368750e+01  -2.5426813e+01
   1.1300000e+02  -1.3368750e+01  -3.6666812e+01
   1.1310000e+02   7.7631250e+01  -9.4306812e+01
   1.1320000e+02   2.6312500e+00  -2.1306813e+01
   1.1330000e+02  -2.6368750e+01   4.5853187e+01
   1.1340000e+02   3.7631250e+01   5.1293188e+01
   1.1350000e+02  -2.5368750e+01  -6.9186812e+01
   1.1360000e+02  -3.8368750e+01  -3.1666813e+01
   1.1370000e+02  -7.0368750e+01  -8.3868125e+00
   1.1380000e+02   2.7631250e+01   6.9318750e-01
   1.1390000e+02  -8.6368750e+01  -1.6746813e+01
   1.1400000e+02   3.3631250e+01  -3.9546813e+01
   1.1410000e+02   4.7631250e+01  -1.0681250e-01
   1.1420000e+02   3.8631250e+01  -2.9746813e+01
   1.1430000e+02   1.3631250e+01   1.2253187e+01
   1.1440000e+02   6.0631250e+01  -9.5626812e+01
   1.1450000e+02   5.5631250e+01  -4.5426813e+01
   1.1460000e+02  -5.7368750e+01   1.9093187e+01
   1.1470000e+02  -5.7368750e+01   2.3093187e+01
   1.1480000e+02   1.6312500e+00   2.5733187e+01
   1.1490000e+02  -5.3368750e+01   2.3933187e+01
   1.1500000e+02  -4.6368750e+01  -3.2346812e+01
   1.1510000e+02  -4.1368750e+01  -2.5546813e+01
   1.1520000e+02  -3.2368750e+01   5.0931875e+00
   1.1530000e+02   1.2663125e+02  -2.3266813e+01
   1.1540000e+02  -7.0368750e+01  -9.3868125e+00
   1.1550000e+02   1.1663125e+02  -2.4866813e+01
   1.1560000e+02  -8.3368750e+01  -3.6866813e+01
   1.1570000e+02   6.2631250e+01  -1.9706813e+01
   1.1580000e+02  -1.0036875e+02  -2.9186813e+01
   1.1590000e+02   8.6312500e+00  -1.4546813e+01
   1.1600000e+02  -1.0368750e+01  -2.1786812e+01
   1.1610000e+02  -2.2368750e+01   2.2693187e+01
   1.1620000e+02   6.6312500e+00  -4.6681250e-01
   1.1630000e+02  -4.2368750e+01   2.1493187e+01
   1.1640000e+02   1.1263125e+02  -2.2706813e+01
   1.1650000e+02   5.6631250e+01  -1.9466813e+01
   1.1660000e+02   3.3631250e+01  -4.2546813e+01
   1.1670000e+02  -4.0368750e+01  -2.5868125e+00
   1.1680000e+02  -2.7368750e+01  -1.1106813e+01
   1.1690000e+02   1.0631250e+01   1.7373188e+01
   1.1700000e+02  -6.7368750e+01   5.4931875e+00
   1.1710000e+02   1.0763125e+02   3.8493187e+01
   1.1720000e+02  -6.6368750e+01   1.5453187e+01
   1.1730000e+02  -4.3368750e+01   2.2533187e+01
   1.1740000e+02  -3.8368750e+01  -3.8666812e+01
   1.1750000e+02   2.4631250e+01  -2.0186813e+01
   1.1760000e+02  -3.3687500e+00   9.9331875e+00
   1.1770000e+02   5.7631250e+01  -7.5068125e+00
   1.1780000e+02  -8.5368750e+01   1.2213187e+01
   1.1790000e+02  -1.1736875e+02   5.2493187e+01
   1.1800000e+02  -9.6368750e+01   7.8653188e+01
   1.1810000e+02   1.5631250e+01  -5.3826813e+01
   1.1820000e+02  -1.2936875e+02  -3.9026812e+01
   1.1830000e+02   1.4631250e+01   1.5213187e+01
   1.1840000e+02   2.0631250e+01  -2.1026813e+01
   1.1850000e+02  -8.3687500e+00  -7.8668125e+00
   1.1860000e+02  -1.0936875e+02   3.5173187e+01
   1.1870000e+02  -1.9368750e+01  -1.3426813e+01
   1.1880000e+02   5.6312500e+00   2.1573187e+01
   1.1890000e+02  -4.3368750e+01   3.7533187e+01
   1.1900000e+02   2.7631250e+01   5.0693188e+01
   1.1910000e+02  -3.1368750e+01   3.6053187e+01
   1.1920000e+02  -1.9368750e+01  -1.6426813e+01
   1.1930000e+02  -4.4368750e+01   1.0573187e+01
   1.1940000e+02   3.6312500e+00  -2.9346813e+01
   1.1950000e+02  -4.3687500e+00  -7.4026812e+01
   1.1960000e+02   4.5631250e+01   1.1973187e+01
   1.1970000e+02  -8.3687500e+00   8.1331875e+00
   1.1980000e+02  -4.1368750e+01  -1.1546813e+01
   1.1990000e+02   1.0631250e+01   1.9373188e+01
   1.2000000e+02  -3.7368750e+01   2.2293187e+01
   1.2010000e+02  -3.3368750e+01  -7.8668125e+00
   1.2020000e+02   7.9631250e+01   5.1613187e+01
   1.2030000e+02   7.9631250e+01   6.6131875e+00
   1.2040000e+02   2.2631250e+01  -3.9106813e+01
   1.2050000e+02   4.8631250e+01  -7.4146812e+01
   1.2060000e+02   4.8631250e+01  -4.1468125e+00
   1.2070000e+02  -2.2368750e+01  -4.2306812e+01
   1.2080000e+02   6.4631250e+01   1.0213187e+01
   1.2090000e+02   9.9631250e+01  -6.0186813e+01
   1.2100000e+02   4.9631250e+01  -4.4186813e+01
   1.2110000e+02   3.2631250e+01  -6.5068125e+00
   1.2120000e+02   3.3631250e+01   6.5453188e+01
   1.2130000e+02   3.1631250e+01   4.0533187e+01
   1.2140000e+02   3.6312500e+00   2.0653187e+01
   1.2150000e+02  -8.3687500e+00  -1.8866813e+01
   1.2160000e+02   3.8631250e+01  -5.3746813e+01
   1.2170000e+02  -7.6368750e+01   6.5853188e+01
   1.2180000e+02  -1.4368750e+01   1.1373187e+01
   1.2190000e+02  -4.5368750e+01   2.8613187e+01
   1.2200000e+02  -7.0368750e+01  -6.9386812e+01
   1.2210000e+02   4.6312500e+00  -3.5386813e+01
   1.2220000e+02   1.5631250e+01   3.8173187e+01
   1.2230000e+02   5.6631250e+01  -2.8466813e+01
   1.2240000e+02  -3.2368750e+01   2.2093187e+01
   1.2250000e+02  -3.0368750e+01  -2.0986813e+01
   1.2260000e+02  -1.2368750e+01  -2.5706813e+01
   1.2270000e+02   3.7631250e+01  -9.7068125e+00
   1.2280000e+02   4.6312500e+00   6.6613188e+01
   1.2290000e+02   1.3263125e+02  -1.4506813e+01
   1.2300000e+02   2.0631250e+01   1.9731875e+00
   1.2310000e+02   2.9631250e+01  -2.9386813e+01
   1.2320000e+02  -8.8368750e+01   5.5333188e+01
   1.2330000e+02  -5.0368750e+01  -1.1868125e+00
   1.2340000e+02   8.4631250e+01  -2.5586813e+01
   1.2350000e+02   4.0631250e+01   2.0173187e+01
   1.2360000e+02  -2.3687500e+00  -1.7106813e+01
   1.2370000e+02   1.0563125e+02  -4.4426813e+01
   1.2380000e+02  -2.7368750e+01  -1.7106813e+01
   1.2390000e+02  -3.6875000e-01  -4.8186813e+01
   1.2400000e+02  -1.1136875e+02   5.1253187e+01
   1.2410000e+02   8.6312500e+00   5.6453187e+01
   1.2420000e+02   4.0631250e+01   1.1731875e+00
   1.2430000e+02  -9.3368750e+01   3.3533187e+01
   1.2440000e+02  -4.2368750e+01   1.0493187e+01
   1.2450000e+02  -2.1368750e+01   1.2653187e+01
   1.2460000e+02  -3.8368750e+01   9.3331875e+00
   1.2470000e+02  -3.9368750e+01  -2.6268125e+00
   1.2480000e+02   4.1631250e+01   1.0913319e+02
   1.2490000e+02   1.3631250e+01  -4.8746813e+01
   1.2500000e+02  -4.4368750e+01   3.3573187e+01
   1.2510000e+02  -1.8368750e+01  -7.6466812e+01
   1.2520000e+02   1.5631250e+01  -3.1826813e+01
   1.2530000e+02  -1.3368750e+01   8.3331875e+00
   1.2540000e+02   7.6312500e+00  -3.4506813e+01
   1.2550000e+02  -1.2136875e+02  -6.6346812e+01
   1.2560000e+02  -7.4368750e+01   1.0773187e+01
   1.2570000e+02   1.8631250e+01  -2.7946813e+01
   1.2580000e+02  -3.7368750e+01   2.2293187e+01
   1.2590000e+02  -1.3368750e+01  -4.1666812e+01
   1.2600000e+02   6.4631250e+01  -4.3786813e+01
   1.2610000e+02   4.4631250e+01   1.3187500e-02
   1.2620000e+02  -3.1368750e+01   4.3053187e+01
   1.2630000e+02  -2.2368750e+01  -1.3306813e+01
   1.2640000e+02  -3.1368750e+01   1.5053187e+01
   1.2650000e+02  -4.3368750e+01   3.7533187e+01
   1.2660000e+02   4.3631250e+01  -5.2946813e+01
   1.2670000e+02   8.3631250e+01  -5.6546813e+01
   1.2680000e+02  -9.3687500e+00   1.7173187e+01
   1.2690000e+02   5.5631250e+01  -5.0426813e+01
   1.2700000e+02   9.6631250e+01   2.2933187e+01
   1.2710000e+02   6.7631250e+01   7.0931875e+00
   1.2720000e+02  -8.4368750e+01  -1.9826813e+01
   1.2730000e+02  -4.1368750e+01  -2.4546813e+01
   1.2740000e+02  -6.9368750e+01  -4.7426813e+01
   1.2750000e+02   7.2631250e+01  -4.1068125e+00
   1.2760000e+02   7.6312500e+00  -2.7506813e+01
   1.2770000e+02   7.0631250e+01  -1.1026813e+01
   1.2780000e+02  -1.3368750e+01   1.7333187e+01
   1.2790000e+02  -1.5368750e+01  -4.3586813e+01
   1.2800000e+02  -4.3687500e+00   4.3973188e+01
   1.2810000e+02   4.1631250e+01  -9.8668125e+00
   1.2820000e+02  -4.6368750e+01   2.6653187e+01
   1.2830000e+02   5.7631250e+01  -2.5068125e+00
   1.2840000e+02  -4.7368750e+01  -2.4306813e+01
   1.2850000e+02   4.5631250e+01   2.3973187e+01
   1.2860000e+02  -2.5368750e+01  -6.1868125e+00
   1.2870000e+02  -2.7368750e+01   2.8931875e+00
   1.2880000e+02   8.6631250e+01   3.3331875e+00
   1.2890000e+02   6.6312500e+00  -1.0466813e+01
   1.2900000e+02   8.4631250e+01  -1.3586813e+01
   1.2910000e+02   4.7631250e+01   3.8931875e+00
   1.2920000e+02  -2.3687500e+00  -3.5106813e+01
   1.2930000e+02   2.2631250e+01  -3.1106813e+01
   1.2940000e+02   5.2631250e+01   2.5693187e+01
   1.2950000e+02  -3.3368750e+01  -2.8668125e+00
   1.2960000e+02  -5.3687500e+00  -3.9868125e+00
   1.2970000e+02  -6.6368750e+01  -2.7546813e+01
   1.2980000e+02   1.1663125e+02  -3.8668125e+00
   1.2990000e+02   1.4631250e+01  -1.2786813e+01
   1.3000000e+02   2.3631250e+01  -1.1146813e+01
   1.3010000e+02  -5.3687500e+00  -3.1986813e+01
   1.3020000e+02   2.6312500e+00  -4.7306812e+01
   1.3030000e+02   1.4263125e+02   2.1093187e+01
   1.3040000e+02  -4.8368750e+01  -2.7266813e+01
   1.3050000e+02   6.3125000e-01  -5.7226813e+01
   1.3060000e+02   7.0631250e+01   3.9731875e+00
   1.3070000e+02   1.1631250e+01   5.7333188e+01
   1.3080000e+02  -4.6368750e+01   8.3653188e+01
   1.3090000e+02   1.6631250e+01  -3.3866813e+01
   1.3100000e+02   1.3663125e+02  -7.4666812e+01
   1.3110000e+02   3.2631250e+01   2.4931875e+00
   1.3120000e+02  -7.3687500e+00   5.0931875e+00
   1.3130000e+02  -6.0368750e+01  -3.7868125e+00
   1.3140000e+02  -6.3368750e+01  -6.1666812e+01
   1.3150000e+02  -7.6368750e+01   2.4853187e+01
   1.3160000e+02   2.7631250e+01   6.9318750e-01
   1.3170000e+02   2.6312500e+00   1.2693187e+01
   1.3180000e+02  -2.4368750e+01  -2.6226813e+01
   1.3190000e+02   1.7631250e+01  -1.8906813e+01
   1.3200000e+02   7.3631250e+01  -2.1146813e+01
   1.3210000e+02  -7.9368750e+01   5.1973188e+01
   1.3220000e+02   3.3631250e+01   1.4531875e+00
   1.3230000e+02  -7.2368750e+01   4.1693188e+01
   1.3240000e+02   2.9631250e+01  -9.3386812e+01
   1.3250000e+02  -1.3368750e+01   2.3331875e+00
   1.3260000e+02  -1.7368750e+01   4.7493187e+01
   1.3270000e+02   1.5463125e+02   2.7613187e+01
   1.3280000e+02   6.3125000e-01  -2.1226813e+01
   1.3290000e+02   4.4631250e+01   7.0131875e+00
   1.3300000e+02  -1.7368750e+01   1.1493187e+01
   1.3310000e+02   3.9631250e+01  -1.7786812e+01
   1.3320000e+02   3.6631250e+01  -4.6668125e+00
   1.3330000e+02   3.5631250e+01  -2.6268125e+00
   1.3340000e+02  -1.1368750e+01  -1.1746813e+01
   1.3350000e+02  -5.2368750e+01   7.8931875e+00
   1.3360000e+02  -3.6368750e+01   2.4253187e+01
   1.3370000e+02   5.8631250e+01  -5.1546813e+01
   1.3380000e+02   2.6312500e+00  -2.4306813e+01
   1.3390000e+02  -7.6368750e+01   6.8531875e+00
   1.3400000e+02   3.9631250e+01  -8.7868125e+00
   1.3410000e+02   8.9631250e+01   6.2131875e+00
   1.3420000e+02  -2.3368750e+01  -1.2668125e+00
   1.3430000e+02   8.1631250e+01   2.5533187e+01
   1.3440000e+02  -4.8368750e+01   8.7331875e+00
   1.3450000e+02  -1.5368750e+01  -3.0586813e+01
   1.3460000e+02  -1.4036875e+02   1.0341319e+02
   1.3470000e+02   6.3125000e-01  -4.6226813e+01
   1.3480000e+02  -1.6368750e+01  -4.5546813e+01
   1.3490000e+02   2.1631250e+01  -1.2066813e+01
   1.3500000e+02   1.3631250e+01   1.8253187e+01
   1.3510000e+02  -6.3687500e+00   1.6053187e+01
   1.3520000e+02  -3.8368750e+01  -1.4666813e+01
   1.3530000e+02  -1.2368750e+01   1.9293187e+01
   1.3540000e+02   9.6312500e+00   3.6413187e+01
   1.3550000e+02   6.6312500e+00   3.1533187e+01
   1.3560000e+02  -1.1736875e+02  -6.5068125e+00
   1.3570000e+02  -7.2368750e+01   7.6931875e+00
   1.3580000e+02   4.7631250e+01  -2.5106813e+01
   1.3590000e+02   4.5631250e+01   2.2973187e+01
   1.3600000e+02   3.9631250e+01  -4.9786813e+01
   1.3610000e+02   3.8631250e+01  -2.6746813e+01
   1.3620000e+02   8.2631250e+01   1.3493187e+01
   1.3630000e+02  -1.6368750e+01  -3.9546813e+01
   1.3640000e+02   1.4631250e+01  -1.6786812e+01
   1.3650000e+02   2.5631250e+01  -1.3226813e+01
   1.3660000e+02   9.6312500e+00  -3.8586813e+01
   1.3670000e+02  -1.0368750e+01  -8.7868125e+00
   1.3680000e+02   6.6312500e+00  -7.2466812e+01
   1.3690000e+02  -5.0368750e+01  -2.1868125e+00
   1.3700000e+02  -8.4368750e+01  -6.0826812e+01
   1.3710000e+02  -1.0236875e+02   4.1893187e+01
   1.3720000e+02  -5.5368750e+01   7.0131875e+00
   1.3730000e+02  -3.6368750e+01  -6.7468125e+00
   1.3740000e+02  -1.1336875e+02   2.2333188e+01
   1.3750000e+02  -2.8368750e+01   4.5933187e+01
   1.3760000e+02  -1.5368750e+01  -6.3586812e+01
   1.3770000e+02  -7.3368750e+01  -1.1266813e+01
   1.3780000e+02   1.2631250e+01  -5.7068125e+00
   1.3790000e+02  -7.1368750e+01   2.6653187e+01
   1.3800000e+02   5.2631250e+01  -7.4306812e+01
   1.3810000e+02   1.1163125e+02  -2.4666813e+01
   1.3820000e+02   2.4631250e+01   1.8813187e+01
   1.3830000e+02  -1.1636875e+02  -4.2546813e+01
   1.3840000e+02  -4.5368750e+01  -1.4386813e+01
   1.3850000e+02   1.6312500e+00  -2.1266813e+01
   1.3860000e+02  -5.9368750e+01  -5.9826813e+01
   1.3870000e+02  -7.0368750e+01  -8.3868125e+00
   1.3880000e+02  -7.3687500e+00  -2.4906813e+01
   1.3890000e+02  -1.5136875e+02  -1.9146813e+01
   1.3900000e+02  -9.0368750e+01   5.4413187e+01
   1.3910000e+02   2.4631250e+01   1.4813187e+01
   1.3920000e+02   1.2263125e+02   1.8931875e+00
   1.3930000e+02   3.3631250e+01  -9.5468125e+00
   1.3940000e+02   4.1631250e+01  -6.8668125e+00
   1.3950000e+02  -3.1368750e+01  -4.9468125e+00
   1.3960000e+02   8.6312500e+00   7.7453188e+01
   1.3970000e+02  -5.9368750e+01   1.0173187e+01
   1.3980000e+02   1.3631250e+01  -3.6746813e+01
   1.3990000e+02  -1.3368750e+01  -2.8666813e+01
   1.4000000e+02  -8.0368750e+01  -1.1986813e+01
   1.4010000e+02   5.3631250e+01   2.1653187e+01
   1.4020000e+02   1.1763125e+02  -2.4906813e+01
   1.4030000e+02  -8.2368750e+01  -2.4906813e+01
   1.4040000e+02  -8.2368750e+01  -5.9068125e+00
   1.4050000e+02   1.3631250e+01  -3.1746813e+01
   1.4060000e+02   8.6631250e+01  -2.9666813e+01
   1.4070000e+02  -9.5368750e+01  -4.5386813e+01
   1.4080000e+02  -8.0368750e+01   5.8013188e+01
   1.4090000e+02   6.3125000e-01  -5.8226813e+01
   1.4100000e+02  -5.2368750e+01  -4.1068125e+00
   1.4110000e+02  -2.8368750e+01   4.4933187e+01
   1.4120000e+02  -1.2636875e+02  -2.8146813e+01
   1.4130000e+02   3.2631250e+01  -3.6506813e+01
   1.4140000e+02  -5.3368750e+01  -3.6066813e+01
   1.4150000e+02  -3.7368750e+01  -3.8706812e+01
   1.4160000e+02  -3.7368750e+01   8.1293188e+01
   1.4170000e+02  -9.7368750e+01  -9.3068125e+00
   1.4180000e+02  -3.4368750e+01  -8.8268125e+00
   1.4190000e+02  -2.3368750e+01   8.1733187e+01
   1.4200000e+02  -3.3368750e+01   3.9133187e+01
   1.4210000e+02  -5.9368750e+01  -4.0826813e+01
   1.4220000e+02   5.4631250e+01  -1.6386813e+01
   1.4230000e+02   9.8631250e+01  -1.3146813e+01
   1.4240000e+02  -6.3687500e+00   2.6053187e+01
   1.4250000e+02  -1.0536875e+02  -2.4986812e+01
   1.4260000e+02  -1.2836875e+02   5.4933188e+01
   1.4270000e+02  -4.7368750e+01   3.0693187e+01
   1.4280000e+02   4.7631250e+01   7.8931875e+00
   1.4290000e+02  -4.9368750e+01   3.7773187e+01
   1.4300000e+02  -6.4368750e+01  -5.2626812e+01
   1.4310000e+02  -6.6368750e+01   4.0453187e+01
   1.4320000e+02   2.6631250e+01  -2.2668125e+00
   1.4330000e+02   7.6312500e+00   3.3493187e+01
   1.4340000e+02  -2.6368750e+01  -2.1146813e+01
   1.4350000e+02  -2.6368750e+01   3.5853187e+01
   1.4360000e+02   3.7631250e+01  -3.5706812e+01
   1.4370000e+02  -3.3368750e+01  -4.4866813e+01
   1.4380000e+02   7.2631250e+01   4.8893187e+01
   1.4390000e+02  -9.6368750e+01   2.6531875e+00
   1.4400000e+02   6.9631250e+01   6.4013188e+01
   1.4410000e+02  -7.3687500e+00  -1.9906813e+01
   1.4420000e+02  -6.5368750e+01  -3.9586813e+01
   1.4430000e+02  -2.0368750e+01   1.9613187e+01
   1.4440000e+02  -1.6368750e+01  -8.5468125e+00
   1.4450000e+02  -5.7368750e+01  -4.7906813e+01
   1.4460000e+02  -2.8368750e+01  -5.1066813e+01
   1.4470000e+02   3.1631250e+01  -1.8466813e+01
   1.4480000e+02  -2.4368750e+01  -1.6226813e+01
   1.4490000e+02  -6.3687500e+00  -3.0946813e+01
   1.4500000e+02  -6.6368750e+01   4.9453187e+01
   1.4510000e+02  -4.7368750e+01   1.1693187e+01
   1.4520000e+02   2.7631250e+01  -2.0306813e+01
   1.4530000e+02   1.2563125e+02   1.3773187e+01
   1.4540000e+02   1.3763125e+02   1.2293187e+01
   1.4550000e+02  -5.2368750e+01  -5.0106813e+01
   1.4560000e+02  -1.3368750e+01  -3.7666812e+01
   1.4570000e+02  -4.1368750e+01  -4.4546813e+01
   1.4580000e+02  -4.4368750e+01  -1.0426813e+01
   1.4590000e+02   3.5631250e+01  -2.8626812e+01
   1.4600000e+02   2.8631250e+01  -3.5346812e+01
   1.4610000e+02  -5.3368750e+01   1.1393319e+02
   1.4620000e+02  -4.4368750e+01  -3.7426813e+01
   1.4630000e+02  -3.0368750e+01  -1.8986813e+01
   1.4640000e+02  -8.4368750e+01  -6.2826812e+01
   1.4650000e+02  -1.1736875e+02   3.3493187e+01
   1.4660000e+02  -7.2368750e+01  -1.5306813e+01
   1.4670000e+02  -9.1368750e+01  -4.9546813e+01
   1.4680000e+02  -8.3368750e+01   8.1331875e+00
   1.4690000e+02  -5.5368750e+01  -4.2986812e+01
   1.4700000e+02  -5.2368750e+01   6.8931875e+00
   1.4710000e+02  -6.8368750e+01  -3.1466812e+01
   1.4720000e+02  -4.6368750e+01  -1.4346813e+01
   1.4730000e+02  -7.0368750e+01  -4.3386813e+01
   1.4740000e+02  -3.7368750e+01  -9.7068125e+00
   1.4750000e+02   7.2631250e+01   8.8931875e+00
   1.4760000e+02  -1.5736875e+02  -5.5906813e+01
   1.4770000e+02   2.5631250e+01   4.1773187e+01
   1.4780000e+02  -6.7368750e+01  -1.0506813e+01
   1.4790000e+02  -6.6368750e+01  -1.2546813e+01
   1.4800000e+02   5.5631250e+01   3.5731875e+00
   1.4810000e+02   3.0631250e+01  -4.5426813e+01
   1.4820000e+02  -1.1036875e+02  -1.8786812e+01
   1.4830000e+02   1.4631250e+01  -8.5786812e+01
   1.4840000e+02  -3.1368750e+01  -7.9468125e+00
   1.4850000e+02   2.9631250e+01  -3.1386813e+01
   1.4860000e+02   1.6312500e+00  -2.2668125e+00
   1.4870000e+02   6.7631250e+01  -3.9906813e+01
   1.4880000e+02  -1.1436875e+02   4.7373188e+01
   1.4890000e+02  -8.2368750e+01  -2.0906813e+01
   1.4900000e+02  -2.8368750e+01  -5.0668125e+00
   1.4910000e+02  -3.8368750e+01  -3.3666812e+01
   1.4920000e+02   9.6312500e+00   4.1318750e-01
   1.4930000e+02  -6.4368750e+01   2.9373188e+01
   1.4940000e+02   5.6631250e+01  -4.5466813e+01
   1.4950000e+02   3.6312500e+00  -3.9346812e+01
   1.4960000e+02  -2.7368750e+01  -3.3106813e+01
   1.4970000e+02  -2.2368750e+01  -1.7306813e+01
   1.4980000e+02  -5.7368750e+01   1.0093187e+01
   1.4990000e+02   4.1631250e+01   5.6133187e+01
