   0.0000000e+00   2.6315111e+02   4.9642844e+01
   1.0000000e-01   3.6215111e+02   4.1682844e+01
   2.0000000e-01   5.0015111e+02   5.2162844e+01
   3.0000000e-01   3.6715111e+02   1.3482844e+01
   4.0000000e-01   2.9815111e+02   7.3242844e+01
   5.0000000e-01   2.0015111e+02   5.4162844e+01
   6.0000000e-01   4.0315111e+02  -6.9571556e+00
   7.0000000e-01   2.2715111e+02   3.3082844e+01
   8.0000000e-01   2.2315111e+02   2.0242844e+01
   9.0000000e-01   1.6015111e+02   1.8076284e+02
   1.0000000e+00   2.4515111e+02   1.3628444e+00
   1.1000000e+00   1.7715111e+02   5.4082844e+01
   1.2000000e+00   2.2015111e+02   6.0362844e+01
   1.3000000e+00   1.1815111e+02   5.8442844e+01
   1.4000000e+00   1.5215111e+02   4.2082844e+01
   1.5000000e+00   2.6815111e+02  -2.1557156e+01
   1.6000000e+00   2.9715111e+02  -3.2717156e+01
   1.7000000e+00   1.8815111e+02   2.5642844e+01
   1.8000000e+00   3.2115111e+02   7.7322844e+01
   1.9000000e+00   7.2151111e+01   7.3282844e+01
   2.0000000e+00   1.0415111e+02   3.8002844e+01
   2.1000000e+00   3.5215111e+02   6.4082844e+01
   2.2000000e+00   3.6415111e+02  -1.2397156e+01
   2.3000000e+00   9.9151111e+01   1.1202844e+01
   2.4000000e+00   9.6151111e+01   6.2322844e+01
   2.5000000e+00   3.2315111e+02   3.4242844e+01
   2.6000000e+00   1.5215111e+02   3.4082844e+01
   2.7000000e+00   1.8215111e+02   7.0882844e+01
   2.8000000e+00   2.5815111e+02   8.4284444e-01
   2.9000000e+00   8.4151111e+01   5.3802844e+01
   3.0000000e+00   1.8415111e+02   5.9802844e+01
   3.1000000e+00   1.7115111e+02   1.1932284e+02
   3.2000000e+00   1.8015111e+02   3.2962844e+01
   3.3000000e+00   1.1415111e+02   1.1260284e+02
   3.4000000e+00   3.9315111e+02   6.9442844e+01
   3.5000000e+00   2.6415111e+02   3.4602844e+01
   3.6000000e+00   1.9915111e+02   3.9202844e+01
   3.7000000e+00   1.9815111e+02   6.5242844e+01
   3.8000000e+00   2.2415111e+02   4.5202844e+01
   3.9000000e+00   2.0915111e+02   3.5802844e+01
   4.0000000e+00   7.4151111e+01   6.2028444e+00
   4.1000000e+00   2.9715111e+02   1.1282844e+01
   4.2000000e+00   1.5215111e+02   3.8082844e+01
   4.3000000e+00   3.3215111e+02   5.4882844e+01
   4.4000000e+00   2.3615111e+02   4.4722844e+01
   4.5000000e+00   1.8315111e+02   6.0842844e+01
   4.6000000e+00   1.6615111e+02   1.6352284e+02
   4.7000000e+00   7.3151111e+01   6.9242844e+01
   4.8000000e+00   1.0015111e+02   9.0162844e+01
   4.9000000e+00   1.0915111e+02  -1.2197156e+01
   5.0000000e+00   1.3915111e+02  -7.3971556e+00
   5.1000000e+00   1.1015111e+02   2.7762844e+01
   5.2000000e+00   1.1415111e+02   8.8602844e+01
   5.3000000e+00   1.3915111e+02   2.9602844e+01
   5.4000000e+00   5.2151111e+01   8.6082844e+01
   5.5000000e+00   3.5315111e+02   3.0042844e+01
   5.6000000e+00   1.8515111e+02  -4.2371556e+00
   5.7000000e+00   1.8315111e+02   6.9842844e+01
   5.8000000e+00   3.5215111e+02  -9.9171556e+00
   5.9000000e+00   9.1151111e+01   4.7522844e+01
   6.0000000e+00   5.5151111e+01   1.9628444e+00
   6.1000000e+00   2.2615111e+02   1.4812284e+02
   6.2000000e+00   2.5215111e+02   9.1082844e+01
   6.3000000e+00   1.1615111e+02   3.1522844e+01
   6.4000000e+00   1.3915111e+02   4.4602844e+01
   6.5000000e+00   2.5015111e+02   1.8162844e+01
   6.6000000e+00   2.7415111e+02   6.2028444e+00
   6.7000000e+00   3.8315111e+02  -6.1571556e+00
   6.8000000e+00   1.4215111e+02   7.1482844e+01
   6.9000000e+00   1.7815111e+02   6.5042844e+01
   7.0000000e+00   4.2215111e+02   2.9282844e+01
   7.1000000e+00   1.0315111e+02   1.6042844e+01
   7.2000000e+00   2.7315111e+02   1.0242844e+01
   7.3000000e+00   2.4515111e+02   8.2362844e+01
   7.4000000e+00   1.9715111e+02   4.1282844e+01
   7.5000000e+00   2.4915111e+02   1.1820284e+02
   7.6000000e+00   1.4715111e+02   1.2428284e+02
   7.7000000e+00   1.9715111e+02   8.5282844e+01
   7.8000000e+00   1.6415111e+02   4.1602844e+01
   7.9000000e+00   2.0415111e+02   1.5900284e+02
   8.0000000e+00   2.8015111e+02   8.2962844e+01
   8.1000000e+00   6.1151111e+01   4.4722844e+01
   8.2000000e+00   7.4151111e+01   6.9202844e+01
   8.3000000e+00   2.9515111e+02   4.1362844e+01
   8.4000000e+00   2.8615111e+02   1.5872284e+02
   8.5000000e+00   2.5715111e+02   2.2882844e+01
   8.6000000e+00   2.1815111e+02   1.0344284e+02
   8.7000000e+00   3.0415111e+02   1.0600284e+02
   8.8000000e+00   1.4115111e+02   7.4522844e+01
   8.9000000e+00   2.4815111e+02   7.4242844e+01
   9.0000000e+00   2.0415111e+02   7.0028444e+00
   9.1000000e+00   3.3315111e+02   3.4842844e+01
   9.2000000e+00   1.8215111e+02   3.4882844e+01
   9.3000000e+00   3.1215111e+02   5.5682844e+01
   9.4000000e+00   2.5515111e+02   8.5962844e+01
   9.5000000e+00   1.7115111e+02   1.2732284e+02
   9.6000000e+00   2.9515111e+02   8.3628444e+00
   9.7000000e+00   2.2315111e+02   3.6242844e+01
   9.8000000e+00   2.0415111e+02  -3.9971556e+00
   9.9000000e+00   2.2515111e+02   7.6162844e+01
   1.0000000e+01   9.7151111e+01   1.0428284e+02
   1.0100000e+01   8.4151111e+01   5.9802844e+01
   1.0200000e+01   1.9115111e+02   1.3252284e+02
   1.0300000e+01   2.0715111e+02   1.9882844e+01
   1.0400000e+01   2.2415111e+02   6.2028444e+00
   1.0500000e+01   9.5151111e+01  -1.1637156e+01
   1.0600000e+01   2.0115111e+02   7.9122844e+01
   1.0700000e+01   1.9015111e+02   3.0562844e+01
   1.0800000e+01   1.5715111e+02   3.7882844e+01
   1.0900000e+01   2.3215111e+02   8.5882844e+01
   1.1000000e+01   2.8615111e+02  -2.7715556e-01
   1.1100000e+01   2.3715111e+02   6.3682844e+01
   1.1200000e+01   1.7415111e+02   6.1202844e+01
   1.1300000e+01   1.3115111e+02   6.4922844e+01
   1.1400000e+01   3.0915111e+02   3.9802844e+01
   1.1500000e+01   1.1815111e+02   8.7442844e+01
   1.1600000e+01   2.7715111e+02  -1.4917156e+01
   1.1700000e+01   1.6915111e+02  -3.3597156e+01
   1.1800000e+01   3.5615111e+02  -7.0771556e+00
   1.1900000e+01   1.9115111e+02   3.0522844e+01
   1.2000000e+01   2.8815111e+02   5.4642844e+01
   1.2100000e+01   2.0415111e+02   4.0028444e+00
   1.2200000e+01   1.4115111e+02   2.5522844e+01
   1.2300000e+01   2.2915111e+02   6.4002844e+01
   1.2400000e+01   2.2615111e+02  -6.8771556e+00
   1.2500000e+01   2.3915111e+02   6.3602844e+01
   1.2600000e+01   3.8215111e+02   7.6882844e+01
   1.2700000e+01   1.4615111e+02   7.3228444e+00
   1.2800000e+01   1.6215111e+02   6.8682844e+01
   1.2900000e+01   1.8915111e+02   7.7602844e+01
   1.3000000e+01   2.2915111e+02   9.5002844e+01
   1.3100000e+01   1.5515111e+02   7.2962844e+01
   1.3200000e+01   1.8915111e+02   4.1602844e+01
   1.3300000e+01   2.2015111e+02  -1.9637156e+01
   1.3400000e+01   1.7815111e+02   1.8042844e+01
   1.3500000e+01   3.2415111e+02   6.9202844e+01
   1.3600000e+01   2.5715111e+02   1.1882844e+01
   1.3700000e+01   3.0815111e+02   7.9842844e+01
   1.3800000e+01   2.6715111e+02   4.1482844e+01
   1.3900000e+01   2.5515111e+02   5.2962844e+01
   1.4000000e+01   1.1915111e+02   5.1402844e+01
   1.4100000e+01   1.5115111e+02   4.0122844e+01
   1.4200000e+01   2.6815111e+02   4.7442844e+01
   1.4300000e+01   2.1415111e+02   7.4602844e+01
   1.4400000e+01   1.8715111e+02   4.3682844e+01
   1.4500000e+01   1.7215111e+02   4.9282844e+01
   1.4600000e+01   1.5915111e+02   8.8028444e+00
   1.4700000e+01   2.0915111e+02   8.4802844e+01
   1.4800000e+01   1.4215111e+02   6.4482844e+01
   1.4900000e+01   2.4515111e+02   2.4362844e+01
   1.5000000e+01   2.1815111e+02  -3.5557156e+01
   1.5100000e+01   2.9815111e+02   4.8242844e+01
   1.5200000e+01   4.1415111e+02   2.2602844e+01
   1.5300000e+01   2.5615111e+02   7.9922844e+01
   1.5400000e+01   8.6151111e+01   5.3722844e+01
   1.5500000e+01   2.6615111e+02   9.3522844e+01
   1.5600000e+01   3.1115111e+02   7.7228444e+00
   1.5700000e+01   2.6415111e+02   4.6602844e+01
   1.5800000e+01   3.1915111e+02   1.5940284e+02
   1.5900000e+01   2.6615111e+02   4.3522844e+01
   1.6000000e+01   1.3915111e+02   1.4460284e+02
   1.6100000e+01   1.7015111e+02   3.6284444e-01
   1.6200000e+01   1.2615111e+02  -8.7715556e-01
   1.6300000e+01   1.8415111e+02   3.0802844e+01
   1.6400000e+01   1.5415111e+02   7.9002844e+01
   1.6500000e+01   2.0315111e+02   2.1042844e+01
   1.6600000e+01   1.9715111e+02   1.1282844e+01
   1.6700000e+01   1.4815111e+02   3.4242844e+01
   1.6800000e+01   1.4815111e+02   3.4242844e+01
   1.6900000e+01   3.4515111e+02   6.2362844e+01
   1.7000000e+01   2.5915111e+02   1.1802844e+01
   1.7100000e+01   1.6915111e+02   9.0402844e+01
   1.7200000e+01   2.1815111e+02   3.6442844e+01
   1.7300000e+01   1.1115111e+02   7.0722844e+01
   1.7400000e+01   2.4115111e+02   4.7522844e+01
   1.7500000e+01   1.0015111e+02   9.1628444e+00
   1.7600000e+01   1.0215111e+02  -1.1917156e+01
   1.7700000e+01   1.8215111e+02  -1.1171556e+00
   1.7800000e+01   2.7615111e+02   1.1122844e+01
   1.7900000e+01   3.4215111e+02   6.3482844e+01
   1.8000000e+01   2.0715111e+02  -5.3117156e+01
   1.8100000e+01   7.9151111e+01   1.5002844e+01
   1.8200000e+01   1.5815111e+02   4.7842844e+01
   1.8300000e+01   2.4715111e+02   4.9282844e+01
   1.8400000e+01   2.7515111e+02  -2.8371556e+00
   1.8500000e+01   2.0415111e+02  -5.9971556e+00
   1.8600000e+01   1.4215111e+02   3.9482844e+01
   1.8700000e+01   9.8151111e+01  -9.7571556e+00
   1.8800000e+01   2.4515111e+02   3.9362844e+01
   1.8900000e+01   2.1515111e+02   2.5562844e+01
   1.9000000e+01   1.6115111e+02  -4.4277156e+01
   1.9100000e+01   2.6915111e+02   6.6402844e+01
   1.9200000e+01   1.5715111e+02   2.5882844e+01
   1.9300000e+01   1.6715111e+02   3.7482844e+01
   1.9400000e+01   2.7315111e+02   3.0242844e+01
   1.9500000e+01   1.7515111e+02   5.2162844e+01
   1.9600000e+01   6.9151111e+01   5.6402844e+01
   1.9700000e+01   1.5915111e+02   7.6802844e+01
   1.9800000e+01   1.9015111e+02   4.9562844e+01
   1.9900000e+01   8.7151111e+01   4.8682844e+01
   2.0000000e+01   3.5215111e+02   9.0082844e+01
   2.0100000e+01   1.7115111e+02   7.6322844e+01
   2.0200000e+01   1.9615111e+02   1.1322844e+01
   2.0300000e+01   1.1815111e+02   5.2442844e+01
   2.0400000e+01   3.3615111e+02   6.7228444e+00
   2.0500000e+01   2.0515111e+02   8.4962844e+01
   2.0600000e+01   2.2515111e+02   9.2162844e+01
   2.0700000e+01   2.3715111e+02   2.7682844e+01
   2.0800000e+01   1.6815111e+02   4.5442844e+01
   2.0900000e+01   2.4015111e+02   2.8562844e+01
   2.1000000e+01   2.2215111e+02  -3.7171556e+00
   2.1100000e+01   2.9315111e+02   3.9442844e+01
   2.1200000e+01   7.9151111e+01   4.4002844e+01
   2.1300000e+01   2.9115111e+02  -1.0477156e+01
   2.1400000e+01   2.7915111e+02   7.8002844e+01
   2.1500000e+01   3.6315111e+02   4.3642844e+01
   2.1600000e+01   3.6615111e+02   2.2522844e+01
   2.1700000e+01   5.2615111e+02   4.6122844e+01
   2.1800000e+01   2.9715111e+02   5.9282844e+01
   2.1900000e+01   2.0115111e+02   5.5122844e+01
   2.2000000e+01   3.6815111e+02   7.9442844e+01
   2.2100000e+01   1.6415111e+02   4.0602844e+01
   2.2200000e+01   3.3315111e+02  -7.1571556e+00
   2.2300000e+01   1.9215111e+02   8.3482844e+01
   2.2400000e+01   2.6015111e+02   3.8762844e+01
   2.2500000e+01   2.1415111e+02   5.1602844e+01
   2.2600000e+01   3.0315111e+02   1.1042844e+01
   2.2700000e+01   8.2151111e+01   3.8882844e+01
   2.2800000e+01   1.9915111e+02   5.8202844e+01
   2.2900000e+01   3.1315111e+02  -4.0357156e+01
   2.3000000e+01   1.6115111e+02   7.7228444e+00
   2.3100000e+01   3.2815111e+02   5.3042844e+01
   2.3200000e+01   2.1815111e+02  -2.9557156e+01
   2.3300000e+01   7.3151111e+01   1.2428444e+00
   2.3400000e+01   2.3215111e+02   2.6882844e+01
   2.3500000e+01   1.7815111e+02   4.3042844e+01
   2.3600000e+01   2.9215111e+02   3.9482844e+01
   2.3700000e+01   2.0915111e+02   4.0802844e+01
   2.3800000e+01   2.0215111e+02   3.4082844e+01
   2.3900000e+01   2.4515111e+02   2.4362844e+01
   2.4000000e+01   1.0315111e+02   1.1104284e+02
   2.4100000e+01   2.6415111e+02   3.9602844e+01
   2.4200000e+01   1.8915111e+02  -1.7397156e+01
   2.4300000e+01   1.7215111e+02   6.5282844e+01
   2.4400000e+01   2.4115111e+02   6.6522844e+01
   2.4500000e+01   2.8315111e+02   4.0842844e+01
   2.4600000e+01   2.5515111e+02   4.8962844e+01
   2.4700000e+01   2.2115111e+02   3.7322844e+01
   2.4800000e+01   2.4215111e+02   1.4148284e+02
   2.4900000e+01   2.1815111e+02   7.6442844e+01
   2.5000000e+01   1.4815111e+02   9.5242844e+01
   2.5100000e+01   1.7815111e+02   1.4004284e+02
   2.5200000e+01   1.7815111e+02   7.1042844e+01
   2.5300000e+01   1.6415111e+02   7.0602844e+01
   2.5400000e+01   1.9815111e+02  -4.6757156e+01
   2.5500000e+01   1.9815111e+02   8.6242844e+01
   2.5600000e+01   2.2715111e+02   2.1082844e+01
   2.5700000e+01   3.0915111e+02   3.5802844e+01
   2.5800000e+01   1.5215111e+02   2.4082844e+01
   2.5900000e+01   2.0515111e+02  -2.0371556e+00
   2.6000000e+01   2.3815111e+02   4.0642844e+01
   2.6100000e+01   3.0415111e+02   5.0028444e+00
   2.6200000e+01   3.2115111e+02   1.3228444e+00
   2.6300000e+01   2.1315111e+02   1.5642844e+01
   2.6400000e+01   2.1815111e+02   1.3744284e+02
   2.6500000e+01   1.6715111e+02   5.7482844e+01
   2.6600000e+01   2.6315111e+02   3.2642844e+01
   2.6700000e+01   8.1151111e+01   6.8922844e+01
   2.6800000e+01   1.0315111e+02   4.4042844e+01
   2.6900000e+01   9.9151111e+01   2.2028444e+00
   2.7000000e+01   2.8815111e+02  -4.3357156e+01
   2.7100000e+01   1.8315111e+02  -5.1571556e+00
   2.7200000e+01   3.4915111e+02   2.0202844e+01
   2.7300000e+01   2.3015111e+02   5.5962844e+01
   2.7400000e+01   1.0215111e+02   3.7082844e+01
   2.7500000e+01   2.6215111e+02   4.6682844e+01
   2.7600000e+01   9.3151111e+01  -6.5571556e+00
   2.7700000e+01   1.1315111e+02  -1.3571556e+00
   2.7800000e+01   2.4015111e+02   4.5628444e+00
   2.7900000e+01   2.0815111e+02   2.4842844e+01
   2.8000000e+01   6.0151111e+01  -1.7237156e+01
   2.8100000e+01   3.7315111e+02   4.2242844e+01
   2.8200000e+01   1.8315111e+02  -3.1571556e+00
   2.8300000e+01   1.7615111e+02   1.1112284e+02
   2.8400000e+01   1.3515111e+02   6.7628444e+00
   2.8500000e+01   3.2215111e+02  -3.7171556e+00
   2.8600000e+01   2.5515111e+02   2.2962844e+01
   2.8700000e+01   8.7151111e+01   5.6682844e+01
   2.8800000e+01   2.6015111e+02   7.7628444e+00
   2.8900000e+01   7.5151111e+01   3.6162844e+01
   2.9000000e+01   2.8215111e+02   9.1882844e+01
   2.9100000e+01   3.4315111e+02   6.3442844e+01
   2.9200000e+01   3.8215111e+02   5.2882844e+01
   2.9300000e+01   2.1615111e+02   3.1522844e+01
   2.9400000e+01   1.3615111e+02   8.6722844e+01
   2.9500000e+01   2.8415111e+02   3.0802844e+01
   2.9600000e+01   3.2215111e+02  -8.7171556e+00
   2.9700000e+01   1.5415111e+02   3.6002844e+01
   2.9800000e+01   2.1215111e+02   2.5682844e+01
   2.9900000e+01   1.5315111e+02   1.3042844e+01
   3.0000000e+01   6.0151111e+01   8.8762844e+01
   3.0100000e+01   3.1815111e+02   7.3442844e+01
   3.0200000e+01   2.1815111e+02  -3.1557156e+01
   3.0300000e+01   2.8315111e+02   7.0842844e+01
   3.0400000e+01   1.3815111e+02   1.6564284e+02
   3.0500000e+01   2.7915111e+02   6.4002844e+01
   3.0600000e+01   1.9115111e+02   3.3522844e+01
   3.0700000e+01   2.9015111e+02   5.6284444e-01
   3.0800000e+01   1.1915111e+02  -1.5971556e+00
   3.0900000e+01   1.0415111e+02   3.1002844e+01
   3.1000000e+01   2.2115111e+02   4.4322844e+01
   3.1100000e+01   2.9315111e+02   4.4442844e+01
   3.1200000e+01   1.8815111e+02   1.3864284e+02
   3.1300000e+01   2.7715111e+02   4.3082844e+01
   3.1400000e+01   2.7515111e+02   2.1628444e+00
   3.1500000e+01   2.2615111e+02   3.5122844e+01
   3.1600000e+01   2.3015111e+02   2.0962844e+01
   3.1700000e+01   1.3615111e+02   1.1722844e+01
   3.1800000e+01   6.0151111e+01   7.7628444e+00
   3.1900000e+01   2.1315111e+02  -9.3571556e+00
   3.2000000e+01   5.6151111e+01   8.4922844e+01
   3.2100000e+01   3.3515111e+02  -4.2371556e+00
   3.2200000e+01   1.5315111e+02   4.4042844e+01
   3.2300000e+01   1.4615111e+02  -8.6771556e+00
   3.2400000e+01   1.2515111e+02   1.1162844e+01
   3.2500000e+01   1.3715111e+02  -1.2317156e+01
   3.2600000e+01   2.0615111e+02   1.1192284e+02
   3.2700000e+01   2.2215111e+02   6.6282844e+01
   3.2800000e+01   2.4215111e+02   7.0482844e+01
   3.2900000e+01   7.9151111e+01  -2.0997156e+01
   3.3000000e+01   1.7615111e+02   7.1228444e+00
   3.3100000e+01   8.4151111e+01   5.7802844e+01
   3.3200000e+01   1.8315111e+02  -3.9157156e+01
   3.3300000e+01   1.8415111e+02   8.8802844e+01
   3.3400000e+01   1.1215111e+02   1.6828444e+00
   3.3500000e+01   1.0915111e+02  -1.5197156e+01
   3.3600000e+01   1.0315111e+02  -6.9571556e+00
   3.3700000e+01   2.4515111e+02  -6.6371556e+00
   3.3800000e+01   3.2215111e+02   3.9282844e+01
   3.3900000e+01   2.5515111e+02   1.1962844e+01
   3.4000000e+01   2.3015111e+02   5.5962844e+01
   3.4100000e+01   1.6815111e+02  -8.5571556e+00
   3.4200000e+01   1.2815111e+02   6.6042844e+01
   3.4300000e+01   2.2915111e+02   1.3002844e+01
   3.4400000e+01   1.8815111e+02   3.5642844e+01
   3.4500000e+01   2.7715111e+02   5.0082844e+01
   3.4600000e+01   8.4151111e+01   5.4802844e+01
   3.4700000e+01   2.0715111e+02   2.4882844e+01
   3.4800000e+01   2.7415111e+02   2.3202844e+01
   3.4900000e+01   2.9115111e+02  -3.2477156e+01
   3.5000000e+01   1.1515111e+02   2.7562844e+01
   3.5100000e+01   2.0615111e+02   2.9228444e+00
   3.5200000e+01   1.1515111e+02   2.8562844e+01
   3.5300000e+01   1.9715111e+02   3.5282844e+01
   3.5400000e+01   1.9215111e+02   5.8482844e+01
   3.5500000e+01   1.7815111e+02   3.5042844e+01
   3.5600000e+01   3.2615111e+02   1.3912284e+02
   3.5700000e+01   2.2815111e+02   3.2042844e+01
   3.5800000e+01   2.9315111e+02   7.8442844e+01
   3.5900000e+01   2.7715111e+02   7.2082844e+01
   3.6000000e+01   1.8215111e+02   4.9882844e+01
   3.6100000e+01   2.4215111e+02  -6.5171556e+00
   3.6200000e+01   2.4415111e+02  -1.2597156e+01
   3.6300000e+01   2.2115111e+02   4.1322844e+01
   3.6400000e+01   3.3315111e+02   7.8428444e+00
   3.6500000e+01   1.8715111e+02   3.4682844e+01
   3.6600000e+01   1.2915111e+02   7.5002844e+01
   3.6700000e+01   1.1315111e+02   5.0642844e+01
   3.6800000e+01   2.1815111e+02   7.5442844e+01
   3.6900000e+01   1.2315111e+02   1.0824284e+02
   3.7000000e+01   2.0315111e+02   4.2042844e+01
   3.7100000e+01   3.2515111e+02  -3.8371556e+00
   3.7200000e+01   2.3215111e+02   6.3882844e+01
   3.7300000e+01   1.8915111e+02  -1.7397156e+01
   3.7400000e+01   1.5115111e+02   3.3122844e+01
   3.7500000e+01   1.9115111e+02   1.6522844e+01
   3.7600000e+01   1.6415111e+02   8.4602844e+01
   3.7700000e+01   2.7615111e+02   5.1228444e+00
   3.7800000e+01   1.8515111e+02  -4.8237156e+01
   3.7900000e+01   2.7815111e+02  -5.1957156e+01
   3.8000000e+01   2.4915111e+02   1.3220284e+02
   3.8100000e+01   1.1215111e+02   4.3682844e+01
   3.8200000e+01   2.3415111e+02   1.8028444e+00
   3.8300000e+01   2.5415111e+02  -2.4997156e+01
   3.8400000e+01   1.9615111e+02  -1.2677156e+01
   3.8500000e+01   1.6615111e+02   1.5228444e+00
   3.8600000e+01   2.9215111e+02   1.3482844e+01
   3.8700000e+01   3.5315111e+02   4.2042844e+01
   3.8800000e+01   3.7815111e+02   1.1104284e+02
   3.8900000e+01   2.7815111e+02   7.7042844e+01
   3.9000000e+01   3.1115111e+02   2.4722844e+01
   3.9100000e+01   1.9215111e+02   1.6482844e+01
   3.9200000e+01   1.9515111e+02   6.3628444e+00
   3.9300000e+01   2.5115111e+02   4.3122844e+01
   3.9400000e+01   1.5715111e+02   6.1882844e+01
   3.9500000e+01   2.6115111e+02   4.7722844e+01
   3.9600000e+01   1.8315111e+02   3.8842844e+01
   3.9700000e+01   1.8815111e+02   6.0642844e+01
   3.9800000e+01   2.2915111e+02   3.0002844e+01
   3.9900000e+01   1.7715111e+02   1.1008284e+02
   4.0000000e+01   2.2615111e+02   5.0122844e+01
   4.0100000e+01   1.7215111e+02   5.3282844e+01
   4.0200000e+01   1.4215111e+02   8.2482844e+01
   4.0300000e+01   1.8115111e+02   1.0492284e+02
   4.0400000e+01   7.0151111e+01   8.9362844e+01
   4.0500000e+01   1.9615111e+02   8.0322844e+01
   4.0600000e+01   6.4151111e+01   6.1602844e+01
   4.0700000e+01   2.0315111e+02   6.5042844e+01
   4.0800000e+01   2.7115111e+02   5.0322844e+01
   4.0900000e+01   1.3915111e+02   4.5602844e+01
   4.1000000e+01   2.9915111e+02   2.3202844e+01
   4.1100000e+01   8.9151111e+01   8.1602844e+01
   4.1200000e+01   2.0915111e+02   3.8028444e+00
   4.1300000e+01   9.5151111e+01   3.9362844e+01
   4.1400000e+01   1.1215111e+02   6.5682844e+01
   4.1500000e+01   1.4115111e+02   9.5522844e+01
   4.1600000e+01   2.8315111e+02   8.6842844e+01
   4.1700000e+01   1.1715111e+02   6.0482844e+01
   4.1800000e+01   2.3315111e+02   6.3842844e+01
   4.1900000e+01   1.2515111e+02   6.3162844e+01
   4.2000000e+01   2.6915111e+02  -5.9715556e-01
   4.2100000e+01   2.4115111e+02   5.9522844e+01
   4.2200000e+01   1.3215111e+02   3.8882844e+01
   4.2300000e+01   2.0315111e+02   7.5042844e+01
   4.2400000e+01   1.4515111e+02   8.8362844e+01
   4.2500000e+01   1.0815111e+02   5.6842844e+01
   4.2600000e+01   1.8315111e+02   5.2842844e+01
   4.2700000e+01   2.3815111e+02   2.2642844e+01
   4.2800000e+01   1.4015111e+02   3.2562844e+01
   4.2900000e+01   2.0315111e+02   2.2042844e+01
   4.3000000e+01   2.3115111e+02   6.0922844e+01
   4.3100000e+01   1.3715111e+02   1.3682844e+01
   4.3200000e+01   1.1315111e+02   2.3642844e+01
   4.3300000e+01   1.9615111e+02   3.2284444e-01
   4.3400000e+01   5.1511111e+00   4.9962844e+01
   4.3500000e+01   1.7315111e+02   6.2242844e+01
   4.3600000e+01   2.8215111e+02   1.0188284e+02
   4.3700000e+01   2.0015111e+02  -1.8837156e+01
   4.3800000e+01   2.1315111e+02   4.1642844e+01
   4.3900000e+01   2.2615111e+02   3.8122844e+01
   4.4000000e+01   1.2015111e+02   1.8362844e+01
   4.4100000e+01   3.3415111e+02   2.9802844e+01
   4.4200000e+01   3.4115111e+02   7.2522844e+01
   4.4300000e+01   1.8015111e+02   1.7096284e+02
   4.4400000e+01   2.1315111e+02   4.6642844e+01
   4.4500000e+01   1.5115111e+02   8.6122844e+01
   4.4600000e+01   1.3815111e+02   4.7642844e+01
   4.4700000e+01   1.6115111e+02   1.0672284e+02
   4.4800000e+01   3.2151111e+01   1.0088284e+02
   4.4900000e+01   1.6615111e+02   7.8522844e+01
   4.5000000e+01   1.8915111e+02   6.2602844e+01
   4.5100000e+01   5.4151111e+01   4.8002844e+01
   4.5200000e+01   1.5215111e+02  -1.8917156e+01
   4.5300000e+01   1.3215111e+02   2.5882844e+01
   4.5400000e+01   2.2115111e+02   7.1322844e+01
   4.5500000e+01   1.6815111e+02   1.2744284e+02
   4.5600000e+01   1.3015111e+02   9.9962844e+01
   4.5700000e+01   1.1615111e+02   6.4522844e+01
   4.5800000e+01   1.7415111e+02   1.8202844e+01
   4.5900000e+01   2.0715111e+02   8.9882844e+01
   4.6000000e+01   1.5515111e+02   1.4962844e+01
   4.6100000e+01   3.5015111e+02   2.2162844e+01
   4.6200000e+01   1.5015111e+02   2.1162844e+01
   4.6300000e+01   1.5615111e+02   7.1922844e+01
   4.6400000e+01   2.2115111e+02   4.3322844e+01
   4.6500000e+01   9.1151111e+01   8.1522844e+01
   4.6600000e+01   1.6815111e+02   7.6442844e+01
   4.6700000e+01   1.9915111e+02   5.2028444e+00
   4.6800000e+01   7.1151111e+01   3.2322844e+01
   4.6900000e+01   9.6151111e+01   2.9322844e+01
   4.7000000e+01   4.0315111e+02  -5.7957156e+01
   4.7100000e+01   1.6815111e+02   1.6442844e+01
   4.7200000e+01   1.7615111e+02   6.4122844e+01
   4.7300000e+01   2.2815111e+02   6.1042844e+01
   4.7400000e+01   1.8915111e+02   1.1160284e+02
   4.7500000e+01   2.9715111e+02   3.5282844e+01
   4.7600000e+01   1.7315111e+02   2.4242844e+01
   4.7700000e+01   1.7615111e+02   5.6122844e+01
   4.7800000e+01   1.3615111e+02   3.4722844e+01
   4.7900000e+01   1.0315111e+02   6.9042844e+01
   4.8000000e+01   1.7915111e+02   8.5002844e+01
   4.8100000e+01   1.9515111e+02   7.5362844e+01
   4.8200000e+01   2.2815111e+02   7.3042844e+01
   4.8300000e+01   2.1815111e+02   2.7442844e+01
   4.8400000e+01   2.5415111e+02   2.0002844e+01
   4.8500000e+01   2.4315111e+02   4.8442844e+01
   4.8600000e+01   3.3115111e+02  -1.4077156e+01
   4.8700000e+01   2.9515111e+02   2.6362844e+01
   4.8800000e+01   2.0415111e+02   6.3002844e+01
   4.8900000e+01   3.7915111e+02   3.5002844e+01
   4.9000000e+01   1.7315111e+02   4.8242844e+01
   4.9100000e+01   1.7615111e+02   2.3122844e+01
   4.9200000e+01   1.4215111e+02  -2.7517156e+01
   4.9300000e+01   1.6115111e+02  -6.2771556e+00
   4.9400000e+01   1.6015111e+02   2.6762844e+01
   4.9500000e+01   2.7315111e+02  -1.0757156e+01
   4.9600000e+01   1.7815111e+02  -1.5957156e+01
   4.9700000e+01   2.1415111e+02   4.4602844e+01
   4.9800000e+01   3.3715111e+02   2.2682844e+01
   4.9900000e+01   2.1915111e+02  -3.0597156e+01
   5.0000000e+01   2.9815111e+02  -5.7571556e+00
   5.0100000e+01   1.8915111e+02   2.7602844e+01
   5.0200000e+01   5.9515111e+02  -4.7637156e+01
   5.0300000e+01   2.5615111e+02   3.7922844e+01
   5.0400000e+01   1.2215111e+02   9.6282844e+01
   5.0500000e+01   4.8215111e+02   6.1882844e+01
   5.0600000e+01   2.8315111e+02  -3.4157156e+01
   5.0700000e+01   1.9015111e+02   2.2562844e+01
   5.0800000e+01   1.3315111e+02  -5.1571556e+00
   5.0900000e+01   1.9015111e+02   4.1562844e+01
   5.1000000e+01   1.9915111e+02   7.4202844e+01
   5.1100000e+01   2.8415111e+02   1.0802844e+01
   5.1200000e+01   1.6715111e+02  -1.6517156e+01
   5.1300000e+01   2.9215111e+02  -2.1517156e+01
   5.1400000e+01   2.9815111e+02  -3.2757156e+01
   5.1500000e+01   3.3715111e+02  -5.0317156e+01
   5.1600000e+01   3.0615111e+02  -3.9077156e+01
   5.1700000e+01   9.2151111e+01   6.3482844e+01
   5.1800000e+01   2.1915111e+02   7.9402844e+01
   5.1900000e+01   1.5415111e+02  -4.6997156e+01
   5.2000000e+01   2.7715111e+02   1.7082844e+01
   5.2100000e+01   2.4015111e+02   4.5562844e+01
   5.2200000e+01   3.3415111e+02  -5.1197156e+01
   5.2300000e+01   1.2715111e+02  -2.8917156e+01
   5.2400000e+01   2.2715111e+02   4.0082844e+01
   5.2500000e+01   1.7515111e+02   1.1162844e+01
   5.2600000e+01   2.4515111e+02  -3.5637156e+01
   5.2700000e+01   3.2715111e+02   4.0828444e+00
   5.2800000e+01   4.2615111e+02   4.3122844e+01
   5.2900000e+01   2.6815111e+02  -2.2557156e+01
   5.3000000e+01   2.6515111e+02   2.5628444e+00
   5.3100000e+01   2.6815111e+02  -1.3557156e+01
   5.3200000e+01   2.3215111e+02  -2.7117156e+01
   5.3300000e+01   2.2315111e+02  -1.7571556e+00
   5.3400000e+01   2.1615111e+02  -4.0477156e+01
   5.3500000e+01   1.6115111e+02  -2.9277156e+01
   5.3600000e+01   4.9015111e+02  -6.4371556e+00
   5.3700000e+01   2.2715111e+02  -5.0917156e+01
   5.3800000e+01   1.5915111e+02  -4.5197156e+01
   5.3900000e+01   2.7015111e+02  -2.3637156e+01
   5.4000000e+01   2.8815111e+02   1.2864284e+02
   5.4100000e+01   2.6815111e+02  -1.5571556e+00
   5.4200000e+01   1.7015111e+02   3.4362844e+01
   5.4300000e+01   2.1115111e+02  -4.1277156e+01
   5.4400000e+01   2.4515111e+02  -6.6637156e+01
   5.4500000e+01   1.4415111e+02  -1.5971556e+00
   5.4600000e+01   1.4915111e+02   1.5202844e+01
   5.4700000e+01   3.1915111e+02   2.4028444e+00
   5.4800000e+01   1.3315111e+02   4.8428444e+00
   5.4900000e+01   2.1215111e+02  -5.8317156e+01
   5.5000000e+01   2.5715111e+02   5.8828444e+00
   5.5100000e+01   2.0315111e+02  -4.1957156e+01
   5.5200000e+01   2.5515111e+02   5.1962844e+01
   5.5300000e+01   2.6715111e+02   5.5482844e+01
   5.5400000e+01   2.1815111e+02   6.5442844e+01
   5.5500000e+01   1.8715111e+02  -1.7317156e+01
   5.5600000e+01   3.2415111e+02   2.2202844e+01
   5.5700000e+01   4.1315111e+02  -3.0357156e+01
   5.5800000e+01   1.2915111e+02  -4.1997156e+01
   5.5900000e+01   2.5215111e+02  -4.1917156e+01
   5.6000000e+01   1.9815111e+02   4.2242844e+01
   5.6100000e+01   3.4515111e+02   6.7362844e+01
   5.6200000e+01   7.0151111e+01  -2.5637156e+01
   5.6300000e+01   1.7215111e+02  -5.7171556e+00
   5.6400000e+01   3.8015111e+02  -1.4037156e+01
   5.6500000e+01   2.5515111e+02  -3.4037156e+01
   5.6600000e+01   3.3015111e+02  -6.2037156e+01
   5.6700000e+01   1.2115111e+02  -3.2677156e+01
   5.6800000e+01   1.6515111e+02   6.2562844e+01
   5.6900000e+01   1.6815111e+02  -1.6557156e+01
   5.7000000e+01   2.0015111e+02   7.4162844e+01
   5.7100000e+01   8.6151111e+01  -7.4277156e+01
   5.7200000e+01   2.6215111e+02   2.9682844e+01
   5.7300000e+01   2.5215111e+02  -1.0917156e+01
   5.7400000e+01   1.2615111e+02   5.6122844e+01
   5.7500000e+01   2.8015111e+02   9.9962844e+01
   5.7600000e+01   1.9315111e+02  -1.5571556e+00
   5.7700000e+01   1.4815111e+02   4.7242844e+01
   5.7800000e+01   2.7415111e+02  -5.7971556e+00
   5.7900000e+01   1.6615111e+02   1.2522844e+01
   5.8000000e+01   9.4151111e+01  -3.9597156e+01
   5.8100000e+01   1.3515111e+02   2.6762844e+01
   5.8200000e+01   3.0515111e+02   4.1962844e+01
   5.8300000e+01   2.0315111e+02   5.5042844e+01
   5.8400000e+01   2.0015111e+02   5.8162844e+01
   5.8500000e+01   2.4415111e+02   3.2402844e+01
   5.8600000e+01   2.8915111e+02   4.0602844e+01
   5.8700000e+01   1.5715111e+02   1.6882844e+01
   5.8800000e+01   3.1715111e+02  -1.6517156e+01
   5.8900000e+01   2.7215111e+02  -1.0717156e+01
   5.9000000e+01   2.6715111e+02   3.9482844e+01
   5.9100000e+01   2.0015111e+02   3.0162844e+01
   5.9200000e+01   2.2915111e+02   5.2002844e+01
   5.9300000e+01   3.0915111e+02   2.7802844e+01
   5.9400000e+01   1.8715111e+02  -3.5317156e+01
   5.9500000e+01   2.2515111e+02   3.1162844e+01
   5.9600000e+01   2.0715111e+02  -9.1171556e+00
   5.9700000e+01   2.3515111e+02  -3.2371556e+00
   5.9800000e+01   2.9815111e+02   7.2428444e+00
   5.9900000e+01   1.1815111e+02  -1.7557156e+01
   6.0000000e+01   2.1115111e+02   5.3722844e+01
   6.0100000e+01   2.9315111e+02  -1.3557156e+01
   6.0200000e+01   3.3115111e+02   3.9922844e+01
   6.0300000e+01   1.3115111e+02   5.5922844e+01
   6.0400000e+01   3.6615111e+02  -9.4771556e+00
   6.0500000e+01   2.2615111e+02   1.4122844e+01
   6.0600000e+01   2.5115111e+02  -3.7877156e+01
   6.0700000e+01   3.2115111e+02   5.8322844e+01
   6.0800000e+01   2.3515111e+02   4.5762844e+01
   6.0900000e+01   3.0615111e+02   8.6922844e+01
   6.1000000e+01   1.4615111e+02   2.2322844e+01
   6.1100000e+01   1.3515111e+02  -1.2237156e+01
   6.1200000e+01   2.1015111e+02  -1.6237156e+01
   6.1300000e+01   3.9915111e+02  -1.2797156e+01
   6.1400000e+01   3.8915111e+02   2.3602844e+01
   6.1500000e+01   3.1115111e+02   3.0722844e+01
   6.1600000e+01   3.0815111e+02  -1.0157156e+01
   6.1700000e+01   1.9115111e+02   4.7522844e+01
   6.1800000e+01   2.4815111e+02   1.1242844e+01
   6.1900000e+01   1.8915111e+02   5.6028444e+00
   6.2000000e+01   2.9915111e+02   2.1202844e+01
   6.2100000e+01   2.5015111e+02   1.6284444e-01
   6.2200000e+01   4.3215111e+02  -4.9117156e+01
   6.2300000e+01   3.6915111e+02   1.6402844e+01
   6.2400000e+01   3.3115111e+02  -2.6077156e+01
   6.2500000e+01   2.0715111e+02  -1.5117156e+01
   6.2600000e+01   3.4215111e+02   4.7482844e+01
   6.2700000e+01   2.4515111e+02   5.1362844e+01
   6.2800000e+01   1.3415111e+02   2.7802844e+01
   6.2900000e+01   2.3815111e+02   2.8642844e+01
   6.3000000e+01   1.1715111e+02   2.4828444e+00
   6.3100000e+01   1.9515111e+02   5.2362844e+01
   6.3200000e+01   5.1151111e+01  -1.0877156e+01
   6.3300000e+01   3.3615111e+02   3.4722844e+01
   6.3400000e+01   2.8115111e+02  -6.0771556e+00
   6.3500000e+01   1.5815111e+02  -1.7157156e+01
   6.3600000e+01   3.4215111e+02   2.2482844e+01
   6.3700000e+01   2.3415111e+02   1.2802844e+01
   6.3800000e+01   2.2815111e+02   4.2042844e+01
   6.3900000e+01   8.8151111e+01   2.7642844e+01
   6.4000000e+01   2.6615111e+02   1.6522844e+01
   6.4100000e+01   2.4015111e+02   3.0562844e+01
   6.4200000e+01   2.9215111e+02  -5.5171556e+00
   6.4300000e+01   3.7715111e+02  -1.1917156e+01
   6.4400000e+01   3.5215111e+02  -1.6917156e+01
   6.4500000e+01   9.2151111e+01   3.2482844e+01
   6.4600000e+01   6.5151111e+01   2.5628444e+00
   6.4700000e+01   3.3215111e+02   5.4882844e+01
   6.4800000e+01   3.0815111e+02   1.0842844e+01
   6.4900000e+01   3.4815111e+02  -3.2757156e+01
   6.5000000e+01   1.3515111e+02   1.4762844e+01
   6.5100000e+01   2.0615111e+02  -3.8077156e+01
   6.5200000e+01   3.6015111e+02  -3.0237156e+01
   6.5300000e+01   2.5815111e+02  -5.0157156e+01
   6.5400000e+01   1.9715111e+02   1.7282844e+01
   6.5500000e+01   2.2315111e+02  -2.5757156e+01
   6.5600000e+01   2.0215111e+02  -2.4917156e+01
   6.5700000e+01   2.5115111e+02  -3.0877156e+01
   6.5800000e+01   5.4151111e+01  -7.5997156e+01
   6.5900000e+01   2.8515111e+02  -3.0237156e+01
   6.6000000e+01   3.3715111e+02  -1.1317156e+01
   6.6100000e+01   2.2815111e+02  -3.8957156e+01
   6.6200000e+01   1.6715111e+02  -3.0517156e+01
   6.6300000e+01   2.8151111e+01  -1.1957156e+01
   6.6400000e+01   1.6215111e+02  -2.6317156e+01
   6.6500000e+01   2.1115111e+02  -2.2277156e+01
   6.6600000e+01   2.7515111e+02  -2.3837156e+01
   6.6700000e+01   2.2815111e+02  -1.9957156e+01
   6.6800000e+01   8.7151111e+01   6.6682844e+01
   6.6900000e+01   2.3415111e+02  -5.7197156e+01
   6.7000000e+01   1.8415111e+02  -6.0197156e+01
   6.7100000e+01   2.7515111e+02  -8.8371556e+00
   6.7200000e+01   3.9915111e+02  -1.5797156e+01
   6.7300000e+01   3.2515111e+02   9.4162844e+01
   6.7400000e+01   2.0315111e+02  -2.4957156e+01
   6.7500000e+01   1.7315111e+02  -3.0757156e+01
   6.7600000e+01   2.7215111e+02  -2.2717156e+01
   6.7700000e+01   2.0515111e+02  -9.2037156e+01
   6.7800000e+01   1.8615111e+02  -7.2277156e+01
   6.7900000e+01   1.7515111e+02  -2.8837156e+01
   6.8000000e+01   3.7915111e+02  -2.4997156e+01
   6.8100000e+01   2.1415111e+02   1.6602844e+01
   6.8200000e+01   2.1415111e+02  -9.3971556e+00
   6.8300000e+01   1.0515111e+02  -3.4037156e+01
   6.8400000e+01   2.8315111e+02   1.8428444e+00
   6.8500000e+01   2.9815111e+02  -5.5757156e+01
   6.8600000e+01   2.0615111e+02  -8.0077156e+01
   6.8700000e+01   2.1315111e+02   3.4642844e+01
   6.8800000e+01   1.5715111e+02  -8.1171556e+00
   6.8900000e+01   9.5151111e+01  -7.3637156e+01
   6.9000000e+01   2.0715111e+02  -2.5117156e+01
   6.9100000e+01   4.1215111e+02   1.1682844e+01
   6.9200000e+01   2.6815111e+02  -7.4557156e+01
   6.9300000e+01   2.0715111e+02   4.8882844e+01
   6.9400000e+01   3.2915111e+02  -2.3997156e+01
   6.9500000e+01   1.9315111e+02   1.8442844e+01
   6.9600000e+01   1.6315111e+02   3.2642844e+01
   6.9700000e+01   1.3615111e+02  -3.2277156e+01
   6.9800000e+01   1.6815111e+02   3.2442844e+01
   6.9900000e+01   2.9815111e+02  -7.2757156e+01
   7.0000000e+01   1.9215111e+02  -1.5517156e+01
   7.0100000e+01   2.2415111e+02   1.2020284e+02
   7.0200000e+01   2.0715111e+02  -2.5117156e+01
   7.0300000e+01   2.3015111e+02  -1.0371556e+00
   7.0400000e+01   2.9615111e+02  -3.5677156e+01
   7.0500000e+01   3.5015111e+02  -2.2837156e+01
   7.0600000e+01   5.3151111e+01   2.5042844e+01
   7.0700000e+01   1.7515111e+02  -4.7837156e+01
   7.0800000e+01   4.2015111e+02  -5.4637156e+01
   7.0900000e+01   2.5815111e+02  -3.1571556e+00
   7.1000000e+01   1.7615111e+02   1.7122844e+01
   7.1100000e+01   1.7215111e+02  -1.2717156e+01
   7.1200000e+01   1.6515111e+02  -4.4371556e+00
   7.1300000e+01   2.3315111e+02   5.9842844e+01
   7.1400000e+01   1.9115111e+02   4.2522844e+01
   7.1500000e+01   1.8715111e+02   6.6828444e+00
   7.1600000e+01   3.1015111e+02  -3.2371556e+00
   7.1700000e+01   2.7815111e+02  -3.3957156e+01
   7.1800000e+01   1.3915111e+02  -3.2397156e+01
   7.1900000e+01   2.8915111e+02  -1.3397156e+01
   7.2000000e+01   1.1015111e+02   4.7628444e+00
   7.2100000e+01   3.7715111e+02   8.2844444e-02
   7.2200000e+01   2.0615111e+02   1.0922844e+01
   7.2300000e+01   3.9815111e+02  -1.4757156e+01
   7.2400000e+01   1.5815111e+02   2.4842844e+01
   7.2500000e+01   3.2415111e+02  -3.0797156e+01
   7.2600000e+01   8.3151111e+01   3.2842844e+01
   7.2700000e+01   2.7115111e+02   2.6322844e+01
   7.2800000e+01   2.0615111e+02  -7.2077156e+01
   7.2900000e+01   4.0515111e+02  -3.3037156e+01
   7.3000000e+01   2.3215111e+02  -1.5117156e+01
   7.3100000e+01   1.9615111e+02  -6.7715556e-01
   7.3200000e+01   3.1515111e+02  -1.7437156e+01
   7.3300000e+01   2.2115111e+02  -2.0677156e+01
   7.3400000e+01   4.2015111e+02  -5.3637156e+01
   7.3500000e+01   1.5715111e+02  -2.5117156e+01
   7.3600000e+01   1.4615111e+02  -1.3677156e+01
   7.3700000e+01   1.6715111e+02   5.3482844e+01
   7.3800000e+01   2.8215111e+02  -3.6117156e+01
   7.3900000e+01   2.9915111e+02   5.2028444e+00
   7.4000000e+01   1.2115111e+02  -2.5677156e+01
   7.4100000e+01   3.3515111e+02  -5.5237156e+01
   7.4200000e+01   4.2615111e+02  -2.5877156e+01
   7.4300000e+01   2.2015111e+02   3.0362844e+01
   7.4400000e+01   1.6715111e+02   1.1482844e+01
   7.4500000e+01   1.9315111e+02  -5.5557156e+01
   7.4600000e+01   1.0151111e+01   2.5762844e+01
   7.4700000e+01   3.1915111e+02   3.3402844e+01
   7.4800000e+01   2.5915111e+02   5.8028444e+00
   7.4900000e+01   1.8715111e+02  -2.4317156e+01
   7.5000000e+01   2.8215111e+02   2.5882844e+01
   7.5100000e+01   2.7315111e+02   4.6242844e+01
   7.5200000e+01   2.9515111e+02  -3.5637156e+01
   7.5300000e+01   6.9151111e+01  -5.5971556e+00
   7.5400000e+01   7.6151111e+01  -3.4877156e+01
   7.5500000e+01   2.1215111e+02  -3.2317156e+01
   7.5600000e+01   8.1151111e+01   1.8922844e+01
   7.5700000e+01   2.5115111e+02  -7.0877156e+01
   7.5800000e+01   2.2615111e+02  -1.7877156e+01
   7.5900000e+01   7.5151111e+01   4.1162844e+01
   7.6000000e+01   2.7815111e+02  -4.1957156e+01
   7.6100000e+01   3.6115111e+02  -1.2277156e+01
   7.6200000e+01   2.5215111e+02  -9.1715556e-01
   7.6300000e+01   2.4815111e+02  -7.5715556e-01
   7.6400000e+01   3.4015111e+02  -8.0437156e+01
   7.6500000e+01   2.6815111e+02  -1.1557156e+01
   7.6600000e+01   3.2115111e+02   4.6322844e+01
   7.6700000e+01   2.1215111e+02   3.8682844e+01
   7.6800000e+01   1.8015111e+02  -2.5037156e+01
   7.6900000e+01   1.4715111e+02   5.3282844e+01
   7.7000000e+01   5.3815111e+02  -3.5715556e-01
   7.7100000e+01   2.5151111e+01   1.0162844e+01
   7.7200000e+01   3.1315111e+02   5.6428444e+00
   7.7300000e+01   2.8015111e+02   3.9962844e+01
   7.7400000e+01   3.4015111e+02   1.1562844e+01
   7.7500000e+01   1.6615111e+02   7.5228444e+00
   7.7600000e+01   2.2115111e+02   4.8322844e+01
   7.7700000e+01   1.8915111e+02  -4.7397156e+01
   7.7800000e+01   2.0115111e+02   5.9122844e+01
   7.7900000e+01   3.1915111e+02  -9.5971556e+00
   7.8000000e+01   2.2715111e+02  -1.9917156e+01
   7.8100000e+01   2.7915111e+02   1.0028444e+00
   7.8200000e+01   3.5315111e+02  -2.4957156e+01
   7.8300000e+01   1.0715111e+02  -8.1171556e+00
   7.8400000e+01   2.6815111e+02   7.4428444e+00
   7.8500000e+01   1.9515111e+02   3.6284444e-01
   7.8600000e+01   1.7215111e+02  -2.7171556e+00
   7.8700000e+01   2.4215111e+02   2.8482844e+01
   7.8800000e+01   1.6115111e+02   7.2284444e-01
   7.8900000e+01   3.0615111e+02  -3.4077156e+01
   7.9000000e+01   3.8415111e+02  -2.2197156e+01
   7.9100000e+01   3.0815111e+02  -9.1571556e+00
   7.9200000e+01   3.6815111e+02   3.0442844e+01
   7.9300000e+01   2.9115111e+02   5.8522844e+01
   7.9400000e+01   3.9115111e+02   7.6522844e+01
   7.9500000e+01   1.8215111e+02   5.5882844e+01
   7.9600000e+01   2.3015111e+02   1.4962844e+01
   7.9700000e+01   2.4015111e+02  -4.3715556e-01
   7.9800000e+01   1.9215111e+02   3.4828444e+00
   7.9900000e+01   2.1615111e+02   2.3522844e+01
   8.0000000e+01   2.4515111e+02  -1.6371556e+00
   8.0100000e+01   3.1215111e+02   2.7682844e+01
   8.0200000e+01   2.6715111e+02  -5.5171556e+00
   8.0300000e+01   2.5315111e+02   7.0428444e+00
   8.0400000e+01   1.5515111e+02  -1.3037156e+01
   8.0500000e+01   7.4151111e+01   4.2028444e+00
   8.0600000e+01  -2.8488889e+00  -3.1717156e+01
   8.0700000e+01   1.4215111e+02   3.4828444e+00
   8.0800000e+01   5.7151111e+01   4.9882844e+01
   8.0900000e+01   1.4151111e+01   9.2602844e+01
   8.1000000e+01   7.1511111e+00  -1.1715556e-01
   8.1100000e+01  -6.9848889e+01   7.1962844e+01
   8.1200000e+01  -8.4888889e-01   1.2028444e+00
   8.1300000e+01   2.1511111e+00  -6.9171556e+00
   8.1400000e+01   1.7415111e+02  -1.3797156e+01
   8.1500000e+01   6.8151111e+01  -6.5571556e+00
   8.1600000e+01  -1.8848889e+01  -2.1077156e+01
   8.1700000e+01   5.7151111e+01  -1.7117156e+01
   8.1800000e+01   1.0151111e+01  -2.1237156e+01
   8.1900000e+01   3.0151111e+01  -5.0371556e+00
   8.2000000e+01   3.9151111e+01   1.3602844e+01
   8.2100000e+01   3.9151111e+01  -3.5397156e+01
   8.2200000e+01   4.4151111e+01  -5.9597156e+01
   8.2300000e+01  -5.0848889e+01   9.2028444e+00
   8.2400000e+01  -3.6848889e+01  -1.8357156e+01
   8.2500000e+01   2.8151111e+01   3.0428444e+00
   8.2600000e+01   6.1511111e+00  -2.0771556e+00
   8.2700000e+01   1.0151111e+01   2.0762844e+01
   8.2800000e+01  -8.8488889e+00   1.0522844e+01
   8.2900000e+01   1.5151111e+01  -2.4371556e+00
   8.3000000e+01   9.7151111e+01  -4.3717156e+01
   8.3100000e+01   2.1511111e+00   8.2844444e-02
   8.3200000e+01   5.5151111e+01  -4.7037156e+01
   8.3300000e+01  -8.5848889e+01   9.3602844e+01
   8.3400000e+01  -3.2848889e+01  -4.8517156e+01
   8.3500000e+01  -6.8848889e+01   8.4922844e+01
   8.3600000e+01  -4.2848889e+01  -3.5117156e+01
   8.3700000e+01   7.4151111e+01  -8.7971556e+00
   8.3800000e+01   1.2151111e+01   5.6682844e+01
   8.3900000e+01   5.7151111e+01   4.3882844e+01
   8.4000000e+01   1.3815111e+02  -2.8357156e+01
   8.4100000e+01   5.1511111e+00   2.5962844e+01
   8.4200000e+01  -2.2848889e+01   4.2082844e+01
   8.4300000e+01   1.1511111e+00  -8.7715556e-01
   8.4400000e+01  -4.7848889e+01   3.0082844e+01
   8.4500000e+01   5.7151111e+01   1.3882844e+01
   8.4600000e+01   4.1511111e+00  -2.4997156e+01
   8.4700000e+01  -3.9848889e+01   5.0762844e+01
   8.4800000e+01  -8.0848889e+01   8.5402844e+01
   8.4900000e+01  -2.8848889e+01  -8.6771556e+00
   8.5000000e+01  -2.0848889e+01   8.0028444e+00
   8.5100000e+01   6.5151111e+01   3.6562844e+01
   8.5200000e+01  -4.8848889e+01   3.2122844e+01
   8.5300000e+01   2.3151111e+01   3.7242844e+01
   8.5400000e+01   4.9151111e+01   2.8202844e+01
   8.5500000e+01   5.2151111e+01   2.1082844e+01
   8.5600000e+01  -5.2848889e+01   1.6282844e+01
   8.5700000e+01   4.2151111e+01  -2.0517156e+01
   8.5800000e+01   5.0151111e+01   1.6284444e-01
   8.5900000e+01  -1.1848889e+01  -4.4357156e+01
   8.6000000e+01  -1.3848889e+01   2.6722844e+01
   8.6100000e+01  -1.8488889e+00   4.2428444e+00
   8.6200000e+01  -7.0848889e+01   2.8002844e+01
   8.6300000e+01  -6.1848889e+01   8.6428444e+00
   8.6400000e+01  -5.6848889e+01   9.4428444e+00
   8.6500000e+01  -3.3848889e+01  -8.4771556e+00
   8.6600000e+01   5.5151111e+01   3.7962844e+01
   8.6700000e+01   3.5151111e+01  -2.3237156e+01
   8.6800000e+01   2.2151111e+01  -2.6717156e+01
   8.6900000e+01  -1.0584889e+02  -2.5597156e+01
   8.7000000e+01   5.0151111e+01  -1.8837156e+01
   8.7100000e+01  -2.8848889e+01   6.3228444e+00
   8.7200000e+01   1.4151111e+01  -1.5397156e+01
   8.7300000e+01   1.2615111e+02   3.1228444e+00
   8.7400000e+01   1.7151111e+01  -1.8517156e+01
   8.7500000e+01   1.0151111e+01  -4.3237156e+01
   8.7600000e+01  -8.6848889e+01  -1.2357156e+01
   8.7700000e+01   8.1511111e+00   5.8428444e+00
   8.7800000e+01  -1.2284889e+02   4.5082844e+01
   8.7900000e+01   3.5151111e+01   6.5762844e+01
   8.8000000e+01  -2.1848889e+01   2.9042844e+01
   8.8100000e+01   6.5151111e+01   1.4562844e+01
   8.8200000e+01   1.8151111e+01  -1.2557156e+01
   8.8300000e+01   2.9151111e+01  -2.0997156e+01
   8.8400000e+01   1.2615111e+02  -4.8771556e+00
   8.8500000e+01  -3.4848889e+01  -3.4371556e+00
   8.8600000e+01  -4.2848889e+01  -2.2117156e+01
   8.8700000e+01  -8.8488889e+00   1.2522844e+01
   8.8800000e+01  -5.7848889e+01   2.5482844e+01
   8.8900000e+01   1.3151111e+01   3.9642844e+01
   8.9000000e+01  -3.2848889e+01  -6.5171556e+00
   8.9100000e+01  -3.9848889e+01   1.6762844e+01
   8.9200000e+01   5.1151111e+01  -3.8771556e+00
   8.9300000e+01   3.6151111e+01   2.9722844e+01
   8.9400000e+01  -2.4848889e+01  -3.4837156e+01
   8.9500000e+01  -5.1848889e+01   1.7242844e+01
   8.9600000e+01   2.1511111e+00  -7.9171556e+00
   8.9700000e+01  -1.1848889e+01   6.8642844e+01
   8.9800000e+01   1.1315111e+02  -3.4357156e+01
   8.9900000e+01  -1.9848889e+01  -4.6037156e+01
   9.0000000e+01   4.1511111e+00   2.5002844e+01
   9.0100000e+01   8.5151111e+01   4.1762844e+01
   9.0200000e+01   1.3215111e+02  -3.3117156e+01
   9.0300000e+01   4.1511111e+00   2.3002844e+01
   9.0400000e+01   1.1615111e+02  -6.4771556e+00
   9.0500000e+01  -6.1848889e+01   8.6428444e+00
   9.0600000e+01  -1.3848889e+01   2.7722844e+01
   9.0700000e+01  -1.0084889e+02   1.5202844e+01
   9.0800000e+01   1.0915111e+02   5.3802844e+01
   9.0900000e+01  -2.4848889e+01   1.8162844e+01
   9.1000000e+01  -6.2848889e+01   4.4682844e+01
   9.1100000e+01   3.6151111e+01   1.5722844e+01
   9.1200000e+01   7.7151111e+01  -2.7917156e+01
   9.1300000e+01   1.1315111e+02   3.3642844e+01
   9.1400000e+01   1.2151111e+01  -2.3317156e+01
   9.1500000e+01   5.5151111e+01   2.9962844e+01
   9.1600000e+01   3.8151111e+01   3.1642844e+01
   9.1700000e+01  -2.0848889e+01   1.1002844e+01
   9.1800000e+01   6.0151111e+01  -1.8237156e+01
   9.1900000e+01   3.1511111e+00  -2.5957156e+01
   9.2000000e+01   5.3151111e+01  -1.9957156e+01
   9.2100000e+01  -1.0848889e+01  -2.1397156e+01
   9.2200000e+01   1.0151111e+01   1.7762844e+01
   9.2300000e+01   1.3151111e+01   6.3642844e+01
   9.2400000e+01   1.5151111e+01   6.7562844e+01
   9.2500000e+01  -7.3848889e+01   2.5122844e+01
   9.2600000e+01  -8.0848889e+01  -4.6597156e+01
   9.2700000e+01  -1.1848889e+01  -2.0357156e+01
   9.2800000e+01   2.1511111e+00   8.9082844e+01
   9.2900000e+01  -4.2848889e+01   5.3882844e+01
   9.3000000e+01  -3.0848889e+01   1.7402844e+01
   9.3100000e+01   4.1151111e+01  -2.3477156e+01
   9.3200000e+01  -3.5848889e+01   6.3602844e+01
   9.3300000e+01   3.1151111e+01  -2.3077156e+01
   9.3400000e+01  -3.8488889e+00   1.5322844e+01
   9.3500000e+01  -7.2848889e+01   3.6082844e+01
   9.3600000e+01   1.0015111e+02   5.1628444e+00
   9.3700000e+01   6.5151111e+01  -3.4371556e+00
   9.3800000e+01   1.8151111e+01  -1.5557156e+01
   9.3900000e+01   2.1151111e+01   2.2322844e+01
   9.4000000e+01  -2.5848889e+01   5.2028444e+00
   9.4100000e+01   3.2151111e+01  -3.1117156e+01
   9.4200000e+01  -2.1848889e+01  -1.5957156e+01
   9.4300000e+01   7.8151111e+01  -2.9571556e+00
   9.4400000e+01   2.8151111e+01   9.0428444e+00
   9.4500000e+01  -9.8488889e+00   1.5562844e+01
   9.4600000e+01   7.1511111e+00   3.8828444e+00
   9.4700000e+01   1.4715111e+02   3.0282844e+01
   9.4800000e+01   6.9151111e+01   2.4028444e+00
   9.4900000e+01  -4.1848889e+01  -2.6157156e+01
   9.5000000e+01   1.3815111e+02  -7.3571556e+00
   9.5100000e+01  -4.3848889e+01   3.9228444e+00
   9.5200000e+01  -2.8848889e+01  -2.9677156e+01
   9.5300000e+01  -2.3848889e+01  -1.9877156e+01
   9.5400000e+01   2.1511111e+00   3.3082844e+01
   9.5500000e+01  -2.0848889e+01  -1.1997156e+01
   9.5600000e+01   2.6151111e+01   3.2122844e+01
   9.5700000e+01  -5.3848889e+01   3.1322844e+01
   9.5800000e+01   3.1151111e+01   2.5922844e+01
   9.5900000e+01  -7.2848889e+01   8.2844444e-02
   9.6000000e+01   3.1511111e+00  -1.3957156e+01
   9.6100000e+01  -7.8848889e+01   5.3228444e+00
   9.6200000e+01   1.4015111e+02  -1.6437156e+01
   9.6300000e+01  -9.2848889e+01  -1.8117156e+01
   9.6400000e+01   4.1151111e+01  -2.4771556e+00
   9.6500000e+01  -2.8488889e+00   4.2282844e+01
   9.6600000e+01   1.5615111e+02  -6.0771556e+00
   9.6700000e+01   9.3151111e+01   6.3442844e+01
   9.6800000e+01   7.4151111e+01  -5.9797156e+01
   9.6900000e+01   5.0151111e+01  -1.8371556e+00
   9.7000000e+01  -1.0684889e+02  -3.5571556e+00
   9.7100000e+01   1.8151111e+01   1.4428444e+00
   9.7200000e+01  -2.0848889e+01   3.0028444e+00
   9.7300000e+01  -1.0684889e+02   1.8442844e+01
   9.7400000e+01  -7.6848889e+01   6.2428444e+00
   9.7500000e+01   3.2151111e+01  -3.1171556e+00
   9.7600000e+01   2.2151111e+01   1.8282844e+01
   9.7700000e+01  -1.0284889e+02  -1.7171556e+00
   9.7800000e+01   1.0815111e+02  -3.9157156e+01
   9.7900000e+01  -4.8488889e+00  -1.7637156e+01
   9.8000000e+01  -5.0848889e+01  -1.4797156e+01
   9.8100000e+01   4.2151111e+01   7.8482844e+01
   9.8200000e+01   9.2151111e+01   4.5482844e+01
   9.8300000e+01   1.2315111e+02   2.2428444e+00
   9.8400000e+01  -1.1784889e+02   4.3882844e+01
   9.8500000e+01  -4.4848889e+01   3.9628444e+00
   9.8600000e+01  -1.0984889e+02   7.5628444e+00
   9.8700000e+01  -6.3848889e+01   2.8722844e+01
   9.8800000e+01  -6.2848889e+01  -1.2317156e+01
   9.8900000e+01   7.1151111e+01  -1.5677156e+01
   9.9000000e+01  -7.5848889e+01  -4.1797156e+01
   9.9100000e+01   5.7151111e+01  -3.5117156e+01
   9.9200000e+01   1.1511111e+00  -2.3877156e+01
   9.9300000e+01  -2.3848889e+01  -1.6877156e+01
   9.9400000e+01  -6.5848889e+01   1.2802844e+01
   9.9500000e+01   1.2615111e+02   9.1228444e+00
   9.9600000e+01  -1.1848889e+01  -6.3571556e+00
   9.9700000e+01  -2.4848889e+01   6.5162844e+01
   9.9800000e+01  -1.6848889e+01   8.8428444e+00
   9.9900000e+01   9.4151111e+01  -2.9597156e+01
   1.0000000e+02  -7.8848889e+01  -9.6771556e+00
   1.0010000e+02   5.9151111e+01   3.4802844e+01
   1.0020000e+02  -4.0848889e+01   3.5802844e+01
   1.0030000e+02   6.9151111e+01   2.0402844e+01
   1.0040000e+02   1.6151111e+01  -1.9477156e+01
   1.0050000e+02  -7.8488889e+00  -3.6517156e+01
   1.0060000e+02  -1.4848889e+01  -2.6237156e+01
   1.0070000e+02  -2.6848889e+01  -5.9757156e+01
   1.0080000e+02  -5.5848889e+01   5.7402844e+01
   1.0090000e+02  -7.7848889e+01  -2.9717156e+01
   1.0100000e+02   1.5151111e+01   2.6562844e+01
   1.0110000e+02  -5.4848889e+01  -2.8637156e+01
   1.0120000e+02   8.5151111e+01  -2.3237156e+01
   1.0130000e+02   1.0151111e+01  -3.4237156e+01
   1.0140000e+02   1.0151111e+01  -4.6237156e+01
   1.0150000e+02  -1.0848889e+01   1.4602844e+01
   1.0160000e+02  -8.4888889e-01   5.2028444e+00
   1.0170000e+02  -1.6848889e+01   1.3842844e+01
   1.0180000e+02   8.1511111e+00   1.6842844e+01
   1.0190000e+02   3.1511111e+00   2.0042844e+01
   1.0200000e+02   6.1511111e+00  -3.6077156e+01
   1.0210000e+02   5.0151111e+01  -3.1837156e+01
   1.0220000e+02   6.8151111e+01   2.4428444e+00
   1.0230000e+02  -4.3848889e+01   3.5922844e+01
   1.0240000e+02  -1.8488889e+00   4.0242844e+01
   1.0250000e+02  -2.7848889e+01   3.6282844e+01
   1.0260000e+02  -7.3848889e+01  -1.0877156e+01
   1.0270000e+02   4.3151111e+01   1.1442844e+01
   1.0280000e+02  -1.6848889e+01   5.1842844e+01
   1.0290000e+02  -8.8488889e+00   4.2522844e+01
   1.0300000e+02  -4.9848889e+01  -1.6837156e+01
   1.0310000e+02   2.9151111e+01  -3.6997156e+01
   1.0320000e+02  -2.4848889e+01  -1.6837156e+01
   1.0330000e+02  -3.9848889e+01  -2.3715556e-01
   1.0340000e+02  -3.4848889e+01   1.5562844e+01
   1.0350000e+02  -7.5848889e+01   7.2028444e+00
   1.0360000e+02  -1.1184889e+02  -2.5357156e+01
   1.0370000e+02   3.3151111e+01  -6.1571556e+00
   1.0380000e+02  -6.8848889e+01   2.2922844e+01
   1.0390000e+02  -8.6848889e+01   1.2642844e+01
   1.0400000e+02   6.1511111e+00   2.7922844e+01
   1.0410000e+02   2.1511111e+00  -2.1917156e+01
   1.0420000e+02   3.9151111e+01  -2.6397156e+01
   1.0430000e+02  -1.4848889e+01  -2.5237156e+01
   1.0440000e+02  -7.5848889e+01   5.0202844e+01
   1.0450000e+02   1.5111111e-01   1.1628444e+00
   1.0460000e+02   7.5151111e+01  -1.1837156e+01
   1.0470000e+02  -1.0084889e+02  -5.7971556e+00
   1.0480000e+02   6.9151111e+01   3.4028444e+00
   1.0490000e+02   1.1115111e+02  -2.0277156e+01
   1.0500000e+02   9.8151111e+01   1.8242844e+01
   1.0510000e+02   2.3151111e+01  -1.7571556e+00
   1.0520000e+02  -4.3848889e+01  -6.0771556e+00
   1.0530000e+02  -1.0848889e+01   2.7602844e+01
   1.0540000e+02  -1.9848889e+01  -2.3037156e+01
   1.0550000e+02   9.3151111e+01   2.5442844e+01
   1.0560000e+02   6.8151111e+01   9.3442844e+01
   1.0570000e+02   8.1151111e+01   2.8922844e+01
   1.0580000e+02   1.3151111e+01   9.9642844e+01
   1.0590000e+02  -7.8848889e+01   4.4322844e+01
   1.0600000e+02   1.0815111e+02  -3.4157156e+01
   1.0610000e+02   2.0151111e+01   1.7362844e+01
   1.0620000e+02   2.5151111e+01   7.1628444e+00
   1.0630000e+02  -2.2848889e+01   7.5082844e+01
   1.0640000e+02   4.1151111e+01   1.4522844e+01
   1.0650000e+02  -5.1848889e+01   9.2428444e+00
   1.0660000e+02   4.1151111e+01   1.1522844e+01
   1.0670000e+02  -3.8848889e+01   2.4722844e+01
   1.0680000e+02  -9.0848889e+01  -2.1197156e+01
   1.0690000e+02   6.7151111e+01  -3.6517156e+01
   1.0700000e+02   8.3151111e+01  -4.2157156e+01
   1.0710000e+02   1.0815111e+02  -1.8157156e+01
   1.0720000e+02   6.8151111e+01  -2.6557156e+01
   1.0730000e+02  -5.3848889e+01   5.3228444e+00
   1.0740000e+02   7.1511111e+00   1.7882844e+01
   1.0750000e+02   7.1511111e+00  -1.1117156e+01
   1.0760000e+02   2.0215111e+02   5.0828444e+00
   1.0770000e+02  -3.6848889e+01  -4.4357156e+01
   1.0780000e+02  -4.7848889e+01  -8.9171556e+00
   1.0790000e+02   3.0151111e+01  -6.0371556e+00
   1.0800000e+02   1.1215111e+02   1.7682844e+01
   1.0810000e+02  -8.3848889e+01   3.5522844e+01
   1.0820000e+02   7.4151111e+01  -1.9797156e+01
   1.0830000e+02  -3.9848889e+01   4.0762844e+01
   1.0840000e+02   2.6151111e+01  -2.6877156e+01
   1.0850000e+02   7.0151111e+01  -3.2637156e+01
   1.0860000e+02   1.1815111e+02   1.0442844e+01
   1.0870000e+02  -4.9848889e+01  -3.2837156e+01
   1.0880000e+02   1.4151111e+01  -2.3397156e+01
   1.0890000e+02  -4.8848889e+01  -3.4877156e+01
   1.0900000e+02  -5.3848889e+01   2.0322844e+01
   1.0910000e+02  -1.0284889e+02  -2.7717156e+01
   1.0920000e+02  -8.3848889e+01   9.5228444e+00
   1.0930000e+02  -5.4848889e+01  -6.7637156e+01
   1.0940000e+02   2.7151111e+01  -2.9917156e+01
   1.0950000e+02  -2.1848889e+01  -2.5957156e+01
   1.0960000e+02   1.0515111e+02  -1.6037156e+01
   1.0970000e+02  -6.3848889e+01   3.3722844e+01
   1.0980000e+02  -2.2848889e+01  -3.3917156e+01
   1.0990000e+02  -8.8488889e+00  -5.6477156e+01
   1.1000000e+02  -7.3848889e+01   2.2122844e+01
   1.1010000e+02   3.1151111e+01   5.2922844e+01
   1.1020000e+02  -1.6848889e+01   6.4842844e+01
   1.1030000e+02  -2.6848889e+01  -5.2757156e+01
   1.1040000e+02  -1.4848889e+01   1.6762844e+01
   1.1050000e+02  -8.9848889e+01   1.1762844e+01
   1.1060000e+02  -1.0284889e+02  -2.4717156e+01
   1.1070000e+02   2.6151111e+01  -5.5877156e+01
   1.1080000e+02  -1.5848889e+01   6.8028444e+00
   1.1090000e+02  -5.2848889e+01   2.4282844e+01
   1.1100000e+02  -3.4848889e+01  -8.3437156e+01
   1.1110000e+02  -5.8848889e+01   3.0522844e+01
   1.1120000e+02  -8.8488889e+00  -4.7477156e+01
   1.1130000e+02   1.8151111e+01  -3.5557156e+01
   1.1140000e+02   4.3151111e+01  -3.6557156e+01
   1.1150000e+02   5.8151111e+01  -1.2157156e+01
   1.1160000e+02  -4.4848889e+01  -5.0371556e+00
   1.1170000e+02  -3.8488889e+00  -2.7677156e+01
   1.1180000e+02  -1.7848889e+01   2.4882844e+01
   1.1190000e+02  -4.8848889e+01   5.7122844e+01
   1.1200000e+02  -1.0384889e+02  -2.4677156e+01
   1.1210000e+02   2.4151111e+01  -1.7797156e+01
   1.1220000e+02  -1.9848889e+01  -2.6037156e+01
   1.1230000e+02   1.5151111e+01   1.5628444e+00
   1.1240000e+02  -5.7848889e+01   6.3482844e+01
   1.1250000e+02  -3.4848889e+01   2.1562844e+01
   1.1260000e+02   2.5151111e+01  -5.8371556e+00
   1.1270000e+02  -1.9848889e+01   4.9628444e+00
   1.1280000e+02  -2.1848889e+01  -9.9571556e+00
   1.1290000e+02  -3.8848889e+01  -2.2771556e+00
   1.1300000e+02  -9.8848889e+01   1.2284444e-01
   1.1310000e+02  -1.2284889e+02  -2.5917156e+01
   1.1320000e+02  -1.2848889e+01  -4.0317156e+01
   1.1330000e+02  -7.6848889e+01   1.2242844e+01
   1.1340000e+02   1.1511111e+00   6.2122844e+01
   1.1350000e+02   9.5151111e+01  -2.0637156e+01
   1.1360000e+02  -3.2848889e+01  -3.8517156e+01
   1.1370000e+02  -7.0848889e+01  -1.3997156e+01
   1.1380000e+02   4.4151111e+01   9.4028444e+00
   1.1390000e+02   2.7151111e+01  -1.9917156e+01
   1.1400000e+02  -1.1848889e+01  -2.1357156e+01
   1.1410000e+02  -1.1984889e+02  -6.0037156e+01
   1.1420000e+02  -7.3848889e+01  -4.3877156e+01
   1.1430000e+02   4.8151111e+01  -4.7571556e+00
   1.1440000e+02  -1.8488889e+00  -4.3757156e+01
   1.1450000e+02   4.1151111e+01   6.5522844e+01
   1.1460000e+02   2.4151111e+01   7.1202844e+01
   1.1470000e+02   1.1615111e+02  -3.0477156e+01
   1.1480000e+02   5.3151111e+01  -5.2957156e+01
   1.1490000e+02  -2.5848889e+01  -6.7971556e+00
   1.1500000e+02  -3.8488889e+00  -4.3677156e+01
   1.1510000e+02  -2.2848889e+01  -3.2917156e+01
   1.1520000e+02  -3.8848889e+01  -4.2771556e+00
   1.1530000e+02  -2.8848889e+01  -5.3677156e+01
   1.1540000e+02  -1.0848889e+01   2.8602844e+01
   1.1550000e+02  -4.8848889e+01  -7.8771556e+00
   1.1560000e+02  -6.9848889e+01  -5.0037156e+01
   1.1570000e+02   5.3151111e+01   1.8042844e+01
   1.1580000e+02   1.6151111e+01   5.2522844e+01
   1.1590000e+02   2.7151111e+01  -2.8917156e+01
   1.1600000e+02  -1.7848889e+01   1.3882844e+01
   1.1610000e+02  -5.5848889e+01  -2.3597156e+01
   1.1620000e+02   6.4151111e+01   6.0284444e-01
   1.1630000e+02  -3.9848889e+01   2.2762844e+01
   1.1640000e+02  -4.0848889e+01   5.2802844e+01
   1.1650000e+02  -2.8488889e+00  -7.3717156e+01
   1.1660000e+02  -5.2848889e+01   1.1282844e+01
   1.1670000e+02   3.6151111e+01  -2.4277156e+01
   1.1680000e+02  -2.5848889e+01  -4.3797156e+01
   1.1690000e+02   2.5151111e+01  -5.7837156e+01
   1.1700000e+02   2.1511111e+00   7.5082844e+01
   1.1710000e+02   8.2151111e+01  -4.9117156e+01
   1.1720000e+02  -7.3848889e+01   1.1228444e+00
   1.1730000e+02  -1.5848889e+01  -2.4197156e+01
   1.1740000e+02  -1.8848889e+01  -2.1077156e+01
   1.1750000e+02   9.9151111e+01   6.1202844e+01
   1.1760000e+02   1.0615111e+02  -4.0771556e+00
   1.1770000e+02  -4.9848889e+01   1.1162844e+01
   1.1780000e+02   1.4115111e+02  -6.6477156e+01
   1.1790000e+02  -3.5848889e+01  -3.9397156e+01
   1.1800000e+02   4.8151111e+01  -1.0757156e+01
   1.1810000e+02  -4.7848889e+01   2.0082844e+01
   1.1820000e+02  -2.0848889e+01  -3.9971556e+00
   1.1830000e+02  -2.7848889e+01  -3.0717156e+01
   1.1840000e+02   7.5151111e+01  -2.4837156e+01
   1.1850000e+02  -1.7848889e+01  -3.0117156e+01
   1.1860000e+02  -2.5848889e+01  -9.7971556e+00
   1.1870000e+02  -2.1848889e+01  -1.1957156e+01
   1.1880000e+02  -1.0848889e+01  -2.3397156e+01
   1.1890000e+02   7.6151111e+01  -1.8771556e+00
   1.1900000e+02  -3.8488889e+00   1.3228444e+00
   1.1910000e+02   9.9151111e+01   3.8202844e+01
   1.1920000e+02   5.5151111e+01  -3.5037156e+01
   1.1930000e+02   4.6151111e+01   1.0332284e+02
   1.1940000e+02  -3.9848889e+01  -6.2371556e+00
   1.1950000e+02  -1.5848889e+01  -3.2197156e+01
   1.1960000e+02  -1.5848889e+01  -1.9715556e-01
   1.1970000e+02   2.9151111e+01  -1.6997156e+01
   1.1980000e+02   6.0151111e+01  -2.5237156e+01
   1.1990000e+02  -1.9848889e+01   1.5962844e+01
   1.2000000e+02   3.4151111e+01   4.2802844e+01
   1.2010000e+02  -4.2848889e+01   3.0882844e+01
   1.2020000e+02   2.9151111e+01   2.0002844e+01
   1.2030000e+02  -9.7848889e+01  -7.9171556e+00
   1.2040000e+02  -2.0848889e+01   7.0028444e+00
   1.2050000e+02  -5.2848889e+01   1.4282844e+01
   1.2060000e+02   5.0151111e+01  -2.2837156e+01
   1.2070000e+02   2.2315111e+02   1.6242844e+01
   1.2080000e+02  -2.1848889e+01   3.1042844e+01
   1.2090000e+02  -7.3848889e+01   2.7122844e+01
   1.2100000e+02   3.1151111e+01  -5.7077156e+01
   1.2110000e+02  -3.8848889e+01  -3.7277156e+01
   1.2120000e+02  -1.0184889e+02  -3.7571556e+00
   1.2130000e+02  -5.5848889e+01  -1.5597156e+01
   1.2140000e+02   1.1615111e+02  -6.4477156e+01
   1.2150000e+02  -8.3848889e+01   2.8522844e+01
   1.2160000e+02  -5.4848889e+01  -1.6637156e+01
   1.2170000e+02   2.1511111e+00  -2.0917156e+01
   1.2180000e+02   3.6151111e+01  -3.8277156e+01
   1.2190000e+02  -3.7848889e+01   1.6828444e+00
   1.2200000e+02  -7.1848889e+01  -7.9571556e+00
   1.2210000e+02   9.3151111e+01  -3.2557156e+01
   1.2220000e+02  -1.8848889e+01   4.3922844e+01
   1.2230000e+02   3.1151111e+01  -1.8077156e+01
   1.2240000e+02   1.9151111e+01   3.7402844e+01
   1.2250000e+02  -5.8848889e+01   5.7522844e+01
   1.2260000e+02  -5.2848889e+01   2.8284444e-01
   1.2270000e+02  -1.9848889e+01   5.9628444e+00
   1.2280000e+02   1.5111111e-01  -3.8371556e+00
   1.2290000e+02  -1.1848889e+01  -5.7357156e+01
   1.2300000e+02  -1.8488889e+00   2.1242844e+01
   1.2310000e+02  -4.9848889e+01   3.3162844e+01
   1.2320000e+02   3.1511111e+00   1.5042844e+01
   1.2330000e+02   3.1511111e+00   2.9042844e+01
   1.2340000e+02  -2.6848889e+01   4.2428444e+00
   1.2350000e+02   6.4151111e+01  -3.9397156e+01
   1.2360000e+02  -4.0848889e+01   7.2802844e+01
   1.2370000e+02  -8.4888889e-01  -1.0797156e+01
   1.2380000e+02   1.5151111e+01   1.4562844e+01
   1.2390000e+02  -1.8848889e+01   2.0922844e+01
   1.2400000e+02   3.3151111e+01  -2.2157156e+01
   1.2410000e+02   1.0315111e+02  -3.4957156e+01
   1.2420000e+02   4.1511111e+00  -5.7997156e+01
   1.2430000e+02   6.2151111e+01  -5.8317156e+01
   1.2440000e+02  -6.3848889e+01  -3.5277156e+01
   1.2450000e+02   2.0151111e+01  -2.4637156e+01
   1.2460000e+02  -4.9848889e+01  -2.4837156e+01
   1.2470000e+02  -3.8848889e+01  -1.1277156e+01
   1.2480000e+02  -1.7848889e+01  -5.7117156e+01
   1.2490000e+02  -7.4848889e+01  -3.3837156e+01
   1.2500000e+02   3.7151111e+01  -2.3171556e+00
   1.2510000e+02   1.0415111e+02  -3.5997156e+01
   1.2520000e+02  -2.8848889e+01  -4.7677156e+01
   1.2530000e+02  -1.8848889e+01   3.9228444e+00
   1.2540000e+02   3.1151111e+01  -9.0771556e+00
   1.2550000e+02   1.3151111e+01   8.6428444e+00
   1.2560000e+02  -4.9848889e+01  -9.8371556e+00
   1.2570000e+02  -8.1848889e+01  -4.5571556e+00
   1.2580000e+02  -4.5848889e+01  -2.9971556e+00
   1.2590000e+02  -3.5848889e+01  -2.7397156e+01
   1.2600000e+02   7.6151111e+01   1.9122844e+01
   1.2610000e+02  -6.7848889e+01  -4.9117156e+01
   1.2620000e+02   4.4151111e+01  -3.6597156e+01
   1.2630000e+02   2.9151111e+01   3.3002844e+01
   1.2640000e+02   7.7151111e+01  -6.2917156e+01
   1.2650000e+02  -2.1848889e+01  -1.8957156e+01
   1.2660000e+02  -1.2384889e+02   2.1122844e+01
   1.2670000e+02   5.9151111e+01   5.8028444e+00
   1.2680000e+02  -1.1848889e+01  -3.3571556e+00
   1.2690000e+02  -3.3848889e+01  -6.4771556e+00
   1.2700000e+02   6.7151111e+01  -7.5517156e+01
   1.2710000e+02   4.1511111e+00  -6.6997156e+01
   1.2720000e+02  -2.4848889e+01  -1.0837156e+01
   1.2730000e+02  -4.6848889e+01   1.0704284e+02
   1.2740000e+02   3.5151111e+01   4.2762844e+01
   1.2750000e+02  -9.4848889e+01   4.9628444e+00
   1.2760000e+02   1.3151111e+01  -4.4357156e+01
   1.2770000e+02  -1.6848889e+01   3.1842844e+01
   1.2780000e+02   1.2151111e+01   1.2682844e+01
   1.2790000e+02   4.3151111e+01  -1.5557156e+01
   1.2800000e+02   5.6151111e+01  -8.0771556e+00
   1.2810000e+02   9.6151111e+01  -4.0677156e+01
   1.2820000e+02  -9.7848889e+01  -1.1917156e+01
   1.2830000e+02  -1.0184889e+02  -2.8757156e+01
   1.2840000e+02  -1.7848889e+01   6.8828444e+00
   1.2850000e+02  -1.1284889e+02  -2.0317156e+01
   1.2860000e+02  -2.0848889e+01  -5.4997156e+01
   1.2870000e+02   3.5151111e+01   4.1762844e+01
   1.2880000e+02   1.5151111e+01   4.3562844e+01
   1.2890000e+02   7.6151111e+01  -2.0877156e+01
   1.2900000e+02  -7.8848889e+01  -2.6771556e+00
   1.2910000e+02  -1.8848889e+01   2.4922844e+01
   1.2920000e+02  -3.2848889e+01  -3.5517156e+01
   1.2930000e+02  -1.0848889e+01   7.6028444e+00
   1.2940000e+02  -3.4848889e+01   2.6562844e+01
   1.2950000e+02   6.7151111e+01   5.4828444e+00
   1.2960000e+02   1.0515111e+02   2.9628444e+00
   1.2970000e+02   1.0151111e+01  -2.8237156e+01
   1.2980000e+02  -7.8488889e+00  -5.3517156e+01
   1.2990000e+02  -1.6848889e+01   7.5842844e+01
   1.3000000e+02  -3.7848889e+01  -4.5317156e+01
   1.3010000e+02  -1.0984889e+02  -6.4371556e+00
   1.3020000e+02  -1.3848889e+01   3.7228444e+00
   1.3030000e+02  -1.4848889e+01  -2.7237156e+01
   1.3040000e+02  -6.2848889e+01   2.2682844e+01
   1.3050000e+02   8.7151111e+01  -2.7317156e+01
   1.3060000e+02  -3.8848889e+01  -4.4277156e+01
   1.3070000e+02  -9.8848889e+01  -1.5877156e+01
   1.3080000e+02  -3.2848889e+01  -5.7517156e+01
   1.3090000e+02   4.5151111e+01  -3.4637156e+01
   1.3100000e+02   3.3151111e+01  -2.4157156e+01
   1.3110000e+02  -6.0848889e+01   1.7602844e+01
   1.3120000e+02   2.7151111e+01  -7.2917156e+01
   1.3130000e+02  -6.8848889e+01  -6.2077156e+01
   1.3140000e+02  -4.7848889e+01  -6.1917156e+01
   1.3150000e+02   5.5151111e+01   1.9628444e+00
   1.3160000e+02  -7.8488889e+00  -5.2517156e+01
   1.3170000e+02  -7.8848889e+01   3.4322844e+01
   1.3180000e+02   5.0151111e+01  -5.4837156e+01
   1.3190000e+02   1.7151111e+01  -7.6517156e+01
   1.3200000e+02  -1.1848889e+01  -1.4357156e+01
   1.3210000e+02  -1.1848889e+01  -2.2357156e+01
   1.3220000e+02  -9.0848889e+01   1.1802844e+01
   1.3230000e+02   5.2151111e+01  -1.0917156e+01
   1.3240000e+02  -1.0784889e+02  -2.1517156e+01
   1.3250000e+02   3.8151111e+01   4.6428444e+00
   1.3260000e+02   7.7151111e+01  -7.2917156e+01
   1.3270000e+02   3.4151111e+01  -2.6197156e+01
   1.3280000e+02   9.1511111e+00   4.3802844e+01
   1.3290000e+02   1.0151111e+01  -1.2237156e+01
   1.3300000e+02  -6.1848889e+01   2.2642844e+01
   1.3310000e+02   1.3151111e+01  -1.3571556e+00
   1.3320000e+02  -2.7848889e+01  -8.7171556e+00
   1.3330000e+02  -1.5848889e+01   1.7802844e+01
   1.3340000e+02  -1.5848889e+01  -3.4197156e+01
   1.3350000e+02  -4.9848889e+01   2.1628444e+00
   1.3360000e+02   1.7215111e+02  -3.4717156e+01
   1.3370000e+02  -6.8848889e+01   3.6922844e+01
   1.3380000e+02   1.0151111e+01   1.6762844e+01
   1.3390000e+02   2.1151111e+01  -6.3677156e+01
   1.3400000e+02  -9.1848889e+01   2.4842844e+01
   1.3410000e+02  -7.9848889e+01  -2.6637156e+01
   1.3420000e+02  -1.5848889e+01  -2.3197156e+01
   1.3430000e+02  -6.2848889e+01  -4.3171556e+00
   1.3440000e+02   2.1151111e+01  -1.5677156e+01
   1.3450000e+02   5.2151111e+01  -1.5917156e+01
   1.3460000e+02   8.1511111e+00   3.5842844e+01
   1.3470000e+02  -6.0848889e+01   5.6028444e+00
   1.3480000e+02  -3.8848889e+01  -1.2277156e+01
   1.3490000e+02   7.4151111e+01  -1.1797156e+01
   1.3500000e+02   1.9151111e+01   3.9402844e+01
   1.3510000e+02   2.6151111e+01  -2.4877156e+01
   1.3520000e+02   5.7151111e+01  -2.9117156e+01
   1.3530000e+02  -3.4848889e+01   5.5628444e+00
   1.3540000e+02  -3.4848889e+01  -2.5437156e+01
   1.3550000e+02  -3.6848889e+01   2.9642844e+01
   1.3560000e+02  -8.6848889e+01   5.2642844e+01
   1.3570000e+02   1.2315111e+02   2.4284444e-01
   1.3580000e+02  -1.9848889e+01  -2.0371556e+00
   1.3590000e+02   7.2151111e+01  -1.4717156e+01
   1.3600000e+02   4.3151111e+01  -5.0557156e+01
   1.3610000e+02   3.5151111e+01   5.7628444e+00
   1.3620000e+02   8.1511111e+00  -1.3157156e+01
   1.3630000e+02  -5.7848889e+01  -1.0517156e+01
   1.3640000e+02   1.3215111e+02   6.8828444e+00
   1.3650000e+02   9.3151111e+01   1.6442844e+01
   1.3660000e+02  -4.2848889e+01  -3.2117156e+01
   1.3670000e+02   2.0151111e+01   1.5236284e+02
   1.3680000e+02  -4.8848889e+01  -3.3877156e+01
   1.3690000e+02   2.7151111e+01   3.6082844e+01
   1.3700000e+02   1.9151111e+01  -5.0597156e+01
   1.3710000e+02  -3.4848889e+01   3.5628444e+00
   1.3720000e+02   7.1151111e+01   3.3228444e+00
   1.3730000e+02   4.2151111e+01   3.6482844e+01
   1.3740000e+02  -5.4848889e+01  -3.6371556e+00
   1.3750000e+02  -2.6848889e+01  -1.5757156e+01
   1.3760000e+02  -7.9848889e+01   4.8362844e+01
   1.3770000e+02   1.0151111e+01  -2.3715556e-01
   1.3780000e+02   1.6151111e+01   3.3522844e+01
   1.3790000e+02  -7.1848889e+01   8.5042844e+01
   1.3800000e+02  -2.8848889e+01  -2.4677156e+01
   1.3810000e+02  -6.6848889e+01  -1.1157156e+01
   1.3820000e+02  -3.3848889e+01   6.3522844e+01
   1.3830000e+02  -1.8488889e+00  -7.5715556e-01
   1.3840000e+02  -4.1848889e+01   2.8842844e+01
   1.3850000e+02  -5.8848889e+01  -2.4771556e+00
   1.3860000e+02  -5.4848889e+01   8.9362844e+01
   1.3870000e+02  -1.0848889e+01  -5.0397156e+01
   1.3880000e+02  -1.3584889e+02  -1.2397156e+01
   1.3890000e+02   3.8151111e+01  -4.8357156e+01
   1.3900000e+02   1.2151111e+01   1.9682844e+01
   1.3910000e+02  -8.8488889e+00   3.3522844e+01
   1.3920000e+02  -5.6848889e+01   4.1442844e+01
   1.3930000e+02  -6.4848889e+01  -2.2237156e+01
   1.3940000e+02  -3.3848889e+01  -3.1477156e+01
   1.3950000e+02  -5.3848889e+01  -7.6771556e+00
   1.3960000e+02  -1.1984889e+02   1.6962844e+01
   1.3970000e+02  -5.7848889e+01  -2.0517156e+01
   1.3980000e+02   6.8151111e+01   3.1442844e+01
   1.3990000e+02  -1.9848889e+01  -1.7037156e+01
   1.4000000e+02  -3.4848889e+01  -4.7437156e+01
   1.4010000e+02  -8.9848889e+01  -3.7237156e+01
   1.4020000e+02   6.5151111e+01  -2.5437156e+01
   1.4030000e+02  -1.9848889e+01  -4.0371556e+00
   1.4040000e+02  -8.4848889e+01  -1.1437156e+01
   1.4050000e+02  -6.9848889e+01  -2.3037156e+01
   1.4060000e+02   8.7151111e+01   1.0682844e+01
   1.4070000e+02  -2.6848889e+01   2.1242844e+01
   1.4080000e+02   6.6151111e+01  -5.4771556e+00
   1.4090000e+02   6.0151111e+01  -1.1237156e+01
   1.4100000e+02   1.1151111e+01  -2.4277156e+01
   1.4110000e+02   7.4151111e+01  -8.7971556e+00
   1.4120000e+02   7.1511111e+00  -1.1171556e+00
   1.4130000e+02  -3.0848889e+01   4.4028444e+00
   1.4140000e+02  -3.6848889e+01   6.5642844e+01
   1.4150000e+02   5.5151111e+01   4.4962844e+01
   1.4160000e+02  -2.7848889e+01   2.3282844e+01
   1.4170000e+02   1.4151111e+01   8.6028444e+00
   1.4180000e+02   2.2151111e+01  -3.7717156e+01
   1.4190000e+02  -4.2848889e+01   3.2882844e+01
   1.4200000e+02   6.6151111e+01   8.5228444e+00
   1.4210000e+02   7.5151111e+01  -8.8371556e+00
   1.4220000e+02   8.6151111e+01   5.7228444e+00
   1.4230000e+02  -2.5848889e+01   2.7202844e+01
   1.4240000e+02  -2.3848889e+01  -4.8877156e+01
   1.4250000e+02   4.3151111e+01   3.4428444e+00
   1.4260000e+02   4.4151111e+01   8.1402844e+01
   1.4270000e+02  -2.3848889e+01  -4.3877156e+01
   1.4280000e+02   1.5151111e+01  -4.2437156e+01
   1.4290000e+02  -2.6848889e+01   1.7242844e+01
   1.4300000e+02   2.3151111e+01   1.5242844e+01
   1.4310000e+02   2.6151111e+01  -3.7877156e+01
   1.4320000e+02  -9.0848889e+01   3.0802844e+01
   1.4330000e+02  -6.3848889e+01  -5.0277156e+01
   1.4340000e+02   6.3151111e+01  -3.9357156e+01
   1.4350000e+02   1.7151111e+01  -1.3517156e+01
   1.4360000e+02   1.2151111e+01  -2.4317156e+01
   1.4370000e+02  -1.2484889e+02   2.1162844e+01
   1.4380000e+02  -4.4848889e+01  -9.0371556e+00
   1.4390000e+02   2.1151111e+01   4.3228444e+00
   1.4400000e+02  -7.2848889e+01  -2.5917156e+01
   1.4410000e+02   1.2915111e+02   2.5002844e+01
   1.4420000e+02   2.6151111e+01  -1.6877156e+01
   1.4430000e+02  -1.1984889e+02   4.5962844e+01
   1.4440000e+02  -6.3848889e+01   1.7228444e+00
   1.4450000e+02  -4.7848889e+01  -9.1715556e-01
   1.4460000e+02   1.2151111e+01  -5.5317156e+01
   1.4470000e+02  -8.0848889e+01  -3.9597156e+01
   1.4480000e+02  -7.8488889e+00  -9.5171556e+00
   1.4490000e+02  -1.2284889e+02   3.6082844e+01
   1.4500000e+02  -3.7848889e+01  -2.1317156e+01
   1.4510000e+02   6.6151111e+01  -5.4771556e+00
   1.4520000e+02   3.1151111e+01   5.1922844e+01
   1.4530000e+02   5.4151111e+01   4.0028444e+00
   1.4540000e+02  -2.8848889e+01  -3.7677156e+01
   1.4550000e+02  -2.1848889e+01  -3.5957156e+01
   1.4560000e+02  -5.8488889e+00  -1.3597156e+01
   1.4570000e+02   6.8151111e+01  -5.5571556e+00
   1.4580000e+02  -3.7848889e+01   1.2768284e+02
   1.4590000e+02   1.6415111e+02  -5.2397156e+01
   1.4600000e+02  -3.1848889e+01  -9.5571556e+00
   1.4610000e+02   7.7151111e+01   7.4082844e+01
   1.4620000e+02   5.4151111e+01  -2.9971556e+00
   1.4630000e+02   5.8151111e+01  -6.6157156e+01
   1.4640000e+02   7.4151111e+01   1.3202844e+01
   1.4650000e+02   3.1511111e+00  -4.5957156e+01
   1.4660000e+02  -2.2848889e+01   4.1082844e+01
   1.4670000e+02  -6.8488889e+00   5.4428444e+00
   1.4680000e+02   6.1511111e+00   1.2922844e+01
   1.4690000e+02   1.2115111e+02   9.6322844e+01
   1.4700000e+02  -9.8488889e+00  -1.9437156e+01
   1.4710000e+02  -8.3848889e+01   4.2522844e+01
   1.4720000e+02  -1.4848889e+01  -5.1237156e+01
   1.4730000e+02   1.0015111e+02   6.1628444e+00
   1.4740000e+02   1.5111111e-01  -3.9837156e+01
   1.4750000e+02  -4.8488889e+00  -5.0637156e+01
   1.4760000e+02  -8.4888889e-01   7.8202844e+01
   1.4770000e+02   4.0151111e+01  -1.4437156e+01
   1.4780000e+02  -1.0848889e+01  -4.8397156e+01
   1.4790000e+02   8.1511111e+00   8.4284444e-01
   1.4800000e+02  -4.1848889e+01   7.8428444e+00
   1.4810000e+02   5.6151111e+01  -5.3077156e+01
   1.4820000e+02  -2.9848889e+01  -2.5637156e+01
   1.4830000e+02  -2.4848889e+01   6.1628444e+00
   1.4840000e+02  -3.2848889e+01   1.7482844e+01
   1.4850000e+02  -8.1848889e+01   4.4428444e+00
   1.4860000e+02   4.8151111e+01   2.0242844e+01
   1.4870000e+02  -1.8848889e+01  -1.3077156e+01
   1.4880000e+02   1.3315111e+02  -1.7157156e+01
   1.4890000e+02  -5.8848889e+01  -1.4477156e+01
   1.4900000e+02  -1.0484889e+02  -3.8637156e+01
   1.4910000e+02   1.0151111e+01  -4.0237156e+01
   1.4920000e+02  -8.4888889e-01   2.2028444e+00
   1.4930000e+02  -5.4848889e+01  -1.6371556e+00
   1.4940000e+02   3.8151111e+01   1.0364284e+02
   1.4950000e+02  -9.3848889e+01  -3.0077156e+01
   1.4960000e+02  -8.8848889e+01  -2.0277156e+01
   1.4970000e+02  -6.2848889e+01  -1.0317156e+01
   1.4980000e+02  -3.9848889e+01  -2.1237156e+01
   1.4990000e+02   2.6151111e+01   6.2122844e+01
