   0.0000000e+00   1.1659677e+02   3.3817312e+01
   1.0000000e-01   2.6859677e+02   7.9737312e+01
   2.0000000e-01   2.2659677e+02   9.9417312e+01
   3.0000000e-01   2.5459677e+02   5.3297312e+01
   4.0000000e-01   3.2659677e+02   1.9417312e+01
   5.0000000e-01   1.4859677e+02   6.8537312e+01
   6.0000000e-01   1.5259677e+02   8.1377312e+01
   7.0000000e-01   1.6259677e+02  -2.2022688e+01
   8.0000000e-01   2.1359677e+02   4.9937312e+01
   9.0000000e-01   2.4059677e+02  -1.8142688e+01
   1.0000000e+00   2.3759677e+02   1.7977312e+01
   1.1000000e+00   1.6959677e+02   1.3869731e+02
   1.2000000e+00   3.0459677e+02   5.9297312e+01
   1.3000000e+00   1.5759677e+02   7.8177312e+01
   1.4000000e+00   2.1859677e+02   7.4737312e+01
   1.5000000e+00   5.5596774e+01   2.2257312e+01
   1.6000000e+00   1.7059677e+02   6.8657312e+01
   1.7000000e+00   4.4596774e+01   1.6769731e+02
   1.8000000e+00   2.8759677e+02   1.4977312e+01
   1.9000000e+00   2.1259677e+02   7.2977312e+01
   2.0000000e+00   8.5596774e+01   2.0905731e+02
   2.1000000e+00   1.5859677e+02   3.2137312e+01
   2.2000000e+00   1.9559677e+02   4.2657312e+01
   2.3000000e+00   1.7659677e+02   1.2417312e+01
   2.4000000e+00   4.4596774e+01   9.9697312e+01
   2.5000000e+00   1.1459677e+02   1.9089731e+02
   2.6000000e+00   2.6659677e+02   2.2817312e+01
   2.7000000e+00   2.3759677e+02  -2.0226882e+00
   2.8000000e+00   1.8159677e+02   6.2173118e+00
   2.9000000e+00   1.7759677e+02   1.3237731e+02
   3.0000000e+00   1.4359677e+02   1.7737312e+01
   3.1000000e+00   2.8459677e+02   8.0097312e+01
   3.2000000e+00   1.5759677e+02   3.1177312e+01
   3.3000000e+00   2.1359677e+02   1.5593731e+02
   3.4000000e+00   2.7659677e+02   3.1417312e+01
   3.5000000e+00   2.0559677e+02   8.9257312e+01
   3.6000000e+00   2.9559677e+02   6.7657312e+01
   3.7000000e+00   7.5596774e+01   1.1045731e+02
   3.8000000e+00   2.9859677e+02   1.4453731e+02
   3.9000000e+00   2.9559677e+02   1.6565731e+02
   4.0000000e+00   3.2059677e+02  -1.3426882e+00
   4.1000000e+00   1.5959677e+02   1.0409731e+02
   4.2000000e+00   2.3359677e+02   7.9137312e+01
   4.3000000e+00   1.5559677e+02   1.0325731e+02
   4.4000000e+00   1.0759677e+02   1.6717731e+02
   4.5000000e+00   1.4459677e+02   1.2769731e+02
   4.6000000e+00   1.9359677e+02   7.6737312e+01
   4.7000000e+00   1.2659677e+02   1.1841731e+02
   4.8000000e+00   2.2359677e+02   9.4537312e+01
   4.9000000e+00   1.6759677e+02   5.6777312e+01
   5.0000000e+00   9.0596774e+01   1.7285731e+02
   5.1000000e+00   1.7559677e+02   7.9457312e+01
   5.2000000e+00   1.7959677e+02   6.3297312e+01
   5.3000000e+00   1.9059677e+02   6.7857312e+01
   5.4000000e+00   1.0759677e+02   1.3017731e+02
   5.5000000e+00   1.7559677e+02   7.7457312e+01
   5.6000000e+00   1.8659677e+02   1.0401731e+02
   5.7000000e+00   1.7959677e+02   1.6297312e+01
   5.8000000e+00   8.3596774e+01   8.4137312e+01
   5.9000000e+00   2.6859677e+02   1.1273731e+02
   6.0000000e+00   1.8959677e+02   5.0897312e+01
   6.1000000e+00   2.0659677e+02   1.1121731e+02
   6.2000000e+00   1.8359677e+02   8.5137312e+01
   6.3000000e+00   1.3759677e+02   9.6977312e+01
   6.4000000e+00   8.7596774e+01   9.4977312e+01
   6.5000000e+00   1.1259677e+02   1.2597731e+02
   6.6000000e+00   1.3459677e+02   3.2097312e+01
   6.7000000e+00   7.4596774e+01   8.8497312e+01
   6.8000000e+00   2.4159677e+02   9.8817312e+01
   6.9000000e+00   1.5359677e+02   5.4337312e+01
   7.0000000e+00   6.4596774e+01   1.1789731e+02
   7.1000000e+00   1.9159677e+02   1.2981731e+02
   7.2000000e+00   2.4659677e+02   1.2661731e+02
   7.3000000e+00   9.6596774e+01   4.9617312e+01
   7.4000000e+00   1.7859677e+02   7.8337312e+01
   7.5000000e+00   2.8559677e+02   4.1057312e+01
   7.6000000e+00  -1.6403226e+01   2.5137312e+01
   7.7000000e+00   1.7359677e+02   4.7537312e+01
   7.8000000e+00   1.8159677e+02   1.1121731e+02
   7.9000000e+00   1.4459677e+02   4.6697312e+01
   8.0000000e+00   3.3059677e+02   1.2825731e+02
   8.1000000e+00   1.0359677e+02   9.0337312e+01
   8.2000000e+00   1.2759677e+02   7.3377312e+01
   8.3000000e+00   2.5359677e+02  -4.0662688e+01
   8.4000000e+00   1.4159677e+02   6.5817312e+01
   8.5000000e+00   5.1596774e+01   1.0241731e+02
   8.6000000e+00   1.3659677e+02   1.3901731e+02
   8.7000000e+00   2.0659677e+02  -3.5782688e+01
   8.8000000e+00   1.4959677e+02   2.5497312e+01
   8.9000000e+00   1.6359677e+02   1.1793731e+02
   9.0000000e+00   2.7059677e+02   1.2465731e+02
   9.1000000e+00   1.7159677e+02   1.2617312e+01
   9.2000000e+00   1.4459677e+02   2.1469731e+02
   9.3000000e+00   1.4959677e+02   1.3549731e+02
   9.4000000e+00   7.8596774e+01   1.2133731e+02
   9.5000000e+00   1.1259677e+02   1.3197731e+02
   9.6000000e+00   1.3959677e+02   1.1489731e+02
   9.7000000e+00   1.3459677e+02   4.6097312e+01
   9.8000000e+00   4.9596774e+01   6.7497312e+01
   9.9000000e+00   1.9559677e+02   1.7265731e+02
   1.0000000e+01   1.0659677e+02   2.1421731e+02
   1.0100000e+01   1.1059677e+02   4.6057312e+01
   1.0200000e+01   2.1659677e+02   1.2081731e+02
   1.0300000e+01   5.3596774e+01   1.2833731e+02
   1.0400000e+01   1.7759677e+02   9.1377312e+01
   1.0500000e+01   1.4359677e+02   6.1737312e+01
   1.0600000e+01   6.8596774e+01   6.4737312e+01
   1.0700000e+01   1.3259677e+02   1.1417731e+02
   1.0800000e+01   1.5159677e+02   4.0417312e+01
   1.0900000e+01   3.0559677e+02   1.0257312e+01
   1.1000000e+01   2.8659677e+02  -4.4982688e+01
   1.1100000e+01   1.9759677e+02  -7.4226882e+00
   1.1200000e+01   3.1759677e+02   2.0777312e+01
   1.1300000e+01   1.7159677e+02   3.8617312e+01
   1.1400000e+01   2.5159677e+02   5.3417312e+01
   1.1500000e+01   3.1159677e+02   1.9017312e+01
   1.1600000e+01   1.8159677e+02  -6.7826882e+00
   1.1700000e+01   3.7859677e+02  -4.2662688e+01
   1.1800000e+01   1.4659677e+02   2.0617312e+01
   1.1900000e+01   2.1659677e+02   5.8173118e+00
   1.2000000e+01   2.9359677e+02  -5.2626882e+00
   1.2100000e+01   1.6859677e+02  -6.2626882e+00
   1.2200000e+01   2.4259677e+02  -3.2226882e+00
   1.2300000e+01   1.4359677e+02   4.7373118e+00
   1.2400000e+01   1.4459677e+02   3.5697312e+01
   1.2500000e+01   2.0859677e+02   4.7137312e+01
   1.2600000e+01   2.3359677e+02  -3.6862688e+01
   1.2700000e+01   1.7759677e+02   4.3377312e+01
   1.2800000e+01   1.9559677e+02  -1.5342688e+01
   1.2900000e+01   1.6259677e+02  -2.0226882e+00
   1.3000000e+01   2.3659677e+02  -4.9982688e+01
   1.3100000e+01   3.6759677e+02  -2.1222688e+01
   1.3200000e+01   1.8359677e+02  -5.8862688e+01
   1.3300000e+01   2.9859677e+02   2.0537312e+01
   1.3400000e+01   1.0759677e+02   3.0177312e+01
   1.3500000e+01   1.7759677e+02   7.4377312e+01
   1.3600000e+01   2.2759677e+02   2.3773118e+00
   1.3700000e+01   2.5759677e+02  -2.1822688e+01
   1.3800000e+01   1.3059677e+02   3.7257312e+01
   1.3900000e+01   1.8259677e+02   2.1773118e+00
   1.4000000e+01   9.5596774e+01  -1.4342688e+01
   1.4100000e+01   9.0596774e+01  -1.1142688e+01
   1.4200000e+01   1.9159677e+02   4.0817312e+01
   1.4300000e+01   3.1596774e+01   8.2217312e+01
   1.4400000e+01   4.5059677e+02   7.5457312e+01
   1.4500000e+01   1.6259677e+02   1.6977312e+01
   1.4600000e+01   1.7859677e+02   3.4337312e+01
   1.4700000e+01   1.7759677e+02   3.3377312e+01
   1.4800000e+01   1.5459677e+02   1.2973118e+00
   1.4900000e+01   1.5659677e+02  -5.0782688e+01
   1.5000000e+01   1.4459677e+02  -4.5302688e+01
   1.5100000e+01   2.4359677e+02   3.8737312e+01
   1.5200000e+01   1.4459677e+02   1.8697312e+01
   1.5300000e+01   2.0559677e+02   3.2257312e+01
   1.5400000e+01   2.3959677e+02   7.8973118e+00
   1.5500000e+01   1.4259677e+02   2.7777312e+01
   1.5600000e+01   6.2596774e+01   4.7977312e+01
   1.5700000e+01   2.3159677e+02  -4.0782688e+01
   1.5800000e+01   2.1759677e+02  -2.5222688e+01
   1.5900000e+01   2.7059677e+02   7.6573118e+00
   1.6000000e+01   1.3659677e+02  -4.6982688e+01
   1.6100000e+01   1.6559677e+02   6.6857312e+01
   1.6200000e+01   1.8959677e+02  -1.5102688e+01
   1.6300000e+01   1.7359677e+02  -3.8462688e+01
   1.6400000e+01   2.0659677e+02   1.9217312e+01
   1.6500000e+01   2.1259677e+02   7.6977312e+01
   1.6600000e+01   2.1959677e+02   2.6697312e+01
   1.6700000e+01   1.6459677e+02  -8.1026882e+00
   1.6800000e+01   1.2259677e+02   5.0577312e+01
   1.6900000e+01   3.6359677e+02  -1.3062688e+01
   1.7000000e+01   3.7159677e+02  -1.9382688e+01
   1.7100000e+01   1.0159677e+02  -9.5826882e+00
   1.7200000e+01   2.6159677e+02   4.1017312e+01
   1.7300000e+01   2.7859677e+02  -1.8662688e+01
   1.7400000e+01   1.8859677e+02   1.1937312e+01
   1.7500000e+01   2.3559677e+02  -1.1942688e+01
   1.7600000e+01   1.9659677e+02   2.6173118e+00
   1.7700000e+01   2.1959677e+02   2.7697312e+01
   1.7800000e+01   3.5259677e+02   4.5377312e+01
   1.7900000e+01   1.7159677e+02  -2.5382688e+01
   1.8000000e+01   2.0859677e+02   1.3137312e+01
   1.8100000e+01   2.1559677e+02   5.1857312e+01
   1.8200000e+01   1.3559677e+02   5.0573118e+00
   1.8300000e+01   1.6259677e+02   1.5977312e+01
   1.8400000e+01   2.3559677e+02   6.0573118e+00
   1.8500000e+01   8.2596774e+01  -1.8822688e+01
   1.8600000e+01   2.3859677e+02   1.8937312e+01
   1.8700000e+01   1.5859677e+02  -1.7862688e+01
   1.8800000e+01   2.0359677e+02  -2.6662688e+01
   1.8900000e+01   3.5259677e+02  -1.5622688e+01
   1.9000000e+01   6.9596774e+01  -2.3302688e+01
   1.9100000e+01   1.1759677e+02   4.7773118e+00
   1.9200000e+01   1.5359677e+02   2.3337312e+01
   1.9300000e+01   1.7359677e+02   2.4537312e+01
   1.9400000e+01   1.7359677e+02   2.5537312e+01
   1.9500000e+01   2.1459677e+02  -4.1026882e+00
   1.9600000e+01   1.3959677e+02   4.3897312e+01
   1.9700000e+01   7.4596774e+01   2.2497312e+01
   1.9800000e+01   1.5159677e+02  -9.5826882e+00
   1.9900000e+01   1.4159677e+02  -1.1826882e+00
   2.0000000e+01   1.5659677e+02  -2.5782688e+01
   2.0100000e+01   1.1759677e+02  -1.0222688e+01
   2.0200000e+01   1.7459677e+02  -3.1502688e+01
   2.0300000e+01   1.6759677e+02  -1.5222688e+01
   2.0400000e+01   2.0259677e+02   4.6377312e+01
   2.0500000e+01   1.4059677e+02  -3.1426882e+00
   2.0600000e+01   2.0259677e+02  -2.5622688e+01
   2.0700000e+01   1.6059677e+02   5.1057312e+01
   2.0800000e+01   1.5359677e+02  -7.6626882e+00
   2.0900000e+01   1.4659677e+02  -2.0382688e+01
   2.1000000e+01   1.6459677e+02  -2.9102688e+01
   2.1100000e+01   4.7596774e+01  -1.1422688e+01
   2.1200000e+01   9.6596774e+01  -1.2382688e+01
   2.1300000e+01   2.1759677e+02   2.7777312e+01
   2.1400000e+01   3.2059677e+02  -2.5342688e+01
   2.1500000e+01   1.7559677e+02  -1.8542688e+01
   2.1600000e+01   2.3759677e+02  -8.0226882e+00
   2.1700000e+01   1.6959677e+02   1.6973118e+00
   2.1800000e+01   1.4359677e+02   1.6737312e+01
   2.1900000e+01   2.3759677e+02   3.4977312e+01
   2.2000000e+01   9.1596774e+01   5.8817312e+01
   2.2100000e+01   1.4959677e+02  -3.4502688e+01
   2.2200000e+01   3.0159677e+02  -2.5582688e+01
   2.2300000e+01   1.9259677e+02  -1.6222688e+01
   2.2400000e+01   2.9859677e+02  -2.3462688e+01
   2.2500000e+01   2.1359677e+02  -1.3062688e+01
   2.2600000e+01   1.9759677e+02   5.0577312e+01
   2.2700000e+01   1.0359677e+02   1.2337312e+01
   2.2800000e+01   2.1359677e+02  -2.5062688e+01
   2.2900000e+01   2.7159677e+02  -5.3382688e+01
   2.3000000e+01   3.2159677e+02  -2.3826882e+00
   2.3100000e+01   2.5359677e+02  -3.3662688e+01
   2.3200000e+01   2.0159677e+02  -2.9582688e+01
   2.3300000e+01   2.0459677e+02   9.5297312e+01
   2.3400000e+01   1.8359677e+02   2.0137312e+01
   2.3500000e+01   1.7659677e+02   5.7417312e+01
   2.3600000e+01   2.2259677e+02   6.5773118e+00
   2.3700000e+01   2.4059677e+02  -2.6142688e+01
   2.3800000e+01   2.0959677e+02   4.2097312e+01
   2.3900000e+01   3.0159677e+02   3.8417312e+01
   2.4000000e+01   1.5459677e+02   2.1297312e+01
   2.4100000e+01   1.8359677e+02   4.6137312e+01
   2.4200000e+01   1.7459677e+02   1.3497312e+01
   2.4300000e+01   1.5559677e+02   3.8257312e+01
   2.4400000e+01   1.0259677e+02   2.0377312e+01
   2.4500000e+01   2.3859677e+02   6.1937312e+01
   2.4600000e+01   2.8059677e+02  -1.9742688e+01
   2.4700000e+01   1.3359677e+02   3.4137312e+01
   2.4800000e+01   9.4596774e+01   1.1697312e+01
   2.4900000e+01   5.0596774e+01  -4.6542688e+01
   2.5000000e+01   6.6596774e+01   2.7817312e+01
   2.5100000e+01   2.0959677e+02  -3.1902688e+01
   2.5200000e+01   3.4859677e+02  -1.4462688e+01
   2.5300000e+01   2.9059677e+02  -1.6142688e+01
   2.5400000e+01   2.9259677e+02   3.2777312e+01
   2.5500000e+01   3.3259677e+02   1.2177312e+01
   2.5600000e+01   2.2059677e+02  -2.3342688e+01
   2.5700000e+01   1.3859677e+02  -2.4062688e+01
   2.5800000e+01   9.6596774e+01   1.5617312e+01
   2.5900000e+01   2.8859677e+02  -2.6062688e+01
   2.6000000e+01   1.9259677e+02   1.7773118e+00
   2.6100000e+01   2.6859677e+02   1.3737312e+01
   2.6200000e+01   1.1859677e+02   2.0737312e+01
   2.6300000e+01   2.1359677e+02   3.8937312e+01
   2.6400000e+01   1.6559677e+02   6.8857312e+01
   2.6500000e+01   1.3059677e+02   3.0257312e+01
   2.6600000e+01   1.2459677e+02   3.5497312e+01
   2.6700000e+01   7.0596774e+01  -4.3426882e+00
   2.6800000e+01   1.2359677e+02   2.8537312e+01
   2.6900000e+01   1.1959677e+02   1.7697312e+01
   2.7000000e+01   3.1259677e+02   2.1977312e+01
   2.7100000e+01   1.4959677e+02   5.4973118e+00
   2.7200000e+01   1.8559677e+02   3.0057312e+01
   2.7300000e+01   1.9859677e+02  -2.4626882e+00
   2.7400000e+01   1.4959677e+02   5.3497312e+01
   2.7500000e+01   3.0659677e+02   1.4217312e+01
   2.7600000e+01   2.2459677e+02   7.3497312e+01
   2.7700000e+01   3.6859677e+02   4.4737312e+01
   2.7800000e+01   2.8759677e+02   3.3977312e+01
   2.7900000e+01   9.1596774e+01  -1.6182688e+01
   2.8000000e+01   2.8059677e+02  -1.2742688e+01
   2.8100000e+01   1.0859677e+02   8.1373118e+00
   2.8200000e+01   1.3259677e+02   1.4177312e+01
   2.8300000e+01   1.0259677e+02  -3.5622688e+01
   2.8400000e+01   1.8359677e+02   7.7137312e+01
   2.8500000e+01   2.2459677e+02   2.1497312e+01
   2.8600000e+01   2.4059677e+02   1.1857312e+01
   2.8700000e+01   2.1759677e+02   2.4777312e+01
   2.8800000e+01   3.1359677e+02  -1.6062688e+01
   2.8900000e+01   1.4359677e+02  -2.6268817e-01
   2.9000000e+01   2.4259677e+02  -1.8222688e+01
   2.9100000e+01   1.9959677e+02  -1.4502688e+01
   2.9200000e+01   1.7359677e+02   4.9537312e+01
   2.9300000e+01   1.3559677e+02  -1.0942688e+01
   2.9400000e+01   1.6259677e+02   4.1977312e+01
   2.9500000e+01   1.0459677e+02   7.2973118e+00
   2.9600000e+01   1.7659677e+02  -1.4582688e+01
   2.9700000e+01   2.2859677e+02   5.7337312e+01
   2.9800000e+01   1.3159677e+02   1.7217312e+01
   2.9900000e+01   1.6259677e+02   1.3977312e+01
   3.0000000e+01   9.4596774e+01   6.9731183e-01
   3.0100000e+01   2.0359677e+02   1.6337312e+01
   3.0200000e+01   1.6259677e+02  -2.9022688e+01
   3.0300000e+01   1.8659677e+02   2.1017312e+01
   3.0400000e+01   1.9959677e+02  -2.7502688e+01
   3.0500000e+01   1.5659677e+02   2.2173118e+00
   3.0600000e+01   1.6959677e+02  -2.6302688e+01
   3.0700000e+01   1.9759677e+02  -1.5422688e+01
   3.0800000e+01   1.2859677e+02   4.2337312e+01
   3.0900000e+01   1.3259677e+02   1.1773118e+00
   3.1000000e+01   8.4596774e+01   3.2097312e+01
   3.1100000e+01   2.6059677e+02   1.6057312e+01
   3.1200000e+01  -2.6403226e+01  -1.4462688e+01
   3.1300000e+01   9.3596774e+01  -4.9262688e+01
   3.1400000e+01   2.6459677e+02  -2.5102688e+01
   3.1500000e+01   1.3759677e+02   4.9773118e+00
   3.1600000e+01   1.1559677e+02  -1.5142688e+01
   3.1700000e+01   6.6596774e+01  -4.0182688e+01
   3.1800000e+01   1.2959677e+02   4.2973118e+00
   3.1900000e+01   2.0559677e+02  -2.4742688e+01
   3.2000000e+01   1.1559677e+02  -2.5142688e+01
   3.2100000e+01   2.6159677e+02  -3.1982688e+01
   3.2200000e+01   1.7859677e+02   1.3373118e+00
   3.2300000e+01   1.6059677e+02  -6.9426882e+00
   3.2400000e+01   2.0959677e+02  -4.9026882e+00
   3.2500000e+01   2.2759677e+02   2.9377312e+01
   3.2600000e+01   2.2959677e+02   2.9731183e-01
   3.2700000e+01   2.7559677e+02   5.3457312e+01
   3.2800000e+01   1.8359677e+02   4.1373118e+00
   3.2900000e+01   9.3596774e+01   1.4737312e+01
   3.3000000e+01   1.6059677e+02  -1.3942688e+01
   3.3100000e+01   2.6159677e+02  -4.9826882e+00
   3.3200000e+01   1.3059677e+02   2.0257312e+01
   3.3300000e+01   2.7959677e+02  -4.3702688e+01
   3.3400000e+01   2.0959677e+02  -1.4902688e+01
   3.3500000e+01   1.8959677e+02  -2.1026882e+00
   3.3600000e+01   9.6596774e+01  -6.3826882e+00
   3.3700000e+01   3.0459677e+02   8.2973118e+00
   3.3800000e+01   2.1559677e+02  -3.6142688e+01
   3.3900000e+01   1.8559677e+02  -2.9426882e+00
   3.4000000e+01   1.7059677e+02  -5.4342688e+01
   3.4100000e+01   1.2659677e+02  -7.4582688e+01
   3.4200000e+01   7.2596774e+01  -2.1422688e+01
   3.4300000e+01   2.8959677e+02   1.7897312e+01
   3.4400000e+01   1.2059677e+02   5.0657312e+01
   3.4500000e+01   1.1759677e+02  -5.2226882e+00
   3.4600000e+01   2.1659677e+02  -4.5182688e+01
   3.4700000e+01   2.1759677e+02  -8.1222688e+01
   3.4800000e+01   6.8596774e+01   1.9737312e+01
   3.4900000e+01   1.4659677e+02   2.5617312e+01
   3.5000000e+01   1.0959677e+02  -1.1902688e+01
   3.5100000e+01   4.5596774e+01   8.4657312e+01
   3.5200000e+01   2.3259677e+02  -4.2822688e+01
   3.5300000e+01   1.4559677e+02  -9.3426882e+00
   3.5400000e+01   1.9459677e+02  -8.3026882e+00
   3.5500000e+01   2.0859677e+02  -2.8862688e+01
   3.5600000e+01   2.8159677e+02  -3.9782688e+01
   3.5700000e+01   1.3059677e+02   6.2573118e+00
   3.5800000e+01   6.7596774e+01   9.1777312e+01
   3.5900000e+01   2.4059677e+02  -3.5142688e+01
   3.6000000e+01   1.4859677e+02  -7.4626882e+00
   3.6100000e+01   1.4359677e+02   2.0737312e+01
   3.6200000e+01   1.1759677e+02  -1.8222688e+01
   3.6300000e+01   1.8159677e+02  -1.8782688e+01
   3.6400000e+01   2.0859677e+02  -3.1862688e+01
   3.6500000e+01   9.6596774e+01  -1.0382688e+01
   3.6600000e+01   2.5959677e+02   5.1097312e+01
   3.6700000e+01   1.0859677e+02  -1.2862688e+01
   3.6800000e+01   1.4059677e+02   1.1857312e+01
   3.6900000e+01   3.1059677e+02  -4.7942688e+01
   3.7000000e+01   2.7359677e+02  -6.4626882e+00
   3.7100000e+01   1.6759677e+02   1.1777312e+01
   3.7200000e+01   2.0659677e+02  -3.2782688e+01
   3.7300000e+01   2.0559677e+02   5.2573118e+00
   3.7400000e+01   1.3959677e+02  -4.1026882e+00
   3.7500000e+01   1.6059677e+02  -1.2942688e+01
   3.7600000e+01   1.5359677e+02  -3.1662688e+01
   3.7700000e+01   1.2459677e+02  -2.9502688e+01
   3.7800000e+01   5.0596774e+01  -1.9542688e+01
   3.7900000e+01   2.7659677e+02  -1.1582688e+01
   3.8000000e+01   2.7959677e+02  -1.3702688e+01
   3.8100000e+01   3.3059677e+02  -4.3742688e+01
   3.8200000e+01   2.2459677e+02  -4.1502688e+01
   3.8300000e+01   2.7659677e+02  -1.0582688e+01
   3.8400000e+01   2.0259677e+02  -4.0622688e+01
   3.8500000e+01   1.2159677e+02  -7.2382688e+01
   3.8600000e+01   1.9859677e+02  -1.1462688e+01
   3.8700000e+01   1.6259677e+02  -5.2022688e+01
   3.8800000e+01   1.0359677e+02  -6.6626882e+00
   3.8900000e+01   2.1759677e+02  -2.4222688e+01
   3.9000000e+01   1.0259677e+02   4.4377312e+01
   3.9100000e+01   3.1259677e+02  -4.8022688e+01
   3.9200000e+01   2.4359677e+02  -1.1262688e+01
   3.9300000e+01   1.5659677e+02  -5.3782688e+01
   3.9400000e+01   1.1459677e+02   1.5897312e+01
   3.9500000e+01   1.2959677e+02  -5.9702688e+01
   3.9600000e+01   2.0659677e+02  -8.7826882e+00
   3.9700000e+01   2.3659677e+02  -3.5982688e+01
   3.9800000e+01   1.5159677e+02   2.4417312e+01
   3.9900000e+01   3.6159677e+02  -4.1982688e+01
   4.0000000e+01   1.3159677e+02  -5.0782688e+01
   4.0100000e+01   2.0759677e+02  -4.5822688e+01
   4.0200000e+01   2.9559677e+02  -1.1342688e+01
   4.0300000e+01   2.0059677e+02   5.7457312e+01
   4.0400000e+01   2.4596774e+01   2.2497312e+01
   4.0500000e+01   1.9759677e+02  -3.6422688e+01
   4.0600000e+01   2.0359677e+02  -2.1662688e+01
   4.0700000e+01   2.3259677e+02   6.1773118e+00
   4.0800000e+01   2.4759677e+02  -4.6422688e+01
   4.0900000e+01   1.5659677e+02  -9.7826882e+00
   4.1000000e+01   3.0659677e+02  -6.1782688e+01
   4.1100000e+01   9.2596774e+01   6.4777312e+01
   4.1200000e+01   1.8859677e+02   6.9373118e+00
   4.1300000e+01  -2.0403226e+01   6.2973118e+00
   4.1400000e+01   8.7596774e+01  -5.0226882e+00
   4.1500000e+01   9.0596774e+01  -1.4142688e+01
   4.1600000e+01   2.2359677e+02  -2.9462688e+01
   4.1700000e+01   1.7459677e+02  -3.0502688e+01
   4.1800000e+01   8.8596774e+01   8.1937312e+01
   4.1900000e+01   2.5759677e+02   2.5177312e+01
   4.2000000e+01   1.2559677e+02   3.1457312e+01
   4.2100000e+01   2.1459677e+02   1.1897312e+01
   4.2200000e+01   2.7259677e+02  -6.8422688e+01
   4.2300000e+01   1.2459677e+02  -2.5502688e+01
   4.2400000e+01   3.6259677e+02  -1.2022688e+01
   4.2500000e+01   1.2059677e+02   2.4657312e+01
   4.2600000e+01   2.1759677e+02   4.0777312e+01
   4.2700000e+01   1.5759677e+02   9.1773118e+00
   4.2800000e+01   2.5259677e+02   1.3377312e+01
   4.2900000e+01   2.0059677e+02  -4.2542688e+01
   4.3000000e+01   2.1859677e+02  -1.9262688e+01
   4.3100000e+01   2.6759677e+02  -1.5222688e+01
   4.3200000e+01   2.1259677e+02  -1.2022688e+01
   4.3300000e+01   2.7259677e+02  -5.2422688e+01
   4.3400000e+01   3.1059677e+02   1.0057312e+01
   4.3500000e+01   2.1459677e+02   1.4897312e+01
   4.3600000e+01   2.4459677e+02  -8.3026882e+00
   4.3700000e+01   2.3659677e+02  -6.9826882e+00
   4.3800000e+01   1.4159677e+02  -5.8182688e+01
   4.3900000e+01   4.0059677e+02  -3.4542688e+01
   4.4000000e+01   9.3596774e+01   2.7737312e+01
   4.4100000e+01   1.9659677e+02   4.4617312e+01
   4.4200000e+01   8.5596774e+01  -3.3942688e+01
   4.4300000e+01   2.3459677e+02   1.0973118e+00
   4.4400000e+01   1.3159677e+02   2.4217312e+01
   4.4500000e+01   1.7359677e+02   1.2537312e+01
   4.4600000e+01   1.5859677e+02  -2.8626882e+00
   4.4700000e+01   1.8359677e+02  -2.7862688e+01
   4.4800000e+01   1.6459677e+02  -5.2102688e+01
   4.4900000e+01   2.1059677e+02  -2.6942688e+01
   4.5000000e+01   2.1459677e+02  -1.4102688e+01
   4.5100000e+01   1.0959677e+02   2.6097312e+01
   4.5200000e+01   1.3059677e+02   1.3257312e+01
   4.5300000e+01   6.8596774e+01   2.4737312e+01
   4.5400000e+01   1.5859677e+02   1.8137312e+01
   4.5500000e+01   2.1459677e+02   9.0897312e+01
   4.5600000e+01   1.6559677e+02  -1.4268817e-01
   4.5700000e+01   1.6559677e+02  -2.9142688e+01
   4.5800000e+01   2.2559677e+02  -2.9542688e+01
   4.5900000e+01   2.4459677e+02   1.0697312e+01
   4.6000000e+01   2.1459677e+02   3.8973118e+00
   4.6100000e+01   1.3559677e+02   3.7057312e+01
   4.6200000e+01   2.0659677e+02   6.3217312e+01
   4.6300000e+01   2.0259677e+02  -2.2622688e+01
   4.6400000e+01   9.9596774e+01   2.0497312e+01
   4.6500000e+01   1.2859677e+02  -7.2662688e+01
   4.6600000e+01   3.3859677e+02  -6.2688172e-02
   4.6700000e+01   4.3959677e+02   5.2897312e+01
   4.6800000e+01   1.7659677e+02  -8.0582688e+01
   4.6900000e+01   1.9659677e+02   2.8617312e+01
   4.7000000e+01   2.6559677e+02  -9.1426882e+00
   4.7100000e+01   1.9559677e+02  -1.4342688e+01
   4.7200000e+01   1.8259677e+02   1.3177312e+01
   4.7300000e+01  -1.9403226e+01   2.7257312e+01
   4.7400000e+01   2.6959677e+02  -9.3026882e+00
   4.7500000e+01   1.4059677e+02  -6.1426882e+00
   4.7600000e+01   1.2959677e+02  -4.3702688e+01
   4.7700000e+01   2.0596774e+01  -3.5342688e+01
   4.7800000e+01   9.4596774e+01   5.6973118e+00
   4.7900000e+01   1.9059677e+02   1.8573118e+00
   4.8000000e+01   2.2859677e+02   4.3373118e+00
   4.8100000e+01   1.6759677e+02  -4.2226882e+00
   4.8200000e+01   1.1559677e+02  -2.1426882e+00
   4.8300000e+01   1.5159677e+02  -9.5826882e+00
   4.8400000e+01   1.4059677e+02   2.3857312e+01
   4.8500000e+01   2.2659677e+02  -1.4582688e+01
   4.8600000e+01   2.1359677e+02  -5.0626882e+00
   4.8700000e+01   8.6596774e+01  -9.9826882e+00
   4.8800000e+01   1.6059677e+02   3.0573118e+00
   4.8900000e+01   1.0359677e+02   4.3337312e+01
   4.9000000e+01   1.0859677e+02   1.7137312e+01
   4.9100000e+01   2.9859677e+02   1.0537312e+01
   4.9200000e+01   2.1059677e+02   1.1057312e+01
   4.9300000e+01   1.3159677e+02   9.2173118e+00
   4.9400000e+01   1.1159677e+02   6.6017312e+01
   4.9500000e+01   2.9459677e+02   9.6973118e+00
   4.9600000e+01   2.7159677e+02   2.6173118e+00
   4.9700000e+01   1.4959677e+02  -1.1502688e+01
   4.9800000e+01   1.2159677e+02   1.6617312e+01
   4.9900000e+01   1.9959677e+02   1.0449731e+02
   5.0000000e+01   1.8559677e+02   2.3057312e+01
   5.0100000e+01   1.9559677e+02  -2.4342688e+01
   5.0200000e+01   2.1559677e+02  -1.2142688e+01
   5.0300000e+01   2.0459677e+02   4.2973118e+00
   5.0400000e+01   2.1759677e+02   6.6777312e+01
   5.0500000e+01   1.3359677e+02  -2.8626882e+00
   5.0600000e+01   2.1459677e+02   8.9731183e-01
   5.0700000e+01   1.4459677e+02  -1.2302688e+01
   5.0800000e+01   1.3859677e+02  -4.4062688e+01
   5.0900000e+01   1.7259677e+02   7.7577312e+01
   5.1000000e+01   1.5659677e+02  -2.0782688e+01
   5.1100000e+01   1.2759677e+02   4.5377312e+01
   5.1200000e+01   1.4659677e+02  -2.5382688e+01
   5.1300000e+01   1.3259677e+02   1.5177312e+01
   5.1400000e+01   2.1059677e+02   5.3057312e+01
   5.1500000e+01   1.4659677e+02   1.1617312e+01
   5.1600000e+01   1.7859677e+02   4.3337312e+01
   5.1700000e+01   1.6059677e+02   5.1057312e+01
   5.1800000e+01   4.9596774e+01  -4.5026882e+00
   5.1900000e+01   2.7959677e+02   7.2973118e+00
   5.2000000e+01   1.1959677e+02   4.1697312e+01
   5.2100000e+01   2.2259677e+02   4.3577312e+01
   5.2200000e+01   1.3659677e+02   1.3017312e+01
   5.2300000e+01   3.2159677e+02  -4.0382688e+01
   5.2400000e+01   2.0459677e+02  -6.7026882e+00
   5.2500000e+01   2.3859677e+02  -1.9062688e+01
   5.2600000e+01   3.5967742e+00  -8.6626882e+00
   5.2700000e+01   1.0359677e+02  -1.0662688e+01
   5.2800000e+01   1.9659677e+02  -5.0382688e+01
   5.2900000e+01   2.4759677e+02  -1.0422688e+01
   5.3000000e+01   2.4759677e+02  -2.7422688e+01
   5.3100000e+01   2.1759677e+02  -6.2226882e+00
   5.3200000e+01   1.9759677e+02   5.7731183e-01
   5.3300000e+01   1.5859677e+02  -3.6862688e+01
   5.3400000e+01   1.2559677e+02   2.4457312e+01
   5.3500000e+01   1.9559677e+02   1.7657312e+01
   5.3600000e+01   1.9959677e+02  -1.7502688e+01
   5.3700000e+01   2.7259677e+02   1.5773118e+00
   5.3800000e+01   1.0859677e+02   6.0137312e+01
   5.3900000e+01   1.4759677e+02  -1.1422688e+01
   5.4000000e+01   9.2596774e+01  -3.9222688e+01
   5.4100000e+01   1.3059677e+02  -3.4742688e+01
   5.4200000e+01   1.4059677e+02  -1.4268817e-01
   5.4300000e+01   3.3759677e+02   7.9773118e+00
   5.4400000e+01   5.3596774e+01   7.3373118e+00
   5.4500000e+01   6.8596774e+01  -3.9262688e+01
   5.4600000e+01   2.3759677e+02  -2.7022688e+01
   5.4700000e+01   1.8659677e+02  -7.0982688e+01
   5.4800000e+01   1.7859677e+02  -3.6662688e+01
   5.4900000e+01   1.8059677e+02  -6.7426882e+00
   5.5000000e+01   1.1059677e+02  -6.9426882e+00
   5.5100000e+01   6.8596774e+01  -4.7262688e+01
   5.5200000e+01   2.6359677e+02   1.9373118e+00
   5.5300000e+01   6.0596774e+01   4.0573118e+00
   5.5400000e+01   6.6596774e+01  -4.1826882e+00
   5.5500000e+01   1.4559677e+02   6.5731183e-01
   5.5600000e+01   6.5596774e+01  -1.1426882e+00
   5.5700000e+01   2.0859677e+02  -3.3862688e+01
   5.5800000e+01   1.3459677e+02   3.0097312e+01
   5.5900000e+01   1.3559677e+02  -1.4942688e+01
   5.6000000e+01   2.6059677e+02   1.8057312e+01
   5.6100000e+01   1.8359677e+02  -9.8626882e+00
   5.6200000e+01   2.4959677e+02  -5.0502688e+01
   5.6300000e+01   8.6596774e+01   1.1017312e+01
   5.6400000e+01   3.5059677e+02   1.3457312e+01
   5.6500000e+01   1.3759677e+02  -4.3022688e+01
   5.6600000e+01   2.0059677e+02   1.9457312e+01
   5.6700000e+01   1.9759677e+02  -4.6422688e+01
   5.6800000e+01   1.0459677e+02   4.2297312e+01
   5.6900000e+01   6.0596774e+01  -3.0942688e+01
   5.7000000e+01   6.5596774e+01   2.1857312e+01
   5.7100000e+01   2.0259677e+02   5.5377312e+01
   5.7200000e+01   2.5259677e+02  -6.6226882e+00
   5.7300000e+01   2.3859677e+02   2.7937312e+01
   5.7400000e+01   1.8359677e+02   9.0137312e+01
   5.7500000e+01   1.2159677e+02  -3.8268817e-01
   5.7600000e+01   2.2559677e+02  -5.4268817e-01
   5.7700000e+01   3.0159677e+02  -1.8582688e+01
   5.7800000e+01   1.8859677e+02   3.5937312e+01
   5.7900000e+01   1.5459677e+02  -8.7026882e+00
   5.8000000e+01   2.3759677e+02   1.9773118e+00
   5.8100000e+01   1.5559677e+02  -1.9742688e+01
   5.8200000e+01   1.6959677e+02  -1.8302688e+01
   5.8300000e+01   1.7459677e+02   1.7497312e+01
   5.8400000e+01  -5.4032258e+00   2.6973118e+00
   5.8500000e+01   1.6659677e+02  -4.9182688e+01
   5.8600000e+01   1.9859677e+02   1.5537312e+01
   5.8700000e+01   1.9359677e+02   3.0737312e+01
   5.8800000e+01   1.4159677e+02   4.1817312e+01
   5.8900000e+01   3.5059677e+02  -3.8542688e+01
   5.9000000e+01   1.7859677e+02  -4.2662688e+01
   5.9100000e+01   1.3259677e+02   2.1177312e+01
   5.9200000e+01   2.3959677e+02   1.4897312e+01
   5.9300000e+01   9.4596774e+01   6.6697312e+01
   5.9400000e+01   1.7059677e+02  -3.3426882e+00
   5.9500000e+01   1.9759677e+02  -2.1422688e+01
   5.9600000e+01   6.9596774e+01   4.5697312e+01
   5.9700000e+01   1.4459677e+02   7.6973118e+00
   5.9800000e+01   1.6059677e+02   2.3057312e+01
   5.9900000e+01   6.8596774e+01   1.5737312e+01
   6.0000000e+01   1.2559677e+02  -3.5426882e+00
   6.0100000e+01   1.5859677e+02  -4.8626882e+00
   6.0200000e+01   7.2596774e+01  -3.3422688e+01
   6.0300000e+01   8.9596774e+01  -1.2102688e+01
   6.0400000e+01   9.5596774e+01   4.6657312e+01
   6.0500000e+01   2.5259677e+02   2.6377312e+01
   6.0600000e+01   6.0596774e+01   4.0573118e+00
   6.0700000e+01   1.0859677e+02   3.0137312e+01
   6.0800000e+01   5.7596774e+01   2.1177312e+01
   6.0900000e+01   1.1559677e+02   8.0857312e+01
   6.1000000e+01   1.1559677e+02  -2.8142688e+01
   6.1100000e+01   1.0659677e+02   7.2173118e+00
   6.1200000e+01   1.6059677e+02   8.8057312e+01
   6.1300000e+01   1.1959677e+02   5.5697312e+01
   6.1400000e+01   2.1759677e+02  -1.6222688e+01
   6.1500000e+01   2.0559677e+02   3.6257312e+01
   6.1600000e+01   3.8659677e+02  -1.0982688e+01
   6.1700000e+01   1.7659677e+02  -1.5582688e+01
   6.1800000e+01   1.5959677e+02  -9.0268817e-01
   6.1900000e+01   2.3559677e+02   3.6057312e+01
   6.2000000e+01   7.5596774e+01   3.1457312e+01
   6.2100000e+01   3.0759677e+02  -2.6822688e+01
   6.2200000e+01   9.5967742e+00  -3.9026882e+00
   6.2300000e+01   1.1659677e+02   2.8173118e+00
   6.2400000e+01   1.6259677e+02   2.3977312e+01
   6.2500000e+01   3.5596774e+01   4.0057312e+01
   6.2600000e+01   2.4859677e+02  -3.4626882e+00
   6.2700000e+01   1.6059677e+02   2.4057312e+01
   6.2800000e+01   1.9659677e+02  -1.7382688e+01
   6.2900000e+01   2.0659677e+02  -6.2782688e+01
   6.3000000e+01   1.7659677e+02  -3.5826882e+00
   6.3100000e+01   4.3596774e+01  -2.6262688e+01
   6.3200000e+01   2.2159677e+02  -4.8382688e+01
   6.3300000e+01   1.8059677e+02   8.5257312e+01
   6.3400000e+01   2.4359677e+02  -1.4262688e+01
   6.3500000e+01   9.5596774e+01  -7.3426882e+00
   6.3600000e+01   2.0559677e+02   4.2257312e+01
   6.3700000e+01   1.4559677e+02  -1.4342688e+01
   6.3800000e+01   1.9859677e+02  -6.4462688e+01
   6.3900000e+01   1.3259677e+02   1.8177312e+01
   6.4000000e+01   2.2859677e+02  -5.4662688e+01
   6.4100000e+01   1.9759677e+02   6.5773118e+00
   6.4200000e+01   3.7596774e+01   1.5977312e+01
   6.4300000e+01   1.5359677e+02   4.9337312e+01
   6.4400000e+01   1.1259677e+02   1.3977312e+01
   6.4500000e+01   1.2659677e+02   2.6417312e+01
   6.4600000e+01   1.1959677e+02   1.4697312e+01
   6.4700000e+01   2.3459677e+02  -1.3902688e+01
   6.4800000e+01   9.6596774e+01  -3.0382688e+01
   6.4900000e+01   8.8596774e+01  -3.8062688e+01
   6.5000000e+01   1.1359677e+02  -3.0062688e+01
   6.5100000e+01   1.8159677e+02  -5.3782688e+01
   6.5200000e+01   1.1659677e+02  -2.5182688e+01
   6.5300000e+01   1.0759677e+02  -3.2822688e+01
   6.5400000e+01   7.2596774e+01   1.4577312e+01
   6.5500000e+01   1.4359677e+02  -1.4262688e+01
   6.5600000e+01   9.5596774e+01  -1.5342688e+01
   6.5700000e+01   5.7596774e+01   2.3177312e+01
   6.5800000e+01   1.4359677e+02  -2.5262688e+01
   6.5900000e+01   1.0359677e+02  -5.8662688e+01
   6.6000000e+01   1.0059677e+02  -1.4542688e+01
   6.6100000e+01   7.6596774e+01   6.9417312e+01
   6.6200000e+01   7.9596774e+01  -2.7026882e+00
   6.6300000e+01   1.2459677e+02  -3.9502688e+01
   6.6400000e+01   1.3759677e+02   1.3977312e+01
   6.6500000e+01   1.3959677e+02  -2.6102688e+01
   6.6600000e+01   1.3859677e+02   2.0937312e+01
   6.6700000e+01   1.9159677e+02   1.5817312e+01
   6.6800000e+01   2.0159677e+02  -8.5826882e+00
   6.6900000e+01   1.8359677e+02   5.1373118e+00
   6.7000000e+01   2.4359677e+02   7.7373118e+00
   6.7100000e+01   9.8596774e+01  -1.2462688e+01
   6.7200000e+01   1.3059677e+02   5.5257312e+01
   6.7300000e+01   1.8659677e+02  -6.3982688e+01
   6.7400000e+01   6.8596774e+01  -4.2626882e+00
   6.7500000e+01   1.5359677e+02  -2.7662688e+01
   6.7600000e+01   1.7959677e+02  -2.6702688e+01
   6.7700000e+01   2.1959677e+02  -3.4302688e+01
   6.7800000e+01   1.4259677e+02   1.0777312e+01
   6.7900000e+01   2.1859677e+02  -2.7262688e+01
   6.8000000e+01   2.6859677e+02  -2.8262688e+01
   6.8100000e+01   1.3259677e+02   2.4177312e+01
   6.8200000e+01   1.6259677e+02   6.6977312e+01
   6.8300000e+01   1.1359677e+02  -2.4062688e+01
   6.8400000e+01   1.2459677e+02   4.0497312e+01
   6.8500000e+01   1.8859677e+02  -1.5062688e+01
   6.8600000e+01   1.5059677e+02  -5.5426882e+00
   6.8700000e+01   7.7596774e+01   9.3773118e+00
   6.8800000e+01   7.2596774e+01  -9.4226882e+00
   6.8900000e+01   1.4859677e+02   2.5373118e+00
   6.9000000e+01   1.4859677e+02  -1.8462688e+01
   6.9100000e+01   6.3596774e+01   5.9373118e+00
   6.9200000e+01   1.5859677e+02  -1.8862688e+01
   6.9300000e+01   2.1559677e+02  -5.8142688e+01
   6.9400000e+01   1.1259677e+02  -1.7022688e+01
   6.9500000e+01   2.4759677e+02   3.0577312e+01
   6.9600000e+01   1.7959677e+02  -2.7702688e+01
   6.9700000e+01   1.2959677e+02  -3.0702688e+01
   6.9800000e+01   1.1959677e+02  -3.4302688e+01
   6.9900000e+01   1.6759677e+02  -3.9222688e+01
   7.0000000e+01   1.6859677e+02   4.7373118e+00
   7.0100000e+01   8.2596774e+01  -3.5822688e+01
   7.0200000e+01   2.3259677e+02  -7.8226882e+00
   7.0300000e+01   2.4059677e+02  -2.0142688e+01
   7.0400000e+01   3.9596774e+01  -4.0102688e+01
   7.0500000e+01   2.7159677e+02   1.6617312e+01
   7.0600000e+01   2.2359677e+02   6.5373118e+00
   7.0700000e+01   1.5559677e+02   3.2257312e+01
   7.0800000e+01   1.9959677e+02  -7.5026882e+00
   7.0900000e+01   1.6259677e+02   5.6977312e+01
   7.1000000e+01   3.1159677e+02   1.0017312e+01
   7.1100000e+01   7.7596774e+01  -3.0622688e+01
   7.1200000e+01   9.1596774e+01   9.8173118e+00
   7.1300000e+01   1.5659677e+02   2.2173118e+00
   7.1400000e+01   1.1559677e+02   2.8573118e+00
   7.1500000e+01   2.2459677e+02  -1.4502688e+01
   7.1600000e+01   1.2159677e+02  -1.8382688e+01
   7.1700000e+01   1.2359677e+02  -3.4462688e+01
   7.1800000e+01   1.5259677e+02   1.2377312e+01
   7.1900000e+01   1.1859677e+02   3.3737312e+01
   7.2000000e+01   1.5459677e+02   4.2973118e+00
   7.2100000e+01   3.1159677e+02  -2.2982688e+01
   7.2200000e+01   2.8059677e+02  -1.5742688e+01
   7.2300000e+01   2.9359677e+02  -2.2626882e+00
   7.2400000e+01   2.0559677e+02   2.2257312e+01
   7.2500000e+01   1.7059677e+02  -9.3426882e+00
   7.2600000e+01   2.2259677e+02   3.3577312e+01
   7.2700000e+01   9.1596774e+01   2.9817312e+01
   7.2800000e+01   2.3259677e+02  -2.8226882e+00
   7.2900000e+01   1.7259677e+02   5.5773118e+00
   7.3000000e+01   1.9859677e+02  -1.8462688e+01
   7.3100000e+01   1.4659677e+02   2.7617312e+01
   7.3200000e+01   1.1759677e+02   1.3777312e+01
   7.3300000e+01   2.1459677e+02  -3.2102688e+01
   7.3400000e+01   3.6559677e+02  -4.7142688e+01
   7.3500000e+01   2.7259677e+02   1.4577312e+01
   7.3600000e+01   1.9559677e+02  -5.3426882e+00
   7.3700000e+01   1.6459677e+02   1.0389731e+02
   7.3800000e+01   1.2459677e+02  -2.5026882e+00
   7.3900000e+01   3.4159677e+02   4.8173118e+00
   7.4000000e+01   7.3596774e+01   2.2537312e+01
   7.4100000e+01   1.5259677e+02   2.5377312e+01
   7.4200000e+01   2.0159677e+02   1.0417312e+01
   7.4300000e+01   1.1659677e+02  -5.7182688e+01
   7.4400000e+01   3.0959677e+02  -2.6902688e+01
   7.4500000e+01   2.2059677e+02  -5.6342688e+01
   7.4600000e+01   2.7859677e+02   3.0337312e+01
   7.4700000e+01   1.1459677e+02   5.8973118e+00
   7.4800000e+01   1.1959677e+02   3.1697312e+01
   7.4900000e+01   2.1159677e+02   7.8017312e+01
   7.5000000e+01   2.6959677e+02  -3.7302688e+01
   7.5100000e+01   1.6059677e+02  -2.9426882e+00
   7.5200000e+01   2.5759677e+02  -1.8822688e+01
   7.5300000e+01   1.1359677e+02  -9.0626882e+00
   7.5400000e+01   1.7259677e+02   7.5773118e+00
   7.5500000e+01   1.6659677e+02   3.9817312e+01
   7.5600000e+01   1.1159677e+02  -1.7982688e+01
   7.5700000e+01   7.0596774e+01  -7.3426882e+00
   7.5800000e+01   5.9596774e+01   7.2097312e+01
   7.5900000e+01   5.3596774e+01  -7.6626882e+00
   7.6000000e+01   1.4159677e+02   2.8173118e+00
   7.6100000e+01   1.8059677e+02  -4.9742688e+01
   7.6200000e+01   9.1596774e+01   5.8173118e+00
   7.6300000e+01   2.0659677e+02   2.7217312e+01
   7.6400000e+01   7.5596774e+01   1.5457312e+01
   7.6500000e+01   7.0596774e+01   1.0165731e+02
   7.6600000e+01   1.8759677e+02   1.9773118e+00
   7.6700000e+01   2.2596774e+01   1.6577312e+01
   7.6800000e+01   3.2059677e+02  -8.3426882e+00
   7.6900000e+01   1.5559677e+02  -5.7426882e+00
   7.7000000e+01   3.2859677e+02   2.8337312e+01
   7.7100000e+01   1.0059677e+02  -3.1542688e+01
   7.7200000e+01   8.6596774e+01  -6.9826882e+00
   7.7300000e+01   4.5596774e+01  -3.8342688e+01
   7.7400000e+01   1.2559677e+02  -1.5542688e+01
   7.7500000e+01   2.1159677e+02   1.4017312e+01
   7.7600000e+01   2.0759677e+02   5.8177312e+01
   7.7700000e+01   1.1359677e+02   8.9373118e+00
   7.7800000e+01   2.5159677e+02  -7.5826882e+00
   7.7900000e+01   1.7759677e+02   8.4377312e+01
   7.8000000e+01   9.2596774e+01   1.9777312e+01
   7.8100000e+01   1.7459677e+02   1.9497312e+01
   7.8200000e+01   2.8359677e+02  -8.8626882e+00
   7.8300000e+01   1.5459677e+02   3.1297312e+01
   7.8400000e+01   1.6059677e+02   2.5057312e+01
   7.8500000e+01   2.2059677e+02   1.2657312e+01
   7.8600000e+01   1.7559677e+02  -6.5426882e+00
   7.8700000e+01   1.4859677e+02   8.9537312e+01
   7.8800000e+01   1.8459677e+02   4.7097312e+01
   7.8900000e+01   1.9559677e+02  -8.3426882e+00
   7.9000000e+01   1.8559677e+02  -2.8942688e+01
   7.9100000e+01   2.0559677e+02   6.2573118e+00
   7.9200000e+01   6.5596774e+01  -8.1426882e+00
   7.9300000e+01   1.1159677e+02  -4.9982688e+01
   7.9400000e+01   1.9359677e+02   4.1737312e+01
   7.9500000e+01   4.2596774e+01  -2.3222688e+01
   7.9600000e+01   1.8759677e+02   3.3977312e+01
   7.9700000e+01   1.0759677e+02   6.1773118e+00
   7.9800000e+01   1.6859677e+02  -2.0262688e+01
   7.9900000e+01   1.9859677e+02  -7.4626882e+00
   8.0000000e+01   2.6259677e+02   5.4977312e+01
   8.0100000e+01   7.9596774e+01   7.1297312e+01
   8.0200000e+01   2.8359677e+02  -2.7862688e+01
   8.0300000e+01   1.1859677e+02   1.8737312e+01
   8.0400000e+01   1.6459677e+02  -3.8102688e+01
   8.0500000e+01   1.5659677e+02  -1.6782688e+01
   8.0600000e+01   1.3359677e+02   4.9137312e+01
   8.0700000e+01   2.0659677e+02   5.7217312e+01
   8.0800000e+01   1.7659677e+02   5.3417312e+01
   8.0900000e+01   2.1759677e+02   7.7731183e-01
   8.1000000e+01   2.6859677e+02   5.2737312e+01
   8.1100000e+01   1.9659677e+02  -1.3826882e+00
   8.1200000e+01   2.8559677e+02   2.6057312e+01
   8.1300000e+01   2.8859677e+02   4.4937312e+01
   8.1400000e+01   2.4059677e+02  -1.1426882e+00
   8.1500000e+01   1.6059677e+02   2.6057312e+01
   8.1600000e+01   1.7559677e+02   2.8457312e+01
   8.1700000e+01   1.6759677e+02   1.1777312e+01
   8.1800000e+01   3.5559677e+02  -5.7742688e+01
   8.1900000e+01   9.8596774e+01  -1.5462688e+01
   8.2000000e+01   2.6059677e+02  -8.9426882e+00
   8.2100000e+01   7.3596774e+01   6.5373118e+00
   8.2200000e+01   5.8596774e+01   3.1373118e+00
   8.2300000e+01  -3.4403226e+01   7.8573118e+00
   8.2400000e+01   9.4596774e+01   7.6973118e+00
   8.2500000e+01   1.7659677e+02  -4.5826882e+00
   8.2600000e+01   2.0059677e+02  -3.0542688e+01
   8.2700000e+01   1.6259677e+02   5.9773118e+00
   8.2800000e+01   1.7859677e+02  -8.6626882e+00
   8.2900000e+01   1.8259677e+02   1.2177312e+01
   8.3000000e+01   1.4359677e+02   2.0737312e+01
   8.3100000e+01   8.3596774e+01  -3.8862688e+01
   8.3200000e+01   9.3596774e+01   2.8737312e+01
   8.3300000e+01   2.0459677e+02  -1.3702688e+01
   8.3400000e+01   2.0759677e+02   3.1773118e+00
   8.3500000e+01   2.1759677e+02   2.8777312e+01
   8.3600000e+01   3.8159677e+02  -2.2782688e+01
   8.3700000e+01   2.2459677e+02  -5.5026882e+00
   8.3800000e+01   2.4759677e+02  -4.4226882e+00
   8.3900000e+01   1.3159677e+02   1.6621731e+02
   8.4000000e+01   6.6596774e+01   2.3817312e+01
   8.4100000e+01   2.1759677e+02   5.6777312e+01
   8.4200000e+01   1.7859677e+02   4.8337312e+01
   8.4300000e+01   2.3559677e+02   2.6057312e+01
   8.4400000e+01   1.8259677e+02   8.0177312e+01
   8.4500000e+01   2.0459677e+02   3.8297312e+01
   8.4600000e+01   6.6596774e+01  -1.1182688e+01
   8.4700000e+01   2.4359677e+02   2.7737312e+01
   8.4800000e+01   1.6259677e+02   4.2977312e+01
   8.4900000e+01   1.2359677e+02   4.9537312e+01
   8.5000000e+01   1.6659677e+02   3.4817312e+01
   8.5100000e+01   1.1259677e+02   3.4977312e+01
   8.5200000e+01   1.4759677e+02   4.4577312e+01
   8.5300000e+01   2.4259677e+02  -8.2226882e+00
   8.5400000e+01   2.8159677e+02  -1.1782688e+01
   8.5500000e+01   1.7259677e+02   4.2577312e+01
   8.5600000e+01   2.0559677e+02   5.5257312e+01
   8.5700000e+01   2.1359677e+02   7.9373118e+00
   8.5800000e+01   2.3359677e+02  -2.0862688e+01
   8.5900000e+01   1.3859677e+02  -1.1062688e+01
   8.6000000e+01   2.0859677e+02  -3.8626882e+00
   8.6100000e+01   1.5259677e+02   3.0377312e+01
   8.6200000e+01   3.0959677e+02   8.9097312e+01
   8.6300000e+01   1.6059677e+02   4.3057312e+01
   8.6400000e+01   2.5559677e+02   3.2573118e+00
   8.6500000e+01   2.1159677e+02   5.0017312e+01
   8.6600000e+01   7.3596774e+01   1.1537312e+01
   8.6700000e+01   1.1559677e+02  -3.1426882e+00
   8.6800000e+01   1.1159677e+02   6.1017312e+01
   8.6900000e+01   1.7059677e+02   4.3657312e+01
   8.7000000e+01   1.1959677e+02  -1.4302688e+01
   8.7100000e+01   7.4596774e+01  -2.7502688e+01
   8.7200000e+01   4.9596774e+01   3.6497312e+01
   8.7300000e+01   1.0259677e+02   7.1377312e+01
   8.7400000e+01   2.0959677e+02  -2.2902688e+01
   8.7500000e+01   1.2859677e+02  -8.6626882e+00
   8.7600000e+01   2.5059677e+02  -3.7542688e+01
   8.7700000e+01   7.7596774e+01  -2.6622688e+01
   8.7800000e+01   1.3559677e+02   1.6057312e+01
   8.7900000e+01   7.9596774e+01  -1.4702688e+01
   8.8000000e+01   2.6359677e+02  -1.1062688e+01
   8.8100000e+01   1.0659677e+02  -3.6782688e+01
   8.8200000e+01   1.2559677e+02   2.3457312e+01
   8.8300000e+01   8.7596774e+01   3.9773118e+00
   8.8400000e+01   1.9559677e+02   9.6573118e+00
   8.8500000e+01   1.0159677e+02  -1.5582688e+01
   8.8600000e+01   1.6759677e+02   6.7773118e+00
   8.8700000e+01   2.9559677e+02  -1.6342688e+01
   8.8800000e+01   7.8596774e+01   2.1337312e+01
   8.8900000e+01   1.4659677e+02   1.4761731e+02
   8.9000000e+01   7.7596774e+01   2.7377312e+01
   8.9100000e+01   2.0459677e+02  -2.1702688e+01
   8.9200000e+01   4.6596774e+01   1.9617312e+01
   8.9300000e+01   2.0959677e+02  -2.6902688e+01
   8.9400000e+01   2.4359677e+02  -2.2626882e+00
   8.9500000e+01   3.2659677e+02   9.4173118e+00
   8.9600000e+01   1.5059677e+02   3.0457312e+01
   8.9700000e+01   1.7959677e+02   5.4297312e+01
   8.9800000e+01   4.5596774e+01   1.9657312e+01
   8.9900000e+01   1.4596774e+01   2.4897312e+01
   9.0000000e+01   1.5159677e+02   7.4173118e+00
   9.0100000e+01   1.9059677e+02  -3.6142688e+01
   9.0200000e+01   2.8859677e+02  -2.6062688e+01
   9.0300000e+01   2.4359677e+02   2.4737312e+01
   9.0400000e+01   1.2059677e+02   1.6573118e+00
   9.0500000e+01   1.0559677e+02   7.2573118e+00
   9.0600000e+01   8.8596774e+01   5.8937312e+01
   9.0700000e+01   5.1596774e+01  -5.5826882e+00
   9.0800000e+01   1.7959677e+02   2.9731183e-01
   9.0900000e+01   9.9596774e+01   1.9497312e+01
   9.1000000e+01   7.7596774e+01   1.3377312e+01
   9.1100000e+01   2.1459677e+02  -1.4102688e+01
   9.1200000e+01   1.8959677e+02  -5.8102688e+01
   9.1300000e+01   2.2259677e+02  -5.0422688e+01
   9.1400000e+01   2.4459677e+02  -7.3026882e+00
   9.1500000e+01   1.5159677e+02  -6.0582688e+01
   9.1600000e+01   1.9459677e+02  -1.7302688e+01
   9.1700000e+01   2.1759677e+02  -4.4222688e+01
   9.1800000e+01   1.2959677e+02  -4.0702688e+01
   9.1900000e+01   1.9959677e+02  -5.1502688e+01
   9.2000000e+01   1.0159677e+02  -2.1582688e+01
   9.2100000e+01   8.8596774e+01  -8.0626882e+00
   9.2200000e+01   2.3759677e+02   9.7731183e-01
   9.2300000e+01   2.1859677e+02  -1.6262688e+01
   9.2400000e+01   1.7959677e+02  -1.2702688e+01
   9.2500000e+01   9.9596774e+01   1.3497312e+01
   9.2600000e+01   1.3059677e+02   2.5731183e-01
   9.2700000e+01   8.0596774e+01  -1.4742688e+01
   9.2800000e+01   1.7759677e+02  -1.3622688e+01
   9.2900000e+01   9.3596774e+01  -6.0262688e+01
   9.3000000e+01   1.9059677e+02  -2.4142688e+01
   9.3100000e+01   3.3596774e+01  -3.2862688e+01
   9.3200000e+01   6.5967742e+00   1.8217312e+01
   9.3300000e+01   1.8859677e+02   1.1937312e+01
   9.3400000e+01   1.2259677e+02  -3.9422688e+01
   9.3500000e+01   2.4259677e+02  -1.2222688e+01
   9.3600000e+01   1.5559677e+02  -1.8742688e+01
   9.3700000e+01   4.2596774e+01   4.3777312e+01
   9.3800000e+01   9.9596774e+01  -2.9502688e+01
   9.3900000e+01   1.4659677e+02   3.1617312e+01
   9.4000000e+01   2.5359677e+02   5.3373118e+00
   9.4100000e+01   2.4559677e+02  -4.7342688e+01
   9.4200000e+01   1.2359677e+02   2.5537312e+01
   9.4300000e+01   9.0596774e+01  -8.1426882e+00
   9.4400000e+01   2.6459677e+02   1.8897312e+01
   9.4500000e+01   2.4259677e+02  -4.7222688e+01
   9.4600000e+01   7.7596774e+01   4.7377312e+01
   9.4700000e+01   1.5459677e+02   2.2297312e+01
   9.4800000e+01   9.9596774e+01  -9.5026882e+00
   9.4900000e+01   6.7596774e+01   7.1777312e+01
   9.5000000e+01   8.7596774e+01   2.2977312e+01
   9.5100000e+01   2.8596774e+01  -8.6626882e+00
   9.5200000e+01   1.0159677e+02   8.4173118e+00
   9.5300000e+01   2.1559677e+02   2.7857312e+01
   9.5400000e+01   1.9359677e+02  -3.5262688e+01
   9.5500000e+01   2.0159677e+02   6.4417312e+01
   9.5600000e+01   1.0759677e+02   1.8177312e+01
   9.5700000e+01   2.8359677e+02   1.2137312e+01
   9.5800000e+01   1.3959677e+02   3.3897312e+01
   9.5900000e+01   3.1959677e+02  -1.4302688e+01
   9.6000000e+01   1.7659677e+02   2.5417312e+01
   9.6100000e+01   1.2459677e+02  -3.6502688e+01
   9.6200000e+01   1.6559677e+02  -4.7142688e+01
   9.6300000e+01   1.3359677e+02  -7.8626882e+00
   9.6400000e+01   1.5859677e+02  -4.6862688e+01
   9.6500000e+01   8.8596774e+01  -4.9062688e+01
   9.6600000e+01   1.2959677e+02   2.9731183e-01
   9.6700000e+01   1.5959677e+02  -5.6902688e+01
   9.6800000e+01   1.8659677e+02  -1.4982688e+01
   9.6900000e+01   1.0159677e+02  -7.0582688e+01
   9.7000000e+01   1.0059677e+02  -2.4542688e+01
   9.7100000e+01   2.7959677e+02   6.2973118e+00
   9.7200000e+01   1.3359677e+02  -3.3862688e+01
   9.7300000e+01   2.6059677e+02  -1.5942688e+01
   9.7400000e+01   2.3059677e+02  -4.8742688e+01
   9.7500000e+01   1.2459677e+02  -1.1502688e+01
   9.7600000e+01   1.4259677e+02  -2.8222688e+01
   9.7700000e+01   1.5959677e+02   7.0973118e+00
   9.7800000e+01   2.2959677e+02  -2.1702688e+01
   9.7900000e+01  -2.0403226e+01  -3.5702688e+01
   9.8000000e+01   1.3159677e+02   3.0217312e+01
   9.8100000e+01   1.8759677e+02  -4.3022688e+01
   9.8200000e+01   1.5959677e+02   1.0097312e+01
   9.8300000e+01   2.0759677e+02  -1.5822688e+01
   9.8400000e+01   1.6859677e+02   6.7373118e+00
   9.8500000e+01   6.5596774e+01  -4.1142688e+01
   9.8600000e+01   6.9596774e+01  -3.7302688e+01
   9.8700000e+01   2.8959677e+02  -7.8102688e+01
   9.8800000e+01   2.0559677e+02  -5.6742688e+01
   9.8900000e+01   1.3459677e+02   3.6097312e+01
   9.9000000e+01   1.1159677e+02  -4.3982688e+01
   9.9100000e+01   1.5659677e+02   2.0217312e+01
   9.9200000e+01   2.1059677e+02   1.0573118e+00
   9.9300000e+01   5.5596774e+01  -4.0742688e+01
   9.9400000e+01  -3.6403226e+01  -1.0062688e+01
   9.9500000e+01   9.3596774e+01   8.7373118e+00
   9.9600000e+01   1.7259677e+02  -1.1422688e+01
   9.9700000e+01   9.8596774e+01  -3.1462688e+01
   9.9800000e+01   2.4659677e+02  -4.9382688e+01
   9.9900000e+01   1.5259677e+02  -3.1622688e+01
   1.0000000e+02   1.2959677e+02  -3.5702688e+01
   1.0010000e+02   1.5659677e+02  -3.0782688e+01
   1.0020000e+02   1.1059677e+02  -5.3942688e+01
   1.0030000e+02   8.3596774e+01  -4.3862688e+01
   1.0040000e+02   1.3659677e+02  -2.9826882e+00
   1.0050000e+02   2.2359677e+02  -2.5462688e+01
   1.0060000e+02   6.1596774e+01  -3.1982688e+01
   1.0070000e+02   1.7059677e+02   1.6573118e+00
   1.0080000e+02   1.1959677e+02   1.6973118e+00
   1.0090000e+02   1.3159677e+02   7.2173118e+00
   1.0100000e+02   4.7596774e+01  -2.4422688e+01
   1.0110000e+02   1.1859677e+02   1.2737312e+01
   1.0120000e+02   1.6459677e+02  -2.0102688e+01
   1.0130000e+02   1.8259677e+02   7.1773118e+00
   1.0140000e+02   1.9359677e+02  -7.8262688e+01
   1.0150000e+02   1.9759677e+02  -3.4422688e+01
   1.0160000e+02   6.9596774e+01   3.2697312e+01
   1.0170000e+02   2.0059677e+02  -2.9542688e+01
   1.0180000e+02   1.5159677e+02  -4.6582688e+01
   1.0190000e+02   1.8259677e+02  -1.3822688e+01
   1.0200000e+02   1.0459677e+02  -2.8702688e+01
   1.0210000e+02   1.5659677e+02   2.4217312e+01
   1.0220000e+02   2.5059677e+02   7.2457312e+01
   1.0230000e+02  -2.4032258e+00  -5.4226882e+00
   1.0240000e+02   1.4159677e+02   1.3817312e+01
   1.0250000e+02   1.5859677e+02  -1.9862688e+01
   1.0260000e+02   1.5559677e+02  -2.1742688e+01
   1.0270000e+02   1.0559677e+02   2.2257312e+01
   1.0280000e+02   1.7459677e+02   2.2497312e+01
   1.0290000e+02   1.2059677e+02  -3.7342688e+01
   1.0300000e+02   1.5859677e+02   2.1373118e+00
   1.0310000e+02   1.8659677e+02  -1.6982688e+01
   1.0320000e+02   1.8659677e+02   3.2017312e+01
   1.0330000e+02   2.2659677e+02   1.5417312e+01
   1.0340000e+02   2.9259677e+02  -2.7222688e+01
   1.0350000e+02   3.8359677e+02  -2.9862688e+01
   1.0360000e+02   1.3359677e+02  -1.2862688e+01
   1.0370000e+02   1.1159677e+02   1.7017312e+01
   1.0380000e+02   1.3659677e+02   1.8017312e+01
   1.0390000e+02   2.3259677e+02  -1.1822688e+01
   1.0400000e+02   1.2959677e+02   8.7297312e+01
   1.0410000e+02  -2.9403226e+01   8.3657312e+01
   1.0420000e+02   2.2659677e+02  -4.7582688e+01
   1.0430000e+02   1.7759677e+02  -3.7622688e+01
   1.0440000e+02   1.4459677e+02   5.6973118e+00
   1.0450000e+02   9.1596774e+01   4.1817312e+01
   1.0460000e+02   6.1596774e+01   4.9017312e+01
   1.0470000e+02   8.5596774e+01  -2.2942688e+01
   1.0480000e+02   1.0059677e+02  -4.5426882e+00
   1.0490000e+02   2.4459677e+02   2.9697312e+01
   1.0500000e+02   1.0359677e+02   6.3337312e+01
   1.0510000e+02  -7.4032258e+00   1.2777312e+01
   1.0520000e+02   1.2559677e+02  -4.9542688e+01
   1.0530000e+02   2.4659677e+02  -3.4382688e+01
   1.0540000e+02  -2.5403226e+01  -8.5026882e+00
   1.0550000e+02   2.0459677e+02  -4.1702688e+01
   1.0560000e+02   1.3659677e+02   3.8017312e+01
   1.0570000e+02   1.0959677e+02  -3.9026882e+00
   1.0580000e+02   1.5959677e+02   4.9097312e+01
   1.0590000e+02   9.7596774e+01  -2.6422688e+01
   1.0600000e+02   1.1459677e+02  -1.5102688e+01
   1.0610000e+02   1.2459677e+02  -6.0502688e+01
   1.0620000e+02   1.6059677e+02   1.1057312e+01
   1.0630000e+02   1.5059677e+02   2.5457312e+01
   1.0640000e+02   1.5259677e+02   1.0377312e+01
   1.0650000e+02   1.6959677e+02  -4.7302688e+01
   1.0660000e+02   2.0159677e+02  -1.3582688e+01
   1.0670000e+02   2.8659677e+02  -5.5982688e+01
   1.0680000e+02   8.3596774e+01  -1.9862688e+01
   1.0690000e+02   1.4759677e+02  -3.4226882e+00
   1.0700000e+02   1.4159677e+02  -3.6182688e+01
   1.0710000e+02  -4.4032258e+00   1.2657312e+01
   1.0720000e+02  -7.4403226e+01   8.6457312e+01
   1.0730000e+02   1.8596774e+01   1.1737312e+01
   1.0740000e+02   1.4596774e+01  -3.4102688e+01
   1.0750000e+02   5.5967742e+00   2.1257312e+01
   1.0760000e+02  -3.9403226e+01  -2.2942688e+01
   1.0770000e+02   1.6596774e+01  -3.4182688e+01
   1.0780000e+02   7.9596774e+01  -2.7702688e+01
   1.0790000e+02   3.5967742e+00   2.4337312e+01
   1.0800000e+02  -1.4032258e+00   7.4537312e+01
   1.0810000e+02  -5.4403226e+01   1.6573118e+00
   1.0820000e+02  -4.4403226e+01  -4.1742688e+01
   1.0830000e+02  -5.4403226e+01   1.2657312e+01
   1.0840000e+02  -2.8403226e+01  -1.5382688e+01
   1.0850000e+02  -2.2403226e+01  -2.7622688e+01
   1.0860000e+02  -5.1403226e+01  -2.1462688e+01
   1.0870000e+02   1.9596774e+01   3.1697312e+01
   1.0880000e+02   5.4596774e+01  -3.4702688e+01
   1.0890000e+02  -8.4403226e+01  -1.2142688e+01
   1.0900000e+02  -4.5403226e+01  -3.7026882e+00
   1.0910000e+02  -9.9403226e+01  -1.3542688e+01
   1.0920000e+02  -2.7403226e+01  -3.0422688e+01
   1.0930000e+02   4.3596774e+01  -1.6262688e+01
   1.0940000e+02   5.5596774e+01   3.2573118e+00
   1.0950000e+02  -2.6403226e+01  -6.2462688e+01
   1.0960000e+02  -1.5403226e+01   3.9097312e+01
   1.0970000e+02  -4.6403226e+01   5.7337312e+01
   1.0980000e+02   5.7596774e+01   2.0177312e+01
   1.0990000e+02  -4.2403226e+01   3.1773118e+00
   1.1000000e+02   6.0596774e+01   3.2057312e+01
   1.1010000e+02  -1.4403226e+01   4.0573118e+00
   1.1020000e+02  -2.2403226e+01  -4.0622688e+01
   1.1030000e+02  -4.6403226e+01  -1.0662688e+01
   1.1040000e+02  -3.1403226e+01   6.7373118e+00
   1.1050000e+02   5.5967742e+00   8.2573118e+00
   1.1060000e+02  -7.6403226e+01  -2.6462688e+01
   1.1070000e+02  -7.1403226e+01   1.0337312e+01
   1.1080000e+02  -5.5403226e+01  -1.0302688e+01
   1.1090000e+02   3.3596774e+01  -1.5862688e+01
   1.1100000e+02   1.3596774e+01   7.2937312e+01
   1.1110000e+02  -5.3403226e+01  -1.9382688e+01
   1.1120000e+02   1.1596774e+01  -3.0982688e+01
   1.1130000e+02   1.5596774e+01  -5.1142688e+01
   1.1140000e+02   3.5967742e+00  -4.3662688e+01
   1.1150000e+02  -4.4032258e+00  -2.9342688e+01
   1.1160000e+02   1.7259677e+02  -2.2422688e+01
   1.1170000e+02  -8.2403226e+01  -3.2222688e+01
   1.1180000e+02  -6.4032258e+00  -1.6262688e+01
   1.1190000e+02   1.0596774e+01  -3.0942688e+01
   1.1200000e+02  -1.1403226e+01  -3.6062688e+01
   1.1210000e+02  -1.1840323e+02  -3.0782688e+01
   1.1220000e+02   6.3596774e+01   2.5937312e+01
   1.1230000e+02   9.8596774e+01   1.2537312e+01
   1.1240000e+02   6.0596774e+01  -6.9426882e+00
   1.1250000e+02   2.8596774e+01  -4.6662688e+01
   1.1260000e+02   3.5967742e+00  -3.3662688e+01
   1.1270000e+02   1.2759677e+02   4.3773118e+00
   1.1280000e+02  -3.0403226e+01   3.6973118e+00
   1.1290000e+02  -1.7403226e+01  -3.7822688e+01
   1.1300000e+02  -1.7403226e+01  -2.8822688e+01
   1.1310000e+02   7.2596774e+01  -5.4226882e+00
   1.1320000e+02   1.3596774e+01  -3.6062688e+01
   1.1330000e+02  -3.2403226e+01  -5.2226882e+00
   1.1340000e+02   6.3596774e+01  -7.0626882e+00
   1.1350000e+02   7.5967742e+00   2.3177312e+01
   1.1360000e+02  -5.8403226e+01  -2.3182688e+01
   1.1370000e+02  -3.0403226e+01  -2.7302688e+01
   1.1380000e+02  -5.0403226e+01   2.3497312e+01
   1.1390000e+02  -7.7403226e+01   3.2577312e+01
   1.1400000e+02  -5.4032258e+00  -4.3026882e+00
   1.1410000e+02   3.3596774e+01  -1.4862688e+01
   1.1420000e+02   1.3596774e+01   9.3731183e-01
   1.1430000e+02  -7.0403226e+01   1.7297312e+01
   1.1440000e+02  -5.7403226e+01  -4.3222688e+01
   1.1450000e+02  -2.6403226e+01   1.5373118e+00
   1.1460000e+02  -9.4032258e+00  -4.6142688e+01
   1.1470000e+02  -1.0403226e+01   2.6897312e+01
   1.1480000e+02   1.1596774e+01  -9.8268817e-01
   1.1490000e+02   4.5967742e+00  -3.1702688e+01
   1.1500000e+02   2.7596774e+01  -3.7622688e+01
   1.1510000e+02   8.5967742e+00  -1.1862688e+01
   1.1520000e+02  -3.6403226e+01  -5.0626882e+00
   1.1530000e+02  -6.4032258e+00  -4.1262688e+01
   1.1540000e+02   2.4596774e+01   3.6497312e+01
   1.1550000e+02  -8.0403226e+01   6.6973118e+00
   1.1560000e+02  -6.3403226e+01  -1.0982688e+01
   1.1570000e+02   8.8596774e+01   5.5937312e+01
   1.1580000e+02  -8.3403226e+01  -2.3182688e+01
   1.1590000e+02   8.3596774e+01   2.6137312e+01
   1.1600000e+02  -9.3403226e+01  -4.7826882e+00
   1.1610000e+02   1.5596774e+01   1.0857312e+01
   1.1620000e+02   6.2596774e+01  -3.7022688e+01
   1.1630000e+02  -1.9403226e+01   1.3257312e+01
   1.1640000e+02  -9.1403226e+01  -3.3862688e+01
   1.1650000e+02  -6.1403226e+01  -1.3062688e+01
   1.1660000e+02  -6.4403226e+01  -8.9426882e+00
   1.1670000e+02  -5.4403226e+01  -2.3426882e+00
   1.1680000e+02   4.3596774e+01  -2.6262688e+01
   1.1690000e+02  -3.7403226e+01  -3.6022688e+01
   1.1700000e+02  -2.2403226e+01  -3.7622688e+01
   1.1710000e+02  -5.4403226e+01  -2.0342688e+01
   1.1720000e+02  -4.0322581e-01  -2.5502688e+01
   1.1730000e+02  -7.7403226e+01  -2.2422688e+01
   1.1740000e+02   1.8596774e+01  -6.2626882e+00
   1.1750000e+02   2.8596774e+01  -3.6662688e+01
   1.1760000e+02  -3.4403226e+01  -3.1142688e+01
   1.1770000e+02   5.7596774e+01   4.1177312e+01
   1.1780000e+02  -3.6403226e+01  -4.8062688e+01
   1.1790000e+02   2.2596774e+01  -7.4226882e+00
   1.1800000e+02  -7.0403226e+01  -7.0268817e-01
   1.1810000e+02  -6.9403226e+01  -1.2742688e+01
   1.1820000e+02  -2.9403226e+01   3.4657312e+01
   1.1830000e+02   5.4596774e+01   3.1297312e+01
   1.1840000e+02   8.7596774e+01  -8.0226882e+00
   1.1850000e+02   8.2596774e+01  -3.8226882e+00
   1.1860000e+02   4.5967742e+00   3.2297312e+01
   1.1870000e+02   4.8596774e+01   5.7537312e+01
   1.1880000e+02   7.6596774e+01  -3.9582688e+01
   1.1890000e+02   4.7596774e+01  -2.7422688e+01
   1.1900000e+02  -8.2403226e+01   3.7773118e+00
   1.1910000e+02   8.3596774e+01   5.1373118e+00
   1.1920000e+02   1.0859677e+02   2.6137312e+01
   1.1930000e+02   1.1659677e+02  -3.4182688e+01
   1.1940000e+02  -4.0322581e-01  -5.2502688e+01
   1.1950000e+02  -4.1403226e+01   3.7137312e+01
   1.1960000e+02   1.0596774e+01   2.9057312e+01
   1.1970000e+02   4.4596774e+01  -3.9302688e+01
   1.1980000e+02   4.5967742e+00  -2.7026882e+00
   1.1990000e+02   2.8596774e+01  -1.8662688e+01
   1.2000000e+02  -4.0403226e+01  -2.0902688e+01
   1.2010000e+02   2.1596774e+01   6.6173118e+00
   1.2020000e+02  -5.0403226e+01  -2.2502688e+01
   1.2030000e+02   8.4596774e+01   7.0973118e+00
   1.2040000e+02  -8.4032258e+00  -2.7182688e+01
   1.2050000e+02   7.1596774e+01   6.6173118e+00
   1.2060000e+02   1.0596774e+01  -1.9942688e+01
   1.2070000e+02   5.5967742e+00   5.2573118e+00
   1.2080000e+02  -4.6403226e+01   2.5337312e+01
   1.2090000e+02  -2.7403226e+01   3.8577312e+01
   1.2100000e+02  -5.6403226e+01  -2.8262688e+01
   1.2110000e+02   1.6596774e+01  -1.8182688e+01
   1.2120000e+02  -1.4032258e+00   1.0537312e+01
   1.2130000e+02  -6.4032258e+00   2.6737312e+01
   1.2140000e+02  -1.7403226e+01  -7.8226882e+00
   1.2150000e+02  -3.0403226e+01  -1.9302688e+01
   1.2160000e+02   5.0596774e+01  -1.2542688e+01
   1.2170000e+02  -5.3403226e+01  -3.8382688e+01
   1.2180000e+02   1.4259677e+02  -2.2226882e+00
   1.2190000e+02  -6.2403226e+01  -1.7022688e+01
   1.2200000e+02  -9.3403226e+01  -4.9782688e+01
   1.2210000e+02   8.2596774e+01   1.8177312e+01
   1.2220000e+02   5.0596774e+01   4.7457312e+01
   1.2230000e+02   1.5967742e+00  -4.5826882e+00
   1.2240000e+02   1.4596774e+01  -2.8102688e+01
   1.2250000e+02   5.5967742e+00   2.2257312e+01
   1.2260000e+02  -6.8403226e+01   3.6217312e+01
   1.2270000e+02   9.2596774e+01   1.1777312e+01
   1.2280000e+02  -7.1403226e+01   3.8337312e+01
   1.2290000e+02  -1.4403226e+01  -9.4268817e-01
   1.2300000e+02  -2.3403226e+01   8.7417312e+01
   1.2310000e+02   1.3059677e+02   1.1925731e+02
   1.2320000e+02   3.5967742e+00  -1.6626882e+00
   1.2330000e+02  -1.5403226e+01  -1.8902688e+01
   1.2340000e+02   4.7596774e+01   6.1577312e+01
   1.2350000e+02   1.5967742e+00   1.1841731e+02
   1.2360000e+02   4.2596774e+01   2.7773118e+00
   1.2370000e+02  -5.7403226e+01   1.3777312e+01
   1.2380000e+02   7.0596774e+01  -2.2342688e+01
   1.2390000e+02  -6.4032258e+00  -1.6262688e+01
   1.2400000e+02   2.5596774e+01   4.5731183e-01
   1.2410000e+02  -6.1403226e+01   6.6937312e+01
   1.2420000e+02   2.5596774e+01   3.2457312e+01
   1.2430000e+02   7.4596774e+01   7.4973118e+00
   1.2440000e+02  -4.4032258e+00  -3.9342688e+01
   1.2450000e+02  -3.4032258e+00   1.6617312e+01
   1.2460000e+02  -4.3403226e+01  -3.7782688e+01
   1.2470000e+02   2.2596774e+01  -5.4226882e+00
   1.2480000e+02  -6.4403226e+01  -2.9426882e+00
   1.2490000e+02  -6.9403226e+01  -3.2742688e+01
   1.2500000e+02  -5.0403226e+01  -1.7502688e+01
   1.2510000e+02   1.8596774e+01  -2.1262688e+01
   1.2520000e+02   3.6596774e+01  -3.9826882e+00
   1.2530000e+02  -4.3403226e+01  -3.2782688e+01
   1.2540000e+02  -6.1403226e+01  -2.0062688e+01
   1.2550000e+02   5.2596774e+01  -3.7622688e+01
   1.2560000e+02  -4.4403226e+01  -2.0742688e+01
   1.2570000e+02  -4.6403226e+01  -2.1662688e+01
   1.2580000e+02  -1.1403226e+01   2.9937312e+01
   1.2590000e+02   3.1596774e+01   4.2217312e+01
   1.2600000e+02   7.8596774e+01   1.6337312e+01
   1.2610000e+02   4.7596774e+01   2.4577312e+01
   1.2620000e+02  -2.7403226e+01  -1.3422688e+01
   1.2630000e+02   1.0259677e+02  -3.2622688e+01
   1.2640000e+02   6.7596774e+01   1.1777312e+01
   1.2650000e+02  -2.8403226e+01  -1.3382688e+01
   1.2660000e+02   1.2596774e+01   2.2977312e+01
   1.2670000e+02   1.9596774e+01   1.3697312e+01
   1.2680000e+02   6.4596774e+01  -2.0102688e+01
   1.2690000e+02   7.4596774e+01  -4.5026882e+00
   1.2700000e+02  -1.7403226e+01  -1.3822688e+01
   1.2710000e+02  -5.4403226e+01   2.6573118e+00
   1.2720000e+02  -1.1403226e+01   3.5937312e+01
   1.2730000e+02  -4.1403226e+01  -2.2862688e+01
   1.2740000e+02  -1.6403226e+01   2.5137312e+01
   1.2750000e+02  -7.2403226e+01  -7.6226882e+00
   1.2760000e+02  -1.2403226e+01  -1.0022688e+01
   1.2770000e+02  -3.2403226e+01  -2.5222688e+01
   1.2780000e+02  -1.1240323e+02  -1.0022688e+01
   1.2790000e+02   2.0596774e+01   4.3657312e+01
   1.2800000e+02   1.1159677e+02   1.2017312e+01
   1.2810000e+02   3.9596774e+01   8.8973118e+00
   1.2820000e+02   1.1659677e+02   7.8173118e+00
   1.2830000e+02  -9.4032258e+00   1.9857312e+01
   1.2840000e+02  -2.1403226e+01  -4.2662688e+01
   1.2850000e+02   2.6596774e+01  -8.5826882e+00
   1.2860000e+02  -1.3403226e+01   7.0017312e+01
   1.2870000e+02  -3.9403226e+01  -1.2942688e+01
   1.2880000e+02   9.1596774e+01   8.1731183e-01
   1.2890000e+02  -7.4032258e+00   1.2777312e+01
   1.2900000e+02  -3.4403226e+01   2.0857312e+01
   1.2910000e+02  -6.1403226e+01   1.9937312e+01
   1.2920000e+02  -5.4403226e+01   3.8657312e+01
   1.2930000e+02   8.5967742e+00  -8.6268817e-01
   1.2940000e+02  -4.0322581e-01   5.9497312e+01
   1.2950000e+02  -7.1403226e+01  -6.6626882e+00
   1.2960000e+02   5.2596774e+01  -4.4622688e+01
   1.2970000e+02  -3.0403226e+01   1.6697312e+01
   1.2980000e+02  -1.9403226e+01   1.6257312e+01
   1.2990000e+02   1.2596774e+01   1.6977312e+01
   1.3000000e+02   1.7596774e+01   5.7777312e+01
   1.3010000e+02   5.2596774e+01   1.3377312e+01
   1.3020000e+02  -4.8403226e+01   1.5417312e+01
   1.3030000e+02  -3.3403226e+01  -6.1826882e+00
   1.3040000e+02   2.7596774e+01  -6.5622688e+01
   1.3050000e+02   9.5967742e+00   2.0097312e+01
   1.3060000e+02   5.7596774e+01   4.4177312e+01
   1.3070000e+02   1.3596774e+01   2.7937312e+01
   1.3080000e+02   3.9596774e+01   2.8973118e+00
   1.3090000e+02  -2.6403226e+01   1.8537312e+01
   1.3100000e+02  -4.0322581e-01   4.6497312e+01
   1.3110000e+02   2.4596774e+01   6.0497312e+01
   1.3120000e+02   4.5967742e+00  -7.7026882e+00
   1.3130000e+02   1.7596774e+01  -3.0222688e+01
   1.3140000e+02  -2.3403226e+01  -4.0582688e+01
   1.3150000e+02  -6.0403226e+01   5.8973118e+00
   1.3160000e+02   1.2359677e+02  -4.4462688e+01
   1.3170000e+02   4.6596774e+01   2.1617312e+01
   1.3180000e+02  -1.4403226e+01   3.4057312e+01
   1.3190000e+02   6.6596774e+01   8.8817312e+01
   1.3200000e+02   6.5967742e+00  -4.7826882e+00
   1.3210000e+02  -9.1403226e+01  -1.4862688e+01
   1.3220000e+02   3.6596774e+01   5.0173118e+00
   1.3230000e+02  -3.2403226e+01   2.9777312e+01
   1.3240000e+02  -1.9403226e+01   2.2257312e+01
   1.3250000e+02   3.8596774e+01  -4.9062688e+01
   1.3260000e+02   1.9596774e+01  -1.8302688e+01
   1.3270000e+02  -7.4403226e+01   3.7457312e+01
   1.3280000e+02   2.9596774e+01   5.2973118e+00
   1.3290000e+02  -3.8403226e+01  -5.6982688e+01
   1.3300000e+02  -4.6403226e+01  -3.1662688e+01
   1.3310000e+02   4.0596774e+01  -5.2142688e+01
   1.3320000e+02   8.8596774e+01  -2.0062688e+01
   1.3330000e+02  -3.0403226e+01  -3.6302688e+01
   1.3340000e+02  -4.4032258e+00   7.6573118e+00
   1.3350000e+02  -7.2403226e+01  -1.3622688e+01
   1.3360000e+02  -4.4403226e+01  -3.9742688e+01
   1.3370000e+02   7.9596774e+01   4.7297312e+01
   1.3380000e+02  -3.6403226e+01   2.9373118e+00
   1.3390000e+02  -4.6403226e+01   3.3373118e+00
   1.3400000e+02  -2.6403226e+01  -3.0462688e+01
   1.3410000e+02   1.4596774e+01  -1.2102688e+01
   1.3420000e+02  -6.5403226e+01  -3.9902688e+01
   1.3430000e+02  -5.4403226e+01   6.5731183e-01
   1.3440000e+02   4.5967742e+00   8.2973118e+00
   1.3450000e+02  -1.2040323e+02  -5.3702688e+01
   1.3460000e+02  -8.3403226e+01  -5.0182688e+01
   1.3470000e+02   6.5967742e+00  -2.5782688e+01
   1.3480000e+02   2.7596774e+01  -3.9622688e+01
   1.3490000e+02  -2.4403226e+01   1.4457312e+01
   1.3500000e+02   5.9596774e+01  -2.3902688e+01
   1.3510000e+02  -9.4403226e+01  -6.7426882e+00
   1.3520000e+02   9.5967742e+00  -3.5902688e+01
   1.3530000e+02  -2.5403226e+01  -5.9502688e+01
   1.3540000e+02   3.9596774e+01  -1.9102688e+01
   1.3550000e+02  -3.6403226e+01  -4.6062688e+01
   1.3560000e+02  -6.7403226e+01  -1.3822688e+01
   1.3570000e+02   3.4596774e+01  -4.3902688e+01
   1.3580000e+02  -3.4403226e+01   2.4857312e+01
   1.3590000e+02   1.1259677e+02   9.7731183e-01
   1.3600000e+02   1.7596774e+01  -1.2226882e+00
   1.3610000e+02  -4.6403226e+01   2.4337312e+01
   1.3620000e+02   3.6596774e+01  -5.2982688e+01
   1.3630000e+02   1.2159677e+02   1.7617312e+01
   1.3640000e+02   4.0596774e+01  -1.5142688e+01
   1.3650000e+02  -1.0740323e+02  -3.2222688e+01
   1.3660000e+02   6.8596774e+01  -1.2626882e+00
   1.3670000e+02   1.9596774e+01   2.0697312e+01
   1.3680000e+02  -6.4032258e+00  -2.6268817e-01
   1.3690000e+02   2.1596774e+01  -4.3382688e+01
   1.3700000e+02   1.1596774e+01   8.3017312e+01
   1.3710000e+02  -8.4032258e+00   6.8173118e+00
   1.3720000e+02   3.3596774e+01   4.0137312e+01
   1.3730000e+02   5.6596774e+01  -2.5782688e+01
   1.3740000e+02   5.3596774e+01   2.1337312e+01
   1.3750000e+02  -2.0403226e+01   5.0297312e+01
   1.3760000e+02  -5.6403226e+01  -5.7262688e+01
   1.3770000e+02   6.5967742e+00   5.1217312e+01
   1.3780000e+02  -1.5403226e+01  -3.9026882e+00
   1.3790000e+02   2.5596774e+01  -3.5426882e+00
   1.3800000e+02   2.0596774e+01   1.1657312e+01
   1.3810000e+02   1.4359677e+02   6.7373118e+00
   1.3820000e+02   2.2596774e+01   1.5773118e+00
   1.3830000e+02  -1.0403226e+01  -1.9102688e+01
   1.3840000e+02  -4.6403226e+01  -4.1662688e+01
   1.3850000e+02  -4.8403226e+01   1.9417312e+01
   1.3860000e+02  -4.8403226e+01   2.0417312e+01
   1.3870000e+02   8.7596774e+01   1.1977312e+01
   1.3880000e+02   5.3596774e+01   1.3337312e+01
   1.3890000e+02   3.0596774e+01  -1.1742688e+01
   1.3900000e+02  -1.4032258e+00  -3.0462688e+01
   1.3910000e+02  -1.8403226e+01  -5.7826882e+00
   1.3920000e+02  -7.4032258e+00  -5.0222688e+01
   1.3930000e+02   1.3759677e+02   3.1977312e+01
   1.3940000e+02  -7.9403226e+01   6.7657312e+01
   1.3950000e+02  -2.6403226e+01  -2.7462688e+01
   1.3960000e+02   5.5967742e+00   3.2257312e+01
   1.3970000e+02   4.6596774e+01  -3.4382688e+01
   1.3980000e+02  -8.4032258e+00   7.8173118e+00
   1.3990000e+02   5.0596774e+01   3.2457312e+01
   1.4000000e+02   1.0059677e+02   2.0457312e+01
   1.4010000e+02   2.9596774e+01   9.1297312e+01
   1.4020000e+02   8.5967742e+00  -2.6862688e+01
   1.4030000e+02   3.3596774e+01  -1.8862688e+01
   1.4040000e+02   2.9596774e+01   2.4297312e+01
   1.4050000e+02  -3.3403226e+01  -2.6182688e+01
   1.4060000e+02  -3.2403226e+01  -9.2226882e+00
   1.4070000e+02   4.2596774e+01  -3.2222688e+01
   1.4080000e+02  -7.4032258e+00   7.7773118e+00
   1.4090000e+02  -9.7403226e+01  -2.5622688e+01
   1.4100000e+02  -8.1403226e+01   1.3737312e+01
   1.4110000e+02  -4.3403226e+01  -3.0782688e+01
   1.4120000e+02  -2.2403226e+01  -4.5622688e+01
   1.4130000e+02  -9.0403226e+01  -1.0902688e+01
   1.4140000e+02   8.0596774e+01  -4.1742688e+01
   1.4150000e+02  -5.7403226e+01  -7.7222688e+01
   1.4160000e+02  -1.9403226e+01  -1.0742688e+01
   1.4170000e+02   1.0459677e+02  -4.5702688e+01
   1.4180000e+02  -4.7403226e+01  -1.4622688e+01
   1.4190000e+02  -9.3403226e+01  -5.7826882e+00
   1.4200000e+02  -4.3403226e+01  -2.3782688e+01
   1.4210000e+02  -6.4032258e+00  -7.2626882e+00
   1.4220000e+02  -3.0403226e+01  -1.6302688e+01
   1.4230000e+02  -5.4403226e+01   3.1657312e+01
   1.4240000e+02   5.7596774e+01  -7.8226882e+00
   1.4250000e+02   6.4596774e+01   4.0897312e+01
   1.4260000e+02   1.5967742e+00   7.4173118e+00
   1.4270000e+02  -5.7403226e+01   6.7773118e+00
   1.4280000e+02   4.5596774e+01  -7.3426882e+00
   1.4290000e+02   4.1596774e+01   1.5817312e+01
   1.4300000e+02  -3.2403226e+01  -4.9222688e+01
   1.4310000e+02   8.5967742e+00   3.1373118e+00
   1.4320000e+02  -7.1403226e+01  -1.8662688e+01
   1.4330000e+02   8.9596774e+01   3.4897312e+01
   1.4340000e+02   5.9677419e-01   5.4573118e+00
   1.4350000e+02  -5.0403226e+01  -7.5026882e+00
   1.4360000e+02   5.4596774e+01   3.7297312e+01
   1.4370000e+02  -7.3403226e+01  -1.9582688e+01
   1.4380000e+02  -4.7403226e+01   4.8377312e+01
   1.4390000e+02   6.4596774e+01   4.8897312e+01
   1.4400000e+02  -4.7403226e+01   8.3773118e+00
   1.4410000e+02  -1.0540323e+02  -1.9302688e+01
   1.4420000e+02  -2.1403226e+01   7.3373118e+00
   1.4430000e+02  -6.3403226e+01   8.0173118e+00
   1.4440000e+02   8.0596774e+01   2.8257312e+01
   1.4450000e+02   1.5967742e+00  -3.7582688e+01
   1.4460000e+02   5.3596774e+01  -2.7662688e+01
   1.4470000e+02   3.8596774e+01  -1.2062688e+01
   1.4480000e+02  -7.2403226e+01   2.7377312e+01
   1.4490000e+02   1.7596774e+01   5.5777312e+01
   1.4500000e+02  -1.0403226e+01  -1.0102688e+01
   1.4510000e+02   5.7596774e+01  -1.1822688e+01
   1.4520000e+02  -3.7403226e+01   3.3977312e+01
   1.4530000e+02   3.6596774e+01   1.9017312e+01
   1.4540000e+02  -3.6403226e+01  -8.0626882e+00
   1.4550000e+02  -2.2403226e+01   1.3037731e+02
   1.4560000e+02   5.7596774e+01   2.0177312e+01
   1.4570000e+02   2.1596774e+01  -2.5382688e+01
   1.4580000e+02   9.5967742e+00   2.2097312e+01
   1.4590000e+02  -6.5403226e+01   3.1097312e+01
   1.4600000e+02  -2.8403226e+01  -1.3826882e+00
   1.4610000e+02   4.8596774e+01  -2.3462688e+01
   1.4620000e+02   1.7596774e+01   5.1777312e+01
   1.4630000e+02   7.1596774e+01  -3.8268817e-01
   1.4640000e+02  -1.0840323e+02  -1.6182688e+01
   1.4650000e+02   3.4596774e+01  -4.9026882e+00
   1.4660000e+02   4.7596774e+01   2.9577312e+01
   1.4670000e+02  -6.4032258e+00   6.2737312e+01
   1.4680000e+02   1.8596774e+01  -3.8262688e+01
   1.4690000e+02   1.5967742e+00   4.4417312e+01
   1.4700000e+02  -4.7403226e+01  -2.0622688e+01
   1.4710000e+02   5.9677419e-01   1.4573118e+00
   1.4720000e+02  -3.7403226e+01   3.9773118e+00
   1.4730000e+02  -6.4032258e+00   9.7373118e+00
   1.4740000e+02   4.0596774e+01  -2.5142688e+01
   1.4750000e+02   6.5967742e+00  -2.7826882e+00
   1.4760000e+02   1.0159677e+02  -6.0582688e+01
   1.4770000e+02  -1.4032258e+00   5.2537312e+01
   1.4780000e+02   2.8596774e+01  -2.9662688e+01
   1.4790000e+02  -9.1403226e+01   2.1137312e+01
   1.4800000e+02   5.7596774e+01  -1.0822688e+01
   1.4810000e+02   3.9596774e+01   5.7897312e+01
   1.4820000e+02  -4.2403226e+01   1.3177312e+01
   1.4830000e+02   1.5159677e+02  -4.1582688e+01
   1.4840000e+02  -4.4403226e+01  -1.6742688e+01
   1.4850000e+02  -6.0403226e+01   3.0897312e+01
   1.4860000e+02   7.5596774e+01   5.4573118e+00
   1.4870000e+02  -6.9403226e+01   1.0325731e+02
   1.4880000e+02   3.7596774e+01  -3.7022688e+01
   1.4890000e+02   5.7596774e+01   1.5177312e+01
   1.4900000e+02  -3.1403226e+01  -4.5262688e+01
   1.4910000e+02   2.7596774e+01   1.8377312e+01
   1.4920000e+02  -1.1403226e+01  -1.1062688e+01
   1.4930000e+02  -5.4032258e+00   5.0697312e+01
   1.4940000e+02  -7.7403226e+01  -5.5422688e+01
   1.4950000e+02  -4.0403226e+01  -1.2902688e+01
   1.4960000e+02  -1.7403226e+01   7.8177312e+01
   1.4970000e+02  -7.4032258e+00  -2.3222688e+01
   1.4980000e+02  -3.0403226e+01  -3.7302688e+01
   1.4990000e+02  -2.8403226e+01   6.0617312e+01
