   0.0000000e+00   3.8147068e+02   1.6964628e+01
   1.0000000e-01   4.2247068e+02   9.9324628e+01
   2.0000000e-01   2.7947068e+02   4.6044628e+01
   3.0000000e-01   2.6447068e+02   4.7644628e+01
   4.0000000e-01   2.3547068e+02   6.1804628e+01
   5.0000000e-01   2.7147068e+02  -2.4635372e+01
   6.0000000e-01   3.6947068e+02   4.9444628e+01
   7.0000000e-01   2.3747068e+02   2.7724628e+01
   8.0000000e-01   2.5047068e+02   2.5204628e+01
   9.0000000e-01   3.4247068e+02   6.6524628e+01
   1.0000000e+00   1.8347068e+02   8.7884628e+01
   1.1000000e+00   3.2947068e+02   7.2044628e+01
   1.2000000e+00   1.8347068e+02   1.8884628e+01
   1.3000000e+00   2.5647068e+02  -3.5372425e-02
   1.4000000e+00   2.4047068e+02  -8.3953724e+00
   1.5000000e+00   3.9247068e+02   1.1752463e+02
   1.6000000e+00   2.2347068e+02   8.0284628e+01
   1.7000000e+00   2.7147068e+02   2.5364628e+01
   1.8000000e+00   2.1647068e+02  -1.0435372e+01
   1.9000000e+00   1.9647068e+02   3.5364628e+01
   2.0000000e+00   2.3447068e+02   9.8446276e+00
   2.1000000e+00   3.5247068e+02   2.3124628e+01
   2.2000000e+00   1.8947068e+02   7.1644628e+01
   2.3000000e+00   3.2947068e+02   1.0904463e+02
   2.4000000e+00   1.2547068e+02  -7.7953724e+00
   2.5000000e+00   2.2047068e+02   9.5404628e+01
   2.6000000e+00   2.8347068e+02  -2.8115372e+01
   2.7000000e+00   2.5047068e+02   7.2046276e+00
   2.8000000e+00   2.7747068e+02   2.0124628e+01
   2.9000000e+00   3.0247068e+02   8.6124628e+01
   3.0000000e+00   1.6447068e+02   9.6644628e+01
   3.1000000e+00   3.8447068e+02  -3.1553724e+00
   3.2000000e+00   1.6847068e+02   5.8484628e+01
   3.3000000e+00   2.1247068e+02   5.5724628e+01
   3.4000000e+00   2.3547068e+02  -1.4195372e+01
   3.5000000e+00   3.1447068e+02   4.0644628e+01
   3.6000000e+00   2.0647068e+02   5.4964628e+01
   3.7000000e+00   3.5147068e+02  -3.6835372e+01
   3.8000000e+00   1.6047068e+02   3.8046276e+00
   3.9000000e+00   2.3247068e+02  -1.0075372e+01
   4.0000000e+00   2.6647068e+02  -4.4435372e+01
   4.1000000e+00   1.4647068e+02   1.1336463e+02
   4.2000000e+00   2.0147068e+02   4.1164628e+01
   4.3000000e+00   1.1547068e+02  -3.9537242e-01
   4.4000000e+00   2.6847068e+02   4.9484628e+01
   4.5000000e+00   2.6147068e+02   2.8764628e+01
   4.6000000e+00   1.1347068e+02   2.8684628e+01
   4.7000000e+00   3.5947068e+02  -1.7155372e+01
   4.8000000e+00   2.3347068e+02   7.3884628e+01
   4.9000000e+00   1.5947068e+02   1.5884463e+02
   5.0000000e+00   3.2447068e+02  -6.7553724e+00
   5.1000000e+00   2.2047068e+02  -3.7595372e+01
   5.2000000e+00   1.6347068e+02   1.8684628e+01
   5.3000000e+00   1.7047068e+02   1.6404628e+01
   5.4000000e+00   2.7047068e+02   1.0440463e+02
   5.5000000e+00   2.8247068e+02  -7.0753724e+00
   5.6000000e+00   1.6447068e+02   4.1644628e+01
   5.7000000e+00   3.4747068e+02   4.7324628e+01
   5.8000000e+00   2.4647068e+02   3.1364628e+01
   5.9000000e+00   1.8447068e+02   4.8844628e+01
   6.0000000e+00   7.8470681e+01   5.1084628e+01
   6.1000000e+00   2.7247068e+02   1.1324628e+01
   6.2000000e+00   3.7447068e+02   1.7244628e+01
   6.3000000e+00   2.7747068e+02   7.1246276e+00
   6.4000000e+00   2.4047068e+02   7.6046276e+00
   6.5000000e+00   1.7147068e+02   1.7436463e+02
   6.6000000e+00   1.3647068e+02   8.1764628e+01
   6.7000000e+00   3.0247068e+02   4.6124628e+01
   6.8000000e+00   3.4947068e+02   9.6244628e+01
   6.9000000e+00   2.0447068e+02  -9.5537242e-01
   7.0000000e+00   2.2347068e+02   1.0428463e+02
   7.1000000e+00   2.9547068e+02   1.7404628e+01
   7.2000000e+00   1.3147068e+02  -3.0353724e+00
   7.3000000e+00   2.8347068e+02   4.7884628e+01
   7.4000000e+00   3.7147068e+02  -2.5635372e+01
   7.5000000e+00   2.3747068e+02   6.9724628e+01
   7.6000000e+00   3.2947068e+02   1.1704463e+02
   7.7000000e+00   3.0347068e+02   6.5084628e+01
   7.8000000e+00   1.2247068e+02   7.5324628e+01
   7.9000000e+00   1.9347068e+02  -2.1515372e+01
   8.0000000e+00   3.8747068e+02   5.5724628e+01
   8.1000000e+00   3.9247068e+02   7.5246276e+00
   8.2000000e+00   1.8947068e+02   2.1644628e+01
   8.3000000e+00   2.5947068e+02   8.4844628e+01
   8.4000000e+00   1.0947068e+02   2.8844628e+01
   8.5000000e+00   1.5347068e+02   2.5084628e+01
   8.6000000e+00   3.2947068e+02   8.8044628e+01
   8.7000000e+00   1.9747068e+02   7.4324628e+01
   8.8000000e+00   3.4447068e+02   8.1444628e+01
   8.9000000e+00   1.7447068e+02   1.2224463e+02
   9.0000000e+00   2.5747068e+02   7.2924628e+01
   9.1000000e+00   2.9647068e+02   7.5364628e+01
   9.2000000e+00   2.8447068e+02   8.7844628e+01
   9.3000000e+00   3.8647068e+02   3.9764628e+01
   9.4000000e+00   2.1447068e+02   4.1644628e+01
   9.5000000e+00   3.6647068e+02   8.5564628e+01
   9.6000000e+00   3.2047068e+02   5.0404628e+01
   9.7000000e+00   1.3547068e+02   7.8804628e+01
   9.8000000e+00   1.5847068e+02   7.0884628e+01
   9.9000000e+00   2.4647068e+02   3.8364628e+01
   1.0000000e+01   3.5547068e+02   8.1004628e+01
   1.0100000e+01   1.8547068e+02   1.0980463e+02
   1.0200000e+01   2.1247068e+02  -1.0275372e+01
   1.0300000e+01   2.6847068e+02   1.4148463e+02
   1.0400000e+01   2.2747068e+02   1.8124628e+01
   1.0500000e+01   1.3747068e+02   1.6724628e+01
   1.0600000e+01   1.4047068e+02   1.1460463e+02
   1.0700000e+01   2.0847068e+02   3.8884628e+01
   1.0800000e+01   2.8247068e+02   4.4924628e+01
   1.0900000e+01   2.8347068e+02   9.8846276e+00
   1.1000000e+01   2.0247068e+02  -2.9875372e+01
   1.1100000e+01   3.0747068e+02   9.2924628e+01
   1.1200000e+01   2.7947068e+02   1.0104463e+02
   1.1300000e+01   2.9847068e+02   1.1284628e+01
   1.1400000e+01   2.0847068e+02   2.2884628e+01
   1.1500000e+01   2.4847068e+02  -3.7153724e+00
   1.1600000e+01   2.2047068e+02   3.7404628e+01
   1.1700000e+01   2.8047068e+02   3.5004628e+01
   1.1800000e+01   1.7047068e+02   7.3404628e+01
   1.1900000e+01   2.8947068e+02   3.6644628e+01
   1.2000000e+01   2.3847068e+02   9.9684628e+01
   1.2100000e+01   2.7047068e+02   5.6404628e+01
   1.2200000e+01   2.5947068e+02   1.8844628e+01
   1.2300000e+01   2.4547068e+02   3.4404628e+01
   1.2400000e+01   1.2347068e+02   1.1228463e+02
   1.2500000e+01   1.6547068e+02  -4.3953724e+00
   1.2600000e+01   2.3647068e+02   4.4764628e+01
   1.2700000e+01   1.4547068e+02   2.4046276e+00
   1.2800000e+01   1.8447068e+02   1.1184463e+02
   1.2900000e+01   2.7747068e+02  -2.2875372e+01
   1.3000000e+01   2.0647068e+02   2.6964628e+01
   1.3100000e+01   1.4747068e+02  -2.6753724e+00
   1.3200000e+01   1.6947068e+02   3.4444628e+01
   1.3300000e+01   1.6947068e+02   5.8444628e+01
   1.3400000e+01   3.0247068e+02   1.1212463e+02
   1.3500000e+01   1.7847068e+02   1.0908463e+02
   1.3600000e+01   2.2747068e+02   5.6124628e+01
   1.3700000e+01   3.4347068e+02  -3.2515372e+01
   1.3800000e+01   1.4547068e+02   6.7404628e+01
   1.3900000e+01   2.3547068e+02   9.8804628e+01
   1.4000000e+01   2.1947068e+02   3.9444628e+01
   1.4100000e+01   2.0647068e+02   4.5964628e+01
   1.4200000e+01   2.0947068e+02   1.5784463e+02
   1.4300000e+01   1.9147068e+02   2.1564628e+01
   1.4400000e+01   2.3347068e+02   5.9884628e+01
   1.4500000e+01   1.7547068e+02   5.8204628e+01
   1.4600000e+01   1.5347068e+02  -7.9153724e+00
   1.4700000e+01   1.3847068e+02   6.2684628e+01
   1.4800000e+01   1.9947068e+02   2.9244628e+01
   1.4900000e+01   7.6470681e+01   9.1646276e+00
   1.5000000e+01   1.4047068e+02   4.1604628e+01
   1.5100000e+01   2.5147068e+02  -7.8353724e+00
   1.5200000e+01   1.6747068e+02   2.2524628e+01
   1.5300000e+01   1.8247068e+02   1.9246276e+00
   1.5400000e+01   1.6547068e+02   1.7604628e+01
   1.5500000e+01   2.7147068e+02   7.4364628e+01
   1.5600000e+01   1.6347068e+02   7.2684628e+01
   1.5700000e+01   3.0047068e+02   5.0204628e+01
   1.5800000e+01   1.2847068e+02   1.6084628e+01
   1.5900000e+01   8.1470681e+01   8.3964628e+01
   1.6000000e+01   2.4547068e+02   2.3404628e+01
   1.6100000e+01   2.0047068e+02  -4.7953724e+00
   1.6200000e+01   8.5470681e+01   7.9804628e+01
   1.6300000e+01   1.9047068e+02   8.7604628e+01
   1.6400000e+01   1.6547068e+02   2.1604628e+01
   1.6500000e+01   3.9547068e+02  -1.0595372e+01
   1.6600000e+01   2.6147068e+02   1.0876463e+02
   1.6700000e+01   2.0647068e+02   1.5096463e+02
   1.6800000e+01   1.9047068e+02  -1.8395372e+01
   1.6900000e+01   1.6747068e+02   6.0524628e+01
   1.7000000e+01   2.3447068e+02   8.7844628e+01
   1.7100000e+01   1.6647068e+02   5.0564628e+01
   1.7200000e+01   3.7847068e+02   1.0208463e+02
   1.7300000e+01   3.5147068e+02   2.6164628e+01
   1.7400000e+01   1.8647068e+02   6.0764628e+01
   1.7500000e+01   5.6470681e+01   1.0996463e+02
   1.7600000e+01   3.2647068e+02   1.1116463e+02
   1.7700000e+01   1.9547068e+02   1.4740463e+02
   1.7800000e+01   2.0747068e+02   4.0924628e+01
   1.7900000e+01   1.5447068e+02   8.0044628e+01
   1.8000000e+01   2.4447068e+02   1.9444628e+01
   1.8100000e+01   2.7447068e+02  -1.4755372e+01
   1.8200000e+01   1.6847068e+02   5.5484628e+01
   1.8300000e+01   2.7347068e+02   6.7284628e+01
   1.8400000e+01   2.5847068e+02   5.0884628e+01
   1.8500000e+01   7.7470681e+01   9.5124628e+01
   1.8600000e+01   2.5347068e+02   2.1084628e+01
   1.8700000e+01   2.2947068e+02  -1.9955372e+01
   1.8800000e+01   1.7847068e+02   3.8084628e+01
   1.8900000e+01   1.3747068e+02   3.0724628e+01
   1.9000000e+01   2.8947068e+02  -1.1355372e+01
   1.9100000e+01   3.9647068e+02   1.1236463e+02
   1.9200000e+01   2.2947068e+02   7.3044628e+01
   1.9300000e+01   4.6470681e+01   4.1364628e+01
   1.9400000e+01   2.3747068e+02   4.6724628e+01
   1.9500000e+01   2.5847068e+02   1.3188463e+02
   1.9600000e+01   2.8747068e+02   1.7724628e+01
   1.9700000e+01   2.5647068e+02   6.1964628e+01
   1.9800000e+01   1.9147068e+02  -1.1435372e+01
   1.9900000e+01   2.4047068e+02   1.4460463e+02
   2.0000000e+01   2.9947068e+02   4.6244628e+01
   2.0100000e+01   3.3147068e+02  -4.0353724e+00
   2.0200000e+01   3.1847068e+02   3.4846276e+00
   2.0300000e+01   2.4847068e+02   1.3928463e+02
   2.0400000e+01   2.1247068e+02   1.5724628e+01
   2.0500000e+01   1.9947068e+02   5.4244628e+01
   2.0600000e+01   2.5747068e+02  -3.4075372e+01
   2.0700000e+01   3.0047068e+02  -1.7953724e+00
   2.0800000e+01   1.1547068e+02   3.7604628e+01
   2.0900000e+01   3.8847068e+02   8.5684628e+01
   2.1000000e+01   4.3547068e+02  -3.6195372e+01
   2.1100000e+01   2.2947068e+02  -8.9553724e+00
   2.1200000e+01   3.0047068e+02  -3.3795372e+01
   2.1300000e+01   2.4447068e+02   2.4444628e+01
   2.1400000e+01   3.4447068e+02   5.6444628e+01
   2.1500000e+01   4.0647068e+02  -5.2035372e+01
   2.1600000e+01   1.1647068e+02   6.0564628e+01
   2.1700000e+01   1.4547068e+02  -1.9595372e+01
   2.1800000e+01   1.1247068e+02   5.3724628e+01
   2.1900000e+01   4.2847068e+02   5.7084628e+01
   2.2000000e+01   2.8447068e+02   6.0844628e+01
   2.2100000e+01   2.9047068e+02  -4.3395372e+01
   2.2200000e+01   3.7447068e+02   8.6244628e+01
   2.2300000e+01   3.6147068e+02   3.1764628e+01
   2.2400000e+01   2.1647068e+02  -2.9435372e+01
   2.2500000e+01   5.1147068e+02  -1.0235372e+01
   2.2600000e+01   2.9447068e+02  -5.3555372e+01
   2.2700000e+01   2.1047068e+02  -2.8195372e+01
   2.2800000e+01   1.0247068e+02  -2.6875372e+01
   2.2900000e+01   1.7147068e+02  -2.2635372e+01
   2.3000000e+01   2.1947068e+02   5.5444628e+01
   2.3100000e+01   1.7047068e+02  -4.0595372e+01
   2.3200000e+01   2.9747068e+02   6.3246276e+00
   2.3300000e+01   2.6547068e+02  -1.7395372e+01
   2.3400000e+01   2.5947068e+02  -1.8155372e+01
   2.3500000e+01   1.8947068e+02   2.7644628e+01
   2.3600000e+01   2.2247068e+02   4.0324628e+01
   2.3700000e+01   1.6547068e+02   1.2604628e+01
   2.3800000e+01   1.9547068e+02  -4.2595372e+01
   2.3900000e+01   4.6470681e+01   4.1364628e+01
   2.4000000e+01   2.1447068e+02   1.7644628e+01
   2.4100000e+01   1.1547068e+02   3.2604628e+01
   2.4200000e+01   2.5547068e+02   2.3004628e+01
   2.4300000e+01   2.4747068e+02  -3.6753724e+00
   2.4400000e+01   2.3247068e+02   1.9246276e+00
   2.4500000e+01   1.7747068e+02   6.0124628e+01
   2.4600000e+01   2.2647068e+02  -2.8353724e+00
   2.4700000e+01   2.6847068e+02  -1.1515372e+01
   2.4800000e+01   2.8447068e+02  -4.1553724e+00
   2.4900000e+01   1.9847068e+02   2.8462758e-01
   2.5000000e+01   3.5047068e+02  -4.3795372e+01
   2.5100000e+01   5.7447068e+02  -2.5755372e+01
   2.5200000e+01   2.2847068e+02   8.0846276e+00
   2.5300000e+01   6.7470681e+01   9.5246276e+00
   2.5400000e+01   1.9647068e+02   1.3646276e+00
   2.5500000e+01   3.0247068e+02  -5.8753724e+00
   2.5600000e+01   1.8347068e+02  -4.3115372e+01
   2.5700000e+01   1.3947068e+02   8.6446276e+00
   2.5800000e+01   2.6347068e+02  -6.3153724e+00
   2.5900000e+01   1.5947068e+02   1.5844628e+01
   2.6000000e+01   1.8547068e+02  -1.6195372e+01
   2.6100000e+01   2.8747068e+02  -4.6275372e+01
   2.6200000e+01   3.4547068e+02  -4.5595372e+01
   2.6300000e+01   2.7147068e+02  -1.2635372e+01
   2.6400000e+01   2.8447068e+02  -2.2155372e+01
   2.6500000e+01   1.4547068e+02  -1.3595372e+01
   2.6600000e+01   3.0547068e+02   6.6004628e+01
   2.6700000e+01   2.3347068e+02   1.5884628e+01
   2.6800000e+01   1.1147068e+02   2.0764628e+01
   2.6900000e+01   3.0647068e+02  -6.2035372e+01
   2.7000000e+01   2.1947068e+02   2.8444628e+01
   2.7100000e+01   1.3347068e+02   1.5884628e+01
   2.7200000e+01   2.7047068e+02   1.4404628e+01
   2.7300000e+01   8.5470681e+01   2.3804628e+01
   2.7400000e+01   3.5947068e+02   1.0884463e+02
   2.7500000e+01   1.9847068e+02   2.8462758e-01
   2.7600000e+01   3.0447068e+02  -6.2955372e+01
   2.7700000e+01   2.1647068e+02  -2.0435372e+01
   2.7800000e+01   2.3147068e+02   4.9646276e+00
   2.7900000e+01   2.0147068e+02   9.4164628e+01
   2.8000000e+01   9.1470681e+01  -4.3537242e-01
   2.8100000e+01   2.4947068e+02  -5.2755372e+01
   2.8200000e+01   2.8447068e+02  -6.5155372e+01
   2.8300000e+01   4.0447068e+02   2.0044628e+01
   2.8400000e+01   2.5047068e+02  -2.2795372e+01
   2.8500000e+01   2.0047068e+02   1.7204628e+01
   2.8600000e+01   3.2747068e+02   4.1246276e+00
   2.8700000e+01   2.9647068e+02   2.3364628e+01
   2.8800000e+01   2.2747068e+02   5.5124628e+01
   2.8900000e+01   2.7747068e+02  -4.8753724e+00
   2.9000000e+01   3.4947068e+02  -3.2755372e+01
   2.9100000e+01   1.2447068e+02   3.2446276e+00
   2.9200000e+01   3.9347068e+02   4.8462758e-01
   2.9300000e+01   4.6247068e+02  -3.2753724e+00
   2.9400000e+01   2.4047068e+02  -1.1395372e+01
   2.9500000e+01   2.6947068e+02  -2.8555372e+01
   2.9600000e+01   1.7047068e+02   9.8404628e+01
   2.9700000e+01   2.3547068e+02  -3.4195372e+01
   2.9800000e+01   2.1747068e+02  -4.7537242e-01
   2.9900000e+01   8.0470681e+01  -3.0995372e+01
   3.0000000e+01   3.2847068e+02   2.2084628e+01
   3.0100000e+01   2.3047068e+02   3.8004628e+01
   3.0200000e+01   2.1847068e+02   3.0484628e+01
   3.0300000e+01   1.3447068e+02   2.3844628e+01
   3.0400000e+01   1.7247068e+02   2.9324628e+01
   3.0500000e+01   2.9747068e+02  -2.3675372e+01
   3.0600000e+01   1.6647068e+02   1.0564628e+01
   3.0700000e+01   2.3747068e+02   2.9724628e+01
   3.0800000e+01   2.5347068e+02   6.4084628e+01
   3.0900000e+01   2.4947068e+02   5.7244628e+01
   3.1000000e+01   2.0947068e+02   2.2844628e+01
   3.1100000e+01   2.1447068e+02   2.3644628e+01
   3.1200000e+01   2.0047068e+02   4.9204628e+01
   3.1300000e+01   4.3847068e+02   5.7684628e+01
   3.1400000e+01   1.8347068e+02  -6.1153724e+00
   3.1500000e+01   1.0447068e+02  -3.9553724e+00
   3.1600000e+01   2.1347068e+02  -3.4315372e+01
   3.1700000e+01   3.1147068e+02   3.7646276e+00
   3.1800000e+01   3.7947068e+02   5.3044628e+01
   3.1900000e+01   4.6347068e+02  -2.8315372e+01
   3.2000000e+01   3.5747068e+02  -1.0075372e+01
   3.2100000e+01   3.0147068e+02   3.9164628e+01
   3.2200000e+01   2.5747068e+02  -3.7075372e+01
   3.2300000e+01   1.7447068e+02  -4.7755372e+01
   3.2400000e+01   1.2747068e+02   5.9124628e+01
   3.2500000e+01   2.1647068e+02  -6.3435372e+01
   3.2600000e+01   2.9747068e+02   1.7324628e+01
   3.2700000e+01   2.1647068e+02  -7.0435372e+01
   3.2800000e+01   2.4947068e+02   2.0244628e+01
   3.2900000e+01   1.9947068e+02  -7.7553724e+00
   3.3000000e+01   5.7347068e+02  -7.1537242e-01
   3.3100000e+01   1.7147068e+02  -2.0635372e+01
   3.3200000e+01   2.4547068e+02   1.2740463e+02
   3.3300000e+01   9.3470681e+01   5.8484628e+01
   3.3400000e+01   8.9470681e+01   4.5644628e+01
   3.3500000e+01   1.1147068e+02  -2.6235372e+01
   3.3600000e+01   1.7847068e+02   9.5084628e+01
   3.3700000e+01   1.8647068e+02  -9.2353724e+00
   3.3800000e+01   2.2847068e+02  -2.6915372e+01
   3.3900000e+01   2.1847068e+02  -4.5153724e+00
   3.4000000e+01   2.2447068e+02  -2.1755372e+01
   3.4100000e+01   1.4747068e+02   9.0324628e+01
   3.4200000e+01   3.4747068e+02  -2.4675372e+01
   3.4300000e+01   5.6470681e+01   4.8964628e+01
   3.4400000e+01   1.5947068e+02  -5.0155372e+01
   3.4500000e+01   2.4947068e+02   6.2446276e+00
   3.4600000e+01   2.7947068e+02  -2.2955372e+01
   3.4700000e+01   2.7747068e+02  -2.6875372e+01
   3.4800000e+01   2.0547068e+02  -3.9995372e+01
   3.4900000e+01   1.4047068e+02   3.1604628e+01
   3.5000000e+01   9.4470681e+01  -9.5553724e+00
   3.5100000e+01   1.5947068e+02  -3.1553724e+00
   3.5200000e+01   1.3347068e+02   5.8846276e+00
   3.5300000e+01   2.2447068e+02  -2.9755372e+01
   3.5400000e+01   2.6247068e+02   3.3724628e+01
   3.5500000e+01   1.5047068e+02   5.2204628e+01
   3.5600000e+01   1.6547068e+02  -2.5395372e+01
   3.5700000e+01   1.7847068e+02  -1.9915372e+01
   3.5800000e+01   1.5047068e+02   7.2046276e+00
   3.5900000e+01   2.9447068e+02   3.1444628e+01
   3.6000000e+01   4.2747068e+02  -2.6875372e+01
   3.6100000e+01   2.0947068e+02  -1.1553724e+00
   3.6200000e+01   1.4447068e+02   2.0444628e+01
   3.6300000e+01  -9.8529319e+01   1.1646276e+00
   3.6400000e+01   2.8470681e+01   6.9084628e+01
   3.6500000e+01   8.9470681e+01  -2.9355372e+01
   3.6600000e+01  -6.8529319e+01   1.2696463e+02
   3.6700000e+01  -1.7529319e+01  -2.0753724e+00
   3.6800000e+01   2.6470681e+01   1.3164628e+01
   3.6900000e+01   6.3470681e+01  -1.8315372e+01
   3.7000000e+01  -2.0529319e+01  -8.9553724e+00
   3.7100000e+01   1.2647068e+02  -2.0835372e+01
   3.7200000e+01   8.8470681e+01  -3.0315372e+01
   3.7300000e+01  -5.4529319e+01   5.4046276e+00
   3.7400000e+01   6.5470681e+01   1.6604628e+01
   3.7500000e+01   4.6470681e+01  -2.3635372e+01
   3.7600000e+01   5.3470681e+01  -1.9153724e+00
   3.7700000e+01  -2.5529319e+01   5.5244628e+01
   3.7800000e+01  -2.6529319e+01  -2.8715372e+01
   3.7900000e+01  -2.6529319e+01  -1.0715372e+01
   3.8000000e+01  -2.3529319e+01   1.3164628e+01
   3.8100000e+01   3.3470681e+01  -3.5115372e+01
   3.8200000e+01   1.2470681e+01   2.8724628e+01
   3.8300000e+01   4.4706815e+00  -6.9553724e+00
   3.8400000e+01   2.4470681e+01   2.4244628e+01
   3.8500000e+01  -7.6529319e+01   9.8284628e+01
   3.8600000e+01   3.3470681e+01   1.3884628e+01
   3.8700000e+01   1.1470681e+01   5.7646276e+00
   3.8800000e+01  -7.5293185e+00   1.5524628e+01
   3.8900000e+01  -6.9529319e+01  -6.1995372e+01
   3.9000000e+01   3.7470681e+01   2.7246276e+00
   3.9100000e+01  -6.7529319e+01   3.7924628e+01
   3.9200000e+01  -7.4529319e+01   8.6204628e+01
   3.9300000e+01  -7.4529319e+01   1.8204628e+01
   3.9400000e+01  -5.8529319e+01  -1.0435372e+01
   3.9500000e+01   5.6470681e+01  -4.1035372e+01
   3.9600000e+01   1.3470681e+01   1.2684628e+01
   3.9700000e+01   8.8470681e+01   5.9684628e+01
   3.9800000e+01  -6.2529319e+01   1.9724628e+01
   3.9900000e+01   8.8470681e+01   5.5684628e+01
   4.0000000e+01   9.2470681e+01   3.9524628e+01
   4.0100000e+01  -1.4552932e+02  -4.9553724e+00
   4.0200000e+01  -4.5293185e+00   3.3404628e+01
   4.0300000e+01  -3.5293185e+00   6.3646276e+00
   4.0400000e+01   1.0647068e+02   3.9646276e+00
   4.0500000e+01   2.2470681e+01  -9.6753724e+00
   4.0600000e+01   8.1470681e+01   1.4964628e+01
   4.0700000e+01   2.3470681e+01   6.2846276e+00
   4.0800000e+01   1.4647068e+02   1.9364628e+01
   4.0900000e+01   8.4706815e+00  -5.9115372e+01
   4.1000000e+01  -1.5293185e+00  -3.2715372e+01
   4.1100000e+01   1.1047068e+02   2.1804628e+01
   4.1200000e+01   5.4470681e+01  -8.9553724e+00
   4.1300000e+01  -8.0529319e+01   2.4444628e+01
   4.1400000e+01   3.1470681e+01   3.3964628e+01
   4.1500000e+01   1.1470681e+01   3.6764628e+01
   4.1600000e+01   3.4706815e+00   6.9084628e+01
   4.1700000e+01  -4.0529319e+01  -2.1553724e+00
   4.1800000e+01   4.1470681e+01   9.5646276e+00
   4.1900000e+01  -3.4529319e+01   3.9604628e+01
   4.2000000e+01  -7.9529319e+01   5.9404628e+01
   4.2100000e+01   5.5470681e+01   2.8004628e+01
   4.2200000e+01   2.1470681e+01  -3.2635372e+01
   4.2300000e+01   3.9470681e+01   8.1644628e+01
   4.2400000e+01  -1.2529319e+01  -1.9275372e+01
   4.2500000e+01   3.0470681e+01   4.0046276e+00
   4.2600000e+01  -8.1529319e+01   3.9484628e+01
   4.2700000e+01  -3.5293185e+00  -2.5635372e+01
   4.2800000e+01   4.7470681e+01   1.9324628e+01
   4.2900000e+01  -2.4529319e+01  -5.7953724e+00
   4.3000000e+01   1.1470681e+01  -3.3235372e+01
   4.3100000e+01  -5.5293185e+00  -5.5553724e+00
   4.3200000e+01   4.0470681e+01  -1.9395372e+01
   4.3300000e+01  -1.0852932e+02   6.7564628e+01
   4.3400000e+01  -3.1529319e+01  -1.2515372e+01
   4.3500000e+01   1.4470681e+01   3.8644628e+01
   4.3600000e+01   6.8470681e+01  -1.3515372e+01
   4.3700000e+01  -7.8529319e+01   5.1364628e+01
   4.3800000e+01  -3.7529319e+01  -1.1275372e+01
   4.3900000e+01   5.0470681e+01   3.2046276e+00
   4.4000000e+01  -5.3529319e+01   1.2536463e+02
   4.4100000e+01   3.7470681e+01  -2.7275372e+01
   4.4200000e+01  -3.2529319e+01   6.3524628e+01
   4.4300000e+01  -3.5293185e+00   3.0364628e+01
   4.4400000e+01   4.3470681e+01   2.5484628e+01
   4.4500000e+01  -4.2529319e+01  -1.2075372e+01
   4.4600000e+01   3.2470681e+01   1.8924628e+01
   4.4700000e+01   2.1347068e+02   1.2168463e+02
   4.4800000e+01   4.4706815e+00  -2.3955372e+01
   4.4900000e+01   2.6470681e+01  -2.4835372e+01
   4.5000000e+01  -4.3529319e+01  -2.9035372e+01
   4.5100000e+01   1.4147068e+02   2.8564628e+01
   4.5200000e+01  -4.4529319e+01   1.0046276e+00
   4.5300000e+01   5.9470681e+01   1.6844628e+01
   4.5400000e+01   1.2547068e+02  -1.7953724e+00
   4.5500000e+01   5.5470681e+01   7.6004628e+01
   4.5600000e+01   8.4706815e+00  -1.6115372e+01
   4.5700000e+01   5.1470681e+01   6.3164628e+01
   4.5800000e+01  -2.5293185e+00   2.6324628e+01
   4.5900000e+01   5.3470681e+01  -5.9153724e+00
   4.6000000e+01  -3.5293185e+00  -3.0635372e+01
   4.6100000e+01   2.3470681e+01  -4.6715372e+01
   4.6200000e+01   8.4470681e+01  -1.0155372e+01
   4.6300000e+01   4.3470681e+01  -4.4515372e+01
   4.6400000e+01  -5.5293185e+00  -2.9555372e+01
   4.6500000e+01   5.6470681e+01   9.6462758e-01
   4.6600000e+01  -2.3529319e+01   3.2164628e+01
   4.6700000e+01   7.2470681e+01  -6.6753724e+00
   4.6800000e+01   2.5470681e+01   7.2046276e+00
   4.6900000e+01   1.3470681e+01   1.0684628e+01
   4.7000000e+01   1.4747068e+02   2.3246276e+00
   4.7100000e+01  -5.5293185e+00   3.3444628e+01
   4.7200000e+01   5.4706815e+00  -5.9953724e+00
   4.7300000e+01  -6.5293185e+00   2.3484628e+01
   4.7400000e+01   2.4706815e+00  -1.0875372e+01
   4.7500000e+01   2.8470681e+01  -1.8915372e+01
   4.7600000e+01  -1.9529319e+01   1.0600463e+02
   4.7700000e+01  -5.8529319e+01   5.9564628e+01
   4.7800000e+01   1.0547068e+02   1.2004628e+01
   4.7900000e+01  -4.1529319e+01   4.4884628e+01
   4.8000000e+01   1.7047068e+02  -1.4595372e+01
   4.8100000e+01  -1.4529319e+01   4.6804628e+01
   4.8200000e+01   6.6470681e+01  -2.9435372e+01
   4.8300000e+01   7.1470681e+01  -3.6353724e+00
   4.8400000e+01  -4.0529319e+01  -1.9155372e+01
   4.8500000e+01   6.7470681e+01  -3.0475372e+01
   4.8600000e+01  -4.0529319e+01   1.9844628e+01
   4.8700000e+01  -8.5293185e+00   1.6456463e+02
   4.8800000e+01  -5.8529319e+01   8.5646276e+00
   4.8900000e+01   6.1470681e+01   4.6764628e+01
   4.9000000e+01   1.8470681e+01  -5.5153724e+00
   4.9100000e+01   5.7470681e+01  -2.5075372e+01
   4.9200000e+01   8.4706815e+00   5.9884628e+01
   4.9300000e+01   1.3470681e+01   2.8684628e+01
   4.9400000e+01   6.5470681e+01   8.6046276e+00
   4.9500000e+01  -3.8529319e+01   7.7646276e+00
   4.9600000e+01   4.2470681e+01  -1.2475372e+01
   4.9700000e+01  -2.6529319e+01   4.0284628e+01
   4.9800000e+01  -1.2529319e+01  -1.7275372e+01
   4.9900000e+01   9.2470681e+01  -2.4475372e+01
   5.0000000e+01   1.1547068e+02   1.6046276e+00
   5.0100000e+01   2.0470681e+01   4.6404628e+01
   5.0200000e+01  -6.9529319e+01  -2.3995372e+01
   5.0300000e+01   1.0147068e+02   4.6164628e+01
   5.0400000e+01  -4.5293185e+00   1.2404628e+01
   5.0500000e+01   1.8470681e+01   7.6484628e+01
   5.0600000e+01  -2.5293185e+00  -2.2675372e+01
   5.0700000e+01  -5.2931854e-01   4.0244628e+01
   5.0800000e+01  -6.4529319e+01   6.5804628e+01
   5.0900000e+01  -1.6529319e+01  -7.1153724e+00
   5.1000000e+01   6.2470681e+01  -7.4275372e+01
   5.1100000e+01   4.3470681e+01  -8.5153724e+00
   5.1200000e+01  -1.5293185e+00  -6.7153724e+00
   5.1300000e+01  -5.8529319e+01  -4.4353724e+00
   5.1400000e+01   4.4470681e+01   5.7444628e+01
   5.1500000e+01   4.2470681e+01   1.5246276e+00
   5.1600000e+01   2.9470681e+01  -2.3955372e+01
   5.1700000e+01   3.8470681e+01   4.0684628e+01
   5.1800000e+01   1.5470681e+01  -9.3953724e+00
   5.1900000e+01  -1.2529319e+01  -4.5275372e+01
   5.2000000e+01   5.9470681e+01   8.4844628e+01
   5.2100000e+01   2.4706815e+00  -2.8753724e+00
   5.2200000e+01   8.6470681e+01  -1.2235372e+01
   5.2300000e+01  -2.5293185e+00   4.3246276e+00
   5.2400000e+01   6.6470681e+01  -3.8435372e+01
   5.2500000e+01   8.9470681e+01   1.3644628e+01
   5.2600000e+01   3.7470681e+01   4.5724628e+01
   5.2700000e+01  -9.3529319e+01   2.5964628e+01
   5.2800000e+01   3.7470681e+01   3.0724628e+01
   5.2900000e+01  -3.5293185e+00  -7.6353724e+00
   5.3000000e+01  -2.4529319e+01   2.2204628e+01
   5.3100000e+01   1.2347068e+02  -3.5715372e+01
   5.3200000e+01   1.0147068e+02   1.9164628e+01
   5.3300000e+01   5.8470681e+01   5.8846276e+00
   5.3400000e+01  -1.2529319e+01   6.2724628e+01
   5.3500000e+01  -6.6529319e+01   5.8846276e+00
   5.3600000e+01  -2.1529319e+01  -5.0915372e+01
   5.3700000e+01  -6.7529319e+01  -3.4075372e+01
   5.3800000e+01   6.9470681e+01  -2.0555372e+01
   5.3900000e+01  -3.2529319e+01  -7.4753724e+00
   5.4000000e+01   6.4470681e+01  -1.7355372e+01
   5.4100000e+01   9.3470681e+01  -3.4515372e+01
   5.4200000e+01  -2.7529319e+01  -1.5675372e+01
   5.4300000e+01   3.1470681e+01  -5.0353724e+00
   5.4400000e+01  -7.6529319e+01   5.5284628e+01
   5.4500000e+01   2.4706815e+00   9.1246276e+00
   5.4600000e+01   4.2470681e+01   6.0524628e+01
   5.4700000e+01  -5.2529319e+01  -2.4675372e+01
   5.4800000e+01   1.0470681e+01   2.1804628e+01
   5.4900000e+01  -3.5293185e+00   1.9364628e+01
   5.5000000e+01  -2.3529319e+01  -2.2835372e+01
   5.5100000e+01  -1.2529319e+01   7.2462758e-01
   5.5200000e+01   1.6847068e+02  -5.2515372e+01
   5.5300000e+01  -5.6529319e+01   9.4484628e+01
   5.5400000e+01  -5.9529319e+01   4.6046276e+00
   5.5500000e+01   8.3470681e+01  -2.3115372e+01
   5.5600000e+01  -1.5529319e+01   4.8446276e+00
   5.5700000e+01  -8.5293185e+00   3.4564628e+01
   5.5800000e+01   4.7068146e-01  -8.7953724e+00
   5.5900000e+01   5.8470681e+01   2.2884628e+01
   5.6000000e+01  -9.0529319e+01  -3.7155372e+01
   5.6100000e+01  -7.1529319e+01  -2.0915372e+01
   5.6200000e+01  -1.9529319e+01   2.0046276e+00
   5.6300000e+01   1.1470681e+01  -3.2353724e+00
   5.6400000e+01  -3.2529319e+01   1.3524628e+01
   5.6500000e+01  -1.5293185e+00  -4.7153724e+00
   5.6600000e+01  -7.5293185e+00  -6.4753724e+00
   5.6700000e+01   6.1470681e+01  -2.5235372e+01
   5.6800000e+01   7.4706815e+00  -2.3075372e+01
   5.6900000e+01   3.9470681e+01   1.1644628e+01
   5.7000000e+01   4.7068146e-01   1.4204628e+01
   5.7100000e+01   7.1470681e+01  -1.0635372e+01
   5.7200000e+01  -7.5293185e+00   6.5246276e+00
   5.7300000e+01  -8.8529319e+01   3.1764628e+01
   5.7400000e+01  -2.5293185e+00  -3.8675372e+01
   5.7500000e+01   7.7470681e+01   5.8124628e+01
   5.7600000e+01   1.5470681e+01   5.2604628e+01
   5.7700000e+01   7.3470681e+01   6.7284628e+01
   5.7800000e+01  -2.3529319e+01  -1.0835372e+01
   5.7900000e+01  -9.5293185e+00   5.6046276e+00
   5.8000000e+01  -8.0529319e+01  -1.4555372e+01
   5.8100000e+01  -6.5293185e+00   4.4484628e+01
   5.8200000e+01   4.8470681e+01   4.2284628e+01
   5.8300000e+01  -7.3529319e+01  -3.6835372e+01
   5.8400000e+01   3.3470681e+01   3.9884628e+01
   5.8500000e+01  -2.1529319e+01   6.9084628e+01
   5.8600000e+01  -9.7529319e+01   4.7124628e+01
   5.8700000e+01   2.4706815e+00  -2.0875372e+01
   5.8800000e+01  -2.5293185e+00   2.9324628e+01
   5.8900000e+01   1.6470681e+01  -2.7435372e+01
   5.9000000e+01   1.8347068e+02   1.8884628e+01
   5.9100000e+01   6.7470681e+01  -2.2475372e+01
   5.9200000e+01  -8.7529319e+01   4.0724628e+01
   5.9300000e+01   5.6470681e+01   7.9646276e+00
   5.9400000e+01  -6.6529319e+01  -6.1153724e+00
   5.9500000e+01   7.2470681e+01   2.5324628e+01
   5.9600000e+01   9.8470681e+01   1.2846276e+00
   5.9700000e+01  -2.9529319e+01   2.8404628e+01
   5.9800000e+01   1.2147068e+02   1.2836463e+02
   5.9900000e+01  -4.3529319e+01   1.2964628e+01
   6.0000000e+01   7.1470681e+01  -2.3635372e+01
   6.0100000e+01   3.4470681e+01   2.4844628e+01
   6.0200000e+01   1.9647068e+02   1.2364628e+01
   6.0300000e+01   7.3470681e+01  -5.9715372e+01
   6.0400000e+01  -1.5293185e+00  -3.3715372e+01
   6.0500000e+01   2.3470681e+01   1.0284628e+01
   6.0600000e+01   1.2470681e+01  -2.4275372e+01
   6.0700000e+01  -1.1529319e+01  -3.3153724e+00
   6.0800000e+01   6.2470681e+01  -4.5275372e+01
   6.0900000e+01  -2.5529319e+01   1.5244628e+01
   6.1000000e+01  -5.7529319e+01  -2.4753724e+00
   6.1100000e+01   1.7470681e+01  -1.7475372e+01
   6.1200000e+01   1.1247068e+02   3.4724628e+01
   6.1300000e+01  -4.3529319e+01   9.6462758e-01
   6.1400000e+01   7.0470681e+01   1.0940463e+02
   6.1500000e+01   3.6470681e+01  -1.8235372e+01
   6.1600000e+01   8.6470681e+01   3.0764628e+01
   6.1700000e+01   4.0470681e+01   5.0604628e+01
   6.1800000e+01  -1.3152932e+02   9.4846276e+00
   6.1900000e+01   1.2047068e+02  -3.1595372e+01
   6.2000000e+01   7.7470681e+01   9.1246276e+00
   6.2100000e+01  -1.2529319e+01   9.2724628e+01
   6.2200000e+01   2.0470681e+01  -2.2595372e+01
   6.2300000e+01   1.1470681e+01  -4.1235372e+01
   6.2400000e+01  -1.5529319e+01   7.8446276e+00
   6.2500000e+01   2.3470681e+01  -7.1537242e-01
   6.2600000e+01   1.0547068e+02  -2.3995372e+01
   6.2700000e+01  -1.2529319e+01   1.2272463e+02
   6.2800000e+01   1.9147068e+02   7.7564628e+01
   6.2900000e+01   1.8547068e+02  -8.4195372e+01
   6.3000000e+01   5.8470681e+01   1.0884628e+01
   6.3100000e+01   7.1470681e+01   1.3646276e+00
   6.3200000e+01  -4.3529319e+01   4.9964628e+01
   6.3300000e+01   2.5470681e+01   5.5204628e+01
   6.3400000e+01  -7.5293185e+00  -5.4753724e+00
   6.3500000e+01   3.5470681e+01  -5.5195372e+01
   6.3600000e+01   4.9470681e+01   2.2446276e+00
   6.3700000e+01  -1.8529319e+01  -3.5372425e-02
   6.3800000e+01   1.7470681e+01  -3.1475372e+01
   6.3900000e+01  -1.4529319e+01  -1.2195372e+01
   6.4000000e+01   3.8470681e+01  -8.3153724e+00
   6.4100000e+01   6.2470681e+01  -2.7275372e+01
   6.4200000e+01   6.1470681e+01  -2.0235372e+01
   6.4300000e+01   4.3470681e+01  -3.0515372e+01
   6.4400000e+01   7.5470681e+01   5.6204628e+01
   6.4500000e+01   4.7470681e+01   5.8324628e+01
   6.4600000e+01  -9.5293185e+00   2.9604628e+01
   6.4700000e+01  -4.5293185e+00  -3.1595372e+01
   6.4800000e+01  -2.3529319e+01   2.1646276e+00
   6.4900000e+01   6.8470681e+01   3.4846276e+00
   6.5000000e+01  -5.1529319e+01  -2.2715372e+01
   6.5100000e+01  -1.4529319e+01  -9.1953724e+00
   6.5200000e+01   2.4706815e+00  -1.9875372e+01
   6.5300000e+01   4.8470681e+01   1.0284628e+01
   6.5400000e+01   3.8470681e+01   3.7684628e+01
   6.5500000e+01   3.4470681e+01  -6.1553724e+00
   6.5600000e+01  -5.2529319e+01   6.3324628e+01
   6.5700000e+01  -2.4529319e+01   1.6204628e+01
   6.5800000e+01  -4.2529319e+01  -3.0075372e+01
   6.5900000e+01   3.8470681e+01  -4.3315372e+01
   6.6000000e+01   6.6470681e+01  -5.9435372e+01
   6.6100000e+01   4.4706815e+00   1.7044628e+01
   6.6200000e+01   2.0470681e+01   8.6404628e+01
   6.6300000e+01  -7.2529319e+01  -8.4875372e+01
   6.6400000e+01  -5.6529319e+01   5.4846276e+00
   6.6500000e+01  -4.8529319e+01  -1.6835372e+01
   6.6600000e+01  -6.9529319e+01   3.6004628e+01
   6.6700000e+01   8.4706815e+00   2.8846276e+00
   6.6800000e+01  -4.6529319e+01  -4.6915372e+01
   6.6900000e+01   1.5747068e+02   2.9246276e+00
   6.7000000e+01   4.7068146e-01  -3.7795372e+01
   6.7100000e+01  -2.2529319e+01  -1.8875372e+01
   6.7200000e+01   3.7470681e+01   1.0724628e+01
   6.7300000e+01   4.0470681e+01   1.3604628e+01
   6.7400000e+01  -4.2529319e+01  -1.6075372e+01
   6.7500000e+01  -2.8529319e+01  -1.5635372e+01
   6.7600000e+01  -5.4529319e+01   9.4046276e+00
   6.7700000e+01   1.2470681e+01  -9.2753724e+00
   6.7800000e+01   3.3470681e+01  -2.3115372e+01
   6.7900000e+01   3.6470681e+01  -4.7235372e+01
   6.8000000e+01  -7.4529319e+01  -1.9795372e+01
   6.8100000e+01  -4.4529319e+01   7.0004628e+01
   6.8200000e+01   1.1447068e+02  -7.3553724e+00
   6.8300000e+01  -3.5293185e+00  -7.4635372e+01
   6.8400000e+01  -7.2529319e+01   9.1246276e+00
   6.8500000e+01  -2.8529319e+01   2.0364628e+01
   6.8600000e+01  -6.8529319e+01  -5.3035372e+01
   6.8700000e+01  -9.5293185e+00  -4.3395372e+01
   6.8800000e+01  -9.7529319e+01  -1.8753724e+00
   6.8900000e+01  -6.5529319e+01  -5.1553724e+00
   6.9000000e+01  -6.4529319e+01   3.2804628e+01
   6.9100000e+01  -1.2529319e+01  -3.2275372e+01
   6.9200000e+01   6.4706815e+00   2.1964628e+01
   6.9300000e+01  -6.1529319e+01  -8.3153724e+00
   6.9400000e+01  -7.4529319e+01   5.2046276e+00
   6.9500000e+01  -6.3529319e+01  -5.0235372e+01
   6.9600000e+01   1.7470681e+01  -2.9475372e+01
   6.9700000e+01  -6.5529319e+01  -2.7155372e+01
   6.9800000e+01   3.5470681e+01  -4.8195372e+01
   6.9900000e+01   1.0747068e+02  -4.1075372e+01
   7.0000000e+01   1.2947068e+02   2.4044628e+01
   7.0100000e+01   9.4706815e+00  -3.1553724e+00
   7.0200000e+01  -9.5293185e+00  -8.3953724e+00
   7.0300000e+01   3.5470681e+01  -1.5195372e+01
   7.0400000e+01   6.5470681e+01   6.6046276e+00
   7.0500000e+01  -9.1529319e+01  -1.8115372e+01
   7.0600000e+01  -5.3529319e+01  -3.7635372e+01
   7.0700000e+01   1.1047068e+02   2.8046276e+00
   7.0800000e+01   2.0470681e+01  -1.0595372e+01
   7.0900000e+01   4.7068146e-01   5.9204628e+01
   7.1000000e+01   1.0447068e+02  -4.6955372e+01
   7.1100000e+01   3.6470681e+01  -3.0235372e+01
   7.1200000e+01  -6.6529319e+01  -1.3115372e+01
   7.1300000e+01   8.4706815e+00  -3.5115372e+01
   7.1400000e+01  -7.1529319e+01  -1.7915372e+01
   7.1500000e+01   1.2470681e+01  -2.6275372e+01
   7.1600000e+01  -7.6529319e+01  -3.7715372e+01
   7.1700000e+01   1.5047068e+02   2.9204628e+01
   7.1800000e+01   1.4706815e+00  -5.1835372e+01
   7.1900000e+01   1.5470681e+01  -7.3953724e+00
   7.2000000e+01  -3.5293185e+00   1.6364628e+01
   7.2100000e+01  -1.0529319e+01   2.5644628e+01
   7.2200000e+01   3.0470681e+01   6.3004628e+01
   7.2300000e+01   9.7470681e+01  -1.5675372e+01
   7.2400000e+01   4.1470681e+01   7.5646276e+00
   7.2500000e+01   1.7470681e+01   8.5246276e+00
   7.2600000e+01   4.4706815e+00  -1.6955372e+01
   7.2700000e+01  -9.3529319e+01  -3.3035372e+01
   7.2800000e+01  -5.1529319e+01   2.3284628e+01
   7.2900000e+01  -1.3529319e+01  -4.4235372e+01
   7.3000000e+01  -5.1529319e+01  -3.7153724e+00
   7.3100000e+01   7.5470681e+01   1.5204628e+01
   7.3200000e+01   4.9470681e+01  -4.1755372e+01
   7.3300000e+01   3.5470681e+01  -8.1953724e+00
   7.3400000e+01   7.3470681e+01  -6.7715372e+01
   7.3500000e+01  -1.4552932e+02   1.1044628e+01
   7.3600000e+01  -7.4529319e+01  -1.0795372e+01
   7.3700000e+01   2.9470681e+01   1.1044628e+01
   7.3800000e+01  -5.5529319e+01   5.5444628e+01
   7.3900000e+01   1.5547068e+02   3.0046276e+00
   7.4000000e+01   7.8470681e+01   1.4084628e+01
   7.4100000e+01  -1.7529319e+01   4.9246276e+00
   7.4200000e+01  -3.8529319e+01  -3.4235372e+01
   7.4300000e+01  -4.4529319e+01   1.3004628e+01
   7.4400000e+01   2.8470681e+01  -8.9153724e+00
   7.4500000e+01   4.0470681e+01   3.1604628e+01
   7.4600000e+01   2.9470681e+01   5.2044628e+01
   7.4700000e+01  -1.1529319e+01  -2.9315372e+01
   7.4800000e+01  -4.4529319e+01   4.5004628e+01
   7.4900000e+01  -8.2529319e+01  -4.4475372e+01
   7.5000000e+01   3.4470681e+01   3.5844628e+01
   7.5100000e+01   2.2470681e+01   8.3246276e+00
   7.5200000e+01   5.1470681e+01  -4.9835372e+01
   7.5300000e+01  -6.7529319e+01   3.7924628e+01
   7.5400000e+01  -7.1529319e+01  -4.2915372e+01
   7.5500000e+01   9.4706815e+00   4.3844628e+01
   7.5600000e+01   1.3470681e+01   5.8684628e+01
   7.5700000e+01   3.5470681e+01   1.3804628e+01
   7.5800000e+01   7.7470681e+01   3.9124628e+01
   7.5900000e+01   4.4470681e+01  -9.5553724e+00
   7.6000000e+01   2.1470681e+01   3.5364628e+01
   7.6100000e+01  -6.0529319e+01   1.1644628e+01
   7.6200000e+01   2.7470681e+01   9.0124628e+01
   7.6300000e+01  -1.8529319e+01  -2.1035372e+01
   7.6400000e+01   3.6470681e+01   5.1764628e+01
   7.6500000e+01  -3.4529319e+01   3.9604628e+01
   7.6600000e+01   1.0470681e+01   6.8804628e+01
   7.6700000e+01   9.4706815e+00   4.8446276e+00
   7.6800000e+01  -2.4529319e+01   4.6204628e+01
   7.6900000e+01  -3.6529319e+01   6.2684628e+01
   7.7000000e+01  -1.6529319e+01  -9.1153724e+00
   7.7100000e+01   4.2470681e+01  -1.2475372e+01
   7.7200000e+01  -2.8529319e+01   5.1364628e+01
   7.7300000e+01   7.9470681e+01  -3.1955372e+01
   7.7400000e+01  -3.8529319e+01  -1.3235372e+01
   7.7500000e+01  -8.5529319e+01   1.6446276e+00
   7.7600000e+01  -8.0529319e+01   5.4444628e+01
   7.7700000e+01   3.8470681e+01   3.6684628e+01
   7.7800000e+01  -4.8529319e+01  -9.8353724e+00
   7.7900000e+01  -2.0529319e+01  -3.2955372e+01
   7.8000000e+01  -9.0529319e+01   3.2844628e+01
   7.8100000e+01  -7.5293185e+00  -2.4475372e+01
   7.8200000e+01   1.4470681e+01  -1.5355372e+01
   7.8300000e+01  -8.5293185e+00   1.3564628e+01
   7.8400000e+01  -1.6529319e+01   2.8846276e+00
   7.8500000e+01  -3.5529319e+01  -2.2355372e+01
   7.8600000e+01  -2.7529319e+01  -1.0675372e+01
   7.8700000e+01   1.9470681e+01  -3.4555372e+01
   7.8800000e+01  -1.0529319e+01  -2.1355372e+01
   7.8900000e+01   2.3470681e+01  -2.0715372e+01
   7.9000000e+01   5.9470681e+01  -5.2155372e+01
   7.9100000e+01  -2.2529319e+01   2.4124628e+01
   7.9200000e+01  -3.2529319e+01   1.4524628e+01
   7.9300000e+01  -9.2529319e+01  -7.0753724e+00
   7.9400000e+01  -8.6529319e+01  -1.3315372e+01
   7.9500000e+01   6.9470681e+01  -1.3555372e+01
   7.9600000e+01  -3.5529319e+01   2.2644628e+01
   7.9700000e+01  -5.5293185e+00   2.0444628e+01
   7.9800000e+01  -8.5293185e+00  -2.9435372e+01
   7.9900000e+01   1.4706815e+00  -6.0835372e+01
   8.0000000e+01  -8.2529319e+01   6.8524628e+01
   8.0100000e+01  -6.0529319e+01  -4.8355372e+01
   8.0200000e+01  -3.2529319e+01  -1.7475372e+01
   8.0300000e+01   1.1470681e+01  -5.2235372e+01
   8.0400000e+01  -1.2529319e+01   2.7724628e+01
   8.0500000e+01  -1.3529319e+01  -7.2353724e+00
   8.0600000e+01  -5.3529319e+01   5.9364628e+01
   8.0700000e+01   6.4706815e+00   1.9646276e+00
   8.0800000e+01  -6.7529319e+01  -4.0753724e+00
   8.0900000e+01  -5.2931854e-01   3.2244628e+01
   8.1000000e+01  -9.5293185e+00  -5.6395372e+01
   8.1100000e+01   1.1547068e+02   3.9604628e+01
   8.1200000e+01   1.1470681e+01  -4.0235372e+01
   8.1300000e+01  -1.4529319e+01  -1.0419537e+02
   8.1400000e+01  -3.5293185e+00  -1.2635372e+01
   8.1500000e+01  -3.9529319e+01  -3.7195372e+01
   8.1600000e+01  -1.1529319e+01  -4.0315372e+01
   8.1700000e+01  -3.7529319e+01  -4.5275372e+01
   8.1800000e+01  -8.3529319e+01   2.5646276e+00
   8.1900000e+01  -5.9529319e+01  -2.6395372e+01
   8.2000000e+01  -4.0529319e+01   5.8446276e+00
   8.2100000e+01   1.2470681e+01  -4.4275372e+01
   8.2200000e+01   2.5470681e+01  -7.8795372e+01
   8.2300000e+01   4.7470681e+01  -1.7675372e+01
   8.2400000e+01  -6.6529319e+01  -1.7115372e+01
   8.2500000e+01   3.2470681e+01  -3.8075372e+01
   8.2600000e+01  -4.6529319e+01  -8.9153724e+00
   8.2700000e+01  -8.2529319e+01  -1.4753724e+00
   8.2800000e+01   2.4706815e+00  -5.5875372e+01
   8.2900000e+01   4.2470681e+01   1.9524628e+01
   8.3000000e+01  -7.7529319e+01  -4.6675372e+01
   8.3100000e+01   4.4470681e+01  -1.0555372e+01
   8.3200000e+01   8.4706815e+00   5.7884628e+01
   8.3300000e+01  -7.8529319e+01   1.3646276e+00
   8.3400000e+01   5.2470681e+01   8.1246276e+00
   8.3500000e+01  -2.4529319e+01   2.2046276e+00
   8.3600000e+01   7.4706815e+00  -5.8075372e+01
   8.3700000e+01  -4.5529319e+01  -1.6955372e+01
   8.3800000e+01   1.6470681e+01  -2.1435372e+01
   8.3900000e+01   1.5747068e+02  -7.9075372e+01
   8.4000000e+01   3.1470681e+01  -1.1035372e+01
   8.4100000e+01   2.7470681e+01   1.7124628e+01
   8.4200000e+01  -8.7529319e+01   2.0724628e+01
   8.4300000e+01  -2.0529319e+01   4.0446276e+00
   8.4400000e+01  -3.0529319e+01   8.4444628e+01
   8.4500000e+01   6.4706815e+00  -4.8035372e+01
   8.4600000e+01  -2.5293185e+00  -2.8675372e+01
   8.4700000e+01   3.4470681e+01   9.4844628e+01
   8.4800000e+01  -6.3529319e+01  -2.9235372e+01
   8.4900000e+01  -1.6529319e+01  -7.4115372e+01
   8.5000000e+01  -2.9529319e+01  -4.8595372e+01
   8.5100000e+01  -5.5529319e+01   1.1444628e+01
   8.5200000e+01  -5.8529319e+01   3.2564628e+01
   8.5300000e+01  -5.7529319e+01  -1.6475372e+01
   8.5400000e+01   6.8470681e+01  -2.5515372e+01
   8.5500000e+01   2.1470681e+01   1.4364628e+01
   8.5600000e+01   6.4470681e+01  -8.3553724e+00
   8.5700000e+01  -5.6529319e+01   8.4846276e+00
   8.5800000e+01   4.9470681e+01   3.0244628e+01
   8.5900000e+01  -6.9529319e+01  -4.7995372e+01
   8.6000000e+01  -1.6529319e+01  -1.2115372e+01
   8.6100000e+01   3.2470681e+01  -8.0753724e+00
   8.6200000e+01  -5.2529319e+01  -3.5675372e+01
   8.6300000e+01  -1.7529319e+01  -4.4075372e+01
   8.6400000e+01  -4.9529319e+01  -1.5795372e+01
   8.6500000e+01   6.5470681e+01  -6.5395372e+01
   8.6600000e+01   1.9470681e+01  -1.5553724e+00
   8.6700000e+01   4.4706815e+00  -3.9955372e+01
   8.6800000e+01  -8.0529319e+01  -5.4555372e+01
   8.6900000e+01  -8.0529319e+01   5.4446276e+00
   8.7000000e+01  -9.5293185e+00  -5.3395372e+01
   8.7100000e+01  -8.1529319e+01  -5.5153724e+00
   8.7200000e+01  -2.0529319e+01  -3.1955372e+01
   8.7300000e+01  -3.9529319e+01   4.7804628e+01
   8.7400000e+01  -3.6529319e+01  -4.5315372e+01
   8.7500000e+01  -1.3529319e+01  -3.3235372e+01
   8.7600000e+01  -6.4529319e+01   2.9804628e+01
   8.7700000e+01  -3.4529319e+01   6.0462758e-01
   8.7800000e+01   3.5470681e+01   6.1804628e+01
   8.7900000e+01  -2.5529319e+01  -8.7553724e+00
   8.8000000e+01  -1.4529319e+01   1.1380463e+02
   8.8100000e+01  -1.1552932e+02   1.8446276e+00
   8.8200000e+01   7.4470681e+01  -1.4755372e+01
   8.8300000e+01  -8.7529319e+01   9.7724628e+01
   8.8400000e+01   1.6547068e+02   1.0604628e+01
   8.8500000e+01   6.1470681e+01   2.4764628e+01
   8.8600000e+01   1.3470681e+01   5.8684628e+01
   8.8700000e+01  -1.5529319e+01   2.5844628e+01
   8.8800000e+01  -3.5293185e+00  -2.0635372e+01
   8.8900000e+01  -1.5529319e+01   2.3844628e+01
   8.9000000e+01   1.5470681e+01  -9.3953724e+00
   8.9100000e+01   1.2347068e+02  -4.9715372e+01
   8.9200000e+01   3.4470681e+01   1.0844628e+01
   8.9300000e+01  -6.1529319e+01   5.6846276e+00
   8.9400000e+01  -2.5529319e+01   1.5244628e+01
   8.9500000e+01  -5.5293185e+00   8.4446276e+00
   8.9600000e+01  -6.1529319e+01   3.5684628e+01
   8.9700000e+01  -6.5293185e+00   1.2484628e+01
   8.9800000e+01   6.0470681e+01  -3.4195372e+01
   8.9900000e+01   2.1470681e+01  -1.5635372e+01
   9.0000000e+01   4.0470681e+01   4.6046276e+00
   9.0100000e+01   3.4470681e+01   4.9844628e+01
   9.0200000e+01   1.2470681e+01  -6.2753724e+00
   9.0300000e+01   4.1470681e+01  -1.7435372e+01
   9.0400000e+01  -1.3529319e+01  -3.4235372e+01
   9.0500000e+01  -9.1529319e+01  -5.5115372e+01
   9.0600000e+01   1.3470681e+01  -5.3153724e+00
   9.0700000e+01   1.7470681e+01   1.9524628e+01
   9.0800000e+01  -6.4529319e+01   2.8046276e+00
   9.0900000e+01  -5.6529319e+01  -9.5153724e+00
   9.1000000e+01  -2.7529319e+01  -4.6675372e+01
   9.1100000e+01  -9.5293185e+00   2.8604628e+01
   9.1200000e+01  -4.9529319e+01   6.2046276e+00
   9.1300000e+01  -3.9529319e+01  -4.1195372e+01
   9.1400000e+01   1.0470681e+01  -3.9195372e+01
   9.1500000e+01   1.4706815e+00   3.6164628e+01
   9.1600000e+01   1.8470681e+01  -4.5515372e+01
   9.1700000e+01  -2.5529319e+01   3.0244628e+01
   9.1800000e+01  -3.8529319e+01  -1.1235372e+01
   9.1900000e+01  -2.7529319e+01   3.3246276e+00
   9.2000000e+01   7.5470681e+01  -2.6795372e+01
   9.2100000e+01  -9.5529319e+01  -1.4955372e+01
   9.2200000e+01  -2.9529319e+01  -5.7595372e+01
   9.2300000e+01  -2.6529319e+01  -7.1537242e-01
   9.2400000e+01  -2.9529319e+01  -3.5595372e+01
   9.2500000e+01   2.9470681e+01  -3.6955372e+01
   9.2600000e+01  -1.5529319e+01  -1.3155372e+01
   9.2700000e+01  -5.0529319e+01   7.2446276e+00
   9.2800000e+01   8.6470681e+01   3.2764628e+01
   9.2900000e+01   2.6470681e+01  -4.3835372e+01
   9.3000000e+01  -1.5293185e+00  -5.1715372e+01
   9.3100000e+01  -1.1252932e+02  -1.0275372e+01
   9.3200000e+01   4.1470681e+01  -7.1435372e+01
   9.3300000e+01  -4.9529319e+01  -5.1795372e+01
   9.3400000e+01   1.2047068e+02  -5.1595372e+01
   9.3500000e+01  -8.4529319e+01  -4.1395372e+01
   9.3600000e+01  -2.3529319e+01  -5.1835372e+01
   9.3700000e+01  -1.0952932e+02  -2.2395372e+01
   9.3800000e+01  -8.1529319e+01   1.4484628e+01
   9.3900000e+01  -3.8529319e+01  -4.5235372e+01
   9.4000000e+01   1.9470681e+01  -6.3555372e+01
   9.4100000e+01   4.5470681e+01   4.4404628e+01
   9.4200000e+01   2.1470681e+01   3.6462758e-01
   9.4300000e+01   1.4706815e+00   2.1646276e+00
   9.4400000e+01   5.5470681e+01  -4.4995372e+01
   9.4500000e+01  -8.3529319e+01   8.0564628e+01
   9.4600000e+01  -8.5293185e+00  -7.4353724e+00
   9.4700000e+01  -1.5529319e+01   5.8446276e+00
   9.4800000e+01  -2.7529319e+01   3.2324628e+01
   9.4900000e+01  -1.0529319e+01   2.4644628e+01
   9.5000000e+01  -3.0529319e+01   1.2444628e+01
   9.5100000e+01  -3.9529319e+01  -3.4195372e+01
   9.5200000e+01  -1.0529319e+01  -3.2355372e+01
   9.5300000e+01  -9.2529319e+01  -2.4075372e+01
   9.5400000e+01  -9.0529319e+01   2.1844628e+01
   9.5500000e+01  -6.0529319e+01   7.3644628e+01
   9.5600000e+01  -1.2529319e+01   1.7724628e+01
   9.5700000e+01  -1.9529319e+01  -7.9953724e+00
   9.5800000e+01  -8.5293185e+00  -3.4435372e+01
   9.5900000e+01  -7.2529319e+01   3.7124628e+01
   9.6000000e+01   4.7470681e+01  -2.6753724e+00
   9.6100000e+01   3.7470681e+01   2.7724628e+01
   9.6200000e+01  -1.3152932e+02  -2.6515372e+01
   9.6300000e+01  -1.0952932e+02   3.3604628e+01
   9.6400000e+01   2.8470681e+01  -1.2915372e+01
   9.6500000e+01  -2.9529319e+01   3.7404628e+01
   9.6600000e+01  -6.4529319e+01  -3.7195372e+01
   9.6700000e+01   1.4706815e+00  -5.2835372e+01
   9.6800000e+01   4.1470681e+01   3.6564628e+01
   9.6900000e+01   6.2470681e+01   7.5724628e+01
   9.7000000e+01  -6.2529319e+01   2.2724628e+01
   9.7100000e+01   2.6470681e+01  -4.9835372e+01
   9.7200000e+01  -8.5293185e+00  -4.0435372e+01
   9.7300000e+01   1.0347068e+02  -1.9153724e+00
   9.7400000e+01  -1.9529319e+01  -2.1995372e+01
   9.7500000e+01   6.4706815e+00  -1.5035372e+01
   9.7600000e+01  -5.4529319e+01  -9.5953724e+00
   9.7700000e+01  -3.3529319e+01   5.5646276e+00
   9.7800000e+01   2.6470681e+01   2.3164628e+01
   9.7900000e+01   4.3470681e+01   1.4848463e+02
   9.8000000e+01  -1.4529319e+01   6.3804628e+01
   9.8100000e+01   8.3470681e+01  -2.5115372e+01
   9.8200000e+01   2.4706815e+00  -1.7875372e+01
   9.8300000e+01   4.9470681e+01   3.3244628e+01
   9.8400000e+01   7.4706815e+00  -9.0753724e+00
   9.8500000e+01  -1.2529319e+01   1.7246276e+00
   9.8600000e+01  -1.0352932e+02  -6.6353724e+00
   9.8700000e+01  -1.5529319e+01  -1.6155372e+01
   9.8800000e+01   5.8470681e+01   2.8884628e+01
   9.8900000e+01   1.8470681e+01  -6.5153724e+00
   9.9000000e+01   3.6470681e+01   3.5764628e+01
   9.9100000e+01   7.0470681e+01   1.0404628e+01
   9.9200000e+01  -1.6529319e+01   2.8846276e+00
   9.9300000e+01   4.5470681e+01  -3.6595372e+01
   9.9400000e+01  -1.6529319e+01   7.8846276e+00
   9.9500000e+01  -3.7529319e+01   7.6724628e+01
   9.9600000e+01   6.6470681e+01  -1.4353724e+00
   9.9700000e+01   8.4706815e+00  -6.2115372e+01
   9.9800000e+01   2.9470681e+01   5.0446276e+00
   9.9900000e+01   9.5470681e+01  -4.5953724e+00
   1.0000000e+02   5.3470681e+01   6.4084628e+01
   1.0010000e+02  -5.2529319e+01  -1.2675372e+01
   1.0020000e+02  -4.5529319e+01   2.0446276e+00
   1.0030000e+02   6.9470681e+01   5.7444628e+01
   1.0040000e+02  -7.2529319e+01   6.1246276e+00
   1.0050000e+02  -5.7529319e+01  -2.3475372e+01
   1.0060000e+02  -3.0529319e+01   2.4446276e+00
   1.0070000e+02  -6.5529319e+01   1.0844628e+01
   1.0080000e+02   1.1347068e+02   2.6846276e+00
   1.0090000e+02  -2.8529319e+01  -1.0635372e+01
   1.0100000e+02  -6.9529319e+01  -2.8995372e+01
   1.0110000e+02   5.1470681e+01   2.0164628e+01
   1.0120000e+02  -1.7529319e+01   3.4924628e+01
   1.0130000e+02   1.6470681e+01   3.9564628e+01
   1.0140000e+02   1.2470681e+01  -1.2275372e+01
   1.0150000e+02   9.4470681e+01  -3.5555372e+01
   1.0160000e+02  -1.6529319e+01   4.0884628e+01
   1.0170000e+02   2.4470681e+01  -2.0755372e+01
   1.0180000e+02  -2.0529319e+01   1.0044628e+01
   1.0190000e+02   6.6470681e+01   3.9564628e+01
   1.0200000e+02   9.8470681e+01  -7.1537242e-01
   1.0210000e+02   1.5470681e+01   2.1604628e+01
   1.0220000e+02   8.2470681e+01   2.9246276e+00
   1.0230000e+02   7.5470681e+01  -5.1795372e+01
   1.0240000e+02   2.2047068e+02  -3.6595372e+01
   1.0250000e+02  -5.4529319e+01  -2.1595372e+01
   1.0260000e+02  -1.0752932e+02  -1.0475372e+01
   1.0270000e+02  -2.5293185e+00   1.3246276e+00
   1.0280000e+02  -2.6529319e+01   1.0284628e+01
   1.0290000e+02  -1.8529319e+01   6.9646276e+00
   1.0300000e+02   1.0547068e+02   4.6275753e-03
   1.0310000e+02   1.4470681e+01  -3.2355372e+01
   1.0320000e+02   1.2470681e+01  -2.5275372e+01
   1.0330000e+02   2.0470681e+01  -5.3595372e+01
   1.0340000e+02  -2.7529319e+01   1.3324628e+01
   1.0350000e+02  -3.7529319e+01  -1.9275372e+01
   1.0360000e+02  -1.0652932e+02  -3.9515372e+01
   1.0370000e+02  -2.5293185e+00  -4.6753724e+00
   1.0380000e+02  -2.6529319e+01  -3.2715372e+01
   1.0390000e+02   4.7470681e+01  -1.8675372e+01
   1.0400000e+02  -2.7529319e+01  -1.6753724e+00
   1.0410000e+02   7.3470681e+01   5.9284628e+01
   1.0420000e+02   4.2470681e+01  -7.4753724e+00
   1.0430000e+02  -3.2529319e+01  -1.5475372e+01
   1.0440000e+02  -1.6529319e+01  -1.9115372e+01
   1.0450000e+02  -5.2931854e-01   7.7244628e+01
   1.0460000e+02  -1.3152932e+02  -6.6515372e+01
   1.0470000e+02  -4.2529319e+01  -1.3075372e+01
   1.0480000e+02  -4.0529319e+01  -1.8155372e+01
   1.0490000e+02  -8.6529319e+01   1.4684628e+01
   1.0500000e+02   3.2470681e+01   3.0924628e+01
   1.0510000e+02  -5.5293185e+00  -3.4555372e+01
   1.0520000e+02  -1.6529319e+01   5.3884628e+01
   1.0530000e+02  -9.5529319e+01  -2.5955372e+01
   1.0540000e+02  -4.1529319e+01  -1.6115372e+01
   1.0550000e+02  -1.2352932e+02   3.1646276e+00
   1.0560000e+02  -1.3052932e+02   4.4462758e-01
   1.0570000e+02   3.9470681e+01  -3.4355372e+01
   1.0580000e+02  -1.5293185e+00  -1.3715372e+01
   1.0590000e+02  -4.8529319e+01  -1.9835372e+01
   1.0600000e+02   1.7470681e+01  -1.2475372e+01
   1.0610000e+02  -7.6529319e+01  -6.2715372e+01
   1.0620000e+02  -6.1529319e+01   4.9684628e+01
   1.0630000e+02  -5.2529319e+01  -1.2675372e+01
   1.0640000e+02  -3.3529319e+01  -3.8435372e+01
   1.0650000e+02  -1.3529319e+01  -1.3235372e+01
   1.0660000e+02   3.1470681e+01   3.0964628e+01
   1.0670000e+02  -1.5529319e+01   1.7844628e+01
   1.0680000e+02  -7.1529319e+01   4.7084628e+01
   1.0690000e+02   1.9470681e+01  -4.8555372e+01
   1.0700000e+02   2.4470681e+01  -4.5755372e+01
   1.0710000e+02  -4.7529319e+01  -3.8875372e+01
   1.0720000e+02  -2.0529319e+01  -2.2955372e+01
   1.0730000e+02   1.1470681e+01   1.7646276e+00
   1.0740000e+02   2.4706815e+00  -3.0875372e+01
   1.0750000e+02   4.8470681e+01  -1.5715372e+01
   1.0760000e+02  -5.2529319e+01  -6.6753724e+00
   1.0770000e+02  -3.5293185e+00   1.8364628e+01
   1.0780000e+02  -4.6529319e+01  -7.9153724e+00
   1.0790000e+02  -4.1529319e+01  -2.8115372e+01
   1.0800000e+02  -7.1529319e+01   3.3084628e+01
   1.0810000e+02   1.7247068e+02  -5.4675372e+01
   1.0820000e+02  -1.4752932e+02  -5.4875372e+01
   1.0830000e+02   6.6470681e+01  -2.5435372e+01
   1.0840000e+02  -2.4529319e+01   6.8204628e+01
   1.0850000e+02  -7.7529319e+01   8.3246276e+00
   1.0860000e+02  -3.6529319e+01   3.4684628e+01
   1.0870000e+02  -5.6529319e+01  -1.5153724e+00
   1.0880000e+02  -8.5293185e+00   3.8564628e+01
   1.0890000e+02  -2.3529319e+01  -5.6835372e+01
   1.0900000e+02  -5.9529319e+01  -1.8395372e+01
   1.0910000e+02   6.2470681e+01   1.7246276e+00
   1.0920000e+02  -1.1252932e+02  -3.6275372e+01
   1.0930000e+02  -2.6529319e+01  -2.8715372e+01
   1.0940000e+02  -7.4529319e+01   5.0204628e+01
   1.0950000e+02  -1.0352932e+02   1.0236463e+02
   1.0960000e+02  -1.9529319e+01   6.1004628e+01
   1.0970000e+02  -5.3529319e+01   7.3646276e+00
   1.0980000e+02  -1.0352932e+02   4.6364628e+01
   1.0990000e+02  -6.8529319e+01   5.2964628e+01
   1.1000000e+02  -1.6529319e+01  -5.2115372e+01
   1.1010000e+02  -3.8529319e+01  -2.9235372e+01
   1.1020000e+02  -5.6529319e+01   4.4484628e+01
   1.1030000e+02   1.2470681e+01   6.7724628e+01
   1.1040000e+02  -3.5529319e+01   3.9644628e+01
   1.1050000e+02   1.5470681e+01   2.6604628e+01
   1.1060000e+02  -1.0352932e+02   3.5364628e+01
   1.1070000e+02  -8.6529319e+01   2.8684628e+01
   1.1080000e+02  -8.0529319e+01   2.4446276e+00
   1.1090000e+02   8.9470681e+01  -4.5355372e+01
   1.1100000e+02  -2.4529319e+01  -7.0795372e+01
   1.1110000e+02  -5.5529319e+01  -1.4555372e+01
   1.1120000e+02   1.1347068e+02  -2.4315372e+01
   1.1130000e+02  -4.0529319e+01   3.8844628e+01
   1.1140000e+02  -6.0529319e+01  -3.5537242e-01
   1.1150000e+02  -7.9529319e+01  -3.2595372e+01
   1.1160000e+02  -8.5529319e+01   7.6446276e+00
   1.1170000e+02   1.4470681e+01   4.0644628e+01
   1.1180000e+02   4.6470681e+01  -5.6635372e+01
   1.1190000e+02  -7.1529319e+01   4.0846276e+00
   1.1200000e+02  -2.0529319e+01  -5.5955372e+01
   1.1210000e+02  -1.0752932e+02  -6.5475372e+01
   1.1220000e+02  -3.4529319e+01  -3.9537242e-01
   1.1230000e+02  -1.5529319e+01   3.2844628e+01
   1.1240000e+02  -3.0529319e+01  -4.9555372e+01
   1.1250000e+02  -2.6529319e+01  -4.3715372e+01
   1.1260000e+02  -4.2529319e+01   2.9246276e+00
   1.1270000e+02   3.4706815e+00   3.5084628e+01
   1.1280000e+02  -6.5293185e+00  -3.3515372e+01
   1.1290000e+02  -2.5293185e+00  -5.5675372e+01
   1.1300000e+02  -4.3529319e+01  -1.7035372e+01
   1.1310000e+02  -5.2931854e-01   3.4244628e+01
   1.1320000e+02  -2.1529319e+01   1.2084628e+01
   1.1330000e+02   3.1470681e+01  -2.3035372e+01
   1.1340000e+02  -8.8529319e+01  -1.2235372e+01
   1.1350000e+02   3.4706815e+00  -1.9153724e+00
   1.1360000e+02  -8.5529319e+01  -1.1355372e+01
   1.1370000e+02  -5.7529319e+01  -3.2475372e+01
   1.1380000e+02  -1.0952932e+02   2.7604628e+01
   1.1390000e+02   4.4706815e+00  -3.3955372e+01
   1.1400000e+02   9.2470681e+01  -4.5475372e+01
   1.1410000e+02  -4.2529319e+01  -4.1075372e+01
   1.1420000e+02   3.9470681e+01  -2.8355372e+01
   1.1430000e+02  -5.5529319e+01   7.0444628e+01
   1.1440000e+02  -1.9529319e+01   1.3004628e+01
   1.1450000e+02  -3.0529319e+01   3.9444628e+01
   1.1460000e+02  -4.0529319e+01   1.5844628e+01
   1.1470000e+02  -9.9529319e+01  -3.7795372e+01
   1.1480000e+02  -5.8529319e+01  -1.4435372e+01
   1.1490000e+02  -8.0529319e+01   6.4446276e+00
   1.1500000e+02   6.5470681e+01   4.6046276e+00
   1.1510000e+02   1.0470681e+01  -9.1953724e+00
   1.1520000e+02  -1.6529319e+01  -3.9115372e+01
   1.1530000e+02   2.5470681e+01  -4.7953724e+00
   1.1540000e+02   4.4706815e+00   4.2044628e+01
   1.1550000e+02  -5.4529319e+01  -3.9595372e+01
   1.1560000e+02  -3.1529319e+01  -4.7515372e+01
   1.1570000e+02  -8.5529319e+01  -7.3553724e+00
   1.1580000e+02   9.4706815e+00  -3.8155372e+01
   1.1590000e+02  -3.3529319e+01  -3.9435372e+01
   1.1600000e+02  -7.1529319e+01  -9.9153724e+00
   1.1610000e+02  -1.0752932e+02  -4.1475372e+01
   1.1620000e+02  -7.2529319e+01  -1.1875372e+01
   1.1630000e+02  -4.2529319e+01  -3.3075372e+01
   1.1640000e+02  -7.1529319e+01   3.5084628e+01
   1.1650000e+02  -5.9529319e+01  -9.3953724e+00
   1.1660000e+02  -1.2352932e+02  -5.5835372e+01
   1.1670000e+02   2.9470681e+01  -5.1955372e+01
   1.1680000e+02  -2.4529319e+01   4.2046276e+00
   1.1690000e+02  -2.3529319e+01  -2.6835372e+01
   1.1700000e+02   1.7470681e+01  -7.4475372e+01
   1.1710000e+02  -9.0529319e+01  -6.1155372e+01
   1.1720000e+02  -8.2529319e+01   4.4524628e+01
   1.1730000e+02  -1.5293185e+00   6.8284628e+01
   1.1740000e+02  -2.9529319e+01  -1.3595372e+01
   1.1750000e+02   4.1470681e+01   4.9564628e+01
   1.1760000e+02  -1.2252932e+02  -3.0875372e+01
   1.1770000e+02  -1.9529319e+01   2.8004628e+01
   1.1780000e+02  -1.5852932e+02  -3.6435372e+01
   1.1790000e+02  -4.7529319e+01   3.7124628e+01
   1.1800000e+02  -8.6529319e+01  -2.6315372e+01
   1.1810000e+02  -1.1052932e+02   6.4462758e-01
   1.1820000e+02  -5.9529319e+01  -6.3953724e+00
   1.1830000e+02  -1.7529319e+01  -4.8075372e+01
   1.1840000e+02  -3.3529319e+01  -5.4353724e+00
   1.1850000e+02  -1.6752932e+02  -6.1075372e+01
   1.1860000e+02  -4.1529319e+01   2.6884628e+01
   1.1870000e+02  -5.3529319e+01   5.3646276e+00
   1.1880000e+02  -1.0652932e+02  -3.4515372e+01
   1.1890000e+02   3.1470681e+01   9.6462758e-01
   1.1900000e+02  -4.5293185e+00   1.4046276e+00
   1.1910000e+02  -1.2529319e+01  -6.9275372e+01
   1.1920000e+02  -1.7529319e+01   2.4924628e+01
   1.1930000e+02  -1.0052932e+02  -6.3755372e+01
   1.1940000e+02  -5.7529319e+01  -1.1475372e+01
   1.1950000e+02   1.2470681e+01  -6.4275372e+01
   1.1960000e+02  -3.1529319e+01   5.0484628e+01
   1.1970000e+02  -1.1952932e+02   1.4004628e+01
   1.1980000e+02  -1.1552932e+02  -1.3155372e+01
   1.1990000e+02  -1.0652932e+02  -2.1515372e+01
   1.2000000e+02  -9.4529319e+01  -7.9953724e+00
   1.2010000e+02  -4.0529319e+01   3.9844628e+01
   1.2020000e+02   1.4706815e+00  -2.5835372e+01
   1.2030000e+02  -1.1529319e+01   2.4684628e+01
   1.2040000e+02  -1.0152932e+02  -2.4715372e+01
   1.2050000e+02  -2.7529319e+01   2.3324628e+01
   1.2060000e+02  -7.7529319e+01   5.3246276e+00
   1.2070000e+02  -6.2529319e+01  -1.2753724e+00
   1.2080000e+02  -7.2529319e+01  -2.3875372e+01
   1.2090000e+02  -4.1529319e+01  -2.9115372e+01
   1.2100000e+02  -6.5529319e+01   3.9844628e+01
   1.2110000e+02  -1.0529319e+01  -1.1355372e+01
   1.2120000e+02  -5.5293185e+00   3.4446276e+00
   1.2130000e+02  -6.9529319e+01  -9.9953724e+00
   1.2140000e+02  -8.0529319e+01  -3.0555372e+01
   1.2150000e+02  -8.2529319e+01   6.5246276e+00
   1.2160000e+02  -4.0529319e+01  -3.1553724e+00
   1.2170000e+02   2.6470681e+01  -4.4835372e+01
   1.2180000e+02  -1.0952932e+02  -2.3395372e+01
   1.2190000e+02  -7.9529319e+01   1.4404628e+01
   1.2200000e+02  -5.3529319e+01  -1.8635372e+01
   1.2210000e+02   2.0470681e+01   4.0404628e+01
   1.2220000e+02   2.2470681e+01   1.4324628e+01
   1.2230000e+02  -1.0552932e+02  -1.5555372e+01
   1.2240000e+02  -4.0529319e+01  -3.9155372e+01
   1.2250000e+02  -9.5293185e+00  -1.8395372e+01
   1.2260000e+02  -5.1529319e+01  -5.3715372e+01
   1.2270000e+02  -3.9529319e+01  -4.6195372e+01
   1.2280000e+02  -2.6529319e+01  -3.4715372e+01
   1.2290000e+02  -8.3529319e+01  -5.5435372e+01
   1.2300000e+02  -1.2552932e+02   2.8244628e+01
   1.2310000e+02  -7.3529319e+01   5.2164628e+01
   1.2320000e+02  -2.5293185e+00   2.5324628e+01
   1.2330000e+02  -1.0452932e+02   1.7404628e+01
   1.2340000e+02   6.7470681e+01  -2.4475372e+01
   1.2350000e+02  -4.0529319e+01  -2.8155372e+01
   1.2360000e+02  -2.6529319e+01  -4.5715372e+01
   1.2370000e+02   5.4706815e+00  -2.7995372e+01
   1.2380000e+02  -5.7529319e+01   1.5246276e+00
   1.2390000e+02  -5.6529319e+01  -3.4515372e+01
   1.2400000e+02   4.2470681e+01   1.6524628e+01
   1.2410000e+02  -1.7529319e+01   1.1924628e+01
   1.2420000e+02  -2.5529319e+01  -2.7755372e+01
   1.2430000e+02  -3.8529319e+01  -4.6235372e+01
   1.2440000e+02  -3.4529319e+01  -1.4395372e+01
   1.2450000e+02   1.9470681e+01   2.0444628e+01
   1.2460000e+02  -2.6529319e+01   2.2284628e+01
   1.2470000e+02  -1.6529319e+01  -3.0115372e+01
   1.2480000e+02  -6.6529319e+01   3.2884628e+01
   1.2490000e+02   1.5470681e+01   8.6046276e+00
   1.2500000e+02  -7.4529319e+01   4.4204628e+01
   1.2510000e+02  -7.3529319e+01   4.9164628e+01
   1.2520000e+02   9.4706815e+00  -9.1553724e+00
   1.2530000e+02   1.4470681e+01  -4.0355372e+01
   1.2540000e+02   1.4706815e+00  -1.8353724e+00
   1.2550000e+02  -6.6529319e+01   1.0884628e+01
   1.2560000e+02  -1.7529319e+01  -6.0753724e+00
   1.2570000e+02  -6.5529319e+01   1.9844628e+01
   1.2580000e+02  -4.5529319e+01   6.2044628e+01
   1.2590000e+02  -4.4529319e+01  -1.7995372e+01
   1.2600000e+02  -6.5529319e+01  -5.1155372e+01
   1.2610000e+02   5.3470681e+01  -3.1915372e+01
   1.2620000e+02  -4.8529319e+01   2.1646276e+00
   1.2630000e+02   6.4470681e+01   3.1644628e+01
   1.2640000e+02  -8.5529319e+01   3.2644628e+01
   1.2650000e+02  -5.6529319e+01   1.7484628e+01
   1.2660000e+02   4.5470681e+01   4.0404628e+01
   1.2670000e+02  -9.3529319e+01  -2.5035372e+01
   1.2680000e+02  -2.3529319e+01  -2.9835372e+01
   1.2690000e+02  -3.3529319e+01  -6.4353724e+00
   1.2700000e+02  -4.1529319e+01   8.8462758e-01
   1.2710000e+02   3.4706815e+00  -3.6915372e+01
   1.2720000e+02  -2.2529319e+01  -8.7537242e-01
   1.2730000e+02   2.1470681e+01  -5.6353724e+00
   1.2740000e+02   9.7470681e+01  -4.6753724e+00
   1.2750000e+02   5.4706815e+00  -3.2995372e+01
   1.2760000e+02  -3.7529319e+01  -3.2753724e+00
   1.2770000e+02  -5.5529319e+01   4.4446276e+00
   1.2780000e+02  -6.4529319e+01  -6.1953724e+00
   1.2790000e+02  -3.8529319e+01  -4.4235372e+01
   1.2800000e+02  -9.7529319e+01  -5.8753724e+00
   1.2810000e+02  -8.0529319e+01   3.6444628e+01
   1.2820000e+02  -5.7529319e+01   7.5246276e+00
   1.2830000e+02  -1.5293185e+00   7.2846276e+00
   1.2840000e+02  -5.7529319e+01  -9.4753724e+00
   1.2850000e+02  -8.9529319e+01   2.6804628e+01
   1.2860000e+02  -8.5529319e+01  -9.3553724e+00
   1.2870000e+02   6.4706815e+00   3.9646276e+00
   1.2880000e+02   6.8470681e+01   4.1484628e+01
   1.2890000e+02   4.7068146e-01  -1.9795372e+01
   1.2900000e+02  -7.5293185e+00  -3.4753724e+00
   1.2910000e+02  -6.1529319e+01   2.2684628e+01
   1.2920000e+02  -1.1529319e+01   6.8462758e-01
   1.2930000e+02  -4.2529319e+01   3.4924628e+01
   1.2940000e+02   1.6470681e+01   2.7564628e+01
   1.2950000e+02  -7.9529319e+01   3.3404628e+01
   1.2960000e+02  -8.6529319e+01   1.5684628e+01
   1.2970000e+02  -5.6529319e+01  -2.9515372e+01
   1.2980000e+02  -3.5529319e+01  -3.8355372e+01
   1.2990000e+02  -1.3529319e+01  -1.0235372e+01
   1.3000000e+02  -7.2529319e+01  -5.5875372e+01
   1.3010000e+02  -5.0529319e+01  -5.5755372e+01
   1.3020000e+02  -2.9529319e+01   4.8404628e+01
   1.3030000e+02   5.3470681e+01  -3.9915372e+01
   1.3040000e+02  -8.0529319e+01   1.3444628e+01
   1.3050000e+02   3.3470681e+01   7.8846276e+00
   1.3060000e+02   9.4706815e+00  -2.0155372e+01
   1.3070000e+02  -3.2529319e+01  -2.6475372e+01
   1.3080000e+02   3.5470681e+01   1.3804628e+01
   1.3090000e+02  -2.0529319e+01   2.2044628e+01
   1.3100000e+02   8.7470681e+01  -5.2753724e+00
   1.3110000e+02  -2.8529319e+01  -5.5635372e+01
   1.3120000e+02   4.8470681e+01   9.2846276e+00
   1.3130000e+02  -2.5293185e+00   6.5324628e+01
   1.3140000e+02  -3.0529319e+01  -5.5553724e+00
   1.3150000e+02  -6.2529319e+01   1.2724628e+01
   1.3160000e+02   3.9470681e+01  -1.9355372e+01
   1.3170000e+02  -6.5529319e+01  -5.4155372e+01
   1.3180000e+02   2.8470681e+01   4.4084628e+01
   1.3190000e+02  -5.3529319e+01  -1.4635372e+01
   1.3200000e+02  -1.0529319e+01  -3.4355372e+01
   1.3210000e+02  -5.3529319e+01   4.3646276e+00
   1.3220000e+02  -7.5293185e+00  -1.8475372e+01
   1.3230000e+02  -4.7529319e+01   4.4124628e+01
   1.3240000e+02  -4.5293185e+00  -4.3595372e+01
   1.3250000e+02  -3.4529319e+01   4.1604628e+01
   1.3260000e+02   2.3470681e+01  -2.7153724e+00
   1.3270000e+02  -1.0152932e+02   2.9284628e+01
   1.3280000e+02  -2.5293185e+00  -2.0675372e+01
   1.3290000e+02  -1.6529319e+01   5.9884628e+01
   1.3300000e+02   5.4470681e+01  -1.1955372e+01
   1.3310000e+02   2.0470681e+01  -3.1595372e+01
   1.3320000e+02  -8.5529319e+01   1.6644628e+01
   1.3330000e+02  -3.3529319e+01  -1.3435372e+01
   1.3340000e+02  -5.7529319e+01   3.3524628e+01
   1.3350000e+02  -6.5529319e+01   1.6844628e+01
   1.3360000e+02  -7.9529319e+01   2.2404628e+01
   1.3370000e+02   2.9470681e+01   5.0446276e+00
   1.3380000e+02  -2.6529319e+01  -3.1715372e+01
   1.3390000e+02   5.7470681e+01   5.2924628e+01
   1.3400000e+02  -5.6529319e+01   7.0484628e+01
   1.3410000e+02   3.4706815e+00  -4.5915372e+01
   1.3420000e+02  -8.5293185e+00  -2.9435372e+01
   1.3430000e+02  -1.3752932e+02  -3.7275372e+01
   1.3440000e+02   3.4706815e+00  -1.9915372e+01
   1.3450000e+02  -7.0529319e+01  -4.9955372e+01
   1.3460000e+02  -5.1529319e+01  -4.7153724e+00
   1.3470000e+02   3.8470681e+01  -3.7315372e+01
   1.3480000e+02  -1.8529319e+01   7.9646276e+00
   1.3490000e+02  -5.5529319e+01   5.4446276e+00
   1.3500000e+02  -3.8529319e+01  -8.2353724e+00
   1.3510000e+02  -7.7529319e+01   8.4324628e+01
   1.3520000e+02   3.3470681e+01  -4.5115372e+01
   1.3530000e+02   2.5470681e+01  -2.8795372e+01
   1.3540000e+02  -1.9529319e+01   1.7004628e+01
   1.3550000e+02   1.3947068e+02  -5.6355372e+01
   1.3560000e+02   7.4706815e+00  -1.2075372e+01
   1.3570000e+02  -1.2529319e+01  -3.1275372e+01
   1.3580000e+02   2.5470681e+01   1.2204628e+01
   1.3590000e+02  -5.6529319e+01  -3.6515372e+01
   1.3600000e+02  -6.3529319e+01   7.6764628e+01
   1.3610000e+02  -3.4529319e+01   2.3604628e+01
   1.3620000e+02   1.6470681e+01   2.9564628e+01
   1.3630000e+02   5.1470681e+01   3.1646276e+00
   1.3640000e+02   3.2470681e+01   5.5924628e+01
   1.3650000e+02  -3.9529319e+01  -7.1953724e+00
   1.3660000e+02  -1.8529319e+01   2.9646276e+00
   1.3670000e+02  -4.1529319e+01  -2.1153724e+00
   1.3680000e+02   8.4706815e+00  -5.1115372e+01
   1.3690000e+02   4.7068146e-01   3.3204628e+01
   1.3700000e+02  -6.9529319e+01   2.3004628e+01
   1.3710000e+02  -6.5293185e+00  -5.5153724e+00
   1.3720000e+02  -2.0529319e+01   1.1044628e+01
   1.3730000e+02  -1.5529319e+01   5.5844628e+01
   1.3740000e+02  -2.6529319e+01  -3.6715372e+01
   1.3750000e+02   6.3470681e+01  -2.3315372e+01
   1.3760000e+02  -5.2529319e+01   2.9324628e+01
   1.3770000e+02  -2.2529319e+01  -2.7875372e+01
   1.3780000e+02   4.2470681e+01  -5.4475372e+01
   1.3790000e+02  -2.1529319e+01   2.4084628e+01
   1.3800000e+02  -6.6529319e+01   1.2688463e+02
   1.3810000e+02  -2.4529319e+01  -5.5795372e+01
   1.3820000e+02   4.6470681e+01  -4.5635372e+01
   1.3830000e+02  -1.6529319e+01  -3.3115372e+01
   1.3840000e+02  -3.4529319e+01   6.3604628e+01
   1.3850000e+02  -1.4529319e+01   4.4804628e+01
   1.3860000e+02   1.0347068e+02  -3.5915372e+01
   1.3870000e+02  -2.6529319e+01  -7.7153724e+00
   1.3880000e+02   1.8470681e+01   1.4484628e+01
   1.3890000e+02  -2.1529319e+01   7.0084628e+01
   1.3900000e+02   3.6470681e+01   7.0764628e+01
   1.3910000e+02  -2.9529319e+01   8.4046276e+00
   1.3920000e+02  -2.2529319e+01  -5.5875372e+01
   1.3930000e+02  -4.6529319e+01  -1.1915372e+01
   1.3940000e+02  -1.5293185e+00   2.3284628e+01
   1.3950000e+02   1.5470681e+01   1.9604628e+01
   1.3960000e+02  -1.3529319e+01  -4.1235372e+01
   1.3970000e+02  -8.2529319e+01  -4.8475372e+01
   1.3980000e+02  -2.7529319e+01  -7.1675372e+01
   1.3990000e+02  -2.4529319e+01  -6.7953724e+00
   1.4000000e+02  -5.6529319e+01  -3.0515372e+01
   1.4010000e+02   5.5470681e+01   6.4004628e+01
   1.4020000e+02   2.1470681e+01  -2.1635372e+01
   1.4030000e+02   2.4706815e+00   7.1246276e+00
   1.4040000e+02  -7.6529319e+01   6.0284628e+01
   1.4050000e+02   3.9470681e+01   3.7644628e+01
   1.4060000e+02  -2.3529319e+01   9.4164628e+01
   1.4070000e+02  -4.2529319e+01  -5.2075372e+01
   1.4080000e+02  -3.2529319e+01   5.2524628e+01
   1.4090000e+02  -9.7529319e+01  -5.4875372e+01
   1.4100000e+02   3.7470681e+01  -4.4275372e+01
   1.4110000e+02  -2.1529319e+01  -4.9915372e+01
   1.4120000e+02  -5.7529319e+01  -3.8475372e+01
   1.4130000e+02   9.8470681e+01   7.6284628e+01
   1.4140000e+02  -5.7529319e+01   7.6524628e+01
   1.4150000e+02  -1.1752932e+02   5.5924628e+01
   1.4160000e+02   3.7470681e+01   5.2724628e+01
   1.4170000e+02  -3.5529319e+01  -3.5537242e-01
   1.4180000e+02  -2.6529319e+01  -1.5715372e+01
   1.4190000e+02   5.4706815e+00  -7.4995372e+01
   1.4200000e+02   4.8470681e+01  -1.4715372e+01
   1.4210000e+02  -3.1529319e+01   6.4846276e+00
   1.4220000e+02  -9.4529319e+01   8.5004628e+01
   1.4230000e+02  -7.4529319e+01   4.1204628e+01
   1.4240000e+02  -4.7529319e+01   2.9124628e+01
   1.4250000e+02  -1.2529319e+01   9.7246276e+00
   1.4260000e+02  -8.3529319e+01   2.7564628e+01
   1.4270000e+02  -2.1529319e+01   2.4084628e+01
   1.4280000e+02  -3.8529319e+01   6.7764628e+01
   1.4290000e+02   7.5470681e+01  -1.3795372e+01
   1.4300000e+02   5.1470681e+01  -1.6835372e+01
   1.4310000e+02  -7.5293185e+00  -2.7475372e+01
   1.4320000e+02  -2.7529319e+01   2.3324628e+01
   1.4330000e+02  -1.7529319e+01   6.9246276e+00
   1.4340000e+02  -1.5293185e+00  -1.6715372e+01
   1.4350000e+02  -1.0529319e+01   5.5644628e+01
   1.4360000e+02  -5.3529319e+01   2.6364628e+01
   1.4370000e+02  -4.7529319e+01  -1.5875372e+01
   1.4380000e+02  -4.6529319e+01  -5.2915372e+01
   1.4390000e+02   6.6470681e+01   1.9564628e+01
   1.4400000e+02  -1.0152932e+02   9.2846276e+00
   1.4410000e+02  -1.2652932e+02   7.1284628e+01
   1.4420000e+02  -1.0852932e+02   1.5646276e+00
   1.4430000e+02   1.2470681e+01  -2.1275372e+01
   1.4440000e+02  -1.9529319e+01  -3.5995372e+01
   1.4450000e+02  -7.2529319e+01   1.1212463e+02
   1.4460000e+02  -1.0552932e+02  -5.1555372e+01
   1.4470000e+02   5.8470681e+01  -2.9115372e+01
   1.4480000e+02  -3.3529319e+01  -1.2435372e+01
   1.4490000e+02  -1.5293185e+00  -2.8715372e+01
   1.4500000e+02   4.7068146e-01  -1.4795372e+01
   1.4510000e+02  -1.0152932e+02   4.9284628e+01
   1.4520000e+02   1.0147068e+02  -2.5835372e+01
   1.4530000e+02   1.3470681e+01   1.6684628e+01
   1.4540000e+02  -1.4752932e+02   7.1246276e+00
   1.4550000e+02  -8.3529319e+01  -1.4353724e+00
   1.4560000e+02  -9.0529319e+01   1.3844628e+01
   1.4570000e+02  -5.7529319e+01  -2.8475372e+01
   1.4580000e+02  -5.2931854e-01  -5.7553724e+00
   1.4590000e+02  -2.4529319e+01  -4.7953724e+00
   1.4600000e+02   3.4706815e+00  -4.8915372e+01
   1.4610000e+02  -3.6529319e+01  -6.8315372e+01
   1.4620000e+02  -1.3529319e+01   4.1764628e+01
   1.4630000e+02   5.8470681e+01  -1.1153724e+00
   1.4640000e+02  -6.0529319e+01   5.5644628e+01
   1.4650000e+02   3.3470681e+01  -4.4115372e+01
   1.4660000e+02   1.0470681e+01  -3.0195372e+01
   1.4670000e+02  -5.5529319e+01   3.8444628e+01
   1.4680000e+02  -7.3529319e+01   1.4164628e+01
   1.4690000e+02  -7.3529319e+01   5.0164628e+01
   1.4700000e+02  -5.8529319e+01   2.0564628e+01
   1.4710000e+02  -7.8529319e+01   3.0364628e+01
   1.4720000e+02   6.4470681e+01   5.4644628e+01
   1.4730000e+02  -3.4529319e+01  -7.3953724e+00
   1.4740000e+02   4.8470681e+01   1.5284628e+01
   1.4750000e+02  -7.7529319e+01   8.3246276e+00
   1.4760000e+02   1.7347068e+02   1.1284628e+01
   1.4770000e+02  -6.0529319e+01   2.7644628e+01
   1.4780000e+02  -4.1529319e+01  -7.4115372e+01
   1.4790000e+02  -3.8529319e+01  -1.1235372e+01
   1.4800000e+02  -1.4529319e+01  -2.5195372e+01
   1.4810000e+02  -2.3529319e+01   5.3164628e+01
   1.4820000e+02   3.2470681e+01   4.9246276e+00
   1.4830000e+02   5.9470681e+01  -1.1553724e+00
   1.4840000e+02   2.0470681e+01  -3.2595372e+01
   1.4850000e+02  -2.4529319e+01   4.1204628e+01
   1.4860000e+02  -3.1529319e+01  -1.5515372e+01
   1.4870000e+02   1.5047068e+02  -4.4795372e+01
   1.4880000e+02   4.9470681e+01  -4.9755372e+01
   1.4890000e+02  -5.7529319e+01  -4.7537242e-01
   1.4900000e+02  -7.0529319e+01   1.1044628e+01
   1.4910000e+02   3.4470681e+01  -1.5155372e+01
   1.4920000e+02   7.2470681e+01   1.0324628e+01
   1.4930000e+02   3.6470681e+01   1.3764628e+01
   1.4940000e+02   4.4470681e+01  -1.8555372e+01
   1.4950000e+02   3.9470681e+01   1.6446276e+00
   1.4960000e+02  -7.5293185e+00  -1.5475372e+01
   1.4970000e+02   2.9470681e+01   3.6044628e+01
   1.4980000e+02  -5.6529319e+01   1.1484628e+01
   1.4990000e+02  -5.5293185e+00   7.3444628e+01
