   0.0000000e+00   4.3130983e+02   6.5350575e+01
   1.0000000e-01   3.6930983e+02   3.7830575e+01
   2.0000000e-01   3.4830983e+02   5.0670575e+01
   3.0000000e-01   5.1430983e+02   9.8030575e+01
   4.0000000e-01   3.0130983e+02   5.9550575e+01
   5.0000000e-01   3.9630983e+02   1.0475058e+02
   6.0000000e-01   2.5930983e+02   5.9230575e+01
   7.0000000e-01   3.1930983e+02   6.8830575e+01
   8.0000000e-01   3.6630983e+02   7.6950575e+01
   9.0000000e-01   2.4030983e+02   7.4990575e+01
   1.0000000e+00   3.5830983e+02   2.2705751e+00
   1.1000000e+00   2.9630983e+02   2.2750575e+01
   1.2000000e+00   3.1830983e+02   4.6870575e+01
   1.3000000e+00   2.5030983e+02   1.6590575e+01
   1.4000000e+00   3.6730983e+02   1.0191058e+02
   1.5000000e+00   3.3530983e+02   4.9190575e+01
   1.6000000e+00   2.9130983e+02   4.7950575e+01
   1.7000000e+00   2.4530983e+02   2.6790575e+01
   1.8000000e+00   4.1230983e+02   9.8110575e+01
   1.9000000e+00   4.0630983e+02   5.8350575e+01
   2.0000000e+00   2.0830983e+02   3.2270575e+01
   2.1000000e+00   4.6730983e+02   2.1910575e+01
   2.2000000e+00   3.6030983e+02   5.2190575e+01
   2.3000000e+00   1.5330983e+02   2.3470575e+01
   2.4000000e+00   2.9230983e+02   6.8910575e+01
   2.5000000e+00   2.7930983e+02  -3.5694249e+00
   2.6000000e+00   4.3030983e+02   9.3390575e+01
   2.7000000e+00   2.1030983e+02   9.1905751e+00
   2.8000000e+00   3.6930983e+02   9.7830575e+01
   2.9000000e+00   2.7830983e+02   1.1947058e+02
   3.0000000e+00   1.5330983e+02  -5.5294249e+00
   3.1000000e+00   3.9230983e+02   3.7910575e+01
   3.2000000e+00   4.3330983e+02   1.4527058e+02
   3.3000000e+00   3.3630983e+02   1.2315058e+02
   3.4000000e+00   3.3030983e+02   5.9390575e+01
   3.5000000e+00   3.3530983e+02   1.6190575e+01
   3.6000000e+00   1.6030983e+02   6.8190575e+01
   3.7000000e+00   2.3630983e+02   3.5150575e+01
   3.8000000e+00   3.5330983e+02   1.5647058e+02
   3.9000000e+00   1.5530983e+02   1.4639058e+02
   4.0000000e+00   4.8530983e+02   2.9190575e+01
   4.1000000e+00   4.8630983e+02   6.5150575e+01
   4.2000000e+00   2.7630983e+02   1.6755058e+02
   4.3000000e+00   3.6030983e+02  -2.9809425e+01
   4.4000000e+00   4.0430983e+02   1.2430575e+01
   4.5000000e+00   3.3430983e+02   1.4223058e+02
   4.6000000e+00   3.6430983e+02   2.0030575e+01
   4.7000000e+00   2.5330983e+02   1.2447058e+02
   4.8000000e+00   1.8430983e+02   4.4230575e+01
   4.9000000e+00   3.4030983e+02   5.8990575e+01
   5.0000000e+00   2.9130983e+02   8.1950575e+01
   5.1000000e+00   4.0530983e+02   7.3390575e+01
   5.2000000e+00   2.4630983e+02   1.7175058e+02
   5.3000000e+00   3.1130983e+02   1.1715058e+02
   5.4000000e+00   4.7630983e+02   4.6550575e+01
   5.5000000e+00   4.1230983e+02   5.6110575e+01
   5.6000000e+00   2.6330983e+02   4.3070575e+01
   5.7000000e+00   1.6030983e+02   4.9190575e+01
   5.8000000e+00   1.7330983e+02   8.1670575e+01
   5.9000000e+00   3.0430983e+02   3.0430575e+01
   6.0000000e+00   3.9530983e+02   6.3790575e+01
   6.1000000e+00   2.7030983e+02  -2.2209425e+01
   6.2000000e+00   2.1930983e+02  -3.1694249e+00
   6.3000000e+00   3.1430983e+02   1.1503058e+02
   6.4000000e+00   4.2330983e+02   5.2670575e+01
   6.5000000e+00   2.8330983e+02   2.3270575e+01
   6.6000000e+00   3.5630983e+02  -5.6494249e+00
   6.7000000e+00   2.3530983e+02   7.4190575e+01
   6.8000000e+00   2.8830983e+02   7.0575139e-02
   6.9000000e+00   5.3130983e+02   4.7350575e+01
   7.0000000e+00   5.2330983e+02   2.9670575e+01
   7.1000000e+00   3.8130983e+02   8.5350575e+01
   7.2000000e+00   2.4330983e+02   8.4870575e+01
   7.3000000e+00   3.2030983e+02   3.8790575e+01
   7.4000000e+00   5.0830983e+02   7.0270575e+01
   7.5000000e+00   3.0030983e+02   4.9590575e+01
   7.6000000e+00   2.7830983e+02   8.4705751e+00
   7.7000000e+00   2.8630983e+02   8.8150575e+01
   7.8000000e+00   2.1630983e+02   2.7950575e+01
   7.9000000e+00   3.5930983e+02   4.3230575e+01
   8.0000000e+00   4.4230983e+02   1.0391058e+02
   8.1000000e+00   2.0030983e+02   7.7590575e+01
   8.2000000e+00   1.8430983e+02   2.9230575e+01
   8.3000000e+00   4.1230983e+02   9.1105751e+00
   8.4000000e+00   2.1030983e+02   1.0619058e+02
   8.5000000e+00   4.2530983e+02   6.8590575e+01
   8.6000000e+00   2.5230983e+02   1.4510575e+01
   8.7000000e+00   5.0930983e+02   4.7230575e+01
   8.8000000e+00   3.8330983e+02   5.1270575e+01
   8.9000000e+00   2.5830983e+02   4.3270575e+01
   9.0000000e+00   3.0430983e+02   5.0430575e+01
   9.1000000e+00   1.6030983e+02   7.8190575e+01
   9.2000000e+00   3.3530983e+02   8.2190575e+01
   9.3000000e+00   3.6930983e+02   1.7830575e+01
   9.4000000e+00   3.5530983e+02   4.3390575e+01
   9.5000000e+00   1.9030983e+02  -1.0009425e+01
   9.6000000e+00   2.1930983e+02   2.2830575e+01
   9.7000000e+00   3.7730983e+02   1.7510575e+01
   9.8000000e+00   2.8630983e+02  -9.8494249e+00
   9.9000000e+00   2.6830983e+02   7.3870575e+01
   1.0000000e+01   3.7930983e+02   8.8430575e+01
   1.0100000e+01   2.1230983e+02   7.2110575e+01
   1.0200000e+01   2.5530983e+02   8.3905751e+00
   1.0300000e+01   2.4330983e+02   1.1787058e+02
   1.0400000e+01   3.0130983e+02   5.5550575e+01
   1.0500000e+01   3.9330983e+02   1.1887058e+02
   1.0600000e+01   2.7130983e+02   2.4750575e+01
   1.0700000e+01   4.5830983e+02   2.9270575e+01
   1.0800000e+01   4.2930983e+02   5.4305751e+00
   1.0900000e+01   2.3730983e+02   6.0110575e+01
   1.1000000e+01   3.0230983e+02   8.5105751e+00
   1.1100000e+01   3.4730983e+02   1.6071058e+02
   1.1200000e+01   3.8530983e+02   3.1190575e+01
   1.1300000e+01   3.0230983e+02   6.2510575e+01
   1.1400000e+01   3.4930983e+02   2.8630575e+01
   1.1500000e+01   4.7730983e+02   1.3510575e+01
   1.1600000e+01   2.4230983e+02   6.1910575e+01
   1.1700000e+01   2.6730983e+02   5.3910575e+01
   1.1800000e+01   3.3130983e+02   5.5350575e+01
   1.1900000e+01   1.8230983e+02   9.1310575e+01
   1.2000000e+01   2.1730983e+02   2.0910575e+01
   1.2100000e+01   3.3630983e+02  -4.8494249e+00
   1.2200000e+01   3.9030983e+02   2.9905751e+00
   1.2300000e+01   3.4130983e+02   6.8950575e+01
   1.2400000e+01   2.9130983e+02   2.8950575e+01
   1.2500000e+01   2.8830983e+02   4.0705751e+00
   1.2600000e+01   1.9530983e+02   2.0790575e+01
   1.2700000e+01   2.6730983e+02   2.3910575e+01
   1.2800000e+01   2.6730983e+02   8.3910575e+01
   1.2900000e+01   2.6430983e+02   8.1030575e+01
   1.3000000e+01   2.7930983e+02   7.1430575e+01
   1.3100000e+01   2.7730983e+02   9.5105751e+00
   1.3200000e+01   2.1130983e+02   2.6150575e+01
   1.3300000e+01   4.6630983e+02   1.1295058e+02
   1.3400000e+01   2.2930983e+02   4.8430575e+01
   1.3500000e+01   1.7230983e+02   7.8710575e+01
   1.3600000e+01   3.2530983e+02   3.9590575e+01
   1.3700000e+01   1.6030983e+02   3.9190575e+01
   1.3800000e+01   3.5830983e+02   4.2705751e+00
   1.3900000e+01   3.8630983e+02   4.1505751e+00
   1.4000000e+01   2.2930983e+02   3.5430575e+01
   1.4100000e+01   3.3730983e+02  -2.4889425e+01
   1.4200000e+01   4.0730983e+02   5.2310575e+01
   1.4300000e+01   2.8530983e+02   5.4190575e+01
   1.4400000e+01   1.8030983e+02   9.2390575e+01
   1.4500000e+01   2.4030983e+02   8.0990575e+01
   1.4600000e+01   2.7330983e+02   1.2670575e+01
   1.4700000e+01   1.7130983e+02   4.5750575e+01
   1.4800000e+01   2.6230983e+02   7.5110575e+01
   1.4900000e+01   2.9130983e+02   9.1950575e+01
   1.5000000e+01   2.8130983e+02   7.3505751e+00
   1.5100000e+01   3.6030983e+02   6.1905751e+00
   1.5200000e+01   3.0130983e+02   7.8550575e+01
   1.5300000e+01   1.8930983e+02   1.6030575e+01
   1.5400000e+01   2.5130983e+02   2.6550575e+01
   1.5500000e+01   2.6630983e+02   4.9505751e+00
   1.5600000e+01   2.9530983e+02   9.3790575e+01
   1.5700000e+01   2.4330983e+02   2.4870575e+01
   1.5800000e+01   2.8530983e+02  -3.7809425e+01
   1.5900000e+01   2.9630983e+02   1.8750575e+01
   1.6000000e+01   3.7309833e+01   1.2111058e+02
   1.6100000e+01   2.2630983e+02   4.5550575e+01
   1.6200000e+01   2.4030983e+02  -3.0094249e+00
   1.6300000e+01   3.4130983e+02  -2.2049425e+01
   1.6400000e+01   2.8630983e+02   5.8150575e+01
   1.6500000e+01   3.0330983e+02   2.1470575e+01
   1.6600000e+01   1.3930983e+02  -1.9969425e+01
   1.6700000e+01   2.0230983e+02   2.0510575e+01
   1.6800000e+01   2.2130983e+02   3.7750575e+01
   1.6900000e+01   3.2530983e+02   3.5905751e+00
   1.7000000e+01   4.5830983e+02   3.7270575e+01
   1.7100000e+01   2.3330983e+02   1.1270575e+01
   1.7200000e+01   2.9230983e+02   5.8910575e+01
   1.7300000e+01   1.5330983e+02   7.2470575e+01
   1.7400000e+01   3.5330983e+02   6.7470575e+01
   1.7500000e+01   1.8630983e+02   5.9150575e+01
   1.7600000e+01   2.8330983e+02   6.9270575e+01
   1.7700000e+01   4.4930983e+02   7.4630575e+01
   1.7800000e+01   3.3130983e+02   1.0350575e+01
   1.7900000e+01   4.1830983e+02   2.1870575e+01
   1.8000000e+01   2.8730983e+02   1.2011058e+02
   1.8100000e+01   3.2230983e+02   3.4710575e+01
   1.8200000e+01   8.7309833e+01   2.9110575e+01
   1.8300000e+01   2.4330983e+02   1.7870575e+01
   1.8400000e+01   3.7930983e+02   4.5430575e+01
   1.8500000e+01   2.5230983e+02   5.6510575e+01
   1.8600000e+01   1.4630983e+02   4.4750575e+01
   1.8700000e+01   2.8430983e+02   3.5230575e+01
   1.8800000e+01   2.7530983e+02   6.8590575e+01
   1.8900000e+01   4.4030983e+02   7.1990575e+01
   1.9000000e+01   2.6330983e+02   3.7070575e+01
   1.9100000e+01   5.7930983e+02   1.7430575e+01
   1.9200000e+01   4.1330983e+02   1.0607058e+02
   1.9300000e+01   1.6030983e+02   6.0190575e+01
   1.9400000e+01   3.7530983e+02   6.5590575e+01
   1.9500000e+01   2.8430983e+02   5.3230575e+01
   1.9600000e+01   2.9130983e+02   7.5950575e+01
   1.9700000e+01   3.2930983e+02   9.6430575e+01
   1.9800000e+01   3.9530983e+02   3.3790575e+01
   1.9900000e+01   1.2730983e+02   5.8510575e+01
   2.0000000e+01   1.9230983e+02   1.5991058e+02
   2.0100000e+01   1.6930983e+02   5.1830575e+01
   2.0200000e+01   2.2330983e+02   4.8670575e+01
   2.0300000e+01   3.0930983e+02   5.3230575e+01
   2.0400000e+01   1.5930983e+02   1.2230575e+01
   2.0500000e+01   6.1309833e+01   6.9150575e+01
   2.0600000e+01   1.5830983e+02   3.5270575e+01
   2.0700000e+01   3.9030983e+02   4.9905751e+00
   2.0800000e+01   1.7530983e+02   8.1590575e+01
   2.0900000e+01   3.9030983e+02   1.0299058e+02
   2.1000000e+01   3.3730983e+02   7.1110575e+01
   2.1100000e+01   2.2530983e+02   4.1590575e+01
   2.1200000e+01   4.1030983e+02   9.0190575e+01
   2.1300000e+01   1.3830983e+02   7.5070575e+01
   2.1400000e+01   2.6930983e+02   6.2830575e+01
   2.1500000e+01   3.5630983e+02   3.5350575e+01
   2.1600000e+01   3.1130983e+02   1.0115058e+02
   2.1700000e+01   3.0530983e+02   1.0390575e+01
   2.1800000e+01   4.3030983e+02   3.5390575e+01
   2.1900000e+01   3.3730983e+02   5.8110575e+01
   2.2000000e+01   1.7930983e+02   7.2430575e+01
   2.2100000e+01   2.3430983e+02   5.6230575e+01
   2.2200000e+01   1.7030983e+02  -2.2094249e+00
   2.2300000e+01   2.4330983e+02  -1.0129425e+01
   2.2400000e+01   2.8730983e+02   5.9110575e+01
   2.2500000e+01   4.5030983e+02   3.7590575e+01
   2.2600000e+01   2.7630983e+02   1.4055058e+02
   2.2700000e+01   5.4530983e+02   7.8790575e+01
   2.2800000e+01   3.9430983e+02   3.4830575e+01
   2.2900000e+01   3.1030983e+02   2.7190575e+01
   2.3000000e+01   1.9330983e+02   3.0870575e+01
   2.3100000e+01   2.2530983e+02   5.6590575e+01
   2.3200000e+01   4.4830983e+02   1.2667058e+02
   2.3300000e+01   1.6530983e+02   8.0990575e+01
   2.3400000e+01   1.5230983e+02   1.1751058e+02
   2.3500000e+01   3.1830983e+02  -3.1294249e+00
   2.3600000e+01   4.7430983e+02  -1.5369425e+01
   2.3700000e+01   3.1030983e+02   1.6190575e+01
   2.3800000e+01   3.9030983e+02  -2.7009425e+01
   2.3900000e+01   3.8630983e+02   1.1505751e+00
   2.4000000e+01   3.7930983e+02  -4.5569425e+01
   2.4100000e+01   3.2630983e+02  -2.4449425e+01
   2.4200000e+01   3.5930983e+02   4.9230575e+01
   2.4300000e+01   4.3130983e+02   1.4350575e+01
   2.4400000e+01   4.9030983e+02   5.9905751e+00
   2.4500000e+01   4.8730983e+02   2.3110575e+01
   2.4600000e+01   5.2930983e+02  -2.6569425e+01
   2.4700000e+01   3.1230983e+02  -2.2889425e+01
   2.4800000e+01   2.2530983e+02   2.9590575e+01
   2.4900000e+01   2.1730983e+02   2.3910575e+01
   2.5000000e+01   3.2530983e+02   3.5905751e+00
   2.5100000e+01   4.5030983e+02   9.5905751e+00
   2.5200000e+01   3.8930983e+02  -1.0969425e+01
   2.5300000e+01   9.9309833e+01   1.7630575e+01
   2.5400000e+01   5.5430983e+02   1.6430575e+01
   2.5500000e+01   3.1630983e+02   8.9505751e+00
   2.5600000e+01   2.7630983e+02   1.0155058e+02
   2.5700000e+01   3.3430983e+02   6.3230575e+01
   2.5800000e+01   3.9930983e+02  -5.2369425e+01
   2.5900000e+01   2.6330983e+02   2.6070575e+01
   2.6000000e+01   5.0830983e+02   2.2705751e+00
   2.6100000e+01   3.3630983e+02  -3.3849425e+01
   2.6200000e+01   3.6930983e+02  -4.9169425e+01
   2.6300000e+01   4.0830983e+02   1.6270575e+01
   2.6400000e+01   1.7830983e+02  -3.5529425e+01
   2.6500000e+01   3.5730983e+02  -3.0689425e+01
   2.6600000e+01   4.0430983e+02   5.5430575e+01
   2.6700000e+01   3.0230983e+02  -2.4894249e+00
   2.6800000e+01   2.7330983e+02   2.8670575e+01
   2.6900000e+01   3.1630983e+02   4.2950575e+01
   2.7000000e+01   3.1630983e+02  -4.9424861e-02
   2.7100000e+01   3.7130983e+02   1.4750575e+01
   2.7200000e+01   3.7630983e+02  -4.6449425e+01
   2.7300000e+01   2.4830983e+02  -1.8329425e+01
   2.7400000e+01   2.4230983e+02   1.8910575e+01
   2.7500000e+01   4.1530983e+02  -1.0009425e+01
   2.7600000e+01   1.7830983e+02   1.6470575e+01
   2.7700000e+01   4.2530983e+02  -1.4409425e+01
   2.7800000e+01   5.4030983e+02   2.2990575e+01
   2.7900000e+01   1.6630983e+02   2.2950575e+01
   2.8000000e+01   3.6730983e+02   4.1910575e+01
   2.8100000e+01   3.2730983e+02   1.5510575e+01
   2.8200000e+01   3.4830983e+02   3.2670575e+01
   2.8300000e+01   5.6230983e+02  -1.2889425e+01
   2.8400000e+01   2.1030983e+02  -2.0809425e+01
   2.8500000e+01   2.4830983e+02   9.8670575e+01
   2.8600000e+01   3.8630983e+02  -3.9849425e+01
   2.8700000e+01   4.0130983e+02   4.0550575e+01
   2.8800000e+01   5.0030983e+02  -4.2409425e+01
   2.8900000e+01   2.9330983e+02  -4.3129425e+01
   2.9000000e+01   2.4230983e+02  -4.0894249e+00
   2.9100000e+01   2.8330983e+02  -9.7294249e+00
   2.9200000e+01   1.6530983e+02   6.4990575e+01
   2.9300000e+01   4.2830983e+02   2.6470575e+01
   2.9400000e+01   3.1930983e+02   6.9830575e+01
   2.9500000e+01   3.1930983e+02   3.7830575e+01
   2.9600000e+01   3.3730983e+02   7.1105751e+00
   2.9700000e+01   2.6030983e+02   8.5190575e+01
   2.9800000e+01   3.5230983e+02   6.4510575e+01
   2.9900000e+01   3.6230983e+02  -2.8889425e+01
   3.0000000e+01   2.7330983e+02   2.5670575e+01
   3.0100000e+01   2.3730983e+02  -3.8894249e+00
   3.0200000e+01   2.4530983e+02   7.9057514e-01
   3.0300000e+01   5.8330983e+02   1.3270575e+01
   3.0400000e+01   5.8830983e+02   7.0705751e+00
   3.0500000e+01   2.0530983e+02   4.0390575e+01
   3.0600000e+01   3.2630983e+02  -4.2449425e+01
   3.0700000e+01   3.2330983e+02   1.6670575e+01
   3.0800000e+01   2.4430983e+02  -2.8169425e+01
   3.0900000e+01   2.8130983e+02   2.7350575e+01
   3.1000000e+01   3.6930983e+02   2.8830575e+01
   3.1100000e+01   3.3730983e+02  -1.8894249e+00
   3.1200000e+01   4.8730983e+02  -1.5889425e+01
   3.1300000e+01   4.2030983e+02  -1.3209425e+01
   3.1400000e+01   2.5930983e+02  -1.4769425e+01
   3.1500000e+01   4.7830983e+02  -2.8529425e+01
   3.1600000e+01   2.9630983e+02   1.0775058e+02
   3.1700000e+01   3.3430983e+02  -4.0769425e+01
   3.1800000e+01   3.1630983e+02   3.3950575e+01
   3.1900000e+01   5.5930983e+02  -2.8769425e+01
   3.2000000e+01   3.9630983e+02  -6.9249425e+01
   3.2100000e+01   3.0130983e+02  -1.0449425e+01
   3.2200000e+01   4.5230983e+02   1.1510575e+01
   3.2300000e+01   2.8630983e+02   1.7150575e+01
   3.2400000e+01   3.9030983e+02   4.9990575e+01
   3.2500000e+01   3.2630983e+02   2.6550575e+01
   3.2600000e+01   4.1930983e+02   2.2830575e+01
   3.2700000e+01   2.8930983e+02  -2.9694249e+00
   3.2800000e+01   2.7630983e+02  -2.2449425e+01
   3.2900000e+01   1.7230983e+02  -4.3289425e+01
   3.3000000e+01   2.3830983e+02  -9.9294249e+00
   3.3100000e+01   1.8730983e+02  -1.4889425e+01
   3.3200000e+01   1.9630983e+02   4.2750575e+01
   3.3300000e+01   2.2430983e+02  -2.3694249e+00
   3.3400000e+01   4.2230983e+02   1.0171058e+02
   3.3500000e+01   3.2930983e+02   1.9430575e+01
   3.3600000e+01   5.5730983e+02   6.1310575e+01
   3.3700000e+01   2.8530983e+02  -2.7809425e+01
   3.3800000e+01   2.2230983e+02   1.5710575e+01
   3.3900000e+01   4.2730983e+02  -1.4489425e+01
   3.4000000e+01   4.5530983e+02   1.3905751e+00
   3.4100000e+01   4.1930983e+02   1.0983058e+02
   3.4200000e+01   5.7730983e+02   4.4510575e+01
   3.4300000e+01   3.0830983e+02   5.2705751e+00
   3.4400000e+01   2.9030983e+02  -5.6009425e+01
   3.4500000e+01   3.5330983e+02   1.2470575e+01
   3.4600000e+01   1.7030983e+02   4.0790575e+01
   3.4700000e+01   3.2630983e+02  -2.2449425e+01
   3.4800000e+01   2.9430983e+02   2.5830575e+01
   3.4900000e+01   2.6730983e+02  -1.1089425e+01
   3.5000000e+01   3.3730983e+02   1.3811058e+02
   3.5100000e+01   2.3430983e+02  -2.0769425e+01
   3.5200000e+01   3.4230983e+02  -5.2089425e+01
   3.5300000e+01   2.7030983e+02   2.3790575e+01
   3.5400000e+01   2.6430983e+02   7.4030575e+01
   3.5500000e+01   4.9930983e+02   2.6630575e+01
   3.5600000e+01   3.6230983e+02  -5.8894249e+00
   3.5700000e+01   2.6830983e+02  -1.1294249e+00
   3.5800000e+01   3.0330983e+02   5.5470575e+01
   3.5900000e+01   3.1830983e+02  -1.7129425e+01
   3.6000000e+01   3.7630983e+02  -3.1449425e+01
   3.6100000e+01   2.8630983e+02   2.1150575e+01
   3.6200000e+01   1.6430983e+02  -3.4969425e+01
   3.6300000e+01   4.6930983e+02   3.7830575e+01
   3.6400000e+01   3.6430983e+02  -3.2969425e+01
   3.6500000e+01   3.9830983e+02  -4.3294249e+00
   3.6600000e+01   4.1530983e+02   2.7990575e+01
   3.6700000e+01   4.8830983e+02  -5.0929425e+01
   3.6800000e+01   2.2730983e+02  -2.0489425e+01
   3.6900000e+01   2.5530983e+02   1.6390575e+01
   3.7000000e+01   3.5830983e+02  -3.7294249e+00
   3.7100000e+01   3.2530983e+02   8.5590575e+01
   3.7200000e+01   5.7830983e+02  -3.6529425e+01
   3.7300000e+01   1.4030983e+02  -6.0094249e+00
   3.7400000e+01   3.9130983e+02  -1.5049425e+01
   3.7500000e+01   4.7830983e+02  -7.9529425e+01
   3.7600000e+01   2.5730983e+02   3.6310575e+01
   3.7700000e+01   4.3730983e+02  -4.3889425e+01
   3.7800000e+01   2.8630983e+02  -3.5849425e+01
   3.7900000e+01   4.5530983e+02  -3.0609425e+01
   3.8000000e+01   2.7330983e+02   1.7670575e+01
   3.8100000e+01   4.3330983e+02  -2.0729425e+01
   3.8200000e+01   1.7830983e+02   5.6470575e+01
   3.8300000e+01   3.4330983e+02  -2.9129425e+01
   3.8400000e+01   3.1830983e+02  -4.1129425e+01
   3.8500000e+01   3.4530983e+02   2.0790575e+01
   3.8600000e+01   3.7230983e+02  -3.0289425e+01
   3.8700000e+01   3.9030983e+02  -3.1009425e+01
   3.8800000e+01   2.7030983e+02   1.6790575e+01
   3.8900000e+01   4.3230983e+02  -8.6894249e+00
   3.9000000e+01   3.0630983e+02  -4.6494249e+00
   3.9100000e+01   4.2730983e+02   2.5105751e+00
   3.9200000e+01   1.5230983e+02   5.5105751e+00
   3.9300000e+01   2.5830983e+02   3.3270575e+01
   3.9400000e+01   3.7730983e+02   5.6510575e+01
   3.9500000e+01   2.0530983e+02  -5.7609425e+01
   3.9600000e+01   2.3830983e+02  -3.5929425e+01
   3.9700000e+01   3.0130983e+02  -4.6449425e+01
   3.9800000e+01   1.5630983e+02   1.3350575e+01
   3.9900000e+01   3.6930983e+02   1.8830575e+01
   4.0000000e+01   2.2130983e+02  -8.8249425e+01
   4.0100000e+01   4.1030983e+02  -3.8809425e+01
   4.0200000e+01   5.6330983e+02  -7.7929425e+01
   4.0300000e+01   3.1230983e+02  -2.4889425e+01
   4.0400000e+01   4.4930983e+02   2.8630575e+01
   4.0500000e+01   3.8130983e+02   2.9350575e+01
   4.0600000e+01   3.9530983e+02  -3.7209425e+01
   4.0700000e+01   3.6930983e+02   1.4083058e+02
   4.0800000e+01   2.3630983e+02   4.5150575e+01
   4.0900000e+01   3.9130983e+02  -4.0494249e+00
   4.1000000e+01   2.5530983e+02   1.9390575e+01
   4.1100000e+01   2.9630983e+02  -2.0249425e+01
   4.1200000e+01   3.1530983e+02  -1.3009425e+01
   4.1300000e+01   3.1930983e+02  -7.5169425e+01
   4.1400000e+01   3.5230983e+02  -3.4894249e+00
   4.1500000e+01   2.8930983e+02  -2.2969425e+01
   4.1600000e+01   2.7030983e+02  -1.6209425e+01
   4.1700000e+01   3.7830983e+02   8.0470575e+01
   4.1800000e+01   5.0430983e+02   3.1430575e+01
   4.1900000e+01   2.4530983e+02   5.5790575e+01
   4.2000000e+01   3.9530983e+02  -8.2094249e+00
   4.2100000e+01   4.3530983e+02  -1.9809425e+01
   4.2200000e+01   2.5130983e+02   3.0550575e+01
   4.2300000e+01   3.3930983e+02  -9.9694249e+00
   4.2400000e+01   2.6630983e+02   4.1950575e+01
   4.2500000e+01   2.2430983e+02  -1.6369425e+01
   4.2600000e+01   3.9430983e+02   8.1830575e+01
   4.2700000e+01   1.7930983e+02  -1.1569425e+01
   4.2800000e+01   3.0330983e+02   3.8470575e+01
   4.2900000e+01   2.3030983e+02   1.0390575e+01
   4.3000000e+01   4.0330983e+02   7.6470575e+01
   4.3100000e+01   5.5230983e+02   2.5510575e+01
   4.3200000e+01   3.8630983e+02   3.1505751e+00
   4.3300000e+01   2.3530983e+02  -4.3809425e+01
   4.3400000e+01   1.9430983e+02   1.0830575e+01
   4.3500000e+01   4.4730983e+02   2.1710575e+01
   4.3600000e+01   2.7630983e+02   3.7550575e+01
   4.3700000e+01   5.2730983e+02   3.2510575e+01
   4.3800000e+01   2.3930983e+02  -8.9694249e+00
   4.3900000e+01   3.9230983e+02  -1.8089425e+01
   4.4000000e+01   3.5030983e+02   3.7590575e+01
   4.4100000e+01   4.1130983e+02  -1.0849425e+01
   4.4200000e+01   4.1530983e+02   1.5990575e+01
   4.4300000e+01   3.3130983e+02   1.3350575e+01
   4.4400000e+01   2.3430983e+02   1.2305751e+00
   4.4500000e+01   2.0330983e+02  -2.8529425e+01
   4.4600000e+01   3.0030983e+02  -1.0409425e+01
   4.4700000e+01   3.3430983e+02   4.0230575e+01
   4.4800000e+01   5.2930983e+02   5.8430575e+01
   4.4900000e+01   2.8330983e+02   6.2705751e+00
   4.5000000e+01   5.0430983e+02  -4.7569425e+01
   4.5100000e+01   3.5930983e+02  -2.4769425e+01
   4.5200000e+01   2.2630983e+02   8.7550575e+01
   4.5300000e+01   2.6930983e+02  -9.1694249e+00
   4.5400000e+01   2.9430983e+02  -6.9169425e+01
   4.5500000e+01   4.4330983e+02  -2.4129425e+01
   4.5600000e+01   3.7730983e+02  -5.4894249e+00
   4.5700000e+01   3.5730983e+02   4.2310575e+01
   4.5800000e+01   2.4730983e+02  -2.4289425e+01
   4.5900000e+01   2.5530983e+02   3.7390575e+01
   4.6000000e+01   3.2630983e+02  -8.4494249e+00
   4.6100000e+01   3.5930983e+02   1.7230575e+01
   4.6200000e+01   1.8330983e+02  -5.4729425e+01
   4.6300000e+01   1.9830983e+02   6.6705751e+00
   4.6400000e+01   3.4030983e+02  -3.9009425e+01
   4.6500000e+01   2.4930983e+02  -1.5369425e+01
   4.6600000e+01   3.4830983e+02  -1.3329425e+01
   4.6700000e+01   3.4730983e+02   3.8710575e+01
   4.6800000e+01   3.2230983e+02  -2.6289425e+01
   4.6900000e+01   1.2630983e+02  -3.1449425e+01
   4.7000000e+01   3.6830983e+02  -2.2129425e+01
   4.7100000e+01   3.1230983e+02  -1.8889425e+01
   4.7200000e+01   3.1130983e+02   6.1505751e+00
   4.7300000e+01   3.3230983e+02  -2.6689425e+01
   4.7400000e+01   3.4430983e+02  -2.9169425e+01
   4.7500000e+01   2.3430983e+02  -2.0769425e+01
   4.7600000e+01   4.6330983e+02  -7.9294249e+00
   4.7700000e+01   3.2030983e+02   3.7905751e+00
   4.7800000e+01   1.5730983e+02   2.7310575e+01
   4.7900000e+01   3.1630983e+02  -6.1049425e+01
   4.8000000e+01   2.4330983e+02   2.3870575e+01
   4.8100000e+01   3.2230983e+02   6.7105751e+00
   4.8200000e+01   3.2530983e+02  -1.0409425e+01
   4.8300000e+01   2.6230983e+02  -5.8894249e+00
   4.8400000e+01   4.2230983e+02  -9.2894249e+00
   4.8500000e+01   3.5030983e+02   1.1590575e+01
   4.8600000e+01   1.5130983e+02  -4.2449425e+01
   4.8700000e+01   4.1930983e+02   3.6830575e+01
   4.8800000e+01   4.0830983e+02   6.2270575e+01
   4.8900000e+01   2.8430983e+02   5.7230575e+01
   4.9000000e+01   3.0830983e+02  -1.0729425e+01
   4.9100000e+01   2.7830983e+02  -2.3529425e+01
   4.9200000e+01   3.3230983e+02  -2.2689425e+01
   4.9300000e+01   2.7430983e+02   3.3630575e+01
   4.9400000e+01   4.3930983e+02  -2.8969425e+01
   4.9500000e+01   2.6030983e+02   4.6190575e+01
   4.9600000e+01   1.8030983e+02  -4.1609425e+01
   4.9700000e+01   1.9030983e+02   2.5990575e+01
   4.9800000e+01   3.0430983e+02  -3.7569425e+01
   4.9900000e+01   1.2330983e+02   3.3670575e+01
   5.0000000e+01   1.6330983e+02  -3.0929425e+01
   5.0100000e+01   2.7030983e+02  -4.5209425e+01
   5.0200000e+01   2.9230983e+02  -3.2089425e+01
   5.0300000e+01   2.6430983e+02  -3.0969425e+01
   5.0400000e+01   3.3930983e+02  -3.0969425e+01
   5.0500000e+01   3.9730983e+02   1.7105751e+00
   5.0600000e+01   2.3330983e+02  -1.4729425e+01
   5.0700000e+01   3.0330983e+02   3.7470575e+01
   5.0800000e+01   3.5830983e+02   2.6270575e+01
   5.0900000e+01   3.6630983e+02  -4.6049425e+01
   5.1000000e+01   3.5430983e+02   6.4305751e+00
   5.1100000e+01   4.5530983e+02   2.3905751e+00
   5.1200000e+01   3.1030983e+02   4.1905751e+00
   5.1300000e+01   2.9030983e+02  -5.8009425e+01
   5.1400000e+01   2.9830983e+02   1.1670575e+01
   5.1500000e+01   3.0730983e+02  -5.0689425e+01
   5.1600000e+01   4.1930983e+02  -1.1694249e+00
   5.1700000e+01   3.8330983e+02   8.2705751e+00
   5.1800000e+01   3.0830983e+02   9.3270575e+01
   5.1900000e+01   4.3330983e+02   6.1270575e+01
   5.2000000e+01   5.6630983e+02  -3.2049425e+01
   5.2100000e+01   3.3230983e+02   4.7310575e+01
   5.2200000e+01   3.0130983e+02   1.2550575e+01
   5.2300000e+01   1.5630983e+02   6.6350575e+01
   5.2400000e+01   3.0130983e+02   2.2550575e+01
   5.2500000e+01   4.3130983e+02   2.2350575e+01
   5.2600000e+01   3.1430983e+02  -3.6969425e+01
   5.2700000e+01   4.5830983e+02  -2.9729425e+01
   5.2800000e+01   4.6630983e+02  -4.2049425e+01
   5.2900000e+01   3.3230983e+02   1.5310575e+01
   5.3000000e+01   3.4130983e+02   7.0950575e+01
   5.3100000e+01   2.7530983e+02  -1.5409425e+01
   5.3200000e+01   3.7030983e+02   2.6790575e+01
   5.3300000e+01   3.7530983e+02  -7.4094249e+00
   5.3400000e+01   2.9430983e+02  -7.1694249e+00
   5.3500000e+01   3.5330983e+02  -1.0529425e+01
   5.3600000e+01   3.9630983e+02   7.7750575e+01
   5.3700000e+01   3.0330983e+02   3.0470575e+01
   5.3800000e+01   1.9230983e+02   1.5910575e+01
   5.3900000e+01   4.5230983e+02  -1.7489425e+01
   5.4000000e+01   3.5130983e+02  -5.5449425e+01
   5.4100000e+01   3.7030983e+02  -5.2209425e+01
   5.4200000e+01   3.0730983e+02   2.4310575e+01
   5.4300000e+01   3.7130983e+02   3.8750575e+01
   5.4400000e+01   4.6930983e+02   1.0830575e+01
   5.4500000e+01   2.3330983e+02   1.0827058e+02
   5.4600000e+01   3.9930983e+02   8.6305751e+00
   5.4700000e+01   4.1330983e+02   2.2070575e+01
   5.4800000e+01   2.8830983e+02   5.0070575e+01
   5.4900000e+01   2.1430983e+02   2.0305751e+00
   5.5000000e+01   3.3030983e+02   2.8390575e+01
   5.5100000e+01   3.0130983e+02  -4.4494249e+00
   5.5200000e+01   3.2630983e+02   1.1155058e+02
   5.5300000e+01   3.1830983e+02  -1.1294249e+00
   5.5400000e+01   3.7930983e+02  -1.6569425e+01
   5.5500000e+01   2.9430983e+02  -1.5169425e+01
   5.5600000e+01   2.8030983e+02   1.2390575e+01
   5.5700000e+01   2.9330983e+02   4.1870575e+01
   5.5800000e+01   3.2730983e+02   6.4510575e+01
   5.5900000e+01   2.0730983e+02   1.0331058e+02
   5.6000000e+01   3.1230983e+02   4.8110575e+01
   5.6100000e+01   4.8230983e+02  -3.6689425e+01
   5.6200000e+01   1.3430983e+02   8.2305751e+00
   5.6300000e+01   2.5030983e+02   2.4590575e+01
   5.6400000e+01   2.0630983e+02  -2.1649425e+01
   5.6500000e+01   4.5330983e+02  -4.9529425e+01
   5.6600000e+01   2.2830983e+02   1.4705751e+00
   5.6700000e+01   2.4630983e+02   3.7505751e+00
   5.6800000e+01   1.8630983e+02  -3.9849425e+01
   5.6900000e+01   2.4830983e+02  -1.3294249e+00
   5.7000000e+01   4.4830983e+02  -2.8329425e+01
   5.7100000e+01   2.4130983e+02   5.9950575e+01
   5.7200000e+01   2.1330983e+02  -1.7929425e+01
   5.7300000e+01   1.8930983e+02   1.6030575e+01
   5.7400000e+01   2.7330983e+02   8.8670575e+01
   5.7500000e+01   2.1730983e+02   1.7910575e+01
   5.7600000e+01   3.8130983e+02   2.6350575e+01
   5.7700000e+01   2.1730983e+02  -1.1089425e+01
   5.7800000e+01   2.0030983e+02  -2.4094249e+00
   5.7900000e+01   1.9130983e+02  -3.1049425e+01
   5.8000000e+01   3.0130983e+02  -8.3449425e+01
   5.8100000e+01   3.0830983e+02  -6.6729425e+01
   5.8200000e+01   2.0730983e+02   1.1310575e+01
   5.8300000e+01   3.3930983e+02  -1.1969425e+01
   5.8400000e+01   4.0230983e+02  -3.1489425e+01
   5.8500000e+01   3.1630983e+02  -1.2049425e+01
   5.8600000e+01   3.0530983e+02   5.3390575e+01
   5.8700000e+01   3.2130983e+02  -2.3249425e+01
   5.8800000e+01   1.8430983e+02   3.4230575e+01
   5.8900000e+01   2.5430983e+02   3.2430575e+01
   5.9000000e+01   3.7830983e+02   9.4705751e+00
   5.9100000e+01   2.9430983e+02  -4.8169425e+01
   5.9200000e+01   3.2130983e+02   1.9750575e+01
   5.9300000e+01   1.8230983e+02   1.8310575e+01
   5.9400000e+01   2.4930983e+02  -1.2369425e+01
   5.9500000e+01   3.4130983e+02  -2.0049425e+01
   5.9600000e+01   3.0530983e+02   9.3905751e+00
   5.9700000e+01   1.6330983e+02   4.9070575e+01
   5.9800000e+01   2.7030983e+02  -1.2094249e+00
   5.9900000e+01   2.8030983e+02  -4.5609425e+01
   6.0000000e+01   4.3430983e+02  -2.3769425e+01
   6.0100000e+01   2.3030983e+02  -2.2609425e+01
   6.0200000e+01   3.4230983e+02   4.2910575e+01
   6.0300000e+01   2.4430983e+02  -4.1694249e+00
   6.0400000e+01   2.0330983e+02   3.6470575e+01
   6.0500000e+01   3.4030983e+02  -2.2009425e+01
   6.0600000e+01   1.3930983e+02  -1.7969425e+01
   6.0700000e+01   2.8130983e+02  -2.6649425e+01
   6.0800000e+01   4.2930983e+02   1.0430575e+01
   6.0900000e+01   2.7130983e+02   2.7750575e+01
   6.1000000e+01   2.8130983e+02   4.8350575e+01
   6.1100000e+01   4.5830983e+02  -2.7729425e+01
   6.1200000e+01   3.2130983e+02   2.3750575e+01
   6.1300000e+01   2.9230983e+02   8.9105751e+00
   6.1400000e+01   3.9530983e+02   4.0790575e+01
   6.1500000e+01   5.7630983e+02  -2.6449425e+01
   6.1600000e+01   2.3230983e+02  -5.6894249e+00
   6.1700000e+01   4.7230983e+02  -5.0289425e+01
   6.1800000e+01   4.3630983e+02   4.3150575e+01
   6.1900000e+01   2.9130983e+02   7.9505751e+00
   6.2000000e+01   4.3130983e+02   4.2350575e+01
   6.2100000e+01   2.6430983e+02   2.9030575e+01
   6.2200000e+01   3.0130983e+02  -1.5449425e+01
   6.2300000e+01   4.4730983e+02  -6.2894249e+00
   6.2400000e+01   3.5530983e+02  -4.3609425e+01
   6.2500000e+01   3.0130983e+02   1.8550575e+01
   6.2600000e+01   2.6530983e+02   2.8990575e+01
   6.2700000e+01   4.1330983e+02  -2.1929425e+01
   6.2800000e+01   2.5230983e+02   3.9510575e+01
   6.2900000e+01   2.3030983e+02   4.4390575e+01
   6.3000000e+01   2.4930983e+02  -4.3369425e+01
   6.3100000e+01   2.4330983e+02   3.6870575e+01
   6.3200000e+01   4.0230983e+02   5.1057514e-01
   6.3300000e+01   3.2030983e+02   2.7790575e+01
   6.3400000e+01   2.8730983e+02  -4.8889425e+01
   6.3500000e+01   3.4530983e+02  -3.2094249e+00
   6.3600000e+01   2.5730983e+02  -1.3689425e+01
   6.3700000e+01   4.7530983e+02  -1.8409425e+01
   6.3800000e+01   4.8230983e+02  -5.6894249e+00
   6.3900000e+01   2.9330983e+02   2.9870575e+01
   6.4000000e+01   2.0430983e+02  -3.4569425e+01
   6.4100000e+01   1.8330983e+02  -5.4729425e+01
   6.4200000e+01   1.6030983e+02   1.5190575e+01
   6.4300000e+01   1.5230983e+02   7.0510575e+01
   6.4400000e+01   3.6030983e+02   4.9190575e+01
   6.4500000e+01   2.2030983e+02  -9.2094249e+00
   6.4600000e+01   1.8830983e+02   2.7070575e+01
   6.4700000e+01   2.3130983e+02   1.8350575e+01
   6.4800000e+01   2.1630983e+02   3.3950575e+01
   6.4900000e+01   3.6830983e+02  -2.1294249e+00
   6.5000000e+01   2.9230983e+02   3.9105751e+00
   6.5100000e+01   1.9230983e+02  -2.4089425e+01
   6.5200000e+01   3.6630983e+02  -4.3049425e+01
   6.5300000e+01   2.9930983e+02  -2.2369425e+01
   6.5400000e+01   3.8930983e+02  -6.9969425e+01
   6.5500000e+01   3.4830983e+02  -2.4329425e+01
   6.5600000e+01   2.6430983e+02   4.4030575e+01
   6.5700000e+01   2.6130983e+02  -1.5849425e+01
   6.5800000e+01   2.6030983e+02   1.4190575e+01
   6.5900000e+01   2.4530983e+02   1.9790575e+01
   6.6000000e+01   3.2530983e+02   2.7590575e+01
   6.6100000e+01   4.2530983e+02  -2.4409425e+01
   6.6200000e+01   3.1130983e+02   5.3150575e+01
   6.6300000e+01   2.9330983e+02   4.4870575e+01
   6.6400000e+01   3.3930983e+02  -6.2969425e+01
   6.6500000e+01   2.1730983e+02  -6.7089425e+01
   6.6600000e+01   4.1830983e+02  -5.7129425e+01
   6.6700000e+01   2.7830983e+02  -1.5294249e+00
   6.6800000e+01   2.3430983e+02  -2.9769425e+01
   6.6900000e+01   2.0030983e+02  -1.2409425e+01
   6.7000000e+01   3.1530983e+02   2.9990575e+01
   6.7100000e+01   2.4730983e+02  -4.7289425e+01
   6.7200000e+01   3.2530983e+02  -2.7409425e+01
   6.7300000e+01   3.1730983e+02   2.3910575e+01
   6.7400000e+01   3.2530983e+02   7.7590575e+01
   6.7500000e+01   3.7730983e+02   1.0951058e+02
   6.7600000e+01   4.7530983e+02  -2.0409425e+01
   6.7700000e+01   3.4030983e+02  -3.1009425e+01
   6.7800000e+01   2.6630983e+02   1.4950575e+01
   6.7900000e+01   3.1230983e+02   6.2110575e+01
   6.8000000e+01   2.6230983e+02   2.9110575e+01
   6.8100000e+01   3.8330983e+02   9.0270575e+01
   6.8200000e+01   2.7830983e+02   6.5470575e+01
   6.8300000e+01   3.8630983e+02   2.0150575e+01
   6.8400000e+01   2.3530983e+02   1.1905751e+00
   6.8500000e+01   3.5930983e+02  -1.9769425e+01
   6.8600000e+01   1.6930983e+02   4.2830575e+01
   6.8700000e+01   2.8730983e+02  -7.8894249e+00
   6.8800000e+01   2.2330983e+02   6.4670575e+01
   6.8900000e+01   2.6330983e+02   1.1207058e+02
   6.9000000e+01   4.9130983e+02  -6.0494249e+00
   6.9100000e+01   2.9030983e+02   1.6990575e+01
   6.9200000e+01   3.0830983e+02   5.9270575e+01
   6.9300000e+01   4.4030983e+02  -3.9009425e+01
   6.9400000e+01   2.5530983e+02   8.2390575e+01
   6.9500000e+01   1.8930983e+02   2.6030575e+01
   6.9600000e+01   2.7930983e+02  -6.5694249e+00
   6.9700000e+01   2.9530983e+02  -2.4209425e+01
   6.9800000e+01   3.8030983e+02   3.4390575e+01
   6.9900000e+01   3.7630983e+02  -6.4494249e+00
   7.0000000e+01   3.4930983e+02  -8.3694249e+00
   7.0100000e+01   3.4830983e+02   1.6705751e+00
   7.0200000e+01   3.8530983e+02   5.1905751e+00
   7.0300000e+01   1.8230983e+02   3.2310575e+01
   7.0400000e+01   3.7309833e+01   3.9110575e+01
   7.0500000e+01  -7.9690167e+01   2.0790575e+01
   7.0600000e+01  -3.6690167e+01   7.0705751e+00
   7.0700000e+01   2.9309833e+01  -2.1569425e+01
   7.0800000e+01  -4.6901670e+00  -7.2094249e+00
   7.0900000e+01   8.0309833e+01   4.3390575e+01
   7.1000000e+01   1.1730983e+02  -1.4089425e+01
   7.1100000e+01   3.4309833e+01   2.5230575e+01
   7.1200000e+01   1.4309833e+01  -1.2969425e+01
   7.1300000e+01  -2.0690167e+01   3.9430575e+01
   7.1400000e+01  -3.6901670e+00   3.4750575e+01
   7.1500000e+01   6.6309833e+01   3.1950575e+01
   7.1600000e+01  -2.2690167e+01   1.8510575e+01
   7.1700000e+01  -6.4690167e+01   1.1905751e+00
   7.1800000e+01   8.4309833e+01   4.4230575e+01
   7.1900000e+01   2.4309833e+01   1.0630575e+01
   7.2000000e+01   2.4309833e+01   2.2630575e+01
   7.2100000e+01  -2.8690167e+01   9.6750575e+01
   7.2200000e+01   2.0309833e+01   5.8790575e+01
   7.2300000e+01  -9.6901670e+00  -2.0094249e+00
   7.2400000e+01   1.1130983e+02   3.0150575e+01
   7.2500000e+01  -2.2690167e+01   7.5105751e+00
   7.2600000e+01   1.1309833e+01   2.6150575e+01
   7.2700000e+01  -1.2469017e+02   2.1590575e+01
   7.2800000e+01   4.3309833e+01   8.5870575e+01
   7.2900000e+01   8.4309833e+01  -3.8769425e+01
   7.3000000e+01   4.5309833e+01   2.6790575e+01
   7.3100000e+01   5.8309833e+01  -3.0729425e+01
   7.3200000e+01   8.2309833e+01  -7.6894249e+00
   7.3300000e+01  -1.6901670e+00   2.6705751e+00
   7.3400000e+01  -6.3690167e+01   6.1150575e+01
   7.3500000e+01   1.3098330e+00   9.1550575e+01
   7.3600000e+01  -6.6901670e+00   1.5870575e+01
   7.3700000e+01   8.9309833e+01   1.0305751e+00
   7.3800000e+01  -1.2690167e+01   1.3110575e+01
   7.3900000e+01  -1.2690167e+01   7.8110575e+01
   7.4000000e+01   3.0983302e-01  -1.1409425e+01
   7.4100000e+01   2.3098330e+00  -2.9489425e+01
   7.4200000e+01  -1.7690167e+01   1.3310575e+01
   7.4300000e+01   4.1309833e+01  -4.0049425e+01
   7.4400000e+01   5.7309833e+01   1.0310575e+01
   7.4500000e+01  -2.9690167e+01  -1.0209425e+01
   7.4600000e+01   6.1309833e+01  -1.9849425e+01
   7.4700000e+01   6.3098330e+00  -1.3649425e+01
   7.4800000e+01   6.5309833e+01  -5.5009425e+01
   7.4900000e+01   3.6309833e+01   1.8150575e+01
   7.5000000e+01   5.0309833e+01   1.4590575e+01
   7.5100000e+01   7.3309833e+01  -9.3294249e+00
   7.5200000e+01   8.4309833e+01  -2.2769425e+01
   7.5300000e+01   4.4309833e+01  -2.6169425e+01
   7.5400000e+01   4.4309833e+01   3.8830575e+01
   7.5500000e+01   2.0309833e+01  -2.2094249e+00
   7.5600000e+01   1.6309833e+01  -2.2049425e+01
   7.5700000e+01  -8.2690167e+01   3.5910575e+01
   7.5800000e+01   3.5309833e+01  -1.1809425e+01
   7.5900000e+01  -2.9690167e+01   6.6790575e+01
   7.6000000e+01  -5.8690167e+01   1.9950575e+01
   7.6100000e+01  -1.4690167e+01   6.9190575e+01
   7.6200000e+01  -2.0690167e+01   1.6430575e+01
   7.6300000e+01   9.3098330e+00  -2.8769425e+01
   7.6400000e+01   5.3309833e+01   4.7057514e-01
   7.6500000e+01  -1.0690167e+01  -1.4969425e+01
   7.6600000e+01  -3.2690167e+01   1.0910575e+01
   7.6700000e+01  -3.3690167e+01   2.8950575e+01
   7.6800000e+01   3.9309833e+01   4.0305751e+00
   7.6900000e+01  -4.0690167e+01  -4.0769425e+01
   7.7000000e+01  -1.3690167e+01  -2.0849425e+01
   7.7100000e+01   1.0309833e+01   6.7190575e+01
   7.7200000e+01   4.9309833e+01   2.6630575e+01
   7.7300000e+01   3.3309833e+01  -1.7729425e+01
   7.7400000e+01  -5.6690167e+01   2.7870575e+01
   7.7500000e+01   1.0330983e+02   4.9470575e+01
   7.7600000e+01  -1.6901670e+00  -2.0329425e+01
   7.7700000e+01   2.6309833e+01   5.9550575e+01
   7.7800000e+01   3.0309833e+01  -2.8609425e+01
   7.7900000e+01  -8.3690167e+01  -6.0494249e+00
   7.8000000e+01  -3.6690167e+01  -2.2929425e+01
   7.8100000e+01  -9.4690167e+01  -4.1609425e+01
   7.8200000e+01   2.3098330e+00   3.7510575e+01
   7.8300000e+01  -4.0690167e+01   8.2305751e+00
   7.8400000e+01  -4.8690167e+01   6.9550575e+01
   7.8500000e+01  -4.5690167e+01  -1.5694249e+00
   7.8600000e+01  -8.0690167e+01  -1.4169425e+01
   7.8700000e+01   5.7309833e+01  -6.8689425e+01
   7.8800000e+01   3.7309833e+01  -4.3889425e+01
   7.8900000e+01  -2.4690167e+01   2.6590575e+01
   7.9000000e+01  -3.5690167e+01  -7.9694249e+00
   7.9100000e+01  -2.2690167e+01   6.2510575e+01
   7.9200000e+01  -2.6690167e+01  -8.1329425e+01
   7.9300000e+01   2.1309833e+01   2.9750575e+01
   7.9400000e+01   6.4309833e+01   2.1030575e+01
   7.9500000e+01  -8.1690167e+01  -1.2942486e-01
   7.9600000e+01  -4.8690167e+01   2.8550575e+01
   7.9700000e+01   8.7309833e+01   3.8110575e+01
   7.9800000e+01   4.5309833e+01   4.2790575e+01
   7.9900000e+01   5.1309833e+01   2.2550575e+01
   8.0000000e+01  -4.0690167e+01   2.8230575e+01
   8.0100000e+01   4.3098330e+00  -1.5569425e+01
   8.0200000e+01  -3.6690167e+01  -2.0929425e+01
   8.0300000e+01   3.6309833e+01   8.1505751e+00
   8.0400000e+01  -7.7690167e+01   5.5710575e+01
   8.0500000e+01   5.2309833e+01  -7.4894249e+00
   8.0600000e+01   5.5309833e+01   3.4390575e+01
   8.0700000e+01   1.5309833e+01  -1.3009425e+01
   8.0800000e+01   9.3098330e+00  -1.1769425e+01
   8.0900000e+01  -9.6901670e+00   4.9990575e+01
   8.1000000e+01   7.3098330e+00  -6.6894249e+00
   8.1100000e+01  -1.9690167e+01  -7.6094249e+00
   8.1200000e+01   4.6309833e+01   2.7750575e+01
   8.1300000e+01   5.3098330e+00   9.3905751e+00
   8.1400000e+01  -5.6901670e+00  -4.8169425e+01
   8.1500000e+01  -7.5690167e+01  -3.5369425e+01
   8.1600000e+01  -1.6901670e+00  -1.1329425e+01
   8.1700000e+01  -1.0690167e+01   1.3030575e+01
   8.1800000e+01   4.3098330e+00  -5.1569425e+01
   8.1900000e+01  -2.5690167e+01   6.3057514e-01
   8.2000000e+01  -4.3690167e+01  -3.6494249e+00
   8.2100000e+01  -6.9690167e+01  -1.5609425e+01
   8.2200000e+01   3.3098330e+00  -3.0529425e+01
   8.2300000e+01  -1.0069017e+02  -4.0369425e+01
   8.2400000e+01   3.1309833e+01   2.1350575e+01
   8.2500000e+01   3.0309833e+01  -5.4609425e+01
   8.2600000e+01   4.1309833e+01   2.5950575e+01
   8.2700000e+01  -1.6901670e+00  -3.3329425e+01
   8.2800000e+01  -4.7690167e+01   4.4510575e+01
   8.2900000e+01  -2.4690167e+01   7.1590575e+01
   8.3000000e+01  -4.6901670e+00   8.7905751e+00
   8.3100000e+01  -9.6901670e+00  -3.2009425e+01
   8.3200000e+01  -2.6690167e+01   4.2670575e+01
   8.3300000e+01   1.7309833e+01  -1.0894249e+00
   8.3400000e+01  -8.8690167e+01  -6.9849425e+01
   8.3500000e+01   5.9309833e+01  -4.7694249e+00
   8.3600000e+01  -7.0690167e+01  -4.1569425e+01
   8.3700000e+01  -1.1169017e+02   6.4070575e+01
   8.3800000e+01   9.6309833e+01   2.7505751e+00
   8.3900000e+01   1.1309833e+01   4.8150575e+01
   8.4000000e+01  -6.7690167e+01   2.8310575e+01
   8.4100000e+01   1.0730983e+02   5.0310575e+01
   8.4200000e+01   6.7309833e+01   1.3391058e+02
   8.4300000e+01   1.4230983e+02   7.0910575e+01
   8.4400000e+01   1.0430983e+02   4.6430575e+01
   8.4500000e+01  -4.0690167e+01   5.8230575e+01
   8.4600000e+01  -3.6901670e+00   3.1750575e+01
   8.4700000e+01  -9.1690167e+01  -2.7294249e+00
   8.4800000e+01   7.9309833e+01   6.2430575e+01
   8.4900000e+01  -1.0769017e+02   7.9105751e+00
   8.5000000e+01   2.8309833e+01  -1.0529425e+01
   8.5100000e+01   7.9309833e+01  -2.8569425e+01
   8.5200000e+01  -2.9690167e+01   3.5790575e+01
   8.5300000e+01   3.1309833e+01   1.2350575e+01
   8.5400000e+01   1.2330983e+02   2.9670575e+01
   8.5500000e+01  -6.2690167e+01   7.9110575e+01
   8.5600000e+01   2.7309833e+01  -1.8489425e+01
   8.5700000e+01  -1.1069017e+02  -2.7969425e+01
   8.5800000e+01   5.0309833e+01   4.5590575e+01
   8.5900000e+01  -6.5690167e+01  -2.7769425e+01
   8.6000000e+01   3.2309833e+01  -4.6894249e+00
   8.6100000e+01   3.7309833e+01   2.4110575e+01
   8.6200000e+01  -5.6690167e+01   2.4870575e+01
   8.6300000e+01   9.3098330e+00  -1.5769425e+01
   8.6400000e+01   1.4309833e+01   3.0305751e+00
   8.6500000e+01   6.1309833e+01  -1.4849425e+01
   8.6600000e+01   6.7309833e+01   3.6910575e+01
   8.6700000e+01  -4.0690167e+01   8.9230575e+01
   8.6800000e+01   4.3098330e+00  -1.3569425e+01
   8.6900000e+01  -6.9690167e+01   1.9390575e+01
   8.7000000e+01  -6.2690167e+01  -4.1889425e+01
   8.7100000e+01  -5.1690167e+01   1.2670575e+01
   8.7200000e+01   6.4309833e+01  -5.7969425e+01
   8.7300000e+01  -7.0690167e+01  -3.3569425e+01
   8.7400000e+01  -1.7690167e+01   1.3105751e+00
   8.7500000e+01  -1.0690167e+01  -2.3969425e+01
   8.7600000e+01   9.3098330e+00   6.2305751e+00
   8.7700000e+01  -9.6901670e+00  -5.9009425e+01
   8.7800000e+01  -5.6901670e+00   8.3057514e-01
   8.7900000e+01  -1.4690167e+01  -8.0942486e-01
   8.8000000e+01  -6.0690167e+01   2.3030575e+01
   8.8100000e+01   2.8309833e+01   2.4470575e+01
   8.8200000e+01   2.2309833e+01   2.1710575e+01
   8.8300000e+01  -6.4690167e+01  -4.5809425e+01
   8.8400000e+01   3.0309833e+01   4.3390575e+01
   8.8500000e+01  -1.5690167e+01  -4.1769425e+01
   8.8600000e+01  -3.1690167e+01   3.3870575e+01
   8.8700000e+01   1.5309833e+01   3.4990575e+01
   8.8800000e+01   4.2309833e+01   1.0910575e+01
   8.8900000e+01   2.5309833e+01  -1.8409425e+01
   8.9000000e+01   5.9309833e+01   3.2230575e+01
   8.9100000e+01   3.4309833e+01   5.2305751e+00
   8.9200000e+01   1.3309833e+01  -1.0929425e+01
   8.9300000e+01  -4.6690167e+01  -5.2942486e-01
   8.9400000e+01  -5.5690167e+01   3.8830575e+01
   8.9500000e+01   6.9309833e+01  -3.1694249e+00
   8.9600000e+01  -5.6690167e+01   2.4870575e+01
   8.9700000e+01   3.1309833e+01  -3.4649425e+01
   8.9800000e+01   1.0309833e+01   2.9190575e+01
   8.9900000e+01  -3.6901670e+00   2.8750575e+01
   9.0000000e+01  -1.8690167e+01  -2.4649425e+01
   9.0100000e+01  -7.5690167e+01   1.2163058e+02
   9.0200000e+01   1.5530983e+02   1.3905751e+00
   9.0300000e+01  -2.6901670e+00  -1.6289425e+01
   9.0400000e+01  -8.2690167e+01   9.9105751e+00
   9.0500000e+01  -4.9690167e+01   3.6590575e+01
   9.0600000e+01   1.8309833e+01   3.8705751e+00
   9.0700000e+01  -4.8690167e+01  -1.5449425e+01
   9.0800000e+01  -4.2690167e+01  -9.6894249e+00
   9.0900000e+01   2.0309833e+01   1.1790575e+01
   9.1000000e+01   3.0983302e-01   2.9590575e+01
   9.1100000e+01  -5.8690167e+01   4.1950575e+01
   9.1200000e+01  -1.9690167e+01   6.3905751e+00
   9.1300000e+01  -3.2690167e+01   6.9105751e+00
   9.1400000e+01  -6.2690167e+01   5.1105751e+00
   9.1500000e+01   4.3098330e+00   8.4430575e+01
   9.1600000e+01  -6.8690167e+01   9.3505751e+00
   9.1700000e+01   5.7309833e+01   5.3105751e+00
   9.1800000e+01   1.8230983e+02   3.3310575e+01
   9.1900000e+01   8.5309833e+01   9.8190575e+01
   9.2000000e+01  -6.1690167e+01  -2.9929425e+01
   9.2100000e+01   4.3098330e+00   3.1430575e+01
   9.2200000e+01  -2.5690167e+01  -2.3694249e+00
   9.2300000e+01   4.0309833e+01  -4.4009425e+01
   9.2400000e+01  -8.9690167e+01  -8.0942486e-01
   9.2500000e+01  -3.6901670e+00   2.4750575e+01
   9.2600000e+01   1.1309833e+01  -3.5849425e+01
   9.2700000e+01  -6.9690167e+01   1.0390575e+01
   9.2800000e+01  -1.1769017e+02  -6.8942486e-01
   9.2900000e+01   8.2309833e+01   2.2310575e+01
   9.3000000e+01  -1.9690167e+01  -2.8609425e+01
   9.3100000e+01   3.3309833e+01   2.3270575e+01
   9.3200000e+01   2.1309833e+01   1.7750575e+01
   9.3300000e+01  -6.9016698e-01  -1.7369425e+01
   9.3400000e+01   1.2309833e+01   4.1105751e+00
   9.3500000e+01  -5.9690167e+01   6.5990575e+01
   9.3600000e+01  -1.0469017e+02  -1.9209425e+01
   9.3700000e+01   1.0130983e+02   3.3550575e+01
   9.3800000e+01   9.5309833e+01  -1.1209425e+01
   9.3900000e+01  -6.9016698e-01  -3.8369425e+01
   9.4000000e+01  -7.7690167e+01   5.5710575e+01
   9.4100000e+01   2.0130983e+02  -4.1449425e+01
   9.4200000e+01   2.9309833e+01  -3.8569425e+01
   9.4300000e+01  -4.0690167e+01   6.2305751e+00
   9.4400000e+01   3.3098330e+00   7.4705751e+00
   9.4500000e+01   1.1630983e+02   2.0950575e+01
   9.4600000e+01   5.1309833e+01  -4.4449425e+01
   9.4700000e+01   6.3098330e+00   2.3505751e+00
   9.4800000e+01  -3.6901670e+00  -5.0249425e+01
   9.4900000e+01   3.7309833e+01   3.0110575e+01
   9.5000000e+01   2.3098330e+00   5.5105751e+00
   9.5100000e+01   2.9309833e+01  -5.9569425e+01
   9.5200000e+01  -9.3690167e+01  -4.6494249e+00
   9.5300000e+01   1.8309833e+01   4.6870575e+01
   9.5400000e+01   7.4309833e+01   3.6305751e+00
   9.5500000e+01   4.1309833e+01  -6.0494249e+00
   9.5600000e+01  -9.2690167e+01  -1.0689425e+01
   9.5700000e+01  -1.2690167e+01   3.1110575e+01
   9.5800000e+01  -1.6901670e+00  -1.2329425e+01
   9.5900000e+01  -4.7690167e+01  -3.2489425e+01
   9.6000000e+01  -8.8690167e+01  -2.2849425e+01
   9.6100000e+01  -4.6901670e+00  -5.8209425e+01
   9.6200000e+01  -6.2690167e+01  -2.8889425e+01
   9.6300000e+01   7.3098330e+00  -3.1689425e+01
   9.6400000e+01  -2.3690167e+01  -4.4494249e+00
   9.6500000e+01  -2.9690167e+01  -7.7209425e+01
   9.6600000e+01   8.4309833e+01  -1.2769425e+01
   9.6700000e+01  -7.6901670e+00  -6.0894249e+00
   9.6800000e+01   1.1309833e+01  -1.0849425e+01
   9.6900000e+01   2.1309833e+01  -3.6249425e+01
   9.7000000e+01   2.7309833e+01   3.1510575e+01
   9.7100000e+01   4.0309833e+01  -1.9009425e+01
   9.7200000e+01  -1.5690167e+01   2.0230575e+01
   9.7300000e+01  -6.2690167e+01   1.8110575e+01
   9.7400000e+01  -6.7690167e+01   6.2310575e+01
   9.7500000e+01   2.1309833e+01  -2.8249425e+01
   9.7600000e+01  -5.5690167e+01  -7.1694249e+00
   9.7700000e+01  -1.3690167e+01  -2.4849425e+01
   9.7800000e+01  -4.8690167e+01   3.2550575e+01
   9.7900000e+01  -4.6901670e+00  -3.4209425e+01
   9.8000000e+01  -5.8690167e+01  -4.2049425e+01
   9.8100000e+01  -7.3690167e+01   3.5505751e+00
   9.8200000e+01   3.7309833e+01  -6.2889425e+01
   9.8300000e+01   1.2730983e+02   2.6510575e+01
   9.8400000e+01  -1.3690167e+01  -2.0849425e+01
   9.8500000e+01   1.5430983e+02   2.4430575e+01
   9.8600000e+01   5.7309833e+01  -2.0689425e+01
   9.8700000e+01  -6.4690167e+01  -6.8094249e+00
   9.8800000e+01   6.4309833e+01  -2.1969425e+01
   9.8900000e+01   1.8530983e+02   1.3190575e+01
   9.9000000e+01   1.4309833e+01   1.1030575e+01
   9.9100000e+01   2.8309833e+01  -1.7529425e+01
   9.9200000e+01   1.1330983e+02  -2.3929425e+01
   9.9300000e+01   5.4309833e+01  -1.4569425e+01
   9.9400000e+01   4.0309833e+01   3.9905751e+00
   9.9500000e+01  -5.6690167e+01  -3.4129425e+01
   9.9600000e+01  -3.5690167e+01  -4.9969425e+01
   9.9700000e+01  -9.8690167e+01  -4.4494249e+00
   9.9800000e+01   3.3098330e+00   1.1470575e+01
   9.9900000e+01  -5.1690167e+01  -1.2329425e+01
   1.0000000e+02  -9.2690167e+01  -8.6894249e+00
   1.0010000e+02  -1.7690167e+01   7.4310575e+01
   1.0020000e+02  -2.5690167e+01  -6.0369425e+01
   1.0030000e+02  -5.4690167e+01   5.1790575e+01
   1.0040000e+02   1.4309833e+01   7.9030575e+01
   1.0050000e+02  -4.8690167e+01  -1.0449425e+01
   1.0060000e+02  -5.6901670e+00   7.0830575e+01
   1.0070000e+02  -6.6690167e+01   2.5270575e+01
   1.0080000e+02  -2.6690167e+01  -5.8329425e+01
   1.0090000e+02  -1.4690167e+01  -2.6809425e+01
   1.0100000e+02   5.2309833e+01   2.8510575e+01
   1.0110000e+02   1.5309833e+01  -3.5009425e+01
   1.0120000e+02  -3.6901670e+00   2.1750575e+01
   1.0130000e+02   1.0530983e+02   5.3905751e+00
   1.0140000e+02  -1.3690167e+01   8.1505751e+00
   1.0150000e+02   4.4309833e+01  -5.1694249e+00
   1.0160000e+02   4.7309833e+01   1.5710575e+01
   1.0170000e+02  -1.6901670e+00   4.6670575e+01
   1.0180000e+02   8.7309833e+01  -3.9889425e+01
   1.0190000e+02   2.4309833e+01   1.1630575e+01
   1.0200000e+02   9.5309833e+01   3.1790575e+01
   1.0210000e+02  -2.6901670e+00  -1.3289425e+01
   1.0220000e+02  -4.7690167e+01  -6.4894249e+00
   1.0230000e+02   3.0983302e-01  -1.4094249e+00
   1.0240000e+02  -2.6690167e+01  -1.6329425e+01
   1.0250000e+02   2.8309833e+01   5.9470575e+01
   1.0260000e+02   5.3098330e+00  -2.8609425e+01
   1.0270000e+02   8.0309833e+01   5.9390575e+01
   1.0280000e+02   3.3309833e+01   2.3270575e+01
   1.0290000e+02   6.3098330e+00   3.2350575e+01
   1.0300000e+02   1.4309833e+01  -4.5969425e+01
   1.0310000e+02   1.7309833e+01  -1.0089425e+01
   1.0320000e+02   2.8309833e+01   1.2470575e+01
   1.0330000e+02  -2.6690167e+01  -6.3294249e+00
   1.0340000e+02   4.4309833e+01  -7.1694249e+00
   1.0350000e+02   5.8309833e+01  -2.5729425e+01
   1.0360000e+02   2.3098330e+00   1.0651058e+02
   1.0370000e+02   8.1309833e+01   2.1350575e+01
   1.0380000e+02   2.5309833e+01   3.5905751e+00
   1.0390000e+02  -3.8690167e+01   1.5150575e+01
   1.0400000e+02   3.6309833e+01  -3.2849425e+01
   1.0410000e+02  -3.5690167e+01   6.8030575e+01
   1.0420000e+02  -8.8690167e+01   4.3150575e+01
   1.0430000e+02   5.2309833e+01  -4.8942486e-01
   1.0440000e+02  -9.2690167e+01  -2.6894249e+00
   1.0450000e+02   2.7309833e+01   3.1510575e+01
   1.0460000e+02  -9.7690167e+01   3.4510575e+01
   1.0470000e+02   6.6309833e+01  -3.8049425e+01
   1.0480000e+02  -6.9016698e-01  -1.9369425e+01
   1.0490000e+02   6.0309833e+01  -3.0809425e+01
   1.0500000e+02   1.0930983e+02  -1.7694249e+00
   1.0510000e+02  -4.3690167e+01  -1.9649425e+01
   1.0520000e+02   1.9309833e+01  -1.6942486e-01
   1.0530000e+02  -9.6690167e+01   7.0470575e+01
   1.0540000e+02  -6.9016698e-01  -1.6369425e+01
   1.0550000e+02  -5.5690167e+01   3.5830575e+01
   1.0560000e+02   1.5730983e+02   5.3105751e+00
   1.0570000e+02   3.1309833e+01  -3.0649425e+01
   1.0580000e+02  -1.1690167e+01   1.1070575e+01
   1.0590000e+02  -6.4690167e+01   1.9057514e-01
   1.0600000e+02  -4.6690167e+01  -3.7529425e+01
   1.0610000e+02  -6.6901670e+00  -1.4129425e+01
   1.0620000e+02  -4.5690167e+01   4.9430575e+01
   1.0630000e+02  -7.1690167e+01   4.7057514e-01
   1.0640000e+02  -2.9690167e+01   3.6790575e+01
   1.0650000e+02   2.6309833e+01   2.5505751e+00
   1.0660000e+02   8.6309833e+01   3.8150575e+01
   1.0670000e+02   1.1309833e+01  -1.4849425e+01
   1.0680000e+02  -6.9016698e-01   1.2630575e+01
   1.0690000e+02   2.1309833e+01  -3.3249425e+01
   1.0700000e+02  -9.6901670e+00  -1.6009425e+01
   1.0710000e+02  -1.2690167e+01  -4.7889425e+01
   1.0720000e+02  -6.1690167e+01  -4.2929425e+01
   1.0730000e+02  -6.4690167e+01   1.1190575e+01
   1.0740000e+02   2.1309833e+01  -4.1249425e+01
   1.0750000e+02  -1.6690167e+01  -1.1729425e+01
   1.0760000e+02  -1.3690167e+01   6.7150575e+01
   1.0770000e+02  -2.4690167e+01   3.3590575e+01
   1.0780000e+02  -2.0690167e+01  -5.5694249e+00
   1.0790000e+02   8.4309833e+01   2.8230575e+01
   1.0800000e+02   3.5309833e+01   2.1905751e+00
   1.0810000e+02  -5.6901670e+00   2.3830575e+01
   1.0820000e+02   6.0309833e+01  -7.8094249e+00
   1.0830000e+02  -1.8690167e+01  -4.6494249e+00
   1.0840000e+02   8.3309833e+01  -8.5729425e+01
   1.0850000e+02   6.3309833e+01  -2.7929425e+01
   1.0860000e+02   5.9309833e+01  -2.0769425e+01
   1.0870000e+02   7.7309833e+01  -1.4489425e+01
   1.0880000e+02  -6.2690167e+01  -2.3889425e+01
   1.0890000e+02   1.2530983e+02  -5.7409425e+01
   1.0900000e+02  -1.0069017e+02  -3.3369425e+01
   1.0910000e+02   7.9309833e+01  -6.8569425e+01
   1.0920000e+02  -3.8690167e+01   6.0150575e+01
   1.0930000e+02  -7.3690167e+01  -6.4449425e+01
   1.0940000e+02  -5.8690167e+01  -7.9049425e+01
   1.0950000e+02  -1.4690167e+01  -4.7809425e+01
   1.0960000e+02  -5.5690167e+01  -1.1694249e+00
   1.0970000e+02   5.1309833e+01   7.6550575e+01
   1.0980000e+02   4.4309833e+01  -4.7169425e+01
   1.0990000e+02  -5.1690167e+01  -1.3294249e+00
   1.1000000e+02  -6.1690167e+01  -5.7929425e+01
   1.1010000e+02   1.6309833e+01  -2.9049425e+01
   1.1020000e+02  -2.3690167e+01   7.4550575e+01
   1.1030000e+02   7.4309833e+01  -1.9369425e+01
   1.1040000e+02  -2.7690167e+01  -7.2894249e+00
   1.1050000e+02   8.9309833e+01  -3.6969425e+01
   1.1060000e+02  -4.1690167e+01   2.3270575e+01
   1.1070000e+02  -7.7690167e+01   2.8710575e+01
   1.1080000e+02   1.6030983e+02  -5.1809425e+01
   1.1090000e+02  -9.5690167e+01  -1.5569425e+01
   1.1100000e+02   9.3098330e+00   2.7230575e+01
   1.1110000e+02   6.4309833e+01   1.7030575e+01
   1.1120000e+02   7.1309833e+01  -9.2494249e+00
   1.1130000e+02  -5.7690167e+01   3.2910575e+01
   1.1140000e+02  -9.8690167e+01   4.7550575e+01
   1.1150000e+02  -2.8690167e+01   2.7505751e+00
   1.1160000e+02  -1.7690167e+01  -2.4689425e+01
   1.1170000e+02  -3.2690167e+01  -6.3089425e+01
   1.1180000e+02  -2.9690167e+01  -1.2209425e+01
   1.1190000e+02  -5.9690167e+01   7.7990575e+01
   1.1200000e+02   2.5309833e+01   2.2590575e+01
   1.1210000e+02   5.2309833e+01  -3.3489425e+01
   1.1220000e+02   4.0309833e+01  -1.9009425e+01
   1.1230000e+02   3.6309833e+01  -2.0849425e+01
   1.1240000e+02   2.8309833e+01  -8.5294249e+00
   1.1250000e+02  -2.8690167e+01   5.7750575e+01
   1.1260000e+02  -3.2690167e+01   1.4910575e+01
   1.1270000e+02   1.3098330e+00  -3.2449425e+01
   1.1280000e+02  -6.0690167e+01  -2.1969425e+01
   1.1290000e+02  -3.2690167e+01  -3.5089425e+01
   1.1300000e+02   3.9309833e+01   9.7030575e+01
   1.1310000e+02  -6.9016698e-01  -5.3694249e+00
   1.1320000e+02  -4.9690167e+01   8.5905751e+00
   1.1330000e+02   7.3098330e+00  -5.3689425e+01
   1.1340000e+02   7.3309833e+01   4.6670575e+01
   1.1350000e+02  -6.7690167e+01  -4.6894249e+00
   1.1360000e+02   6.6309833e+01  -3.0494249e+00
   1.1370000e+02  -7.9690167e+01  -5.7209425e+01
   1.1380000e+02   2.3309833e+01  -5.1329425e+01
   1.1390000e+02   4.7309833e+01  -6.5289425e+01
   1.1400000e+02   3.3098330e+00  -2.4529425e+01
   1.1410000e+02   5.2309833e+01  -4.6489425e+01
   1.1420000e+02  -7.4690167e+01  -2.3409425e+01
   1.1430000e+02  -5.5690167e+01  -5.6169425e+01
   1.1440000e+02  -5.4690167e+01  -6.2094249e+00
   1.1450000e+02  -1.1369017e+02  -3.3849425e+01
   1.1460000e+02  -6.9016698e-01   1.0630575e+01
   1.1470000e+02   3.4309833e+01   5.2305751e+00
   1.1480000e+02  -3.9690167e+01   9.1905751e+00
   1.1490000e+02  -4.3690167e+01   5.3505751e+00
   1.1500000e+02   6.3098330e+00  -3.7649425e+01
   1.1510000e+02   4.5309833e+01  -7.1209425e+01
   1.1520000e+02  -1.2690167e+01  -1.3889425e+01
   1.1530000e+02   8.2309833e+01   3.3105751e+00
   1.1540000e+02   1.5930983e+02  -1.3769425e+01
   1.1550000e+02  -5.6901670e+00   1.3830575e+01
   1.1560000e+02   9.7309833e+01  -2.8942486e-01
   1.1570000e+02   1.0230983e+02   6.5105751e+00
   1.1580000e+02  -7.6901670e+00  -3.8089425e+01
   1.1590000e+02  -8.8690167e+01  -3.7849425e+01
   1.1600000e+02   2.7309833e+01   2.5105751e+00
   1.1610000e+02  -1.7690167e+01   6.1310575e+01
   1.1620000e+02  -4.6690167e+01  -3.9529425e+01
   1.1630000e+02  -3.6690167e+01   3.0070575e+01
   1.1640000e+02   1.3098330e+00  -4.4494249e+00
   1.1650000e+02   3.8309833e+01  -4.7929425e+01
   1.1660000e+02   5.4309833e+01  -3.8569425e+01
   1.1670000e+02  -5.4690167e+01   2.2790575e+01
   1.1680000e+02   2.8309833e+01  -1.0529425e+01
   1.1690000e+02   1.3098330e+00   5.5057514e-01
   1.1700000e+02  -2.9690167e+01  -4.2094249e+00
   1.1710000e+02   2.7309833e+01   4.8510575e+01
   1.1720000e+02  -9.3690167e+01   3.3505751e+00
   1.1730000e+02   1.0309833e+01   2.1190575e+01
   1.1740000e+02  -5.9690167e+01   2.5990575e+01
   1.1750000e+02   6.0309833e+01  -3.4809425e+01
   1.1760000e+02  -2.4690167e+01  -1.7409425e+01
   1.1770000e+02  -1.6901670e+00   1.5670575e+01
   1.1780000e+02   1.5430983e+02  -3.7569425e+01
   1.1790000e+02  -8.7690167e+01  -5.8894249e+00
   1.1800000e+02   4.7309833e+01   8.7105751e+00
   1.1810000e+02  -2.6690167e+01   2.8670575e+01
   1.1820000e+02  -4.8690167e+01  -1.4494249e+00
   1.1830000e+02  -3.6901670e+00  -6.8249425e+01
   1.1840000e+02  -1.8690167e+01   8.3505751e+00
   1.1850000e+02  -7.6901670e+00  -8.0894249e+00
   1.1860000e+02   1.9309833e+01  -2.5169425e+01
   1.1870000e+02   3.3309833e+01  -5.0729425e+01
   1.1880000e+02  -1.4690167e+01  -1.8809425e+01
   1.1890000e+02  -4.7690167e+01  -2.5489425e+01
   1.1900000e+02  -1.0869017e+02   2.7950575e+01
   1.1910000e+02  -1.0690167e+01   3.0575139e-02
   1.1920000e+02  -1.0969017e+02  -3.4009425e+01
   1.1930000e+02  -5.5690167e+01   1.9830575e+01
   1.1940000e+02   9.3098330e+00   1.2023058e+02
   1.1950000e+02  -2.9690167e+01  -3.6209425e+01
   1.1960000e+02   3.8309833e+01  -2.7929425e+01
   1.1970000e+02   1.7309833e+01  -3.3089425e+01
   1.1980000e+02  -9.3690167e+01  -4.7649425e+01
   1.1990000e+02   9.2309833e+01  -6.9089425e+01
   1.2000000e+02   2.0309833e+01  -3.0209425e+01
   1.2010000e+02  -6.3690167e+01  -1.7849425e+01
   1.2020000e+02  -2.6901670e+00  -1.2289425e+01
   1.2030000e+02   4.3309833e+01  -1.0129425e+01
   1.2040000e+02  -7.6901670e+00  -7.0894249e+00
   1.2050000e+02  -4.5690167e+01   3.6430575e+01
   1.2060000e+02  -7.2690167e+01  -1.6489425e+01
   1.2070000e+02   3.4309833e+01  -1.1769425e+01
   1.2080000e+02  -5.1690167e+01  -1.1329425e+01
   1.2090000e+02  -5.7690167e+01  -3.4089425e+01
   1.2100000e+02  -6.3690167e+01   5.4150575e+01
   1.2110000e+02  -3.8690167e+01   7.1505751e+00
   1.2120000e+02   1.1730983e+02  -4.7089425e+01
   1.2130000e+02   1.1930983e+02   5.1830575e+01
   1.2140000e+02   1.1130983e+02  -1.3849425e+01
   1.2150000e+02  -4.7690167e+01  -4.5489425e+01
   1.2160000e+02  -1.3690167e+01  -4.0849425e+01
   1.2170000e+02   6.1309833e+01   1.6150575e+01
   1.2180000e+02  -5.2690167e+01  -1.3289425e+01
   1.2190000e+02  -9.4690167e+01   3.9057514e-01
   1.2200000e+02  -2.7690167e+01  -3.7289425e+01
   1.2210000e+02   5.7309833e+01  -1.7689425e+01
   1.2220000e+02   3.0983302e-01  -2.2409425e+01
   1.2230000e+02   8.9309833e+01  -4.2969425e+01
   1.2240000e+02   4.9309833e+01  -1.7369425e+01
   1.2250000e+02  -5.6901670e+00   2.8305751e+00
   1.2260000e+02  -1.7690167e+01  -4.3689425e+01
   1.2270000e+02  -4.0690167e+01   5.2305751e+00
   1.2280000e+02   1.1309833e+01  -2.3849425e+01
   1.2290000e+02   5.3098330e+00   3.6390575e+01
   1.2300000e+02   3.3098330e+00  -4.0529425e+01
   1.2310000e+02  -5.1690167e+01  -9.3294249e+00
   1.2320000e+02   1.7309833e+01  -1.2089425e+01
   1.2330000e+02  -8.0690167e+01  -2.2169425e+01
   1.2340000e+02   4.9309833e+01  -7.3694249e+00
   1.2350000e+02  -6.5690167e+01   4.2305751e+00
   1.2360000e+02  -4.7690167e+01  -1.3489425e+01
   1.2370000e+02  -1.7690167e+01  -4.3689425e+01
   1.2380000e+02   1.8130983e+02   3.0350575e+01
   1.2390000e+02   1.6309833e+01  -4.2049425e+01
   1.2400000e+02   4.7309833e+01   2.0710575e+01
   1.2410000e+02   2.5309833e+01   1.0059058e+02
   1.2420000e+02  -6.6901670e+00   1.3870575e+01
   1.2430000e+02  -8.1690167e+01   2.5870575e+01
   1.2440000e+02  -3.3690167e+01   1.5950575e+01
   1.2450000e+02   5.9309833e+01   4.2305751e+00
   1.2460000e+02  -5.3690167e+01   2.0750575e+01
   1.2470000e+02   5.3098330e+00  -3.8609425e+01
   1.2480000e+02  -1.0069017e+02  -4.0369425e+01
   1.2490000e+02  -2.9690167e+01  -4.2209425e+01
   1.2500000e+02   5.3309833e+01  -5.5294249e+00
   1.2510000e+02   4.4309833e+01  -4.1694249e+00
   1.2520000e+02  -3.2690167e+01   1.1910575e+01
   1.2530000e+02  -3.0690167e+01  -3.0169425e+01
   1.2540000e+02  -6.2690167e+01   2.3110575e+01
   1.2550000e+02  -4.3690167e+01  -1.4649425e+01
   1.2560000e+02  -3.5690167e+01  -8.1969425e+01
   1.2570000e+02  -2.6690167e+01  -4.6329425e+01
   1.2580000e+02  -2.0690167e+01   4.2430575e+01
   1.2590000e+02  -2.1690167e+01   4.7057514e-01
   1.2600000e+02  -6.3690167e+01  -3.6849425e+01
   1.2610000e+02  -3.3690167e+01  -1.0049425e+01
   1.2620000e+02  -1.8690167e+01   9.3505751e+00
   1.2630000e+02   2.0309833e+01   1.7905751e+00
   1.2640000e+02  -6.4690167e+01  -6.8094249e+00
   1.2650000e+02  -7.6901670e+00   4.2910575e+01
   1.2660000e+02  -5.6901670e+00   4.4830575e+01
   1.2670000e+02   1.3309833e+01   3.0070575e+01
   1.2680000e+02  -3.9690167e+01  -1.2809425e+01
   1.2690000e+02  -1.6901670e+00   2.0670575e+01
   1.2700000e+02   1.3098330e+00   2.8550575e+01
   1.2710000e+02   6.0309833e+01   3.3190575e+01
   1.2720000e+02   2.1309833e+01  -1.3249425e+01
   1.2730000e+02   3.0983302e-01  -1.2409425e+01
   1.2740000e+02   4.8309833e+01   4.6705751e+00
   1.2750000e+02  -1.5690167e+01   2.3057514e-01
   1.2760000e+02   8.3098330e+00   3.6270575e+01
   1.2770000e+02   3.6309833e+01  -4.8494249e+00
   1.2780000e+02  -2.6901670e+00  -2.1289425e+01
   1.2790000e+02   3.9309833e+01   6.0030575e+01
   1.2800000e+02  -5.0690167e+01   9.6305751e+00
   1.2810000e+02  -2.3690167e+01  -2.6449425e+01
   1.2820000e+02   5.2309833e+01  -2.6489425e+01
   1.2830000e+02   5.6309833e+01   2.3350575e+01
   1.2840000e+02   5.6309833e+01   4.4350575e+01
   1.2850000e+02  -3.6690167e+01  -2.2929425e+01
   1.2860000e+02  -4.1690167e+01  -7.2942486e-01
   1.2870000e+02  -1.0690167e+01  -2.1969425e+01
   1.2880000e+02  -3.6901670e+00   6.8750575e+01
   1.2890000e+02  -2.0690167e+01   6.2430575e+01
   1.2900000e+02   6.1309833e+01  -2.2849425e+01
   1.2910000e+02  -6.3690167e+01  -2.5849425e+01
   1.2920000e+02   2.3098330e+00   5.1057514e-01
   1.2930000e+02  -9.4690167e+01   3.2390575e+01
   1.2940000e+02   4.0309833e+01   1.9990575e+01
   1.2950000e+02   6.8309833e+01   3.8705751e+00
   1.2960000e+02   6.3098330e+00   2.5350575e+01
   1.2970000e+02  -3.9690167e+01  -1.1809425e+01
   1.2980000e+02  -7.7690167e+01   8.3710575e+01
   1.2990000e+02  -5.4690167e+01  -1.2209425e+01
   1.3000000e+02  -2.0690167e+01  -1.3569425e+01
   1.3010000e+02  -7.8690167e+01   1.2750575e+01
   1.3020000e+02   1.0309833e+01  -6.7809425e+01
   1.3030000e+02  -4.2690167e+01   4.6310575e+01
   1.3040000e+02  -8.6690167e+01  -4.2929425e+01
   1.3050000e+02  -4.1690167e+01  -2.6729425e+01
   1.3060000e+02  -3.7690167e+01   7.1110575e+01
   1.3070000e+02   4.5309833e+01   3.2790575e+01
   1.3080000e+02   1.7309833e+01  -4.7089425e+01
   1.3090000e+02   5.3098330e+00   2.0390575e+01
   1.3100000e+02  -4.5690167e+01   4.9430575e+01
   1.3110000e+02  -2.7690167e+01   1.6710575e+01
   1.3120000e+02   4.4309833e+01   3.1830575e+01
   1.3130000e+02  -3.0690167e+01   1.4830575e+01
   1.3140000e+02   9.5309833e+01  -5.0209425e+01
   1.3150000e+02   4.0309833e+01  -3.1009425e+01
   1.3160000e+02  -1.3369017e+02  -2.1049425e+01
   1.3170000e+02   2.9309833e+01  -1.8569425e+01
   1.3180000e+02   4.0309833e+01   8.9905751e+00
   1.3190000e+02   7.4309833e+01  -5.8369425e+01
   1.3200000e+02  -3.8690167e+01   2.0150575e+01
   1.3210000e+02  -8.6690167e+01  -3.8929425e+01
   1.3220000e+02  -5.6901670e+00   3.8830575e+01
   1.3230000e+02   2.3098330e+00  -4.1489425e+01
   1.3240000e+02  -3.7690167e+01  -2.8889425e+01
   1.3250000e+02  -4.4690167e+01  -6.0942486e-01
   1.3260000e+02   2.7309833e+01  -6.9489425e+01
   1.3270000e+02  -5.8690167e+01  -4.2049425e+01
   1.3280000e+02   1.8309833e+01   1.8705751e+00
   1.3290000e+02  -1.4690167e+01  -3.5809425e+01
   1.3300000e+02  -3.2690167e+01   9.1057514e-01
   1.3310000e+02  -1.4869017e+02   5.0550575e+01
   1.3320000e+02   7.1309833e+01  -6.4249425e+01
   1.3330000e+02  -6.4690167e+01   1.7190575e+01
   1.3340000e+02  -2.2690167e+01   7.5105751e+00
   1.3350000e+02   1.3309833e+01  -1.9929425e+01
   1.3360000e+02   1.7309833e+01   6.7910575e+01
   1.3370000e+02   4.8309833e+01  -3.1329425e+01
   1.3380000e+02  -1.0669017e+02   3.5870575e+01
   1.3390000e+02  -1.1690167e+01  -5.1929425e+01
   1.3400000e+02  -2.6901670e+00   1.8710575e+01
   1.3410000e+02  -2.6690167e+01   5.9670575e+01
   1.3420000e+02   2.0309833e+01   7.7905751e+00
   1.3430000e+02  -5.3690167e+01  -5.8249425e+01
   1.3440000e+02   1.6309833e+01   6.9505751e+00
   1.3450000e+02  -4.5690167e+01   6.4305751e+00
   1.3460000e+02  -7.0690167e+01  -5.5569425e+01
   1.3470000e+02   6.6309833e+01   2.9505751e+00
   1.3480000e+02   1.7309833e+01   4.6910575e+01
   1.3490000e+02  -1.3690167e+01   2.3150575e+01
   1.3500000e+02  -5.7690167e+01  -7.0894249e+00
   1.3510000e+02   4.5309833e+01  -1.2209425e+01
   1.3520000e+02   3.4309833e+01  -2.2769425e+01
   1.3530000e+02  -9.4690167e+01   2.6390575e+01
   1.3540000e+02   3.9309833e+01  -2.4969425e+01
   1.3550000e+02   1.2730983e+02  -2.7489425e+01
   1.3560000e+02   2.5309833e+01   1.2559058e+02
   1.3570000e+02  -2.6690167e+01  -4.7329425e+01
   1.3580000e+02   2.6309833e+01   1.5505751e+00
   1.3590000e+02  -4.1690167e+01   1.4270575e+01
   1.3600000e+02  -2.3690167e+01   4.7550575e+01
   1.3610000e+02   8.3098330e+00  -1.6729425e+01
   1.3620000e+02  -1.0569017e+02   7.3830575e+01
   1.3630000e+02   2.3309833e+01  -3.2329425e+01
   1.3640000e+02   3.7309833e+01   7.4110575e+01
   1.3650000e+02   4.1309833e+01  -1.3049425e+01
   1.3660000e+02   2.1309833e+01   2.7505751e+00
   1.3670000e+02   6.1309833e+01   4.0150575e+01
   1.3680000e+02   7.9309833e+01   5.4305751e+00
   1.3690000e+02  -1.0690167e+01   1.8030575e+01
   1.3700000e+02   4.2309833e+01  -4.0089425e+01
   1.3710000e+02  -5.3690167e+01  -1.3249425e+01
   1.3720000e+02  -3.1690167e+01  -3.1129425e+01
   1.3730000e+02   1.2309833e+01   3.2110575e+01
   1.3740000e+02  -6.3690167e+01  -2.7849425e+01
   1.3750000e+02   8.5309833e+01   9.1905751e+00
   1.3760000e+02   1.7309833e+01  -1.0894249e+00
   1.3770000e+02   4.7309833e+01   1.7105751e+00
   1.3780000e+02  -3.3690167e+01   3.8950575e+01
   1.3790000e+02  -3.3690167e+01   4.5950575e+01
   1.3800000e+02  -6.9016698e-01   2.9630575e+01
   1.3810000e+02  -1.8690167e+01  -5.1649425e+01
   1.3820000e+02   3.0983302e-01  -3.3409425e+01
   1.3830000e+02  -1.1769017e+02  -3.0689425e+01
   1.3840000e+02   7.4309833e+01  -3.3694249e+00
   1.3850000e+02  -4.3690167e+01   2.6350575e+01
   1.3860000e+02   3.2309833e+01   3.8310575e+01
   1.3870000e+02   1.3309833e+01  -4.7929425e+01
   1.3880000e+02  -2.0690167e+01  -1.6569425e+01
   1.3890000e+02  -3.8690167e+01  -5.0849425e+01
   1.3900000e+02  -7.6901670e+00   1.8910575e+01
   1.3910000e+02  -6.0690167e+01  -4.3969425e+01
   1.3920000e+02  -4.8690167e+01  -6.0449425e+01
   1.3930000e+02  -4.1690167e+01   2.0270575e+01
   1.3940000e+02   1.3309833e+01   4.7070575e+01
   1.3950000e+02   5.3098330e+00  -2.4609425e+01
   1.3960000e+02   1.3098330e+00   6.5505751e+00
   1.3970000e+02  -2.6690167e+01  -6.3294249e+00
   1.3980000e+02  -4.6901670e+00  -3.3209425e+01
   1.3990000e+02  -2.6690167e+01  -5.2329425e+01
   1.4000000e+02  -1.1690167e+01  -2.5929425e+01
   1.4010000e+02  -3.8690167e+01   3.8150575e+01
   1.4020000e+02  -6.0690167e+01  -4.6969425e+01
   1.4030000e+02   2.4309833e+01  -2.3369425e+01
   1.4040000e+02  -4.0690167e+01   3.2230575e+01
   1.4050000e+02  -2.4690167e+01   4.5905751e+00
   1.4060000e+02   2.3309833e+01  -2.3294249e+00
   1.4070000e+02   1.2309833e+01  -2.4889425e+01
   1.4080000e+02   1.7030983e+02  -2.3209425e+01
   1.4090000e+02  -8.0690167e+01  -1.4169425e+01
   1.4100000e+02   7.5309833e+01  -3.7409425e+01
   1.4110000e+02  -1.1869017e+02  -2.2649425e+01
   1.4120000e+02  -5.1690167e+01   1.1670575e+01
   1.4130000e+02   6.1309833e+01  -5.0849425e+01
   1.4140000e+02  -8.6690167e+01   5.0705751e+00
   1.4150000e+02  -7.0690167e+01  -2.5569425e+01
   1.4160000e+02  -1.1969017e+02  -1.5609425e+01
   1.4170000e+02  -5.9690167e+01   4.0990575e+01
   1.4180000e+02  -5.9690167e+01   1.0990575e+01
   1.4190000e+02   4.4309833e+01   2.8830575e+01
   1.4200000e+02  -1.8690167e+01  -6.9649425e+01
   1.4210000e+02   3.7309833e+01  -8.5889425e+01
   1.4220000e+02   1.3309833e+01  -4.7929425e+01
   1.4230000e+02   1.0130983e+02  -4.5449425e+01
   1.4240000e+02   1.1309833e+01  -6.8494249e+00
   1.4250000e+02  -5.3690167e+01  -4.2249425e+01
   1.4260000e+02  -1.8690167e+01   4.3505751e+00
   1.4270000e+02   4.3098330e+00   4.3057514e-01
   1.4280000e+02   1.2230983e+02  -2.2289425e+01
   1.4290000e+02  -8.2690167e+01   5.9105751e+00
   1.4300000e+02  -5.8690167e+01   3.2950575e+01
   1.4310000e+02   4.0309833e+01  -8.0094249e+00
   1.4320000e+02   2.7309833e+01  -6.5489425e+01
   1.4330000e+02  -4.6901670e+00   2.5790575e+01
   1.4340000e+02   2.3098330e+00  -6.4894249e+00
   1.4350000e+02  -6.8690167e+01   5.3505751e+00
   1.4360000e+02   1.1330983e+02  -7.9294249e+00
   1.4370000e+02  -2.6901670e+00  -4.3289425e+01
   1.4380000e+02  -6.0690167e+01   2.6030575e+01
   1.4390000e+02   6.4309833e+01  -4.5969425e+01
   1.4400000e+02  -4.9690167e+01  -5.9409425e+01
   1.4410000e+02   1.5309833e+01  -3.4009425e+01
   1.4420000e+02   2.7309833e+01  -6.0489425e+01
   1.4430000e+02  -2.0690167e+01  -2.3569425e+01
   1.4440000e+02  -4.4690167e+01   3.2390575e+01
   1.4450000e+02   9.0309833e+01  -3.9009425e+01
   1.4460000e+02  -8.0690167e+01   9.8305751e+00
   1.4470000e+02  -2.0690167e+01   1.4305751e+00
   1.4480000e+02   3.3098330e+00   3.4705751e+00
   1.4490000e+02  -1.5690167e+01  -1.8769425e+01
   1.4500000e+02   4.2309833e+01  -4.1089425e+01
   1.4510000e+02   3.7309833e+01  -4.7889425e+01
   1.4520000e+02  -5.6901670e+00  -5.2169425e+01
   1.4530000e+02  -1.0690167e+01  -1.9969425e+01
   1.4540000e+02  -1.6901670e+00  -1.6329425e+01
   1.4550000e+02  -2.6690167e+01  -2.5329425e+01
   1.4560000e+02   3.0983302e-01  -2.0409425e+01
   1.4570000e+02   4.5309833e+01  -4.4209425e+01
   1.4580000e+02   7.2309833e+01  -8.2894249e+00
   1.4590000e+02   2.9309833e+01  -6.5569425e+01
   1.4600000e+02  -2.8690167e+01  -5.0249425e+01
   1.4610000e+02  -6.0690167e+01  -2.9694249e+00
   1.4620000e+02  -5.0690167e+01  -3.0369425e+01
   1.4630000e+02  -6.3690167e+01  -8.8494249e+00
   1.4640000e+02  -4.4690167e+01  -5.8609425e+01
   1.4650000e+02  -6.8690167e+01  -3.4649425e+01
   1.4660000e+02  -6.3690167e+01  -4.5849425e+01
   1.4670000e+02   6.4309833e+01   1.7030575e+01
   1.4680000e+02  -7.8690167e+01  -4.2494249e+00
   1.4690000e+02   5.0309833e+01   5.9057514e-01
   1.4700000e+02  -8.3690167e+01   5.9505751e+00
   1.4710000e+02  -3.9690167e+01  -1.8094249e+00
   1.4720000e+02  -4.6901670e+00  -4.0209425e+01
   1.4730000e+02   3.0983302e-01  -5.5409425e+01
   1.4740000e+02   1.1330983e+02  -3.7929425e+01
   1.4750000e+02   5.3309833e+01  -1.2529425e+01
   1.4760000e+02  -4.3690167e+01  -4.3649425e+01
   1.4770000e+02  -1.8690167e+01  -1.1649425e+01
   1.4780000e+02  -4.1690167e+01  -3.5729425e+01
   1.4790000e+02  -7.2690167e+01  -6.7489425e+01
   1.4800000e+02  -1.0690167e+01  -3.9694249e+00
   1.4810000e+02   3.0983302e-01  -5.8409425e+01
   1.4820000e+02  -5.1690167e+01  -1.0329425e+01
   1.4830000e+02  -6.0690167e+01   4.6030575e+01
   1.4840000e+02  -2.5690167e+01   1.1063058e+02
   1.4850000e+02  -6.5690167e+01  -2.7769425e+01
   1.4860000e+02  -9.6901670e+00   1.0990575e+01
   1.4870000e+02  -8.6690167e+01   7.8070575e+01
   1.4880000e+02  -2.3690167e+01   7.2550575e+01
   1.4890000e+02  -6.9016698e-01  -1.2369425e+01
   1.4900000e+02   5.3309833e+01  -1.5294249e+00
   1.4910000e+02   8.6309833e+01   1.7150575e+01
   1.4920000e+02   7.8309833e+01  -7.5294249e+00
   1.4930000e+02   2.3098330e+00  -1.4894249e+00
   1.4940000e+02   7.9309833e+01  -5.6942486e-01
   1.4950000e+02   3.4309833e+01   3.2230575e+01
   1.4960000e+02  -3.2690167e+01  -3.5089425e+01
   1.4970000e+02  -5.9690167e+01  -8.0094249e+00
   1.4980000e+02  -3.4690167e+01   7.1990575e+01
   1.4990000e+02  -7.3690167e+01   4.7550575e+01
