   0.0000000e+00   2.1737037e+02   4.8257037e+01
   1.0000000e-01   1.9937037e+02   5.8977037e+01
   2.0000000e-01   2.9537037e+02   9.6137037e+01
   3.0000000e-01   1.4637037e+02   6.8097037e+01
   4.0000000e-01   2.4837037e+02   9.5017037e+01
   5.0000000e-01   3.0837037e+02   6.0617037e+01
   6.0000000e-01   2.8437037e+02   6.4577037e+01
   7.0000000e-01   2.3637037e+02   8.4497037e+01
   8.0000000e-01   2.2037037e+02   1.3703704e-01
   9.0000000e-01   3.5037037e+02  -6.0629630e+00
   1.0000000e+00   3.0837037e+02   9.3617037e+01
   1.1000000e+00   2.5837037e+02   4.0617037e+01
   1.2000000e+00   3.3737037e+02   1.5745704e+02
   1.3000000e+00   1.2137037e+02   1.2109704e+02
   1.4000000e+00   2.8537037e+02   6.0537037e+01
   1.5000000e+00   2.2937037e+02   8.9777037e+01
   1.6000000e+00   2.8937037e+02   5.5377037e+01
   1.7000000e+00   1.8937037e+02   6.4377037e+01
   1.8000000e+00   3.7137037e+02   7.8097037e+01
   1.9000000e+00   2.3337037e+02   5.3617037e+01
   2.0000000e+00   2.8637037e+02   1.2049704e+02
   2.1000000e+00   3.0437037e+02   9.7777037e+01
   2.2000000e+00   2.2437037e+02   2.5977037e+01
   2.3000000e+00   3.4237037e+02   3.7257037e+01
   2.4000000e+00   2.0137037e+02   2.6289704e+02
   2.5000000e+00   1.8637037e+02   1.1149704e+02
   2.6000000e+00   2.3337037e+02   7.0617037e+01
   2.7000000e+00   1.2437037e+02   6.5977037e+01
   2.8000000e+00   1.3337037e+02   1.1461704e+02
   2.9000000e+00   2.6337037e+02   3.0417037e+01
   3.0000000e+00   2.6637037e+02   7.8297037e+01
   3.1000000e+00   2.6737037e+02   1.6257037e+01
   3.2000000e+00   3.7237037e+02   5.4057037e+01
   3.3000000e+00   2.2437037e+02   3.5977037e+01
   3.4000000e+00   2.2637037e+02   1.5897037e+01
   3.5000000e+00   2.3737037e+02   2.7457037e+01
   3.6000000e+00   2.6037037e+02  -4.4629630e+00
   3.7000000e+00   1.5337037e+02   1.0981704e+02
   3.8000000e+00   2.9737037e+02   1.7305704e+02
   3.9000000e+00   3.9337037e+02   3.9217037e+01
   4.0000000e+00   2.4037037e+02   1.0433704e+02
   4.1000000e+00   3.3537037e+02   4.1537037e+01
   4.2000000e+00   1.7537037e+02   5.3937037e+01
   4.3000000e+00   2.9537037e+02   8.3137037e+01
   4.4000000e+00   2.3037037e+02   6.0737037e+01
   4.5000000e+00   2.4137037e+02   4.4297037e+01
   4.6000000e+00   1.7337037e+02   4.3017037e+01
   4.7000000e+00   1.7237037e+02   7.0057037e+01
   4.8000000e+00   1.3137037e+02   1.1769704e+02
   4.9000000e+00   3.8337037e+02   8.5617037e+01
   5.0000000e+00   1.2337037e+02   1.1301704e+02
   5.1000000e+00   1.9437037e+02   1.7177037e+01
   5.2000000e+00   1.4837037e+02   7.8017037e+01
   5.3000000e+00   1.8537037e+02   6.2537037e+01
   5.4000000e+00   1.9637037e+02   5.7097037e+01
   5.5000000e+00   6.8370370e+01   6.1217037e+01
   5.6000000e+00   1.5137037e+02   1.3897037e+01
   5.7000000e+00   1.4037037e+02   1.1733704e+02
   5.8000000e+00   8.6370370e+01   1.2349704e+02
   5.9000000e+00   2.3637037e+02   9.5497037e+01
   6.0000000e+00   1.6437037e+02   7.5377037e+01
   6.1000000e+00   1.5837037e+02   1.1361704e+02
   6.2000000e+00   2.1437037e+02   7.3377037e+01
   6.3000000e+00   2.2937037e+02   1.5177704e+02
   6.4000000e+00   3.1937037e+02   7.7177037e+01
   6.5000000e+00   2.0737037e+02   1.1065704e+02
   6.6000000e+00   2.1537037e+02  -2.2662963e+01
   6.7000000e+00   3.2237037e+02   7.8057037e+01
   6.8000000e+00   3.4237037e+02   5.7257037e+01
   6.9000000e+00   1.9337037e+02   1.7321704e+02
   7.0000000e+00   1.5337037e+02   2.0181704e+02
   7.1000000e+00   2.1537037e+02   8.0337037e+01
   7.2000000e+00   1.9737037e+02   9.0057037e+01
   7.3000000e+00   2.3137037e+02   7.0697037e+01
   7.4000000e+00   2.9337037e+02   3.1217037e+01
   7.5000000e+00   1.8437037e+02   7.8577037e+01
   7.6000000e+00   1.4937037e+02   8.0977037e+01
   7.7000000e+00   2.2037037e+02   1.3313704e+02
   7.8000000e+00   3.2537037e+02   3.1937037e+01
   7.9000000e+00   1.8837037e+02   1.3741704e+02
   8.0000000e+00   3.5237037e+02   4.2857037e+01
   8.1000000e+00   2.0437037e+02   1.0077704e+02
   8.2000000e+00   2.1937037e+02   2.0417704e+02
   8.3000000e+00   1.5137037e+02   1.6789704e+02
   8.4000000e+00   2.5237037e+02   3.1857037e+01
   8.5000000e+00   3.6537037e+02   7.3337037e+01
   8.6000000e+00   3.5837037e+02   9.6617037e+01
   8.7000000e+00   3.4337037e+02   6.4217037e+01
   8.8000000e+00   1.7037037e+02   1.0013704e+02
   8.9000000e+00   3.5637037e+02   3.9697037e+01
   9.0000000e+00   1.9137037e+02   1.3029704e+02
   9.1000000e+00   1.3837037e+02   4.1703704e-01
   9.2000000e+00   1.0337037e+02   7.8170370e+00
   9.3000000e+00   2.2137037e+02   3.1097037e+01
   9.4000000e+00   1.6637037e+02   2.0329704e+02
   9.5000000e+00   2.1937037e+02   1.1217704e+02
   9.6000000e+00   1.8137037e+02   9.2697037e+01
   9.7000000e+00   2.1037037e+02   5.5537037e+01
   9.8000000e+00   3.0037037e+02   1.2093704e+02
   9.9000000e+00   2.2037037e+02   7.3137037e+01
   1.0000000e+01   2.9337037e+02   9.5217037e+01
   1.0100000e+01   3.2037037e+02   1.8513704e+02
   1.0200000e+01   2.2437037e+02   1.2097704e+02
   1.0300000e+01   2.8137037e+02   8.7697037e+01
   1.0400000e+01   1.9937037e+02   3.2977037e+01
   1.0500000e+01   3.1037037e+02   1.5253704e+02
   1.0600000e+01   1.8337037e+02   1.3261704e+02
   1.0700000e+01   3.5337037e+02   8.1817037e+01
   1.0800000e+01   2.7937037e+02   1.5777037e+01
   1.0900000e+01   3.1837037e+02   4.5217037e+01
   1.1000000e+01   2.2937037e+02   1.3377704e+02
   1.1100000e+01   3.8637037e+02   1.3449704e+02
   1.1200000e+01   2.8837037e+02   8.6417037e+01
   1.1300000e+01   2.3537037e+02   1.6253704e+02
   1.1400000e+01   2.4937037e+02   1.9977037e+01
   1.1500000e+01   1.5437037e+02   1.4077704e+02
   1.1600000e+01   2.6637037e+02  -6.7029630e+00
   1.1700000e+01   9.5370370e+01   9.4137037e+01
   1.1800000e+01   2.4037037e+02   9.1337037e+01
   1.1900000e+01   2.7137037e+02   3.6097037e+01
   1.2000000e+01   2.5937037e+02   6.5577037e+01
   1.2100000e+01   2.4037037e+02   4.6337037e+01
   1.2200000e+01   2.2837037e+02   2.9817037e+01
   1.2300000e+01   3.5437037e+02   7.3777037e+01
   1.2400000e+01   2.2737037e+02   1.2985704e+02
   1.2500000e+01   2.2137037e+02   9.3097037e+01
   1.2600000e+01   1.7137037e+02   1.3509704e+02
   1.2700000e+01   1.7837037e+02   1.3181704e+02
   1.2800000e+01   3.1537037e+02   4.7337037e+01
   1.2900000e+01   4.4937037e+02   1.5997704e+02
   1.3000000e+01   3.7237037e+02   8.0570370e+00
   1.3100000e+01   4.5037037e+02   6.4937037e+01
   1.3200000e+01   2.3837037e+02   2.6417037e+01
   1.3300000e+01   3.2937037e+02   1.6777037e+01
   1.3400000e+01   1.9437037e+02   1.8817704e+02
   1.3500000e+01   1.4237037e+02   1.5725704e+02
   1.3600000e+01   2.7737037e+02   1.1185704e+02
   1.3700000e+01   1.1737037e+02   1.3425704e+02
   1.3800000e+01   3.5137037e+02   2.7897037e+01
   1.3900000e+01   3.0837037e+02   1.0961704e+02
   1.4000000e+01   2.6437037e+02   3.9377037e+01
   1.4100000e+01   3.5137037e+02   1.0889704e+02
   1.4200000e+01   1.7637037e+02   6.0897037e+01
   1.4300000e+01   1.4337037e+02   8.3217037e+01
   1.4400000e+01   2.0437037e+02   1.7777037e+01
   1.4500000e+01   1.6037037e+02   4.7537037e+01
   1.4600000e+01   1.6937037e+02   3.0177037e+01
   1.4700000e+01   4.6837037e+02   6.7217037e+01
   1.4800000e+01   4.1237037e+02   3.8457037e+01
   1.4900000e+01   1.9037037e+02   9.3337037e+01
   1.5000000e+01   2.1737037e+02   2.1125704e+02
   1.5100000e+01   2.8837037e+02   5.9417037e+01
   1.5200000e+01   3.2237037e+02   5.6057037e+01
   1.5300000e+01   3.1537037e+02   1.1533704e+02
   1.5400000e+01   1.1237037e+02   9.6457037e+01
   1.5500000e+01   2.5037037e+02   9.0937037e+01
   1.5600000e+01   4.7537037e+02   1.9370370e+00
   1.5700000e+01   1.9837037e+02   8.0017037e+01
   1.5800000e+01   3.0737037e+02   4.6657037e+01
   1.5900000e+01   1.6737037e+02   7.8257037e+01
   1.6000000e+01   4.9370370e+01   1.8977037e+01
   1.6100000e+01   1.5837037e+02  -2.1382963e+01
   1.6200000e+01   1.3937037e+02   9.9377037e+01
   1.6300000e+01   2.5537037e+02   1.1973704e+02
   1.6400000e+01   3.5037037e+02   5.6937037e+01
   1.6500000e+01   3.4437037e+02   7.7177037e+01
   1.6600000e+01   1.7737037e+02   4.1857037e+01
   1.6700000e+01   1.0037037e+02   2.2093704e+02
   1.6800000e+01   2.5937037e+02   9.0577037e+01
   1.6900000e+01   1.7737037e+02   5.1857037e+01
   1.7000000e+01   3.1337037e+02  -3.1582963e+01
   1.7100000e+01   2.5437037e+02   7.7770370e+00
   1.7200000e+01   3.1737037e+02   6.1257037e+01
   1.7300000e+01   4.1137037e+02   1.8149704e+02
   1.7400000e+01   1.3037037e+02   4.4737037e+01
   1.7500000e+01   1.1737037e+02   6.7257037e+01
   1.7600000e+01   2.2637037e+02   5.0897037e+01
   1.7700000e+01   2.7537037e+02   1.1593704e+02
   1.7800000e+01   2.6137037e+02   4.4497037e+01
   1.7900000e+01   1.1937037e+02   5.8177037e+01
   1.8000000e+01   2.3537037e+02   1.1953704e+02
   1.8100000e+01   1.7937037e+02   1.0477704e+02
   1.8200000e+01   2.2637037e+02  -1.0296296e-01
   1.8300000e+01   2.3437037e+02   9.9577037e+01
   1.8400000e+01   3.2137037e+02   1.4509704e+02
   1.8500000e+01   5.5337037e+02   6.2817037e+01
   1.8600000e+01   2.9037037e+02   3.3337037e+01
   1.8700000e+01   2.4637037e+02   1.2809704e+02
   1.8800000e+01   3.9937037e+02   5.2977037e+01
   1.8900000e+01   2.2937037e+02   1.0577704e+02
   1.9000000e+01   1.4737037e+02  -6.9429630e+00
   1.9100000e+01   2.4537037e+02   5.9137037e+01
   1.9200000e+01   2.5637037e+02   4.6697037e+01
   1.9300000e+01   2.5937037e+02   8.1577037e+01
   1.9400000e+01   1.4237037e+02   9.5257037e+01
   1.9500000e+01   2.5137037e+02   1.0389704e+02
   1.9600000e+01   2.0737037e+02   7.2657037e+01
   1.9700000e+01   1.4237037e+02   2.0225704e+02
   1.9800000e+01   2.5937037e+02   1.3657704e+02
   1.9900000e+01   2.5637037e+02   8.0697037e+01
   2.0000000e+01   2.2337037e+02   1.1017037e+01
   2.0100000e+01   2.7837037e+02   4.3817037e+01
   2.0200000e+01   7.9370370e+01   1.3177704e+02
   2.0300000e+01   1.6637037e+02   1.5629704e+02
   2.0400000e+01   2.5737037e+02  -2.2342963e+01
   2.0500000e+01   1.8637037e+02   1.1049704e+02
   2.0600000e+01   3.6637037e+02   4.5297037e+01
   2.0700000e+01   1.3737037e+02   2.3457037e+01
   2.0800000e+01   1.5437037e+02   3.5777037e+01
   2.0900000e+01   1.8837037e+02   1.7541704e+02
   2.1000000e+01   1.8837037e+02   1.1141704e+02
   2.1100000e+01   2.0337037e+02   3.7817037e+01
   2.1200000e+01   3.5137037e+02   1.1589704e+02
   2.1300000e+01   1.9337037e+02   7.1217037e+01
   2.1400000e+01   1.6370370e+01   2.9297037e+01
   2.1500000e+01   2.6337037e+02   1.1641704e+02
   2.1600000e+01   2.8537037e+02  -3.4629630e+00
   2.1700000e+01   2.9637037e+02   1.2409704e+02
   2.1800000e+01   1.8237037e+02   1.0065704e+02
   2.1900000e+01   2.2937037e+02   8.3777037e+01
   2.2000000e+01   2.4437037e+02   8.1770370e+00
   2.2100000e+01   2.1737037e+02   1.8525704e+02
   2.2200000e+01   2.3137037e+02   5.1697037e+01
   2.2300000e+01   3.9537037e+02   1.4213704e+02
   2.2400000e+01   2.7437037e+02   8.4977037e+01
   2.2500000e+01   2.9437037e+02   4.3177037e+01
   2.2600000e+01   2.5437037e+02   8.9777037e+01
   2.2700000e+01   3.1437037e+02   1.7737704e+02
   2.2800000e+01   3.2237037e+02   1.8405704e+02
   2.2900000e+01   4.0037037e+02   6.8937037e+01
   2.3000000e+01   3.0937037e+02   8.9577037e+01
   2.3100000e+01   2.9237037e+02   1.0925704e+02
   2.3200000e+01   3.1937037e+02   1.2917704e+02
   2.3300000e+01   3.4037037e+02   1.2233704e+02
   2.3400000e+01   1.9437037e+02   8.3177037e+01
   2.3500000e+01   7.7370370e+01   8.8570370e+00
   2.3600000e+01   1.5937037e+02   6.9577037e+01
   2.3700000e+01   3.3337037e+02  -2.2382963e+01
   2.3800000e+01   1.9537037e+02   5.9137037e+01
   2.3900000e+01   2.0437037e+02   7.0777037e+01
   2.4000000e+01   2.4037037e+02   2.1337037e+01
   2.4100000e+01   1.4937037e+02   5.4977037e+01
   2.4200000e+01   2.2437037e+02   2.0597704e+02
   2.4300000e+01   1.8537037e+02   6.3537037e+01
   2.4400000e+01   3.5337037e+02   1.2381704e+02
   2.4500000e+01   3.2037037e+02   1.6137037e+01
   2.4600000e+01   2.6637037e+02   5.8297037e+01
   2.4700000e+01   7.4370370e+01   7.6977037e+01
   2.4800000e+01   2.9837037e+02   1.2101704e+02
   2.4900000e+01   2.5837037e+02   8.6617037e+01
   2.5000000e+01   2.2637037e+02   1.5789704e+02
   2.5100000e+01   3.0037037e+02   1.1093704e+02
   2.5200000e+01   1.9237037e+02   8.8257037e+01
   2.5300000e+01   1.7237037e+02   7.1057037e+01
   2.5400000e+01   2.9637037e+02   3.3097037e+01
   2.5500000e+01   4.1837037e+02   5.0217037e+01
   2.5600000e+01   3.3337037e+02  -1.1382963e+01
   2.5700000e+01   1.7437037e+02   3.6977037e+01
   2.5800000e+01   1.5437037e+02   6.3777037e+01
   2.5900000e+01   3.5037037e+02  -3.0629630e+00
   2.6000000e+01   2.0237037e+02   1.1285704e+02
   2.6100000e+01   1.6337037e+02   3.4417037e+01
   2.6200000e+01   1.5837037e+02   9.8617037e+01
   2.6300000e+01   1.3437037e+02   6.3577037e+01
   2.6400000e+01   2.4637037e+02   7.5097037e+01
   2.6500000e+01   3.3837037e+02   3.9417037e+01
   2.6600000e+01   2.9137037e+02   5.4297037e+01
   2.6700000e+01   1.1837037e+02   1.1921704e+02
   2.6800000e+01   1.9837037e+02   8.4017037e+01
   2.6900000e+01   1.2337037e+02   4.5017037e+01
   2.7000000e+01   3.3137037e+02   4.8697037e+01
   2.7100000e+01   2.4737037e+02   1.1405704e+02
   2.7200000e+01   1.9037037e+02   5.5337037e+01
   2.7300000e+01   3.0137037e+02   7.5897037e+01
   2.7400000e+01   1.0037037e+02   3.9937037e+01
   2.7500000e+01   1.6037037e+02   1.9537037e+01
   2.7600000e+01   1.1337037e+02   5.6417037e+01
   2.7700000e+01   3.0037037e+02   8.5937037e+01
   2.7800000e+01   1.8237037e+02   3.3657037e+01
   2.7900000e+01   3.0637037e+02   2.2697037e+01
   2.8000000e+01   2.0737037e+02   1.1765704e+02
   2.8100000e+01   2.7737037e+02   5.6857037e+01
   2.8200000e+01   3.6737037e+02  -1.4742963e+01
   2.8300000e+01   2.1637037e+02   5.9297037e+01
   2.8400000e+01   2.9337037e+02   1.2021704e+02
   2.8500000e+01   2.6337037e+02   4.3417037e+01
   2.8600000e+01   2.5337037e+02   7.8817037e+01
   2.8700000e+01   2.9737037e+02   6.0570370e+00
   2.8800000e+01   2.2337037e+02   8.6017037e+01
   2.8900000e+01   1.5637037e+02   4.1697037e+01
   2.9000000e+01   1.3937037e+02   1.2937704e+02
   2.9100000e+01   2.3937037e+02   8.4377037e+01
   2.9200000e+01   4.0537037e+02   4.9737037e+01
   2.9300000e+01   3.3137037e+02   1.6169704e+02
   2.9400000e+01   3.4037037e+02   7.7337037e+01
   2.9500000e+01   1.1337037e+02   7.8417037e+01
   2.9600000e+01   2.0937037e+02  -2.3422963e+01
   2.9700000e+01   3.7237037e+02   1.6905704e+02
   2.9800000e+01   8.9370370e+01  -8.6229630e+00
   2.9900000e+01   2.7237037e+02   9.7057037e+01
   3.0000000e+01   1.7137037e+02   6.5097037e+01
   3.0100000e+01   1.2837037e+02   1.4081704e+02
   3.0200000e+01   2.2037037e+02   1.7413704e+02
   3.0300000e+01   2.3337037e+02  -3.7382963e+01
   3.0400000e+01   1.7137037e+02   8.6097037e+01
   3.0500000e+01   1.4937037e+02   1.5497704e+02
   3.0600000e+01   1.0337037e+02   1.9181704e+02
   3.0700000e+01   5.2370370e+01  -3.2142963e+01
   3.0800000e+01   1.3437037e+02  -1.6422963e+01
   3.0900000e+01   2.3237037e+02   6.9657037e+01
   3.1000000e+01   1.7537037e+02   5.5937037e+01
   3.1100000e+01   1.3437037e+02   8.7577037e+01
   3.1200000e+01   1.3237037e+02   5.0657037e+01
   3.1300000e+01   2.7437037e+02   1.0897704e+02
   3.1400000e+01   1.6037037e+02   3.7537037e+01
   3.1500000e+01   1.3437037e+02   5.5770370e+00
   3.1600000e+01   3.1637037e+02   8.3297037e+01
   3.1700000e+01   2.1637037e+02   1.2329704e+02
   3.1800000e+01   8.6370370e+01  -1.5029630e+00
   3.1900000e+01   2.8537037e+02   2.5370370e+00
   3.2000000e+01   2.8237037e+02   5.4657037e+01
   3.2100000e+01   8.9370370e+01   6.1377037e+01
   3.2200000e+01   3.1337037e+02   6.1417037e+01
   3.2300000e+01   2.9237037e+02   2.7257037e+01
   3.2400000e+01   5.0370370e+01   6.1937037e+01
   3.2500000e+01   2.3237037e+02   9.0657037e+01
   3.2600000e+01   3.3537037e+02   1.0553704e+02
   3.2700000e+01   2.0937037e+02   8.6577037e+01
   3.2800000e+01   3.1337037e+02   8.6417037e+01
   3.2900000e+01   3.3737037e+02   2.4570370e+00
   3.3000000e+01   1.7837037e+02   1.5281704e+02
   3.3100000e+01   6.7370370e+01   3.4257037e+01
   3.3200000e+01   2.4437037e+02   3.4177037e+01
   3.3300000e+01   2.3337037e+02   2.6170370e+00
   3.3400000e+01   1.7337037e+02   2.2017037e+01
   3.3500000e+01   1.8137037e+02   4.7697037e+01
   3.3600000e+01   1.7037037e+02   2.1370370e+00
   3.3700000e+01   1.8037037e+02   5.1737037e+01
   3.3800000e+01   2.2337037e+02  -1.0982963e+01
   3.3900000e+01   9.1370370e+01   5.1297037e+01
   3.4000000e+01   1.0637037e+02   4.6970370e+00
   3.4100000e+01   2.8137037e+02   1.1769704e+02
   3.4200000e+01   2.9737037e+02   2.7057037e+01
   3.4300000e+01   2.7837037e+02   9.4817037e+01
   3.4400000e+01   2.5937037e+02   7.4577037e+01
   3.4500000e+01   7.0370370e+01   4.2137037e+01
   3.4600000e+01   1.0637037e+02   6.4697037e+01
   3.4700000e+01   1.5537037e+02   1.8173704e+02
   3.4800000e+01   4.3237037e+02   5.3657037e+01
   3.4900000e+01   3.3337037e+02   6.0617037e+01
   3.5000000e+01   2.4237037e+02   7.9257037e+01
   3.5100000e+01   2.1137037e+02   6.3497037e+01
   3.5200000e+01   2.4237037e+02   5.7257037e+01
   3.5300000e+01   2.4737037e+02   6.9057037e+01
   3.5400000e+01   2.9337037e+02   6.5217037e+01
   3.5500000e+01   1.5737037e+02   8.6657037e+01
   3.5600000e+01   8.6370370e+01   5.8497037e+01
   3.5700000e+01   2.0537037e+02   6.1737037e+01
   3.5800000e+01   1.1237037e+02   6.9457037e+01
   3.5900000e+01   1.7937037e+02   6.8777037e+01
   3.6000000e+01   2.7437037e+02   4.2977037e+01
   3.6100000e+01   3.8237037e+02   1.0065704e+02
   3.6200000e+01   1.6737037e+02   3.9257037e+01
   3.6300000e+01   2.1637037e+02   2.4297037e+01
   3.6400000e+01   4.2037037e+02   1.2013704e+02
   3.6500000e+01   2.7137037e+02   8.3097037e+01
   3.6600000e+01   2.5937037e+02   8.5577037e+01
   3.6700000e+01   1.4237037e+02   7.7257037e+01
   3.6800000e+01   2.1637037e+02   8.1297037e+01
   3.6900000e+01   1.6037037e+02   4.3537037e+01
   3.7000000e+01   2.3837037e+02   1.0541704e+02
   3.7100000e+01   2.8337037e+02   6.7617037e+01
   3.7200000e+01   2.6237037e+02   7.2457037e+01
   3.7300000e+01   2.0737037e+02   1.4465704e+02
   3.7400000e+01   3.9537037e+02   1.5113704e+02
   3.7500000e+01   3.5837037e+02   8.3617037e+01
   3.7600000e+01   1.0837037e+02   2.6617037e+01
   3.7700000e+01   1.9037037e+02   1.4337037e+01
   3.7800000e+01   1.5437037e+02   6.7777037e+01
   3.7900000e+01   2.7437037e+02  -2.2022963e+01
   3.8000000e+01   2.5937037e+02  -2.6422963e+01
   3.8100000e+01   2.2737037e+02   1.1385704e+02
   3.8200000e+01   3.3037037e+02   2.1737037e+01
   3.8300000e+01   3.0337037e+02   5.8170370e+00
   3.8400000e+01   2.3337037e+02   1.0061704e+02
   3.8500000e+01   2.2037037e+02   1.0013704e+02
   3.8600000e+01   3.0937037e+02   6.9577037e+01
   3.8700000e+01   3.2037037e+02   6.5137037e+01
   3.8800000e+01   2.7637037e+02   1.0189704e+02
   3.8900000e+01   3.0937037e+02   3.9577037e+01
   3.9000000e+01   2.1237037e+02   1.5457037e+01
   3.9100000e+01   2.1337037e+02   1.5341704e+02
   3.9200000e+01   1.6137037e+02   1.0349704e+02
   3.9300000e+01   3.2637037e+02   7.6897037e+01
   3.9400000e+01   2.7337037e+02   7.8017037e+01
   3.9500000e+01   2.2537037e+02   8.5937037e+01
   3.9600000e+01   2.1437037e+02   9.4377037e+01
   3.9700000e+01   1.5737037e+02   1.7465704e+02
   3.9800000e+01   2.9637037e+02   4.1097037e+01
   3.9900000e+01   2.8837037e+02   1.2641704e+02
   4.0000000e+01   2.2937037e+02   9.9777037e+01
   4.0100000e+01   2.4037037e+02   3.3703704e-01
   4.0200000e+01   7.5370370e+01   5.2937037e+01
   4.0300000e+01   2.4737037e+02   7.7057037e+01
   4.0400000e+01   3.2037037e+02   5.0137037e+01
   4.0500000e+01   2.3637037e+02   6.4970370e+00
   4.0600000e+01   3.6937037e+02   3.8177037e+01
   4.0700000e+01   1.1737037e+02   4.8257037e+01
   4.0800000e+01   2.7637037e+02   8.6897037e+01
   4.0900000e+01   2.1437037e+02   8.4377037e+01
   4.1000000e+01   2.0037037e+02   8.8937037e+01
   4.1100000e+01   1.2737037e+02   2.8570370e+00
   4.1200000e+01   3.2037037e+02   8.4137037e+01
   4.1300000e+01   6.5370370e+01   2.2337037e+01
   4.1400000e+01   1.1837037e+02   6.2170370e+00
   4.1500000e+01   2.2137037e+02   1.8097037e+01
   4.1600000e+01   1.5137037e+02   4.1897037e+01
   4.1700000e+01   1.6437037e+02   8.3377037e+01
   4.1800000e+01   8.6370370e+01   9.5497037e+01
   4.1900000e+01   1.3137037e+02   1.1869704e+02
   4.2000000e+01   1.7737037e+02   4.1857037e+01
   4.2100000e+01   1.4537037e+02   1.6113704e+02
   4.2200000e+01   9.9370370e+01   7.9770370e+00
   4.2300000e+01   1.6437037e+02   8.2377037e+01
   4.2400000e+01   1.3137037e+02   7.5697037e+01
   4.2500000e+01   2.5537037e+02   9.7370370e+00
   4.2600000e+01   1.9437037e+02   1.2217704e+02
   4.2700000e+01   3.6237037e+02   6.5457037e+01
   4.2800000e+01   1.3037037e+02  -7.2629630e+00
   4.2900000e+01   6.0370370e+01   9.1537037e+01
   4.3000000e+01   2.6737037e+02   4.9257037e+01
   4.3100000e+01   2.5337037e+02   1.2781704e+02
   4.3200000e+01   1.2937037e+02   1.0177704e+02
   4.3300000e+01   2.2937037e+02   5.7777037e+01
   4.3400000e+01   1.3737037e+02   1.9457037e+01
   4.3500000e+01   7.0370370e+01   3.2137037e+01
   4.3600000e+01   2.9237037e+02   9.2570370e+00
   4.3700000e+01   3.3937037e+02   4.5377037e+01
   4.3800000e+01   2.4937037e+02   5.1977037e+01
   4.3900000e+01   7.9370370e+01   4.2777037e+01
   4.4000000e+01   1.3937037e+02   9.5377037e+01
   4.4100000e+01   2.5537037e+02   1.1573704e+02
   4.4200000e+01   1.8437037e+02   1.6577037e+01
   4.4300000e+01   1.8037037e+02   1.9573704e+02
   4.4400000e+01   1.3337037e+02   9.3617037e+01
   4.4500000e+01   2.5637037e+02   4.2697037e+01
   4.4600000e+01   1.7837037e+02   1.3581704e+02
   4.4700000e+01   2.8037037e+02   3.1737037e+01
   4.4800000e+01   2.7337037e+02   3.8017037e+01
   4.4900000e+01  -4.6296296e+00   3.1370370e+00
   4.5000000e+01   1.5137037e+02   8.1897037e+01
   4.5100000e+01   3.5837037e+02   6.1703704e-01
   4.5200000e+01   1.9537037e+02   8.0137037e+01
   4.5300000e+01   2.8737037e+02   1.4445704e+02
   4.5400000e+01   2.6137037e+02   5.5497037e+01
   4.5500000e+01   2.0937037e+02   3.1577037e+01
   4.5600000e+01   1.6637037e+02   6.0297037e+01
   4.5700000e+01   1.2637037e+02   1.1289704e+02
   4.5800000e+01   7.4370370e+01   1.0597704e+02
   4.5900000e+01   2.7737037e+02   1.0785704e+02
   4.6000000e+01   1.5337037e+02   2.2817037e+01
   4.6100000e+01   6.1370370e+01   1.4849704e+02
   4.6200000e+01   4.6370370e+01   8.9097037e+01
   4.6300000e+01   2.6037037e+02   6.3537037e+01
   4.6400000e+01   3.0037037e+02   1.3893704e+02
   4.6500000e+01   2.9437037e+02   1.5817704e+02
   4.6600000e+01   2.2737037e+02   5.8570370e+00
   4.6700000e+01   1.7837037e+02   6.1817037e+01
   4.6800000e+01   1.8137037e+02   9.5697037e+01
   4.6900000e+01   2.1737037e+02   6.9257037e+01
   4.7000000e+01   1.4037037e+02   2.1337037e+01
   4.7100000e+01   2.6437037e+02   1.6037704e+02
   4.7200000e+01   3.6637037e+02   4.4297037e+01
   4.7300000e+01   1.8537037e+02   1.1353704e+02
   4.7400000e+01   1.4237037e+02   5.1257037e+01
   4.7500000e+01   2.0337037e+02   6.8817037e+01
   4.7600000e+01   2.8937037e+02   4.6377037e+01
   4.7700000e+01   2.5937037e+02   5.7577037e+01
   4.7800000e+01   1.4437037e+02   7.8177037e+01
   4.7900000e+01   3.2937037e+02   8.0777037e+01
   4.8000000e+01   1.5537037e+02   6.8737037e+01
   4.8100000e+01   7.9370370e+01   3.1777037e+01
   4.8200000e+01   3.5137037e+02   5.6897037e+01
   4.8300000e+01   2.6037037e+02   3.2537037e+01
   4.8400000e+01   1.8737037e+02   1.5457037e+01
   4.8500000e+01   2.2337037e+02   1.4001704e+02
   4.8600000e+01   2.0937037e+02   7.6577037e+01
   4.8700000e+01   2.4437037e+02   1.2317704e+02
   4.8800000e+01   1.7637037e+02   8.1897037e+01
   4.8900000e+01   2.2837037e+02   1.0381704e+02
   4.9000000e+01   1.1437037e+02   3.6377037e+01
   4.9100000e+01   2.7037037e+02   3.0137037e+01
   4.9200000e+01   2.1037037e+02   8.8537037e+01
   4.9300000e+01   3.2737037e+02   7.8570370e+00
   4.9400000e+01   1.3037037e+02   1.9737037e+01
   4.9500000e+01   2.8937037e+02   5.5377037e+01
   4.9600000e+01   2.4137037e+02  -4.7029630e+00
   4.9700000e+01   2.0037037e+02   4.2937037e+01
   4.9800000e+01   2.2937037e+02  -1.0222963e+01
   4.9900000e+01   2.3137037e+02   2.5697037e+01
   5.0000000e+01   1.7237037e+02   5.2057037e+01
   5.0100000e+01   2.8737037e+02  -4.0542963e+01
   5.0200000e+01   2.6537037e+02   7.7337037e+01
   5.0300000e+01   2.6637037e+02  -1.9702963e+01
   5.0400000e+01   2.4137037e+02   4.3297037e+01
   5.0500000e+01   1.6937037e+02   1.2177037e+01
   5.0600000e+01   6.2737037e+02  -4.0142963e+01
   5.0700000e+01   1.9437037e+02  -5.4822963e+01
   5.0800000e+01   1.9037037e+02  -4.5662963e+01
   5.0900000e+01   2.9137037e+02  -6.7029630e+00
   5.1000000e+01   1.7837037e+02   4.2817037e+01
   5.1100000e+01   2.0637037e+02  -7.3029630e+00
   5.1200000e+01   4.6237037e+02   9.1457037e+01
   5.1300000e+01   2.1137037e+02   6.4970370e+00
   5.1400000e+01   3.1337037e+02  -1.0582963e+01
   5.1500000e+01   2.6837037e+02   6.1217037e+01
   5.1600000e+01   2.0637037e+02   3.7697037e+01
   5.1700000e+01   6.5370370e+01   6.4337037e+01
   5.1800000e+01   2.7137037e+02  -5.7902963e+01
   5.1900000e+01   2.1037037e+02   5.2537037e+01
   5.2000000e+01   3.1437037e+02   2.3770370e+00
   5.2100000e+01   2.5837037e+02   5.1617037e+01
   5.2200000e+01   1.1137037e+02   1.1449704e+02
   5.2300000e+01   2.4237037e+02   1.9257037e+01
   5.2400000e+01   3.0037037e+02   3.1937037e+01
   5.2500000e+01   3.5137037e+02   4.0897037e+01
   5.2600000e+01   2.3037037e+02   4.7737037e+01
   5.2700000e+01   8.2370370e+01   4.4657037e+01
   5.2800000e+01   4.1437037e+02  -6.9622963e+01
   5.2900000e+01   3.5137037e+02  -5.2102963e+01
   5.3000000e+01   1.7037037e+02   8.0137037e+01
   5.3100000e+01   1.2237037e+02   6.5057037e+01
   5.3200000e+01   3.5437037e+02  -5.4222963e+01
   5.3300000e+01   3.7437037e+02  -3.5022963e+01
   5.3400000e+01   3.4137037e+02   2.0297037e+01
   5.3500000e+01   1.1837037e+02   4.0217037e+01
   5.3600000e+01   1.3737037e+02   4.3457037e+01
   5.3700000e+01   3.1137037e+02   1.2497037e+01
   5.3800000e+01   2.5037037e+02   4.3937037e+01
   5.3900000e+01   2.6037037e+02   5.8537037e+01
   5.4000000e+01   1.8537037e+02   1.4537037e+01
   5.4100000e+01   8.3370370e+01   2.2617037e+01
   5.4200000e+01   2.9937037e+02   2.9977037e+01
   5.4300000e+01   1.2437037e+02  -2.2022963e+01
   5.4400000e+01   1.2370370e+01   1.4570370e+00
   5.4500000e+01   1.1737037e+02  -1.4742963e+01
   5.4600000e+01  -1.5629630e+01   1.0557704e+02
   5.4700000e+01   5.1370370e+01  -2.0102963e+01
   5.4800000e+01  -6.2962963e-01   4.4977037e+01
   5.4900000e+01  -8.1629630e+01   6.0217037e+01
   5.5000000e+01   7.4370370e+01   2.9770370e+00
   5.5100000e+01   1.0637037e+02  -3.3302963e+01
   5.5200000e+01  -2.5629630e+01   2.5977037e+01
   5.5300000e+01   1.7370370e+01   1.9257037e+01
   5.5400000e+01   2.2370370e+01   7.0570370e+00
   5.5500000e+01   2.9370370e+01   8.7770370e+00
   5.5600000e+01   7.3703704e+00   5.6657037e+01
   5.5700000e+01   6.8370370e+01   8.5217037e+01
   5.5800000e+01  -2.8629630e+01  -2.2902963e+01
   5.5900000e+01   1.5370370e+01  -1.5662963e+01
   5.6000000e+01  -4.9629630e+01   2.3937037e+01
   5.6100000e+01   9.0370370e+01   1.3337037e+01
   5.6200000e+01   2.3370370e+01   9.8017037e+01
   5.6300000e+01  -5.7629630e+01   2.3257037e+01
   5.6400000e+01   5.6370370e+01   3.3697037e+01
   5.6500000e+01   2.7370370e+01  -3.2142963e+01
   5.6600000e+01   1.5370370e+01  -2.6629630e+00
   5.6700000e+01   2.7370370e+01  -2.6142963e+01
   5.6800000e+01   9.6370370e+01   2.8097037e+01
   5.6900000e+01  -2.6629630e+01  -4.9829630e+00
   5.7000000e+01  -2.5629630e+01   3.5977037e+01
   5.7100000e+01   2.2237037e+02   1.7057037e+01
   5.7200000e+01   9.1370370e+01   1.8297037e+01
   5.7300000e+01   4.6370370e+01   1.8097037e+01
   5.7400000e+01  -1.8629630e+01   4.3697037e+01
   5.7500000e+01   3.0370370e+01  -2.2262963e+01
   5.7600000e+01  -1.6629630e+01  -4.7382963e+01
   5.7700000e+01   4.0370370e+01   4.9337037e+01
   5.7800000e+01   4.8370370e+01  -4.1982963e+01
   5.7900000e+01  -7.2629630e+01   2.7857037e+01
   5.8000000e+01   2.0370370e+01   5.7137037e+01
   5.8100000e+01  -8.6296296e+00   7.4297037e+01
   5.8200000e+01  -1.8629630e+01  -2.0302963e+01
   5.8300000e+01   1.5370370e+01   4.3370370e+00
   5.8400000e+01  -5.4629630e+01   1.2137037e+01
   5.8500000e+01  -1.6629630e+01   9.9617037e+01
   5.8600000e+01   3.8370370e+01   8.4170370e+00
   5.8700000e+01   5.1370370e+01   8.1897037e+01
   5.8800000e+01   1.3370370e+01  -3.3582963e+01
   5.8900000e+01  -3.4629630e+01   3.3703704e-01
   5.9000000e+01  -5.7629630e+01   5.5257037e+01
   5.9100000e+01  -1.0629630e+01  -2.8622963e+01
   5.9200000e+01   1.7370370e+01   1.3257037e+01
   5.9300000e+01   1.3370370e+01  -2.0582963e+01
   5.9400000e+01   7.1370370e+01   9.0970370e+00
   5.9500000e+01   5.6370370e+01  -8.3029630e+00
   5.9600000e+01   1.3437037e+02   5.5770370e+00
   5.9700000e+01  -8.1629630e+01  -2.7829630e+00
   5.9800000e+01   1.1370370e+01  -1.8502963e+01
   5.9900000e+01   1.5337037e+02   2.3817037e+01
   6.0000000e+01  -7.4629630e+01   3.0937037e+01
   6.0100000e+01   8.9370370e+01   3.7377037e+01
   6.0200000e+01   1.3703704e+00  -1.5102963e+01
   6.0300000e+01   3.1370370e+01   1.5697037e+01
   6.0400000e+01   3.1370370e+01   4.2697037e+01
   6.0500000e+01   8.9370370e+01  -1.8622963e+01
   6.0600000e+01  -4.8629630e+01   3.2897037e+01
   6.0700000e+01  -2.9629630e+01   1.9137037e+01
   6.0800000e+01   1.3370370e+01  -5.8296296e-01
   6.0900000e+01  -7.3629630e+01  -2.3102963e+01
   6.1000000e+01   9.2370370e+01   2.2570370e+00
   6.1100000e+01  -1.8629630e+01  -1.2302963e+01
   6.1200000e+01  -5.1629630e+01  -1.4982963e+01
   6.1300000e+01   1.3703704e+00   2.9897037e+01
   6.1400000e+01  -7.2629630e+01  -2.7142963e+01
   6.1500000e+01  -5.0629630e+01  -2.0229630e+00
   6.1600000e+01   5.0370370e+01  -3.3062963e+01
   6.1700000e+01   4.3370370e+01  -4.8782963e+01
   6.1800000e+01   1.4370370e+01   1.2537704e+02
   6.1900000e+01   1.0370370e+01  -3.4462963e+01
   6.2000000e+01   2.7370370e+01  -3.0142963e+01
   6.2100000e+01  -1.2629630e+01  -2.1542963e+01
   6.2200000e+01   1.1437037e+02  -6.2296296e-01
   6.2300000e+01  -7.3629630e+01  -7.1029630e+00
   6.2400000e+01  -7.3629630e+01   5.0897037e+01
   6.2500000e+01   3.3370370e+01  -8.3829630e+00
   6.2600000e+01  -4.2629630e+01  -3.1342963e+01
   6.2700000e+01  -5.6629630e+01   2.2170370e+00
   6.2800000e+01   3.8370370e+01  -2.5582963e+01
   6.2900000e+01   7.3703704e+00   4.1657037e+01
   6.3000000e+01   9.3703704e+00   2.4577037e+01
   6.3100000e+01  -6.9629630e+01  -4.5262963e+01
   6.3200000e+01  -2.5629630e+01  -2.2022963e+01
   6.3300000e+01   2.5370370e+01   7.3937037e+01
   6.3400000e+01   2.3370370e+01   3.3017037e+01
   6.3500000e+01   1.2370370e+01   3.4457037e+01
   6.3600000e+01  -6.2962963e-01  -1.1022963e+01
   6.3700000e+01  -6.2629630e+01  -2.5429630e+00
   6.3800000e+01   1.4437037e+02   1.7177037e+01
   6.3900000e+01   7.1370370e+01   1.9097037e+01
   6.4000000e+01   7.2370370e+01   4.2057037e+01
   6.4100000e+01   1.0337037e+02  -4.1829630e+00
   6.4200000e+01  -5.6629630e+01   2.5217037e+01
   6.4300000e+01   5.6370370e+01  -5.2302963e+01
   6.4400000e+01   1.3703704e+00  -7.1029630e+00
   6.4500000e+01   4.6370370e+01   4.2097037e+01
   6.4600000e+01   6.4370370e+01   4.3770370e+00
   6.4700000e+01   6.5370370e+01   1.1337037e+01
   6.4800000e+01   2.3703704e+00   1.2857037e+01
   6.4900000e+01  -1.1629630e+01   9.4170370e+00
   6.5000000e+01   6.3703704e+00  -2.2302963e+01
   6.5100000e+01   7.1370370e+01   4.0970370e+00
   6.5200000e+01   5.2370370e+01  -2.0142963e+01
   6.5300000e+01  -3.5629630e+01  -2.3622963e+01
   6.5400000e+01  -2.8629630e+01   3.8097037e+01
   6.5500000e+01  -1.5629630e+01   8.3577037e+01
   6.5600000e+01  -3.0629630e+01  -3.3822963e+01
   6.5700000e+01  -4.1629630e+01   2.3617037e+01
   6.5800000e+01   7.2370370e+01  -4.3942963e+01
   6.5900000e+01  -3.0629630e+01   1.4177037e+01
   6.6000000e+01  -7.5629630e+01  -4.6022963e+01
   6.6100000e+01  -5.4629630e+01   7.1370370e+00
   6.6200000e+01  -1.6629630e+01  -1.7382963e+01
   6.6300000e+01   3.8370370e+01  -6.1582963e+01
   6.6400000e+01   2.3370370e+01  -5.2982963e+01
   6.6500000e+01  -2.5629630e+01  -6.0229630e+00
   6.6600000e+01  -2.8629630e+01  -7.9029630e+00
   6.6700000e+01   1.0537037e+02  -3.6262963e+01
   6.6800000e+01  -3.2629630e+01   1.7257037e+01
   6.6900000e+01  -5.7629630e+01   6.0257037e+01
   6.7000000e+01  -3.6629630e+01  -2.5582963e+01
   6.7100000e+01  -4.6629630e+01  -5.1829630e+00
   6.7200000e+01   8.3703704e+00   2.2617037e+01
   6.7300000e+01   1.1937037e+02   1.3177037e+01
   6.7400000e+01   2.8370370e+01   1.2817037e+01
   6.7500000e+01  -6.1629630e+01   8.4170370e+00
   6.7600000e+01  -3.9629630e+01   2.0537037e+01
   6.7700000e+01  -4.9629630e+01   9.9370370e+00
   6.7800000e+01  -6.8629630e+01  -4.8302963e+01
   6.7900000e+01   8.3370370e+01  -2.2382963e+01
   6.8000000e+01  -6.8629630e+01   1.5697037e+01
   6.8100000e+01  -3.2629630e+01  -5.7742963e+01
   6.8200000e+01  -1.3629630e+01   3.1497037e+01
   6.8300000e+01   5.2370370e+01   1.3857037e+01
   6.8400000e+01  -1.3629630e+01  -3.5029630e+00
   6.8500000e+01  -4.6296296e+00  -2.5862963e+01
   6.8600000e+01   4.7370370e+01  -2.3942963e+01
   6.8700000e+01  -1.0629630e+01  -2.6622963e+01
   6.8800000e+01  -8.6629630e+01   4.9417037e+01
   6.8900000e+01  -8.6296296e+00  -4.2702963e+01
   6.9000000e+01   4.9370370e+01   1.1977037e+01
   6.9100000e+01  -1.0462963e+02  -4.8629630e+00
   6.9200000e+01   4.2370370e+01   3.0257037e+01
   6.9300000e+01  -5.4629630e+01  -6.8862963e+01
   6.9400000e+01   5.8370370e+01  -1.6382963e+01
   6.9500000e+01   1.6370370e+01   4.2970370e+00
   6.9600000e+01   3.3703704e+00   5.5817037e+01
   6.9700000e+01  -6.3629630e+01  -4.4502963e+01
   6.9800000e+01   7.9370370e+01   5.3777037e+01
   6.9900000e+01   7.5370370e+01  -1.3062963e+01
   7.0000000e+01  -5.2629630e+01   2.3057037e+01
   7.0100000e+01  -1.1629630e+01  -2.5582963e+01
   7.0200000e+01  -5.8629630e+01   1.7297037e+01
   7.0300000e+01   2.6370370e+01   3.4897037e+01
   7.0400000e+01  -5.2629630e+01   4.1057037e+01
   7.0500000e+01  -5.8629630e+01  -1.8702963e+01
   7.0600000e+01   6.3703704e+00  -3.0302963e+01
   7.0700000e+01   5.2370370e+01  -3.6142963e+01
   7.0800000e+01  -9.4629630e+01  -3.2262963e+01
   7.0900000e+01   1.4370370e+01  -3.6622963e+01
   7.1000000e+01  -3.3629630e+01   4.8297037e+01
   7.1100000e+01  -5.3629630e+01  -2.5902963e+01
   7.1200000e+01   7.3703704e+00  -4.4342963e+01
   7.1300000e+01  -7.3629630e+01   1.8897037e+01
   7.1400000e+01   4.4370370e+01  -3.8822963e+01
   7.1500000e+01  -1.1629630e+01  -9.5829630e+00
   7.1600000e+01   5.2370370e+01   2.0857037e+01
   7.1700000e+01   6.8370370e+01  -3.1782963e+01
   7.1800000e+01   1.1237037e+02  -5.9542963e+01
   7.1900000e+01  -3.2629630e+01   5.2570370e+00
   7.2000000e+01   1.6370370e+01  -3.9702963e+01
   7.2100000e+01  -5.2629630e+01   3.9057037e+01
   7.2200000e+01  -5.2629630e+01  -1.5942963e+01
   7.2300000e+01  -3.9629630e+01  -2.6462963e+01
   7.2400000e+01  -7.4629630e+01   5.9370370e+00
   7.2500000e+01   3.3370370e+01  -2.5382963e+01
   7.2600000e+01  -7.6296296e+00   3.0257037e+01
   7.2700000e+01  -6.2962963e-01   1.3977037e+01
   7.2800000e+01  -4.9629630e+01   8.9370370e+00
   7.2900000e+01  -5.9629630e+01   8.9337037e+01
   7.3000000e+01   7.7370370e+01   5.7857037e+01
   7.3100000e+01   6.7370370e+01   1.2257037e+01
   7.3200000e+01   1.1437037e+02  -4.7622963e+01
   7.3300000e+01  -6.6629630e+01  -1.2382963e+01
   7.3400000e+01  -2.9629630e+01  -1.7862963e+01
   7.3500000e+01   2.0370370e+01  -8.8629630e+00
   7.3600000e+01  -3.9629630e+01   4.1537037e+01
   7.3700000e+01  -1.2629630e+01   1.8457037e+01
   7.3800000e+01   9.3703704e+00  -8.4229630e+00
   7.3900000e+01   3.7370370e+01  -4.2542963e+01
   7.4000000e+01  -2.1629630e+01  -9.1829630e+00
   7.4100000e+01   5.5370370e+01   2.2737037e+01
   7.4200000e+01  -5.5629630e+01  -2.3822963e+01
   7.4300000e+01   2.7370370e+01  -1.7142963e+01
   7.4400000e+01  -8.0629630e+01   2.6177037e+01
   7.4500000e+01  -6.4629630e+01  -5.4629630e+00
   7.4600000e+01  -6.7629630e+01   8.6570370e+00
   7.4700000e+01   1.7370370e+01  -5.3742963e+01
   7.4800000e+01  -8.4629630e+01  -3.0662963e+01
   7.4900000e+01  -5.0629630e+01   7.3977037e+01
   7.5000000e+01  -3.8629630e+01   2.4497037e+01
   7.5100000e+01   1.7370370e+01   7.2570370e+00
   7.5200000e+01  -8.4629630e+01   3.3370370e+00
   7.5300000e+01   3.8370370e+01   8.9417037e+01
   7.5400000e+01  -3.8629630e+01   2.4497037e+01
   7.5500000e+01  -4.6296296e+00  -1.5862963e+01
   7.5600000e+01   5.5370370e+01   4.4737037e+01
   7.5700000e+01  -2.3629630e+01  -4.4102963e+01
   7.5800000e+01  -3.9629630e+01   5.5370370e+00
   7.5900000e+01   9.9370370e+01  -1.3022963e+01
   7.6000000e+01   3.5370370e+01  -3.8462963e+01
   7.6100000e+01   1.5737037e+02  -1.5342963e+01
   7.6200000e+01   1.1370370e+01   1.0497037e+01
   7.6300000e+01   2.4370370e+01  -2.1022963e+01
   7.6400000e+01  -1.6629630e+01   2.6617037e+01
   7.6500000e+01  -3.4629630e+01   2.8337037e+01
   7.6600000e+01   2.6370370e+01  -3.2102963e+01
   7.6700000e+01  -9.5629630e+01   3.9777037e+01
   7.6800000e+01   4.5370370e+01  -2.8629630e+00
   7.6900000e+01  -7.3629630e+01   4.8897037e+01
   7.7000000e+01  -2.5629630e+01  -1.1022963e+01
   7.7100000e+01   2.9370370e+01   1.1777037e+01
   7.7200000e+01  -2.4629630e+01  -6.0629630e+00
   7.7300000e+01  -3.2629630e+01   2.9257037e+01
   7.7400000e+01   8.0370370e+01  -7.2629630e+00
   7.7500000e+01   2.0370370e+01   2.1137037e+01
   7.7600000e+01  -4.1629630e+01  -3.9382963e+01
   7.7700000e+01   3.9370370e+01   2.3377037e+01
   7.7800000e+01   6.3370370e+01  -7.5829630e+00
   7.7900000e+01   3.3370370e+01  -1.0382963e+01
   7.8000000e+01   5.9370370e+01   2.9577037e+01
   7.8100000e+01  -1.1629630e+01   1.1417037e+01
   7.8200000e+01  -3.8629630e+01  -5.3502963e+01
   7.8300000e+01   2.8370370e+01  -1.0182963e+01
   7.8400000e+01   5.3703704e+00   6.9737037e+01
   7.8500000e+01   1.2370370e+01  -1.3542963e+01
   7.8600000e+01  -9.0629630e+01   4.4577037e+01
   7.8700000e+01   4.0370370e+01   1.5337037e+01
   7.8800000e+01   1.5370370e+01   2.0337037e+01
   7.8900000e+01   4.3370370e+01   7.2170370e+00
   7.9000000e+01   9.3370370e+01  -3.5782963e+01
   7.9100000e+01   5.2370370e+01   3.8570370e+00
   7.9200000e+01   8.8370370e+01   1.1417037e+01
   7.9300000e+01   8.6370370e+01  -4.7502963e+01
   7.9400000e+01   3.9370370e+01  -1.6622963e+01
   7.9500000e+01  -2.9629630e+01  -9.8629630e+00
   7.9600000e+01   9.3703704e+00  -3.9422963e+01
   7.9700000e+01   5.2370370e+01  -2.4142963e+01
   7.9800000e+01   9.1370370e+01  -4.5702963e+01
   7.9900000e+01  -3.8629630e+01   5.5497037e+01
   8.0000000e+01   2.5370370e+01  -3.3062963e+01
   8.0100000e+01   3.2370370e+01  -2.9342963e+01
   8.0200000e+01  -5.8629630e+01  -1.9702963e+01
   8.0300000e+01   4.8370370e+01  -7.9829630e+00
   8.0400000e+01   8.3370370e+01   4.1617037e+01
   8.0500000e+01  -2.2629630e+01  -1.1429630e+00
   8.0600000e+01  -5.6629630e+01  -2.5782963e+01
   8.0700000e+01   4.5370370e+01   7.1370370e+00
   8.0800000e+01  -1.0629630e+01  -2.1622963e+01
   8.0900000e+01  -5.8629630e+01  -4.1702963e+01
   8.1000000e+01   1.7370370e+01  -4.0742963e+01
   8.1100000e+01   5.5370370e+01  -3.2262963e+01
   8.1200000e+01  -6.2629630e+01  -1.0542963e+01
   8.1300000e+01  -5.1629630e+01   1.6017037e+01
   8.1400000e+01  -3.6296296e+00  -3.9029630e+00
   8.1500000e+01   5.1370370e+01   1.8970370e+00
   8.1600000e+01   1.1370370e+01   3.0497037e+01
   8.1700000e+01  -5.0629630e+01   5.9770370e+00
   8.1800000e+01   4.7370370e+01   8.0570370e+00
   8.1900000e+01  -5.0629630e+01  -1.4022963e+01
   8.2000000e+01  -6.2962963e-01   1.2977037e+01
   8.2100000e+01  -6.6296296e+00  -2.4782963e+01
   8.2200000e+01  -3.9629630e+01  -4.4629630e+00
   8.2300000e+01   8.1370370e+01   1.0697037e+01
   8.2400000e+01  -1.2629630e+01  -2.5542963e+01
   8.2500000e+01  -4.2629630e+01  -9.3429630e+00
   8.2600000e+01  -4.6296296e+00  -4.1862963e+01
   8.2700000e+01   2.6370370e+01  -3.5102963e+01
   8.2800000e+01   2.5370370e+01   2.3937037e+01
   8.2900000e+01  -6.2962963e-01  -3.6022963e+01
   8.3000000e+01   1.8370370e+01   1.9217037e+01
   8.3100000e+01  -4.0629630e+01  -2.7422963e+01
   8.3200000e+01  -3.6629630e+01   2.3417037e+01
   8.3300000e+01   3.8370370e+01  -3.3582963e+01
   8.3400000e+01   4.5370370e+01   6.6137037e+01
   8.3500000e+01  -7.2629630e+01  -4.2142963e+01
   8.3600000e+01  -8.6296296e+00  -3.1702963e+01
   8.3700000e+01  -2.6296296e+00  -3.3942963e+01
   8.3800000e+01  -2.7629630e+01  -4.8942963e+01
   8.3900000e+01  -8.1629630e+01   4.2170370e+00
   8.4000000e+01   6.1370370e+01   3.4497037e+01
   8.4100000e+01   3.3370370e+01   2.8617037e+01
   8.4200000e+01   2.4370370e+01   5.4977037e+01
   8.4300000e+01   2.2370370e+01   1.3057037e+01
   8.4400000e+01  -1.0629630e+01  -3.9622963e+01
   8.4500000e+01   2.0370370e+01  -7.8629630e+00
   8.4600000e+01  -3.2629630e+01   3.2570370e+00
   8.4700000e+01  -1.8629630e+01  -4.1302963e+01
   8.4800000e+01  -4.8629630e+01  -1.4102963e+01
   8.4900000e+01   2.3370370e+01   9.0170370e+00
   8.5000000e+01  -6.6296296e+00  -2.1782963e+01
   8.5100000e+01  -6.0629630e+01   8.3377037e+01
   8.5200000e+01  -3.4629630e+01  -6.5662963e+01
   8.5300000e+01  -4.6296296e+00  -3.8862963e+01
   8.5400000e+01  -6.4629630e+01   1.0253704e+02
   8.5500000e+01  -1.0962963e+02  -7.6629630e+00
   8.5600000e+01  -1.6296296e+00  -1.5982963e+01
   8.5700000e+01  -2.5629630e+01   5.9770370e+00
   8.5800000e+01   5.1370370e+01   5.8970370e+00
   8.5900000e+01  -3.2629630e+01   1.9257037e+01
   8.6000000e+01   2.1370370e+01   1.5097037e+01
   8.6100000e+01   5.3703704e+00  -1.5262963e+01
   8.6200000e+01  -7.5629630e+01   5.6977037e+01
   8.6300000e+01  -8.4629630e+01   1.6337037e+01
   8.6400000e+01  -2.3629630e+01  -1.7102963e+01
   8.6500000e+01  -7.6296296e+00  -2.2742963e+01
   8.6600000e+01   4.0370370e+01  -3.1662963e+01
   8.6700000e+01   2.2370370e+01  -1.5942963e+01
   8.6800000e+01  -4.6296296e+00   1.3137037e+01
   8.6900000e+01  -4.6629630e+01   8.2817037e+01
   8.7000000e+01   9.4370370e+01  -3.7822963e+01
   8.7100000e+01   5.8370370e+01  -4.4382963e+01
   8.7200000e+01   4.3370370e+01  -2.5782963e+01
   8.7300000e+01   5.9370370e+01   1.3577037e+01
   8.7400000e+01   3.7037037e-01  -3.8062963e+01
   8.7500000e+01  -2.2629630e+01   3.7857037e+01
   8.7600000e+01  -4.3629630e+01   6.6970370e+00
   8.7700000e+01   1.2137037e+02   2.7097037e+01
   8.7800000e+01   1.5370370e+01  -4.7662963e+01
   8.7900000e+01  -1.2629630e+01   5.4570370e+00
   8.8000000e+01  -8.9629630e+01   5.3537037e+01
   8.8100000e+01  -6.2962963e-01   1.8977037e+01
   8.8200000e+01  -5.5629630e+01   5.1770370e+00
   8.8300000e+01  -9.2629630e+01   1.4657037e+01
   8.8400000e+01   5.6370370e+01  -9.3029630e+00
   8.8500000e+01  -3.8629630e+01  -1.8502963e+01
   8.8600000e+01  -1.2629630e+01  -5.5429630e+00
   8.8700000e+01   5.7370370e+01  -5.3342963e+01
   8.8800000e+01   3.3370370e+01   2.0617037e+01
   8.8900000e+01  -8.4629630e+01  -6.0662963e+01
   8.9000000e+01  -7.3629630e+01  -1.5102963e+01
   8.9100000e+01  -1.6629630e+01  -4.3382963e+01
   8.9200000e+01   6.1370370e+01  -6.3502963e+01
   8.9300000e+01   2.8370370e+01   3.8170370e+00
   8.9400000e+01  -1.7629630e+01  -2.2342963e+01
   8.9500000e+01   1.4370370e+01  -1.6622963e+01
   8.9600000e+01  -1.6629630e+01  -6.0382963e+01
   8.9700000e+01  -1.7629630e+01   3.7657037e+01
   8.9800000e+01  -5.4629630e+01  -2.7862963e+01
   8.9900000e+01  -8.6296296e+00  -9.7029630e+00
   9.0000000e+01  -2.8629630e+01  -3.9029630e+00
   9.0100000e+01   8.3703704e+00  -6.1382963e+01
   9.0200000e+01  -1.6296296e+00  -5.3982963e+01
   9.0300000e+01  -4.2629630e+01   3.6570370e+00
   9.0400000e+01  -1.2062963e+02  -1.0222963e+01
   9.0500000e+01  -9.6296296e+00   3.0337037e+01
   9.0600000e+01  -1.3629630e+01  -2.3502963e+01
   9.0700000e+01  -2.8629630e+01  -5.3902963e+01
   9.0800000e+01  -7.7629630e+01   5.7037037e-02
   9.0900000e+01   1.8370370e+01   5.3217037e+01
   9.1000000e+01  -1.6296296e+00   1.7037037e-02
   9.1100000e+01   1.7370370e+01  -4.8742963e+01
   9.1200000e+01  -3.9629630e+01  -5.5462963e+01
   9.1300000e+01  -3.1629630e+01  -1.7782963e+01
   9.1400000e+01   3.4370370e+01  -7.4229630e+00
   9.1500000e+01  -5.4629630e+01  -7.8629630e+00
   9.1600000e+01   5.8370370e+01  -8.3829630e+00
   9.1700000e+01   8.2370370e+01   3.8657037e+01
   9.1800000e+01   3.3703704e+00  -1.8182963e+01
   9.1900000e+01   3.1370370e+01   1.1697037e+01
   9.2000000e+01  -6.2629630e+01  -4.5429630e+00
   9.2100000e+01   5.8370370e+01  -1.6382963e+01
   9.2200000e+01  -7.3629630e+01   3.0897037e+01
   9.2300000e+01   9.5370370e+01  -4.3862963e+01
   9.2400000e+01   3.6370370e+01   2.2497037e+01
   9.2500000e+01   2.7370370e+01   5.8570370e+00
   9.2600000e+01  -3.5629630e+01  -1.6622963e+01
   9.2700000e+01  -1.0662963e+02   6.7217037e+01
   9.2800000e+01   5.5370370e+01  -2.8262963e+01
   9.2900000e+01  -9.4629630e+01   2.2737037e+01
   9.3000000e+01  -4.6296296e+00  -2.0862963e+01
   9.3100000e+01   7.3703704e+00  -5.8342963e+01
   9.3200000e+01  -7.6296296e+00  -2.8742963e+01
   9.3300000e+01   5.8370370e+01  -4.2382963e+01
   9.3400000e+01   3.4370370e+01   2.6577037e+01
   9.3500000e+01  -5.3629630e+01   9.5097037e+01
   9.3600000e+01   3.3370370e+01  -1.9382963e+01
   9.3700000e+01  -2.4629630e+01  -3.3062963e+01
   9.3800000e+01  -4.6296296e+00   7.9137037e+01
   9.3900000e+01  -9.6296296e+00  -5.2662963e+01
   9.4000000e+01  -6.2962963e-01  -2.7022963e+01
   9.4100000e+01  -2.9629630e+01   2.1370370e+00
   9.4200000e+01  -3.5629630e+01  -3.6229630e+00
   9.4300000e+01  -1.7629630e+01   2.7657037e+01
   9.4400000e+01  -7.0629630e+01   2.5777037e+01
   9.4500000e+01   2.8370370e+01   1.6817037e+01
   9.4600000e+01  -1.4162963e+02   2.0617037e+01
   9.4700000e+01  -6.6296296e+00  -3.8782963e+01
   9.4800000e+01  -5.0629630e+01   1.8977037e+01
   9.4900000e+01   2.5370370e+01  -1.1062963e+01
   9.5000000e+01  -1.0262963e+02   7.0570370e+00
   9.5100000e+01  -5.6296296e+00   2.8177037e+01
   9.5200000e+01   3.3703704e+00  -3.0182963e+01
   9.5300000e+01   7.2370370e+01  -2.0942963e+01
   9.5400000e+01   7.3703704e+00  -2.6342963e+01
   9.5500000e+01  -1.4629630e+01  -5.4629630e+00
   9.5600000e+01  -1.6629630e+01  -1.0382963e+01
   9.5700000e+01  -7.6296296e+00  -5.3742963e+01
   9.5800000e+01  -1.4629630e+01  -4.6296296e-01
   9.5900000e+01  -8.2629630e+01  -1.3742963e+01
   9.6000000e+01   1.9370370e+01  -3.5822963e+01
   9.6100000e+01  -5.6296296e+00  -6.8229630e+00
   9.6200000e+01   4.5370370e+01  -1.6862963e+01
   9.6300000e+01   1.5370370e+01   1.6337037e+01
   9.6400000e+01  -1.7629630e+01   3.6570370e+00
   9.6500000e+01  -3.2629630e+01   7.2257037e+01
   9.6600000e+01  -6.6629630e+01  -1.1382963e+01
   9.6700000e+01  -1.0629630e+01   5.3770370e+00
   9.6800000e+01  -2.0629630e+01   3.4777037e+01
   9.6900000e+01  -1.4629630e+01  -5.6462963e+01
   9.7000000e+01  -4.0629630e+01   3.5770370e+00
   9.7100000e+01  -5.0629630e+01  -9.0229630e+00
   9.7200000e+01   3.2370370e+01   1.1657037e+01
   9.7300000e+01  -8.5629630e+01  -2.6229630e+00
   9.7400000e+01  -3.7629630e+01   4.2457037e+01
   9.7500000e+01   1.3237037e+02  -3.4342963e+01
   9.7600000e+01  -4.1629630e+01  -8.3829630e+00
   9.7700000e+01  -8.6296296e+00   2.6297037e+01
   9.7800000e+01   4.7370370e+01   3.0570370e+00
   9.7900000e+01  -3.7629630e+01   6.4570370e+00
   9.8000000e+01   2.9370370e+01   2.2777037e+01
   9.8100000e+01   1.1370370e+01   6.8497037e+01
   9.8200000e+01   3.3703704e+00   3.6817037e+01
   9.8300000e+01   3.3370370e+01  -4.9382963e+01
   9.8400000e+01  -1.1629630e+01  -1.5582963e+01
   9.8500000e+01   4.3703704e+00  -6.2229630e+00
   9.8600000e+01   4.1370370e+01   3.6297037e+01
   9.8700000e+01  -2.1629630e+01  -2.7182963e+01
   9.8800000e+01  -2.8629630e+01  -2.7902963e+01
   9.8900000e+01   2.3370370e+01   1.0017037e+01
   9.9000000e+01   4.9370370e+01  -2.5022963e+01
   9.9100000e+01   1.4370370e+01  -9.6229630e+00
   9.9200000e+01   1.5370370e+01   3.9337037e+01
   9.9300000e+01  -4.8629630e+01  -2.7102963e+01
   9.9400000e+01   1.9370370e+01  -2.5822963e+01
   9.9500000e+01  -3.3629630e+01  -3.0702963e+01
   9.9600000e+01   9.1370370e+01   3.7297037e+01
   9.9700000e+01   2.4370370e+01   4.5977037e+01
   9.9800000e+01   8.0370370e+01  -4.0262963e+01
   9.9900000e+01   2.1370370e+01   6.0970370e+00
   1.0000000e+02  -2.3629630e+01  -6.0102963e+01
   1.0010000e+02   7.3703704e+00  -5.8342963e+01
   1.0020000e+02   4.6370370e+01  -6.9029630e+00
   1.0030000e+02   1.1737037e+02   9.2570370e+00
   1.0040000e+02   4.5370370e+01   5.0137037e+01
   1.0050000e+02  -9.6296296e+00  -2.6629630e+00
   1.0060000e+02  -3.9629630e+01   2.1537037e+01
   1.0070000e+02  -7.4629630e+01  -1.2062963e+01
   1.0080000e+02   3.8370370e+01  -1.4582963e+01
   1.0090000e+02  -3.6629630e+01  -3.8582963e+01
   1.0100000e+02  -1.2629630e+01   2.5457037e+01
   1.0110000e+02   3.9370370e+01   1.1037704e+02
   1.0120000e+02   9.6370370e+01  -1.5902963e+01
   1.0130000e+02  -2.4629630e+01   1.6937037e+01
   1.0140000e+02   2.6370370e+01   9.8970370e+00
   1.0150000e+02   2.8370370e+01  -4.1829630e+00
   1.0160000e+02  -7.6629630e+01  -3.0982963e+01
   1.0170000e+02  -2.7629630e+01   7.2057037e+01
   1.0180000e+02  -2.6296296e+00   4.5057037e+01
   1.0190000e+02   3.3370370e+01  -1.0382963e+01
   1.0200000e+02  -5.6629630e+01  -3.7829630e+00
   1.0210000e+02   1.0370370e+01  -3.9462963e+01
   1.0220000e+02  -6.8629630e+01   4.6970370e+00
   1.0230000e+02  -7.6629630e+01   1.4017037e+01
   1.0240000e+02  -5.1629630e+01  -5.9829630e+00
   1.0250000e+02  -3.4629630e+01  -3.6629630e+00
   1.0260000e+02   9.3703704e+00  -2.1422963e+01
   1.0270000e+02  -4.0629630e+01  -4.4229630e+00
   1.0280000e+02  -7.6296296e+00   3.2570370e+00
   1.0290000e+02  -5.9629630e+01   2.5337037e+01
   1.0300000e+02  -9.6296296e+00   2.9337037e+01
   1.0310000e+02   1.4437037e+02   2.1770370e+00
   1.0320000e+02   6.3370370e+01   3.2417037e+01
   1.0330000e+02  -2.6629630e+01   1.7037037e-02
   1.0340000e+02   2.3370370e+01  -6.9829630e+00
   1.0350000e+02   4.7370370e+01   1.0570370e+00
   1.0360000e+02   6.3370370e+01   3.8417037e+01
   1.0370000e+02  -9.2629630e+01   1.0765704e+02
   1.0380000e+02   1.1370370e+01  -4.5029630e+00
   1.0390000e+02  -4.0629630e+01   1.9577037e+01
   1.0400000e+02  -4.2629630e+01   2.4657037e+01
   1.0410000e+02   5.9370370e+01   1.0577037e+01
   1.0420000e+02  -6.2962963e-01   6.6977037e+01
   1.0430000e+02  -8.6629630e+01  -1.5829630e+00
   1.0440000e+02  -1.5629630e+01  -1.5422963e+01
   1.0450000e+02   3.5370370e+01   4.5370370e+00
   1.0460000e+02   3.2370370e+01  -8.3429630e+00
   1.0470000e+02   4.0370370e+01  -2.3662963e+01
   1.0480000e+02  -4.9629630e+01  -6.2962963e-02
   1.0490000e+02   7.8370370e+01   4.0817037e+01
   1.0500000e+02   1.0137037e+02  -1.1029630e+00
   1.0510000e+02  -3.6629630e+01  -1.0582963e+01
   1.0520000e+02   1.2637037e+02   1.4897037e+01
   1.0530000e+02  -6.9629630e+01   9.5737037e+01
   1.0540000e+02  -7.0629630e+01   3.0777037e+01
   1.0550000e+02  -1.4629630e+01   1.5370370e+00
   1.0560000e+02  -4.1629630e+01   4.2617037e+01
   1.0570000e+02  -3.6296296e+00  -3.3902963e+01
   1.0580000e+02   2.5370370e+01   3.5937037e+01
   1.0590000e+02  -3.9629630e+01   1.9537037e+01
   1.0600000e+02  -4.9629630e+01  -2.4062963e+01
   1.0610000e+02  -5.9629630e+01   9.3370370e+00
   1.0620000e+02  -1.5629630e+01   1.8577037e+01
   1.0630000e+02   1.3370370e+01  -1.0582963e+01
   1.0640000e+02  -2.9629630e+01  -6.8629630e+00
   1.0650000e+02  -1.9629630e+01   3.9737037e+01
   1.0660000e+02   3.3703704e+00   1.1981704e+02
   1.0670000e+02  -3.5629630e+01  -1.4622963e+01
   1.0680000e+02   2.8370370e+01  -8.1182963e+01
   1.0690000e+02  -1.1629630e+01   4.0417037e+01
   1.0700000e+02  -2.9629630e+01   7.3137037e+01
   1.0710000e+02   3.6370370e+01  -1.3502963e+01
   1.0720000e+02   3.8370370e+01   1.0417037e+01
   1.0730000e+02   3.2370370e+01   5.4657037e+01
   1.0740000e+02  -2.2629630e+01   3.8570370e+00
   1.0750000e+02   5.1370370e+01   5.4897037e+01
   1.0760000e+02   1.4337037e+02   6.2170370e+00
   1.0770000e+02  -1.9629630e+01  -1.7262963e+01
   1.0780000e+02   1.8937037e+02   1.9377037e+01
   1.0790000e+02   3.2370370e+01   2.0657037e+01
   1.0800000e+02   3.4370370e+01   1.2577037e+01
   1.0810000e+02   9.6370370e+01  -9.9029630e+00
   1.0820000e+02  -4.4629630e+01  -4.8262963e+01
   1.0830000e+02   6.3703704e+00  -1.5302963e+01
   1.0840000e+02   8.7370370e+01  -3.9542963e+01
   1.0850000e+02   2.8370370e+01   8.6817037e+01
   1.0860000e+02   4.6370370e+01  -5.4902963e+01
   1.0870000e+02   1.3437037e+02   5.1577037e+01
   1.0880000e+02   8.3703704e+00   9.5617037e+01
   1.0890000e+02   1.2737037e+02   3.0857037e+01
   1.0900000e+02   9.3703704e+00  -1.3422963e+01
   1.0910000e+02  -6.0629630e+01  -2.2622963e+01
   1.0920000e+02  -1.5629630e+01   4.6577037e+01
   1.0930000e+02   7.5370370e+01   1.0793704e+02
   1.0940000e+02   1.9370370e+01   3.6177037e+01
   1.0950000e+02  -3.5629630e+01   2.7377037e+01
   1.0960000e+02  -3.3629630e+01  -3.7029630e+00
   1.0970000e+02  -1.7629630e+01  -1.7342963e+01
   1.0980000e+02  -1.8629630e+01   2.0697037e+01
   1.0990000e+02   1.5370370e+01   4.9337037e+01
   1.1000000e+02  -4.6629630e+01  -1.7182963e+01
   1.1010000e+02   8.5370370e+01  -2.1462963e+01
   1.1020000e+02  -8.6296296e+00   1.7297037e+01
   1.1030000e+02   6.3703704e+00   6.9697037e+01
   1.1040000e+02  -4.6629630e+01  -3.9182963e+01
   1.1050000e+02  -2.0629630e+01   3.7777037e+01
   1.1060000e+02   3.3703704e+00   1.6817037e+01
   1.1070000e+02   3.0370370e+01   3.0737037e+01
   1.1080000e+02  -7.4629630e+01  -3.0062963e+01
   1.1090000e+02  -5.9629630e+01  -1.1662963e+01
   1.1100000e+02   5.2370370e+01  -5.4142963e+01
   1.1110000e+02  -1.2629630e+01   4.2457037e+01
   1.1120000e+02   1.9370370e+01   3.2177037e+01
   1.1130000e+02   4.4370370e+01   1.3177037e+01
   1.1140000e+02  -3.5629630e+01  -2.3622963e+01
   1.1150000e+02   3.1370370e+01  -5.7302963e+01
   1.1160000e+02   2.3370370e+01  -1.6982963e+01
   1.1170000e+02   7.3703704e+00  -2.3429630e+00
   1.1180000e+02  -1.7629630e+01  -9.3429630e+00
   1.1190000e+02   8.8370370e+01  -1.9582963e+01
   1.1200000e+02  -4.6296296e+00  -1.7862963e+01
   1.1210000e+02  -1.4629630e+01  -5.7462963e+01
   1.1220000e+02   8.7370370e+01   3.4457037e+01
   1.1230000e+02  -5.4629630e+01  -3.8629630e+00
   1.1240000e+02  -1.1629630e+01  -1.9582963e+01
   1.1250000e+02  -2.7629630e+01  -5.1942963e+01
   1.1260000e+02  -4.0629630e+01   6.1577037e+01
   1.1270000e+02  -1.8629630e+01  -5.9302963e+01
   1.1280000e+02   7.3703704e+00   1.7657037e+01
   1.1290000e+02   5.7370370e+01  -5.0342963e+01
   1.1300000e+02   7.3703704e+00   2.2657037e+01
   1.1310000e+02   9.4370370e+01  -1.6822963e+01
   1.1320000e+02  -2.4629630e+01   3.5937037e+01
   1.1330000e+02   1.2370370e+01   2.4457037e+01
   1.1340000e+02  -1.6629630e+01  -5.4382963e+01
   1.1350000e+02  -8.0629630e+01  -2.1822963e+01
   1.1360000e+02  -4.6296296e+00  -2.9862963e+01
   1.1370000e+02  -3.5629630e+01  -2.3622963e+01
   1.1380000e+02  -4.3629630e+01  -3.0302963e+01
   1.1390000e+02   9.3703704e+00   4.5770370e+00
   1.1400000e+02  -5.6296296e+00  -3.3822963e+01
   1.1410000e+02   5.6370370e+01   5.6970370e+00
   1.1420000e+02   2.4370370e+01  -4.0022963e+01
   1.1430000e+02  -8.2629630e+01   3.5257037e+01
   1.1440000e+02   3.7037037e-01  -5.4062963e+01
   1.1450000e+02  -6.6296296e+00  -6.7829630e+00
   1.1460000e+02   7.7370370e+01   1.6857037e+01
   1.1470000e+02  -7.6296296e+00   5.1257037e+01
   1.1480000e+02  -9.3629630e+01  -4.2302963e+01
   1.1490000e+02   3.9370370e+01  -1.3622963e+01
   1.1500000e+02   3.1370370e+01  -1.3029630e+00
   1.1510000e+02   5.2370370e+01   4.7857037e+01
   1.1520000e+02  -5.6296296e+00   6.1770370e+00
   1.1530000e+02   4.3703704e+00  -6.0222963e+01
   1.1540000e+02   7.2370370e+01  -1.2942963e+01
   1.1550000e+02  -4.9629630e+01  -3.0629630e+00
   1.1560000e+02  -3.0629630e+01  -3.7822963e+01
   1.1570000e+02   4.4370370e+01  -1.5822963e+01
   1.1580000e+02   9.3703704e+00  -2.3422963e+01
   1.1590000e+02  -1.9629630e+01  -2.6262963e+01
   1.1600000e+02   7.2370370e+01  -5.9429630e+00
   1.1610000e+02   2.7370370e+01   2.8570370e+00
   1.1620000e+02   8.3370370e+01   1.9617037e+01
   1.1630000e+02  -5.6296296e+00  -1.7822963e+01
   1.1640000e+02   8.0370370e+01  -1.4262963e+01
   1.1650000e+02   3.4370370e+01  -1.8422963e+01
   1.1660000e+02  -6.0629630e+01   1.7377037e+01
   1.1670000e+02   1.3370370e+01   1.3417037e+01
   1.1680000e+02  -1.0662963e+02  -3.0782963e+01
   1.1690000e+02  -1.0629630e+01   2.2377037e+01
   1.1700000e+02   2.4370370e+01  -3.3022963e+01
   1.1710000e+02   3.4370370e+01   1.3577037e+01
   1.1720000e+02  -2.0629630e+01  -7.2229630e+00
   1.1730000e+02   5.8370370e+01  -6.3829630e+00
   1.1740000e+02  -2.7629630e+01   1.0105704e+02
   1.1750000e+02   2.2370370e+01   1.6057037e+01
   1.1760000e+02  -1.3629630e+01  -1.0502963e+01
   1.1770000e+02  -2.3629630e+01  -3.6102963e+01
   1.1780000e+02  -5.4629630e+01  -9.8629630e+00
   1.1790000e+02  -6.7629630e+01   7.2657037e+01
   1.1800000e+02   2.8370370e+01   2.0817037e+01
   1.1810000e+02   7.2370370e+01   1.7057037e+01
   1.1820000e+02  -4.2629630e+01   7.1657037e+01
   1.1830000e+02  -5.6296296e+00   4.1177037e+01
   1.1840000e+02  -5.4629630e+01   5.1370370e+00
   1.1850000e+02   1.1137037e+02   2.5497037e+01
   1.1860000e+02  -1.4629630e+01  -4.6296296e-01
   1.1870000e+02   6.5370370e+01  -6.6296296e-01
   1.1880000e+02   1.1137037e+02  -4.4502963e+01
   1.1890000e+02  -4.1629630e+01  -1.2382963e+01
   1.1900000e+02  -6.2962963e-01  -8.0229630e+00
   1.1910000e+02   9.6370370e+01   2.0097037e+01
   1.1920000e+02  -1.7629630e+01   7.6570370e+00
   1.1930000e+02  -3.0629630e+01  -2.9822963e+01
   1.1940000e+02  -1.6296296e+00  -6.9829630e+00
   1.1950000e+02  -1.6629630e+01  -2.3829630e+00
   1.1960000e+02   6.0370370e+01   6.1537037e+01
   1.1970000e+02   2.4370370e+01   7.4977037e+01
   1.1980000e+02  -3.8629630e+01  -6.5029630e+00
   1.1990000e+02   1.0937037e+02  -2.3422963e+01
   1.2000000e+02   9.5370370e+01  -8.8629630e+00
   1.2010000e+02  -8.5629630e+01   1.2377037e+01
   1.2020000e+02   4.3370370e+01  -1.3782963e+01
   1.2030000e+02  -9.6296296e+00   4.6337037e+01
   1.2040000e+02   3.3370370e+01   2.3617037e+01
   1.2050000e+02   5.6370370e+01   5.6697037e+01
   1.2060000e+02  -3.4629630e+01   6.3370370e+00
   1.2070000e+02   2.3703704e+00  -1.7142963e+01
   1.2080000e+02   6.4370370e+01  -2.0622963e+01
   1.2090000e+02  -1.4629630e+01  -1.7462963e+01
   1.2100000e+02  -4.6296296e+00  -3.1862963e+01
   1.2110000e+02   3.1370370e+01  -4.1302963e+01
   1.2120000e+02  -5.0629630e+01  -4.0229630e+00
   1.2130000e+02   7.4370370e+01   7.9770370e+00
   1.2140000e+02  -2.3629630e+01   1.5897037e+01
   1.2150000e+02   1.1437037e+02  -3.4622963e+01
   1.2160000e+02   5.8370370e+01  -1.7382963e+01
   1.2170000e+02   2.5370370e+01   5.1937037e+01
   1.2180000e+02   5.2370370e+01  -1.4296296e-01
   1.2190000e+02   5.6370370e+01  -3.3302963e+01
   1.2200000e+02  -4.6629630e+01  -2.7182963e+01
   1.2210000e+02   1.5370370e+01   4.3370370e+00
   1.2220000e+02  -5.8629630e+01  -5.1702963e+01
   1.2230000e+02   5.2370370e+01   1.2857037e+01
   1.2240000e+02  -2.9629630e+01   1.7137037e+01
   1.2250000e+02   2.2370370e+01   3.4057037e+01
   1.2260000e+02   1.3370370e+01  -9.1582963e+01
   1.2270000e+02  -2.7629630e+01   1.2057037e+01
   1.2280000e+02  -2.8629630e+01  -3.6902963e+01
   1.2290000e+02   8.4370370e+01  -4.6422963e+01
   1.2300000e+02   9.4370370e+01  -3.2822963e+01
   1.2310000e+02   5.0370370e+01  -1.4062963e+01
   1.2320000e+02   1.5937037e+02   1.5770370e+00
   1.2330000e+02   6.1370370e+01   1.4970370e+00
   1.2340000e+02   1.3337037e+02  -2.5382963e+01
   1.2350000e+02   8.1370370e+01   2.2697037e+01
   1.2360000e+02   1.4370370e+01  -3.0622963e+01
   1.2370000e+02   2.6370370e+01  -1.4102963e+01
   1.2380000e+02  -8.4629630e+01   5.1337037e+01
   1.2390000e+02   1.1370370e+01  -1.5502963e+01
   1.2400000e+02  -7.6296296e+00  -2.4742963e+01
   1.2410000e+02  -1.0862963e+02  -6.3702963e+01
   1.2420000e+02   3.2370370e+01  -2.7342963e+01
   1.2430000e+02   5.0370370e+01  -1.0629630e+00
   1.2440000e+02  -8.6296296e+00  -1.0702963e+01
   1.2450000e+02  -1.3629630e+01   2.9497037e+01
   1.2460000e+02   6.7370370e+01  -1.4742963e+01
   1.2470000e+02  -1.4629630e+01  -6.0462963e+01
   1.2480000e+02  -7.1629630e+01  -2.3182963e+01
   1.2490000e+02  -3.5629630e+01  -3.3622963e+01
   1.2500000e+02  -1.5629630e+01  -5.5422963e+01
   1.2510000e+02   1.3703704e+00  -2.3102963e+01
   1.2520000e+02   2.8370370e+01  -4.9182963e+01
   1.2530000e+02   9.8370370e+01   6.0170370e+00
   1.2540000e+02   2.4370370e+01  -1.7022963e+01
   1.2550000e+02  -4.9629630e+01   9.3703704e-01
   1.2560000e+02   4.0370370e+01   1.7337037e+01
   1.2570000e+02   4.3703704e+00   4.5777037e+01
   1.2580000e+02  -4.5629630e+01  -7.2229630e+00
   1.2590000e+02   7.1370370e+01  -1.8902963e+01
   1.2600000e+02  -4.4629630e+01   6.4737037e+01
   1.2610000e+02   4.9370370e+01  -4.1022963e+01
   1.2620000e+02  -5.2629630e+01  -9.4296296e-01
   1.2630000e+02  -3.5629630e+01   3.3770370e+00
   1.2640000e+02   3.5370370e+01   1.5537037e+01
   1.2650000e+02   4.8370370e+01  -1.1982963e+01
   1.2660000e+02   1.1370370e+01   5.0497037e+01
   1.2670000e+02   2.8370370e+01  -1.6182963e+01
   1.2680000e+02  -4.5629630e+01  -4.7222963e+01
   1.2690000e+02   2.2370370e+01  -5.9429630e+00
   1.2700000e+02  -3.4629630e+01  -3.6662963e+01
   1.2710000e+02   6.7370370e+01  -1.2742963e+01
   1.2720000e+02   1.8370370e+01   3.6217037e+01
   1.2730000e+02   3.3703704e+00   9.8170370e+00
   1.2740000e+02   4.6370370e+01   2.3097037e+01
   1.2750000e+02  -1.5629630e+01  -2.9422963e+01
   1.2760000e+02   8.5370370e+01   5.3703704e-01
   1.2770000e+02  -5.3629630e+01   7.0970370e+00
   1.2780000e+02   2.7370370e+01   1.6857037e+01
   1.2790000e+02   6.3703704e+00   1.8697037e+01
   1.2800000e+02   1.2370370e+01  -1.9542963e+01
   1.2810000e+02  -3.2629630e+01  -1.8742963e+01
   1.2820000e+02   9.2370370e+01  -4.3742963e+01
   1.2830000e+02  -6.6296296e+00   1.3217037e+01
   1.2840000e+02  -2.8629630e+01  -3.4902963e+01
   1.2850000e+02  -4.1629630e+01   8.6170370e+00
   1.2860000e+02  -6.6629630e+01  -7.3829630e+00
   1.2870000e+02   2.4370370e+01  -3.1022963e+01
   1.2880000e+02  -1.6296296e+00   4.0170370e+00
   1.2890000e+02  -7.0629630e+01  -4.8222963e+01
   1.2900000e+02   6.3703704e+00   1.7697037e+01
   1.2910000e+02   1.2370370e+01  -3.9542963e+01
   1.2920000e+02   1.9370370e+01  -2.7822963e+01
   1.2930000e+02   3.9370370e+01  -6.6229630e+00
   1.2940000e+02   8.3703704e+00  -9.3829630e+00
   1.2950000e+02  -7.5629630e+01   6.9770370e+00
   1.2960000e+02  -2.4629630e+01   8.9370370e+00
   1.2970000e+02  -7.7629630e+01  -3.8942963e+01
   1.2980000e+02   8.3703704e+00  -2.0382963e+01
   1.2990000e+02  -1.5629630e+01  -5.4229630e+00
   1.3000000e+02  -9.8629630e+01  -3.8102963e+01
   1.3010000e+02  -7.9629630e+01  -5.9862963e+01
   1.3020000e+02  -1.3629630e+01   8.3497037e+01
   1.3030000e+02  -1.4629630e+01  -3.0462963e+01
   1.3040000e+02  -1.5262963e+02   2.5057037e+01
   1.3050000e+02  -7.0629630e+01  -9.2229630e+00
   1.3060000e+02   3.0370370e+01   1.9737037e+01
   1.3070000e+02  -1.6629630e+01  -1.6382963e+01
   1.3080000e+02   1.0137037e+02  -4.9102963e+01
   1.3090000e+02  -3.6296296e+00   1.0970370e+00
   1.3100000e+02   1.0337037e+02  -7.5182963e+01
   1.3110000e+02   5.8370370e+01  -4.3829630e+00
   1.3120000e+02  -2.2629630e+01  -1.3142963e+01
   1.3130000e+02  -3.6296296e+00  -1.9902963e+01
   1.3140000e+02   1.0370370e+01  -2.7462963e+01
   1.3150000e+02  -1.0062963e+02  -2.2962963e-02
   1.3160000e+02  -1.6296296e+00   4.2017037e+01
   1.3170000e+02   2.9370370e+01  -1.8222963e+01
   1.3180000e+02   6.3370370e+01   3.3417037e+01
   1.3190000e+02  -3.2629630e+01  -1.2742963e+01
   1.3200000e+02  -7.6629630e+01   1.2017037e+01
   1.3210000e+02   3.3370370e+01   2.2617037e+01
   1.3220000e+02  -5.8629630e+01  -1.4702963e+01
   1.3230000e+02   3.4370370e+01  -3.5422963e+01
   1.3240000e+02  -5.6296296e+00   1.7703704e-01
   1.3250000e+02   2.6370370e+01  -4.4102963e+01
   1.3260000e+02  -4.5629630e+01   9.7770370e+00
   1.3270000e+02  -7.2629630e+01   6.7857037e+01
   1.3280000e+02   3.0370370e+01  -3.9262963e+01
   1.3290000e+02  -1.7629630e+01   6.6570370e+00
   1.3300000e+02   1.2370370e+01   3.3457037e+01
   1.3310000e+02  -5.3629630e+01   1.6097037e+01
   1.3320000e+02   1.0537037e+02  -3.2262963e+01
   1.3330000e+02  -9.6296296e+00   3.2337037e+01
   1.3340000e+02   1.7370370e+01  -3.3742963e+01
   1.3350000e+02  -3.4629630e+01   5.1337037e+01
   1.3360000e+02  -2.6629630e+01  -1.5982963e+01
   1.3370000e+02  -4.0629630e+01  -7.4229630e+00
   1.3380000e+02   1.9370370e+01   4.8177037e+01
   1.3390000e+02  -2.2629630e+01   1.3857037e+01
   1.3400000e+02  -9.0629630e+01   4.3577037e+01
   1.3410000e+02  -1.0629630e+01   8.4377037e+01
   1.3420000e+02  -1.6296296e+00   1.1017037e+01
   1.3430000e+02  -4.1629630e+01  -4.8382963e+01
   1.3440000e+02   3.7037037e-01   1.0093704e+02
   1.3450000e+02   2.8370370e+01   3.5817037e+01
   1.3460000e+02  -4.0629630e+01   1.2577037e+01
   1.3470000e+02  -3.4629630e+01   1.6337037e+01
   1.3480000e+02  -6.7629630e+01   8.6570370e+00
   1.3490000e+02  -1.6629630e+01   6.6170370e+00
   1.3500000e+02   6.9370370e+01  -3.9822963e+01
   1.3510000e+02  -1.6629630e+01  -4.9382963e+01
   1.3520000e+02   6.4370370e+01  -1.2622963e+01
   1.3530000e+02  -8.2629630e+01  -2.6742963e+01
   1.3540000e+02   4.3370370e+01  -4.4782963e+01
   1.3550000e+02  -1.6629630e+01  -3.3829630e+00
   1.3560000e+02  -4.1629630e+01   3.6170370e+00
   1.3570000e+02   3.7370370e+01   1.1457037e+01
   1.3580000e+02  -5.8629630e+01   6.2970370e+00
   1.3590000e+02  -6.2629630e+01  -5.8542963e+01
   1.3600000e+02  -6.0629630e+01   1.0377037e+01
   1.3610000e+02  -7.2629630e+01   3.8570370e+00
   1.3620000e+02   3.7370370e+01   3.6457037e+01
   1.3630000e+02   9.3703704e+00   3.6577037e+01
   1.3640000e+02   4.9370370e+01   8.9770370e+00
   1.3650000e+02   2.6370370e+01  -3.6102963e+01
   1.3660000e+02   1.9370370e+01  -1.5822963e+01
   1.3670000e+02   2.0370370e+01  -3.0862963e+01
   1.3680000e+02  -1.3629630e+01  -1.5502963e+01
   1.3690000e+02   9.3703704e+00   6.4577037e+01
   1.3700000e+02  -8.1629630e+01  -1.3782963e+01
   1.3710000e+02   5.5370370e+01  -2.4262963e+01
   1.3720000e+02   1.7537037e+02   4.0937037e+01
   1.3730000e+02   8.2370370e+01   4.5657037e+01
   1.3740000e+02  -2.3629630e+01   1.5897037e+01
   1.3750000e+02   1.6037037e+02   2.4537037e+01
   1.3760000e+02   3.5370370e+01  -4.2462963e+01
   1.3770000e+02  -6.9629630e+01  -1.1262963e+01
   1.3780000e+02   1.2370370e+01  -1.1542963e+01
   1.3790000e+02   7.8370370e+01  -2.2182963e+01
   1.3800000e+02  -2.2629630e+01   7.8570370e+00
   1.3810000e+02  -2.7629630e+01  -1.1942963e+01
   1.3820000e+02   1.3703704e+00  -3.1102963e+01
   1.3830000e+02   3.0370370e+01   3.1737037e+01
   1.3840000e+02  -2.5629630e+01  -1.3022963e+01
   1.3850000e+02  -2.1629630e+01  -1.8182963e+01
   1.3860000e+02   8.2370370e+01   7.5657037e+01
   1.3870000e+02   5.4370370e+01  -4.1222963e+01
   1.3880000e+02   8.8370370e+01  -6.5829630e+00
   1.3890000e+02  -7.3629630e+01   9.8897037e+01
   1.3900000e+02  -4.6629630e+01   1.7817037e+01
   1.3910000e+02   8.3703704e+00   5.4617037e+01
   1.3920000e+02  -5.2629630e+01  -5.2942963e+01
   1.3930000e+02  -1.4629630e+01  -5.4629630e+00
   1.3940000e+02   7.5370370e+01   5.6937037e+01
   1.3950000e+02   1.4737037e+02   4.0057037e+01
   1.3960000e+02   2.3703704e+00   7.8570370e+00
   1.3970000e+02   1.9370370e+01  -1.6822963e+01
   1.3980000e+02   5.4370370e+01   3.7770370e+00
   1.3990000e+02  -4.6629630e+01  -3.1829630e+00
   1.4000000e+02   4.8370370e+01   7.4017037e+01
   1.4010000e+02   1.8370370e+01  -6.9782963e+01
   1.4020000e+02  -2.7629630e+01  -2.5942963e+01
   1.4030000e+02   9.4370370e+01  -2.0822963e+01
   1.4040000e+02   5.4370370e+01  -3.9222963e+01
   1.4050000e+02  -7.7629630e+01   5.2057037e+01
   1.4060000e+02  -6.1629630e+01  -2.1582963e+01
   1.4070000e+02   2.1370370e+01  -2.3902963e+01
   1.4080000e+02   3.0370370e+01   2.7370370e+00
   1.4090000e+02  -3.4629630e+01   1.8337037e+01
   1.4100000e+02   5.5370370e+01  -2.5262963e+01
   1.4110000e+02  -3.9629630e+01   7.9537037e+01
   1.4120000e+02  -2.2629630e+01  -9.1429630e+00
   1.4130000e+02  -5.4629630e+01   1.1137037e+01
   1.4140000e+02  -6.1629630e+01  -6.6582963e+01
   1.4150000e+02   7.3703704e+00  -1.2342963e+01
   1.4160000e+02  -9.4629630e+01  -5.8262963e+01
   1.4170000e+02  -5.1629630e+01  -3.7982963e+01
   1.4180000e+02   1.0370370e+01  -2.8462963e+01
   1.4190000e+02   1.8370370e+01  -1.7782963e+01
   1.4200000e+02  -6.3629630e+01  -3.8502963e+01
   1.4210000e+02   1.0137037e+02  -7.1029630e+00
   1.4220000e+02   1.5370370e+01   5.1337037e+01
   1.4230000e+02  -2.3629630e+01   7.8970370e+00
   1.4240000e+02   1.3703704e+00  -7.2102963e+01
   1.4250000e+02  -6.1629630e+01  -2.4582963e+01
   1.4260000e+02   2.3703704e+00  -5.2142963e+01
   1.4270000e+02  -2.5629630e+01  -2.2022963e+01
   1.4280000e+02   3.3370370e+01   5.6170370e+00
   1.4290000e+02  -9.6296296e+00  -8.6629630e+00
   1.4300000e+02  -3.3629630e+01   2.1297037e+01
   1.4310000e+02  -5.5629630e+01  -7.8229630e+00
   1.4320000e+02  -3.9629630e+01   7.5370370e+00
   1.4330000e+02   6.3703704e+00  -6.0302963e+01
   1.4340000e+02  -4.6629630e+01  -5.8182963e+01
   1.4350000e+02  -7.4629630e+01   2.9370370e+00
   1.4360000e+02   3.1370370e+01  -6.9302963e+01
   1.4370000e+02  -3.0629630e+01  -4.4822963e+01
   1.4380000e+02   4.3703704e+00  -3.3222963e+01
   1.4390000e+02   2.6370370e+01  -5.1029630e+00
   1.4400000e+02   3.0370370e+01  -3.0262963e+01
   1.4410000e+02  -5.0629630e+01  -7.4022963e+01
   1.4420000e+02  -1.4629630e+01  -1.4462963e+01
   1.4430000e+02  -7.9629630e+01   1.6137037e+01
   1.4440000e+02  -7.0629630e+01  -2.2222963e+01
   1.4450000e+02  -6.1629630e+01  -1.5829630e+00
   1.4460000e+02   3.3370370e+01   1.0361704e+02
   1.4470000e+02   8.0370370e+01  -4.2629630e+00
   1.4480000e+02   8.7370370e+01  -3.4542963e+01
   1.4490000e+02   5.2370370e+01  -3.4142963e+01
   1.4500000e+02   5.1370370e+01  -1.1102963e+01
   1.4510000e+02   1.6370370e+01  -3.0702963e+01
   1.4520000e+02  -3.6629630e+01   9.4170370e+00
   1.4530000e+02   1.3703704e+00   3.0897037e+01
   1.4540000e+02  -2.7629630e+01  -2.6942963e+01
   1.4550000e+02  -9.2629630e+01  -1.0342963e+01
   1.4560000e+02  -5.0629630e+01   5.9770370e+00
   1.4570000e+02  -1.2629630e+01   2.3457037e+01
   1.4580000e+02  -6.2629630e+01  -3.8542963e+01
   1.4590000e+02  -5.9629630e+01   4.2337037e+01
   1.4600000e+02  -6.9629630e+01   1.3737037e+01
   1.4610000e+02   1.3937037e+02  -9.6229630e+00
   1.4620000e+02  -2.6629630e+01  -4.1982963e+01
   1.4630000e+02  -2.7629630e+01   4.9057037e+01
   1.4640000e+02  -4.7629630e+01  -2.4142963e+01
   1.4650000e+02  -4.8629630e+01   2.6897037e+01
   1.4660000e+02   4.3370370e+01   2.4217037e+01
   1.4670000e+02  -9.1629630e+01   1.4617037e+01
   1.4680000e+02  -2.5629630e+01   6.9770370e+00
   1.4690000e+02  -3.3629630e+01   1.2970370e+00
   1.4700000e+02  -1.1629630e+01  -3.3582963e+01
   1.4710000e+02  -2.2629630e+01  -1.1429630e+00
   1.4720000e+02  -2.0629630e+01  -8.2229630e+00
   1.4730000e+02   6.3703704e+00  -4.0302963e+01
   1.4740000e+02   3.8370370e+01  -4.0582963e+01
   1.4750000e+02   5.0370370e+01   1.8937037e+01
   1.4760000e+02   2.7370370e+01   8.8570370e+00
   1.4770000e+02  -3.3629630e+01  -5.7029630e+00
   1.4780000e+02   3.3703704e+00  -1.1182963e+01
   1.4790000e+02  -8.2629630e+01   2.4257037e+01
   1.4800000e+02  -8.8629630e+01  -2.1502963e+01
   1.4810000e+02  -3.9629630e+01  -9.4629630e+00
   1.4820000e+02  -6.6296296e+00   1.3217037e+01
   1.4830000e+02   1.7370370e+01  -2.3742963e+01
   1.4840000e+02   4.9370370e+01   1.9977037e+01
   1.4850000e+02  -1.3362963e+02  -5.7029630e+00
   1.4860000e+02  -4.8629630e+01  -2.8102963e+01
   1.4870000e+02  -2.2629630e+01  -4.6142963e+01
   1.4880000e+02   8.3703704e+00   7.1617037e+01
   1.4890000e+02   9.2370370e+01  -2.9742963e+01
   1.4900000e+02   4.0370370e+01  -3.8662963e+01
   1.4910000e+02  -2.1629630e+01   9.4817037e+01
   1.4920000e+02   1.2637037e+02  -5.3102963e+01
   1.4930000e+02  -7.6296296e+00  -1.5742963e+01
   1.4940000e+02   4.3703704e+00   2.7777037e+01
   1.4950000e+02  -1.4629630e+01   1.5537037e+01
   1.4960000e+02   7.8370370e+01  -1.5182963e+01
   1.4970000e+02   2.8370370e+01   1.3817037e+01
   1.4980000e+02  -3.8629630e+01  -1.2502963e+01
   1.4990000e+02  -4.8629630e+01   4.4897037e+01
