   0.0000000e+00   1.5787702e+02   2.0092373e+01
   1.0000000e-01   2.1987702e+02   1.0612373e+01
   2.0000000e-01   3.9887702e+02   1.4145237e+02
   3.0000000e-01   2.3987702e+02   5.9812373e+01
   4.0000000e-01   2.9687702e+02   8.1532373e+01
   5.0000000e-01   3.5687702e+02   8.9132373e+01
   6.0000000e-01   1.4687702e+02   4.8532373e+01
   7.0000000e-01   2.9487702e+02   3.3612373e+01
   8.0000000e-01   2.0987702e+02   7.3012373e+01
   9.0000000e-01   2.8687702e+02   2.2932373e+01
   1.0000000e+00   3.1687702e+02  -2.3267627e+01
   1.1000000e+00   7.5877019e+01   8.1372373e+01
   1.2000000e+00   1.1987702e+02   6.2612373e+01
   1.3000000e+00   2.3887702e+02   7.1852373e+01
   1.4000000e+00   1.7387702e+02   4.9452373e+01
   1.5000000e+00   3.7877019e+01   5.5892373e+01
   1.6000000e+00   2.7187702e+02   6.4532373e+01
   1.7000000e+00   9.2877019e+01   2.2269237e+02
   1.8000000e+00   9.4877019e+01   1.7061237e+02
   1.9000000e+00   1.0587702e+02   8.3172373e+01
   2.0000000e+00   2.2187702e+02   8.8532373e+01
   2.1000000e+00   4.0287702e+02   7.7292373e+01
   2.2000000e+00   3.3887702e+02   5.4852373e+01
   2.3000000e+00   1.9887702e+02   1.0145237e+02
   2.4000000e+00   2.7587702e+02   4.5372373e+01
   2.5000000e+00   3.2387702e+02   4.5452373e+01
   2.6000000e+00   1.6687702e+02  -3.2676273e+00
   2.7000000e+00   9.4877019e+01   4.9612373e+01
   2.8000000e+00   2.5887702e+02   1.0205237e+02
   2.9000000e+00   1.5687702e+02   5.5132373e+01
   3.0000000e+00   2.5487702e+02   5.3212373e+01
   3.1000000e+00   2.2487702e+02   8.4412373e+01
   3.2000000e+00   2.8487702e+02   1.0201237e+02
   3.3000000e+00   2.8487702e+02   1.1012373e+01
   3.4000000e+00   2.0987702e+02   7.7012373e+01
   3.5000000e+00   2.2187702e+02   1.3853237e+02
   3.6000000e+00   2.3787702e+02   7.0892373e+01
   3.7000000e+00   2.6887702e+02   1.2465237e+02
   3.8000000e+00   1.6987702e+02   1.3361237e+02
   3.9000000e+00   3.7487702e+02   1.4412373e+01
   4.0000000e+00   2.1787702e+02   7.5692373e+01
   4.1000000e+00   1.7587702e+02   4.4372373e+01
   4.2000000e+00   2.8387702e+02   1.2205237e+02
   4.3000000e+00   2.1687702e+02   4.2732373e+01
   4.4000000e+00   2.6987702e+02   6.4612373e+01
   4.5000000e+00   2.6987702e+02   3.0612373e+01
   4.6000000e+00   1.8687702e+02   6.9932373e+01
   4.7000000e+00   1.5787702e+02   4.3092373e+01
   4.8000000e+00   1.9687702e+02   1.0453237e+02
   4.9000000e+00   2.3887702e+02   1.1885237e+02
   5.0000000e+00   1.0087702e+02   1.1437237e+02
   5.1000000e+00   1.7287702e+02   4.4492373e+01
   5.2000000e+00   2.5987702e+02   7.7012373e+01
   5.3000000e+00   2.6387702e+02   1.6585237e+02
   5.4000000e+00   3.2987702e+02  -1.5787627e+01
   5.5000000e+00   2.2287702e+02   1.4249237e+02
   5.6000000e+00   1.2587702e+02   8.9372373e+01
   5.7000000e+00   1.2687702e+02   6.6332373e+01
   5.8000000e+00   1.3387702e+02   7.0523727e+00
   5.9000000e+00   1.1987702e+02   8.7612373e+01
   6.0000000e+00   2.8087702e+02   4.0172373e+01
   6.1000000e+00   1.5087702e+02   5.6372373e+01
   6.2000000e+00   2.6587702e+02   7.4772373e+01
   6.3000000e+00   1.1487702e+02   1.2581237e+02
   6.4000000e+00   2.1987702e+02   1.2461237e+02
   6.5000000e+00   1.7887702e+02   1.1525237e+02
   6.6000000e+00   1.9487702e+02   4.6612373e+01
   6.7000000e+00   2.4987702e+02   9.5412373e+01
   6.8000000e+00   1.2287702e+02   3.5492373e+01
   6.9000000e+00   1.0987702e+02   9.1012373e+01
   7.0000000e+00   2.6387702e+02   8.3852373e+01
   7.1000000e+00   2.6987702e+02   4.3612373e+01
   7.2000000e+00   1.9287702e+02   7.3692373e+01
   7.3000000e+00   1.8787702e+02   2.1892373e+01
   7.4000000e+00   1.2387702e+02   5.8452373e+01
   7.5000000e+00   1.6387702e+02   7.6852373e+01
   7.6000000e+00   1.5087702e+02   7.4372373e+01
   7.7000000e+00   2.7487702e+02   3.5412373e+01
   7.8000000e+00   1.4587702e+02   4.8572373e+01
   7.9000000e+00   2.5387702e+02   7.0252373e+01
   8.0000000e+00   1.9887702e+02   8.4452373e+01
   8.1000000e+00   2.1187702e+02   1.5793237e+02
   8.2000000e+00   2.8587702e+02   1.0697237e+02
   8.3000000e+00   2.7187702e+02   1.0853237e+02
   8.4000000e+00   7.8877019e+01   7.4252373e+01
   8.5000000e+00   2.9487702e+02   1.0261237e+02
   8.6000000e+00   1.1687702e+02   1.5373237e+02
   8.7000000e+00   2.4087702e+02   1.2977237e+02
   8.8000000e+00   2.2187702e+02   1.1532373e+01
   8.9000000e+00   2.1287702e+02   6.0892373e+01
   9.0000000e+00   1.7387702e+02   8.4452373e+01
   9.1000000e+00   2.7887702e+02   9.4252373e+01
   9.2000000e+00   2.2887702e+02   6.2523727e+00
   9.3000000e+00   1.6687702e+02  -2.9267627e+01
   9.4000000e+00   1.5487702e+02   8.7212373e+01
   9.5000000e+00   2.0487702e+02   3.2123727e+00
   9.6000000e+00   2.2887702e+02   4.3252373e+01
   9.7000000e+00   3.1887702e+02   1.0365237e+02
   9.8000000e+00   2.1187702e+02   6.9323727e+00
   9.9000000e+00   1.0987702e+02   3.9012373e+01
   1.0000000e+01   1.6487702e+02   5.4812373e+01
   1.0100000e+01   1.5687702e+02   7.6132373e+01
   1.0200000e+01   1.5187702e+02   8.3332373e+01
   1.0300000e+01   2.3587702e+02   5.2972373e+01
   1.0400000e+01   2.2587702e+02   3.6372373e+01
   1.0500000e+01   2.3587702e+02   1.3797237e+02
   1.0600000e+01   1.8287702e+02   6.9092373e+01
   1.0700000e+01   1.1587702e+02   1.2277237e+02
   1.0800000e+01   2.2987702e+02   6.8212373e+01
   1.0900000e+01   2.5887702e+02   7.2052373e+01
   1.1000000e+01   2.7287702e+02   1.3649237e+02
   1.1100000e+01   1.9887702e+02   1.6445237e+02
   1.1200000e+01   1.6387702e+02   5.7852373e+01
   1.1300000e+01   2.2387702e+02   2.1452373e+01
   1.1400000e+01   1.9187702e+02   3.4732373e+01
   1.1500000e+01   2.9187702e+02   1.0073237e+02
   1.1600000e+01   1.6687702e+02   2.4732373e+01
   1.1700000e+01   1.7887702e+02   7.3252373e+01
   1.1800000e+01   3.3187702e+02   1.5132373e+01
   1.1900000e+01   2.5287702e+02   1.0829237e+02
   1.2000000e+01   3.0287702e+02   4.4292373e+01
   1.2100000e+01   1.8687702e+02   1.2932373e+01
   1.2200000e+01   3.0587702e+02   4.8172373e+01
   1.2300000e+01   1.8487702e+02   6.6012373e+01
   1.2400000e+01   1.2687702e+02   8.3323727e+00
   1.2500000e+01   2.9487702e+02   7.7612373e+01
   1.2600000e+01   2.0487702e+02   4.2212373e+01
   1.2700000e+01   2.3987702e+02   4.3812373e+01
   1.2800000e+01   1.1087702e+02   1.2797237e+02
   1.2900000e+01   2.2287702e+02   1.9492373e+01
   1.3000000e+01   2.8487702e+02   6.7012373e+01
   1.3100000e+01   1.9387702e+02   1.1652373e+01
   1.3200000e+01   1.3687702e+02   1.1193237e+02
   1.3300000e+01   1.7887702e+02   6.8252373e+01
   1.3400000e+01   2.7287702e+02   6.8492373e+01
   1.3500000e+01   2.1487702e+02   2.3812373e+01
   1.3600000e+01   1.3487702e+02   4.9012373e+01
   1.3700000e+01   2.1287702e+02   1.9589237e+02
   1.3800000e+01   2.0687702e+02   1.1413237e+02
   1.3900000e+01   1.1587702e+02   3.9772373e+01
   1.4000000e+01   1.4387702e+02   6.1652373e+01
   1.4100000e+01   1.2987702e+02   7.6212373e+01
   1.4200000e+01   2.2687702e+02   8.9332373e+01
   1.4300000e+01   2.3287702e+02   1.4109237e+02
   1.4400000e+01   1.2487702e+02   1.1041237e+02
   1.4500000e+01   1.2887702e+02   2.1252373e+01
   1.4600000e+01   1.0687702e+02   6.1132373e+01
   1.4700000e+01   1.5487702e+02   4.8212373e+01
   1.4800000e+01   2.2887702e+02   2.0252373e+01
   1.4900000e+01   1.6687702e+02   1.4373237e+02
   1.5000000e+01   1.7287702e+02   1.2849237e+02
   1.5100000e+01   2.3887702e+02   7.3852373e+01
   1.5200000e+01   1.1387702e+02   1.0385237e+02
   1.5300000e+01   2.5487702e+02   2.8212373e+01
   1.5400000e+01   3.3687702e+02   6.0932373e+01
   1.5500000e+01   1.7087702e+02   1.2357237e+02
   1.5600000e+01   1.4887702e+02  -1.5476273e+00
   1.5700000e+01   1.9887702e+02   1.8452373e+01
   1.5800000e+01   1.5287702e+02   6.0292373e+01
   1.5900000e+01   3.3387702e+02   5.5052373e+01
   1.6000000e+01   1.4287702e+02   5.1692373e+01
   1.6100000e+01   6.8770186e+00   5.1132373e+01
   1.6200000e+01   1.8787702e+02   1.1789237e+02
   1.6300000e+01   2.3687702e+02   1.1293237e+02
   1.6400000e+01   2.0587702e+02   4.6172373e+01
   1.6500000e+01   8.6877019e+01   5.4932373e+01
   1.6600000e+01   2.2387702e+02   8.6452373e+01
   1.6700000e+01   1.0287702e+02   6.7292373e+01
   1.6800000e+01   2.0987702e+02   9.0012373e+01
   1.6900000e+01   1.7887702e+02   1.2525237e+02
   1.7000000e+01   2.5087702e+02   4.3372373e+01
   1.7100000e+01   8.1877019e+01   9.4132373e+01
   1.7200000e+01   1.1387702e+02   1.0785237e+02
   1.7300000e+01   2.2387702e+02   3.4452373e+01
   1.7400000e+01   2.2287702e+02   9.2492373e+01
   1.7500000e+01   1.8987702e+02   2.0881237e+02
   1.7600000e+01   2.5887702e+02   5.2052373e+01
   1.7700000e+01   3.3187702e+02   7.9132373e+01
   1.7800000e+01   9.2877019e+01  -1.6307627e+01
   1.7900000e+01   2.8387702e+02   4.9052373e+01
   1.8000000e+01   1.0187702e+02   3.1332373e+01
   1.8100000e+01   2.5287702e+02   9.8292373e+01
   1.8200000e+01   2.1587702e+02   5.4772373e+01
   1.8300000e+01   2.5587702e+02   2.7172373e+01
   1.8400000e+01   2.6187702e+02   1.3932373e+01
   1.8500000e+01   2.8387702e+02   1.4105237e+02
   1.8600000e+01   2.3087702e+02   5.9172373e+01
   1.8700000e+01   1.6387702e+02   2.4852373e+01
   1.8800000e+01   2.4987702e+02   9.2412373e+01
   1.8900000e+01   1.6687702e+02   5.6732373e+01
   1.9000000e+01   9.4877019e+01  -7.3876273e+00
   1.9100000e+01   2.5187702e+02   7.3332373e+01
   1.9200000e+01   1.4387702e+02   7.8652373e+01
   1.9300000e+01   1.4487702e+02   7.0612373e+01
   1.9400000e+01   1.7187702e+02   5.5532373e+01
   1.9500000e+01   2.0487702e+02   2.5212373e+01
   1.9600000e+01   2.5487702e+02   7.7212373e+01
   1.9700000e+01   2.0987702e+02   4.1012373e+01
   1.9800000e+01   3.9287702e+02  -2.9307627e+01
   1.9900000e+01   2.7087702e+02   7.8572373e+01
   2.0000000e+01   4.8587702e+02   3.7972373e+01
   2.0100000e+01   2.3487702e+02  -4.9876273e+00
   2.0200000e+01   1.3187702e+02   1.1713237e+02
   2.0300000e+01   1.7687702e+02   1.8332373e+01
   2.0400000e+01   2.4687702e+02   1.0532373e+01
   2.0500000e+01   3.3877019e+01  -1.0947627e+01
   2.0600000e+01   2.7387702e+02   7.4523727e+00
   2.0700000e+01   2.2587702e+02  -1.1627627e+01
   2.0800000e+01   3.2987702e+02   3.1212373e+01
   2.0900000e+01   1.0887702e+02  -1.7947627e+01
   2.1000000e+01   2.2087702e+02   4.3572373e+01
   2.1100000e+01   2.0287702e+02   6.2923727e+00
   2.1200000e+01   1.1287702e+02  -5.1076273e+00
   2.1300000e+01   1.4887702e+02  -1.8547627e+01
   2.1400000e+01   1.9287702e+02   1.4692373e+01
   2.1500000e+01   2.2787702e+02   2.8292373e+01
   2.1600000e+01   2.0987702e+02   5.0123727e+00
   2.1700000e+01   2.5787702e+02  -9.9076273e+00
   2.1800000e+01   1.5387702e+02   1.3525237e+02
   2.1900000e+01   2.2987702e+02   1.6212373e+01
   2.2000000e+01   3.1187702e+02   1.0932373e+01
   2.2100000e+01   2.9687702e+02   3.2532373e+01
   2.2200000e+01   1.3487702e+02   6.8012373e+01
   2.2300000e+01   1.3487702e+02   6.4012373e+01
   2.2400000e+01   1.8987702e+02   2.7812373e+01
   2.2500000e+01   4.0087702e+02  -2.1627627e+01
   2.2600000e+01   2.7187702e+02   7.4532373e+01
   2.2700000e+01   2.3487702e+02   2.0012373e+01
   2.2800000e+01   2.9287702e+02   6.2692373e+01
   2.2900000e+01   2.0887702e+02   5.6052373e+01
   2.3000000e+01   1.6687702e+02   5.1732373e+01
   2.3100000e+01   1.4787702e+02   2.4923727e+00
   2.3200000e+01   3.1287702e+02  -1.1107627e+01
   2.3300000e+01   3.1787702e+02  -9.3076273e+00
   2.3400000e+01   2.4887702e+02  -3.9547627e+01
   2.3500000e+01   1.4587702e+02   5.8572373e+01
   2.3600000e+01   3.0387702e+02  -2.6747627e+01
   2.3700000e+01   2.1187702e+02  -1.9067627e+01
   2.3800000e+01   1.8187702e+02   6.1323727e+00
   2.3900000e+01   2.2087702e+02  -1.9427627e+01
   2.4000000e+01   2.9487702e+02   6.1612373e+01
   2.4100000e+01   2.0887702e+02   2.7052373e+01
   2.4200000e+01   1.3187702e+02   1.4313237e+02
   2.4300000e+01   2.8487702e+02   3.2012373e+01
   2.4400000e+01   2.3387702e+02  -9.4762733e-01
   2.4500000e+01   3.1487702e+02   9.0812373e+01
   2.4600000e+01   2.3487702e+02   1.7012373e+01
   2.4700000e+01   1.3887702e+02  -1.0147627e+01
   2.4800000e+01   3.1387702e+02   6.9852373e+01
   2.4900000e+01   1.7787702e+02   9.9292373e+01
   2.5000000e+01   3.0287702e+02  -3.2707627e+01
   2.5100000e+01   2.6787702e+02  -5.3076273e+00
   2.5200000e+01   2.0087702e+02   1.5372373e+01
   2.5300000e+01   3.1087702e+02   3.0972373e+01
   2.5400000e+01   1.5887702e+02  -5.9476273e+00
   2.5500000e+01   3.4287702e+02  -1.6307627e+01
   2.5600000e+01   1.8587702e+02  -1.7027627e+01
   2.5700000e+01   1.4887702e+02   1.2452373e+01
   2.5800000e+01   1.5987702e+02   4.1012373e+01
   2.5900000e+01   3.1487702e+02   7.4812373e+01
   2.6000000e+01   2.5787702e+02   6.4092373e+01
   2.6100000e+01   1.6987702e+02   8.3612373e+01
   2.6200000e+01   2.1287702e+02   2.5892373e+01
   2.6300000e+01   1.8687702e+02   8.4932373e+01
   2.6400000e+01   2.5787702e+02   2.3092373e+01
   2.6500000e+01   1.2487702e+02   6.1412373e+01
   2.6600000e+01   2.0787702e+02   1.2092373e+01
   2.6700000e+01   8.6877019e+01  -1.6067627e+01
   2.6800000e+01   2.9987702e+02  -3.3587627e+01
   2.6900000e+01   2.9587702e+02   6.8572373e+01
   2.7000000e+01   1.2987702e+02   4.5212373e+01
   2.7100000e+01   9.3877019e+01  -4.1347627e+01
   2.7200000e+01   3.1787702e+02   4.5692373e+01
   2.7300000e+01   1.8787702e+02   5.3892373e+01
   2.7400000e+01   1.5987702e+02  -1.5987627e+01
   2.7500000e+01   1.9687702e+02   9.6532373e+01
   2.7600000e+01   1.5187702e+02   7.2332373e+01
   2.7700000e+01   2.5387702e+02   4.5252373e+01
   2.7800000e+01   1.8287702e+02   2.5092373e+01
   2.7900000e+01   2.3187702e+02  -8.8676273e+00
   2.8000000e+01   1.2887702e+02   4.0252373e+01
   2.8100000e+01   1.2287702e+02   3.1492373e+01
   2.8200000e+01   2.6987702e+02   1.0612373e+01
   2.8300000e+01   3.6087702e+02   1.9723727e+00
   2.8400000e+01   2.1187702e+02  -2.7067627e+01
   2.8500000e+01   3.0087702e+02   5.5372373e+01
   2.8600000e+01   2.2887702e+02  -1.7747627e+01
   2.8700000e+01   1.0387702e+02  -3.8747627e+01
   2.8800000e+01   1.8887702e+02  -3.4147627e+01
   2.8900000e+01   1.9787702e+02   3.4492373e+01
   2.9000000e+01   2.1387702e+02  -1.0147627e+01
   2.9100000e+01   1.8687702e+02   3.8932373e+01
   2.9200000e+01   1.3087702e+02   7.9172373e+01
   2.9300000e+01   8.5877019e+01   6.8972373e+01
   2.9400000e+01   1.9887702e+02   9.6452373e+01
   2.9500000e+01   2.2187702e+02   1.2653237e+02
   2.9600000e+01   1.0487702e+02  -2.0787627e+01
   2.9700000e+01   2.4287702e+02  -1.2307627e+01
   2.9800000e+01   2.5887702e+02   3.2052373e+01
   2.9900000e+01   2.6887702e+02   8.2652373e+01
   3.0000000e+01   2.1287702e+02   3.8892373e+01
   3.0100000e+01   9.4877019e+01   3.6123727e+00
   3.0200000e+01   2.8687702e+02   2.3932373e+01
   3.0300000e+01   2.0987702e+02   5.9012373e+01
   3.0400000e+01   1.9887702e+02   4.2452373e+01
   3.0500000e+01   2.7687702e+02  -8.6676273e+00
   3.0600000e+01   1.8987702e+02   4.5812373e+01
   3.0700000e+01   1.1987702e+02   3.0612373e+01
   3.0800000e+01   1.4787702e+02   3.3492373e+01
   3.0900000e+01   1.4687702e+02   5.3237267e-01
   3.1000000e+01   9.9877019e+01   7.6412373e+01
   3.1100000e+01   2.1687702e+02   2.9732373e+01
   3.1200000e+01   2.1187702e+02  -5.8067627e+01
   3.1300000e+01   1.9987702e+02  -2.2587627e+01
   3.1400000e+01   3.3887702e+02  -7.1476273e+00
   3.1500000e+01   3.0387702e+02   3.2252373e+01
   3.1600000e+01   1.3587702e+02   7.0972373e+01
   3.1700000e+01   1.2987702e+02  -5.7876273e+00
   3.1800000e+01   1.3387702e+02   7.0052373e+01
   3.1900000e+01   1.8887702e+02   1.9852373e+01
   3.2000000e+01   2.4877019e+01   2.2412373e+01
   3.2100000e+01   1.9687702e+02   6.0532373e+01
   3.2200000e+01   1.0287702e+02   3.1292373e+01
   3.2300000e+01   3.0487702e+02   7.2123727e+00
   3.2400000e+01   2.0287702e+02   3.6292373e+01
   3.2500000e+01   2.5987702e+02   1.8012373e+01
   3.2600000e+01   2.4787702e+02  -4.5076273e+00
   3.2700000e+01   3.0787702e+02   7.1092373e+01
   3.2800000e+01   3.9787702e+02   2.2492373e+01
   3.2900000e+01   2.5587702e+02  -8.2762733e-01
   3.3000000e+01   2.5087702e+02   2.2372373e+01
   3.3100000e+01   1.4687702e+02  -1.9467627e+01
   3.3200000e+01   2.2687702e+02   6.8332373e+01
   3.3300000e+01   1.8387702e+02   7.2052373e+01
   3.3400000e+01   1.5487702e+02   4.4212373e+01
   3.3500000e+01   2.3887702e+02   1.0852373e+01
   3.3600000e+01   1.2487702e+02  -1.4587627e+01
   3.3700000e+01   1.5587702e+02   6.9172373e+01
   3.3800000e+01   2.2587702e+02   1.7372373e+01
   3.3900000e+01   2.5887702e+02   1.1805237e+02
   3.4000000e+01   1.8087702e+02   2.1172373e+01
   3.4100000e+01   3.1287702e+02   6.1892373e+01
   3.4200000e+01   1.8387702e+02   5.0523727e+00
   3.4300000e+01   7.2877019e+01  -5.0507627e+01
   3.4400000e+01   2.8287702e+02   1.2092373e+01
   3.4500000e+01   1.7587702e+02  -2.7627627e+01
   3.4600000e+01   1.4287702e+02  -2.4307627e+01
   3.4700000e+01   2.0987702e+02   1.0801237e+02
   3.4800000e+01   1.1987702e+02  -7.3876273e+00
   3.4900000e+01   1.4087702e+02   4.0772373e+01
   3.5000000e+01   5.5877019e+01  -5.8276273e+00
   3.5100000e+01   1.4487702e+02   4.1612373e+01
   3.5200000e+01   1.9287702e+02  -2.7307627e+01
   3.5300000e+01   2.2587702e+02   1.9372373e+01
   3.5400000e+01   7.1877019e+01  -2.9467627e+01
   3.5500000e+01   1.5787702e+02  -2.9076273e+00
   3.5600000e+01   1.5187702e+02   1.5332373e+01
   3.5700000e+01   1.8787702e+02   2.1892373e+01
   3.5800000e+01   6.2877019e+01   1.6892373e+01
   3.5900000e+01   1.3887702e+02   2.6852373e+01
   3.6000000e+01   1.5687702e+02  -4.7867627e+01
   3.6100000e+01   9.7877019e+01   1.4492373e+01
   3.6200000e+01   2.1687702e+02  -1.3267627e+01
   3.6300000e+01   1.9877019e+01   2.1612373e+01
   3.6400000e+01   1.6287702e+02   2.5892373e+01
   3.6500000e+01   1.2787702e+02   2.9237267e-01
   3.6600000e+01   3.7887702e+02   8.8252373e+01
   3.6700000e+01   4.0877019e+01  -2.0227627e+01
   3.6800000e+01   1.1087702e+02   3.1972373e+01
   3.6900000e+01   2.1087702e+02   4.9723727e+00
   3.7000000e+01   2.7187702e+02   2.5532373e+01
   3.7100000e+01   2.1877019e+01   2.1532373e+01
   3.7200000e+01   1.4987702e+02   2.8412373e+01
   3.7300000e+01   1.3387702e+02   1.0505237e+02
   3.7400000e+01   5.7877019e+01   2.9092373e+01
   3.7500000e+01   7.9877019e+01  -2.6787627e+01
   3.7600000e+01   2.3087702e+02  -4.2827627e+01
   3.7700000e+01   8.8877019e+01   2.6852373e+01
   3.7800000e+01   1.3487702e+02  -9.9876273e+00
   3.7900000e+01   2.6287702e+02   6.6892373e+01
   3.8000000e+01   1.0887702e+02   8.0523727e+00
   3.8100000e+01   1.2687702e+02   6.0332373e+01
   3.8200000e+01  -3.4122981e+01   3.4772373e+01
   3.8300000e+01   1.0787702e+02   2.0092373e+01
   3.8400000e+01   1.8887702e+02  -1.5147627e+01
   3.8500000e+01   1.3087702e+02   2.7172373e+01
   3.8600000e+01   7.1877019e+01   7.3532373e+01
   3.8700000e+01   1.4187702e+02   1.1373237e+02
   3.8800000e+01   2.6387702e+02  -3.1476273e+00
   3.8900000e+01   4.6877019e+01  -7.4676273e+00
   3.9000000e+01   1.1887702e+02  -5.3476273e+00
   3.9100000e+01   1.3887702e+02  -1.6147627e+01
   3.9200000e+01   2.2387702e+02  -1.4547627e+01
   3.9300000e+01   8.2877019e+01   4.9092373e+01
   3.9400000e+01   3.3587702e+02  -6.3027627e+01
   3.9500000e+01   4.2877019e+01   1.0369237e+02
   3.9600000e+01   1.1887702e+02   5.3652373e+01
   3.9700000e+01   2.2487702e+02  -1.2587627e+01
   3.9800000e+01   1.7287702e+02  -2.0507627e+01
   3.9900000e+01   2.0787702e+02   8.2092373e+01
   4.0000000e+01   2.7187702e+02   2.4532373e+01
   4.0100000e+01   2.0187702e+02  -4.4667627e+01
   4.0200000e+01   1.1587702e+02   3.7723727e+00
   4.0300000e+01   1.6087702e+02   6.4972373e+01
   4.0400000e+01   6.6877019e+01   7.3237267e-01
   4.0500000e+01   2.3587702e+02   7.9723727e+00
   4.0600000e+01   1.4687702e+02   4.3532373e+01
   4.0700000e+01   1.6387702e+02  -5.5147627e+01
   4.0800000e+01   2.0877019e+01   3.9572373e+01
   4.0900000e+01   1.5987702e+02  -9.1987627e+01
   4.1000000e+01   3.2787702e+02  -2.7076273e+00
   4.1100000e+01   2.3187702e+02   1.2132373e+01
   4.1200000e+01   3.1877019e+01  -4.2867627e+01
   4.1300000e+01   3.6877019e+01  -3.4067627e+01
   4.1400000e+01   1.9087702e+02   5.7723727e+00
   4.1500000e+01   2.1487702e+02  -2.3187627e+01
   4.1600000e+01   5.7877019e+01   2.5092373e+01
   4.1700000e+01   6.1877019e+01   5.1932373e+01
   4.1800000e+01   1.6587702e+02  -3.3227627e+01
   4.1900000e+01   4.1877019e+01  -1.7267627e+01
   4.2000000e+01   7.6877019e+01  -2.7667627e+01
   4.2100000e+01   2.4087702e+02   6.7772373e+01
   4.2200000e+01   7.7877019e+01   2.2292373e+01
   4.2300000e+01   1.1387702e+02  -6.2147627e+01
   4.2400000e+01   8.2877019e+01  -1.7907627e+01
   4.2500000e+01   6.8877019e+01  -3.2347627e+01
   4.2600000e+01   2.5987702e+02   1.2372671e-02
   4.2700000e+01   2.2487702e+02   2.8412373e+01
   4.2800000e+01   6.7877019e+01  -6.1307627e+01
   4.2900000e+01   1.4087702e+02  -4.1227627e+01
   4.3000000e+01   1.0087702e+02  -3.1627627e+01
   4.3100000e+01   6.7877019e+01   2.4692373e+01
   4.3200000e+01   2.9087702e+02  -3.6227627e+01
   4.3300000e+01   2.3887702e+02  -6.1476273e+00
   4.3400000e+01   1.8787702e+02   3.4892373e+01
   4.3500000e+01   3.1687702e+02   2.9732373e+01
   4.3600000e+01   1.7877019e+01  -1.0307627e+01
   4.3700000e+01   8.8770186e+00   1.5052373e+01
   4.3800000e+01   1.9987702e+02  -3.3587627e+01
   4.3900000e+01   2.7987702e+02   6.6212373e+01
   4.4000000e+01   9.2877019e+01   5.2692373e+01
   4.4100000e+01   1.2387702e+02   7.6452373e+01
   4.4200000e+01   2.6877019e+01   1.0533237e+02
   4.4300000e+01   2.3877019e+01   6.4523727e+00
   4.4400000e+01   7.7877019e+01  -2.4707627e+01
   4.4500000e+01  -5.9122981e+01   1.6772373e+01
   4.4600000e+01   1.2877019e+01  -1.1107627e+01
   4.4700000e+01  -1.1712298e+02   1.2009237e+02
   4.4800000e+01   5.4877019e+01   4.8212373e+01
   4.4900000e+01  -1.9122981e+01   9.8172373e+01
   4.5000000e+01   2.9877019e+01  -5.9787627e+01
   4.5100000e+01   5.6877019e+01  -3.0867627e+01
   4.5200000e+01   7.8877019e+01   2.2252373e+01
   4.5300000e+01   1.2787702e+02   6.4292373e+01
   4.5400000e+01   2.4877019e+01   8.4123727e+00
   4.5500000e+01  -5.5122981e+01  -3.1387627e+01
   4.5600000e+01   2.5877019e+01  -4.6627627e+01
   4.5700000e+01   2.2877019e+01  -2.7507627e+01
   4.5800000e+01  -6.1229814e+00   1.0652373e+01
   4.5900000e+01   2.5877019e+01  -6.6276273e+00
   4.6000000e+01   3.3877019e+01   3.3052373e+01
   4.6100000e+01  -6.1229814e+00  -4.2347627e+01
   4.6200000e+01   1.2887702e+02   5.5252373e+01
   4.6300000e+01   1.2877019e+01  -4.3107627e+01
   4.6400000e+01   8.7877019e+01  -2.1076273e+00
   4.6500000e+01  -1.7122981e+01   1.4092373e+01
   4.6600000e+01  -4.9122981e+01   7.3723727e+00
   4.6700000e+01   6.1877019e+01   3.9323727e+00
   4.6800000e+01   2.8770186e+00   1.7292373e+01
   4.6900000e+01  -3.7122981e+01   3.3892373e+01
   4.7000000e+01   7.3877019e+01  -1.3547627e+01
   4.7100000e+01   3.0877019e+01  -9.8276273e+00
   4.7200000e+01   2.7877019e+01  -4.8707627e+01
   4.7300000e+01  -6.9122981e+01  -9.8276273e+00
   4.7400000e+01   1.0877019e+01  -3.3027627e+01
   4.7500000e+01   5.5877019e+01  -5.2827627e+01
   4.7600000e+01   2.7877019e+01   1.8292373e+01
   4.7700000e+01   8.8770186e+00  -2.9476273e+00
   4.7800000e+01   7.7877019e+01  -8.7076273e+00
   4.7900000e+01  -1.1122981e+01  -5.3147627e+01
   4.8000000e+01   2.3877019e+01  -1.2547627e+01
   4.8100000e+01  -1.4122981e+01  -2.4027627e+01
   4.8200000e+01   1.0987702e+02  -5.9876273e+00
   4.8300000e+01   1.3877019e+01  -7.4147627e+01
   4.8400000e+01  -7.4122981e+01  -2.1627627e+01
   4.8500000e+01  -1.0512298e+02  -8.3876273e+00
   4.8600000e+01   5.0877019e+01   1.8372373e+01
   4.8700000e+01  -8.1229814e+00  -1.7267627e+01
   4.8800000e+01   9.3877019e+01  -2.4347627e+01
   4.8900000e+01   8.7877019e+01   6.8923727e+00
   4.9000000e+01  -4.7122981e+01  -7.0762733e-01
   4.9100000e+01   2.3877019e+01  -2.3547627e+01
   4.9200000e+01   7.0877019e+01   2.1572373e+01
   4.9300000e+01  -1.6122981e+01  -4.4947627e+01
   4.9400000e+01   3.0877019e+01   7.6172373e+01
   4.9500000e+01   8.6877019e+01   6.9323727e+00
   4.9600000e+01  -6.4122981e+01  -3.5027627e+01
   4.9700000e+01   2.0877019e+01  -6.6427627e+01
   4.9800000e+01   4.6877019e+01   5.4532373e+01
   4.9900000e+01   3.8877019e+01  -1.2147627e+01
   5.0000000e+01   1.3877019e+01  -2.8147627e+01
   5.0100000e+01  -2.9122981e+01  -9.4276273e+00
   5.0200000e+01   2.2877019e+01   1.0749237e+02
   5.0300000e+01   1.5877019e+01  -2.2227627e+01
   5.0400000e+01   2.9877019e+01   1.5212373e+01
   5.0500000e+01   2.4877019e+01  -1.2587627e+01
   5.0600000e+01  -1.9122981e+01  -1.8276273e+00
   5.0700000e+01   1.0187702e+02   6.3323727e+00
   5.0800000e+01  -3.0122981e+01  -3.6387627e+01
   5.0900000e+01   1.4287702e+02  -1.3076273e+00
   5.1000000e+01   1.1877019e+01   3.0932373e+01
   5.1100000e+01  -3.1229814e+00   2.0532373e+01
   5.1200000e+01   6.8877019e+01  -1.6347627e+01
   5.1300000e+01  -1.2298137e-01   7.1412373e+01
   5.1400000e+01   2.3877019e+01   4.4523727e+00
   5.1500000e+01  -9.9122981e+01  -3.6276273e+00
   5.1600000e+01   6.0877019e+01   3.9723727e+00
   5.1700000e+01   5.4877019e+01   1.6212373e+01
   5.1800000e+01  -1.8122981e+01   3.1323727e+00
   5.1900000e+01   9.4877019e+01  -5.3876273e+00
   5.2000000e+01  -2.1229814e+00  -1.5076273e+00
   5.2100000e+01   1.6487702e+02   5.5812373e+01
   5.2200000e+01   1.8877019e+01   3.7652373e+01
   5.2300000e+01  -5.4122981e+01   2.5572373e+01
   5.2400000e+01   1.6877019e+01  -9.2676273e+00
   5.2500000e+01   7.8770186e+00  -3.4907627e+01
   5.2600000e+01   2.1877019e+01  -1.4467627e+01
   5.2700000e+01  -3.0122981e+01   3.9612373e+01
   5.2800000e+01   6.8770186e+00   3.1132373e+01
   5.2900000e+01  -2.0122981e+01  -2.5787627e+01
   5.3000000e+01   5.6877019e+01  -1.3867627e+01
   5.3100000e+01   1.8877019e+01   7.6523727e+00
   5.3200000e+01   3.3877019e+01   9.3052373e+01
   5.3300000e+01   5.5877019e+01   1.6172373e+01
   5.3400000e+01  -3.2122981e+01   2.9692373e+01
   5.3500000e+01   7.9877019e+01   1.6212373e+01
   5.3600000e+01  -5.5122981e+01  -4.5387627e+01
   5.3700000e+01  -6.4122981e+01   3.0972373e+01
   5.3800000e+01  -3.8122981e+01   4.1932373e+01
   5.3900000e+01   6.8877019e+01   4.0652373e+01
   5.4000000e+01  -1.7122981e+01   1.0923727e+00
   5.4100000e+01  -7.1229814e+00   1.2692373e+01
   5.4200000e+01  -4.0122981e+01   2.2012373e+01
   5.4300000e+01  -1.5122981e+01   9.5012373e+01
   5.4400000e+01  -9.1229814e+00   1.5772373e+01
   5.4500000e+01   1.7877019e+01   6.2692373e+01
   5.4600000e+01   9.8877019e+01   6.2452373e+01
   5.4700000e+01   5.3877019e+01   1.1252373e+01
   5.4800000e+01   2.6877019e+01  -2.4667627e+01
   5.4900000e+01   4.1877019e+01   4.6732373e+01
   5.5000000e+01  -2.8122981e+01   1.1532373e+01
   5.5100000e+01  -1.3122981e+01  -2.5067627e+01
   5.5200000e+01  -4.3122981e+01   3.9132373e+01
   5.5300000e+01   4.6877019e+01   2.5323727e+00
   5.5400000e+01   3.6877019e+01  -9.0676273e+00
   5.5500000e+01   2.2877019e+01   5.7492373e+01
   5.5600000e+01  -1.6122981e+01  -1.9476273e+00
   5.5700000e+01   2.1877019e+01  -1.2467627e+01
   5.5800000e+01   5.4877019e+01   2.0212373e+01
   5.5900000e+01  -7.5122981e+01  -5.8762733e-01
   5.6000000e+01  -1.1122981e+01  -4.9147627e+01
   5.6100000e+01  -3.9122981e+01   8.3972373e+01
   5.6200000e+01  -1.8122981e+01  -8.6762733e-01
   5.6300000e+01  -8.2122981e+01  -3.9307627e+01
   5.6400000e+01  -2.6122981e+01   4.5237267e-01
   5.6500000e+01  -4.0122981e+01  -2.5987627e+01
   5.6600000e+01  -1.5122981e+01  -4.1987627e+01
   5.6700000e+01  -4.5122981e+01   9.6212373e+01
   5.6800000e+01  -3.2122981e+01   5.2692373e+01
   5.6900000e+01   3.1877019e+01  -2.8867627e+01
   5.7000000e+01  -3.6122981e+01  -2.0147627e+01
   5.7100000e+01   1.0487702e+02  -4.7876273e+00
   5.7200000e+01   4.1877019e+01   3.2732373e+01
   5.7300000e+01   2.8877019e+01   5.2523727e+00
   5.7400000e+01   2.0877019e+01  -2.1427627e+01
   5.7500000e+01   1.0487702e+02  -3.2787627e+01
   5.7600000e+01  -2.4122981e+01  -1.1627627e+01
   5.7700000e+01   4.3877019e+01   1.2065237e+02
   5.7800000e+01   6.5877019e+01  -1.7227627e+01
   5.7900000e+01   8.1877019e+01  -4.8676273e+00
   5.8000000e+01   5.3877019e+01   1.3252373e+01
   5.8100000e+01  -1.1229814e+00   5.4523727e+00
   5.8200000e+01  -6.4122981e+01  -3.4027627e+01
   5.8300000e+01   1.5877019e+01   4.1772373e+01
   5.8400000e+01   9.5877019e+01  -2.5427627e+01
   5.8500000e+01   1.0877019e+01   2.0972373e+01
   5.8600000e+01   5.7877019e+01   4.9092373e+01
   5.8700000e+01   4.3877019e+01  -2.2347627e+01
   5.8800000e+01   5.4877019e+01   2.9212373e+01
   5.8900000e+01   3.7877019e+01   6.6892373e+01
   5.9000000e+01   1.2877019e+01   4.6892373e+01
   5.9100000e+01   5.1877019e+01   4.2332373e+01
   5.9200000e+01  -2.5122981e+01  -1.7587627e+01
   5.9300000e+01   2.9877019e+01   9.0212373e+01
   5.9400000e+01  -2.1122981e+01   5.2523727e+00
   5.9500000e+01  -3.6122981e+01  -1.0147627e+01
   5.9600000e+01   3.5877019e+01  -1.5027627e+01
   5.9700000e+01  -1.1912298e+02   4.3172373e+01
   5.9800000e+01   6.8770186e+00  -1.3867627e+01
   5.9900000e+01   7.8877019e+01   4.8252373e+01
   6.0000000e+01   5.9877019e+01   3.6012373e+01
   6.0100000e+01   2.0877019e+01   1.4572373e+01
   6.0200000e+01   4.0877019e+01   9.9772373e+01
   6.0300000e+01  -1.6122981e+01   3.5052373e+01
   6.0400000e+01  -4.9122981e+01   1.9372373e+01
   6.0500000e+01  -1.0122981e+01  -5.0187627e+01
   6.0600000e+01  -2.6122981e+01  -1.3547627e+01
   6.0700000e+01   3.8770186e+00   1.0252373e+01
   6.0800000e+01  -5.1122981e+01   3.3452373e+01
   6.0900000e+01  -9.2122981e+01   2.8092373e+01
   6.1000000e+01  -9.8122981e+01  -2.8667627e+01
   6.1100000e+01  -4.5122981e+01   9.0212373e+01
   6.1200000e+01   1.0387702e+02  -2.5747627e+01
   6.1300000e+01   8.6877019e+01   2.5932373e+01
   6.1400000e+01  -5.2122981e+01   4.0492373e+01
   6.1500000e+01   4.8770186e+00   2.9212373e+01
   6.1600000e+01   9.9877019e+01  -1.5876273e+00
   6.1700000e+01  -3.2122981e+01   5.7692373e+01
   6.1800000e+01   7.8770186e+00   5.1092373e+01
   6.1900000e+01  -4.9122981e+01   1.5372373e+01
   6.2000000e+01   4.1877019e+01  -2.6762733e-01
   6.2100000e+01  -8.1229814e+00  -3.2676273e+00
   6.2200000e+01  -1.9122981e+01  -2.8827627e+01
   6.2300000e+01   2.6877019e+01  -4.6676273e+00
   6.2400000e+01   2.0287702e+02  -4.0707627e+01
   6.2500000e+01  -4.4122981e+01   2.7172373e+01
   6.2600000e+01  -3.6122981e+01   2.0852373e+01
   6.2700000e+01   6.9877019e+01  -2.8387627e+01
   6.2800000e+01   5.7877019e+01  -3.3907627e+01
   6.2900000e+01  -5.3122981e+01   3.6532373e+01
   6.3000000e+01   3.0877019e+01   3.2172373e+01
   6.3100000e+01   6.1877019e+01   3.1932373e+01
   6.3200000e+01  -1.1712298e+02   2.9092373e+01
   6.3300000e+01   1.0487702e+02   2.2123727e+00
   6.3400000e+01  -9.3122981e+01   8.1323727e+00
   6.3500000e+01  -1.7122981e+01  -3.1907627e+01
   6.3600000e+01  -4.2122981e+01   1.0092373e+01
   6.3700000e+01  -2.5122981e+01  -2.2587627e+01
   6.3800000e+01   3.7877019e+01   2.7892373e+01
   6.3900000e+01   8.7701863e-01   8.3723727e+00
   6.4000000e+01  -1.3122981e+01   3.5932373e+01
   6.4100000e+01   7.8770186e+00   1.4092373e+01
   6.4200000e+01  -6.2122981e+01   2.2892373e+01
   6.4300000e+01   3.6877019e+01  -1.2067627e+01
   6.4400000e+01   2.3877019e+01   3.4452373e+01
   6.4500000e+01  -1.9122981e+01   1.1172373e+01
   6.4600000e+01  -4.3122981e+01  -1.7867627e+01
   6.4700000e+01  -4.0122981e+01  -3.0987627e+01
   6.4800000e+01  -6.1122981e+01  -2.1147627e+01
   6.4900000e+01  -3.4122981e+01   3.6772373e+01
   6.5000000e+01   5.8877019e+01  -4.9476273e+00
   6.5100000e+01  -1.7122981e+01   2.5092373e+01
   6.5200000e+01  -1.8122981e+01  -3.9867627e+01
   6.5300000e+01  -2.9122981e+01  -3.3427627e+01
   6.5400000e+01  -6.6122981e+01  -5.9476273e+00
   6.5500000e+01  -6.9122981e+01   7.9172373e+01
   6.5600000e+01  -9.5122981e+01   8.8212373e+01
   6.5700000e+01  -5.0122981e+01   3.6412373e+01
   6.5800000e+01  -1.1229814e+00  -1.2547627e+01
   6.5900000e+01  -3.0122981e+01  -1.9387627e+01
   6.6000000e+01   1.0877019e+01   1.5972373e+01
   6.6100000e+01   2.7877019e+01  -5.6707627e+01
   6.6200000e+01   1.0287702e+02  -1.5707627e+01
   6.6300000e+01  -5.0122981e+01   1.4412373e+01
   6.6400000e+01   1.1087702e+02   9.9723727e+00
   6.6500000e+01  -1.0612298e+02   2.0652373e+01
   6.6600000e+01   9.8770186e+00   5.1012373e+01
   6.6700000e+01   6.4877019e+01  -4.1187627e+01
   6.6800000e+01   4.8770186e+00   8.2123727e+00
   6.6900000e+01  -3.0122981e+01  -3.3876273e+00
   6.7000000e+01  -1.0512298e+02  -1.1387627e+01
   6.7100000e+01  -1.6122981e+01  -4.6947627e+01
   6.7200000e+01   4.8877019e+01   7.4523727e+00
   6.7300000e+01  -7.4122981e+01  -3.3627627e+01
   6.7400000e+01  -3.7122981e+01   1.5892373e+01
   6.7500000e+01  -2.1229814e+00  -2.7507627e+01
   6.7600000e+01   6.4877019e+01   3.4812373e+01
   6.7700000e+01   7.8770186e+00  -2.6907627e+01
   6.7800000e+01  -7.7122981e+01   7.2492373e+01
   6.7900000e+01  -7.6122981e+01  -2.8547627e+01
   6.8000000e+01  -4.9122981e+01   6.3723727e+00
   6.8100000e+01   9.9877019e+01  -2.9587627e+01
   6.8200000e+01  -1.2122981e+01  -3.0107627e+01
   6.8300000e+01   6.7877019e+01   1.3069237e+02
   6.8400000e+01  -5.3122981e+01   6.7532373e+01
   6.8500000e+01  -8.0122981e+01  -2.4387627e+01
   6.8600000e+01   1.2877019e+01   1.4892373e+01
   6.8700000e+01  -4.7122981e+01  -4.5707627e+01
   6.8800000e+01  -3.9122981e+01  -6.0276273e+00
   6.8900000e+01  -7.3122981e+01  -2.0667627e+01
   6.9000000e+01   1.0287702e+02  -1.0707627e+01
   6.9100000e+01  -4.0122981e+01   1.6012373e+01
   6.9200000e+01   1.3877019e+01   5.2852373e+01
   6.9300000e+01   5.4877019e+01  -4.0787627e+01
   6.9400000e+01  -1.1229814e+00  -2.7547627e+01
   6.9500000e+01   8.5877019e+01  -2.3027627e+01
   6.9600000e+01  -3.6122981e+01  -5.6147627e+01
   6.9700000e+01   6.6877019e+01  -2.3267627e+01
   6.9800000e+01   2.8877019e+01   4.2252373e+01
   6.9900000e+01  -1.1122981e+01  -6.3147627e+01
   7.0000000e+01  -5.1229814e+00  -9.3876273e+00
   7.0100000e+01  -6.0122981e+01   3.5812373e+01
   7.0200000e+01   4.8770186e+00   6.2212373e+01
   7.0300000e+01   5.6877019e+01  -3.2867627e+01
   7.0400000e+01   1.6877019e+01  -3.7267627e+01
   7.0500000e+01  -3.5122981e+01  -9.1876273e+00
   7.0600000e+01   1.2877019e+01  -1.1107627e+01
   7.0700000e+01  -5.1229814e+00  -6.3387627e+01
   7.0800000e+01  -6.8122981e+01  -8.8676273e+00
   7.0900000e+01  -2.1229814e+00   3.3492373e+01
   7.1000000e+01  -8.7122981e+01   2.5892373e+01
   7.1100000e+01   6.1877019e+01  -3.8067627e+01
   7.1200000e+01   3.1877019e+01   5.1323727e+00
   7.1300000e+01   8.4877019e+01   6.0012373e+01
   7.1400000e+01   6.8770186e+00   1.0613237e+02
   7.1500000e+01   1.1987702e+02   1.6123727e+00
   7.1600000e+01   6.7877019e+01  -3.4307627e+01
   7.1700000e+01  -3.0122981e+01   1.7612373e+01
   7.1800000e+01  -6.8122981e+01   2.1323727e+00
   7.1900000e+01   1.3877019e+01   7.7852373e+01
   7.2000000e+01   9.8770186e+00  -1.9876273e+00
   7.2100000e+01   6.2877019e+01  -1.1076273e+00
   7.2200000e+01   2.7877019e+01   4.3292373e+01
   7.2300000e+01   3.2877019e+01  -6.9076273e+00
   7.2400000e+01   8.0877019e+01  -5.8276273e+00
   7.2500000e+01   3.7877019e+01  -2.6107627e+01
   7.2600000e+01  -3.2122981e+01  -3.0762733e-01
   7.2700000e+01  -1.0122981e+01  -2.1187627e+01
   7.2800000e+01   4.2877019e+01  -6.4307627e+01
   7.2900000e+01   3.0877019e+01  -2.2827627e+01
   7.3000000e+01   5.2877019e+01   5.5292373e+01
   7.3100000e+01  -6.2122981e+01  -2.2107627e+01
   7.3200000e+01   3.8770186e+00   2.6252373e+01
   7.3300000e+01   5.1877019e+01  -1.8667627e+01
   7.3400000e+01   2.0877019e+01   2.8572373e+01
   7.3500000e+01  -4.5122981e+01  -1.7876273e+00
   7.3600000e+01   3.3877019e+01  -4.6947627e+01
   7.3700000e+01   1.2877019e+01  -1.3107627e+01
   7.3800000e+01   4.5877019e+01   2.0572373e+01
   7.3900000e+01  -6.5122981e+01   4.1012373e+01
   7.4000000e+01  -2.7122981e+01  -2.5507627e+01
   7.4100000e+01  -8.8122981e+01   1.3932373e+01
   7.4200000e+01   1.8877019e+01  -3.2347627e+01
   7.4300000e+01   4.0877019e+01   7.3772373e+01
   7.4400000e+01  -6.1229814e+00   2.7652373e+01
   7.4500000e+01  -4.1122981e+01   3.4052373e+01
   7.4600000e+01   2.3877019e+01  -3.1547627e+01
   7.4700000e+01   2.6877019e+01   3.3237267e-01
   7.4800000e+01  -3.0122981e+01  -3.8387627e+01
   7.4900000e+01   2.5877019e+01  -1.3627627e+01
   7.5000000e+01   5.1877019e+01  -1.1667627e+01
   7.5100000e+01   7.6877019e+01  -1.9667627e+01
   7.5200000e+01   1.4877019e+01   1.5812373e+01
   7.5300000e+01   8.9877019e+01  -5.5187627e+01
   7.5400000e+01  -8.1229814e+00  -2.5267627e+01
   7.5500000e+01   5.8877019e+01   3.3052373e+01
   7.5600000e+01   7.7877019e+01   2.9237267e-01
   7.5700000e+01  -6.1122981e+01  -3.3147627e+01
   7.5800000e+01  -2.0122981e+01  -8.7876273e+00
   7.5900000e+01   3.5877019e+01  -1.8027627e+01
   7.6000000e+01  -1.3122981e+01  -6.7627329e-02
   7.6100000e+01  -1.1212298e+02  -3.9107627e+01
   7.6200000e+01   1.4877019e+01   1.8123727e+00
   7.6300000e+01   1.3087702e+02  -5.5827627e+01
   7.6400000e+01  -4.0122981e+01   7.0123727e+00
   7.6500000e+01   4.8770186e+00   5.1212373e+01
   7.6600000e+01   5.7877019e+01   3.2092373e+01
   7.6700000e+01  -4.7122981e+01  -3.5707627e+01
   7.6800000e+01   2.8877019e+01  -1.6747627e+01
   7.6900000e+01  -5.8122981e+01   5.6732373e+01
   7.7000000e+01   3.5877019e+01   4.9723727e+00
   7.7100000e+01  -2.2122981e+01  -1.5707627e+01
   7.7200000e+01  -3.0122981e+01  -1.7387627e+01
   7.7300000e+01   3.7877019e+01   8.8923727e+00
   7.7400000e+01   4.8877019e+01  -1.9547627e+01
   7.7500000e+01  -6.1122981e+01   2.2852373e+01
   7.7600000e+01  -6.9122981e+01   5.6172373e+01
   7.7700000e+01   1.0877019e+01  -4.9027627e+01
   7.7800000e+01  -1.5122981e+01   1.6012373e+01
   7.7900000e+01   4.7877019e+01   1.1492373e+01
   7.8000000e+01   5.2877019e+01   4.6292373e+01
   7.8100000e+01  -3.1229814e+00   1.8532373e+01
   7.8200000e+01   3.8770186e+00  -2.9747627e+01
   7.8300000e+01  -1.1122981e+01  -7.1147627e+01
   7.8400000e+01   5.6877019e+01  -3.8676273e+00
   7.8500000e+01   7.0877019e+01  -2.2427627e+01
   7.8600000e+01  -6.9122981e+01   2.7172373e+01
   7.8700000e+01  -1.1229814e+00  -2.7547627e+01
   7.8800000e+01   3.7877019e+01   4.7892373e+01
   7.8900000e+01  -5.8122981e+01   4.5732373e+01
   7.9000000e+01   6.1877019e+01  -4.4067627e+01
   7.9100000e+01  -2.0122981e+01  -5.7876273e+00
   7.9200000e+01  -4.1229814e+00   3.7572373e+01
   7.9300000e+01  -1.1712298e+02  -3.2907627e+01
   7.9400000e+01  -5.4122981e+01   3.2572373e+01
   7.9500000e+01   2.7877019e+01  -4.7076273e+00
   7.9600000e+01  -2.6122981e+01  -1.6547627e+01
   7.9700000e+01   3.2877019e+01  -7.3907627e+01
   7.9800000e+01   4.3877019e+01  -3.6347627e+01
   7.9900000e+01  -8.3122981e+01  -1.2676273e+00
   8.0000000e+01  -8.1229814e+00  -2.8267627e+01
   8.0100000e+01   3.8770186e+00   1.3252373e+01
   8.0200000e+01  -2.3122981e+01   3.3323727e+00
   8.0300000e+01   1.4877019e+01   3.6812373e+01
   8.0400000e+01   3.0877019e+01   3.8172373e+01
   8.0500000e+01   2.2877019e+01   9.7492373e+01
   8.0600000e+01  -2.1229814e+00  -5.8507627e+01
   8.0700000e+01   6.9877019e+01   1.3612373e+01
   8.0800000e+01   6.7877019e+01  -4.8307627e+01
   8.0900000e+01   1.9877019e+01   2.9612373e+01
   8.1000000e+01   2.8770186e+00   1.5292373e+01
   8.1100000e+01  -7.2122981e+01  -2.0707627e+01
   8.1200000e+01   5.4877019e+01  -4.3787627e+01
   8.1300000e+01  -4.9122981e+01  -2.7627627e+01
   8.1400000e+01   3.2877019e+01  -4.9076273e+00
   8.1500000e+01   3.7877019e+01  -5.1076273e+00
   8.1600000e+01   7.8877019e+01  -4.4747627e+01
   8.1700000e+01  -7.1229814e+00  -1.0307627e+01
   8.1800000e+01  -7.7122981e+01   5.6492373e+01
   8.1900000e+01   3.8877019e+01  -6.7147627e+01
   8.2000000e+01  -2.3122981e+01   1.3332373e+01
   8.2100000e+01   3.9877019e+01   3.8123727e+00
   8.2200000e+01  -2.5122981e+01  -3.9587627e+01
   8.2300000e+01   9.4877019e+01   2.3612373e+01
   8.2400000e+01   4.4877019e+01   4.6123727e+00
   8.2500000e+01  -4.9122981e+01   4.1372373e+01
   8.2600000e+01   5.5877019e+01   2.1172373e+01
   8.2700000e+01  -6.2122981e+01   1.1589237e+02
   8.2800000e+01   3.3877019e+01   1.6052373e+01
   8.2900000e+01   2.3877019e+01  -3.4547627e+01
   8.3000000e+01   5.1877019e+01   2.2332373e+01
   8.3100000e+01  -2.0122981e+01   6.0212373e+01
   8.3200000e+01   8.4877019e+01   1.4012373e+01
   8.3300000e+01   8.9877019e+01   4.3812373e+01
   8.3400000e+01   9.8770186e+00   2.7012373e+01
   8.3500000e+01   3.1877019e+01   7.1323727e+00
   8.3600000e+01   1.4877019e+01   2.6812373e+01
   8.3700000e+01   9.3877019e+01   9.1652373e+01
   8.3800000e+01   8.8770186e+00   7.0523727e+00
   8.3900000e+01   1.9877019e+01  -3.8762733e-01
   8.4000000e+01   5.2877019e+01   8.0292373e+01
   8.4100000e+01  -5.5122981e+01  -3.7387627e+01
   8.4200000e+01  -5.1122981e+01  -2.5547627e+01
   8.4300000e+01   1.8877019e+01  -3.8347627e+01
   8.4400000e+01   2.2877019e+01   3.6492373e+01
   8.4500000e+01   3.8770186e+00   1.0125237e+02
   8.4600000e+01  -5.0122981e+01   7.3412373e+01
   8.4700000e+01   5.7877019e+01   9.0923727e+00
   8.4800000e+01   7.7877019e+01  -1.5707627e+01
   8.4900000e+01  -5.1122981e+01  -4.5476273e+00
   8.5000000e+01   6.6877019e+01  -1.3267627e+01
   8.5100000e+01  -6.7122981e+01   3.4092373e+01
   8.5200000e+01   4.0877019e+01   7.4772373e+01
   8.5300000e+01  -4.1122981e+01   2.3052373e+01
   8.5400000e+01   3.1877019e+01   2.5132373e+01
   8.5500000e+01  -1.8122981e+01  -2.5867627e+01
   8.5600000e+01   3.2877019e+01   2.0923727e+00
   8.5700000e+01   3.9877019e+01   2.5812373e+01
   8.5800000e+01   3.3877019e+01  -5.9476273e+00
   8.5900000e+01   1.6587702e+02   3.9772373e+01
   8.6000000e+01   2.7877019e+01   1.8292373e+01
   8.6100000e+01  -3.5122981e+01   1.3381237e+02
   8.6200000e+01   5.8770186e+00  -3.0827627e+01
   8.6300000e+01  -2.1229814e+00   2.9492373e+01
   8.6400000e+01   1.2877019e+01   7.8892373e+01
   8.6500000e+01  -1.5122981e+01  -1.8987627e+01
   8.6600000e+01   2.1877019e+01   1.6532373e+01
   8.6700000e+01   3.2877019e+01  -3.9076273e+00
   8.6800000e+01  -3.5122981e+01   2.6812373e+01
   8.6900000e+01   1.0877019e+01  -3.3027627e+01
   8.7000000e+01   4.5877019e+01  -7.4276273e+00
   8.7100000e+01   1.8877019e+01   2.7652373e+01
   8.7200000e+01  -2.6122981e+01  -3.7547627e+01
   8.7300000e+01   3.2877019e+01   6.7092373e+01
   8.7400000e+01   9.7877019e+01   4.4923727e+00
   8.7500000e+01  -2.4122981e+01   9.3723727e+00
   8.7600000e+01  -1.1122981e+01   4.2852373e+01
   8.7700000e+01   4.6877019e+01   8.5323727e+00
   8.7800000e+01  -9.2122981e+01   8.2092373e+01
   8.7900000e+01  -2.1229814e+00  -1.1507627e+01
   8.8000000e+01   6.2877019e+01  -1.7107627e+01
   8.8100000e+01   2.1877019e+01   5.3237267e-01
   8.8200000e+01   1.9877019e+01   8.6123727e+00
   8.8300000e+01  -1.2298137e-01  -8.5876273e+00
   8.8400000e+01  -1.1122981e+01  -6.1476273e+00
   8.8500000e+01   9.8770186e+00  -9.9876273e+00
   8.8600000e+01   1.8770186e+00   3.2332373e+01
   8.8700000e+01   5.9877019e+01   1.0201237e+02
   8.8800000e+01  -1.7122981e+01   1.2409237e+02
   8.8900000e+01  -1.8122981e+01  -2.2867627e+01
   8.9000000e+01   1.1877019e+01  -6.0067627e+01
   8.9100000e+01   5.3877019e+01  -1.0747627e+01
   8.9200000e+01  -1.9122981e+01  -1.8276273e+00
   8.9300000e+01   1.0877019e+01  -2.7627329e-02
   8.9400000e+01   1.4687702e+02   1.8532373e+01
   8.9500000e+01   2.7877019e+01  -4.8707627e+01
   8.9600000e+01   3.8770186e+00  -2.7476273e+00
   8.9700000e+01   1.7877019e+01  -1.0307627e+01
   8.9800000e+01  -1.6122981e+01  -6.1947627e+01
   8.9900000e+01  -5.9122981e+01   9.1772373e+01
   9.0000000e+01   1.8877019e+01  -5.3476273e+00
   9.0100000e+01  -3.2122981e+01  -5.2307627e+01
   9.0200000e+01  -8.1122981e+01  -4.3476273e+00
   9.0300000e+01  -3.7122981e+01  -2.9107627e+01
   9.0400000e+01   3.5877019e+01  -3.3027627e+01
   9.0500000e+01  -3.8122981e+01   2.9932373e+01
   9.0600000e+01   4.7877019e+01  -1.5507627e+01
   9.0700000e+01  -7.7122981e+01  -2.8507627e+01
   9.0800000e+01  -1.9122981e+01   5.9172373e+01
   9.0900000e+01  -3.0122981e+01  -4.4387627e+01
   9.1000000e+01   1.0877019e+01  -2.4027627e+01
   9.1100000e+01  -9.4122981e+01   3.1172373e+01
   9.1200000e+01  -6.1229814e+00  -2.3476273e+00
   9.1300000e+01   5.7877019e+01   1.0923727e+00
   9.1400000e+01  -5.7122981e+01  -4.9307627e+01
   9.1500000e+01  -1.4122981e+01   1.3972373e+01
   9.1600000e+01   4.9877019e+01  -2.4587627e+01
   9.1700000e+01  -4.1122981e+01  -9.4762733e-01
   9.1800000e+01  -3.3122981e+01   2.8732373e+01
   9.1900000e+01   3.4877019e+01   6.7012373e+01
   9.2000000e+01  -1.1229814e+00  -4.1547627e+01
   9.2100000e+01  -8.1229814e+00  -5.2676273e+00
   9.2200000e+01  -7.1229814e+00   4.6923727e+00
   9.2300000e+01  -6.9122981e+01   1.0172373e+01
   9.2400000e+01   5.1877019e+01  -1.1667627e+01
   9.2500000e+01   3.9877019e+01   9.8123727e+00
   9.2600000e+01  -3.0122981e+01  -4.5387627e+01
   9.2700000e+01  -6.1122981e+01  -2.4147627e+01
   9.2800000e+01   6.8877019e+01   2.6523727e+00
   9.2900000e+01  -2.9122981e+01   1.3257237e+02
   9.3000000e+01  -2.3122981e+01  -2.0667627e+01
   9.3100000e+01  -2.7122981e+01   2.7492373e+01
   9.3200000e+01   3.2877019e+01  -3.9907627e+01
   9.3300000e+01   8.8770186e+00  -3.7947627e+01
   9.3400000e+01  -4.4122981e+01  -8.2762733e-01
   9.3500000e+01  -1.8122981e+01  -2.5867627e+01
   9.3600000e+01   5.8770186e+00   1.2172373e+01
   9.3700000e+01   6.2877019e+01  -1.0762733e-01
   9.3800000e+01  -2.0122981e+01   3.2123727e+00
   9.3900000e+01  -3.4122981e+01  -2.2762733e-01
   9.4000000e+01  -4.4122981e+01  -2.0827627e+01
   9.4100000e+01   1.0087702e+02   2.0372373e+01
   9.4200000e+01  -5.4122981e+01   6.5723727e+00
   9.4300000e+01   4.8770186e+00   1.4212373e+01
   9.4400000e+01  -1.6122981e+01   3.1052373e+01
   9.4500000e+01  -4.0122981e+01   8.5012373e+01
   9.4600000e+01   3.8877019e+01  -2.2147627e+01
   9.4700000e+01   3.1877019e+01  -5.7867627e+01
   9.4800000e+01   2.3877019e+01  -4.2547627e+01
   9.4900000e+01   1.8770186e+00  -1.5667627e+01
   9.5000000e+01   7.9877019e+01  -1.6787627e+01
   9.5100000e+01  -1.2122981e+01  -1.9107627e+01
   9.5200000e+01  -4.1122981e+01   1.0052373e+01
   9.5300000e+01  -9.2122981e+01   2.0092373e+01
   9.5400000e+01   3.8877019e+01   8.8523727e+00
   9.5500000e+01  -7.1122981e+01   1.6252373e+01
   9.5600000e+01  -2.8122981e+01  -1.7467627e+01
   9.5700000e+01  -7.1229814e+00   4.7692373e+01
   9.5800000e+01  -8.4122981e+01   3.6772373e+01
   9.5900000e+01  -8.1229814e+00  -1.9267627e+01
   9.6000000e+01  -1.0012298e+02   3.9412373e+01
   9.6100000e+01   2.8770186e+00  -2.6707627e+01
   9.6200000e+01   1.0087702e+02  -6.6276273e+00
   9.6300000e+01   4.8770186e+00   3.2123727e+00
   9.6400000e+01   9.8770186e+00   7.0123727e+00
   9.6500000e+01  -4.9122981e+01  -2.4627627e+01
   9.6600000e+01   2.8770186e+00   1.1292373e+01
   9.6700000e+01   1.7787702e+02  -3.3707627e+01
   9.6800000e+01   4.5877019e+01  -2.0427627e+01
   9.6900000e+01   1.0787702e+02   1.2092373e+01
   9.7000000e+01  -4.0122981e+01  -3.1987627e+01
   9.7100000e+01  -9.2122981e+01  -4.2907627e+01
   9.7200000e+01  -6.1229814e+00   3.7652373e+01
   9.7300000e+01   6.8877019e+01  -2.1347627e+01
   9.7400000e+01  -2.8122981e+01   1.1532373e+01
   9.7500000e+01   3.3877019e+01  -2.8947627e+01
   9.7600000e+01  -1.2512298e+02  -3.6587627e+01
   9.7700000e+01   8.7877019e+01   2.6892373e+01
   9.7800000e+01  -6.0122981e+01   2.5812373e+01
   9.7900000e+01  -4.7122981e+01  -3.5707627e+01
   9.8000000e+01   2.5877019e+01   2.0372373e+01
   9.8100000e+01   1.9877019e+01  -2.6387627e+01
   9.8200000e+01   1.1687702e+02  -2.2676273e+00
   9.8300000e+01   1.5287702e+02   2.8292373e+01
   9.8400000e+01   7.2877019e+01   1.6492373e+01
   9.8500000e+01  -1.8122981e+01  -5.6867627e+01
   9.8600000e+01  -1.1912298e+02   6.1723727e+00
   9.8700000e+01  -1.1312298e+02   1.2932373e+01
   9.8800000e+01   1.0877019e+01   9.9723727e+00
   9.8900000e+01  -2.8122981e+01   2.7532373e+01
   9.9000000e+01   5.1877019e+01   8.3323727e+00
   9.9100000e+01  -7.4122981e+01   2.0372373e+01
   9.9200000e+01   1.4287702e+02  -9.3076273e+00
   9.9300000e+01  -1.6122981e+01   1.1052373e+01
   9.9400000e+01   6.1877019e+01   7.9323727e+00
   9.9500000e+01  -1.1612298e+02  -2.4947627e+01
   9.9600000e+01  -1.0412298e+02  -4.0427627e+01
   9.9700000e+01  -5.2122981e+01   5.4923727e+00
   9.9800000e+01  -5.2122981e+01   2.4923727e+00
   9.9900000e+01  -4.4122981e+01  -7.8276273e+00
   1.0000000e+02  -1.2312298e+02   5.9332373e+01
   1.0010000e+02   4.5877019e+01   2.7572373e+01
   1.0020000e+02  -3.2122981e+01   3.0692373e+01
   1.0030000e+02  -4.2122981e+01  -3.5907627e+01
   1.0040000e+02   1.0887702e+02   5.7052373e+01
   1.0050000e+02   6.1877019e+01   2.2932373e+01
   1.0060000e+02  -7.0122981e+01  -1.9787627e+01
   1.0070000e+02   4.4877019e+01   5.4612373e+01
   1.0080000e+02  -5.6122981e+01   1.1652373e+01
   1.0090000e+02   7.8770186e+00  -5.9076273e+00
   1.0100000e+02  -1.2122981e+01   3.0892373e+01
   1.0110000e+02  -2.1229814e+00  -1.0507627e+01
   1.0120000e+02  -4.7122981e+01  -1.8707627e+01
   1.0130000e+02  -3.1229814e+00   3.6532373e+01
   1.0140000e+02  -1.8122981e+01   2.5132373e+01
   1.0150000e+02  -1.5122981e+01   7.3012373e+01
   1.0160000e+02  -4.7122981e+01  -7.0762733e-01
   1.0170000e+02  -1.0512298e+02   2.5612373e+01
   1.0180000e+02   5.2877019e+01  -1.6707627e+01
   1.0190000e+02   9.8770186e+00   3.0123727e+00
   1.0200000e+02  -2.3122981e+01  -1.3667627e+01
   1.0210000e+02   2.9877019e+01  -2.6787627e+01
   1.0220000e+02  -1.1229814e+00  -1.3547627e+01
   1.0230000e+02   3.6877019e+01  -2.0676273e+00
   1.0240000e+02   4.8770186e+00   9.2123727e+00
   1.0250000e+02  -1.0212298e+02   2.2492373e+01
   1.0260000e+02  -3.0122981e+01   7.6123727e+00
   1.0270000e+02  -4.0122981e+01  -3.6987627e+01
   1.0280000e+02  -5.6122981e+01   6.6523727e+00
   1.0290000e+02  -8.2122981e+01  -6.1307627e+01
   1.0300000e+02  -2.8122981e+01  -2.3467627e+01
   1.0310000e+02  -9.3122981e+01  -1.2867627e+01
   1.0320000e+02   1.2087702e+02   3.2572373e+01
   1.0330000e+02  -1.6122981e+01  -3.3947627e+01
   1.0340000e+02  -1.5122981e+01  -2.8987627e+01
   1.0350000e+02  -6.3122981e+01   2.2932373e+01
   1.0360000e+02  -6.6122981e+01  -6.6947627e+01
   1.0370000e+02   3.8877019e+01  -4.3147627e+01
   1.0380000e+02   8.0877019e+01  -3.1827627e+01
   1.0390000e+02   6.8877019e+01  -3.3347627e+01
   1.0400000e+02  -8.5122981e+01   5.0812373e+01
   1.0410000e+02  -3.1229814e+00  -4.6762733e-01
   1.0420000e+02  -2.6122981e+01  -2.5476273e+00
   1.0430000e+02  -8.0122981e+01  -2.3387627e+01
   1.0440000e+02  -8.5122981e+01   1.2812373e+01
   1.0450000e+02  -4.5122981e+01  -2.0787627e+01
   1.0460000e+02  -9.5122981e+01   5.5212373e+01
   1.0470000e+02   5.1877019e+01  -5.4667627e+01
   1.0480000e+02   8.8770186e+00   2.6052373e+01
   1.0490000e+02  -2.9122981e+01  -4.3427627e+01
   1.0500000e+02  -4.6122981e+01   2.8252373e+01
   1.0510000e+02   2.5877019e+01   8.0372373e+01
   1.0520000e+02  -2.5122981e+01  -2.8587627e+01
   1.0530000e+02   1.1877019e+01  -2.8067627e+01
   1.0540000e+02  -1.4122981e+01  -1.7027627e+01
   1.0550000e+02  -6.2122981e+01  -9.1076273e+00
   1.0560000e+02  -9.7122981e+01  -7.7076273e+00
   1.0570000e+02  -4.4122981e+01   1.4172373e+01
   1.0580000e+02  -6.5122981e+01  -2.5987627e+01
   1.0590000e+02  -1.0412298e+02   2.3572373e+01
   1.0600000e+02  -4.0122981e+01  -2.4987627e+01
   1.0610000e+02   8.3877019e+01   1.8052373e+01
   1.0620000e+02  -3.9122981e+01  -1.7027627e+01
   1.0630000e+02  -5.5122981e+01  -3.5387627e+01
   1.0640000e+02  -4.1229814e+00   7.0572373e+01
   1.0650000e+02  -8.2122981e+01  -3.3076273e+00
   1.0660000e+02   1.1877019e+01   3.3932373e+01
   1.0670000e+02  -6.5122981e+01   2.6012373e+01
   1.0680000e+02  -6.6122981e+01  -3.9476273e+00
   1.0690000e+02  -7.1229814e+00   1.8692373e+01
   1.0700000e+02  -1.1122981e+01  -6.1476273e+00
   1.0710000e+02  -5.2122981e+01   1.8492373e+01
   1.0720000e+02   5.2877019e+01   2.2923727e+00
   1.0730000e+02  -4.2122981e+01   2.6092373e+01
   1.0740000e+02  -7.7122981e+01  -4.0507627e+01
   1.0750000e+02  -5.1229814e+00   1.1461237e+02
   1.0760000e+02  -1.1212298e+02  -2.9107627e+01
   1.0770000e+02  -1.4122981e+01   9.7237267e-01
   1.0780000e+02   1.9877019e+01   2.0612373e+01
   1.0790000e+02   7.6877019e+01   1.3323727e+00
   1.0800000e+02  -6.2122981e+01   3.3892373e+01
   1.0810000e+02   1.8770186e+00   6.3323727e+00
   1.0820000e+02  -1.1122981e+01   1.2852373e+01
   1.0830000e+02  -6.1229814e+00  -2.8347627e+01
   1.0840000e+02  -2.4122981e+01  -2.5627627e+01
   1.0850000e+02  -3.5122981e+01  -2.4187627e+01
   1.0860000e+02   4.4877019e+01   4.6123727e+00
   1.0870000e+02   7.1877019e+01  -4.0467627e+01
   1.0880000e+02   7.1877019e+01   3.1532373e+01
   1.0890000e+02  -1.2412298e+02  -3.0627627e+01
   1.0900000e+02   5.0877019e+01  -1.6627627e+01
   1.0910000e+02  -3.0122981e+01   7.7612373e+01
   1.0920000e+02  -3.1122981e+01   3.3652373e+01
   1.0930000e+02   6.5877019e+01  -4.2276273e+00
   1.0940000e+02  -3.1122981e+01   1.6523727e+00
   1.0950000e+02  -5.1229814e+00  -1.8387627e+01
   1.0960000e+02  -4.5122981e+01   8.0212373e+01
   1.0970000e+02  -1.1122981e+01   3.0852373e+01
   1.0980000e+02  -3.3122981e+01   1.8732373e+01
   1.0990000e+02   1.1877019e+01   1.9323727e+00
   1.1000000e+02  -3.3122981e+01  -2.8267627e+01
   1.1010000e+02  -6.1122981e+01  -3.2147627e+01
   1.1020000e+02   1.0877019e+01  -2.6027627e+01
   1.1030000e+02   2.8877019e+01   1.9252373e+01
   1.1040000e+02   6.1877019e+01   2.1932373e+01
   1.1050000e+02  -6.5122981e+01   2.0123727e+00
   1.1060000e+02   2.5877019e+01  -1.4627627e+01
   1.1070000e+02  -3.1229814e+00  -3.2467627e+01
   1.1080000e+02   5.4877019e+01   6.2212373e+01
   1.1090000e+02   3.4877019e+01   4.6012373e+01
   1.1100000e+02  -2.6122981e+01   3.9452373e+01
   1.1110000e+02   6.8770186e+00   3.7132373e+01
   1.1120000e+02  -4.2122981e+01  -9.0762733e-01
   1.1130000e+02  -7.4122981e+01   2.8372373e+01
   1.1140000e+02  -3.9122981e+01   2.8972373e+01
   1.1150000e+02   4.0877019e+01   6.4772373e+01
   1.1160000e+02   4.2877019e+01  -1.8307627e+01
   1.1170000e+02  -9.1229814e+00   7.7237267e-01
   1.1180000e+02   6.4877019e+01   8.8123727e+00
   1.1190000e+02  -3.4122981e+01  -1.0227627e+01
   1.1200000e+02  -8.8122981e+01   6.9323727e+00
   1.1210000e+02   7.8877019e+01   3.4252373e+01
   1.1220000e+02   7.2877019e+01   1.0492373e+01
   1.1230000e+02  -8.3122981e+01   1.5732373e+01
   1.1240000e+02   4.6877019e+01   6.3532373e+01
   1.1250000e+02   2.9877019e+01   4.1212373e+01
   1.1260000e+02   9.1877019e+01  -8.2676273e+00
   1.1270000e+02  -6.3122981e+01   5.1932373e+01
   1.1280000e+02  -5.2122981e+01   3.9492373e+01
   1.1290000e+02  -3.5122981e+01   1.7812373e+01
   1.1300000e+02  -8.7122981e+01   1.8892373e+01
   1.1310000e+02  -1.1229814e+00   1.9452373e+01
   1.1320000e+02  -5.1229814e+00  -6.2387627e+01
   1.1330000e+02   2.7877019e+01   4.7292373e+01
   1.1340000e+02   2.1877019e+01   1.6532373e+01
   1.1350000e+02   6.5877019e+01   3.2772373e+01
   1.1360000e+02  -4.0122981e+01   1.0123727e+00
   1.1370000e+02  -4.1229814e+00  -1.2427627e+01
   1.1380000e+02  -9.0122981e+01  -2.6987627e+01
   1.1390000e+02  -1.6122981e+01   3.9052373e+01
   1.1400000e+02  -7.9122981e+01  -2.5427627e+01
   1.1410000e+02   4.4877019e+01  -9.3876273e+00
   1.1420000e+02   3.8770186e+00  -1.2747627e+01
   1.1430000e+02   1.9877019e+01   2.5612373e+01
   1.1440000e+02   3.8770186e+00   5.3252373e+01
   1.1450000e+02   2.7877019e+01   6.2923727e+00
   1.1460000e+02  -1.1229814e+00  -1.5547627e+01
   1.1470000e+02  -3.1122981e+01   3.8652373e+01
   1.1480000e+02   8.7701863e-01   8.3723727e+00
   1.1490000e+02  -3.6122981e+01  -5.1147627e+01
   1.1500000e+02  -1.7122981e+01  -2.9907627e+01
   1.1510000e+02   8.1877019e+01  -1.4867627e+01
   1.1520000e+02  -7.1229814e+00   4.3692373e+01
   1.1530000e+02   5.2877019e+01   3.4292373e+01
   1.1540000e+02  -9.4122981e+01   1.1723727e+00
   1.1550000e+02  -4.9122981e+01   5.0372373e+01
   1.1560000e+02   1.3187702e+02   6.1323727e+00
   1.1570000e+02  -5.4122981e+01  -4.1427627e+01
   1.1580000e+02   2.5877019e+01   7.3723727e+00
   1.1590000e+02  -4.1122981e+01   2.1052373e+01
   1.1600000e+02  -8.1229814e+00   1.2732373e+01
   1.1610000e+02  -7.1229814e+00   5.1692373e+01
   1.1620000e+02  -1.6122981e+01   6.8052373e+01
   1.1630000e+02  -5.4122981e+01   3.1572373e+01
   1.1640000e+02  -6.1122981e+01   2.8852373e+01
   1.1650000e+02   1.6877019e+01  -3.4267627e+01
   1.1660000e+02   4.2877019e+01   6.9237267e-01
   1.1670000e+02  -5.7122981e+01  -8.3076273e+00
   1.1680000e+02  -6.1229814e+00   7.6523727e+00
   1.1690000e+02   9.8770186e+00  -1.8987627e+01
   1.1700000e+02  -7.2122981e+01  -2.8707627e+01
   1.1710000e+02   3.8770186e+00  -5.7476273e+00
   1.1720000e+02  -3.2122981e+01   2.2692373e+01
   1.1730000e+02  -6.3122981e+01  -1.0067627e+01
   1.1740000e+02   7.8877019e+01   1.3252373e+01
   1.1750000e+02   6.2877019e+01  -2.7107627e+01
   1.1760000e+02  -8.1229814e+00  -5.2676273e+00
   1.1770000e+02   7.6877019e+01   8.3323727e+00
   1.1780000e+02  -7.9122981e+01  -4.1427627e+01
   1.1790000e+02   3.2877019e+01  -1.1907627e+01
   1.1800000e+02   2.8877019e+01  -1.8747627e+01
   1.1810000e+02   1.4987702e+02   7.4123727e+00
   1.1820000e+02  -2.4122981e+01  -2.9627627e+01
   1.1830000e+02   4.7877019e+01   2.2492373e+01
   1.1840000e+02   6.1877019e+01   4.9932373e+01
   1.1850000e+02  -5.5122981e+01  -2.1387627e+01
   1.1860000e+02   3.8877019e+01   1.3852373e+01
   1.1870000e+02  -3.5122981e+01  -2.9187627e+01
   1.1880000e+02  -4.5122981e+01   2.2123727e+00
   1.1890000e+02  -8.6122981e+01  -1.8147627e+01
   1.1900000e+02   8.9877019e+01   3.1812373e+01
   1.1910000e+02   1.2877019e+01  -4.2107627e+01
   1.1920000e+02  -7.7122981e+01  -3.2507627e+01
   1.1930000e+02  -3.0122981e+01   3.2612373e+01
   1.1940000e+02   1.8770186e+00   5.5332373e+01
   1.1950000e+02   4.8877019e+01  -1.9547627e+01
   1.1960000e+02   8.5877019e+01  -1.2027627e+01
   1.1970000e+02  -2.8122981e+01  -9.4676273e+00
   1.1980000e+02   2.8770186e+00   6.4292373e+01
   1.1990000e+02   6.9877019e+01  -5.1387627e+01
   1.2000000e+02   3.1877019e+01   4.5132373e+01
   1.2010000e+02   5.7877019e+01   1.1092373e+01
   1.2020000e+02  -5.2122981e+01   3.1492373e+01
   1.2030000e+02  -8.0122981e+01   9.3612373e+01
   1.2040000e+02   1.0087702e+02   1.3723727e+00
   1.2050000e+02   1.8877019e+01   2.2652373e+01
   1.2060000e+02  -3.4122981e+01  -1.8227627e+01
   1.2070000e+02  -4.2122981e+01   3.6092373e+01
   1.2080000e+02  -4.5122981e+01  -2.6787627e+01
   1.2090000e+02   3.6877019e+01  -2.2067627e+01
   1.2100000e+02   4.2877019e+01   6.6923727e+00
   1.2110000e+02   3.7877019e+01   1.0892373e+01
   1.2120000e+02  -4.2122981e+01   4.4092373e+01
   1.2130000e+02  -4.8122981e+01   6.0332373e+01
   1.2140000e+02  -4.4122981e+01   1.6172373e+01
   1.2150000e+02  -1.0512298e+02   3.6123727e+00
   1.2160000e+02   1.2487702e+02  -3.3587627e+01
   1.2170000e+02   4.5877019e+01  -9.4276273e+00
   1.2180000e+02  -3.1229814e+00   5.3237267e-01
   1.2190000e+02  -2.5122981e+01   4.8412373e+01
   1.2200000e+02   4.9877019e+01  -3.7587627e+01
   1.2210000e+02   2.2877019e+01   1.4492373e+01
   1.2220000e+02  -8.8122981e+01   1.9932373e+01
   1.2230000e+02   1.9877019e+01  -2.3876273e+00
   1.2240000e+02   7.8770186e+00  -9.9076273e+00
   1.2250000e+02  -1.0122981e+01  -1.4187627e+01
   1.2260000e+02   5.4877019e+01   6.2123727e+00
   1.2270000e+02   1.4877019e+01   1.0381237e+02
   1.2280000e+02  -6.4122981e+01  -3.8027627e+01
   1.2290000e+02   8.8770186e+00   9.3052373e+01
   1.2300000e+02  -8.4122981e+01  -2.2276273e+00
   1.2310000e+02   4.2877019e+01  -1.2307627e+01
   1.2320000e+02  -2.7122981e+01   7.3492373e+01
   1.2330000e+02   3.5877019e+01  -3.2027627e+01
   1.2340000e+02   2.8877019e+01   3.8252373e+01
   1.2350000e+02   3.4877019e+01   6.0123727e+00
   1.2360000e+02   8.6877019e+01  -3.3067627e+01
   1.2370000e+02  -4.1229814e+00  -7.4276273e+00
   1.2380000e+02   8.5877019e+01   1.1972373e+01
   1.2390000e+02   7.1877019e+01  -1.1467627e+01
   1.2400000e+02   4.3877019e+01  -6.4347627e+01
   1.2410000e+02  -4.6122981e+01  -3.7476273e+00
   1.2420000e+02   3.8770186e+00  -4.5747627e+01
   1.2430000e+02   4.7877019e+01   3.2492373e+01
   1.2440000e+02   6.8770186e+00  -8.8676273e+00
   1.2450000e+02   3.9877019e+01   2.5812373e+01
   1.2460000e+02   3.3877019e+01  -2.5947627e+01
   1.2470000e+02   1.9487702e+02  -5.7387627e+01
   1.2480000e+02  -4.7122981e+01   4.5292373e+01
   1.2490000e+02   4.4877019e+01   8.6612373e+01
   1.2500000e+02   4.5877019e+01   6.2572373e+01
   1.2510000e+02   4.5877019e+01  -7.4276273e+00
   1.2520000e+02  -6.2122981e+01   2.4892373e+01
   1.2530000e+02   4.5877019e+01   1.2257237e+02
   1.2540000e+02  -1.2122981e+01   4.4892373e+01
   1.2550000e+02  -6.5122981e+01   3.1012373e+01
   1.2560000e+02   3.6877019e+01  -8.0676273e+00
   1.2570000e+02  -6.0122981e+01  -4.7187627e+01
   1.2580000e+02   6.1877019e+01   2.3932373e+01
   1.2590000e+02   8.6877019e+01   4.3932373e+01
   1.2600000e+02  -1.5122981e+01   3.3012373e+01
   1.2610000e+02   3.8770186e+00  -4.2747627e+01
   1.2620000e+02  -3.2122981e+01   4.1692373e+01
   1.2630000e+02   3.6877019e+01  -2.9067627e+01
   1.2640000e+02   2.4877019e+01  -8.7587627e+01
   1.2650000e+02  -6.0122981e+01  -1.3187627e+01
   1.2660000e+02  -8.1229814e+00   1.4732373e+01
   1.2670000e+02  -4.0122981e+01   2.6012373e+01
   1.2680000e+02  -3.8122981e+01  -1.4067627e+01
   1.2690000e+02   1.3587702e+02   7.3972373e+01
   1.2700000e+02  -2.5122981e+01   4.4123727e+00
   1.2710000e+02   4.8770186e+00  -9.7876273e+00
   1.2720000e+02   2.4877019e+01   4.1237267e-01
   1.2730000e+02   9.1877019e+01   3.5732373e+01
   1.2740000e+02  -5.2122981e+01  -1.9507627e+01
   1.2750000e+02  -8.8122981e+01   5.2932373e+01
   1.2760000e+02   5.5877019e+01  -1.8827627e+01
   1.2770000e+02   4.6877019e+01  -3.2467627e+01
   1.2780000e+02   8.6877019e+01   2.6932373e+01
   1.2790000e+02  -5.5122981e+01   1.6123727e+00
   1.2800000e+02   5.3877019e+01  -8.7476273e+00
   1.2810000e+02  -1.6122981e+01   7.0523727e+00
   1.2820000e+02   5.5877019e+01  -4.7827627e+01
   1.2830000e+02  -3.1122981e+01   1.2652373e+01
   1.2840000e+02  -5.1229814e+00   5.9612373e+01
   1.2850000e+02  -2.3122981e+01   6.0332373e+01
   1.2860000e+02  -5.4122981e+01   2.5723727e+00
   1.2870000e+02  -1.5122981e+01   5.0123727e+00
   1.2880000e+02   4.8877019e+01  -1.8547627e+01
   1.2890000e+02   5.3877019e+01  -1.2747627e+01
   1.2900000e+02   5.2877019e+01  -3.8707627e+01
   1.2910000e+02   9.1877019e+01  -9.2676273e+00
   1.2920000e+02  -1.0112298e+02  -1.3547627e+01
   1.2930000e+02  -3.3122981e+01  -4.2676273e+00
   1.2940000e+02  -1.0122981e+01  -5.4187627e+01
   1.2950000e+02   6.9877019e+01  -6.2387627e+01
   1.2960000e+02   7.2877019e+01  -3.2507627e+01
   1.2970000e+02   1.5877019e+01  -5.1227627e+01
   1.2980000e+02  -1.9122981e+01  -4.3827627e+01
   1.2990000e+02  -2.1122981e+01  -4.8747627e+01
   1.3000000e+02  -5.4122981e+01  -3.3427627e+01
   1.3010000e+02  -8.4122981e+01   1.5772373e+01
   1.3020000e+02  -6.0122981e+01   2.8123727e+00
   1.3030000e+02  -1.7122981e+01   1.8092373e+01
   1.3040000e+02   2.0287702e+02  -1.8707627e+01
   1.3050000e+02   7.2877019e+01  -3.3507627e+01
   1.3060000e+02  -7.3122981e+01  -7.6676273e+00
   1.3070000e+02  -3.3122981e+01  -5.2676273e+00
   1.3080000e+02   1.6877019e+01   8.7732373e+01
   1.3090000e+02   5.9877019e+01  -4.2987627e+01
   1.3100000e+02  -4.8122981e+01   3.9332373e+01
   1.3110000e+02   1.4877019e+01  -2.0187627e+01
   1.3120000e+02   4.6877019e+01   1.1532373e+01
   1.3130000e+02   1.2487702e+02  -2.5876273e+00
   1.3140000e+02  -1.3122981e+01  -3.4067627e+01
   1.3150000e+02  -7.0122981e+01  -5.5787627e+01
   1.3160000e+02  -1.2112298e+02  -4.6747627e+01
   1.3170000e+02   8.8770186e+00  -2.5947627e+01
   1.3180000e+02   5.3877019e+01  -4.1747627e+01
   1.3190000e+02  -5.4122981e+01  -2.7427627e+01
   1.3200000e+02  -4.9122981e+01  -5.9627627e+01
   1.3210000e+02  -3.2122981e+01  -1.4307627e+01
   1.3220000e+02   2.9877019e+01  -3.4787627e+01
   1.3230000e+02   4.8770186e+00  -4.0787627e+01
   1.3240000e+02  -7.1122981e+01  -4.9747627e+01
   1.3250000e+02  -7.1229814e+00   1.4692373e+01
   1.3260000e+02   5.1877019e+01  -3.6676273e+00
   1.3270000e+02  -6.1229814e+00   1.6523727e+00
   1.3280000e+02  -7.1122981e+01   2.2523727e+00
   1.3290000e+02  -5.5122981e+01  -1.5387627e+01
   1.3300000e+02   2.6877019e+01  -4.2667627e+01
   1.3310000e+02  -2.6122981e+01   1.3452373e+01
   1.3320000e+02  -2.2122981e+01  -2.3707627e+01
   1.3330000e+02  -1.8122981e+01  -2.6867627e+01
   1.3340000e+02  -2.9122981e+01   7.5723727e+00
   1.3350000e+02  -1.8122981e+01   1.0132373e+01
   1.3360000e+02   3.1877019e+01  -5.0867627e+01
   1.3370000e+02  -2.2122981e+01   1.6292373e+01
   1.3380000e+02  -4.6122981e+01   7.2252373e+01
   1.3390000e+02  -2.0122981e+01  -5.7787627e+01
   1.3400000e+02   7.6877019e+01  -4.6667627e+01
   1.3410000e+02  -1.2122981e+01  -2.0107627e+01
   1.3420000e+02   1.7087702e+02  -2.9427627e+01
   1.3430000e+02   8.0877019e+01   5.5172373e+01
   1.3440000e+02   1.3877019e+01  -4.5147627e+01
   1.3450000e+02  -4.2122981e+01   1.9092373e+01
   1.3460000e+02  -4.1122981e+01  -2.3947627e+01
   1.3470000e+02  -3.3122981e+01  -2.2676273e+00
   1.3480000e+02  -8.9122981e+01  -2.0276273e+00
   1.3490000e+02   3.6877019e+01  -2.7067627e+01
   1.3500000e+02   6.2877019e+01  -1.2107627e+01
   1.3510000e+02  -4.1122981e+01  -9.4762733e-01
   1.3520000e+02  -9.8122981e+01   3.1332373e+01
   1.3530000e+02  -4.7122981e+01   5.2923727e+00
   1.3540000e+02  -7.1122981e+01  -4.6747627e+01
   1.3550000e+02   3.7877019e+01   1.3892373e+01
   1.3560000e+02  -6.5122981e+01  -4.9876273e+00
   1.3570000e+02  -1.2212298e+02  -2.8707627e+01
   1.3580000e+02  -5.5122981e+01  -3.4387627e+01
   1.3590000e+02  -6.2122981e+01   6.2892373e+01
   1.3600000e+02  -7.6122981e+01  -6.5476273e+00
   1.3610000e+02  -2.9122981e+01   2.5723727e+00
   1.3620000e+02  -3.1122981e+01  -7.3476273e+00
   1.3630000e+02   1.8770186e+00   5.3323727e+00
   1.3640000e+02   8.7701863e-01  -5.1627627e+01
   1.3650000e+02   5.8770186e+00  -2.7827627e+01
   1.3660000e+02  -5.5122981e+01  -2.0387627e+01
   1.3670000e+02   3.1877019e+01   2.7132373e+01
   1.3680000e+02   1.8770186e+00   1.5332373e+01
   1.3690000e+02  -8.1229814e+00   2.2732373e+01
   1.3700000e+02  -6.1229814e+00  -2.2347627e+01
   1.3710000e+02  -2.7122981e+01   1.8492373e+01
   1.3720000e+02   4.8877019e+01  -4.2547627e+01
   1.3730000e+02  -3.6122981e+01  -5.2147627e+01
   1.3740000e+02   5.1877019e+01  -3.7667627e+01
   1.3750000e+02  -1.5122981e+01   9.8012373e+01
   1.3760000e+02   1.5877019e+01   8.7723727e+00
   1.3770000e+02   1.1587702e+02   2.7772373e+01
   1.3780000e+02   1.0877019e+01  -1.1027627e+01
   1.3790000e+02  -1.2122981e+01   1.7892373e+01
   1.3800000e+02   1.1587702e+02  -1.6227627e+01
   1.3810000e+02   1.5587702e+02  -1.7827627e+01
   1.3820000e+02   9.4877019e+01  -4.8387627e+01
   1.3830000e+02   1.8877019e+01  -1.8347627e+01
   1.3840000e+02   1.1687702e+02   3.4732373e+01
   1.3850000e+02  -7.1229814e+00   7.8692373e+01
   1.3860000e+02   1.3877019e+01   7.5852373e+01
   1.3870000e+02   4.8770186e+00  -1.1787627e+01
   1.3880000e+02   5.8770186e+00  -4.8276273e+00
   1.3890000e+02  -4.2122981e+01  -1.9076273e+00
   1.3900000e+02   2.5877019e+01  -1.5627627e+01
   1.3910000e+02   9.8770186e+00  -1.9987627e+01
   1.3920000e+02  -3.8122981e+01  -5.0067627e+01
   1.3930000e+02   2.5877019e+01  -7.6276273e+00
   1.3940000e+02   1.8770186e+00   8.3323727e+00
   1.3950000e+02  -1.4122981e+01  -6.2027627e+01
   1.3960000e+02   5.7877019e+01   3.8092373e+01
   1.3970000e+02  -2.2122981e+01  -2.7076273e+00
   1.3980000e+02  -4.0122981e+01   4.0123727e+00
   1.3990000e+02  -2.8122981e+01  -3.2467627e+01
   1.4000000e+02   5.0877019e+01  -1.0627627e+01
   1.4010000e+02  -1.8122981e+01  -8.6762733e-01
   1.4020000e+02   9.8770186e+00   3.0123727e+00
   1.4030000e+02  -4.2122981e+01  -3.0907627e+01
   1.4040000e+02   1.0877019e+01  -6.6027627e+01
   1.4050000e+02  -3.2122981e+01  -3.9307627e+01
   1.4060000e+02   5.9877019e+01   1.4012373e+01
   1.4070000e+02   1.8770186e+00  -3.3667627e+01
   1.4080000e+02   6.3877019e+01  -3.7147627e+01
   1.4090000e+02  -4.1229814e+00  -1.2427627e+01
   1.4100000e+02   2.6877019e+01  -2.6667627e+01
   1.4110000e+02  -3.1122981e+01  -1.7347627e+01
   1.4120000e+02  -6.8122981e+01   6.4132373e+01
   1.4130000e+02  -3.9122981e+01  -9.0276273e+00
   1.4140000e+02   6.8770186e+00  -1.8867627e+01
   1.4150000e+02   1.6877019e+01  -3.0267627e+01
   1.4160000e+02  -7.4122981e+01  -2.3627627e+01
   1.4170000e+02  -1.1229814e+00  -2.2547627e+01
   1.4180000e+02   2.8770186e+00  -3.7707627e+01
   1.4190000e+02   4.5877019e+01   6.5723727e+00
   1.4200000e+02  -4.2122981e+01   1.7092373e+01
   1.4210000e+02  -9.1229814e+00  -4.9227627e+01
   1.4220000e+02   1.0787702e+02  -2.2907627e+01
   1.4230000e+02   3.0877019e+01  -3.6827627e+01
   1.4240000e+02  -1.9122981e+01  -6.8276273e+00
   1.4250000e+02  -6.1122981e+01   2.4852373e+01
   1.4260000e+02  -1.0122981e+01  -2.7187627e+01
   1.4270000e+02  -2.1229814e+00   2.6492373e+01
   1.4280000e+02   1.2987702e+02   6.2123727e+00
   1.4290000e+02  -3.2122981e+01  -4.0307627e+01
   1.4300000e+02  -9.2122981e+01   7.0923727e+00
   1.4310000e+02   9.5877019e+01  -3.0427627e+01
   1.4320000e+02   6.8770186e+00   1.4132373e+01
   1.4330000e+02  -5.7122981e+01  -2.7307627e+01
   1.4340000e+02  -1.8122981e+01  -1.0686763e+02
   1.4350000e+02   2.0877019e+01  -3.2427627e+01
   1.4360000e+02  -1.4122981e+01  -4.9027627e+01
   1.4370000e+02  -7.1122981e+01  -2.0747627e+01
   1.4380000e+02  -9.1229814e+00   2.9772373e+01
   1.4390000e+02   1.4877019e+01  -7.6187627e+01
   1.4400000e+02  -7.4122981e+01   1.7372373e+01
   1.4410000e+02   1.7877019e+01  -6.3076273e+00
   1.4420000e+02   1.2587702e+02  -8.5627627e+01
   1.4430000e+02  -4.1122981e+01  -5.0947627e+01
   1.4440000e+02  -4.0122981e+01   2.0012373e+01
   1.4450000e+02   2.4877019e+01  -1.9587627e+01
   1.4460000e+02  -8.4122981e+01  -5.2276273e+00
   1.4470000e+02   5.2877019e+01  -6.8707627e+01
   1.4480000e+02  -6.1229814e+00   1.7652373e+01
   1.4490000e+02  -4.7122981e+01  -1.7076273e+00
   1.4500000e+02   2.7877019e+01  -5.5707627e+01
   1.4510000e+02   1.3787702e+02  -2.9107627e+01
   1.4520000e+02  -8.1229814e+00  -2.2676273e+00
   1.4530000e+02  -8.1229814e+00  -1.0267627e+01
   1.4540000e+02  -3.4122981e+01   4.8772373e+01
   1.4550000e+02  -5.1122981e+01   5.4523727e+00
   1.4560000e+02  -3.1229814e+00  -4.3467627e+01
   1.4570000e+02   8.8877019e+01   3.5852373e+01
   1.4580000e+02  -3.1229814e+00  -3.7467627e+01
   1.4590000e+02  -5.3122981e+01   1.8532373e+01
   1.4600000e+02  -6.4122981e+01  -1.0027627e+01
   1.4610000e+02  -2.3122981e+01  -3.8667627e+01
   1.4620000e+02  -1.5122981e+01   4.0012373e+01
   1.4630000e+02   5.5877019e+01   3.2172373e+01
   1.4640000e+02   1.4877019e+01  -2.0187627e+01
   1.4650000e+02   5.8770186e+00   4.8172373e+01
   1.4660000e+02  -3.8122981e+01  -3.5067627e+01
   1.4670000e+02  -9.1229814e+00  -1.8227627e+01
   1.4680000e+02  -2.9122981e+01  -1.1427627e+01
   1.4690000e+02  -8.1122981e+01   2.0652373e+01
   1.4700000e+02  -2.5122981e+01  -1.4587627e+01
   1.4710000e+02   8.8770186e+00  -3.9947627e+01
   1.4720000e+02   1.0987702e+02  -8.1987627e+01
   1.4730000e+02  -7.7122981e+01  -4.5507627e+01
   1.4740000e+02   2.9877019e+01  -4.8787627e+01
   1.4750000e+02   1.3087702e+02  -2.7827627e+01
   1.4760000e+02   1.1487702e+02  -3.1876273e+00
   1.4770000e+02  -1.0122981e+01  -5.9187627e+01
   1.4780000e+02  -1.2298137e-01  -3.5876273e+00
   1.4790000e+02   7.3877019e+01   1.3452373e+01
   1.4800000e+02  -4.0122981e+01   5.1012373e+01
   1.4810000e+02  -1.2122981e+01   4.3892373e+01
   1.4820000e+02   2.0877019e+01   5.7237267e-01
   1.4830000e+02   3.8770186e+00  -2.6747627e+01
   1.4840000e+02  -2.5122981e+01  -1.4587627e+01
   1.4850000e+02  -3.0122981e+01   7.6123727e+00
   1.4860000e+02   2.5877019e+01  -1.7627627e+01
   1.4870000e+02   1.7877019e+01   1.4692373e+01
   1.4880000e+02  -3.5122981e+01  -1.7187627e+01
   1.4890000e+02  -2.3122981e+01   7.3332373e+01
   1.4900000e+02   7.0877019e+01  -5.8427627e+01
   1.4910000e+02  -1.7122981e+01  -1.5907627e+01
   1.4920000e+02  -1.3212298e+02   1.1692373e+01
   1.4930000e+02  -4.7122981e+01  -4.2707627e+01
   1.4940000e+02  -2.5122981e+01  -2.2587627e+01
   1.4950000e+02  -3.3122981e+01   4.7323727e+00
   1.4960000e+02  -6.4122981e+01   6.9723727e+00
   1.4970000e+02  -3.0122981e+01   8.6123727e+00
   1.4980000e+02  -3.8122981e+01   6.1932373e+01
   1.4990000e+02   1.8877019e+01  -4.5347627e+01
   1.5000000e+02   1.0877019e+01  -3.0276273e+00
   1.5010000e+02  -3.5122981e+01  -5.1876273e+00
   1.5020000e+02  -7.2122981e+01  -2.4707627e+01
   1.5030000e+02   5.1877019e+01   8.2332373e+01
   1.5040000e+02  -9.5122981e+01  -2.1787627e+01
   1.5050000e+02   1.8877019e+01  -2.0347627e+01
   1.5060000e+02   4.8770186e+00   1.6212373e+01
   1.5070000e+02   4.0877019e+01  -1.6227627e+01
   1.5080000e+02  -5.8122981e+01  -2.0267627e+01
   1.5090000e+02   4.7877019e+01  -4.4507627e+01
   1.5100000e+02  -3.4122981e+01  -9.2276273e+00
   1.5110000e+02   1.6987702e+02  -1.7387627e+01
   1.5120000e+02  -5.1122981e+01   3.5452373e+01
   1.5130000e+02  -3.5122981e+01  -5.8187627e+01
   1.5140000e+02   5.5877019e+01  -3.8827627e+01
   1.5150000e+02  -5.0122981e+01  -5.0587627e+01
   1.5160000e+02   4.2877019e+01  -7.4307627e+01
   1.5170000e+02  -9.3122981e+01  -8.8676273e+00
   1.5180000e+02   2.5877019e+01   3.3723727e+00
   1.5190000e+02  -1.3122981e+01   1.9323727e+00
   1.5200000e+02  -1.2122981e+01  -2.2107627e+01
   1.5210000e+02   9.0877019e+01  -1.3227627e+01
   1.5220000e+02   6.8770186e+00  -4.8676273e+00
   1.5230000e+02   3.8770186e+00  -4.0747627e+01
   1.5240000e+02   2.8877019e+01  -4.7747627e+01
   1.5250000e+02  -8.8122981e+01  -2.5067627e+01
   1.5260000e+02   1.4087702e+02  -2.8227627e+01
   1.5270000e+02  -1.0112298e+02  -1.1547627e+01
   1.5280000e+02   5.5877019e+01  -4.6827627e+01
   1.5290000e+02   6.8770186e+00  -4.8676273e+00
   1.5300000e+02   4.8770186e+00  -1.3787627e+01
   1.5310000e+02   4.5877019e+01  -1.8427627e+01
   1.5320000e+02  -5.2122981e+01  -3.8507627e+01
   1.5330000e+02   5.1877019e+01  -3.6676273e+00
   1.5340000e+02   5.8877019e+01  -1.6947627e+01
   1.5350000e+02  -5.8122981e+01  -4.9267627e+01
   1.5360000e+02   1.1387702e+02   1.0852373e+01
   1.5370000e+02  -4.4122981e+01  -1.6827627e+01
   1.5380000e+02  -7.9122981e+01  -1.4276273e+00
   1.5390000e+02   1.8770186e+00  -1.8667627e+01
   1.5400000e+02  -4.3122981e+01  -8.6762733e-01
   1.5410000e+02   7.7877019e+01  -4.9707627e+01
   1.5420000e+02   8.0877019e+01  -1.7827627e+01
   1.5430000e+02   1.6877019e+01   7.7732373e+01
   1.5440000e+02  -4.1229814e+00   2.6572373e+01
   1.5450000e+02   8.7701863e-01  -2.7627627e+01
   1.5460000e+02   3.8770186e+00  -2.5747627e+01
   1.5470000e+02  -2.9122981e+01   3.1572373e+01
   1.5480000e+02   1.1287702e+02  -1.2107627e+01
   1.5490000e+02   3.1877019e+01   1.4132373e+01
   1.5500000e+02   6.4877019e+01   2.5812373e+01
   1.5510000e+02   4.8877019e+01  -1.5476273e+00
   1.5520000e+02  -1.2212298e+02  -2.7076273e+00
   1.5530000e+02  -9.0122981e+01  -8.9876273e+00
   1.5540000e+02  -6.0122981e+01   1.8123727e+00
   1.5550000e+02  -5.4122981e+01  -3.7427627e+01
   1.5560000e+02  -2.7122981e+01  -2.6507627e+01
   1.5570000e+02  -2.5122981e+01   6.4123727e+00
   1.5580000e+02  -3.9122981e+01   4.1972373e+01
   1.5590000e+02  -6.8122981e+01  -1.8867627e+01
   1.5600000e+02   2.8770186e+00  -6.7076273e+00
   1.5610000e+02   5.2877019e+01   1.7292373e+01
   1.5620000e+02  -1.8122981e+01   6.4132373e+01
   1.5630000e+02  -1.2298137e-01  -8.5587627e+01
   1.5640000e+02   2.7877019e+01  -6.4707627e+01
   1.5650000e+02  -2.2122981e+01  -3.6707627e+01
   1.5660000e+02  -5.3122981e+01  -1.3467627e+01
   1.5670000e+02   2.9877019e+01  -3.1787627e+01
   1.5680000e+02  -5.1229814e+00   6.1612373e+01
   1.5690000e+02   1.3787702e+02  -3.4107627e+01
   1.5700000e+02  -2.2122981e+01  -1.1707627e+01
   1.5710000e+02   5.7877019e+01  -3.0907627e+01
   1.5720000e+02  -6.3122981e+01  -4.0067627e+01
   1.5730000e+02   1.4387702e+02   1.2652373e+01
   1.5740000e+02   7.5877019e+01  -3.8627627e+01
   1.5750000e+02   4.3877019e+01  -3.1347627e+01
   1.5760000e+02   7.4877019e+01   2.4123727e+00
   1.5770000e+02  -1.2122981e+01  -5.6107627e+01
   1.5780000e+02  -7.2122981e+01   3.3292373e+01
   1.5790000e+02   6.1877019e+01  -6.4067627e+01
   1.5800000e+02  -7.9122981e+01  -2.8427627e+01
   1.5810000e+02   1.4877019e+01  -2.4187627e+01
   1.5820000e+02  -1.5122981e+01   1.5012373e+01
   1.5830000e+02   2.7877019e+01   3.2292373e+01
   1.5840000e+02  -1.4122981e+01   4.9972373e+01
   1.5850000e+02  -3.4122981e+01  -4.2227627e+01
   1.5860000e+02  -9.1229814e+00  -3.6227627e+01
   1.5870000e+02  -7.7122981e+01   5.2492373e+01
   1.5880000e+02   2.4877019e+01   2.2412373e+01
   1.5890000e+02   5.0877019e+01   1.8372373e+01
   1.5900000e+02   4.4877019e+01   6.1237267e-01
   1.5910000e+02   1.2287702e+02   1.9492373e+01
   1.5920000e+02  -4.1122981e+01   8.0523727e+00
   1.5930000e+02  -3.8122981e+01   3.1932373e+01
   1.5940000e+02   4.8877019e+01   3.5452373e+01
   1.5950000e+02   3.4877019e+01   2.6012373e+01
   1.5960000e+02   3.6877019e+01  -1.0067627e+01
   1.5970000e+02  -1.7122981e+01  -2.4907627e+01
   1.5980000e+02   4.2877019e+01  -2.3076273e+00
   1.5990000e+02  -3.4122981e+01   4.7723727e+00
   1.6000000e+02   5.1877019e+01  -2.4667627e+01
   1.6010000e+02   3.5877019e+01  -3.7027627e+01
   1.6020000e+02   4.5877019e+01   1.6572373e+01
   1.6030000e+02   9.8770186e+00   5.5012373e+01
   1.6040000e+02   2.5877019e+01   3.7372373e+01
   1.6050000e+02  -7.1229814e+00  -2.0307627e+01
   1.6060000e+02   6.7877019e+01   3.6692373e+01
   1.6070000e+02   1.3787702e+02  -1.4107627e+01
   1.6080000e+02  -5.1229814e+00   1.8612373e+01
   1.6090000e+02   4.9877019e+01   1.0041237e+02
   1.6100000e+02  -3.1122981e+01   5.7652373e+01
   1.6110000e+02  -3.0122981e+01   4.2612373e+01
   1.6120000e+02   6.8877019e+01  -1.2347627e+01
   1.6130000e+02  -8.4122981e+01   3.5772373e+01
   1.6140000e+02   8.3877019e+01  -7.9476273e+00
   1.6150000e+02   4.6877019e+01   9.5323727e+00
   1.6160000e+02  -1.7122981e+01   5.0923727e+00
   1.6170000e+02  -1.7122981e+01   8.0923727e+00
   1.6180000e+02  -6.7122981e+01   3.1092373e+01
   1.6190000e+02  -5.9122981e+01  -3.0227627e+01
   1.6200000e+02   1.1087702e+02  -2.0027627e+01
   1.6210000e+02  -1.4122981e+01  -2.7027627e+01
   1.6220000e+02  -1.1229814e+00  -1.2547627e+01
   1.6230000e+02  -8.5122981e+01   7.7812373e+01
   1.6240000e+02  -6.9122981e+01   9.1723727e+00
   1.6250000e+02  -3.5122981e+01  -2.0187627e+01
   1.6260000e+02   2.0877019e+01  -6.4276273e+00
   1.6270000e+02   7.5877019e+01   5.3723727e+00
   1.6280000e+02   9.8770186e+00   8.3012373e+01
   1.6290000e+02   6.6877019e+01   2.3732373e+01
   1.6300000e+02   3.6877019e+01   1.8932373e+01
   1.6310000e+02  -2.1229814e+00   6.4923727e+00
   1.6320000e+02   8.7877019e+01  -5.1076273e+00
   1.6330000e+02  -5.3122981e+01   7.4532373e+01
   1.6340000e+02   6.4877019e+01  -2.1876273e+00
   1.6350000e+02  -4.1122981e+01   2.5052373e+01
   1.6360000e+02   5.2877019e+01   6.0292373e+01
   1.6370000e+02   4.2877019e+01   2.4692373e+01
   1.6380000e+02  -1.4122981e+01  -7.0276273e+00
   1.6390000e+02   3.1877019e+01   3.7132373e+01
   1.6400000e+02   5.0877019e+01  -6.2762733e-01
   1.6410000e+02   2.0877019e+01  -1.4276273e+00
   1.6420000e+02  -3.8122981e+01  -1.2067627e+01
   1.6430000e+02   7.1877019e+01   1.5323727e+00
   1.6440000e+02   7.3877019e+01   2.8452373e+01
   1.6450000e+02  -9.1229814e+00  -1.2227627e+01
   1.6460000e+02   2.0877019e+01  -4.7427627e+01
   1.6470000e+02  -1.5122981e+01  -2.0987627e+01
   1.6480000e+02   6.9877019e+01   1.6123727e+00
   1.6490000e+02   1.8770186e+00  -2.5667627e+01
   1.6500000e+02  -5.2122981e+01  -2.9507627e+01
   1.6510000e+02   3.1877019e+01  -4.2867627e+01
   1.6520000e+02   7.4877019e+01   1.0041237e+02
   1.6530000e+02  -7.1229814e+00  -2.4307627e+01
   1.6540000e+02   4.1877019e+01  -3.2676273e+00
   1.6550000e+02  -2.2122981e+01   6.6292373e+01
   1.6560000e+02  -1.6122981e+01   6.5052373e+01
   1.6570000e+02  -8.8122981e+01   7.9323727e+00
   1.6580000e+02  -2.5122981e+01  -3.2587627e+01
   1.6590000e+02   4.4877019e+01   2.6612373e+01
   1.6600000e+02  -3.1229814e+00   1.3532373e+01
   1.6610000e+02   1.0387702e+02   3.5252373e+01
   1.6620000e+02  -2.9122981e+01  -2.9427627e+01
   1.6630000e+02   3.3877019e+01  -5.9476273e+00
   1.6640000e+02  -6.1229814e+00   2.1652373e+01
   1.6650000e+02   1.5877019e+01  -1.4227627e+01
   1.6660000e+02   1.3287702e+02   1.0092373e+01
   1.6670000e+02   3.4877019e+01   1.0123727e+00
   1.6680000e+02  -5.1122981e+01   2.7452373e+01
   1.6690000e+02   5.6877019e+01  -3.3867627e+01
   1.6700000e+02   1.5877019e+01  -1.2227627e+01
   1.6710000e+02   1.8770186e+00  -6.6676273e+00
   1.6720000e+02   7.5877019e+01   8.3723727e+00
   1.6730000e+02  -1.2298137e-01  -1.3587627e+01
   1.6740000e+02  -3.1229814e+00   4.2532373e+01
   1.6750000e+02   9.8770186e+00  -3.4987627e+01
   1.6760000e+02  -3.1122981e+01  -5.3476273e+00
   1.6770000e+02   1.8877019e+01  -3.8347627e+01
   1.6780000e+02   3.4877019e+01  -4.1987627e+01
   1.6790000e+02   7.8770186e+00  -3.5907627e+01
   1.6800000e+02  -2.4122981e+01  -1.9627627e+01
   1.6810000e+02  -8.1229814e+00  -4.8267627e+01
   1.6820000e+02   3.3877019e+01  -7.9476273e+00
   1.6830000e+02   5.8877019e+01   5.0523727e+00
   1.6840000e+02  -7.8122981e+01  -1.9467627e+01
   1.6850000e+02   9.7877019e+01  -2.2507627e+01
   1.6860000e+02  -1.2112298e+02   1.3252373e+01
   1.6870000e+02  -3.7122981e+01  -9.1076273e+00
   1.6880000e+02  -1.0412298e+02  -6.1427627e+01
   1.6890000e+02   3.6877019e+01  -3.0067627e+01
   1.6900000e+02  -4.9122981e+01   4.3723727e+00
   1.6910000e+02   1.3877019e+01  -3.1476273e+00
   1.6920000e+02   8.1877019e+01  -5.6867627e+01
   1.6930000e+02   5.1877019e+01  -2.9667627e+01
   1.6940000e+02  -5.6122981e+01  -4.5347627e+01
   1.6950000e+02   2.4877019e+01  -3.3587627e+01
   1.6960000e+02   1.2877019e+01  -4.1076273e+00
   1.6970000e+02   3.9877019e+01   9.8123727e+00
   1.6980000e+02   8.4877019e+01  -2.0987627e+01
   1.6990000e+02   2.1877019e+01  -1.4467627e+01
   1.7000000e+02   4.0877019e+01   8.7723727e+00
   1.7010000e+02   9.8877019e+01  -1.2547627e+01
   1.7020000e+02  -7.3122981e+01   1.8332373e+01
   1.7030000e+02   3.4877019e+01  -7.9876273e+00
   1.7040000e+02  -1.3122981e+01  -5.6067627e+01
   1.7050000e+02   4.9877019e+01   2.8412373e+01
   1.7060000e+02  -2.4122981e+01   6.3723727e+00
   1.7070000e+02   3.0877019e+01  -2.4827627e+01
   1.7080000e+02  -2.3122981e+01   3.5332373e+01
   1.7090000e+02   5.5877019e+01   5.2172373e+01
   1.7100000e+02   6.3877019e+01   9.8523727e+00
   1.7110000e+02  -2.3122981e+01   1.8332373e+01
   1.7120000e+02  -2.1122981e+01   5.0252373e+01
   1.7130000e+02   4.0877019e+01   7.8772373e+01
   1.7140000e+02   3.7877019e+01   2.2892373e+01
   1.7150000e+02  -1.4122981e+01  -4.4027627e+01
   1.7160000e+02   3.3877019e+01   7.0523727e+00
   1.7170000e+02  -6.8122981e+01   7.6132373e+01
   1.7180000e+02   1.1087702e+02  -1.0276273e+00
   1.7190000e+02   7.7877019e+01  -2.2707627e+01
   1.7200000e+02  -4.2122981e+01  -2.4907627e+01
   1.7210000e+02   1.0187702e+02  -5.4667627e+01
   1.7220000e+02   5.3877019e+01   2.2523727e+00
   1.7230000e+02   6.7877019e+01   1.4692373e+01
   1.7240000e+02   9.8770186e+00  -5.9987627e+01
   1.7250000e+02   8.0877019e+01  -2.1827627e+01
   1.7260000e+02  -4.5122981e+01  -1.1787627e+01
   1.7270000e+02   5.9877019e+01  -3.6987627e+01
   1.7280000e+02   5.8877019e+01  -5.9476273e+00
   1.7290000e+02   6.3877019e+01  -6.1147627e+01
   1.7300000e+02   5.7877019e+01   1.5092373e+01
   1.7310000e+02  -2.1229814e+00  -3.5076273e+00
   1.7320000e+02  -4.9122981e+01   1.4372373e+01
   1.7330000e+02  -4.2122981e+01  -4.7907627e+01
   1.7340000e+02   8.0877019e+01  -3.8827627e+01
   1.7350000e+02  -8.1122981e+01   4.8652373e+01
   1.7360000e+02  -3.8122981e+01  -2.3067627e+01
   1.7370000e+02   6.0877019e+01   4.5972373e+01
   1.7380000e+02  -2.0122981e+01   3.8212373e+01
   1.7390000e+02   6.5877019e+01  -1.5227627e+01
   1.7400000e+02   1.1487702e+02   3.4812373e+01
   1.7410000e+02   6.2877019e+01   6.4892373e+01
   1.7420000e+02   7.8877019e+01   3.6252373e+01
   1.7430000e+02  -5.8122981e+01  -2.2676273e+00
   1.7440000e+02   6.2877019e+01   2.8923727e+00
   1.7450000e+02   4.0877019e+01   1.5772373e+01
   1.7460000e+02   5.1877019e+01  -4.6676273e+00
   1.7470000e+02   5.2877019e+01  -8.7076273e+00
   1.7480000e+02  -3.1229814e+00   5.5323727e+00
   1.7490000e+02   2.7877019e+01   6.4292373e+01
   1.7500000e+02   1.2787702e+02  -8.7076273e+00
   1.7510000e+02  -1.3122981e+01  -2.1067627e+01
   1.7520000e+02  -3.9122981e+01  -4.0276273e+00
   1.7530000e+02  -5.0122981e+01  -2.2587627e+01
   1.7540000e+02   2.8770186e+00   5.5292373e+01
   1.7550000e+02   1.6877019e+01  -1.2676273e+00
   1.7560000e+02   1.4877019e+01  -3.9187627e+01
   1.7570000e+02   5.7877019e+01   2.6092373e+01
   1.7580000e+02   1.6587702e+02   1.1772373e+01
   1.7590000e+02  -3.3122981e+01  -7.2676273e+00
   1.7600000e+02   2.3877019e+01   7.4523727e+00
   1.7610000e+02   1.1877019e+01  -1.8067627e+01
   1.7620000e+02  -2.6122981e+01  -1.1547627e+01
   1.7630000e+02   4.7877019e+01   1.6492373e+01
   1.7640000e+02  -7.9122981e+01  -5.6427627e+01
   1.7650000e+02  -1.9122981e+01  -2.1827627e+01
   1.7660000e+02  -3.5122981e+01   5.8123727e+00
   1.7670000e+02  -5.1229814e+00  -3.3387627e+01
   1.7680000e+02  -8.5122981e+01  -1.0187627e+01
   1.7690000e+02   2.2877019e+01   3.8492373e+01
   1.7700000e+02  -8.3122981e+01   3.0732373e+01
   1.7710000e+02  -3.6122981e+01  -3.1476273e+00
   1.7720000e+02   1.0987702e+02  -9.4987627e+01
   1.7730000e+02   2.7877019e+01  -4.7076273e+00
   1.7740000e+02  -5.7122981e+01   3.6692373e+01
   1.7750000e+02   1.1787702e+02  -3.1307627e+01
   1.7760000e+02   1.2877019e+01   2.1892373e+01
   1.7770000e+02   2.2187702e+02  -2.9467627e+01
   1.7780000e+02  -4.5122981e+01  -4.7876273e+00
   1.7790000e+02   5.8770186e+00  -5.9827627e+01
   1.7800000e+02   6.8877019e+01   2.3652373e+01
   1.7810000e+02   5.8877019e+01  -6.0947627e+01
   1.7820000e+02  -1.0012298e+02  -7.5876273e+00
   1.7830000e+02   6.3877019e+01   1.3852373e+01
   1.7840000e+02   3.0877019e+01   5.4172373e+01
   1.7850000e+02  -7.0122981e+01   6.2123727e+00
   1.7860000e+02  -4.3122981e+01  -1.8676273e+00
   1.7870000e+02  -3.5122981e+01  -6.1876273e+00
   1.7880000e+02   1.0787702e+02  -2.7907627e+01
   1.7890000e+02  -2.4122981e+01   7.3723727e+00
   1.7900000e+02   5.8877019e+01   8.0523727e+00
   1.7910000e+02  -2.0122981e+01  -4.8787627e+01
   1.7920000e+02  -9.1229814e+00  -4.5227627e+01
   1.7930000e+02   1.0877019e+01  -3.0027627e+01
   1.7940000e+02  -4.9122981e+01   2.5372373e+01
   1.7950000e+02   1.8770186e+00  -9.6676273e+00
   1.7960000e+02   2.6877019e+01   5.5332373e+01
   1.7970000e+02  -3.6122981e+01  -9.1476273e+00
   1.7980000e+02  -4.2122981e+01  -1.7907627e+01
   1.7990000e+02   1.0087702e+02  -1.4627627e+01
   1.8000000e+02  -3.1122981e+01  -5.0347627e+01
   1.8010000e+02  -4.6122981e+01   4.2523727e+00
   1.8020000e+02   8.8770186e+00  -5.9476273e+00
   1.8030000e+02  -2.4122981e+01  -2.6276273e+00
   1.8040000e+02   1.4877019e+01  -1.1187627e+01
   1.8050000e+02  -8.3122981e+01  -2.2676273e+00
   1.8060000e+02  -3.6122981e+01  -2.5147627e+01
   1.8070000e+02  -2.3122981e+01  -6.6676273e+00
   1.8080000e+02   8.6877019e+01  -6.0067627e+01
   1.8090000e+02   2.8877019e+01  -2.3747627e+01
   1.8100000e+02   5.6877019e+01  -2.0867627e+01
   1.8110000e+02   6.2877019e+01  -8.2107627e+01
   1.8120000e+02   9.9877019e+01   1.4123727e+00
   1.8130000e+02   9.4877019e+01  -4.7387627e+01
   1.8140000e+02   5.3877019e+01   1.3252373e+01
   1.8150000e+02  -6.4122981e+01   5.9723727e+00
   1.8160000e+02  -4.8122981e+01   5.5332373e+01
   1.8170000e+02  -3.1229814e+00  -4.5467627e+01
   1.8180000e+02  -5.6122981e+01   1.6652373e+01
   1.8190000e+02  -2.1122981e+01   2.8252373e+01
   1.8200000e+02  -1.1229814e+00  -1.2547627e+01
   1.8210000e+02   2.5877019e+01   2.0372373e+01
   1.8220000e+02   5.6877019e+01   5.5132373e+01
   1.8230000e+02   5.5877019e+01   1.9172373e+01
   1.8240000e+02  -3.7122981e+01   4.8892373e+01
   1.8250000e+02  -6.1122981e+01  -8.1147627e+01
   1.8260000e+02  -4.6122981e+01  -5.9747627e+01
   1.8270000e+02   2.9877019e+01   2.2123727e+00
   1.8280000e+02   7.8770186e+00   2.4092373e+01
   1.8290000e+02  -5.1229814e+00  -3.4387627e+01
   1.8300000e+02  -3.0122981e+01  -9.3876273e+00
   1.8310000e+02  -1.0012298e+02   1.9412373e+01
   1.8320000e+02   7.2877019e+01  -1.4507627e+01
   1.8330000e+02   2.6877019e+01   1.5733237e+02
   1.8340000e+02   6.1877019e+01  -1.7067627e+01
   1.8350000e+02  -5.2122981e+01   6.4492373e+01
   1.8360000e+02  -3.0122981e+01   4.4612373e+01
   1.8370000e+02  -5.5122981e+01   2.0612373e+01
   1.8380000e+02   2.8877019e+01  -2.1747627e+01
   1.8390000e+02   2.0877019e+01   1.0572373e+01
   1.8400000e+02   3.5877019e+01  -2.8027627e+01
   1.8410000e+02  -4.0122981e+01  -3.9876273e+00
   1.8420000e+02  -6.1229814e+00   7.4652373e+01
   1.8430000e+02   5.6877019e+01   4.1132373e+01
   1.8440000e+02  -6.5122981e+01  -5.0987627e+01
   1.8450000e+02  -1.9122981e+01  -3.8827627e+01
   1.8460000e+02  -9.1229814e+00   3.8772373e+01
   1.8470000e+02   1.1877019e+01   3.9323727e+00
   1.8480000e+02  -7.1122981e+01  -4.4747627e+01
   1.8490000e+02  -6.3122981e+01  -2.9067627e+01
   1.8500000e+02   1.0587702e+02   5.6172373e+01
   1.8510000e+02  -2.8122981e+01   5.5323727e+00
   1.8520000e+02   9.8770186e+00  -9.8762733e-01
   1.8530000e+02   4.2877019e+01   1.4692373e+01
   1.8540000e+02   8.0877019e+01   1.4172373e+01
   1.8550000e+02  -1.2298137e-01   1.7341237e+02
   1.8560000e+02  -1.2122981e+01  -5.4107627e+01
   1.8570000e+02   3.5877019e+01  -1.9027627e+01
   1.8580000e+02  -1.3122981e+01   9.9323727e+00
   1.8590000e+02  -5.0122981e+01  -3.7587627e+01
   1.8600000e+02  -6.0122981e+01  -5.5187627e+01
   1.8610000e+02   2.9877019e+01  -2.6787627e+01
   1.8620000e+02  -4.6122981e+01   2.3252373e+01
   1.8630000e+02   1.8877019e+01  -1.0347627e+01
   1.8640000e+02   3.7877019e+01  -1.4107627e+01
   1.8650000e+02  -3.4122981e+01  -2.4227627e+01
   1.8660000e+02   8.8770186e+00  -1.7947627e+01
   1.8670000e+02   2.6877019e+01  -8.6676273e+00
   1.8680000e+02   6.8877019e+01  -2.8347627e+01
   1.8690000e+02  -1.6122981e+01  -2.0947627e+01
   1.8700000e+02  -3.9122981e+01  -6.4027627e+01
   1.8710000e+02   8.3877019e+01   2.6052373e+01
   1.8720000e+02   3.3877019e+01  -8.9476273e+00
   1.8730000e+02   3.8877019e+01   1.0852373e+01
   1.8740000e+02  -1.4112298e+02  -1.9947627e+01
   1.8750000e+02  -7.8122981e+01  -4.4676273e+00
   1.8760000e+02   7.1877019e+01  -5.6467627e+01
   1.8770000e+02  -9.9122981e+01  -2.3627627e+01
   1.8780000e+02   3.4877019e+01  -1.4987627e+01
   1.8790000e+02  -1.7122981e+01   3.3092373e+01
   1.8800000e+02   9.0877019e+01  -2.5227627e+01
   1.8810000e+02  -1.1122981e+01  -1.9147627e+01
   1.8820000e+02  -9.9122981e+01   9.3723727e+00
   1.8830000e+02  -2.5122981e+01   4.1237267e-01
   1.8840000e+02  -2.7122981e+01  -5.6507627e+01
   1.8850000e+02  -1.6122981e+01  -6.4947627e+01
   1.8860000e+02   7.7877019e+01  -1.7076273e+00
   1.8870000e+02  -6.2122981e+01  -6.1076273e+00
   1.8880000e+02  -2.9122981e+01  -4.2762733e-01
   1.8890000e+02  -6.0122981e+01  -4.4187627e+01
   1.8900000e+02  -1.1012298e+02  -3.1876273e+00
   1.8910000e+02   4.3877019e+01   2.6652373e+01
   1.8920000e+02   7.8877019e+01  -3.8747627e+01
   1.8930000e+02  -4.9122981e+01   6.6372373e+01
   1.8940000e+02  -4.9122981e+01   5.5372373e+01
   1.8950000e+02  -4.6122981e+01  -6.0747627e+01
   1.8960000e+02   2.1877019e+01   1.3532373e+01
   1.8970000e+02  -6.5122981e+01  -3.0987627e+01
   1.8980000e+02  -1.5122981e+01   6.0123727e+00
   1.8990000e+02  -4.8122981e+01  -5.7667627e+01
   1.9000000e+02  -7.0122981e+01  -5.7876273e+00
   1.9010000e+02  -1.6122981e+01  -2.3947627e+01
   1.9020000e+02   6.0877019e+01  -2.7627329e-02
   1.9030000e+02  -1.3812298e+02  -3.8067627e+01
   1.9040000e+02  -1.4122981e+01  -3.0276273e+00
   1.9050000e+02  -1.8122981e+01   6.5132373e+01
   1.9060000e+02   6.4877019e+01  -1.3187627e+01
   1.9070000e+02   1.7877019e+01   2.6923727e+00
   1.9080000e+02   4.1877019e+01  -6.1267627e+01
   1.9090000e+02  -3.8122981e+01  -2.6067627e+01
   1.9100000e+02   4.7877019e+01   1.6492373e+01
   1.9110000e+02   6.2877019e+01   1.2892373e+01
   1.9120000e+02   2.7877019e+01  -3.1707627e+01
   1.9130000e+02   2.6877019e+01   4.1332373e+01
   1.9140000e+02   9.2877019e+01  -4.5307627e+01
   1.9150000e+02   2.7877019e+01   5.9292373e+01
   1.9160000e+02  -1.2298137e-01  -3.5876273e+00
   1.9170000e+02   8.2877019e+01  -5.1907627e+01
   1.9180000e+02  -5.5122981e+01   4.1612373e+01
   1.9190000e+02  -8.9122981e+01  -1.5027627e+01
   1.9200000e+02  -3.4122981e+01  -1.0227627e+01
   1.9210000e+02   4.8877019e+01  -2.6547627e+01
   1.9220000e+02   3.3877019e+01   1.3052373e+01
   1.9230000e+02   2.5877019e+01   2.1372373e+01
   1.9240000e+02  -8.4122981e+01  -4.2276273e+00
   1.9250000e+02  -2.6122981e+01   1.4523727e+00
   1.9260000e+02  -2.2122981e+01  -4.7707627e+01
   1.9270000e+02   1.5987702e+02  -4.5987627e+01
   1.9280000e+02  -5.1229814e+00  -2.6387627e+01
   1.9290000e+02   2.8877019e+01   6.2523727e+00
   1.9300000e+02   5.4877019e+01  -3.7876273e+00
   1.9310000e+02  -1.7122981e+01  -1.8907627e+01
   1.9320000e+02   4.6877019e+01  -2.9467627e+01
   1.9330000e+02   2.7877019e+01  -2.7707627e+01
   1.9340000e+02  -1.1122981e+01  -5.8147627e+01
   1.9350000e+02   3.7877019e+01  -3.1076273e+00
   1.9360000e+02  -3.0122981e+01   4.5612373e+01
   1.9370000e+02  -1.7122981e+01   9.3092373e+01
   1.9380000e+02   5.7877019e+01  -1.9076273e+00
   1.9390000e+02   1.6877019e+01  -1.5267627e+01
   1.9400000e+02   3.1877019e+01  -2.8676273e+00
   1.9410000e+02  -4.2122981e+01   1.0092373e+01
   1.9420000e+02   3.1877019e+01  -2.6867627e+01
   1.9430000e+02  -5.0122981e+01   9.4123727e+00
   1.9440000e+02  -4.6122981e+01  -5.7476273e+00
   1.9450000e+02   7.4877019e+01  -2.9587627e+01
   1.9460000e+02  -8.1229814e+00  -2.6267627e+01
   1.9470000e+02  -2.3122981e+01  -2.0667627e+01
   1.9480000e+02  -4.0122981e+01  -5.3987627e+01
   1.9490000e+02  -3.7122981e+01   1.9892373e+01
   1.9500000e+02  -9.5122981e+01  -2.5787627e+01
   1.9510000e+02  -2.3122981e+01  -4.3667627e+01
   1.9520000e+02   7.6877019e+01  -4.0667627e+01
   1.9530000e+02  -6.5122981e+01  -2.9876273e+00
   1.9540000e+02   5.9877019e+01  -1.8987627e+01
   1.9550000e+02  -2.9122981e+01   1.5723727e+00
   1.9560000e+02  -6.0122981e+01   8.8123727e+00
   1.9570000e+02   2.8877019e+01  -2.3747627e+01
   1.9580000e+02  -5.4122981e+01   3.5723727e+00
   1.9590000e+02  -4.5122981e+01   6.0212373e+01
   1.9600000e+02  -5.1229814e+00   1.5612373e+01
   1.9610000e+02   1.3687702e+02   1.2932373e+01
   1.9620000e+02  -2.2122981e+01  -1.4707627e+01
   1.9630000e+02  -2.1229814e+00  -3.6507627e+01
   1.9640000e+02   2.7877019e+01  -1.5707627e+01
   1.9650000e+02  -3.3122981e+01  -2.6267627e+01
   1.9660000e+02  -2.7122981e+01   1.7492373e+01
   1.9670000e+02  -4.3122981e+01  -4.6867627e+01
   1.9680000e+02  -3.5122981e+01   8.1237267e-01
   1.9690000e+02  -4.2122981e+01  -2.6907627e+01
   1.9700000e+02   4.8770186e+00  -4.0787627e+01
   1.9710000e+02  -1.8122981e+01  -4.8676273e+00
   1.9720000e+02   4.9877019e+01  -4.5587627e+01
   1.9730000e+02  -1.6122981e+01  -1.8947627e+01
   1.9740000e+02  -6.1229814e+00  -1.8347627e+01
   1.9750000e+02  -7.0122981e+01   5.2123727e+00
   1.9760000e+02  -9.1229814e+00   5.7723727e+00
   1.9770000e+02   3.9877019e+01  -5.4187627e+01
   1.9780000e+02  -1.3212298e+02  -4.8307627e+01
   1.9790000e+02   8.7701863e-01   4.9372373e+01
   1.9800000e+02   4.2877019e+01  -3.9307627e+01
   1.9810000e+02  -2.9122981e+01  -5.2427627e+01
   1.9820000e+02   2.2877019e+01  -5.1507627e+01
   1.9830000e+02  -3.6122981e+01  -1.2147627e+01
   1.9840000e+02  -8.4122981e+01  -3.4227627e+01
   1.9850000e+02  -2.1122981e+01   1.4252373e+01
   1.9860000e+02  -1.6122981e+01   4.6052373e+01
   1.9870000e+02   6.1877019e+01   1.1932373e+01
   1.9880000e+02  -3.5122981e+01  -5.1187627e+01
   1.9890000e+02  -3.6122981e+01  -6.0147627e+01
   1.9900000e+02   5.8770186e+00   6.6172373e+01
   1.9910000e+02  -1.4122981e+01   4.3972373e+01
   1.9920000e+02  -2.1122981e+01  -3.4747627e+01
   1.9930000e+02   5.8770186e+00   2.1172373e+01
   1.9940000e+02  -4.2122981e+01  -1.6907627e+01
   1.9950000e+02   3.4877019e+01  -2.8987627e+01
   1.9960000e+02   7.1877019e+01   4.4532373e+01
   1.9970000e+02   1.4877019e+01   2.5812373e+01
   1.9980000e+02   5.7877019e+01   8.0923727e+00
   1.9990000e+02   4.0877019e+01  -4.3227627e+01
