   0.0000000e+00   1.5580588e+02   2.9470706e+01
   1.0000000e-01   2.6180588e+02  -1.7692941e+00
   2.0000000e-01   6.6680588e+02   7.5030706e+01
   3.0000000e-01   2.4280588e+02   1.0599071e+02
   4.0000000e-01   3.1180588e+02   2.6230706e+01
   5.0000000e-01   4.7580588e+02   8.9670706e+01
   6.0000000e-01   3.5780588e+02   1.1539071e+02
   7.0000000e-01   1.5880588e+02   5.0350706e+01
   8.0000000e-01   2.6680588e+02   6.9030706e+01
   9.0000000e-01   3.2580588e+02   1.6670706e+01
   1.0000000e+00   2.6480588e+02   9.1110706e+01
   1.1000000e+00   2.8480588e+02  -2.6892941e+00
   1.2000000e+00   1.7880588e+02   4.3550706e+01
   1.3000000e+00   1.7680588e+02   8.1630706e+01
   1.4000000e+00   1.6680588e+02   5.2030706e+01
   1.5000000e+00   3.7880588e+02   9.4550706e+01
   1.6000000e+00   1.6680588e+02   1.9203071e+02
   1.7000000e+00   2.4380588e+02   1.0595071e+02
   1.8000000e+00   1.6380588e+02   4.0150706e+01
   1.9000000e+00   3.2480588e+02   1.7071071e+02
   2.0000000e+00   3.2880588e+02   1.1655071e+02
   2.1000000e+00   3.1080588e+02   5.2270706e+01
   2.2000000e+00   3.4780588e+02   5.6790706e+01
   2.3000000e+00   3.0880588e+02   1.6350706e+01
   2.4000000e+00   1.5280588e+02   9.7590706e+01
   2.5000000e+00   3.1680588e+02   5.7030706e+01
   2.6000000e+00   3.1880588e+02   7.1950706e+01
   2.7000000e+00   2.8680588e+02   1.0623071e+02
   2.8000000e+00   2.1180588e+02   7.6230706e+01
   2.9000000e+00   2.0480588e+02   7.0510706e+01
   3.0000000e+00   1.7380588e+02   1.4375071e+02
   3.1000000e+00   1.7480588e+02   5.0710706e+01
   3.2000000e+00   1.7380588e+02   9.4750706e+01
   3.3000000e+00   1.1580588e+02   1.1107071e+02
   3.4000000e+00   2.3180588e+02   8.3430706e+01
   3.5000000e+00   3.9380588e+02   6.1950706e+01
   3.6000000e+00   3.6280588e+02   6.9190706e+01
   3.7000000e+00   2.1480588e+02   4.2110706e+01
   3.8000000e+00   3.1680588e+02   3.6030706e+01
   3.9000000e+00   2.7080588e+02   1.6187071e+02
   4.0000000e+00   1.7980588e+02   7.5107059e+00
   4.1000000e+00   1.9280588e+02   2.8990706e+01
   4.2000000e+00   3.0680588e+02   7.3430706e+01
   4.3000000e+00   2.6780588e+02   1.1990706e+01
   4.4000000e+00   1.4480588e+02   8.2910706e+01
   4.5000000e+00   3.7980588e+02   1.8751071e+02
   4.6000000e+00   2.7880588e+02   8.7550706e+01
   4.7000000e+00   2.2280588e+02   2.4790706e+01
   4.8000000e+00   3.3080588e+02   1.6047071e+02
   4.9000000e+00   3.9780588e+02   1.7879071e+02
   5.0000000e+00   2.8080588e+02   1.3647071e+02
   5.1000000e+00   1.4980588e+02   1.0271071e+02
   5.2000000e+00   3.5080588e+02   1.6707059e+00
   5.3000000e+00   2.9380588e+02   1.0495071e+02
   5.4000000e+00   3.6380588e+02   1.2015071e+02
   5.5000000e+00   1.5180588e+02   6.7630706e+01
   5.6000000e+00   3.3780588e+02  -1.2809294e+01
   5.7000000e+00   2.7880588e+02   2.8550706e+01
   5.8000000e+00   3.8180588e+02   3.7430706e+01
   5.9000000e+00   1.9680588e+02   8.3070588e-01
   6.0000000e+00   2.8580588e+02  -9.7292941e+00
   6.1000000e+00   3.1380588e+02   9.0150706e+01
   6.2000000e+00   3.6380588e+02   7.5150706e+01
   6.3000000e+00   1.7980588e+02   1.1151071e+02
   6.4000000e+00   3.1880588e+02   1.7295071e+02
   6.5000000e+00   2.1480588e+02   9.0110706e+01
   6.6000000e+00   2.1880588e+02   5.3950706e+01
   6.7000000e+00   3.5880588e+02   3.1350706e+01
   6.8000000e+00   2.9380588e+02   4.4950706e+01
   6.9000000e+00   2.9380588e+02   5.8950706e+01
   7.0000000e+00   2.6805882e+01   9.9630706e+01
   7.1000000e+00   2.6280588e+02  -3.8092941e+00
   7.2000000e+00   1.9480588e+02   5.2910706e+01
   7.3000000e+00   3.4180588e+02   1.5303071e+02
   7.4000000e+00   3.1080588e+02   1.1727071e+02
   7.5000000e+00   2.5880588e+02   7.6350706e+01
   7.6000000e+00   2.9480588e+02   9.2910706e+01
   7.7000000e+00   3.9880588e+02  -3.2492941e+00
   7.8000000e+00   2.4480588e+02   8.2910706e+01
   7.9000000e+00   2.4980588e+02   4.2710706e+01
   8.0000000e+00   1.7580588e+02   1.1567071e+02
   8.1000000e+00   2.6380588e+02   8.5150706e+01
   8.2000000e+00   1.4680588e+02   4.3830706e+01
   8.3000000e+00   2.2080588e+02   6.8870706e+01
   8.4000000e+00   1.3380588e+02  -3.5649294e+01
   8.5000000e+00   2.9780588e+02   3.8790706e+01
   8.6000000e+00   2.9780588e+02   1.0979071e+02
   8.7000000e+00   4.2580588e+02   1.2567071e+02
   8.8000000e+00   2.6480588e+02   9.0110706e+01
   8.9000000e+00   2.3380588e+02   5.2350706e+01
   9.0000000e+00   2.9980588e+02   8.4710706e+01
   9.1000000e+00   1.9180588e+02   2.7030706e+01
   9.2000000e+00   1.5580588e+02   1.7470706e+01
   9.3000000e+00   9.4805882e+01   9.9910706e+01
   9.4000000e+00   2.2780588e+02   9.5907059e+00
   9.5000000e+00   2.4880588e+02   1.0275071e+02
   9.6000000e+00   2.4480588e+02   7.0910706e+01
   9.7000000e+00   1.9580588e+02   6.9870706e+01
   9.8000000e+00   2.1780588e+02   8.8990706e+01
   9.9000000e+00   2.8880588e+02  -2.9849294e+01
   1.0000000e+01   1.8180588e+02   1.1843071e+02
   1.0100000e+01   2.2380588e+02   6.6750706e+01
   1.0200000e+01   2.0080588e+02  -8.3292941e+00
   1.0300000e+01   1.2880588e+02   6.4550706e+01
   1.0400000e+01   1.8880588e+02   7.9150706e+01
   1.0500000e+01   2.3580588e+02   1.1827071e+02
   1.0600000e+01   3.1180588e+02   4.0230706e+01
   1.0700000e+01   2.4480588e+02   8.9107059e+00
   1.0800000e+01   1.3980588e+02   4.1110706e+01
   1.0900000e+01   3.8680588e+02   7.1230706e+01
   1.1000000e+01   1.6580588e+02  -2.5929294e+01
   1.1100000e+01   3.2780588e+02   3.6590706e+01
   1.1200000e+01   1.8180588e+02   1.8430706e+01
   1.1300000e+01   9.7805882e+01   5.7790706e+01
   1.1400000e+01   3.0380588e+02   9.4550706e+01
   1.1500000e+01   3.4680588e+02   7.0830706e+01
   1.1600000e+01   2.2880588e+02   7.5507059e+00
   1.1700000e+01   2.4280588e+02   1.1399071e+02
   1.1800000e+01   2.7880588e+02   4.9550706e+01
   1.1900000e+01   1.5280588e+02   6.3590706e+01
   1.2000000e+01   2.4580588e+02   9.4870706e+01
   1.2100000e+01   2.6680588e+02   1.1030706e+01
   1.2200000e+01   2.4880588e+02   1.0275071e+02
   1.2300000e+01   3.0380588e+02   1.2550706e+01
   1.2400000e+01   1.9980588e+02   1.2871071e+02
   1.2500000e+01   2.4280588e+02   6.9990706e+01
   1.2600000e+01   6.4805882e+01   9.3110706e+01
   1.2700000e+01   1.8880588e+02   2.7150706e+01
   1.2800000e+01   2.6080588e+02   1.0270706e+01
   1.2900000e+01   4.1180588e+02   7.6230706e+01
   1.3000000e+01   2.7980588e+02   9.1510706e+01
   1.3100000e+01   3.5180588e+02   1.2863071e+02
   1.3200000e+01   1.9080588e+02   5.9070706e+01
   1.3300000e+01   1.0080588e+02   1.1667071e+02
   1.3400000e+01   3.6980588e+02   5.3910706e+01
   1.3500000e+01   2.3480588e+02   2.3107059e+00
   1.3600000e+01   3.2280588e+02   5.2790706e+01
   1.3700000e+01   2.4380588e+02   1.9950706e+01
   1.3800000e+01   2.0780588e+02   9.9390706e+01
   1.3900000e+01   3.8980588e+02  -3.8892941e+00
   1.4000000e+01   2.7680588e+02   1.0063071e+02
   1.4100000e+01   2.7980588e+02   1.3151071e+02
   1.4200000e+01   2.0680588e+02  -3.3569294e+01
   1.4300000e+01   2.7780588e+02   7.8590706e+01
   1.4400000e+01   2.2580588e+02   1.1467071e+02
   1.4500000e+01   3.4480588e+02   6.6910706e+01
   1.4600000e+01   3.1280588e+02   1.2019071e+02
   1.4700000e+01   2.1180588e+02   8.1230706e+01
   1.4800000e+01   2.1180588e+02   1.3023071e+02
   1.4900000e+01   3.0680588e+02   2.6430706e+01
   1.5000000e+01   3.2780588e+02   4.0590706e+01
   1.5100000e+01   1.5880588e+02   1.2835071e+02
   1.5200000e+01   2.4080588e+02   8.1070706e+01
   1.5300000e+01   2.8380588e+02   1.0835071e+02
   1.5400000e+01   1.5980588e+02   7.3107059e+00
   1.5500000e+01   5.3780588e+02   2.4190706e+01
   1.5600000e+01   5.6280588e+02   3.1190706e+01
   1.5700000e+01   2.9780588e+02   7.0790706e+01
   1.5800000e+01   2.0280588e+02   7.1590706e+01
   1.5900000e+01   2.4580588e+02   6.1870706e+01
   1.6000000e+01   3.5280588e+02  -3.3409294e+01
   1.6100000e+01   1.9280588e+02   6.1990706e+01
   1.6200000e+01   1.9880588e+02   4.5750706e+01
   1.6300000e+01   2.1380588e+02   5.7150706e+01
   1.6400000e+01   1.4080588e+02  -4.9292941e+00
   1.6500000e+01   2.1680588e+02   6.0307059e+00
   1.6600000e+01   1.9280588e+02   8.9907059e+00
   1.6700000e+01   2.4980588e+02   3.7710706e+01
   1.6800000e+01   3.5380588e+02   1.8550706e+01
   1.6900000e+01   1.9780588e+02   3.7907059e+00
   1.7000000e+01   3.5380588e+02   4.1550706e+01
   1.7100000e+01   1.5580588e+02   6.3470706e+01
   1.7200000e+01   2.9805882e+01   4.9510706e+01
   1.7300000e+01   2.7680588e+02   5.5630706e+01
   1.7400000e+01   1.6580588e+02   6.4070706e+01
   1.7500000e+01   3.6280588e+02   4.7190706e+01
   1.7600000e+01   2.6880588e+02   3.9950706e+01
   1.7700000e+01   1.7980588e+02   2.6510706e+01
   1.7800000e+01   3.7580588e+02   3.6670706e+01
   1.7900000e+01   3.5180588e+02  -5.3692941e+00
   1.8000000e+01   3.4080588e+02   1.6407071e+02
   1.8100000e+01   2.2480588e+02   5.2710706e+01
   1.8200000e+01   3.0080588e+02   8.0670706e+01
   1.8300000e+01   1.4780588e+02   7.4790706e+01
   1.8400000e+01   2.4080588e+02   3.5070706e+01
   1.8500000e+01   2.7580588e+02   8.7670706e+01
   1.8600000e+01   2.0080588e+02   5.9670706e+01
   1.8700000e+01   1.3680588e+02   6.3230706e+01
   1.8800000e+01   2.2680588e+02   5.2630706e+01
   1.8900000e+01   2.7880588e+02   1.9550706e+01
   1.9000000e+01   2.7780588e+02   9.6590706e+01
   1.9100000e+01   1.4680588e+02   8.8830706e+01
   1.9200000e+01   2.9980588e+02   8.2710706e+01
   1.9300000e+01   3.1080588e+02   6.1270706e+01
   1.9400000e+01   2.9180588e+02   1.0030706e+01
   1.9500000e+01   2.5680588e+02  -7.5692941e+00
   1.9600000e+01   1.7880588e+02   3.4550706e+01
   1.9700000e+01   2.5180588e+02   1.3863071e+02
   1.9800000e+01   3.3480588e+02   6.9310706e+01
   1.9900000e+01   1.5805882e+01   4.5070706e+01
   2.0000000e+01   2.0780588e+02   8.5390706e+01
   2.0100000e+01   2.1180588e+02   8.7230706e+01
   2.0200000e+01   3.3980588e+02   8.6110706e+01
   2.0300000e+01   1.4880588e+02   9.2750706e+01
   2.0400000e+01   2.0280588e+02   3.2590706e+01
   2.0500000e+01   2.6880588e+02  -3.7049294e+01
   2.0600000e+01   2.5480588e+02   1.1151071e+02
   2.0700000e+01   1.0080588e+02   3.7670706e+01
   2.0800000e+01   2.4780588e+02  -2.6209294e+01
   2.0900000e+01   2.7380588e+02   2.5750706e+01
   2.1000000e+01   1.6380588e+02   3.0150706e+01
   2.1100000e+01   2.7680588e+02   6.6630706e+01
   2.1200000e+01   1.4080588e+02   5.3070706e+01
   2.1300000e+01   2.1080588e+02  -1.8729294e+01
   2.1400000e+01   1.5980588e+02   8.0310706e+01
   2.1500000e+01   2.6180588e+02   4.7230706e+01
   2.1600000e+01   3.0080588e+02   2.3670706e+01
   2.1700000e+01   2.9280588e+02   9.5990706e+01
   2.1800000e+01   3.4480588e+02   5.9107059e+00
   2.1900000e+01   2.6880588e+02   9.9507059e+00
   2.2000000e+01   3.1680588e+02   2.4030706e+01
   2.2100000e+01   2.1480588e+02  -3.1889294e+01
   2.2200000e+01   3.1280588e+02  -8.0929412e-01
   2.2300000e+01   2.5180588e+02   3.6307059e+00
   2.2400000e+01   1.4080588e+02   8.2070706e+01
   2.2500000e+01   2.1580588e+02   1.4507071e+02
   2.2600000e+01   3.9180588e+02   5.8030706e+01
   2.2700000e+01   9.9805882e+01   9.5710706e+01
   2.2800000e+01   1.7080588e+02  -2.4129294e+01
   2.2900000e+01   2.4080588e+02   1.0207071e+02
   2.3000000e+01   9.9805882e+01   8.6710706e+01
   2.3100000e+01   1.9080588e+02   1.3007071e+02
   2.3200000e+01   2.4280588e+02   1.7990706e+01
   2.3300000e+01   1.2680588e+02   4.6630706e+01
   2.3400000e+01   1.8780588e+02   4.5190706e+01
   2.3500000e+01   1.6380588e+02   1.1715071e+02
   2.3600000e+01   1.9480588e+02   8.8910706e+01
   2.3700000e+01   9.5805882e+01   6.0870706e+01
   2.3800000e+01   2.1580588e+02   7.2070706e+01
   2.3900000e+01   1.3880588e+02   7.1507059e+00
   2.4000000e+01   1.3580588e+02   7.2270706e+01
   2.4100000e+01   9.1805882e+01   1.0030706e+01
   2.4200000e+01   2.4480588e+02   5.4910706e+01
   2.4300000e+01   3.0980588e+02  -7.5689294e+01
   2.4400000e+01   2.5580588e+02  -1.0252929e+02
   2.4500000e+01   2.9380588e+02   8.2950706e+01
   2.4600000e+01   3.7280588e+02  -2.0209294e+01
   2.4700000e+01   1.8880588e+02  -6.5849294e+01
   2.4800000e+01   2.3580588e+02  -4.6729294e+01
   2.4900000e+01   3.3580588e+02  -4.7292941e+00
   2.5000000e+01   1.9480588e+02   3.8910706e+01
   2.5100000e+01   3.4180588e+02  -5.0969294e+01
   2.5200000e+01   1.3980588e+02   1.2110706e+01
   2.5300000e+01   2.8380588e+02   2.7350706e+01
   2.5400000e+01   2.7080588e+02   1.8707059e+00
   2.5500000e+01   3.6780588e+02   1.0990706e+01
   2.5600000e+01   3.0580588e+02   3.4470706e+01
   2.5700000e+01   2.1880588e+02  -3.4049294e+01
   2.5800000e+01   4.0680588e+02   3.9430706e+01
   2.5900000e+01   3.9180588e+02   6.3030706e+01
   2.6000000e+01   2.9180588e+02   3.0307059e+00
   2.6100000e+01   3.1180588e+02   2.6230706e+01
   2.6200000e+01   3.1780588e+02  -9.0092941e+00
   2.6300000e+01   2.5980588e+02   7.3310706e+01
   2.6400000e+01   4.5980588e+02   5.2310706e+01
   2.6500000e+01   1.9980588e+02  -2.8929412e-01
   2.6600000e+01   3.7780588e+02  -3.7409294e+01
   2.6700000e+01   3.9980588e+02   2.4710706e+01
   2.6800000e+01   4.4680588e+02  -1.2169294e+01
   2.6900000e+01   2.6480588e+02   6.1107059e+00
   2.7000000e+01   4.4380588e+02  -8.1049294e+01
   2.7100000e+01   3.6880588e+02  -1.8049294e+01
   2.7200000e+01   1.7480588e+02   7.0710706e+01
   2.7300000e+01   5.0880588e+02   7.3350706e+01
   2.7400000e+01   1.9680588e+02   1.0483071e+02
   2.7500000e+01   4.6080588e+02   2.5270706e+01
   2.7600000e+01   2.0780588e+02  -2.5609294e+01
   2.7700000e+01   4.3680588e+02   2.8230706e+01
   2.7800000e+01   3.4380588e+02   2.3950706e+01
   2.7900000e+01   3.1780588e+02  -5.1009294e+01
   2.8000000e+01   2.5480588e+02  -4.8929412e-01
   2.8100000e+01   1.7280588e+02  -2.0929412e-01
   2.8200000e+01   2.4980588e+02   8.7107059e+00
   2.8300000e+01   1.4680588e+02  -3.6169294e+01
   2.8400000e+01   4.2880588e+02  -7.0449294e+01
   2.8500000e+01   3.1480588e+02  -6.7889294e+01
   2.8600000e+01   3.8080588e+02  -2.3529294e+01
   2.8700000e+01   2.0380588e+02   5.5507059e+00
   2.8800000e+01   1.5480588e+02  -4.5489294e+01
   2.8900000e+01   3.7780588e+02   3.6590706e+01
   2.9000000e+01   7.5805882e+01  -3.8329294e+01
   2.9100000e+01   1.4780588e+02   6.7907059e+00
   2.9200000e+01   1.6980588e+02  -8.9294118e-02
   2.9300000e+01   1.3480588e+02  -1.0689294e+01
   2.9400000e+01   3.0180588e+02   5.0630706e+01
   2.9500000e+01   1.0280588e+02   6.4590706e+01
   2.9600000e+01   2.5680588e+02   2.4307059e+00
   2.9700000e+01   2.6080588e+02   4.4270706e+01
   2.9800000e+01   1.1780588e+02   4.0990706e+01
   2.9900000e+01   1.8480588e+02   1.3107059e+00
   3.0000000e+01   3.9480588e+02   4.4910706e+01
   3.0100000e+01   2.9780588e+02   7.0790706e+01
   3.0200000e+01   3.3380588e+02   6.4350706e+01
   3.0300000e+01   2.6980588e+02   7.9107059e+00
   3.0400000e+01   3.1080588e+02   7.2707059e+00
   3.0500000e+01   3.0180588e+02  -1.4369294e+01
   3.0600000e+01   3.5280588e+02   1.0459071e+02
   3.0700000e+01   2.6480588e+02   2.0110706e+01
   3.0800000e+01   5.2980588e+02  -4.6489294e+01
   3.0900000e+01   3.5280588e+02   1.7590706e+01
   3.1000000e+01   4.2280588e+02  -3.5209294e+01
   3.1100000e+01   2.0980588e+02   4.6310706e+01
   3.1200000e+01   3.1480588e+02  -1.1889294e+01
   3.1300000e+01   4.8880588e+02   1.7150706e+01
   3.1400000e+01   5.0980588e+02   4.2310706e+01
   3.1500000e+01   2.2980588e+02   3.6510706e+01
   3.1600000e+01   2.2680588e+02  -9.3692941e+00
   3.1700000e+01   2.8280588e+02   2.3907059e+00
   3.1800000e+01   3.0480588e+02   2.1510706e+01
   3.1900000e+01   3.7580588e+02  -3.2329294e+01
   3.2000000e+01   4.2480588e+02   8.5710706e+01
   3.2100000e+01   2.6280588e+02   5.6190706e+01
   3.2200000e+01   2.6480588e+02  -3.8892941e+00
   3.2300000e+01   3.0480588e+02   6.0510706e+01
   3.2400000e+01   4.7380588e+02   6.4750706e+01
   3.2500000e+01   1.6780588e+02  -2.8009294e+01
   3.2600000e+01   3.1180588e+02   4.3230706e+01
   3.2700000e+01   3.9580588e+02   5.1870706e+01
   3.2800000e+01   3.4980588e+02   1.2710706e+01
   3.2900000e+01   4.0780588e+02  -1.7609294e+01
   3.3000000e+01   2.7180588e+02   3.4830706e+01
   3.3100000e+01   3.1380588e+02   1.6150706e+01
   3.3200000e+01   3.5780588e+02   1.7390706e+01
   3.3300000e+01   2.9780588e+02  -4.9209294e+01
   3.3400000e+01   1.8880588e+02  -4.6849294e+01
   3.3500000e+01   5.0980588e+02  -6.6892941e+00
   3.3600000e+01   2.4880588e+02   2.9750706e+01
   3.3700000e+01   1.8280588e+02   3.5390706e+01
   3.3800000e+01   2.2280588e+02   2.9790706e+01
   3.3900000e+01   2.7980588e+02  -5.6489294e+01
   3.4000000e+01   4.0080588e+02   2.2670706e+01
   3.4100000e+01   1.8180588e+02   1.2430706e+01
   3.4200000e+01   3.1780588e+02   3.1990706e+01
   3.4300000e+01   3.7180588e+02   6.9830706e+01
   3.4400000e+01   3.3180588e+02   7.6430706e+01
   3.4500000e+01   3.7780588e+02  -5.4092941e+00
   3.4600000e+01   3.1380588e+02  -2.8492941e+00
   3.4700000e+01   3.6780588e+02  -5.5009294e+01
   3.4800000e+01   2.5080588e+02   3.1670706e+01
   3.4900000e+01   3.4180588e+02   7.0307059e+00
   3.5000000e+01   2.5580588e+02  -1.3529294e+01
   3.5100000e+01   3.5780588e+02   8.3907059e+00
   3.5200000e+01   4.7580588e+02  -6.3292941e+00
   3.5300000e+01   2.2480588e+02  -2.6289294e+01
   3.5400000e+01   4.3180588e+02  -4.5692941e+00
   3.5500000e+01   3.4380588e+02   2.6950706e+01
   3.5600000e+01   2.4580588e+02   4.5870706e+01
   3.5700000e+01   2.3480588e+02   6.9310706e+01
   3.5800000e+01   3.1080588e+02   3.5270706e+01
   3.5900000e+01   3.2480588e+02  -3.2892941e+00
   3.6000000e+01   2.2880588e+02   1.0550706e+01
   3.6100000e+01   3.7780588e+02   1.3059071e+02
   3.6200000e+01   3.6080588e+02  -5.5729294e+01
   3.6300000e+01   3.6480588e+02  -3.8892941e+00
   3.6400000e+01   3.6580588e+02   2.0707059e+00
   3.6500000e+01   2.9580588e+02  -5.5129294e+01
   3.6600000e+01   2.1880588e+02   3.4950706e+01
   3.6700000e+01   2.1080588e+02  -3.8729294e+01
   3.6800000e+01   4.1680588e+02   1.9030706e+01
   3.6900000e+01   4.9480588e+02   1.3891071e+02
   3.7000000e+01   3.4680588e+02  -1.0169294e+01
   3.7100000e+01   2.5380588e+02   1.7550706e+01
   3.7200000e+01   3.2480588e+02  -3.5289294e+01
   3.7300000e+01   3.7580588e+02  -2.9329294e+01
   3.7400000e+01   1.7080588e+02   2.7870706e+01
   3.7500000e+01   3.6480588e+02  -5.0889294e+01
   3.7600000e+01   3.2880588e+02   9.0550706e+01
   3.7700000e+01   3.5480588e+02  -7.1489294e+01
   3.7800000e+01   3.7580588e+02   4.7670706e+01
   3.7900000e+01   1.7980588e+02   7.5107059e+00
   3.8000000e+01   3.1080588e+02   1.3627071e+02
   3.8100000e+01   1.8780588e+02  -1.5809294e+01
   3.8200000e+01   3.3080588e+02   7.8470706e+01
   3.8300000e+01   2.7080588e+02   2.8707059e+00
   3.8400000e+01   2.8680588e+02  -7.7692941e+00
   3.8500000e+01   2.1980588e+02   2.9107059e+00
   3.8600000e+01   8.0805882e+01   1.1547071e+02
   3.8700000e+01   3.4780588e+02  -1.0209294e+01
   3.8800000e+01   2.7480588e+02  -1.7289294e+01
   3.8900000e+01   2.5880588e+02   3.2350706e+01
   3.9000000e+01   4.3680588e+02   3.3230706e+01
   3.9100000e+01   4.9980588e+02   4.4710706e+01
   3.9200000e+01   5.2580588e+02  -5.5329294e+01
   3.9300000e+01   3.1980588e+02   1.0591071e+02
   3.9400000e+01   4.1280588e+02   7.1190706e+01
   3.9500000e+01   3.5080588e+02  -1.4329294e+01
   3.9600000e+01   3.3380588e+02  -6.4929412e-01
   3.9700000e+01   3.0980588e+02   8.3310706e+01
   3.9800000e+01   4.2280588e+02   1.7907059e+00
   3.9900000e+01   3.5580588e+02  -1.6529294e+01
   4.0000000e+01   2.1280588e+02   1.3190706e+01
   4.0100000e+01   3.1880588e+02  -1.7049294e+01
   4.0200000e+01   2.0180588e+02   4.6630706e+01
   4.0300000e+01   1.9980588e+02   6.1710706e+01
   4.0400000e+01   4.2480588e+02  -6.2892941e+00
   4.0500000e+01   4.0780588e+02   7.3907059e+00
   4.0600000e+01   3.2880588e+02   3.2550706e+01
   4.0700000e+01   2.6180588e+02   3.1230706e+01
   4.0800000e+01   3.1480588e+02   1.1107059e+00
   4.0900000e+01   1.5980588e+02  -1.6892941e+00
   4.1000000e+01   2.8280588e+02  -5.3609294e+01
   4.1100000e+01   2.5780588e+02  -6.9609294e+01
   4.1200000e+01   2.3380588e+02  -1.6492941e+00
   4.1300000e+01   1.5280588e+02   9.2590706e+01
   4.1400000e+01   5.4480588e+02  -5.3089294e+01
   4.1500000e+01   4.3280588e+02  -4.6092941e+00
   4.1600000e+01   1.7980588e+02   4.8510706e+01
   4.1700000e+01   3.0680588e+02   3.4307059e+00
   4.1800000e+01   2.2380588e+02   6.3750706e+01
   4.1900000e+01   3.5580588e+02  -9.5292941e+00
   4.2000000e+01   7.8805882e+01  -4.2449294e+01
   4.2100000e+01   3.4280588e+02   1.8990706e+01
   4.2200000e+01   3.1280588e+02   4.0190706e+01
   4.2300000e+01   3.6680588e+02  -5.9692941e+00
   4.2400000e+01   2.8880588e+02   3.7150706e+01
   4.2500000e+01   2.7580588e+02  -2.1329294e+01
   4.2600000e+01   3.2780588e+02   3.2590706e+01
   4.2700000e+01   3.1880588e+02  -7.0492941e+00
   4.2800000e+01   2.8780588e+02   9.1907059e+00
   4.2900000e+01   3.7880588e+02   5.5507059e+00
   4.3000000e+01   3.8580588e+02  -1.7729294e+01
   4.3100000e+01   3.5280588e+02  -3.2409294e+01
   4.3200000e+01   2.6980588e+02   2.3910706e+01
   4.3300000e+01   3.6780588e+02   4.9990706e+01
   4.3400000e+01   2.1280588e+02   1.3819071e+02
   4.3500000e+01   2.5380588e+02   1.1550706e+01
   4.3600000e+01   4.8680588e+02   1.0523071e+02
   4.3700000e+01   3.3280588e+02   4.8390706e+01
   4.3800000e+01   3.7380588e+02   4.3750706e+01
   4.3900000e+01   3.1380588e+02  -1.2849294e+01
   4.4000000e+01   4.1080588e+02  -5.7292941e+00
   4.4100000e+01   3.1680588e+02   2.8030706e+01
   4.4200000e+01   3.7380588e+02   3.3750706e+01
   4.4300000e+01   3.2880588e+02   6.2550706e+01
   4.4400000e+01   3.5180588e+02   1.6307059e+00
   4.4500000e+01   1.3080588e+02  -2.2529294e+01
   4.4600000e+01   1.9480588e+02   3.2910706e+01
   4.4700000e+01   2.6780588e+02  -2.0092941e+00
   4.4800000e+01   3.6080588e+02  -1.7729294e+01
   4.4900000e+01   2.7880588e+02   4.0550706e+01
   4.5000000e+01   4.3980588e+02  -1.4889294e+01
   4.5100000e+01   2.3180588e+02   1.5430706e+01
   4.5200000e+01   3.0080588e+02   1.6707059e+00
   4.5300000e+01   3.6680588e+02   1.2030706e+01
   4.5400000e+01   4.6880588e+02   3.2950706e+01
   4.5500000e+01   4.5280588e+02  -1.9409294e+01
   4.5600000e+01   2.6880588e+02  -2.0049294e+01
   4.5700000e+01   3.7580588e+02  -3.3329294e+01
   4.5800000e+01   2.6580588e+02  -4.9292941e+00
   4.5900000e+01   4.2280588e+02   9.9790706e+01
   4.6000000e+01   4.1680588e+02  -1.1969294e+01
   4.6100000e+01   3.4080588e+02  -3.7929294e+01
   4.6200000e+01   3.7680588e+02  -5.3369294e+01
   4.6300000e+01   3.1080588e+02   2.3270706e+01
   4.6400000e+01   2.2880588e+02  -9.4492941e+00
   4.6500000e+01   3.0080588e+02  -1.7329294e+01
   4.6600000e+01   4.2280588e+02  -3.0209294e+01
   4.6700000e+01   3.6580588e+02  -3.3929294e+01
   4.6800000e+01   1.9180588e+02   1.4030706e+01
   4.6900000e+01   3.0380588e+02   1.6550706e+01
   4.7000000e+01   2.1180588e+02   2.5230706e+01
   4.7100000e+01   2.4780588e+02   2.3790706e+01
   4.7200000e+01   2.6680588e+02  -1.6969294e+01
   4.7300000e+01   2.8880588e+02   2.4150706e+01
   4.7400000e+01   4.3080588e+02  -4.3529294e+01
   4.7500000e+01   2.8580588e+02  -8.0729294e+01
   4.7600000e+01   3.2780588e+02  -3.2409294e+01
   4.7700000e+01   3.3380588e+02   3.3507059e+00
   4.7800000e+01   3.2780588e+02  -6.4092941e+00
   4.7900000e+01   2.7280588e+02   2.8790706e+01
   4.8000000e+01   3.3780588e+02  -6.2809294e+01
   4.8100000e+01   4.9380588e+02   3.1950706e+01
   4.8200000e+01   4.1680588e+02   1.1030706e+01
   4.8300000e+01   2.4980588e+02  -1.3289294e+01
   4.8400000e+01   1.2680588e+02   3.8630706e+01
   4.8500000e+01   4.9180588e+02  -6.0969294e+01
   4.8600000e+01   5.9805882e+01   2.0310706e+01
   4.8700000e+01   3.9380588e+02   4.0950706e+01
   4.8800000e+01   1.4180588e+02   3.3030706e+01
   4.8900000e+01   1.7480588e+02   4.1710706e+01
   4.9000000e+01   3.2880588e+02   6.2550706e+01
   4.9100000e+01   4.1080588e+02   6.0270706e+01
   4.9200000e+01   1.4480588e+02   3.0910706e+01
   4.9300000e+01   1.9580588e+02   1.1870706e+01
   4.9400000e+01   3.8680588e+02   1.2230706e+01
   4.9500000e+01   2.5180588e+02   1.7630706e+01
   4.9600000e+01   3.9480588e+02  -1.1089294e+01
   4.9700000e+01   3.5080588e+02  -3.3292941e+00
   4.9800000e+01   4.0080588e+02   4.3670706e+01
   4.9900000e+01   3.3080588e+02   3.8470706e+01
   5.0000000e+01   3.1480588e+02   3.1110706e+01
   5.0100000e+01   1.3080588e+02   1.4470706e+01
   5.0200000e+01   1.9780588e+02  -4.6209294e+01
   5.0300000e+01   4.7480588e+02  -3.4289294e+01
   5.0400000e+01   4.0880588e+02   2.3350706e+01
   5.0500000e+01   1.8280588e+02  -4.9609294e+01
   5.0600000e+01   1.6780588e+02   2.1990706e+01
   5.0700000e+01   2.9580588e+02   1.1287071e+02
   5.0800000e+01   3.4380588e+02  -2.7049294e+01
   5.0900000e+01   2.5280588e+02   1.5907059e+00
   5.1000000e+01   2.2780588e+02   3.5907059e+00
   5.1100000e+01   2.5380588e+02   6.4550706e+01
   5.1200000e+01   3.1380588e+02  -3.8849294e+01
   5.1300000e+01   5.9680588e+02   2.0830706e+01
   5.1400000e+01   3.5980588e+02   9.5310706e+01
   5.1500000e+01   3.3480588e+02   2.8310706e+01
   5.1600000e+01   3.6180588e+02  -6.7692941e+00
   5.1700000e+01   3.0280588e+02  -1.5409294e+01
   5.1800000e+01   1.6580588e+02  -5.9292941e+00
   5.1900000e+01   2.4880588e+02  -4.2249294e+01
   5.2000000e+01   2.8980588e+02  -1.8892941e+00
   5.2100000e+01   3.9280588e+02  -1.5009294e+01
   5.2200000e+01   3.0780588e+02  -5.6092941e+00
   5.2300000e+01   6.5805882e+01  -1.8929294e+01
   5.2400000e+01   3.8680588e+02   6.2307059e+00
   5.2500000e+01   2.1180588e+02   1.7230706e+01
   5.2600000e+01   2.8080588e+02  -3.1529294e+01
   5.2700000e+01   1.8980588e+02   5.2110706e+01
   5.2800000e+01   2.0680588e+02   3.2430706e+01
   5.2900000e+01   2.7280588e+02   4.4790706e+01
   5.3000000e+01   3.9880588e+02  -3.3249294e+01
   5.3100000e+01   3.0980588e+02   2.5310706e+01
   5.3200000e+01   7.1805882e+01   7.5830706e+01
   5.3300000e+01   4.4180588e+02  -1.9969294e+01
   5.3400000e+01   3.3980588e+02  -2.7889294e+01
   5.3500000e+01   1.2080588e+02   1.9870706e+01
   5.3600000e+01   1.7280588e+02  -5.1209294e+01
   5.3700000e+01   3.0280588e+02   6.0590706e+01
   5.3800000e+01   1.9480588e+02  -2.9089294e+01
   5.3900000e+01   2.7180588e+02  -9.1692941e+00
   5.4000000e+01   2.5980588e+02   2.8310706e+01
   5.4100000e+01   3.3980588e+02  -3.1889294e+01
   5.4200000e+01   1.4380588e+02   4.4950706e+01
   5.4300000e+01   3.1680588e+02   6.0307059e+00
   5.4400000e+01   3.7880588e+02   4.4550706e+01
   5.4500000e+01   3.0880588e+02   3.2350706e+01
   5.4600000e+01   1.8380588e+02  -1.3649294e+01
   5.4700000e+01   3.0180588e+02   6.2630706e+01
   5.4800000e+01   2.8680588e+02   1.6230706e+01
   5.4900000e+01   4.2180588e+02   2.6830706e+01
   5.5000000e+01   1.8880588e+02  -4.3849294e+01
   5.5100000e+01   2.7680588e+02   1.6630706e+01
   5.5200000e+01   2.5580588e+02   5.0470706e+01
   5.5300000e+01   4.6580588e+02   1.3070706e+01
   5.5400000e+01   4.4080588e+02   3.8070706e+01
   5.5500000e+01   2.5880588e+02  -1.8649294e+01
   5.5600000e+01   2.9680588e+02   4.8307059e+00
   5.5700000e+01   1.8580588e+02  -3.0729294e+01
   5.5800000e+01   2.1680588e+02  -2.0969294e+01
   5.5900000e+01   2.8680588e+02  -6.5769294e+01
   5.6000000e+01   2.2180588e+02  -1.0169294e+01
   5.6100000e+01   4.4280588e+02  -4.1009294e+01
   5.6200000e+01   4.0380588e+02   3.8550706e+01
   5.6300000e+01   3.3580588e+02  -2.9729294e+01
   5.6400000e+01   2.2480588e+02  -5.2892941e+00
   5.6500000e+01   2.5580588e+02   2.4707059e+00
   5.6600000e+01   3.3180588e+02  -4.5569294e+01
   5.6700000e+01   3.5880588e+02   1.5350706e+01
   5.6800000e+01   2.2680588e+02  -3.4369294e+01
   5.6900000e+01   2.3080588e+02   6.6470706e+01
   5.7000000e+01   3.2480588e+02  -3.1289294e+01
   5.7100000e+01   3.1780588e+02  -8.0092941e+00
   5.7200000e+01   2.4480588e+02   1.4910706e+01
   5.7300000e+01   2.3880588e+02  -3.6849294e+01
   5.7400000e+01   2.4080588e+02  -4.6929294e+01
   5.7500000e+01   4.0280588e+02  -7.7409294e+01
   5.7600000e+01   3.9980588e+02  -1.2892941e+00
   5.7700000e+01   1.9480588e+02   3.4910706e+01
   5.7800000e+01   2.4880588e+02   1.9750706e+01
   5.7900000e+01   2.2680588e+02   4.6630706e+01
   5.8000000e+01   1.9980588e+02   4.4710706e+01
   5.8100000e+01   6.8805882e+01   1.5950706e+01
   5.8200000e+01   2.1880588e+02   7.8950706e+01
   5.8300000e+01   1.0180588e+02  -1.3369294e+01
   5.8400000e+01   5.0180588e+02   2.0630706e+01
   5.8500000e+01   1.0780588e+02  -1.7609294e+01
   5.8600000e+01   8.7805882e+01  -2.7809294e+01
   5.8700000e+01   1.6080588e+02   1.3270706e+01
   5.8800000e+01   3.1680588e+02  -9.4969294e+01
   5.8900000e+01   3.4280588e+02  -3.8009294e+01
   5.9000000e+01   4.4080588e+02   1.3070706e+01
   5.9100000e+01   2.0580588e+02  -2.0529294e+01
   5.9200000e+01   5.3180588e+02   8.4307059e+00
   5.9300000e+01   1.6780588e+02  -5.3009294e+01
   5.9400000e+01   3.1980588e+02  -3.0892941e+00
   5.9500000e+01   3.9380588e+02  -6.2049294e+01
   5.9600000e+01   2.5480588e+02   6.3510706e+01
   5.9700000e+01   3.1880588e+02  -6.9049294e+01
   5.9800000e+01   1.4780588e+02   2.1790706e+01
   5.9900000e+01   2.2880588e+02  -2.3449294e+01
   6.0000000e+01   2.8480588e+02  -3.0689294e+01
   6.0100000e+01   2.3080588e+02  -7.4529294e+01
   6.0200000e+01   2.1580588e+02   1.6070706e+01
   6.0300000e+01   3.5380588e+02  -1.8449294e+01
   6.0400000e+01   5.4780588e+02   3.7907059e+00
   6.0500000e+01   1.5180588e+02   2.6630706e+01
   6.0600000e+01   3.8580588e+02   1.3270706e+01
   6.0700000e+01   2.8980588e+02   7.5110706e+01
   6.0800000e+01   2.6480588e+02  -6.8892941e+00
   6.0900000e+01   3.2580588e+02  -3.3329294e+01
   6.1000000e+01   2.0580588e+02  -2.0529294e+01
   6.1100000e+01   2.8180588e+02   1.7430706e+01
   6.1200000e+01   3.2280588e+02   3.3790706e+01
   6.1300000e+01   2.6280588e+02  -2.2809294e+01
   6.1400000e+01   2.4080588e+02   1.4070706e+01
   6.1500000e+01   4.2880588e+02  -5.6449294e+01
   6.1600000e+01   1.7180588e+02  -6.1692941e+00
   6.1700000e+01   2.6380588e+02  -1.5849294e+01
   6.1800000e+01   1.4380588e+02  -7.0492941e+00
   6.1900000e+01   2.7380588e+02   1.5750706e+01
   6.2000000e+01   3.1380588e+02  -2.6849294e+01
   6.2100000e+01   3.0980588e+02  -6.6892941e+00
   6.2200000e+01   3.4780588e+02   7.5790706e+01
   6.2300000e+01   3.5380588e+02   1.3550706e+01
   6.2400000e+01   3.2080588e+02   3.8870706e+01
   6.2500000e+01   4.8805882e+01  -1.9249294e+01
   6.2600000e+01  -1.0119412e+02   8.7507059e+00
   6.2700000e+01  -8.1941176e+00  -2.4969294e+01
   6.2800000e+01   3.8805882e+01  -2.0849294e+01
   6.2900000e+01   2.8805882e+01  -5.8449294e+01
   6.3000000e+01  -6.1194118e+01  -1.0849294e+01
   6.3100000e+01  -9.1941176e+00   5.3070706e+01
   6.3200000e+01   7.1805882e+01  -1.1169294e+01
   6.3300000e+01   1.4380588e+02  -2.7049294e+01
   6.3400000e+01   5.3805882e+01  -5.1449294e+01
   6.3500000e+01  -7.0194118e+01   5.5510706e+01
   6.3600000e+01  -2.2194118e+01   4.0590706e+01
   6.3700000e+01   5.8805882e+01   9.3507059e+00
   6.3800000e+01   5.8805882e+01   9.3507059e+00
   6.3900000e+01   1.3780588e+02   4.1907059e+00
   6.4000000e+01  -1.2194118e+01  -2.8809294e+01
   6.4100000e+01   6.1805882e+01  -3.9769294e+01
   6.4200000e+01  -1.1941176e+00  -4.4249294e+01
   6.4300000e+01   1.0805882e+01  -2.7292941e+00
   6.4400000e+01   1.3780588e+02   1.3319071e+02
   6.4500000e+01  -3.0194118e+01   5.9910706e+01
   6.4600000e+01   2.5805882e+01  -3.4329294e+01
   6.4700000e+01   1.7805882e+01  -6.0092941e+00
   6.4800000e+01   4.8058824e+00   1.1510706e+01
   6.4900000e+01   5.5805882e+01   7.9470706e+01
   6.5000000e+01   9.3805882e+01   4.9950706e+01
   6.5100000e+01   1.8058824e+00   2.1630706e+01
   6.5200000e+01   5.5805882e+01  -1.1529294e+01
   6.5300000e+01  -1.0194118e+01   8.4110706e+01
   6.5400000e+01   3.8058824e+00  -1.5449294e+01
   6.5500000e+01   3.9805882e+01   3.1110706e+01
   6.5600000e+01   3.7805882e+01   1.6190706e+01
   6.5700000e+01  -1.1819412e+02   5.2430706e+01
   6.5800000e+01   9.8058824e+00  -1.6892941e+00
   6.5900000e+01   2.9805882e+01  -8.4892941e+00
   6.6000000e+01   1.3805882e+01  -1.7849294e+01
   6.6100000e+01   3.5805882e+01   3.3270706e+01
   6.6200000e+01  -1.9194118e+01   3.6470706e+01
   6.6300000e+01  -9.1941176e+00   6.4070706e+01
   6.6400000e+01   9.8058824e+00   3.0310706e+01
   6.6500000e+01  -3.2194118e+01   1.0499071e+02
   6.6600000e+01   7.0805882e+01  -4.4129294e+01
   6.6700000e+01   8.4805882e+01   7.3107059e+00
   6.6800000e+01   2.2805882e+01   1.2790706e+01
   6.6900000e+01  -5.1941176e+00   5.5910706e+01
   6.7000000e+01  -6.4194118e+01  -2.5729294e+01
   6.7100000e+01   4.0805882e+01   2.1070706e+01
   6.7200000e+01  -6.6194118e+01   3.3350706e+01
   6.7300000e+01   1.2580588e+02   2.4670706e+01
   6.7400000e+01  -4.3194118e+01   2.2430706e+01
   6.7500000e+01  -7.1194118e+01   5.5550706e+01
   6.7600000e+01   4.1805882e+01   4.4030706e+01
   6.7700000e+01  -1.7194118e+01   5.5390706e+01
   6.7800000e+01  -1.1219412e+02  -2.4809294e+01
   6.7900000e+01   6.2805882e+01   2.7190706e+01
   6.8000000e+01  -1.1194118e+01  -6.8849294e+01
   6.8100000e+01   6.8058824e+00  -4.0569294e+01
   6.8200000e+01  -3.0194118e+01  -2.9089294e+01
   6.8300000e+01   2.8058824e+00  -1.4092941e+00
   6.8400000e+01   2.8805882e+01  -3.4449294e+01
   6.8500000e+01  -1.0219412e+02   4.2790706e+01
   6.8600000e+01  -1.2194118e+01  -1.6809294e+01
   6.8700000e+01  -1.8194118e+01  -3.5692941e+00
   6.8800000e+01   2.8058824e+00  -1.4092941e+00
   6.8900000e+01  -8.9194118e+01   4.9270706e+01
   6.9000000e+01  -1.4194118e+01  -7.7292941e+00
   6.9100000e+01  -1.0119412e+02  -2.1249294e+01
   6.9200000e+01   5.7805882e+01   3.9070588e-01
   6.9300000e+01   1.2080588e+02   1.5870706e+01
   6.9400000e+01   6.2805882e+01  -4.0809294e+01
   6.9500000e+01   4.3805882e+01  -1.2049294e+01
   6.9600000e+01  -2.5194118e+01  -4.2892941e+00
   6.9700000e+01   4.5805882e+01   8.7070588e-01
   6.9800000e+01  -4.2194118e+01  -4.6609294e+01
   6.9900000e+01   6.1805882e+01   2.8230706e+01
   7.0000000e+01  -1.7194118e+01  -4.6092941e+00
   7.0100000e+01  -3.6194118e+01  -1.2849294e+01
   7.0200000e+01  -2.9194118e+01   8.7070588e-01
   7.0300000e+01  -8.5194118e+01   3.5110706e+01
   7.0400000e+01   3.0805882e+01   4.4707059e+00
   7.0500000e+01   2.3805882e+01  -7.0249294e+01
   7.0600000e+01   4.0805882e+01   4.3070706e+01
   7.0700000e+01   9.1805882e+01   2.5030706e+01
   7.0800000e+01   4.0805882e+01   1.6070706e+01
   7.0900000e+01   1.3805882e+01   3.6150706e+01
   7.1000000e+01  -6.5194118e+01  -3.6689294e+01
   7.1100000e+01   1.8805882e+01  -9.0492941e+00
   7.1200000e+01  -8.5194118e+01  -2.8892941e+00
   7.1300000e+01  -1.3619412e+02  -4.7849294e+01
   7.1400000e+01  -3.0194118e+01   5.3910706e+01
   7.1500000e+01  -4.1194118e+01  -1.3649294e+01
   7.1600000e+01  -1.0419412e+02  -1.5129294e+01
   7.1700000e+01   8.0588235e-01  -4.9329294e+01
   7.1800000e+01  -3.7194118e+01   3.9190706e+01
   7.1900000e+01   9.8058824e+00  -1.1689294e+01
   7.2000000e+01   4.8058824e+00  -1.7489294e+01
   7.2100000e+01   8.0588235e-01   1.8670706e+01
   7.2200000e+01  -6.4194118e+01  -2.5729294e+01
   7.2300000e+01   2.7805882e+01   1.5590706e+01
   7.2400000e+01  -6.1941176e+00  -6.4049294e+01
   7.2500000e+01  -3.5194118e+01  -5.9889294e+01
   7.2600000e+01  -5.9194118e+01   1.2070706e+01
   7.2700000e+01  -3.5194118e+01  -9.8892941e+00
   7.2800000e+01   7.4805882e+01  -4.9289294e+01
   7.2900000e+01   9.8058824e+00  -6.8689294e+01
   7.3000000e+01   1.2805882e+01  -2.9809294e+01
   7.3100000e+01  -3.5194118e+01  -3.0889294e+01
   7.3200000e+01  -1.6194118e+01  -4.7649294e+01
   7.3300000e+01  -8.5194118e+01   3.2110706e+01
   7.3400000e+01  -4.9194118e+01  -4.1329294e+01
   7.3500000e+01  -5.3194118e+01  -1.6169294e+01
   7.3600000e+01  -1.3194118e+01  -7.7692941e+00
   7.3700000e+01  -5.1194118e+01   2.8750706e+01
   7.3800000e+01  -1.2194118e+01  -8.8092941e+00
   7.3900000e+01  -3.7194118e+01  -1.0809294e+01
   7.4000000e+01  -1.8194118e+01   3.4307059e+00
   7.4100000e+01   8.7805882e+01   3.4190706e+01
   7.4200000e+01   2.9805882e+01   4.5510706e+01
   7.4300000e+01   2.3805882e+01  -2.1249294e+01
   7.4400000e+01   4.4805882e+01   8.9107059e+00
   7.4500000e+01  -9.4194118e+01  -1.7529294e+01
   7.4600000e+01  -1.1619412e+02  -2.5649294e+01
   7.4700000e+01  -7.1941176e+00   3.8990706e+01
   7.4800000e+01  -6.9194118e+01  -7.5292941e+00
   7.4900000e+01  -2.2194118e+01  -2.4409294e+01
   7.5000000e+01   1.4805882e+01  -3.4889294e+01
   7.5100000e+01   3.1805882e+01  -6.5692941e+00
   7.5200000e+01  -3.1941176e+00   2.6830706e+01
   7.5300000e+01   1.9805882e+01   1.5910706e+01
   7.5400000e+01  -9.7194118e+01  -2.4409294e+01
   7.5500000e+01   3.2805882e+01   4.6390706e+01
   7.5600000e+01  -2.0194118e+01  -1.8489294e+01
   7.5700000e+01   1.3580588e+02   2.2707059e+00
   7.5800000e+01   3.2805882e+01  -1.7609294e+01
   7.5900000e+01  -1.0519412e+02   7.9910706e+01
   7.6000000e+01   5.8058824e+00   8.4470706e+01
   7.6100000e+01  -1.0019412e+02  -5.2892941e+00
   7.6200000e+01  -7.1941176e+00   4.6990706e+01
   7.6300000e+01  -9.4194118e+01   1.1470706e+01
   7.6400000e+01   1.4080588e+02   1.9070706e+01
   7.6500000e+01   3.8805882e+01   1.6150706e+01
   7.6600000e+01  -8.1941176e+00   1.2030706e+01
   7.6700000e+01   7.5805882e+01   2.9670706e+01
   7.6800000e+01   4.9805882e+01  -4.2892941e+00
   7.6900000e+01   6.3805882e+01  -3.8849294e+01
   7.7000000e+01   6.7805882e+01   2.9907059e+00
   7.7100000e+01  -3.8194118e+01   5.3230706e+01
   7.7200000e+01  -2.1941176e+00  -2.2092941e+00
   7.7300000e+01   2.5805882e+01  -8.3292941e+00
   7.7400000e+01   8.0588235e-01   8.4670706e+01
   7.7500000e+01  -2.5194118e+01   2.3710706e+01
   7.7600000e+01  -1.4194118e+01   5.1270706e+01
   7.7700000e+01   4.0805882e+01   5.0070706e+01
   7.7800000e+01   6.1805882e+01  -4.7769294e+01
   7.7900000e+01   4.6805882e+01   2.4830706e+01
   7.8000000e+01   1.5805882e+01   3.0707059e+00
   7.8100000e+01  -1.8194118e+01  -3.2569294e+01
   7.8200000e+01  -5.1941176e+00   5.8910706e+01
   7.8300000e+01  -2.4194118e+01   9.6707059e+00
   7.8400000e+01   3.4805882e+01  -1.0689294e+01
   7.8500000e+01  -2.2194118e+01  -1.1409294e+01
   7.8600000e+01  -2.1194118e+01   2.4550706e+01
   7.8700000e+01  -6.1194118e+01   1.0150706e+01
   7.8800000e+01  -3.6194118e+01   9.1507059e+00
   7.8900000e+01   9.7805882e+01  -3.5209294e+01
   7.9000000e+01   3.8058824e+00   3.7550706e+01
   7.9100000e+01  -2.1941176e+00  -7.7209294e+01
   7.9200000e+01  -1.6194118e+01  -3.8649294e+01
   7.9300000e+01  -7.0194118e+01   7.1510706e+01
   7.9400000e+01  -8.1194118e+01  -1.5049294e+01
   7.9500000e+01  -1.5194118e+01  -7.6892941e+00
   7.9600000e+01   1.0680588e+02  -7.5692941e+00
   7.9700000e+01  -3.5194118e+01  -4.8892941e+00
   7.9800000e+01  -5.0194118e+01  -3.2892941e+00
   7.9900000e+01   5.9805882e+01  -5.1689294e+01
   8.0000000e+01  -6.2194118e+01   7.1907059e+00
   8.0100000e+01  -6.6194118e+01  -2.1649294e+01
   8.0200000e+01  -4.3194118e+01  -5.6929412e-01
   8.0300000e+01  -2.7194118e+01  -7.1209294e+01
   8.0400000e+01  -5.9194118e+01  -7.9292941e+00
   8.0500000e+01  -1.4194118e+01   1.3270706e+01
   8.0600000e+01  -4.8194118e+01  -4.6369294e+01
   8.0700000e+01   9.8058824e+00  -3.9689294e+01
   8.0800000e+01  -9.0194118e+01  -2.3689294e+01
   8.0900000e+01   3.8805882e+01   2.4150706e+01
   8.1000000e+01   4.2805882e+01  -2.8009294e+01
   8.1100000e+01  -9.9194118e+01  -7.1329294e+01
   8.1200000e+01  -1.7194118e+01   4.4390706e+01
   8.1300000e+01   2.9805882e+01  -2.6489294e+01
   8.1400000e+01   6.2805882e+01   2.1190706e+01
   8.1500000e+01   1.6280588e+02  -5.4809294e+01
   8.1600000e+01   2.3805882e+01  -3.6249294e+01
   8.1700000e+01   6.5805882e+01   2.0707059e+00
   8.1800000e+01   2.6805882e+01  -4.3692941e+00
   8.1900000e+01  -6.7194118e+01   2.4390706e+01
   8.2000000e+01  -4.8194118e+01  -1.9369294e+01
   8.2100000e+01   1.2805882e+01   3.8190706e+01
   8.2200000e+01  -3.1941176e+00   3.2830706e+01
   8.2300000e+01   5.8805882e+01  -5.6492941e+00
   8.2400000e+01   6.8058824e+00  -1.8569294e+01
   8.2500000e+01   1.0680588e+02  -3.3569294e+01
   8.2600000e+01   5.4805882e+01  -3.4489294e+01
   8.2700000e+01  -7.8194118e+01  -1.2169294e+01
   8.2800000e+01  -4.9194118e+01  -1.7329294e+01
   8.2900000e+01  -7.1194118e+01  -5.0449294e+01
   8.3000000e+01  -2.5194118e+01  -1.8289294e+01
   8.3100000e+01  -9.1194118e+01  -5.8649294e+01
   8.3200000e+01   1.6805882e+01   1.0030706e+01
   8.3300000e+01   1.9805882e+01  -3.0892941e+00
   8.3400000e+01   1.9805882e+01  -1.8089294e+01
   8.3500000e+01   1.4180588e+02   2.2030706e+01
   8.3600000e+01  -5.1194118e+01   1.9750706e+01
   8.3700000e+01  -4.5194118e+01  -4.8929412e-01
   8.3800000e+01  -3.5194118e+01  -1.2889294e+01
   8.3900000e+01  -2.7194118e+01  -5.1209294e+01
   8.4000000e+01   2.3805882e+01  -2.4929412e-01
   8.4100000e+01   2.1805882e+01   2.8830706e+01
   8.4200000e+01  -7.3194118e+01  -2.7369294e+01
   8.4300000e+01   4.7805882e+01  -1.9209294e+01
   8.4400000e+01   1.3780588e+02  -2.5809294e+01
   8.4500000e+01  -6.8194118e+01   2.4307059e+00
   8.4600000e+01   7.8058824e+00  -4.6609294e+01
   8.4700000e+01  -8.5194118e+01  -3.6889294e+01
   8.4800000e+01  -6.1941176e+00  -1.9049294e+01
   8.4900000e+01   2.0805882e+01  -4.1292941e+00
   8.5000000e+01  -1.0519412e+02  -3.7089294e+01
   8.5100000e+01   1.1180588e+02  -4.9769294e+01
   8.5200000e+01  -1.4194118e+01   1.2707059e+00
   8.5300000e+01   4.8058824e+00  -2.5489294e+01
   8.5400000e+01   2.6805882e+01   5.3630706e+01
   8.5500000e+01  -1.2194118e+01  -2.9809294e+01
   8.5600000e+01   6.7805882e+01  -6.9009294e+01
   8.5700000e+01   1.2805882e+01  -1.0809294e+01
   8.5800000e+01   2.1805882e+01  -4.5169294e+01
   8.5900000e+01  -8.1941176e+00  -1.1969294e+01
   8.6000000e+01   4.8058824e+00  -3.1489294e+01
   8.6100000e+01  -3.3194118e+01   2.8030706e+01
   8.6200000e+01   7.6805882e+01  -9.3692941e+00
   8.6300000e+01  -1.9194118e+01   1.0747071e+02
   8.6400000e+01  -2.6194118e+01   8.5750706e+01
   8.6500000e+01   4.8805882e+01   6.5750706e+01
   8.6600000e+01  -8.4194118e+01   9.0070706e+01
   8.6700000e+01  -4.1941176e+00  -4.7129294e+01
   8.6800000e+01   1.1280588e+02   1.3019071e+02
   8.6900000e+01   7.3805882e+01  -2.5249294e+01
   8.7000000e+01  -8.1941176e+00  -5.5969294e+01
   8.7100000e+01   9.3805882e+01   6.9507059e+00
   8.7200000e+01   3.2805882e+01  -1.5609294e+01
   8.7300000e+01  -2.1941176e+00  -3.7209294e+01
   8.7400000e+01   7.4805882e+01  -2.8289294e+01
   8.7500000e+01   6.9805882e+01   1.3910706e+01
   8.7600000e+01   3.8805882e+01   1.1150706e+01
   8.7700000e+01  -3.3194118e+01  -1.5969294e+01
   8.7800000e+01   8.8058824e+00  -8.6492941e+00
   8.7900000e+01  -3.4194118e+01  -1.9929294e+01
   8.8000000e+01   3.9805882e+01   4.1107059e+00
   8.8100000e+01   3.6805882e+01  -5.7692941e+00
   8.8200000e+01   8.5805882e+01   2.6270706e+01
   8.8300000e+01   8.8805882e+01  -2.4849294e+01
   8.8400000e+01  -1.2319412e+02  -1.6369294e+01
   8.8500000e+01  -1.8194118e+01   8.6430706e+01
   8.8600000e+01   6.2805882e+01   5.0190706e+01
   8.8700000e+01   1.0805882e+01   1.2707059e+00
   8.8800000e+01   3.4805882e+01  -2.9689294e+01
   8.8900000e+01  -4.0194118e+01   4.0310706e+01
   8.9000000e+01   1.2080588e+02   5.8870706e+01
   8.9100000e+01   5.9805882e+01   1.8310706e+01
   8.9200000e+01   6.7805882e+01  -3.4009294e+01
   8.9300000e+01  -1.9411765e-01  -1.2289294e+01
   8.9400000e+01  -3.8194118e+01  -1.3769294e+01
   8.9500000e+01   3.1805882e+01   7.4307059e+00
   8.9600000e+01  -6.0194118e+01   9.3110706e+01
   8.9700000e+01   9.7805882e+01   8.4790706e+01
   8.9800000e+01   1.3580588e+02  -4.7729294e+01
   8.9900000e+01  -1.0719412e+02  -2.8009294e+01
   9.0000000e+01  -1.8194118e+01  -6.0569294e+01
   9.0100000e+01  -9.4194118e+01   3.1470706e+01
   9.0200000e+01  -6.1941176e+00  -8.0492941e+00
   9.0300000e+01   7.8805882e+01  -6.4492941e+00
   9.0400000e+01   2.4805882e+01  -2.4289294e+01
   9.0500000e+01  -3.9194118e+01   4.2707059e+00
   9.0600000e+01  -1.5194118e+01   6.1310706e+01
   9.0700000e+01   6.5805882e+01  -2.1929294e+01
   9.0800000e+01   3.1805882e+01  -5.1569294e+01
   9.0900000e+01  -2.5194118e+01   1.2971071e+02
   9.1000000e+01  -6.1941176e+00   1.9507059e+00
   9.1100000e+01  -5.8194118e+01   3.0705882e-02
   9.1200000e+01  -4.2194118e+01   2.5390706e+01
   9.1300000e+01  -6.0194118e+01  -2.9889294e+01
   9.1400000e+01   9.3805882e+01   1.0950706e+01
   9.1500000e+01   2.6805882e+01   3.5630706e+01
   9.1600000e+01   6.9805882e+01  -4.0089294e+01
   9.1700000e+01  -2.3194118e+01   5.5630706e+01
   9.1800000e+01   9.9805882e+01  -1.0289294e+01
   9.1900000e+01  -1.5194118e+01  -4.6892941e+00
   9.2000000e+01  -2.4194118e+01   2.0670706e+01
   9.2100000e+01  -7.4194118e+01  -5.3292941e+00
   9.2200000e+01  -1.9194118e+01  -5.2529294e+01
   9.2300000e+01  -5.8194118e+01   2.3030706e+01
   9.2400000e+01   5.7805882e+01   5.9390706e+01
   9.2500000e+01   8.0588235e-01   3.2670706e+01
   9.2600000e+01   1.9805882e+01  -3.9089294e+01
   9.2700000e+01  -5.7194118e+01   5.2990706e+01
   9.2800000e+01   2.2805882e+01   1.5790706e+01
   9.2900000e+01  -3.5194118e+01   2.0110706e+01
   9.3000000e+01  -1.9194118e+01   2.0470706e+01
   9.3100000e+01   8.8058824e+00   2.7350706e+01
   9.3200000e+01   7.2805882e+01   1.8790706e+01
   9.3300000e+01  -3.6194118e+01  -8.4929412e-01
   9.3400000e+01  -2.9194118e+01   4.8870706e+01
   9.3500000e+01  -1.2194118e+01  -1.8809294e+01
   9.3600000e+01  -2.1941176e+00  -6.3209294e+01
   9.3700000e+01  -1.2319412e+02  -1.6369294e+01
   9.3800000e+01   2.2805882e+01   3.1790706e+01
   9.3900000e+01  -5.5194118e+01  -2.6089294e+01
   9.4000000e+01  -5.1941176e+00  -5.0892941e+00
   9.4100000e+01  -1.1941176e+00  -2.2249294e+01
   9.4200000e+01  -1.1941176e+00  -2.4929412e-01
   9.4300000e+01  -2.1194118e+01  -4.4929412e-01
   9.4400000e+01   1.2805882e+01  -9.3809294e+01
   9.4500000e+01  -6.7194118e+01  -1.9609294e+01
   9.4600000e+01  -6.7194118e+01   3.7390706e+01
   9.4700000e+01  -4.8194118e+01  -4.3692941e+00
   9.4800000e+01   6.5805882e+01  -3.5929294e+01
   9.4900000e+01  -7.0194118e+01  -4.7489294e+01
   9.5000000e+01  -5.6194118e+01  -9.0492941e+00
   9.5100000e+01  -3.7194118e+01  -7.8092941e+00
   9.5200000e+01  -6.5194118e+01  -5.0689294e+01
   9.5300000e+01   5.1805882e+01   2.0630706e+01
   9.5400000e+01   3.6805882e+01   3.2307059e+00
   9.5500000e+01   1.0580588e+02  -6.4529294e+01
   9.5600000e+01  -6.2194118e+01  -5.1809294e+01
   9.5700000e+01   8.8058824e+00  -5.0649294e+01
   9.5800000e+01   8.6805882e+01  -5.4769294e+01
   9.5900000e+01   3.8805882e+01   3.8150706e+01
   9.6000000e+01   4.3805882e+01  -3.2049294e+01
   9.6100000e+01   8.6805882e+01  -3.7692941e+00
   9.6200000e+01  -1.1619412e+02   7.3507059e+00
   9.6300000e+01  -1.0194118e+01  -2.8889294e+01
   9.6400000e+01   3.5805882e+01   1.8270706e+01
   9.6500000e+01   1.5805882e+01   1.8070706e+01
   9.6600000e+01  -7.3194118e+01   3.9630706e+01
   9.6700000e+01   1.8058824e+00   4.3630706e+01
   9.6800000e+01  -7.9194118e+01  -5.7129294e+01
   9.6900000e+01  -2.7194118e+01  -2.2092941e+00
   9.7000000e+01   1.9805882e+01  -2.5089294e+01
   9.7100000e+01  -3.1194118e+01   2.2950706e+01
   9.7200000e+01  -1.1941176e+00  -1.9249294e+01
   9.7300000e+01  -1.6194118e+01   1.8350706e+01
   9.7400000e+01  -6.4194118e+01   2.6270706e+01
   9.7500000e+01  -5.4194118e+01   2.2870706e+01
   9.7600000e+01   6.6805882e+01  -5.7969294e+01
   9.7700000e+01  -1.6194118e+01  -2.9649294e+01
   9.7800000e+01   6.8805882e+01   2.6950706e+01
   9.7900000e+01   1.7805882e+01   1.5990706e+01
   9.8000000e+01   1.0080588e+02  -1.4329294e+01
   9.8100000e+01   1.3805882e+01  -2.4849294e+01
   9.8200000e+01   8.5805882e+01   1.2270706e+01
   9.8300000e+01   5.8058824e+00  -4.5292941e+00
   9.8400000e+01   4.0805882e+01  -5.2929294e+01
   9.8500000e+01   2.2805882e+01   2.7790706e+01
   9.8600000e+01   2.8058824e+00   2.8590706e+01
   9.8700000e+01  -3.3194118e+01  -2.2969294e+01
   9.8800000e+01   4.2805882e+01  -2.3009294e+01
   9.8900000e+01  -4.5194118e+01   5.1070588e-01
   9.9000000e+01  -3.7194118e+01  -1.8092941e+00
   9.9100000e+01   3.6805882e+01   3.1230706e+01
   9.9200000e+01  -2.9194118e+01   2.4870706e+01
   9.9300000e+01   7.0805882e+01   4.9870706e+01
   9.9400000e+01   1.0780588e+02  -3.9609294e+01
   9.9500000e+01   2.2805882e+01   6.0790706e+01
   9.9600000e+01   3.4805882e+01   4.1310706e+01
   9.9700000e+01  -3.4194118e+01   4.7070706e+01
   9.9800000e+01  -2.4194118e+01   2.5670706e+01
   9.9900000e+01  -2.9194118e+01   3.6870706e+01
