   0.0000000e+00   2.4801290e+02   1.3384736e+02
   1.0000000e-01   2.9001290e+02   1.2116736e+02
   2.0000000e-01   3.0201290e+02   2.0068736e+02
   3.0000000e-01   2.8001290e+02   2.3756736e+02
   4.0000000e-01   3.4101290e+02   1.0412736e+02
   5.0000000e-01   2.1701290e+02   2.0008736e+02
   6.0000000e-01   4.5501290e+02   1.1956736e+02
   7.0000000e-01   2.9201290e+02   1.0908736e+02
   8.0000000e-01   2.3801290e+02   1.6324736e+02
   9.0000000e-01   2.0801290e+02   1.3447362e+01
   1.0000000e+00   1.7401290e+02   1.2380736e+02
   1.1000000e+00   3.6901290e+02   6.1007362e+01
   1.2000000e+00   2.1201290e+02   1.4528736e+02
   1.3000000e+00   2.6601290e+02   1.2812736e+02
   1.4000000e+00   2.4101290e+02   1.1312736e+02
   1.5000000e+00   3.5801290e+02   5.5447362e+01
   1.6000000e+00   2.5701290e+02   5.7487362e+01
   1.7000000e+00   1.2501290e+02   1.3976736e+02
   1.8000000e+00   2.1801290e+02   1.4104736e+02
   1.9000000e+00   2.9501290e+02   1.2596736e+02
   2.0000000e+00   2.0401290e+02   6.5607362e+01
   2.1000000e+00   2.3101290e+02   7.1527362e+01
   2.2000000e+00   3.5801290e+02   3.0447362e+01
   2.3000000e+00   3.3801290e+02   1.4524736e+02
   2.4000000e+00   1.4701290e+02   1.0888736e+02
   2.5000000e+00   1.3701290e+02   1.3228736e+02
   2.6000000e+00   2.8301290e+02   8.4447362e+01
   2.7000000e+00   3.1701290e+02   8.3087362e+01
   2.8000000e+00   3.8801290e+02   1.1524736e+02
   2.9000000e+00   1.7301290e+02   1.4884736e+02
   3.0000000e+00   1.9601290e+02   6.7927362e+01
   3.1000000e+00   2.1201290e+02   3.3287362e+01
   3.2000000e+00   2.0301290e+02   1.7564736e+02
   3.3000000e+00   1.9901290e+02   1.5480736e+02
   3.4000000e+00   1.8401290e+02   1.4540736e+02
   3.5000000e+00   2.1201290e+02   1.5528736e+02
   3.6000000e+00   2.2801290e+02   7.4647362e+01
   3.7000000e+00   2.0601290e+02   6.1527362e+01
   3.8000000e+00   2.4701290e+02   3.9887362e+01
   3.9000000e+00   2.2001290e+02   1.5196736e+02
   4.0000000e+00   3.2601290e+02   2.5727362e+01
   4.1000000e+00   1.9301290e+02   1.3804736e+02
   4.2000000e+00   2.0301290e+02   1.1164736e+02
   4.3000000e+00   3.3401290e+02   1.1640736e+02
   4.4000000e+00   1.9901290e+02   1.0780736e+02
   4.5000000e+00   4.0201290e+02   1.7968736e+02
   4.6000000e+00   1.7201290e+02   1.6788736e+02
   4.7000000e+00   4.0601290e+02   5.5527362e+01
   4.8000000e+00   3.3701290e+02   1.6628736e+02
   4.9000000e+00   1.5401290e+02   6.7607362e+01
   5.0000000e+00   3.6801290e+02   4.0473623e+00
   5.1000000e+00   2.1201290e+02   9.8287362e+01
   5.2000000e+00   2.7101290e+02   1.8692736e+02
   5.3000000e+00   2.7301290e+02   1.0084736e+02
   5.4000000e+00   1.9101290e+02   1.4612736e+02
   5.5000000e+00   3.8801290e+02   8.3247362e+01
   5.6000000e+00   2.2401290e+02   7.6807362e+01
   5.7000000e+00   1.1001290e+02   1.0236736e+02
   5.8000000e+00   2.4701290e+02   7.3887362e+01
   5.9000000e+00   1.0201290e+02   1.4168736e+02
   6.0000000e+00   2.1301290e+02   8.6247362e+01
   6.1000000e+00   1.4701290e+02   1.4088736e+02
   6.2000000e+00   2.3701290e+02   1.4528736e+02
   6.3000000e+00   2.0301290e+02   7.9647362e+01
   6.4000000e+00   3.9701290e+02   3.5887362e+01
   6.5000000e+00   3.3301290e+02   1.4944736e+02
   6.6000000e+00   1.5701290e+02   4.0487362e+01
   6.7000000e+00   2.4101290e+02   4.5127362e+01
   6.8000000e+00   1.8801290e+02   1.1624736e+02
   6.9000000e+00   2.1001290e+02   5.1367362e+01
   7.0000000e+00   2.5101290e+02   1.7172736e+02
   7.1000000e+00   3.1601290e+02   1.0212736e+02
   7.2000000e+00   1.5401290e+02   8.1607362e+01
   7.3000000e+00   2.6301290e+02   5.4247362e+01
   7.4000000e+00   1.4301290e+02   4.5047362e+01
   7.5000000e+00   3.1701290e+02   1.3708736e+02
   7.6000000e+00   1.6901290e+02   1.0007362e+01
   7.7000000e+00   4.0701290e+02   6.9487362e+01
   7.8000000e+00   2.3201290e+02   1.2248736e+02
   7.9000000e+00   1.2601290e+02   1.3672736e+02
   8.0000000e+00   1.8601290e+02   1.0732736e+02
   8.1000000e+00   1.5201290e+02   7.8687362e+01
   8.2000000e+00   2.3901290e+02   1.5020736e+02
   8.3000000e+00   2.4301290e+02   1.1104736e+02
   8.4000000e+00   2.2501290e+02   1.3676736e+02
   8.5000000e+00   2.5301290e+02   1.4864736e+02
   8.6000000e+00   1.5401290e+02   1.7360736e+02
   8.7000000e+00   3.1801290e+02   1.2604736e+02
   8.8000000e+00   1.2301290e+02   1.3784736e+02
   8.9000000e+00   3.8901290e+02   8.0207362e+01
   9.0000000e+00   1.6901290e+02   5.6007362e+01
   9.1000000e+00   6.4012896e+01   7.1207362e+01
   9.2000000e+00   3.8501290e+02   1.7736736e+02
   9.3000000e+00   1.5201290e+02   1.3468736e+02
   9.4000000e+00   4.1901290e+02   1.5100736e+02
   9.5000000e+00   1.6301290e+02   1.9524736e+02
   9.6000000e+00   2.3301290e+02   1.0844736e+02
   9.7000000e+00   1.9901290e+02   2.1280736e+02
   9.8000000e+00   2.6301290e+02   1.5524736e+02
   9.9000000e+00   3.5901290e+02   7.9407362e+01
   1.0000000e+01   1.2601290e+02   6.0727362e+01
   1.0100000e+01   2.7101290e+02   2.1927362e+01
   1.0200000e+01   3.6101290e+02   1.0132736e+02
   1.0300000e+01   3.7501290e+02   1.4767362e+01
   1.0400000e+01   1.6801290e+02   5.2047362e+01
   1.0500000e+01   2.1401290e+02   1.0920736e+02
   1.0600000e+01   3.7901290e+02   7.6607362e+01
   1.0700000e+01   2.8201290e+02   1.9548736e+02
   1.0800000e+01   3.9201290e+02   1.0808736e+02
   1.0900000e+01   1.8701290e+02   1.9928736e+02
   1.1000000e+01   1.2901290e+02   1.7360736e+02
   1.1100000e+01   1.6601290e+02   9.8127362e+01
   1.1200000e+01   5.4601290e+02   1.1792736e+02
   1.1300000e+01   2.2601290e+02   1.9672736e+02
   1.1400000e+01   1.5701290e+02   6.9487362e+01
   1.1500000e+01   2.6201290e+02   1.3828736e+02
   1.1600000e+01   3.3501290e+02   1.5436736e+02
   1.1700000e+01   1.0401290e+02   9.6607362e+01
   1.1800000e+01   2.8801290e+02   4.9247362e+01
   1.1900000e+01   3.7701290e+02   8.9687362e+01
   1.2000000e+01   1.9101290e+02   1.4012736e+02
   1.2100000e+01   1.4001290e+02   1.3916736e+02
   1.2200000e+01   2.6801290e+02   3.9047362e+01
   1.2300000e+01   1.7301290e+02   1.0684736e+02
   1.2400000e+01   1.6901290e+02   6.1007362e+01
   1.2500000e+01   1.8301290e+02   1.5444736e+02
   1.2600000e+01   3.4301290e+02   1.2504736e+02
   1.2700000e+01   2.9501290e+02   6.9967362e+01
   1.2800000e+01   1.5901290e+02   5.2407362e+01
   1.2900000e+01   2.2201290e+02   7.4887362e+01
   1.3000000e+01   1.7601290e+02   1.1172736e+02
   1.3100000e+01   2.0601290e+02   5.7527362e+01
   1.3200000e+01   1.6001290e+02   1.1636736e+02
   1.3300000e+01   1.7601290e+02   1.2772736e+02
   1.3400000e+01   1.3201290e+02   1.2948736e+02
   1.3500000e+01   2.7701290e+02   5.3687362e+01
   1.3600000e+01   1.9901290e+02   1.3880736e+02
   1.3700000e+01   1.8901290e+02   1.0820736e+02
   1.3800000e+01   2.6901290e+02   9.4007362e+01
   1.3900000e+01   3.3201290e+02   9.7487362e+01
   1.4000000e+01   3.5201290e+02   6.4687362e+01
   1.4100000e+01   1.7201290e+02   1.3988736e+02
   1.4200000e+01   2.9101290e+02   7.6127362e+01
   1.4300000e+01   7.3012896e+01   1.2884736e+02
   1.4400000e+01   1.6301290e+02   1.4124736e+02
   1.4500000e+01   1.6101290e+02   1.0032736e+02
   1.4600000e+01   1.8701290e+02   1.3228736e+02
   1.4700000e+01   2.3101290e+02   1.8252736e+02
   1.4800000e+01   1.8401290e+02   4.0736225e-01
   1.4900000e+01   2.9601290e+02   2.3092736e+02
   1.5000000e+01   1.2601290e+02   1.2272736e+02
   1.5100000e+01   2.9001290e+02   8.6167362e+01
   1.5200000e+01   1.7401290e+02   6.3807362e+01
   1.5300000e+01   1.7401290e+02   8.3807362e+01
   1.5400000e+01   1.1601290e+02   5.2127362e+01
   1.5500000e+01   1.8501290e+02   1.5036736e+02
   1.5600000e+01   2.9801290e+02   1.8384736e+02
   1.5700000e+01   2.0101290e+02   1.3672736e+02
   1.5800000e+01   1.5801290e+02   1.0744736e+02
   1.5900000e+01   2.0901290e+02   2.3407362e+01
   1.6000000e+01   2.5301290e+02   1.1864736e+02
   1.6100000e+01   1.8801290e+02   1.3524736e+02
   1.6200000e+01   3.0001290e+02   1.0576736e+02
   1.6300000e+01   3.5801290e+02   1.9644736e+02
   1.6400000e+01   1.5401290e+02   1.6460736e+02
   1.6500000e+01   1.1501290e+02   1.2016736e+02
   1.6600000e+01   2.1601290e+02   5.7127362e+01
   1.6700000e+01   1.7501290e+02   1.5767362e+01
   1.6800000e+01   3.3801290e+02   1.1724736e+02
   1.6900000e+01   1.7501290e+02   8.6767362e+01
   1.7000000e+01   2.6901290e+02   1.5800736e+02
   1.7100000e+01   3.0301290e+02   8.6647362e+01
   1.7200000e+01   2.2701290e+02   1.0768736e+02
   1.7300000e+01   3.6401290e+02   1.3020736e+02
   1.7400000e+01   2.1301290e+02   1.0124736e+02
   1.7500000e+01   2.9701290e+02   1.3388736e+02
   1.7600000e+01   2.8001290e+02   2.3567362e+01
   1.7700000e+01   3.6201290e+02   2.6287362e+01
   1.7800000e+01   3.9012896e+01   2.0020736e+02
   1.7900000e+01   2.1701290e+02   2.8087362e+01
   1.8000000e+01   4.2101290e+02   3.2927362e+01
   1.8100000e+01   5.4401290e+02  -3.4992638e+01
   1.8200000e+01   3.5901290e+02   4.0736225e-01
   1.8300000e+01   3.5101290e+02   1.2727362e+01
   1.8400000e+01   2.6201290e+02   7.2873623e+00
   1.8500000e+01   3.8701290e+02  -7.7126377e+00
   1.8600000e+01   2.9001290e+02   2.1167362e+01
   1.8700000e+01   4.2001290e+02  -3.0326377e+00
   1.8800000e+01   2.9201290e+02  -7.9126377e+00
   1.8900000e+01   3.6001290e+02   3.0367362e+01
   1.9000000e+01   3.4601290e+02   1.9927362e+01
   1.9100000e+01   4.1101290e+02  -3.2672638e+01
   1.9200000e+01   3.9501290e+02  -2.5032638e+01
   1.9300000e+01   2.7201290e+02   1.1388736e+02
   1.9400000e+01   3.8301290e+02   4.4473623e+00
   1.9500000e+01   3.0401290e+02   1.0607362e+01
   1.9600000e+01   5.0101290e+02  -4.9272638e+01
   1.9700000e+01   2.1901290e+02  -3.4992638e+01
   1.9800000e+01   3.5201290e+02  -5.1312638e+01
   1.9900000e+01   3.0301290e+02   3.7647362e+01
   2.0000000e+01   4.5801290e+02   5.4473623e+00
   2.0100000e+01   3.7101290e+02  -8.0726377e+00
   2.0200000e+01   2.6701290e+02  -1.1912638e+01
   2.0300000e+01   3.5501290e+02  -4.1432638e+01
   2.0400000e+01   2.6801290e+02   3.6047362e+01
   2.0500000e+01   3.4301290e+02  -2.1952638e+01
   2.0600000e+01   4.3201290e+02   2.6487362e+01
   2.0700000e+01   4.1101290e+02  -3.0672638e+01
   2.0800000e+01   4.3101290e+02  -3.0472638e+01
   2.0900000e+01   4.0901290e+02  -2.9592638e+01
   2.1000000e+01   3.3101290e+02  -4.5472638e+01
   2.1100000e+01   1.7601290e+02   6.6727362e+01
   2.1200000e+01   2.9101290e+02  -3.1872638e+01
   2.1300000e+01   3.3901290e+02   3.0207362e+01
   2.1400000e+01   3.2601290e+02   5.7727362e+01
   2.1500000e+01   5.5701290e+02  -2.6512638e+01
   2.1600000e+01   1.8401290e+02  -5.9263775e-01
   2.1700000e+01   2.2301290e+02  -1.3152638e+01
   2.1800000e+01   5.0101290e+02   4.9727362e+01
   2.1900000e+01   2.8201290e+02  -3.0512638e+01
   2.2000000e+01   3.9701290e+02   3.8873623e+00
   2.2100000e+01   2.4401290e+02  -1.7992638e+01
   2.2200000e+01   4.1701290e+02  -1.3912638e+01
   2.2300000e+01   3.5601290e+02   2.2527362e+01
   2.2400000e+01   2.5801290e+02   1.5447362e+01
   2.2500000e+01   2.0601290e+02  -6.7472638e+01
   2.2600000e+01   3.5001290e+02   6.4767362e+01
   2.2700000e+01   3.5401290e+02   1.7607362e+01
   2.2800000e+01   4.7001290e+02  -3.6032638e+01
   2.2900000e+01   2.9601290e+02  -1.4072638e+01
   2.3000000e+01   2.6001290e+02  -4.4632638e+01
   2.3100000e+01   2.7601290e+02  -2.5272638e+01
   2.3200000e+01   5.1201290e+02  -4.2712638e+01
   2.3300000e+01   2.7101290e+02   4.4927362e+01
   2.3400000e+01   5.1101290e+02   1.5327362e+01
   2.3500000e+01   2.9401290e+02   3.5007362e+01
   2.3600000e+01   2.7701290e+02   3.0687362e+01
   2.3700000e+01   4.1601290e+02  -2.8872638e+01
   2.3800000e+01   3.0101290e+02   6.7273623e+00
   2.3900000e+01   3.7901290e+02   1.0607362e+01
   2.4000000e+01   2.7901290e+02  -6.7392638e+01
   2.4100000e+01   4.9901290e+02  -2.1926377e+00
   2.4200000e+01   4.6801290e+02   3.8047362e+01
   2.4300000e+01   3.7501290e+02  -2.7232638e+01
   2.4400000e+01   3.3601290e+02   6.1327362e+01
   2.4500000e+01   3.4301290e+02  -3.7952638e+01
   2.4600000e+01   2.4701290e+02   6.8887362e+01
   2.4700000e+01   2.9301290e+02   9.2047362e+01
   2.4800000e+01   3.3401290e+02   5.2407362e+01
   2.4900000e+01   3.0701290e+02   3.1487362e+01
   2.5000000e+01   2.4601290e+02   1.6927362e+01
   2.5100000e+01   4.0201290e+02   2.7687362e+01
   2.5200000e+01   2.5001290e+02  -1.0232638e+01
   2.5300000e+01   3.1701290e+02   8.2087362e+01
   2.5400000e+01   3.7501290e+02  -3.2326377e+00
   2.5500000e+01   3.2801290e+02   1.0647362e+01
   2.5600000e+01   3.2401290e+02   1.7807362e+01
   2.5700000e+01   3.9701290e+02   3.5887362e+01
   2.5800000e+01   3.0801290e+02   4.0447362e+01
   2.5900000e+01   2.8901290e+02   8.8207362e+01
   2.6000000e+01   4.2901290e+02   2.7607362e+01
   2.6100000e+01   4.4501290e+02   3.4967362e+01
   2.6200000e+01   2.3201290e+02  -3.5126377e+00
   2.6300000e+01   3.5901290e+02   1.8407362e+01
   2.6400000e+01   3.6701290e+02   1.6087362e+01
   2.6500000e+01   3.4901290e+02   4.8073623e+00
   2.6600000e+01   2.8001290e+02  -4.3263775e-01
   2.6700000e+01   2.7501290e+02   2.7767362e+01
   2.6800000e+01   2.5301290e+02   6.4736225e-01
   2.6900000e+01   3.9801290e+02   6.8473623e+00
   2.7000000e+01   3.2901290e+02  -5.3926377e+00
   2.7100000e+01   2.9501290e+02  -3.7032638e+01
   2.7200000e+01   2.7101290e+02   1.6927362e+01
   2.7300000e+01   3.1501290e+02   1.8167362e+01
   2.7400000e+01   4.2601290e+02   5.7273623e+00
   2.7500000e+01   2.6001290e+02   1.2367362e+01
   2.7600000e+01   2.5501290e+02   1.5673623e+00
   2.7700000e+01   5.1501290e+02  -9.8326377e+00
   2.7800000e+01   3.1201290e+02  -3.8712638e+01
   2.7900000e+01   2.1501290e+02  -1.1832638e+01
   2.8000000e+01   1.0701290e+02   1.6487362e+01
   2.8100000e+01   5.4901290e+02   1.8807362e+01
   2.8200000e+01   4.3801290e+02   3.2473623e+00
   2.8300000e+01   3.9801290e+02   4.3847362e+01
   2.8400000e+01   4.0801290e+02   4.4447362e+01
   2.8500000e+01   2.4001290e+02   1.5167362e+01
   2.8600000e+01   3.9101290e+02   3.2127362e+01
   2.8700000e+01   2.5401290e+02   5.9607362e+01
   2.8800000e+01   2.2801290e+02   3.9647362e+01
   2.8900000e+01   2.0401290e+02   1.1360736e+02
   2.9000000e+01   4.0301290e+02   1.0647362e+01
   2.9100000e+01   2.2401290e+02   3.2807362e+01
   2.9200000e+01   4.5701290e+02   3.6487362e+01
   2.9300000e+01   2.1101290e+02  -1.6726377e+00
   2.9400000e+01   3.1101290e+02   3.3327362e+01
   2.9500000e+01   2.9901290e+02   1.1807362e+01
   2.9600000e+01   2.6801290e+02   1.8404736e+02
   2.9700000e+01   4.9201290e+02  -2.7912638e+01
   2.9800000e+01   4.1701290e+02   2.0087362e+01
   2.9900000e+01   2.9801290e+02   8.8473623e+00
   3.0000000e+01   2.9001290e+02   5.7167362e+01
   3.0100000e+01   2.9701290e+02   5.6887362e+01
   3.0200000e+01   5.0001290e+02  -3.7232638e+01
   3.0300000e+01   2.6201290e+02   5.5287362e+01
   3.0400000e+01   3.8301290e+02   5.3447362e+01
   3.0500000e+01   2.7501290e+02  -1.0232638e+01
   3.0600000e+01   4.0301290e+02   7.6473623e+00
   3.0700000e+01   2.4801290e+02   1.1847362e+01
   3.0800000e+01   3.9401290e+02  -3.9926377e+00
   3.0900000e+01   1.7901290e+02   5.6607362e+01
   3.1000000e+01   2.4501290e+02   5.9673623e+00
   3.1100000e+01   3.1001290e+02   3.3367362e+01
   3.1200000e+01   3.5501290e+02   5.5673623e+00
   3.1300000e+01   2.1801290e+02  -3.2952638e+01
   3.1400000e+01   3.5001290e+02   6.5767362e+01
   3.1500000e+01   3.4501290e+02   2.9673623e+00
   3.1600000e+01   3.3201290e+02  -3.4512638e+01
   3.1700000e+01   3.9701290e+02  -1.1112638e+01
   3.1800000e+01   3.6801290e+02   1.0473623e+00
   3.1900000e+01   3.1101290e+02   2.3273623e+00
   3.2000000e+01   2.7601290e+02   3.6727362e+01
   3.2100000e+01   4.8901290e+02  -8.7926377e+00
   3.2200000e+01   4.1301290e+02   7.2473623e+00
   3.2300000e+01   2.0201290e+02   4.2687362e+01
   3.2400000e+01   3.5101290e+02  -1.5272638e+01
   3.2500000e+01   3.1101290e+02   6.2327362e+01
   3.2600000e+01   4.1701290e+02   3.5087362e+01
   3.2700000e+01   2.7401290e+02   4.8073623e+00
   3.2800000e+01   6.0001290e+02  -3.0232638e+01
   3.2900000e+01   3.3501290e+02  -5.2632638e+01
   3.3000000e+01   3.2801290e+02  -2.7352638e+01
   3.3100000e+01   1.8501290e+02  -1.2632638e+01
   3.3200000e+01   3.5201290e+02   8.6873623e+00
   3.3300000e+01   2.4301290e+02   2.8047362e+01
   3.3400000e+01   3.2001290e+02   6.9967362e+01
   3.3500000e+01   3.2101290e+02   1.3192736e+02
   3.3600000e+01   3.4901290e+02  -3.1192638e+01
   3.3700000e+01   4.2601290e+02   3.1727362e+01
   3.3800000e+01   5.7501290e+02   9.0767362e+01
   3.3900000e+01   4.0601290e+02  -2.0472638e+01
   3.4000000e+01   1.3601290e+02   1.8327362e+01
   3.4100000e+01   2.5901290e+02  -2.0592638e+01
   3.4200000e+01   3.9301290e+02   4.7047362e+01
   3.4300000e+01   2.1301290e+02   4.3247362e+01
   3.4400000e+01   3.5201290e+02   1.8687362e+01
   3.4500000e+01   5.2601290e+02  -2.9272638e+01
   3.4600000e+01   2.8901290e+02   8.9207362e+01
   3.4700000e+01   4.2401290e+02   7.8073623e+00
   3.4800000e+01   5.4301290e+02   7.7047362e+01
   3.4900000e+01   4.8401290e+02   1.0407362e+01
   3.5000000e+01   3.0501290e+02   5.5567362e+01
   3.5100000e+01   3.7701290e+02   1.6687362e+01
   3.5200000e+01   3.4001290e+02  -6.8326377e+00
   3.5300000e+01   3.5701290e+02  -1.3512638e+01
   3.5400000e+01   3.9701290e+02   1.6887362e+01
   3.5500000e+01   3.2401290e+02  -1.2192638e+01
   3.5600000e+01   2.9401290e+02   4.3007362e+01
   3.5700000e+01   4.4701290e+02   5.4887362e+01
   3.5800000e+01   2.1001290e+02   5.0367362e+01
   3.5900000e+01   3.5001290e+02  -7.2326377e+00
   3.6000000e+01   4.7901290e+02   3.0607362e+01
   3.6100000e+01   3.4901290e+02   2.5807362e+01
   3.6200000e+01   1.5701290e+02   2.7487362e+01
   3.6300000e+01   3.5101290e+02   3.1727362e+01
   3.6400000e+01   4.8801290e+02  -3.4752638e+01
   3.6500000e+01   3.3501290e+02   3.2367362e+01
   3.6600000e+01   3.2701290e+02   6.4687362e+01
   3.6700000e+01   3.9101290e+02  -3.8872638e+01
   3.6800000e+01   3.7801290e+02   3.8647362e+01
   3.6900000e+01   2.3401290e+02   3.2407362e+01
   3.7000000e+01   3.5401290e+02   2.8607362e+01
   3.7100000e+01   3.5601290e+02   5.8527362e+01
   3.7200000e+01   3.3001290e+02   1.3567362e+01
   3.7300000e+01   3.7201290e+02   2.9887362e+01
   3.7400000e+01   1.3101290e+02   9.0527362e+01
   3.7500000e+01   4.4101290e+02  -1.5872638e+01
   3.7600000e+01   1.6001290e+02   5.8367362e+01
   3.7700000e+01   3.7401290e+02  -1.5192638e+01
   3.7800000e+01   7.9012896e+01  -1.2392638e+01
   3.7900000e+01   2.2801290e+02   1.1647362e+01
   3.8000000e+01   1.9801290e+02  -3.4152638e+01
   3.8100000e+01   1.9001290e+02  -1.4832638e+01
   3.8200000e+01   2.7501290e+02  -2.6232638e+01
   3.8300000e+01   4.0201290e+02  -3.0312638e+01
   3.8400000e+01   2.3401290e+02  -6.5926377e+00
   3.8500000e+01   2.7801290e+02  -3.1352638e+01
   3.8600000e+01   1.9401290e+02   3.6007362e+01
   3.8700000e+01   3.0801290e+02  -3.5552638e+01
   3.8800000e+01   2.6001290e+02   1.8367362e+01
   3.8900000e+01   2.5601290e+02   5.2736225e-01
   3.9000000e+01   2.3701290e+02   2.7287362e+01
   3.9100000e+01   3.1401290e+02   5.2073623e+00
   3.9200000e+01   1.3801290e+02   2.2473623e+00
   3.9300000e+01   2.2401290e+02   3.3807362e+01
   3.9400000e+01   2.5501290e+02  -5.6432638e+01
   3.9500000e+01   1.1801290e+02  -4.0952638e+01
   3.9600000e+01   2.5601290e+02   1.2527362e+01
   3.9700000e+01   5.2001290e+02   2.4967362e+01
   3.9800000e+01   3.4901290e+02   1.8807362e+01
   3.9900000e+01   3.1101290e+02  -4.3672638e+01
   4.0000000e+01   1.1301290e+02   2.4247362e+01
   4.0100000e+01   2.7901290e+02   2.9607362e+01
   4.0200000e+01   3.0701290e+02  -1.5126377e+00
   4.0300000e+01   4.2901290e+02   4.0607362e+01
   4.0400000e+01   4.0401290e+02   1.0607362e+01
   4.0500000e+01   2.7501290e+02   6.7767362e+01
   4.0600000e+01   2.9901290e+02   5.6807362e+01
   4.0700000e+01   4.1801290e+02   3.9047362e+01
   4.0800000e+01   1.4701290e+02   2.5887362e+01
   4.0900000e+01   2.8701290e+02  -2.7712638e+01
   4.1000000e+01   3.7901290e+02  -4.3926377e+00
   4.1100000e+01   1.9001290e+02   1.5167362e+01
   4.1200000e+01   2.9301290e+02  -4.8952638e+01
   4.1300000e+01   2.5201290e+02   7.9687362e+01
   4.1400000e+01   3.5401290e+02   1.1360736e+02
   4.1500000e+01   3.6901290e+02   2.0073623e+00
   4.1600000e+01   1.7401290e+02  -4.1926377e+00
   4.1700000e+01   3.0101290e+02  -4.8272638e+01
   4.1800000e+01   2.3601290e+02   1.3327362e+01
   4.1900000e+01   3.6101290e+02   9.3273623e+00
   4.2000000e+01   3.5101290e+02  -3.7272638e+01
   4.2100000e+01   2.7701290e+02   8.2687362e+01
   4.2200000e+01   2.9401290e+02  -4.1992638e+01
   4.2300000e+01   2.4601290e+02   1.5927362e+01
   4.2400000e+01   3.2101290e+02  -1.1072638e+01
   4.2500000e+01   3.2601290e+02   1.6727362e+01
   4.2600000e+01   1.7501290e+02  -3.1232638e+01
   4.2700000e+01   1.8401290e+02   5.4073623e+00
   4.2800000e+01   2.9101290e+02   4.3127362e+01
   4.2900000e+01   4.5301290e+02  -6.5352638e+01
   4.3000000e+01   2.3401290e+02  -1.9592638e+01
   4.3100000e+01   3.3301290e+02  -4.5526377e+00
   4.3200000e+01   3.4701290e+02  -8.2112638e+01
   4.3300000e+01   2.3501290e+02  -1.5632638e+01
   4.3400000e+01   3.6301290e+02   5.2473623e+00
   4.3500000e+01   1.6301290e+02   2.1247362e+01
   4.3600000e+01   2.8701290e+02   9.2873623e+00
   4.3700000e+01   2.8101290e+02   5.2527362e+01
   4.3800000e+01   2.8301290e+02  -6.4552638e+01
   4.3900000e+01   4.1701290e+02  -1.9912638e+01
   4.4000000e+01   3.0201290e+02  -1.0312638e+01
   4.4100000e+01   1.8201290e+02  -4.8512638e+01
   4.4200000e+01   3.9201290e+02   1.1087362e+01
   4.4300000e+01   4.1001290e+02   3.3367362e+01
   4.4400000e+01   3.5401290e+02   1.3607362e+01
   4.4500000e+01   3.1701290e+02  -3.6912638e+01
   4.4600000e+01   3.2201290e+02  -3.0112638e+01
   4.4700000e+01   3.7401290e+02  -4.4192638e+01
   4.4800000e+01   2.9901290e+02  -1.2192638e+01
   4.4900000e+01   3.3801290e+02   2.5247362e+01
   4.5000000e+01   3.5901290e+02   2.9407362e+01
   4.5100000e+01   2.5101290e+02  -4.8272638e+01
   4.5200000e+01   2.5401290e+02   3.6607362e+01
   4.5300000e+01   3.9601290e+02   7.9273623e+00
   4.5400000e+01   3.2101290e+02  -1.9072638e+01
   4.5500000e+01   1.8801290e+02   1.2247362e+01
   4.5600000e+01   3.9501290e+02   1.6967362e+01
   4.5700000e+01   2.4301290e+02  -5.4952638e+01
   4.5800000e+01   3.0401290e+02  -6.0392638e+01
   4.5900000e+01   4.5501290e+02  -4.2432638e+01
   4.6000000e+01   2.6301290e+02  -9.7526377e+00
   4.6100000e+01   3.2501290e+02  -5.5232638e+01
   4.6200000e+01   4.5501290e+02  -2.5432638e+01
   4.6300000e+01   2.0401290e+02  -1.0392638e+01
   4.6400000e+01   3.6601290e+02  -4.1872638e+01
   4.6500000e+01   3.6301290e+02   4.5247362e+01
   4.6600000e+01   2.4901290e+02  -6.1192638e+01
   4.6700000e+01   4.4301290e+02  -4.2952638e+01
   4.6800000e+01   3.3301290e+02  -4.9552638e+01
   4.6900000e+01   3.0301290e+02   4.9647362e+01
   4.7000000e+01   3.8701290e+02   2.9287362e+01
   4.7100000e+01   3.4401290e+02  -2.9926377e+00
   4.7200000e+01   4.4801290e+02   1.8473623e+00
   4.7300000e+01   2.1601290e+02   7.1127362e+01
   4.7400000e+01   3.5601290e+02  -5.4472638e+01
   4.7500000e+01   3.7201290e+02  -3.5112638e+01
   4.7600000e+01   3.3701290e+02   2.9287362e+01
   4.7700000e+01   3.4501290e+02  -2.6032638e+01
   4.7800000e+01   2.1501290e+02  -2.2832638e+01
   4.7900000e+01   3.0801290e+02  -5.8552638e+01
   4.8000000e+01   2.9801290e+02  -1.4152638e+01
   4.8100000e+01   2.5101290e+02  -7.2726377e+00
   4.8200000e+01   3.7401290e+02  -4.1926377e+00
   4.8300000e+01   2.9901290e+02  -5.0192638e+01
   4.8400000e+01   3.3801290e+02   8.0247362e+01
   4.8500000e+01   3.2201290e+02   1.1887362e+01
   4.8600000e+01   4.4601290e+02  -3.3072638e+01
   4.8700000e+01   3.7301290e+02   8.4736225e-01
   4.8800000e+01   3.2401290e+02   8.9807362e+01
   4.8900000e+01   2.9401290e+02   7.5007362e+01
   4.9000000e+01   2.6901290e+02   8.0073623e+00
   4.9100000e+01   2.3501290e+02  -3.6326377e+00
   4.9200000e+01   3.3901290e+02   4.7207362e+01
   4.9300000e+01   2.4701290e+02  -3.8112638e+01
   4.9400000e+01   4.9301290e+02   2.0473623e+00
   4.9500000e+01   3.9401290e+02  -9.9263775e-01
   4.9600000e+01   3.5001290e+02  -5.4232638e+01
   4.9700000e+01   4.7201290e+02  -4.0112638e+01
   4.9800000e+01   3.1401290e+02   1.8207362e+01
   4.9900000e+01   3.1401290e+02  -1.1792638e+01
   5.0000000e+01   2.2901290e+02  -9.3926377e+00
   5.0100000e+01   2.3701290e+02   5.3287362e+01
   5.0200000e+01   2.5901290e+02  -1.4592638e+01
   5.0300000e+01   4.0301290e+02   9.5647362e+01
   5.0400000e+01   2.6601290e+02  -4.7872638e+01
   5.0500000e+01   2.5401290e+02   3.6073623e+00
   5.0600000e+01   3.2601290e+02  -2.3272638e+01
   5.0700000e+01   3.3501290e+02   1.9367362e+01
   5.0800000e+01   3.2401290e+02   7.7807362e+01
   5.0900000e+01   2.0601290e+02  -2.4726377e+00
   5.1000000e+01   2.9701290e+02  -3.1126377e+00
   5.1100000e+01   2.2501290e+02  -5.9232638e+01
   5.1200000e+01   3.9101290e+02   1.6127362e+01
   5.1300000e+01   2.2201290e+02   4.8873623e+00
   5.1400000e+01   2.5001290e+02  -3.4232638e+01
   5.1500000e+01   2.0301290e+02   1.9647362e+01
   5.1600000e+01   2.4701290e+02   9.8873623e+00
   5.1700000e+01   2.1401290e+02   8.2207362e+01
   5.1800000e+01   1.0401290e+02   1.0607362e+01
   5.1900000e+01   2.7101290e+02   2.9927362e+01
   5.2000000e+01   4.1201290e+02   4.2287362e+01
   5.2100000e+01   2.1901290e+02  -1.6992638e+01
   5.2200000e+01   3.5001290e+02   4.7767362e+01
   5.2300000e+01   2.1801290e+02   5.9047362e+01
   5.2400000e+01   1.9401290e+02   3.7007362e+01
   5.2500000e+01   2.6401290e+02  -4.7792638e+01
   5.2600000e+01   2.6501290e+02  -1.3832638e+01
   5.2700000e+01   2.5201290e+02   5.6873623e+00
   5.2800000e+01   1.9901290e+02  -2.2192638e+01
   5.2900000e+01   3.7601290e+02   2.5727362e+01
   5.3000000e+01   1.9001290e+02  -3.8326377e+00
   5.3100000e+01   2.5501290e+02   1.5567362e+01
   5.3200000e+01   2.6601290e+02   2.9127362e+01
   5.3300000e+01   1.8401290e+02   5.6407362e+01
   5.3400000e+01   4.0501290e+02   4.5673623e+00
   5.3500000e+01   3.6301290e+02  -6.7526377e+00
   5.3600000e+01   3.4901290e+02  -2.7192638e+01
   5.3700000e+01   1.3101290e+02  -1.2472638e+01
   5.3800000e+01   3.3701290e+02   6.5287362e+01
   5.3900000e+01   2.4301290e+02   1.3047362e+01
   5.4000000e+01   1.7001290e+02  -3.3032638e+01
   5.4100000e+01   3.7301290e+02   9.8473623e+00
   5.4200000e+01   2.8001290e+02   3.3567362e+01
   5.4300000e+01   3.0401290e+02  -1.3926377e+00
   5.4400000e+01   3.3201290e+02  -3.4512638e+01
   5.4500000e+01   1.5301290e+02  -1.8352638e+01
   5.4600000e+01   2.2501290e+02   6.7673623e+00
   5.4700000e+01   1.8901290e+02  -8.7926377e+00
   5.4800000e+01   1.6101290e+02   2.3273623e+00
   5.4900000e+01   3.0128957e+00  -1.4352638e+01
   5.5000000e+01   3.3401290e+02   2.0407362e+01
   5.5100000e+01   2.4001290e+02   5.1673623e+00
   5.5200000e+01   1.8401290e+02  -3.6592638e+01
   5.5300000e+01   1.0401290e+02  -2.0392638e+01
   5.5400000e+01   2.7601290e+02   4.7273623e+00
   5.5500000e+01   2.0401290e+02  -4.3926377e+00
   5.5600000e+01   2.2201290e+02  -2.1126377e+00
   5.5700000e+01   2.6701290e+02   4.1087362e+01
   5.5800000e+01   3.2001290e+02   4.9967362e+01
   5.5900000e+01   2.8901290e+02  -2.8792638e+01
   5.6000000e+01   2.3901290e+02   2.9207362e+01
   5.6100000e+01   2.1401290e+02   3.0207362e+01
   5.6200000e+01   2.3701290e+02  -3.2712638e+01
   5.6300000e+01   1.9801290e+02  -3.8152638e+01
   5.6400000e+01   1.7901290e+02   1.3607362e+01
   5.6500000e+01   4.5801290e+02  -3.5526377e+00
   5.6600000e+01   2.2601290e+02   9.7273623e+00
   5.6700000e+01   2.4301290e+02  -1.5952638e+01
   5.6800000e+01   2.5801290e+02  -1.3552638e+01
   5.6900000e+01   2.4901290e+02  -2.4192638e+01
   5.7000000e+01   2.2501290e+02   8.7767362e+01
   5.7100000e+01   2.3201290e+02   5.4873623e+00
   5.7200000e+01   3.3501290e+02   1.5367362e+01
   5.7300000e+01   3.0501290e+02   5.5673623e+00
   5.7400000e+01   2.0801290e+02   7.8447362e+01
   5.7500000e+01   2.5101290e+02   7.7273623e+00
   5.7600000e+01   2.1501290e+02  -6.3832638e+01
   5.7700000e+01   1.9501290e+02  -2.8032638e+01
   5.7800000e+01   1.1301290e+02   4.6247362e+01
   5.7900000e+01   3.2701290e+02  -2.1312638e+01
   5.8000000e+01   1.7101290e+02   4.3927362e+01
   5.8100000e+01   2.9201290e+02  -2.8912638e+01
   5.8200000e+01   1.6801290e+02   7.2047362e+01
   5.8300000e+01   3.0101290e+02  -5.1272638e+01
   5.8400000e+01   1.1701290e+02  -5.2912638e+01
   5.8500000e+01   8.0012896e+01  -2.1432638e+01
   5.8600000e+01   2.4901290e+02  -1.4192638e+01
   5.8700000e+01   2.1501290e+02   3.0167362e+01
   5.8800000e+01   9.8012896e+01  -5.5152638e+01
   5.8900000e+01   2.4101290e+02   8.9127362e+01
   5.9000000e+01   1.1301290e+02  -6.0752638e+01
   5.9100000e+01   3.0701290e+02  -2.5126377e+00
   5.9200000e+01   2.0201290e+02   1.8687362e+01
   5.9300000e+01   1.4501290e+02  -2.8032638e+01
   5.9400000e+01   2.8501290e+02  -2.5632638e+01
   5.9500000e+01   2.1101290e+02   3.3273623e+00
   5.9600000e+01   1.7601290e+02  -7.0272638e+01
   5.9700000e+01   2.5201290e+02   3.3687362e+01
   5.9800000e+01   2.4401290e+02   1.6007362e+01
   5.9900000e+01   2.7601290e+02   9.7273623e+00
   6.0000000e+01   2.2001290e+02   4.1967362e+01
   6.0100000e+01   1.8601290e+02   2.2327362e+01
   6.0200000e+01   4.2801290e+02   5.6473623e+00
   6.0300000e+01   2.1701290e+02   3.0873623e+00
   6.0400000e+01   2.6001290e+02   3.6736225e-01
   6.0500000e+01   9.1012896e+01  -6.2872638e+01
   6.0600000e+01   1.1801290e+02  -2.8952638e+01
   6.0700000e+01   2.0301290e+02  -4.3352638e+01
   6.0800000e+01   2.4401290e+02  -5.7992638e+01
   6.0900000e+01   1.8101290e+02   1.0527362e+01
   6.1000000e+01   1.6001290e+02   1.3673623e+00
   6.1100000e+01   2.7201290e+02  -4.2112638e+01
   6.1200000e+01   1.1601290e+02  -2.8872638e+01
   6.1300000e+01   2.0501290e+02  -3.5432638e+01
   6.1400000e+01   1.2801290e+02  -2.6352638e+01
   6.1500000e+01   2.3501290e+02   1.8367362e+01
   6.1600000e+01   2.1801290e+02   1.0304736e+02
   6.1700000e+01   3.0001290e+02  -3.3232638e+01
   6.1800000e+01   2.1301290e+02  -1.9752638e+01
   6.1900000e+01   2.0201290e+02   4.2687362e+01
   6.2000000e+01   2.1301290e+02  -9.7526377e+00
   6.2100000e+01   1.7001290e+02  -3.8032638e+01
   6.2200000e+01   2.8401290e+02  -4.3592638e+01
   6.2300000e+01   3.3801290e+02   2.2473623e+00
   6.2400000e+01   1.3801290e+02   9.2473623e+00
   6.2500000e+01   1.8901290e+02  -5.7926377e+00
   6.2600000e+01   2.3401290e+02   7.4073623e+00
   6.2700000e+01   1.7401290e+02  -4.1926377e+00
   6.2800000e+01   3.2201290e+02  -3.4112638e+01
   6.2900000e+01   1.8301290e+02  -3.5526377e+00
   6.3000000e+01   1.4601290e+02  -2.1072638e+01
   6.3100000e+01   7.0012896e+01  -4.1032638e+01
   6.3200000e+01   1.3101290e+02  -4.5472638e+01
   6.3300000e+01   1.2101290e+02   3.5927362e+01
   6.3400000e+01   3.1101290e+02  -1.9672638e+01
   6.3500000e+01   2.6201290e+02  -1.4712638e+01
   6.3600000e+01   2.9701290e+02  -3.9112638e+01
   6.3700000e+01   4.2701290e+02   9.6873623e+00
   6.3800000e+01   3.0301290e+02   2.8647362e+01
   6.3900000e+01   2.4601290e+02   8.9273623e+00
   6.4000000e+01   3.6901290e+02   4.0073623e+00
   6.4100000e+01   2.9601290e+02  -1.7072638e+01
   6.4200000e+01   1.6701290e+02   2.0873623e+00
   6.4300000e+01   1.6301290e+02   2.7247362e+01
   6.4400000e+01   2.9001290e+02  -4.3832638e+01
   6.4500000e+01   3.4001290e+02  -4.8832638e+01
   6.4600000e+01   2.5101290e+02   1.0727362e+01
   6.4700000e+01   2.3601290e+02  -5.2672638e+01
   6.4800000e+01   3.0301290e+02   5.9647362e+01
   6.4900000e+01   3.3501290e+02   2.0367362e+01
   6.5000000e+01   2.4701290e+02   6.1887362e+01
   6.5100000e+01   2.1201290e+02   1.1287362e+01
   6.5200000e+01   2.4601290e+02   4.2927362e+01
   6.5300000e+01   2.5101290e+02   7.1727362e+01
   6.5400000e+01   3.0501290e+02   4.9567362e+01
   6.5500000e+01   2.7701290e+02  -3.0312638e+01
   6.5600000e+01   2.6201290e+02   4.3287362e+01
   6.5700000e+01   1.6601290e+02  -1.4872638e+01
   6.5800000e+01   1.0501290e+02  -6.4326377e+00
   6.5900000e+01   2.1101290e+02  -5.2672638e+01
   6.6000000e+01   2.1601290e+02   8.9127362e+01
   6.6100000e+01   3.7801290e+02   4.6473623e+00
   6.6200000e+01   3.0101290e+02   4.7727362e+01
   6.6300000e+01   2.4201290e+02  -2.0912638e+01
   6.6400000e+01   2.1701290e+02  -5.9126377e+00
   6.6500000e+01   2.3001290e+02  -3.8432638e+01
   6.6600000e+01   3.6401290e+02   4.8207362e+01
   6.6700000e+01   8.8012896e+01  -4.2752638e+01
   6.6800000e+01   2.5001290e+02  -1.2326377e+00
   6.6900000e+01   2.1701290e+02  -3.7912638e+01
   6.7000000e+01   2.4001290e+02   4.0167362e+01
   6.7100000e+01   2.3201290e+02   2.5487362e+01
   6.7200000e+01   2.2801290e+02  -1.9352638e+01
   6.7300000e+01   1.6301290e+02  -3.5752638e+01
   6.7400000e+01   2.2501290e+02   2.0767362e+01
   6.7500000e+01   2.0201290e+02   4.2687362e+01
   6.7600000e+01   2.8101290e+02   1.0527362e+01
   6.7700000e+01   1.9501290e+02   3.1967362e+01
   6.7800000e+01   2.1101290e+02   2.5327362e+01
   6.7900000e+01   3.1801290e+02  -4.9526377e+00
   6.8000000e+01   2.6701290e+02  -1.4912638e+01
   6.8100000e+01   1.8001290e+02   2.7567362e+01
   6.8200000e+01   2.3701290e+02   7.5287362e+01
   6.8300000e+01   2.7201290e+02   2.8887362e+01
   6.8400000e+01   3.1901290e+02   4.3007362e+01
   6.8500000e+01   4.7012896e+01   5.2887362e+01
   6.8600000e+01   2.1001290e+02  -6.3263775e-01
   6.8700000e+01   1.3801290e+02   7.2473623e+00
   6.8800000e+01   2.0401290e+02   5.6073623e+00
   6.8900000e+01   1.8601290e+02   2.1327362e+01
   6.9000000e+01   1.0901290e+02   2.7407362e+01
   6.9100000e+01   2.2401290e+02  -7.1926377e+00
   6.9200000e+01   2.5101290e+02   5.0727362e+01
   6.9300000e+01   2.4801290e+02  -5.1152638e+01
   6.9400000e+01   1.6601290e+02   2.2127362e+01
   6.9500000e+01   1.5701290e+02  -3.4512638e+01
   6.9600000e+01   1.6601290e+02  -6.3872638e+01
   6.9700000e+01   1.1501290e+02   6.6167362e+01
   6.9800000e+01   3.0201290e+02  -1.2312638e+01
   6.9900000e+01   2.4801290e+02  -4.5152638e+01
   7.0000000e+01   2.1401290e+02  -3.7926377e+00
   7.0100000e+01   1.8801290e+02   7.8247362e+01
   7.0200000e+01   2.1901290e+02  -3.4992638e+01
   7.0300000e+01   2.5701290e+02   6.0487362e+01
   7.0400000e+01   1.8801290e+02   4.4247362e+01
   7.0500000e+01   2.2201290e+02   2.6887362e+01
   7.0600000e+01   2.5901290e+02  -4.9592638e+01
   7.0700000e+01   1.0801290e+02   4.6447362e+01
   7.0800000e+01   1.2401290e+02   2.8807362e+01
   7.0900000e+01   1.7101290e+02   2.5927362e+01
   7.1000000e+01   1.8901290e+02  -4.0792638e+01
   7.1100000e+01   1.6101290e+02   1.2327362e+01
   7.1200000e+01   2.7301290e+02   9.8473623e+00
   7.1300000e+01   2.7901290e+02   8.6073623e+00
   7.1400000e+01   3.2401290e+02  -1.4192638e+01
   7.1500000e+01   2.6201290e+02  -2.6712638e+01
   7.1600000e+01   2.3601290e+02  -1.9672638e+01
   7.1700000e+01   2.5901290e+02   4.6407362e+01
   7.1800000e+01   2.6501290e+02  -1.8326377e+00
   7.1900000e+01   1.9101290e+02   1.1273623e+00
   7.2000000e+01   3.5001290e+02  -5.2326377e+00
   7.2100000e+01   2.3701290e+02  -1.0712638e+01
   7.2200000e+01   1.6101290e+02  -7.6726377e+00
   7.2300000e+01   1.6601290e+02   7.3127362e+01
   7.2400000e+01   2.8701290e+02   8.2873623e+00
   7.2500000e+01   3.3301290e+02   4.3447362e+01
   7.2600000e+01   2.9901290e+02  -1.4192638e+01
   7.2700000e+01   1.2401290e+02  -7.1926377e+00
   7.2800000e+01   1.9601290e+02   1.2927362e+01
   7.2900000e+01   2.8701290e+02   2.7287362e+01
   7.3000000e+01   2.9301290e+02   5.9047362e+01
   7.3100000e+01   2.5301290e+02   4.6473623e+00
   7.3200000e+01   1.8201290e+02   6.0487362e+01
   7.3300000e+01   1.8501290e+02   1.6367362e+01
   7.3400000e+01   1.4401290e+02  -2.4992638e+01
   7.3500000e+01   3.1901290e+02   2.5007362e+01
   7.3600000e+01   1.8001290e+02   7.5673623e+00
   7.3700000e+01   2.2201290e+02   2.3887362e+01
   7.3800000e+01   3.2001290e+02  -1.7032638e+01
   7.3900000e+01   2.3701290e+02  -7.7126377e+00
   7.4000000e+01   2.8001290e+02   7.5673623e+00
   7.4100000e+01   2.7901290e+02  -5.4392638e+01
   7.4200000e+01   4.1001290e+02  -1.0632638e+01
   7.4300000e+01   2.8001290e+02   8.7567362e+01
   7.4400000e+01   2.0701290e+02  -2.4512638e+01
   7.4500000e+01   9.3012896e+01   8.8047362e+01
   7.4600000e+01   3.1201290e+02  -3.0712638e+01
   7.4700000e+01   1.7201290e+02   4.7887362e+01
   7.4800000e+01   2.6301290e+02  -3.8752638e+01
   7.4900000e+01   3.4201290e+02   7.9087362e+01
   7.5000000e+01   1.8601290e+02   2.7327362e+01
   7.5100000e+01   2.3901290e+02  -2.7792638e+01
   7.5200000e+01   1.9101290e+02  -1.5872638e+01
   7.5300000e+01   2.7701290e+02   4.2687362e+01
   7.5400000e+01   2.1501290e+02  -4.4832638e+01
   7.5500000e+01   2.7101290e+02  -7.0726377e+00
   7.5600000e+01   1.6501290e+02   3.1167362e+01
   7.5700000e+01   2.5901290e+02  -2.1592638e+01
   7.5800000e+01   2.1201290e+02   1.2873623e+00
   7.5900000e+01   1.5501290e+02   4.1567362e+01
   7.6000000e+01   2.1101290e+02  -9.6726377e+00
   7.6100000e+01   1.4201290e+02  -7.9126377e+00
   7.6200000e+01   2.7601290e+02   4.9727362e+01
   7.6300000e+01   2.9201290e+02   7.0873623e+00
   7.6400000e+01   1.6801290e+02   1.8047362e+01
   7.6500000e+01   1.2201290e+02   8.8736225e-01
   7.6600000e+01   2.0201290e+02   1.0368736e+02
   7.6700000e+01   3.2601290e+02   2.8727362e+01
   7.6800000e+01   1.6601290e+02  -1.8726377e+00
   7.6900000e+01   2.6401290e+02   6.8207362e+01
   7.7000000e+01   2.8601290e+02  -1.9672638e+01
   7.7100000e+01   1.3001290e+02   7.9567362e+01
   7.7200000e+01   3.3601290e+02  -2.0672638e+01
   7.7300000e+01   2.2501290e+02   4.5767362e+01
   7.7400000e+01   1.8701290e+02  -2.5712638e+01
   7.7500000e+01   3.7201290e+02   2.3887362e+01
   7.7600000e+01   2.2701290e+02  -5.7312638e+01
   7.7700000e+01   3.3901290e+02   3.6207362e+01
   7.7800000e+01   2.0201290e+02  -3.1263775e-01
   7.7900000e+01   3.6301290e+02   2.2473623e+00
   7.8000000e+01   1.0201290e+02   4.8687362e+01
   7.8100000e+01   2.5801290e+02  -4.5526377e+00
   7.8200000e+01   2.9201290e+02   8.8087362e+01
   7.8300000e+01   1.4301290e+02  -2.8952638e+01
   7.8400000e+01   7.2012896e+01   1.2188736e+02
   7.8500000e+01   1.7701290e+02   1.9687362e+01
   7.8600000e+01   3.4701290e+02   2.9887362e+01
   7.8700000e+01   2.8201290e+02  -4.5126377e+00
   7.8800000e+01   3.5012896e+01  -1.9632638e+01
   7.8900000e+01   2.7801290e+02  -1.3526377e+00
   7.9000000e+01   2.7601290e+02   2.9727362e+01
   7.9100000e+01   2.2001290e+02   4.9673623e+00
   7.9200000e+01   3.6601290e+02  -3.6872638e+01
   7.9300000e+01   3.1401290e+02   2.9207362e+01
   7.9400000e+01   2.6101290e+02   4.8327362e+01
   7.9500000e+01   1.8901290e+02  -2.8792638e+01
   7.9600000e+01   2.0601290e+02  -3.5472638e+01
   7.9700000e+01   3.4301290e+02   3.1047362e+01
   7.9800000e+01   3.3501290e+02  -2.6632638e+01
   7.9900000e+01   3.7701290e+02  -6.5312638e+01
   8.0000000e+01   3.1201290e+02   4.8287362e+01
   8.0100000e+01   2.5901290e+02   7.0407362e+01
   8.0200000e+01   3.9012896e+01   1.3207362e+01
   8.0300000e+01   2.0901290e+02   4.4407362e+01
   8.0400000e+01   2.1501290e+02   3.1673623e+00
   8.0500000e+01   1.4601290e+02   3.4927362e+01
   8.0600000e+01   1.2801290e+02   6.2647362e+01
   8.0700000e+01   3.8401290e+02   5.4407362e+01
   8.0800000e+01   2.6201290e+02   3.7287362e+01
   8.0900000e+01   2.6701290e+02  -2.5912638e+01
   8.1000000e+01   2.5201290e+02  -4.1312638e+01
   8.1100000e+01   7.0012896e+01   1.0967362e+01
   8.1200000e+01   2.1101290e+02  -4.4672638e+01
   8.1300000e+01   1.5901290e+02  -1.7592638e+01
   8.1400000e+01   2.4101290e+02  -3.8726377e+00
   8.1500000e+01   9.5012896e+01  -6.4032638e+01
   8.1600000e+01   1.7101290e+02  -4.0072638e+01
   8.1700000e+01   2.4701290e+02   2.8887362e+01
   8.1800000e+01   1.5801290e+02  -5.8552638e+01
   8.1900000e+01   1.0101290e+02  -8.2726377e+00
   8.2000000e+01   5.3012896e+01   3.7647362e+01
   8.2100000e+01   2.4601290e+02   3.1927362e+01
   8.2200000e+01   1.9301290e+02  -1.6952638e+01
   8.2300000e+01   2.6601290e+02  -2.8872638e+01
   8.2400000e+01   2.5501290e+02   7.7567362e+01
   8.2500000e+01   1.9101290e+02  -6.2872638e+01
   8.2600000e+01   2.9401290e+02  -6.3992638e+01
   8.2700000e+01   4.2501290e+02  -2.3263775e-01
   8.2800000e+01   1.8101290e+02  -2.5472638e+01
   8.2900000e+01   2.3801290e+02  -3.0752638e+01
   8.3000000e+01   4.7012896e+01  -6.0112638e+01
   8.3100000e+01   1.8901290e+02  -1.8792638e+01
   8.3200000e+01   1.8201290e+02   4.8736225e-01
   8.3300000e+01   2.4001290e+02   2.3167362e+01
   8.3400000e+01   2.2201290e+02  -4.1112638e+01
   8.3500000e+01   2.1301290e+02  -1.7526377e+00
   8.3600000e+01   4.3101290e+02   7.1527362e+01
   8.3700000e+01   2.7801290e+02  -7.4352638e+01
   8.3800000e+01   2.4701290e+02   2.8873623e+00
   8.3900000e+01   3.3301290e+02   2.5447362e+01
   8.4000000e+01   2.6801290e+02   1.4047362e+01
   8.4100000e+01   3.7701290e+02   6.4687362e+01
   8.4200000e+01   2.4201290e+02   3.4087362e+01
   8.4300000e+01   4.1601290e+02  -4.9872638e+01
   8.4400000e+01   2.2901290e+02   4.9607362e+01
   8.4500000e+01   3.0301290e+02  -1.0352638e+01
   8.4600000e+01   4.6801290e+02   3.7047362e+01
   8.4700000e+01   4.2601290e+02  -4.1272638e+01
   8.4800000e+01   3.6101290e+02   8.8327362e+01
   8.4900000e+01   2.1201290e+02   6.5287362e+01
   8.5000000e+01   3.5601290e+02   1.5527362e+01
   8.5100000e+01   2.0201290e+02  -7.5312638e+01
   8.5200000e+01   3.2701290e+02   2.6873623e+00
   8.5300000e+01   3.7801290e+02  -5.9352638e+01
   8.5400000e+01   4.9901290e+02  -2.3192638e+01
   8.5500000e+01   3.9601290e+02  -3.9072638e+01
   8.5600000e+01   2.3801290e+02   8.1247362e+01
   8.5700000e+01   2.3001290e+02  -3.3432638e+01
   8.5800000e+01   3.1401290e+02  -3.9792638e+01
   8.5900000e+01   3.3801290e+02  -7.2752638e+01
   8.6000000e+01   2.0001290e+02  -2.3263775e-01
   8.6100000e+01   4.4401290e+02   1.3500736e+02
   8.6200000e+01   2.5001290e+02   2.3767362e+01
   8.6300000e+01   2.9901290e+02  -3.6192638e+01
   8.6400000e+01   2.5401290e+02   3.7607362e+01
   8.6500000e+01   4.3801290e+02   4.3247362e+01
   8.6600000e+01   3.2901290e+02  -4.9392638e+01
   8.6700000e+01   3.7201290e+02   3.7887362e+01
   8.6800000e+01   3.2401290e+02   2.2807362e+01
   8.6900000e+01   5.3001290e+02   5.0567362e+01
   8.7000000e+01   3.9401290e+02  -3.2992638e+01
   8.7100000e+01   4.6301290e+02   7.3247362e+01
   8.7200000e+01   3.8501290e+02  -3.6326377e+00
   8.7300000e+01   2.9201290e+02   4.3087362e+01
   8.7400000e+01   4.2001290e+02  -1.4032638e+01
   8.7500000e+01   2.0401290e+02  -1.3926377e+00
   8.7600000e+01   2.9001290e+02  -2.5832638e+01
   8.7700000e+01   4.3001290e+02   1.5673623e+00
   8.7800000e+01   3.5901290e+02   6.4073623e+00
   8.7900000e+01   1.9701290e+02   4.9887362e+01
   8.8000000e+01   1.2801290e+02   1.5647362e+01
   8.8100000e+01   3.1101290e+02   5.5327362e+01
   8.8200000e+01   2.0401290e+02   2.4607362e+01
   8.8300000e+01   3.3901290e+02   9.1207362e+01
   8.8400000e+01   2.8301290e+02  -6.5526377e+00
   8.8500000e+01   2.2701290e+02  -3.3126377e+00
   8.8600000e+01   3.0801290e+02   7.5447362e+01
   8.8700000e+01   3.8901290e+02  -1.6792638e+01
   8.8800000e+01   2.1801290e+02   5.2047362e+01
   8.8900000e+01   1.9201290e+02   2.1087362e+01
   8.9000000e+01   1.8901290e+02  -2.1792638e+01
   8.9100000e+01   3.3801290e+02  -1.6752638e+01
   8.9200000e+01   3.0601290e+02  -6.5472638e+01
   8.9300000e+01   3.8801290e+02  -4.7526377e+00
   8.9400000e+01   3.0801290e+02   4.9447362e+01
   8.9500000e+01   2.1701290e+02  -2.4912638e+01
   8.9600000e+01   4.4701290e+02  -3.8112638e+01
   8.9700000e+01   3.4301290e+02   3.9047362e+01
   8.9800000e+01   2.5601290e+02  -2.8472638e+01
   8.9900000e+01   2.5901290e+02  -2.2592638e+01
   9.0000000e+01   3.7501290e+02  -1.2232638e+01
   9.0100000e+01   3.4801290e+02  -3.5152638e+01
   9.0200000e+01   3.6901290e+02  -2.7992638e+01
   9.0300000e+01   3.3701290e+02   1.2287362e+01
   9.0400000e+01   3.2201290e+02  -5.5112638e+01
   9.0500000e+01   3.4801290e+02   2.3847362e+01
   9.0600000e+01   4.1601290e+02  -5.1872638e+01
   9.0700000e+01   2.3201290e+02   5.4873623e+00
   9.0800000e+01   2.7301290e+02  -1.6152638e+01
   9.0900000e+01   2.2101290e+02   1.9273623e+00
   9.1000000e+01   1.1501290e+02   1.0167362e+01
   9.1100000e+01   3.8901290e+02  -4.1792638e+01
   9.1200000e+01   2.4201290e+02  -3.0912638e+01
   9.1300000e+01   2.8901290e+02   1.4207362e+01
   9.1400000e+01   4.1012896e+01  -2.9872638e+01
   9.1500000e+01  -8.6987104e+01   1.7247362e+01
   9.1600000e+01   3.0128957e+00  -9.3526377e+00
   9.1700000e+01  -2.7987104e+01   5.8873623e+00
   9.1800000e+01   8.0128957e+00   1.4473623e+00
   9.1900000e+01  -1.6987104e+01   1.5447362e+01
   9.2000000e+01  -2.1987104e+01  -3.1352638e+01
   9.2100000e+01  -2.3987104e+01   1.4727362e+01
   9.2200000e+01  -4.4987104e+01  -4.5432638e+01
   9.2300000e+01  -8.7987104e+01  -4.7712638e+01
   9.2400000e+01   6.7012896e+01  -4.0912638e+01
   9.2500000e+01  -3.3987104e+01  -3.0872638e+01
   9.2600000e+01  -3.9987104e+01  -1.7632638e+01
   9.2700000e+01  -2.0987104e+01   4.7607362e+01
   9.2800000e+01  -1.4987104e+01  -2.8632638e+01
   9.2900000e+01   1.2701290e+02   3.1687362e+01
   9.3000000e+01   3.3012896e+01   2.6447362e+01
   9.3100000e+01   1.0128957e+00   5.3727362e+01
   9.3200000e+01   4.3012896e+01   1.3047362e+01
   9.3300000e+01  -7.4987104e+01   3.0767362e+01
   9.3400000e+01  -7.9871043e+00  -1.3912638e+01
   9.3500000e+01   1.1101290e+02   7.3273623e+00
   9.3600000e+01  -6.9871043e+00  -3.9952638e+01
   9.3700000e+01  -1.3987104e+01   3.9327362e+01
   9.3800000e+01  -6.1987104e+01   3.2473623e+00
   9.3900000e+01  -2.3987104e+01   5.7273623e+00
   9.4000000e+01  -2.1987104e+01   3.1647362e+01
   9.4100000e+01  -4.3987104e+01   3.6527362e+01
   9.4200000e+01   7.3012896e+01  -5.2152638e+01
   9.4300000e+01  -1.2987104e+01   7.5287362e+01
   9.4400000e+01  -4.9987104e+01   1.1676736e+02
   9.4500000e+01  -3.4987104e+01  -8.8326377e+00
   9.4600000e+01   6.8012896e+01  -2.9952638e+01
   9.4700000e+01  -5.5987104e+01   1.9007362e+01
   9.4800000e+01  -3.2987104e+01   1.5087362e+01
   9.4900000e+01   4.5012896e+01  -8.0326377e+00
   9.5000000e+01   7.8012896e+01  -2.1352638e+01
   9.5100000e+01   3.2012896e+01   2.6487362e+01
   9.5200000e+01   9.4012896e+01   6.1007362e+01
   9.5300000e+01   9.1012896e+01  -5.4872638e+01
   9.5400000e+01  -2.2987104e+01  -2.8312638e+01
   9.5500000e+01   4.8012896e+01  -2.5152638e+01
   9.5600000e+01   2.7012896e+01  -1.4312638e+01
   9.5700000e+01   5.2012896e+01   3.4687362e+01
   9.5800000e+01   4.5012896e+01   3.1967362e+01
   9.5900000e+01   7.2012896e+01  -2.1126377e+00
   9.6000000e+01   4.1012896e+01  -2.5872638e+01
   9.6100000e+01  -3.3987104e+01   1.1127362e+01
   9.6200000e+01  -1.7987104e+01  -2.9512638e+01
   9.6300000e+01  -6.2987104e+01   4.2873623e+00
   9.6400000e+01   7.7012896e+01   4.2687362e+01
   9.6500000e+01  -3.3987104e+01  -8.7263775e-01
   9.6600000e+01   5.9012896e+01   5.1407362e+01
   9.6700000e+01  -6.9871043e+00   7.8047362e+01
   9.6800000e+01   4.0128957e+00  -3.3926377e+00
   9.6900000e+01   1.2895662e-02  -2.8232638e+01
   9.7000000e+01  -4.7987104e+01   7.8687362e+01
   9.7100000e+01   3.3012896e+01  -1.1552638e+01
   9.7200000e+01   4.3012896e+01   6.9047362e+01
   9.7300000e+01  -2.9987104e+01  -3.5032638e+01
   9.7400000e+01  -6.9871043e+00  -3.3952638e+01
   9.7500000e+01  -3.9987104e+01   1.1367362e+01
   9.7600000e+01   4.6012896e+01  -4.9072638e+01
   9.7700000e+01  -1.0987104e+01   1.3207362e+01
   9.7800000e+01   9.0128957e+00   3.8407362e+01
   9.7900000e+01  -7.3987104e+01  -1.4272638e+01
   9.8000000e+01   6.0128957e+00  -2.3472638e+01
   9.8100000e+01  -6.0987104e+01   1.3207362e+01
   9.8200000e+01  -1.0898710e+02  -5.3872638e+01
   9.8300000e+01  -8.7987104e+01  -1.5712638e+01
   9.8400000e+01  -3.2987104e+01  -9.1263775e-01
   9.8500000e+01   4.0128957e+00   4.9607362e+01
   9.8600000e+01  -1.0998710e+02   2.1673623e+00
   9.8700000e+01  -4.8987104e+01  -5.0272638e+01
   9.8800000e+01  -7.9987104e+01  -3.4032638e+01
   9.8900000e+01   2.0128957e+00   1.6873623e+00
   9.9000000e+01   1.0012896e+01  -1.5632638e+01
   9.9100000e+01   2.5012896e+01  -5.2326377e+00
   9.9200000e+01  -2.2987104e+01   3.1687362e+01
   9.9300000e+01   3.7012896e+01   1.5287362e+01
   9.9400000e+01   4.9012896e+01  -2.6192638e+01
   9.9500000e+01   5.0128957e+00   3.3567362e+01
   9.9600000e+01   4.8012896e+01  -2.7152638e+01
   9.9700000e+01   1.1701290e+02   7.0873623e+00
   9.9800000e+01   3.1012896e+01   5.3527362e+01
   9.9900000e+01   2.4012896e+01   3.8073623e+00
   1.0000000e+02   5.0012896e+01  -1.2232638e+01
   1.0010000e+02   1.3501290e+02   4.6367362e+01
   1.0020000e+02   4.4012896e+01  -3.3992638e+01
   1.0030000e+02   5.0012896e+01   2.3767362e+01
   1.0040000e+02   2.7012896e+01  -1.3312638e+01
   1.0050000e+02  -4.1987104e+01   6.0447362e+01
   1.0060000e+02   2.5012896e+01   4.7673623e+00
   1.0070000e+02  -2.6987104e+01   1.9847362e+01
   1.0080000e+02   4.9012896e+01  -7.0192638e+01
   1.0090000e+02   2.0128957e+00  -2.1312638e+01
   1.0100000e+02   1.3901290e+02  -2.8792638e+01
   1.0110000e+02  -5.9987104e+01   4.2167362e+01
   1.0120000e+02   8.7012896e+01   1.1287362e+01
   1.0130000e+02  -1.2987104e+01  -9.7126377e+00
   1.0140000e+02  -6.5987104e+01  -3.5592638e+01
   1.0150000e+02  -3.3987104e+01  -3.8872638e+01
   1.0160000e+02   1.1012896e+01  -4.2672638e+01
   1.0170000e+02   1.2012896e+01  -4.1712638e+01
   1.0180000e+02  -7.2987104e+01   3.2687362e+01
   1.0190000e+02  -2.1987104e+01  -3.0352638e+01
   1.0200000e+02  -1.9987104e+01  -1.4432638e+01
   1.0210000e+02  -4.2987104e+01  -3.4512638e+01
   1.0220000e+02  -1.1987104e+01  -3.1752638e+01
   1.0230000e+02  -3.9987104e+01   2.1367362e+01
   1.0240000e+02   1.4012896e+01  -1.9792638e+01
   1.0250000e+02   1.0012896e+01   2.0367362e+01
   1.0260000e+02   1.6012896e+01   1.1273623e+00
   1.0270000e+02   1.2901290e+02   1.2860736e+02
   1.0280000e+02   1.0128957e+00   1.9727362e+01
   1.0290000e+02   5.9012896e+01   1.0407362e+01
   1.0300000e+02  -7.0987104e+01  -4.4392638e+01
   1.0310000e+02  -2.5987104e+01  -3.1192638e+01
   1.0320000e+02  -3.5987104e+01  -4.2792638e+01
   1.0330000e+02  -9.9871043e+00   2.6167362e+01
   1.0340000e+02   1.3012896e+01  -7.5263775e-01
   1.0350000e+02  -3.2987104e+01  -5.9126377e+00
   1.0360000e+02   1.1301290e+02   3.2247362e+01
   1.0370000e+02   4.2012896e+01   2.1087362e+01
   1.0380000e+02   3.2012896e+01   1.0487362e+01
   1.0390000e+02   7.7012896e+01  -1.2312638e+01
   1.0400000e+02  -7.6987104e+01   4.1847362e+01
   1.0410000e+02  -2.9871043e+00  -4.2112638e+01
   1.0420000e+02   1.2012896e+01  -2.7126377e+00
   1.0430000e+02   9.8012896e+01   3.8473623e+00
   1.0440000e+02   8.4012896e+01  -3.7592638e+01
   1.0450000e+02   6.6012896e+01  -6.8726377e+00
   1.0460000e+02   7.5012896e+01  -1.2326377e+00
   1.0470000e+02  -5.6987104e+01   1.0047362e+01
   1.0480000e+02   4.2012896e+01  -9.9126377e+00
   1.0490000e+02  -2.1987104e+01   3.1647362e+01
   1.0500000e+02  -5.1987104e+01  -5.1526377e+00
   1.0510000e+02   1.4012896e+01   1.0420736e+02
   1.0520000e+02  -6.7987104e+01  -3.8512638e+01
   1.0530000e+02  -9.5987104e+01  -1.1392638e+01
   1.0540000e+02   2.1012896e+01  -2.5072638e+01
   1.0550000e+02  -8.9987104e+01  -2.7632638e+01
   1.0560000e+02  -6.1987104e+01   7.2473623e+00
   1.0570000e+02  -1.7987104e+01  -5.1263775e-01
   1.0580000e+02  -6.7987104e+01  -1.5126377e+00
   1.0590000e+02  -2.1987104e+01   3.6473623e+00
   1.0600000e+02   6.6012896e+01   5.2127362e+01
   1.0610000e+02  -2.8987104e+01   5.9273623e+00
   1.0620000e+02  -6.3987104e+01  -4.6726377e+00
   1.0630000e+02  -1.5987104e+01  -5.9263775e-01
   1.0640000e+02   1.4012896e+01   3.7207362e+01
   1.0650000e+02   6.8012896e+01  -4.0952638e+01
   1.0660000e+02   8.0128957e+00  -1.5552638e+01
   1.0670000e+02   6.0012896e+01  -4.6632638e+01
   1.0680000e+02  -9.8987104e+01   2.0727362e+01
   1.0690000e+02   8.0128957e+00  -2.3552638e+01
   1.0700000e+02   5.9012896e+01  -3.9592638e+01
   1.0710000e+02   3.7012896e+01  -3.3712638e+01
   1.0720000e+02  -4.1987104e+01   2.2447362e+01
   1.0730000e+02  -3.0987104e+01  -3.1992638e+01
   1.0740000e+02   4.3012896e+01   2.9047362e+01
   1.0750000e+02  -9.9987104e+01  -1.5232638e+01
   1.0760000e+02  -1.9798710e+02   2.6873623e+00
   1.0770000e+02   7.1012896e+01   1.1927362e+01
   1.0780000e+02   6.4012896e+01  -1.0792638e+01
   1.0790000e+02  -1.0987104e+01   1.9207362e+01
   1.0800000e+02  -3.1987104e+01  -1.0952638e+01
   1.0810000e+02  -6.6987104e+01  -2.5552638e+01
   1.0820000e+02  -4.1987104e+01  -1.2552638e+01
   1.0830000e+02  -3.9871043e+00   4.0927362e+01
   1.0840000e+02   1.3012896e+01   4.9247362e+01
   1.0850000e+02   5.7012896e+01  -1.4512638e+01
   1.0860000e+02  -1.0698710e+02  -7.9526377e+00
   1.0870000e+02  -2.9871043e+00  -2.4112638e+01
   1.0880000e+02   2.5012896e+01  -2.1232638e+01
   1.0890000e+02   5.2012896e+01   6.8736225e-01
   1.0900000e+02   2.1012896e+01   4.7927362e+01
   1.0910000e+02  -6.4987104e+01  -7.7632638e+01
   1.0920000e+02  -4.5987104e+01   3.8607362e+01
   1.0930000e+02  -2.4987104e+01   6.9767362e+01
   1.0940000e+02   7.9012896e+01   1.1560736e+02
   1.0950000e+02  -6.9871043e+00   3.9047362e+01
   1.0960000e+02   8.5012896e+01  -6.6326377e+00
   1.0970000e+02   2.1012896e+01  -1.9072638e+01
   1.0980000e+02  -7.2987104e+01   6.0687362e+01
   1.0990000e+02  -3.4987104e+01  -1.4832638e+01
   1.1000000e+02   5.8012896e+01   2.4447362e+01
   1.1010000e+02   8.0128957e+00   1.0447362e+01
   1.1020000e+02   1.8012896e+01   5.8047362e+01
   1.1030000e+02   7.0012896e+01   5.4967362e+01
   1.1040000e+02  -9.9987104e+01  -2.6232638e+01
   1.1050000e+02   7.8012896e+01   2.2647362e+01
   1.1060000e+02  -5.8987104e+01   1.7127362e+01
   1.1070000e+02   7.9012896e+01   1.4607362e+01
   1.1080000e+02  -8.9871043e+00  -2.1872638e+01
   1.1090000e+02  -9.1987104e+01   2.6447362e+01
   1.1100000e+02  -9.8710434e-01  -1.6192638e+01
   1.1110000e+02  -1.3987104e+01  -2.6726377e+00
   1.1120000e+02  -2.6987104e+01  -2.2152638e+01
   1.1130000e+02   5.0012896e+01  -2.6232638e+01
   1.1140000e+02  -1.9987104e+01   2.7567362e+01
   1.1150000e+02   1.1801290e+02   2.6047362e+01
   1.1160000e+02   2.9012896e+01  -3.3926377e+00
   1.1170000e+02   5.7012896e+01  -4.0512638e+01
   1.1180000e+02   5.7012896e+01  -5.5126377e+00
   1.1190000e+02  -3.8987104e+01  -7.6726377e+00
   1.1200000e+02  -4.6987104e+01   3.6473623e+00
   1.1210000e+02   9.1012896e+01   2.0127362e+01
   1.1220000e+02   4.0128957e+00  -4.2392638e+01
   1.1230000e+02  -7.5987104e+01   2.3807362e+01
   1.1240000e+02   1.0012896e+01   2.1367362e+01
   1.1250000e+02   4.6012896e+01  -3.4072638e+01
   1.1260000e+02   3.9012896e+01  -6.7926377e+00
   1.1270000e+02   7.1012896e+01  -6.0072638e+01
   1.1280000e+02  -5.2987104e+01   2.2887362e+01
   1.1290000e+02   4.9012896e+01   5.0807362e+01
   1.1300000e+02  -5.2987104e+01  -2.5112638e+01
   1.1310000e+02   1.3012896e+01  -4.7526377e+00
   1.1320000e+02   1.4012896e+01  -1.6792638e+01
   1.1330000e+02  -7.2987104e+01  -3.1312638e+01
   1.1340000e+02  -1.2987104e+01   4.3287362e+01
   1.1350000e+02  -3.9987104e+01  -2.5632638e+01
   1.1360000e+02  -4.9987104e+01  -4.3232638e+01
   1.1370000e+02   1.8012896e+01  -1.9526377e+00
   1.1380000e+02   2.3012896e+01   6.8473623e+00
   1.1390000e+02   2.0101290e+02  -2.2726377e+00
   1.1400000e+02   3.4012896e+01  -1.0592638e+01
   1.1410000e+02  -4.2987104e+01   5.3487362e+01
   1.1420000e+02  -5.9871043e+00  -2.8992638e+01
   1.1430000e+02   5.0128957e+00  -2.3432638e+01
   1.1440000e+02  -4.9871043e+00   6.3967362e+01
   1.1450000e+02   5.7012896e+01   1.4487362e+01
   1.1460000e+02   3.7012896e+01   1.2873623e+00
   1.1470000e+02  -1.5698710e+02  -2.3952638e+01
   1.1480000e+02   2.7012896e+01   4.5687362e+01
   1.1490000e+02  -1.0987104e+01  -4.0792638e+01
   1.1500000e+02   7.5012896e+01  -2.2232638e+01
   1.1510000e+02   1.9012896e+01  -1.4992638e+01
   1.1520000e+02  -7.3987104e+01  -5.8272638e+01
   1.1530000e+02   6.4012896e+01   2.1207362e+01
   1.1540000e+02  -8.3987104e+01  -2.0872638e+01
   1.1550000e+02   2.4012896e+01  -1.4192638e+01
   1.1560000e+02   5.7012896e+01  -1.9512638e+01
   1.1570000e+02  -8.1987104e+01   3.7047362e+01
   1.1580000e+02   1.4012896e+01  -4.0792638e+01
   1.1590000e+02  -4.0987104e+01   5.4073623e+00
   1.1600000e+02   4.2012896e+01  -1.6912638e+01
   1.1610000e+02   1.6012896e+01   1.0127362e+01
   1.1620000e+02  -5.3987104e+01  -2.0072638e+01
   1.1630000e+02  -5.6987104e+01  -9.5263775e-01
   1.1640000e+02   7.9012896e+01  -3.4392638e+01
   1.1650000e+02  -5.1987104e+01  -2.9152638e+01
   1.1660000e+02  -5.0987104e+01   3.8073623e+00
   1.1670000e+02  -3.5987104e+01   1.7207362e+01
   1.1680000e+02  -6.9871043e+00  -1.9952638e+01
   1.1690000e+02  -4.0987104e+01   4.3407362e+01
   1.1700000e+02   1.3012896e+01   1.9247362e+01
   1.1710000e+02   2.0128957e+00  -9.3126377e+00
   1.1720000e+02   1.5012896e+01   1.7167362e+01
   1.1730000e+02   2.0128957e+00   2.6873623e+00
   1.1740000e+02  -4.1987104e+01   1.1447362e+01
   1.1750000e+02  -1.2987104e+01  -3.0712638e+01
   1.1760000e+02  -2.7987104e+01   2.5887362e+01
   1.1770000e+02  -8.1987104e+01   5.0473623e+00
   1.1780000e+02   1.0401290e+02  -8.0392638e+01
   1.1790000e+02   3.9012896e+01  -3.7926377e+00
   1.1800000e+02   1.0801290e+02  -1.4552638e+01
   1.1810000e+02  -7.9987104e+01  -2.6032638e+01
   1.1820000e+02  -7.9871043e+00  -3.6912638e+01
   1.1830000e+02   5.5012896e+01  -2.6432638e+01
   1.1840000e+02  -9.6987104e+01   6.4736225e-01
   1.1850000e+02  -5.1987104e+01  -2.5152638e+01
   1.1860000e+02   3.3012896e+01   7.4473623e+00
   1.1870000e+02  -4.8987104e+01  -4.8272638e+01
   1.1880000e+02   4.0128957e+00   6.1607362e+01
   1.1890000e+02   2.5012896e+01  -2.9232638e+01
   1.1900000e+02  -1.1498710e+02  -7.4632638e+01
   1.1910000e+02  -1.1998710e+02   3.6567362e+01
   1.1920000e+02   4.4012896e+01  -2.9926377e+00
   1.1930000e+02   7.9012896e+01  -2.2392638e+01
   1.1940000e+02  -4.9987104e+01   2.9767362e+01
   1.1950000e+02   1.5012896e+01   1.7167362e+01
   1.1960000e+02   5.6012896e+01  -4.6472638e+01
   1.1970000e+02   3.3012896e+01   1.3447362e+01
   1.1980000e+02   1.6012896e+01   3.6127362e+01
   1.1990000e+02   5.0128957e+00  -4.2432638e+01
   1.2000000e+02  -5.9987104e+01  -2.7832638e+01
   1.2010000e+02   1.0012896e+01   3.8367362e+01
   1.2020000e+02  -1.8987104e+01   5.5273623e+00
   1.2030000e+02  -1.0987104e+01   3.8207362e+01
   1.2040000e+02   7.4012896e+01  -1.9192638e+01
   1.2050000e+02   1.7401290e+02   5.1807362e+01
   1.2060000e+02  -4.9871043e+00   1.1967362e+01
   1.2070000e+02  -3.2987104e+01  -2.0912638e+01
   1.2080000e+02   8.5012896e+01   6.2367362e+01
   1.2090000e+02   8.3012896e+01  -6.7552638e+01
   1.2100000e+02   9.0128957e+00  -2.7592638e+01
   1.2110000e+02   6.4012896e+01   6.2073623e+00
   1.2120000e+02   1.3012896e+01   8.2473623e+00
   1.2130000e+02   3.7012896e+01  -3.3712638e+01
   1.2140000e+02   3.5012896e+01   3.5367362e+01
   1.2150000e+02  -8.7987104e+01   5.4287362e+01
   1.2160000e+02   3.3012896e+01   4.4447362e+01
   1.2170000e+02  -2.2987104e+01   1.1268736e+02
   1.2180000e+02  -1.9871043e+00  -2.1152638e+01
   1.2190000e+02   5.9012896e+01   1.5407362e+01
   1.2200000e+02   2.7012896e+01  -3.0312638e+01
   1.2210000e+02  -4.6987104e+01  -3.4352638e+01
   1.2220000e+02   7.6012896e+01   1.3727362e+01
   1.2230000e+02  -1.5987104e+01   3.5407362e+01
   1.2240000e+02   3.0012896e+01   7.9567362e+01
   1.2250000e+02   3.5012896e+01   4.4367362e+01
   1.2260000e+02  -4.2987104e+01  -2.3512638e+01
   1.2270000e+02   8.5012896e+01  -4.8632638e+01
   1.2280000e+02   3.6012896e+01  -1.8672638e+01
   1.2290000e+02  -1.8987104e+01   4.0527362e+01
   1.2300000e+02   1.2012896e+01  -3.6712638e+01
   1.2310000e+02  -1.9987104e+01  -7.4326377e+00
   1.2320000e+02   1.7012896e+01   1.8087362e+01
   1.2330000e+02   5.3012896e+01  -2.5352638e+01
   1.2340000e+02  -9.8710434e-01   9.8073623e+00
   1.2350000e+02   1.0701290e+02   8.4873623e+00
   1.2360000e+02   7.6012896e+01  -3.0272638e+01
   1.2370000e+02   1.0401290e+02  -2.2392638e+01
   1.2380000e+02   1.0201290e+02   3.4687362e+01
   1.2390000e+02   1.4301290e+02  -5.5952638e+01
   1.2400000e+02  -3.8987104e+01  -5.6726377e+00
   1.2410000e+02   8.0128957e+00   2.4447362e+01
   1.2420000e+02   4.1012896e+01   5.1273623e+00
   1.2430000e+02   9.9012896e+01   4.0807362e+01
   1.2440000e+02  -2.6987104e+01  -3.0152638e+01
   1.2450000e+02  -6.2987104e+01   5.9287362e+01
   1.2460000e+02   1.2012896e+01  -7.1263775e-01
   1.2470000e+02  -9.9871043e+00   9.4167362e+01
   1.2480000e+02   4.5012896e+01  -8.0326377e+00
   1.2490000e+02   2.0128957e+00   8.6873623e+00
   1.2500000e+02   3.0128957e+00  -2.0352638e+01
   1.2510000e+02   2.8012896e+01   4.3647362e+01
   1.2520000e+02   2.1012896e+01   8.9273623e+00
   1.2530000e+02  -4.2987104e+01  -8.5126377e+00
   1.2540000e+02  -1.0987104e+01   2.2207362e+01
   1.2550000e+02   5.2012896e+01   2.0687362e+01
   1.2560000e+02  -8.0987104e+01  -1.3992638e+01
   1.2570000e+02  -2.9987104e+01  -3.1032638e+01
   1.2580000e+02  -2.3987104e+01  -1.9272638e+01
   1.2590000e+02  -2.4987104e+01   1.8767362e+01
   1.2600000e+02   6.8012896e+01  -2.4952638e+01
   1.2610000e+02  -6.9871043e+00  -1.3952638e+01
   1.2620000e+02   1.1901290e+02  -2.5992638e+01
   1.2630000e+02   6.3012896e+01   3.8247362e+01
   1.2640000e+02   3.0012896e+01   2.9567362e+01
   1.2650000e+02  -9.9871043e+00  -4.5832638e+01
   1.2660000e+02  -9.9871043e+00  -2.8832638e+01
   1.2670000e+02   2.1012896e+01   6.4927362e+01
   1.2680000e+02  -3.3987104e+01   1.2736225e-01
   1.2690000e+02   1.2895662e-02   9.7673623e+00
   1.2700000e+02   4.0012896e+01   4.9167362e+01
   1.2710000e+02   1.1901290e+02  -1.6992638e+01
   1.2720000e+02   4.4012896e+01   9.0073623e+00
   1.2730000e+02  -4.9871043e+00   1.9967362e+01
   1.2740000e+02   2.4012896e+01   3.3807362e+01
   1.2750000e+02   2.6012896e+01   1.7727362e+01
   1.2760000e+02  -2.5987104e+01   7.8073623e+00
   1.2770000e+02   1.1012896e+01  -5.6726377e+00
   1.2780000e+02   2.1001290e+02  -5.4632638e+01
   1.2790000e+02   9.9012896e+01   7.8073623e+00
   1.2800000e+02   4.2012896e+01  -9.9126377e+00
   1.2810000e+02   1.5201290e+02  -1.5312638e+01
   1.2820000e+02  -1.9871043e+00   2.6847362e+01
   1.2830000e+02   7.8012896e+01  -7.3526377e+00
   1.2840000e+02   6.7012896e+01  -3.0912638e+01
   1.2850000e+02   1.3501290e+02   1.4367362e+01
   1.2860000e+02  -5.8987104e+01   4.6127362e+01
   1.2870000e+02   4.0012896e+01  -1.8326377e+00
   1.2880000e+02   1.1001290e+02   6.3673623e+00
   1.2890000e+02  -4.9871043e+00   3.1967362e+01
   1.2900000e+02  -3.3987104e+01   5.1273623e+00
   1.2910000e+02  -5.6987104e+01  -4.2952638e+01
   1.2920000e+02  -7.9987104e+01   3.6967362e+01
   1.2930000e+02  -5.7987104e+01  -4.6912638e+01
   1.2940000e+02  -7.3987104e+01  -2.7272638e+01
   1.2950000e+02   1.7301290e+02   3.2847362e+01
   1.2960000e+02  -1.3987104e+01   1.7327362e+01
   1.2970000e+02  -2.0987104e+01   2.2607362e+01
   1.2980000e+02   3.0128957e+00  -3.3352638e+01
   1.2990000e+02  -6.1987104e+01  -4.7526377e+00
   1.3000000e+02  -3.4987104e+01   6.4167362e+01
   1.3010000e+02   2.6012896e+01  -4.2272638e+01
   1.3020000e+02   2.5012896e+01  -4.2326377e+00
   1.3030000e+02  -5.5987104e+01  -4.9992638e+01
   1.3040000e+02   2.3012896e+01   5.0847362e+01
   1.3050000e+02  -4.5987104e+01   7.6073623e+00
   1.3060000e+02  -6.8987104e+01  -3.9472638e+01
   1.3070000e+02  -4.8987104e+01  -2.8272638e+01
   1.3080000e+02   3.7012896e+01   1.0287362e+01
   1.3090000e+02   6.8012896e+01  -2.3952638e+01
   1.3100000e+02   1.7012896e+01   2.7087362e+01
   1.3110000e+02   4.1012896e+01   2.4127362e+01
   1.3120000e+02  -1.2198710e+02  -2.7352638e+01
   1.3130000e+02   4.7012896e+01  -4.9112638e+01
   1.3140000e+02   5.0012896e+01  -3.1232638e+01
   1.3150000e+02  -2.1987104e+01   2.6473623e+00
   1.3160000e+02   6.4012896e+01  -6.2792638e+01
   1.3170000e+02  -2.0987104e+01  -2.7392638e+01
   1.3180000e+02  -1.1798710e+02   5.7487362e+01
   1.3190000e+02   9.4012896e+01  -7.1992638e+01
   1.3200000e+02   4.7012896e+01   2.3887362e+01
   1.3210000e+02   7.9012896e+01   2.0607362e+01
   1.3220000e+02   4.6012896e+01  -3.3072638e+01
   1.3230000e+02  -3.1987104e+01   5.7047362e+01
   1.3240000e+02   9.4012896e+01   6.0073623e+00
   1.3250000e+02  -8.9987104e+01   1.7367362e+01
   1.3260000e+02  -7.6987104e+01  -5.4152638e+01
   1.3270000e+02  -4.3987104e+01  -6.4726377e+00
   1.3280000e+02   2.1012896e+01   2.9927362e+01
   1.3290000e+02   3.6012896e+01  -4.1672638e+01
   1.3300000e+02  -7.0987104e+01  -4.1392638e+01
   1.3310000e+02   3.1012896e+01   2.3527362e+01
   1.3320000e+02  -7.3987104e+01  -6.2726377e+00
   1.3330000e+02   2.8012896e+01  -3.5263775e-01
   1.3340000e+02  -1.4498710e+02   2.6567362e+01
   1.3350000e+02   3.8012896e+01   7.8247362e+01
   1.3360000e+02  -4.8987104e+01  -1.7272638e+01
   1.3370000e+02   3.9012896e+01   2.0207362e+01
   1.3380000e+02  -7.8987104e+01   3.2927362e+01
   1.3390000e+02   5.4012896e+01  -3.3926377e+00
   1.3400000e+02   4.3012896e+01   2.0473623e+00
   1.3410000e+02   8.7012896e+01   6.6287362e+01
   1.3420000e+02  -5.9871043e+00  -2.9926377e+00
   1.3430000e+02  -1.0498710e+02   4.1967362e+01
   1.3440000e+02  -4.6987104e+01   1.1647362e+01
   1.3450000e+02  -2.7987104e+01   9.9887362e+01
   1.3460000e+02   1.6701290e+02   1.0873623e+00
   1.3470000e+02   8.1012896e+01   5.8527362e+01
   1.3480000e+02  -2.7987104e+01  -1.9112638e+01
   1.3490000e+02  -4.5987104e+01   6.9607362e+01
   1.3500000e+02  -7.9871043e+00   5.0873623e+00
   1.3510000e+02  -8.5987104e+01   8.2207362e+01
   1.3520000e+02   6.3012896e+01   6.2473623e+00
   1.3530000e+02  -1.6987104e+01   3.7447362e+01
   1.3540000e+02  -5.4987104e+01  -1.7032638e+01
   1.3550000e+02  -7.4987104e+01   4.0767362e+01
   1.3560000e+02   9.3012896e+01   3.1047362e+01
   1.3570000e+02   6.6012896e+01   9.0127362e+01
   1.3580000e+02   3.0012896e+01  -1.4432638e+01
   1.3590000e+02  -5.9871043e+00  -2.1992638e+01
   1.3600000e+02  -2.5987104e+01   4.8073623e+00
   1.3610000e+02  -3.8987104e+01   6.3273623e+00
   1.3620000e+02   3.7012896e+01   2.2287362e+01
   1.3630000e+02   7.0128957e+00   8.4873623e+00
   1.3640000e+02  -1.5987104e+01  -2.8592638e+01
   1.3650000e+02  -9.8987104e+01   2.9727362e+01
   1.3660000e+02  -2.7987104e+01   3.3887362e+01
   1.3670000e+02  -4.7987104e+01  -1.7312638e+01
   1.3680000e+02  -3.1987104e+01   1.7047362e+01
   1.3690000e+02   1.3501290e+02  -4.6326377e+00
   1.3700000e+02  -4.9987104e+01  -6.3232638e+01
   1.3710000e+02  -2.9871043e+00   8.7887362e+01
   1.3720000e+02  -1.6987104e+01   1.3447362e+01
   1.3730000e+02   3.8012896e+01  -2.4752638e+01
   1.3740000e+02  -8.9871043e+00   1.5127362e+01
   1.3750000e+02  -2.4987104e+01  -1.5232638e+01
   1.3760000e+02   8.8012896e+01   1.4247362e+01
   1.3770000e+02  -4.6987104e+01  -2.7352638e+01
   1.3780000e+02  -4.3987104e+01   7.5273623e+00
   1.3790000e+02  -1.7987104e+01   4.3487362e+01
   1.3800000e+02   3.9012896e+01  -1.7926377e+00
   1.3810000e+02  -5.5987104e+01   3.3007362e+01
   1.3820000e+02  -1.9871043e+00  -3.6152638e+01
   1.3830000e+02  -1.9987104e+01  -4.4432638e+01
   1.3840000e+02  -7.8987104e+01   1.1927362e+01
   1.3850000e+02   4.0012896e+01  -2.9832638e+01
   1.3860000e+02  -7.2987104e+01   1.7687362e+01
   1.3870000e+02  -7.5987104e+01  -2.0192638e+01
   1.3880000e+02  -9.8987104e+01   3.5727362e+01
   1.3890000e+02  -2.2987104e+01   6.3687362e+01
   1.3900000e+02   8.4012896e+01  -6.2592638e+01
   1.3910000e+02  -6.9871043e+00   2.4047362e+01
   1.3920000e+02  -3.3987104e+01  -1.2872638e+01
   1.3930000e+02   7.4012896e+01  -7.1926377e+00
   1.3940000e+02  -8.2987104e+01  -1.4912638e+01
   1.3950000e+02   3.6012896e+01   5.3273623e+00
   1.3960000e+02  -4.9987104e+01   1.7673623e+00
   1.3970000e+02   5.0012896e+01   2.8767362e+01
   1.3980000e+02  -2.9871043e+00  -2.5112638e+01
   1.3990000e+02  -4.4987104e+01  -9.4326377e+00
   1.4000000e+02  -5.5987104e+01   1.8007362e+01
   1.4010000e+02   2.9012896e+01  -1.9392638e+01
   1.4020000e+02  -1.0198710e+02  -1.3152638e+01
   1.4030000e+02  -1.9871043e+00   6.8473623e+00
   1.4040000e+02   4.0012896e+01  -3.3832638e+01
   1.4050000e+02  -7.9871043e+00   9.7087362e+01
   1.4060000e+02   1.1801290e+02   3.5047362e+01
   1.4070000e+02  -1.0987104e+01  -7.9263775e-01
   1.4080000e+02  -3.3987104e+01   6.2127362e+01
   1.4090000e+02   3.1012896e+01  -4.4726377e+00
   1.4100000e+02   1.9012896e+01   2.5007362e+01
   1.4110000e+02   4.7012896e+01  -1.3112638e+01
   1.4120000e+02  -5.9987104e+01   4.5167362e+01
   1.4130000e+02  -6.1987104e+01  -4.9752638e+01
   1.4140000e+02  -5.9871043e+00   9.0073623e+00
   1.4150000e+02  -5.7987104e+01  -5.1912638e+01
   1.4160000e+02   6.4012896e+01  -1.3792638e+01
   1.4170000e+02   1.3012896e+01  -3.5752638e+01
   1.4180000e+02  -5.5987104e+01   1.6007362e+01
   1.4190000e+02  -6.1987104e+01  -1.8752638e+01
   1.4200000e+02  -8.8987104e+01   8.1327362e+01
   1.4210000e+02  -3.4987104e+01   7.9167362e+01
   1.4220000e+02  -4.3987104e+01   5.8527362e+01
   1.4230000e+02   1.2701290e+02   6.4687362e+01
   1.4240000e+02  -2.6987104e+01   2.7847362e+01
   1.4250000e+02   1.1201290e+02   1.3287362e+01
   1.4260000e+02   1.7012896e+01   7.0873623e+00
   1.4270000e+02  -6.2987104e+01   1.7287362e+01
   1.4280000e+02  -3.0987104e+01  -1.6992638e+01
   1.4290000e+02   3.3012896e+01   3.0447362e+01
   1.4300000e+02   5.4012896e+01   4.5607362e+01
   1.4310000e+02   2.7012896e+01   4.8687362e+01
   1.4320000e+02  -8.9987104e+01   7.0367362e+01
   1.4330000e+02   4.0012896e+01   7.1673623e+00
   1.4340000e+02  -6.4987104e+01   3.2367362e+01
   1.4350000e+02   1.2501290e+02   2.5767362e+01
   1.4360000e+02  -8.8987104e+01  -3.5672638e+01
   1.4370000e+02   9.0128957e+00   3.1407362e+01
   1.4380000e+02   4.8012896e+01  -7.1526377e+00
   1.4390000e+02   2.8012896e+01  -1.4352638e+01
   1.4400000e+02  -1.6987104e+01  -1.4552638e+01
   1.4410000e+02   1.8401290e+02   1.7407362e+01
   1.4420000e+02   1.0012896e+01  -7.6326377e+00
   1.4430000e+02  -1.6987104e+01  -1.9552638e+01
   1.4440000e+02   3.7012896e+01   1.6287362e+01
   1.4450000e+02   5.0128957e+00  -1.8432638e+01
   1.4460000e+02   4.3012896e+01  -2.1952638e+01
   1.4470000e+02   1.9012896e+01   1.7007362e+01
   1.4480000e+02  -3.7987104e+01  -7.7126377e+00
   1.4490000e+02   4.3012896e+01  -3.8952638e+01
   1.4500000e+02   5.7012896e+01   2.5487362e+01
   1.4510000e+02   2.0012896e+01  -1.6032638e+01
   1.4520000e+02  -4.9987104e+01  -1.8232638e+01
   1.4530000e+02  -1.1987104e+01   3.2247362e+01
   1.4540000e+02  -3.1987104e+01   3.4047362e+01
   1.4550000e+02   1.1101290e+02  -1.0672638e+01
   1.4560000e+02   2.4012896e+01  -3.9192638e+01
   1.4570000e+02  -3.3987104e+01  -4.8872638e+01
   1.4580000e+02   5.3012896e+01   5.1647362e+01
   1.4590000e+02  -3.2987104e+01  -7.9126377e+00
   1.4600000e+02   4.6012896e+01   6.5927362e+01
   1.4610000e+02  -9.9871043e+00  -7.8326377e+00
   1.4620000e+02   6.1012896e+01  -1.7672638e+01
   1.4630000e+02   4.8012896e+01  -3.9152638e+01
   1.4640000e+02  -4.4987104e+01   2.5567362e+01
   1.4650000e+02   2.0128957e+00  -1.4312638e+01
   1.4660000e+02   3.7012896e+01  -3.7712638e+01
   1.4670000e+02   6.2012896e+01  -4.4712638e+01
   1.4680000e+02   2.0128957e+00   4.7687362e+01
   1.4690000e+02   6.1012896e+01  -1.6672638e+01
   1.4700000e+02   1.1401290e+02   4.1207362e+01
   1.4710000e+02  -1.6987104e+01  -2.5526377e+00
   1.4720000e+02   8.0128957e+00   1.2844736e+02
   1.4730000e+02   5.1012896e+01   6.7727362e+01
   1.4740000e+02   1.1501290e+02   4.7167362e+01
   1.4750000e+02   7.4012896e+01  -3.4192638e+01
   1.4760000e+02  -7.4987104e+01   4.1767362e+01
   1.4770000e+02   1.2012896e+01   1.2873623e+00
   1.4780000e+02  -1.9871043e+00   2.7847362e+01
   1.4790000e+02  -1.8987104e+01   5.2736225e-01
   1.4800000e+02  -3.8987104e+01   2.4327362e+01
   1.4810000e+02   5.4012896e+01   5.9607362e+01
   1.4820000e+02   2.9012896e+01   7.6073623e+00
   1.4830000e+02  -2.4987104e+01   5.8767362e+01
   1.4840000e+02  -1.7987104e+01  -7.3512638e+01
   1.4850000e+02   1.0601290e+02   4.4527362e+01
   1.4860000e+02  -9.2987104e+01   3.7487362e+01
   1.4870000e+02   1.1012896e+01  -1.3672638e+01
   1.4880000e+02   2.7012896e+01   2.8687362e+01
   1.4890000e+02  -6.9987104e+01  -1.5432638e+01
   1.4900000e+02   2.4012896e+01  -5.4192638e+01
   1.4910000e+02   2.2601290e+02   2.5727362e+01
   1.4920000e+02  -2.0987104e+01  -3.9263775e-01
   1.4930000e+02  -2.7987104e+01   7.8873623e+00
   1.4940000e+02  -3.9987104e+01   8.3673623e+00
   1.4950000e+02  -7.7987104e+01   3.6887362e+01
   1.4960000e+02   8.2012896e+01  -6.0512638e+01
   1.4970000e+02  -4.2987104e+01   7.4487362e+01
   1.4980000e+02  -5.3987104e+01   6.3927362e+01
   1.4990000e+02  -5.1987104e+01  -2.4152638e+01
   1.5000000e+02   6.0128957e+00  -1.0472638e+01
   1.5010000e+02   1.3301290e+02   1.0447362e+01
   1.5020000e+02   1.2501290e+02   1.9767362e+01
   1.5030000e+02   1.2012896e+01  -5.4712638e+01
   1.5040000e+02   6.4012896e+01  -2.2792638e+01
   1.5050000e+02  -5.8987104e+01  -3.1872638e+01
   1.5060000e+02   3.5012896e+01  -5.3632638e+01
   1.5070000e+02   1.2895662e-02  -2.4232638e+01
   1.5080000e+02   1.0128957e+00  -5.2726377e+00
   1.5090000e+02   5.8012896e+01  -2.4552638e+01
   1.5100000e+02  -2.3987104e+01  -3.4272638e+01
   1.5110000e+02   2.0128957e+00  -1.0312638e+01
   1.5120000e+02   1.5012896e+01   6.2167362e+01
   1.5130000e+02   1.3801290e+02  -4.3752638e+01
   1.5140000e+02  -7.9987104e+01  -1.0032638e+01
   1.5150000e+02  -1.9987104e+01  -2.1432638e+01
   1.5160000e+02  -1.5987104e+01  -2.2592638e+01
   1.5170000e+02   9.0128957e+00   1.8407362e+01
   1.5180000e+02   1.0012896e+01  -2.6632638e+01
   1.5190000e+02   4.4012896e+01   4.0007362e+01
   1.5200000e+02  -1.9871043e+00  -3.4152638e+01
   1.5210000e+02  -5.0987104e+01  -5.5192638e+01
   1.5220000e+02   3.4012896e+01  -8.5926377e+00
   1.5230000e+02  -2.5987104e+01   8.0736225e-01
   1.5240000e+02   2.3012896e+01   1.1847362e+01
   1.5250000e+02  -5.7987104e+01  -1.2912638e+01
   1.5260000e+02   4.5012896e+01  -7.0326377e+00
   1.5270000e+02   3.3012896e+01  -1.4552638e+01
   1.5280000e+02   5.8012896e+01  -1.7552638e+01
   1.5290000e+02  -7.9871043e+00   4.4087362e+01
   1.5300000e+02  -3.3987104e+01   8.1273623e+00
   1.5310000e+02  -8.1987104e+01  -1.5952638e+01
   1.5320000e+02   4.3012896e+01   7.0473623e+00
   1.5330000e+02   1.4201290e+02   2.4087362e+01
   1.5340000e+02   4.7012896e+01   1.6887362e+01
   1.5350000e+02   3.4012896e+01   4.2407362e+01
   1.5360000e+02   4.1012896e+01  -3.8726377e+00
   1.5370000e+02   2.0012896e+01  -6.2032638e+01
   1.5380000e+02  -3.5987104e+01  -3.2792638e+01
   1.5390000e+02  -7.9871043e+00   1.5087362e+01
   1.5400000e+02  -1.9987104e+01  -6.4432638e+01
   1.5410000e+02  -7.4987104e+01   1.9767362e+01
   1.5420000e+02  -3.9871043e+00  -1.9072638e+01
   1.5430000e+02   1.5012896e+01  -2.8326377e+00
   1.5440000e+02  -7.6987104e+01   1.4847362e+01
   1.5450000e+02   4.0128957e+00  -5.2392638e+01
   1.5460000e+02   3.4012896e+01   9.0407362e+01
   1.5470000e+02  -5.0987104e+01  -1.6192638e+01
   1.5480000e+02   9.5012896e+01  -4.3032638e+01
   1.5490000e+02   2.2012896e+01  -2.1112638e+01
   1.5500000e+02   8.3012896e+01  -3.0552638e+01
   1.5510000e+02   2.1012896e+01  -1.8072638e+01
   1.5520000e+02   1.2895662e-02   1.6767362e+01
   1.5530000e+02  -4.1987104e+01  -3.0552638e+01
   1.5540000e+02  -1.3987104e+01   1.3327362e+01
   1.5550000e+02   2.6012896e+01  -1.6272638e+01
   1.5560000e+02   3.1012896e+01  -3.4472638e+01
   1.5570000e+02   1.4901290e+02  -4.0192638e+01
   1.5580000e+02   3.1012896e+01  -4.2472638e+01
   1.5590000e+02   6.5012896e+01  -5.6832638e+01
   1.5600000e+02  -5.0987104e+01  -2.2192638e+01
   1.5610000e+02  -1.0987104e+01   2.4207362e+01
   1.5620000e+02   7.7012896e+01   2.3687362e+01
   1.5630000e+02   8.0128957e+00   5.3447362e+01
   1.5640000e+02  -6.6987104e+01  -1.7552638e+01
   1.5650000e+02   3.9012896e+01   4.0207362e+01
   1.5660000e+02  -6.1987104e+01  -2.8752638e+01
   1.5670000e+02   1.0001290e+02  -5.8232638e+01
   1.5680000e+02  -7.3987104e+01  -2.6272638e+01
   1.5690000e+02   1.2895662e-02   4.3767362e+01
   1.5700000e+02  -3.9987104e+01  -1.6632638e+01
   1.5710000e+02  -4.3987104e+01  -5.3472638e+01
   1.5720000e+02   7.8012896e+01  -6.2352638e+01
   1.5730000e+02  -1.0987104e+01  -1.7792638e+01
   1.5740000e+02  -6.9987104e+01   5.4567362e+01
   1.5750000e+02   9.0012896e+01   3.4167362e+01
   1.5760000e+02   5.0012896e+01   4.6767362e+01
   1.5770000e+02  -4.1987104e+01   5.0447362e+01
   1.5780000e+02   7.1012896e+01  -2.0726377e+00
   1.5790000e+02  -2.9987104e+01   3.2967362e+01
   1.5800000e+02   4.2012896e+01   6.0873623e+00
   1.5810000e+02   4.6012896e+01  -3.1072638e+01
   1.5820000e+02   7.8012896e+01  -2.2352638e+01
   1.5830000e+02   1.4201290e+02   1.0087362e+01
   1.5840000e+02  -8.6987104e+01   3.1247362e+01
   1.5850000e+02   3.2012896e+01   2.4873623e+00
   1.5860000e+02   7.6012896e+01   1.7727362e+01
   1.5870000e+02  -3.0987104e+01  -3.2992638e+01
   1.5880000e+02   4.0012896e+01  -2.2832638e+01
   1.5890000e+02  -6.0987104e+01   2.2073623e+00
   1.5900000e+02  -8.9987104e+01  -1.0632638e+01
   1.5910000e+02   7.8012896e+01  -3.6352638e+01
   1.5920000e+02   1.7012896e+01   2.0087362e+01
   1.5930000e+02  -5.8987104e+01   4.4127362e+01
   1.5940000e+02  -2.9987104e+01  -3.3032638e+01
   1.5950000e+02   3.0012896e+01  -7.2432638e+01
   1.5960000e+02  -8.5987104e+01  -1.5792638e+01
   1.5970000e+02   1.0012896e+01  -3.6326377e+00
   1.5980000e+02  -8.3987104e+01   1.1273623e+00
   1.5990000e+02   1.0128957e+00   1.3727362e+01
   1.6000000e+02  -5.7987104e+01  -1.7912638e+01
   1.6010000e+02   3.6012896e+01  -2.1672638e+01
   1.6020000e+02   1.1012896e+01  -2.5672638e+01
   1.6030000e+02  -9.8710434e-01  -3.6192638e+01
   1.6040000e+02   7.3012896e+01   8.8473623e+00
   1.6050000e+02   3.2012896e+01  -1.8512638e+01
   1.6060000e+02  -3.7987104e+01  -5.0712638e+01
   1.6070000e+02   1.0401290e+02  -2.8392638e+01
   1.6080000e+02   3.2012896e+01  -6.2512638e+01
   1.6090000e+02  -6.1987104e+01   3.6247362e+01
   1.6100000e+02  -1.4987104e+01   9.2367362e+01
   1.6110000e+02  -9.8987104e+01  -6.3272638e+01
   1.6120000e+02  -4.3987104e+01  -3.5472638e+01
   1.6130000e+02  -4.5987104e+01   6.5607362e+01
   1.6140000e+02   9.6012896e+01  -8.0726377e+00
   1.6150000e+02  -5.4987104e+01   1.9673623e+00
   1.6160000e+02   5.4012896e+01   6.2607362e+01
   1.6170000e+02   7.0128957e+00  -4.2512638e+01
   1.6180000e+02   5.2012896e+01  -3.3312638e+01
   1.6190000e+02   1.0901290e+02  -3.4592638e+01
   1.6200000e+02   1.4012896e+01   5.2207362e+01
   1.6210000e+02  -9.8710434e-01   7.8073623e+00
   1.6220000e+02   1.0401290e+02   7.3607362e+01
   1.6230000e+02  -1.6987104e+01  -5.8552638e+01
   1.6240000e+02  -3.1987104e+01   2.9047362e+01
   1.6250000e+02  -4.0987104e+01  -4.0592638e+01
   1.6260000e+02   3.0128957e+00   2.9647362e+01
   1.6270000e+02  -7.0987104e+01  -1.6392638e+01
   1.6280000e+02   5.4012896e+01  -1.1392638e+01
   1.6290000e+02   2.1012896e+01   1.9927362e+01
   1.6300000e+02  -5.0987104e+01   1.8073623e+00
   1.6310000e+02  -2.7987104e+01  -3.7112638e+01
   1.6320000e+02  -2.8987104e+01  -3.9072638e+01
   1.6330000e+02  -5.9871043e+00  -2.8992638e+01
   1.6340000e+02  -5.0987104e+01   1.2807362e+01
   1.6350000e+02  -6.0987104e+01  -3.7926377e+00
   1.6360000e+02  -2.4987104e+01   1.6767362e+01
   1.6370000e+02  -6.8987104e+01   2.8527362e+01
   1.6380000e+02  -8.9871043e+00  -5.6872638e+01
   1.6390000e+02  -3.2987104e+01   7.0873623e+00
   1.6400000e+02  -7.3987104e+01  -5.2726377e+00
   1.6410000e+02   1.8012896e+01  -2.1952638e+01
   1.6420000e+02   2.8012896e+01   1.6647362e+01
   1.6430000e+02   7.6012896e+01  -6.5272638e+01
   1.6440000e+02   8.0128957e+00   1.6447362e+01
   1.6450000e+02  -5.6987104e+01   4.8047362e+01
   1.6460000e+02  -9.9871043e+00  -2.8326377e+00
   1.6470000e+02   2.0012896e+01  -1.4032638e+01
   1.6480000e+02   2.6012896e+01   8.7273623e+00
   1.6490000e+02  -1.0987104e+01   5.2073623e+00
   1.6500000e+02   1.0301290e+02   5.6647362e+01
   1.6510000e+02  -8.6987104e+01  -4.4752638e+01
   1.6520000e+02   5.3012896e+01   2.5647362e+01
   1.6530000e+02   1.7601290e+02  -3.2726377e+00
   1.6540000e+02   4.6012896e+01   5.9273623e+00
   1.6550000e+02   5.6012896e+01   6.7527362e+01
   1.6560000e+02  -6.2987104e+01  -2.0712638e+01
   1.6570000e+02   4.8012896e+01  -5.0152638e+01
   1.6580000e+02   9.7012896e+01   2.3887362e+01
   1.6590000e+02   7.0128957e+00   1.9487362e+01
   1.6600000e+02  -3.0987104e+01   1.8007362e+01
   1.6610000e+02  -4.0987104e+01   2.8407362e+01
   1.6620000e+02  -7.0987104e+01  -5.5392638e+01
   1.6630000e+02  -4.9871043e+00  -1.9032638e+01
   1.6640000e+02  -8.9871043e+00  -3.3872638e+01
   1.6650000e+02  -3.9987104e+01  -2.1632638e+01
   1.6660000e+02  -7.3987104e+01   3.5727362e+01
   1.6670000e+02  -8.9871043e+00  -3.4872638e+01
   1.6680000e+02  -9.4987104e+01  -4.4326377e+00
   1.6690000e+02  -6.1987104e+01   1.0424736e+02
   1.6700000e+02  -2.0987104e+01  -2.5392638e+01
   1.6710000e+02  -1.9871043e+00  -4.3152638e+01
   1.6720000e+02   2.4012896e+01   6.1807362e+01
   1.6730000e+02   1.1801290e+02  -1.0952638e+01
   1.6740000e+02   9.9012896e+01  -4.0192638e+01
   1.6750000e+02   4.5012896e+01  -2.8032638e+01
   1.6760000e+02  -3.0987104e+01   2.1007362e+01
   1.6770000e+02  -1.4987104e+01  -5.2632638e+01
   1.6780000e+02   1.5401290e+02   1.0607362e+01
   1.6790000e+02   9.3012896e+01  -2.0952638e+01
   1.6800000e+02   6.0012896e+01  -3.6326377e+00
   1.6810000e+02  -9.9871043e+00  -8.8326377e+00
   1.6820000e+02   1.6001290e+02  -2.6632638e+01
   1.6830000e+02   5.1012896e+01   8.5727362e+01
   1.6840000e+02  -1.9871043e+00   4.4847362e+01
   1.6850000e+02  -7.9987104e+01   4.9673623e+00
   1.6860000e+02  -1.6987104e+01   4.4473623e+00
   1.6870000e+02   1.8901290e+02  -6.0792638e+01
   1.6880000e+02   6.0012896e+01  -2.6326377e+00
   1.6890000e+02  -5.2987104e+01   8.8873623e+00
   1.6900000e+02   1.0012896e+01  -6.3263775e-01
   1.6910000e+02  -3.7987104e+01  -1.5712638e+01
   1.6920000e+02  -3.4987104e+01  -1.3832638e+01
   1.6930000e+02  -1.4987104e+01  -9.6326377e+00
   1.6940000e+02   9.0128957e+00  -3.4592638e+01
   1.6950000e+02   1.0128957e+00   5.7727362e+01
   1.6960000e+02   2.1012896e+01   2.5927362e+01
   1.6970000e+02   3.9012896e+01   5.2073623e+00
   1.6980000e+02   4.0012896e+01   1.8167362e+01
   1.6990000e+02  -6.0987104e+01  -5.2792638e+01
   1.7000000e+02   1.2101290e+02  -1.3072638e+01
   1.7010000e+02   1.3012896e+01   2.5247362e+01
   1.7020000e+02   7.6012896e+01  -1.0272638e+01
   1.7030000e+02   7.4012896e+01  -4.1192638e+01
   1.7040000e+02   2.0128957e+00  -4.3126377e+00
   1.7050000e+02  -2.0987104e+01   2.6607362e+01
   1.7060000e+02  -9.9871043e+00   2.5167362e+01
   1.7070000e+02   1.0012896e+01  -2.0632638e+01
   1.7080000e+02  -3.7987104e+01  -2.9712638e+01
   1.7090000e+02   4.5012896e+01  -2.6032638e+01
   1.7100000e+02   6.6012896e+01  -1.3872638e+01
   1.7110000e+02   3.0012896e+01  -3.9432638e+01
   1.7120000e+02   3.0128957e+00   6.1647362e+01
   1.7130000e+02  -3.9871043e+00   1.5927362e+01
   1.7140000e+02   1.3201290e+02  -1.5512638e+01
   1.7150000e+02  -2.0987104e+01  -2.0392638e+01
   1.7160000e+02   1.7012896e+01   2.0873623e+00
   1.7170000e+02   4.0128957e+00   4.3607362e+01
   1.7180000e+02  -9.8710434e-01  -4.0192638e+01
   1.7190000e+02  -6.0987104e+01   3.0207362e+01
   1.7200000e+02  -9.0987104e+01   1.7407362e+01
   1.7210000e+02   3.6012896e+01  -4.6726377e+00
   1.7220000e+02   6.7012896e+01   3.0873623e+00
   1.7230000e+02  -4.5987104e+01   1.6607362e+01
   1.7240000e+02   1.4012896e+01   1.4207362e+01
   1.7250000e+02  -1.5987104e+01  -1.5592638e+01
   1.7260000e+02   2.8012896e+01   3.1647362e+01
   1.7270000e+02   3.1012896e+01  -1.0472638e+01
   1.7280000e+02   1.8012896e+01  -2.2952638e+01
   1.7290000e+02   3.8012896e+01   5.3247362e+01
   1.7300000e+02  -1.6987104e+01   8.9447362e+01
   1.7310000e+02   3.0012896e+01   3.6567362e+01
   1.7320000e+02  -6.9871043e+00  -1.6952638e+01
   1.7330000e+02   5.0128957e+00  -1.0432638e+01
   1.7340000e+02  -9.9987104e+01  -4.2232638e+01
   1.7350000e+02  -9.7987104e+01  -2.3312638e+01
   1.7360000e+02  -5.9871043e+00   3.5007362e+01
   1.7370000e+02  -4.6987104e+01  -2.1352638e+01
   1.7380000e+02   5.0012896e+01   3.7673623e+00
   1.7390000e+02   3.7012896e+01   2.2287362e+01
   1.7400000e+02   1.0128957e+00   4.1727362e+01
   1.7410000e+02  -4.5987104e+01   2.9607362e+01
   1.7420000e+02   2.4012896e+01   2.9807362e+01
   1.7430000e+02  -9.8710434e-01   9.8807362e+01
   1.7440000e+02  -3.3987104e+01   1.0512736e+02
   1.7450000e+02   1.1012896e+01  -9.6726377e+00
   1.7460000e+02   1.1012896e+01  -7.6726377e+00
   1.7470000e+02   1.9012896e+01   3.6007362e+01
   1.7480000e+02  -5.9987104e+01  -3.7832638e+01
   1.7490000e+02   1.0128957e+00  -2.2272638e+01
   1.7500000e+02  -2.1987104e+01   3.5647362e+01
   1.7510000e+02   4.4012896e+01  -1.7992638e+01
   1.7520000e+02   2.9012896e+01  -4.3926377e+00
   1.7530000e+02  -8.1987104e+01   7.0473623e+00
   1.7540000e+02   2.6012896e+01  -2.3272638e+01
   1.7550000e+02   6.5012896e+01  -2.4832638e+01
   1.7560000e+02  -7.6987104e+01  -1.2152638e+01
   1.7570000e+02   4.0128957e+00  -5.3926377e+00
   1.7580000e+02   7.3012896e+01  -1.3152638e+01
   1.7590000e+02  -9.9871043e+00   4.4167362e+01
   1.7600000e+02  -9.7987104e+01  -2.7312638e+01
   1.7610000e+02   7.1012896e+01  -1.6072638e+01
   1.7620000e+02  -1.4987104e+01  -4.7632638e+01
   1.7630000e+02  -9.5987104e+01  -1.5392638e+01
   1.7640000e+02  -2.0987104e+01   5.6073623e+00
   1.7650000e+02   7.6012896e+01   1.5727362e+01
   1.7660000e+02  -7.2987104e+01  -3.1263775e-01
   1.7670000e+02  -8.3987104e+01   1.7127362e+01
   1.7680000e+02   6.0012896e+01  -1.9632638e+01
   1.7690000e+02  -7.9871043e+00  -5.9126377e+00
   1.7700000e+02   4.0128957e+00   1.9607362e+01
   1.7710000e+02   1.1601290e+02   1.6127362e+01
   1.7720000e+02   2.1012896e+01   1.0927362e+01
   1.7730000e+02  -2.2987104e+01  -3.0312638e+01
   1.7740000e+02   6.1012896e+01  -4.6672638e+01
   1.7750000e+02  -5.3987104e+01  -2.8072638e+01
   1.7760000e+02   4.5012896e+01  -1.8032638e+01
   1.7770000e+02  -3.3987104e+01  -3.4872638e+01
   1.7780000e+02   6.0012896e+01  -2.3632638e+01
   1.7790000e+02  -4.7987104e+01  -2.5312638e+01
   1.7800000e+02   2.4012896e+01  -3.1192638e+01
   1.7810000e+02  -7.8987104e+01   5.3927362e+01
   1.7820000e+02  -1.2198710e+02  -9.3526377e+00
   1.7830000e+02   2.8012896e+01  -3.8352638e+01
   1.7840000e+02  -3.3987104e+01   1.5127362e+01
   1.7850000e+02  -9.8710434e-01   2.9807362e+01
   1.7860000e+02  -4.5987104e+01  -3.9263775e-01
   1.7870000e+02   7.8012896e+01  -2.0352638e+01
   1.7880000e+02  -3.3987104e+01   9.1273623e+00
   1.7890000e+02  -4.9871043e+00  -5.0326377e+00
   1.7900000e+02   1.6012896e+01   1.1273623e+00
   1.7910000e+02   5.2012896e+01  -1.2312638e+01
   1.7920000e+02  -5.6987104e+01   3.7047362e+01
   1.7930000e+02   4.2012896e+01   1.4087362e+01
   1.7940000e+02  -4.6987104e+01  -2.3352638e+01
   1.7950000e+02   5.7012896e+01  -2.0512638e+01
   1.7960000e+02  -6.9987104e+01  -1.9432638e+01
   1.7970000e+02  -6.0987104e+01  -1.1792638e+01
   1.7980000e+02   2.2012896e+01   4.5887362e+01
   1.7990000e+02  -3.6987104e+01  -1.8752638e+01
   1.8000000e+02  -3.6987104e+01   4.2247362e+01
   1.8010000e+02   1.1801290e+02  -2.0952638e+01
   1.8020000e+02   7.6012896e+01  -1.2726377e+00
   1.8030000e+02  -4.4987104e+01  -1.6432638e+01
   1.8040000e+02   9.1012896e+01  -1.9872638e+01
   1.8050000e+02  -1.6987104e+01  -3.1552638e+01
   1.8060000e+02   1.7012896e+01  -2.2912638e+01
   1.8070000e+02  -7.9871043e+00  -2.0912638e+01
   1.8080000e+02   4.0128957e+00   2.9607362e+01
   1.8090000e+02   4.2012896e+01   4.0873623e+00
   1.8100000e+02  -6.4987104e+01   9.3673623e+00
   1.8110000e+02   1.0101290e+02  -1.1272638e+01
   1.8120000e+02  -2.6987104e+01  -2.9152638e+01
   1.8130000e+02  -4.0987104e+01   2.0407362e+01
   1.8140000e+02  -5.2987104e+01  -4.8112638e+01
   1.8150000e+02  -9.2987104e+01  -4.0512638e+01
   1.8160000e+02  -6.6987104e+01  -4.7552638e+01
   1.8170000e+02  -6.9987104e+01   6.8567362e+01
   1.8180000e+02  -1.1498710e+02  -1.9632638e+01
   1.8190000e+02   6.0128957e+00   2.1527362e+01
   1.8200000e+02   4.0128957e+00  -7.6392638e+01
   1.8210000e+02  -3.6987104e+01  -3.7526377e+00
   1.8220000e+02   2.8012896e+01   2.0647362e+01
   1.8230000e+02   1.0501290e+02   1.2567362e+01
   1.8240000e+02  -5.7987104e+01   1.1087362e+01
   1.8250000e+02  -4.5987104e+01  -3.8392638e+01
   1.8260000e+02   3.9012896e+01  -6.5792638e+01
   1.8270000e+02  -6.9871043e+00  -2.7952638e+01
   1.8280000e+02   1.4701290e+02  -3.8112638e+01
   1.8290000e+02  -8.9987104e+01  -3.9632638e+01
   1.8300000e+02  -5.3987104e+01  -3.0726377e+00
   1.8310000e+02  -6.8987104e+01  -1.1472638e+01
   1.8320000e+02  -3.7987104e+01  -4.7126377e+00
   1.8330000e+02   3.1012896e+01  -1.5472638e+01
   1.8340000e+02   4.9012896e+01   1.8807362e+01
   1.8350000e+02  -3.8987104e+01  -1.0672638e+01
   1.8360000e+02  -3.7987104e+01  -1.8712638e+01
   1.8370000e+02  -6.9987104e+01   2.4567362e+01
   1.8380000e+02   5.2012896e+01  -4.3126377e+00
   1.8390000e+02   4.4012896e+01  -4.0992638e+01
   1.8400000e+02  -6.9871043e+00   9.0473623e+00
   1.8410000e+02   2.6012896e+01  -2.6272638e+01
   1.8420000e+02  -6.8987104e+01  -1.7472638e+01
   1.8430000e+02  -1.9871043e+00  -4.0152638e+01
   1.8440000e+02   1.3012896e+01  -7.7526377e+00
   1.8450000e+02  -5.9871043e+00   3.1007362e+01
   1.8460000e+02  -5.8987104e+01   6.1273623e+00
   1.8470000e+02  -3.2987104e+01  -9.9126377e+00
   1.8480000e+02  -3.0987104e+01  -2.1992638e+01
   1.8490000e+02   1.1012896e+01  -2.5672638e+01
   1.8500000e+02  -1.2198710e+02  -1.8352638e+01
   1.8510000e+02  -7.7987104e+01   2.8887362e+01
   1.8520000e+02   5.4012896e+01  -3.3926377e+00
   1.8530000e+02  -5.2987104e+01  -7.1126377e+00
   1.8540000e+02  -7.5987104e+01  -1.7192638e+01
   1.8550000e+02  -1.3498710e+02   3.6167362e+01
   1.8560000e+02   3.0012896e+01  -2.9432638e+01
   1.8570000e+02  -6.9871043e+00  -2.7952638e+01
   1.8580000e+02  -5.4987104e+01  -6.0326377e+00
   1.8590000e+02  -6.8987104e+01  -5.1472638e+01
   1.8600000e+02   4.9012896e+01  -1.0192638e+01
   1.8610000e+02  -3.2987104e+01  -9.1263775e-01
   1.8620000e+02   3.0012896e+01  -5.1432638e+01
   1.8630000e+02  -1.0998710e+02   1.5167362e+01
   1.8640000e+02   3.0128957e+00   1.3647362e+01
   1.8650000e+02   9.0128957e+00  -1.6592638e+01
   1.8660000e+02  -1.7987104e+01  -6.5126377e+00
   1.8670000e+02  -1.3987104e+01   4.3273623e+00
   1.8680000e+02   2.2012896e+01  -8.1126377e+00
   1.8690000e+02   4.5012896e+01  -3.3032638e+01
   1.8700000e+02  -2.9871043e+00  -3.1126377e+00
   1.8710000e+02   1.2101290e+02  -4.3072638e+01
   1.8720000e+02  -4.2987104e+01   1.3487362e+01
   1.8730000e+02   6.8012896e+01   4.6047362e+01
   1.8740000e+02   5.7012896e+01   4.5487362e+01
   1.8750000e+02  -3.9987104e+01   9.5367362e+01
   1.8760000e+02   2.8012896e+01  -3.0352638e+01
   1.8770000e+02   2.0012896e+01   1.0196736e+02
   1.8780000e+02  -8.3987104e+01   3.8127362e+01
   1.8790000e+02   1.7012896e+01  -4.9126377e+00
   1.8800000e+02  -8.4987104e+01   1.0167362e+01
   1.8810000e+02   3.2012896e+01   2.3487362e+01
   1.8820000e+02   7.8012896e+01  -1.7352638e+01
   1.8830000e+02   8.0012896e+01  -2.4326377e+00
   1.8840000e+02  -1.5987104e+01   6.9407362e+01
   1.8850000e+02   8.3012896e+01  -1.0552638e+01
   1.8860000e+02  -2.7987104e+01  -2.6112638e+01
   1.8870000e+02  -5.6987104e+01  -4.9526377e+00
   1.8880000e+02   7.5012896e+01  -1.1232638e+01
   1.8890000e+02  -1.6987104e+01   4.4473623e+00
   1.8900000e+02  -3.3987104e+01  -8.8726377e+00
   1.8910000e+02  -7.5987104e+01  -6.4192638e+01
   1.8920000e+02   3.4012896e+01   2.0407362e+01
   1.8930000e+02   1.6012896e+01   3.4127362e+01
   1.8940000e+02  -1.8987104e+01   1.8527362e+01
   1.8950000e+02  -5.3987104e+01  -7.0726377e+00
   1.8960000e+02  -9.9987104e+01   2.1767362e+01
   1.8970000e+02  -4.8987104e+01   1.9727362e+01
   1.8980000e+02  -2.1987104e+01   5.6473623e+00
   1.8990000e+02   2.0012896e+01   5.9673623e+00
   1.9000000e+02  -5.9871043e+00   7.0073623e+00
   1.9010000e+02  -9.9987104e+01  -2.7232638e+01
   1.9020000e+02  -3.0987104e+01   2.4007362e+01
   1.9030000e+02   2.3012896e+01   2.7847362e+01
   1.9040000e+02   1.6012896e+01  -3.0872638e+01
   1.9050000e+02  -8.0987104e+01   7.6007362e+01
   1.9060000e+02  -6.9987104e+01   1.5673623e+00
   1.9070000e+02  -9.8710434e-01  -6.1926377e+00
   1.9080000e+02  -4.2987104e+01  -2.1512638e+01
   1.9090000e+02   6.9012896e+01   4.7007362e+01
   1.9100000e+02  -1.9871043e+00  -1.6152638e+01
   1.9110000e+02   7.4012896e+01  -1.0192638e+01
   1.9120000e+02  -3.0987104e+01   1.1007362e+01
   1.9130000e+02  -1.4987104e+01   1.3673623e+00
   1.9140000e+02   1.0001290e+02  -6.2326377e+00
   1.9150000e+02  -4.8987104e+01  -3.9272638e+01
   1.9160000e+02  -7.6987104e+01  -5.1526377e+00
   1.9170000e+02  -8.3987104e+01   3.8127362e+01
   1.9180000e+02  -7.7987104e+01  -3.9112638e+01
   1.9190000e+02  -2.4987104e+01   1.2767362e+01
   1.9200000e+02  -3.8987104e+01  -3.4672638e+01
   1.9210000e+02  -2.2987104e+01  -1.1312638e+01
   1.9220000e+02  -1.0898710e+02  -2.6872638e+01
   1.9230000e+02  -6.2987104e+01  -1.6712638e+01
   1.9240000e+02  -5.5987104e+01   4.3007362e+01
   1.9250000e+02  -3.7987104e+01  -9.7126377e+00
   1.9260000e+02  -7.8987104e+01   2.9273623e+00
   1.9270000e+02  -1.0198710e+02   5.8473623e+00
   1.9280000e+02  -4.8987104e+01   1.8727362e+01
   1.9290000e+02  -7.6987104e+01   1.3847362e+01
   1.9300000e+02  -1.1198710e+02   2.5247362e+01
   1.9310000e+02  -6.8987104e+01   8.4527362e+01
   1.9320000e+02  -3.0987104e+01   2.2007362e+01
   1.9330000e+02  -8.4987104e+01  -2.4832638e+01
   1.9340000e+02  -2.3987104e+01  -3.7272638e+01
   1.9350000e+02  -6.8987104e+01   7.4527362e+01
   1.9360000e+02  -2.6987104e+01  -1.1152638e+01
   1.9370000e+02  -7.3987104e+01  -4.7272638e+01
   1.9380000e+02   2.3012896e+01  -2.9152638e+01
   1.9390000e+02  -1.0098710e+02   5.8073623e+00
   1.9400000e+02  -5.3987104e+01  -3.1072638e+01
   1.9410000e+02   3.3012896e+01  -1.6552638e+01
   1.9420000e+02  -1.9987104e+01  -3.4326377e+00
   1.9430000e+02  -1.3698710e+02  -8.7752638e+01
   1.9440000e+02  -9.8987104e+01   1.7273623e+00
   1.9450000e+02   2.4012896e+01  -2.3192638e+01
   1.9460000e+02  -1.0398710e+02   4.3927362e+01
   1.9470000e+02  -9.8987104e+01  -3.0272638e+01
   1.9480000e+02  -7.8987104e+01   1.7927362e+01
   1.9490000e+02   2.6012896e+01  -3.2726377e+00
   1.9500000e+02   7.4012896e+01  -6.2192638e+01
   1.9510000e+02   8.0128957e+00  -4.1552638e+01
   1.9520000e+02   3.8012896e+01   3.5247362e+01
   1.9530000e+02  -4.1987104e+01   4.4736225e-01
   1.9540000e+02  -3.2987104e+01  -4.5912638e+01
   1.9550000e+02   3.6012896e+01  -3.1672638e+01
   1.9560000e+02  -5.9871043e+00  -1.9992638e+01
   1.9570000e+02   1.4012896e+01  -5.2792638e+01
   1.9580000e+02   1.4012896e+01   2.6207362e+01
   1.9590000e+02  -4.1987104e+01   2.8447362e+01
   1.9600000e+02  -3.9987104e+01  -9.6326377e+00
   1.9610000e+02  -2.5987104e+01   3.5807362e+01
   1.9620000e+02   4.6012896e+01  -7.0726377e+00
   1.9630000e+02  -1.4998710e+02   8.7673623e+00
   1.9640000e+02  -3.2987104e+01   2.5087362e+01
   1.9650000e+02  -9.2987104e+01   4.9487362e+01
   1.9660000e+02   2.2012896e+01   1.8887362e+01
   1.9670000e+02   4.5012896e+01  -7.3032638e+01
   1.9680000e+02  -2.1987104e+01  -2.7352638e+01
   1.9690000e+02  -7.9871043e+00  -4.9912638e+01
   1.9700000e+02  -1.0298710e+02   4.2887362e+01
   1.9710000e+02  -3.9871043e+00   4.0927362e+01
   1.9720000e+02  -7.3987104e+01  -5.2272638e+01
   1.9730000e+02   1.3701290e+02  -3.0712638e+01
   1.9740000e+02  -1.3987104e+01   1.7327362e+01
   1.9750000e+02   3.4012896e+01   2.2407362e+01
   1.9760000e+02  -3.2987104e+01  -3.2912638e+01
   1.9770000e+02   3.7012896e+01   1.1287362e+01
   1.9780000e+02   1.5012896e+01  -3.6832638e+01
   1.9790000e+02  -4.3987104e+01   3.9527362e+01
   1.9800000e+02  -5.7987104e+01  -2.6912638e+01
   1.9810000e+02  -1.6987104e+01   1.6447362e+01
   1.9820000e+02   1.2895662e-02  -5.4232638e+01
   1.9830000e+02  -6.7987104e+01  -3.4512638e+01
   1.9840000e+02   3.7012896e+01  -6.7126377e+00
   1.9850000e+02  -5.4987104e+01  -1.5032638e+01
   1.9860000e+02  -3.4987104e+01  -5.5832638e+01
   1.9870000e+02  -6.5987104e+01   1.4073623e+00
   1.9880000e+02   7.0128957e+00   5.7487362e+01
   1.9890000e+02   1.4012896e+01  -9.7926377e+00
   1.9900000e+02  -1.8987104e+01   1.0527362e+01
   1.9910000e+02   2.2012896e+01  -4.1126377e+00
   1.9920000e+02  -9.6987104e+01  -5.0352638e+01
   1.9930000e+02  -6.9871043e+00  -5.9526377e+00
   1.9940000e+02   6.2012896e+01  -7.5712638e+01
   1.9950000e+02  -8.8987104e+01  -4.3672638e+01
   1.9960000e+02  -6.2987104e+01  -1.7126377e+00
   1.9970000e+02  -6.2987104e+01   1.0287362e+01
   1.9980000e+02  -8.6987104e+01   2.0247362e+01
   1.9990000e+02  -8.0987104e+01  -1.8992638e+01
