   0.0000000e+00   2.6606447e+02   1.4858951e+02
   1.0000000e-01   1.5906447e+02   1.0186951e+02
   2.0000000e-01   2.9106447e+02   4.1589513e+01
   3.0000000e-01   2.1906447e+02   1.3446951e+02
   4.0000000e-01   3.8106447e+02   9.2989513e+01
   5.0000000e-01   1.4106447e+02   1.0558951e+02
   6.0000000e-01   2.1506447e+02   4.6295129e+00
   7.0000000e-01   1.9606447e+02   1.1038951e+02
   8.0000000e-01   1.5906447e+02   7.0869513e+01
   9.0000000e-01   3.3106447e+02   5.1989513e+01
   1.0000000e+00   2.8506447e+02   1.2882951e+02
   1.1000000e+00   1.0706447e+02   8.9949513e+01
   1.2000000e+00   2.5306447e+02   1.0810951e+02
   1.3000000e+00   2.0006447e+02   6.2229513e+01
   1.4000000e+00   2.0006447e+02   1.4122951e+02
   1.5000000e+00   1.5806447e+02   8.0909513e+01
   1.6000000e+00   2.5006447e+02   8.3229513e+01
   1.7000000e+00   1.2506447e+02   1.1422951e+02
   1.8000000e+00   2.2006447e+02   8.2429513e+01
   1.9000000e+00   1.9206447e+02   2.8549513e+01
   2.0000000e+00   9.9064470e+01   1.0926951e+02
   2.1000000e+00   2.4806447e+02   1.7930951e+02
   2.2000000e+00   1.4106447e+02   1.1058951e+02
   2.3000000e+00   1.1106447e+02   1.1178951e+02
   2.4000000e+00   1.8306447e+02   2.1290951e+02
   2.5000000e+00   2.6106447e+02   1.9578951e+02
   2.6000000e+00   2.7906447e+02   1.0806951e+02
   2.7000000e+00   9.1064470e+01   1.4658951e+02
   2.8000000e+00   2.0206447e+02   1.1314951e+02
   2.9000000e+00   1.7106447e+02   1.1538951e+02
   3.0000000e+00   2.2006447e+02   4.2429513e+01
   3.1000000e+00   3.3006447e+02   5.0029513e+01
   3.2000000e+00   2.1206447e+02   1.3474951e+02
   3.3000000e+00   1.3406447e+02   1.3786951e+02
   3.4000000e+00   3.8006447e+02   1.4502951e+02
   3.5000000e+00   1.6306447e+02   9.8709513e+01
   3.6000000e+00   2.4006447e+02   1.5062951e+02
   3.7000000e+00   2.4406447e+02   5.7469513e+01
   3.8000000e+00   2.4606447e+02   2.7438951e+02
   3.9000000e+00   2.6606447e+02   5.6589513e+01
   4.0000000e+00   9.9064470e+01   1.3026951e+02
   4.1000000e+00   8.8064470e+01   3.4709513e+01
   4.2000000e+00   1.8606447e+02   1.8278951e+02
   4.3000000e+00   2.4906447e+02   2.1126951e+02
   4.4000000e+00   7.3064470e+01   1.6030951e+02
   4.5000000e+00   1.2506447e+02   1.6622951e+02
   4.6000000e+00   3.0006447e+02   1.8322951e+02
   4.7000000e+00   3.8706447e+02   8.1749513e+01
   4.8000000e+00   1.6906447e+02   8.9469513e+01
   4.9000000e+00   1.6706447e+02   1.3054951e+02
   5.0000000e+00   2.1506447e+02   1.1862951e+02
   5.1000000e+00   2.7506447e+02   2.2522951e+02
   5.2000000e+00   2.2706447e+02   9.0149513e+01
   5.3000000e+00   1.1706447e+02   1.8254951e+02
   5.4000000e+00   3.1306447e+02   1.3270951e+02
   5.5000000e+00   1.9906447e+02   1.5926951e+02
   5.6000000e+00   1.8406447e+02   1.6286951e+02
   5.7000000e+00   5.3064470e+01   5.5109513e+01
   5.8000000e+00   1.5406447e+02   5.9069513e+01
   5.9000000e+00   9.1064470e+01   1.8589513e+01
   6.0000000e+00   2.5106447e+02   3.4189513e+01
   6.1000000e+00   4.8064470e+01   8.3309513e+01
   6.2000000e+00   1.5006447e+02   4.8229513e+01
   6.3000000e+00   2.4306447e+02   4.5509513e+01
   6.4000000e+00   2.9406447e+02   7.0469513e+01
   6.5000000e+00   1.5306447e+02   3.5109513e+01
   6.6000000e+00   1.2406447e+02   9.4269513e+01
   6.7000000e+00   2.4306447e+02   1.0150951e+02
   6.8000000e+00   1.8806447e+02   4.5709513e+01
   6.9000000e+00   1.5706447e+02   1.4594951e+02
   7.0000000e+00   1.7306447e+02   2.9309513e+01
   7.1000000e+00   2.3806447e+02   2.1709513e+01
   7.2000000e+00   1.0406447e+02   1.2206951e+02
   7.3000000e+00   1.7306447e+02   8.1309513e+01
   7.4000000e+00   2.0206447e+02   8.9149513e+01
   7.5000000e+00   1.9306447e+02   4.7509513e+01
   7.6000000e+00   2.3906447e+02   3.8669513e+01
   7.7000000e+00   2.2906447e+02   1.1806951e+02
   7.8000000e+00   1.6406447e+02   1.3366951e+02
   7.9000000e+00   2.0406447e+02   2.8069513e+01
   8.0000000e+00   1.7306447e+02   1.1630951e+02
   8.1000000e+00   3.8006447e+02   4.0029513e+01
   8.2000000e+00   2.6906447e+02   2.4469513e+01
   8.3000000e+00   2.5706447e+02   7.1949513e+01
   8.4000000e+00   2.3606447e+02   1.3978951e+02
   8.5000000e+00   3.0206447e+02   1.2814951e+02
   8.6000000e+00   1.7006447e+02   9.4429513e+01
   8.7000000e+00   2.7506447e+02   1.2622951e+02
   8.8000000e+00   1.5406447e+02   1.7706951e+02
   8.9000000e+00   1.7806447e+02   1.9410951e+02
   9.0000000e+00   1.4706447e+02   2.6349513e+01
   9.1000000e+00   1.7406447e+02   1.3626951e+02
   9.2000000e+00   1.2406447e+02   1.0326951e+02
   9.3000000e+00   2.4506447e+02   5.9429513e+01
   9.4000000e+00   3.0506447e+02   6.5029513e+01
   9.5000000e+00   1.6306447e+02   1.6670951e+02
   9.6000000e+00   2.9806447e+02   5.5309513e+01
   9.7000000e+00   2.6106447e+02   9.9789513e+01
   9.8000000e+00   1.3506447e+02   6.1829513e+01
   9.9000000e+00   8.9064470e+01   3.7669513e+01
   1.0000000e+01   1.9906447e+02   6.0269513e+01
   1.0100000e+01   1.5706447e+02   8.2949513e+01
   1.0200000e+01   1.7306447e+02   1.6930951e+02
   1.0300000e+01   1.6706447e+02   8.7549513e+01
   1.0400000e+01   3.0106447e+02   3.7189513e+01
   1.0500000e+01   3.6506447e+02   5.7629513e+01
   1.0600000e+01   1.8906447e+02   8.5669513e+01
   1.0700000e+01   1.8606447e+02   1.2278951e+02
   1.0800000e+01   2.3406447e+02   5.0869513e+01
   1.0900000e+01   1.6206447e+02   2.6749513e+01
   1.1000000e+01   1.6606447e+02   1.0558951e+02
   1.1100000e+01   2.5006447e+02   4.4229513e+01
   1.1200000e+01   3.1706447e+02   7.8549513e+01
   1.1300000e+01   1.7806447e+02   7.3109513e+01
   1.1400000e+01   1.3706447e+02   9.1749513e+01
   1.1500000e+01   1.8906447e+02   1.1766951e+02
   1.1600000e+01   4.6064470e+01   1.2538951e+02
   1.1700000e+01   1.9306447e+02   1.3350951e+02
   1.1800000e+01   1.6206447e+02   1.3749513e+01
   1.1900000e+01   1.3006447e+02   2.7029513e+01
   1.2000000e+01   1.3806447e+02   1.1770951e+02
   1.2100000e+01   2.5606447e+02   7.5989513e+01
   1.2200000e+01   1.9406447e+02   1.0046951e+02
   1.2300000e+01   2.1406447e+02   1.3166951e+02
   1.2400000e+01   1.1606447e+02   4.8589513e+01
   1.2500000e+01   1.8706447e+02   1.1374951e+02
   1.2600000e+01   1.1006447e+02   8.8295129e+00
   1.2700000e+01   2.0706447e+02   1.1094951e+02
   1.2800000e+01   1.8406447e+02   1.3186951e+02
   1.2900000e+01   2.4406447e+02   4.4695129e+00
   1.3000000e+01   1.3806447e+02   8.1709513e+01
   1.3100000e+01   3.1906447e+02   1.3946951e+02
   1.3200000e+01   2.5906447e+02   9.9869513e+01
   1.3300000e+01   1.4706447e+02   9.4349513e+01
   1.3400000e+01   1.8406447e+02   4.4869513e+01
   1.3500000e+01   2.2806447e+02   1.4109513e+01
   1.3600000e+01   1.8006447e+02   1.9202951e+02
   1.3700000e+01   2.1806447e+02   1.2450951e+02
   1.3800000e+01   7.2064470e+01   1.8434951e+02
   1.3900000e+01   1.3806447e+02   9.7095129e+00
   1.4000000e+01   1.7106447e+02   1.1838951e+02
   1.4100000e+01   1.2006447e+02   8.0429513e+01
   1.4200000e+01   8.8064470e+01   3.2709513e+01
   1.4300000e+01   6.6064470e+01   3.7589513e+01
   1.4400000e+01   3.0006447e+02   9.2229513e+01
   1.4500000e+01   2.4706447e+02   7.8349513e+01
   1.4600000e+01   2.0706447e+02   4.0949513e+01
   1.4700000e+01   1.8406447e+02   1.0786951e+02
   1.4800000e+01   5.8064470e+01   8.4909513e+01
   1.4900000e+01   2.0506447e+02   4.4029513e+01
   1.5000000e+01   2.8606447e+02   3.9789513e+01
   1.5100000e+01   1.9806447e+02   8.3309513e+01
   1.5200000e+01   2.2406447e+02   7.9269513e+01
   1.5300000e+01   3.1006447e+02   1.0582951e+02
   1.5400000e+01   2.1806447e+02   1.6450951e+02
   1.5500000e+01   2.2306447e+02   6.9309513e+01
   1.5600000e+01   2.9306447e+02   6.6509513e+01
   1.5700000e+01   1.9806447e+02   1.0830951e+02
   1.5800000e+01   2.3906447e+02   2.3669513e+01
   1.5900000e+01   1.4306447e+02   7.1509513e+01
   1.6000000e+01   8.0064470e+01   1.0502951e+02
   1.6100000e+01   1.5606447e+02   6.7989513e+01
   1.6200000e+01   1.8064470e+01   9.8509513e+01
   1.6300000e+01   1.5906447e+02   1.3886951e+02
   1.6400000e+01   1.6006447e+02   3.1829513e+01
   1.6500000e+01   1.5506447e+02   8.0029513e+01
   1.6600000e+01   1.7906447e+02   1.2006951e+02
   1.6700000e+01   3.0106447e+02   5.8189513e+01
   1.6800000e+01   2.3606447e+02   7.7789513e+01
   1.6900000e+01   1.0606447e+02   3.6989513e+01
   1.7000000e+01   1.8506447e+02   1.2882951e+02
   1.7100000e+01   1.9406447e+02   1.9469513e+01
   1.7200000e+01   1.1206447e+02   6.1749513e+01
   1.7300000e+01   1.2106447e+02   3.6389513e+01
   1.7400000e+01   1.6406447e+02   1.1666951e+02
   1.7500000e+01   9.4064470e+01  -3.3530487e+01
   1.7600000e+01   1.6006447e+02   2.5829513e+01
   1.7700000e+01   1.9306447e+02   1.4550951e+02
   1.7800000e+01   2.3706447e+02   4.0749513e+01
   1.7900000e+01   1.8706447e+02   7.7495129e+00
   1.8000000e+01   1.6106447e+02   6.3789513e+01
   1.8100000e+01   2.2906447e+02   1.7406951e+02
   1.8200000e+01   2.0506447e+02   1.0002951e+02
   1.8300000e+01   8.4064470e+01   5.5869513e+01
   1.8400000e+01   1.2606447e+02   1.6718951e+02
   1.8500000e+01   2.2406447e+02   3.5269513e+01
   1.8600000e+01   2.1706447e+02   1.3154951e+02
   1.8700000e+01   1.8006447e+02   5.3029513e+01
   1.8800000e+01   1.9206447e+02   1.3654951e+02
   1.8900000e+01   1.9506447e+02   3.0429513e+01
   1.9000000e+01   1.3906447e+02   7.0669513e+01
   1.9100000e+01   2.6406447e+02   7.5669513e+01
   1.9200000e+01   7.4064470e+01   4.1269513e+01
   1.9300000e+01   3.2806447e+02   3.5109513e+01
   1.9400000e+01   1.4406447e+02   3.4469513e+01
   1.9500000e+01   1.8006447e+02   3.9029513e+01
   1.9600000e+01   2.1806447e+02   7.1509513e+01
   1.9700000e+01   1.7706447e+02   7.4149513e+01
   1.9800000e+01   2.3806447e+02  -7.2904871e+00
   1.9900000e+01   2.1606447e+02  -3.6410487e+01
   2.0000000e+01   1.8006447e+02   5.3029513e+01
   2.0100000e+01   9.9064470e+01   7.0269513e+01
   2.0200000e+01   2.5606447e+02   1.9989513e+01
   2.0300000e+01   8.5064470e+01   6.1829513e+01
   2.0400000e+01   1.5006447e+02   9.2295129e+00
   2.0500000e+01   1.6506447e+02   1.4862951e+02
   2.0600000e+01   1.4606447e+02   2.8389513e+01
   2.0700000e+01   3.2064470e+01   2.7949513e+01
   2.0800000e+01   2.8006447e+02   9.3029513e+01
   2.0900000e+01   1.3106447e+02   1.4989513e+01
   2.1000000e+01   1.8206447e+02   1.0894951e+02
   2.1100000e+01   1.6006447e+02   1.0082951e+02
   2.1200000e+01   2.3906447e+02   3.7669513e+01
   2.1300000e+01   2.7006447e+02  -8.5704871e+00
   2.1400000e+01   1.0806447e+02   1.8090951e+02
   2.1500000e+01   1.9106447e+02  -7.4104871e+00
   2.1600000e+01   1.9106447e+02   1.5858951e+02
   2.1700000e+01   1.7706447e+02   4.7149513e+01
   2.1800000e+01   2.2506447e+02   7.2229513e+01
   2.1900000e+01   2.7606447e+02   7.0189513e+01
   2.2000000e+01   3.2606447e+02   5.4189513e+01
   2.2100000e+01   7.5064470e+01   1.2622951e+02
   2.2200000e+01   1.9806447e+02   2.2309513e+01
   2.2300000e+01   8.5064470e+01   6.7829513e+01
   2.2400000e+01   2.1406447e+02   1.6766951e+02
   2.2500000e+01   3.5006447e+02   1.0229513e+01
   2.2600000e+01   1.6106447e+02   1.3178951e+02
   2.2700000e+01   1.1806447e+02   9.7509513e+01
   2.2800000e+01   3.0506447e+02   4.0029513e+01
   2.2900000e+01   1.4206447e+02   6.5549513e+01
   2.3000000e+01   1.6106447e+02   3.6789513e+01
   2.3100000e+01   2.1406447e+02   6.7669513e+01
   2.3200000e+01   1.6906447e+02   1.1946951e+02
   2.3300000e+01   3.3406447e+02   5.8869513e+01
   2.3400000e+01   1.2006447e+02   4.4295129e+00
   2.3500000e+01   2.7064470e+01   7.4149513e+01
   2.3600000e+01   1.2406447e+02   3.5269513e+01
   2.3700000e+01   9.4064470e+01   5.2469513e+01
   2.3800000e+01   1.8806447e+02   9.1709513e+01
   2.3900000e+01   1.3106447e+02   4.9989513e+01
   2.4000000e+01   1.9906447e+02   9.5269513e+01
   2.4100000e+01   2.1206447e+02   5.2749513e+01
   2.4200000e+01   1.4706447e+02   1.1834951e+02
   2.4300000e+01   1.6706447e+02   5.0549513e+01
   2.4400000e+01   2.8106447e+02   9.5989513e+01
   2.4500000e+01   9.3064470e+01  -1.0490487e+01
   2.4600000e+01   1.1206447e+02   9.2749513e+01
   2.4700000e+01   1.5906447e+02   1.1186951e+02
   2.4800000e+01   8.2064470e+01   8.3949513e+01
   2.4900000e+01   3.3606447e+02   3.7895129e+00
   2.5000000e+01   1.6506447e+02   1.3629513e+01
   2.5100000e+01   8.9064470e+01   1.5166951e+02
   2.5200000e+01   1.3106447e+02   6.7989513e+01
   2.5300000e+01   2.1206447e+02   1.7174951e+02
   2.5400000e+01   1.0906447e+02   7.7869513e+01
   2.5500000e+01   1.2706447e+02   1.4149513e+01
   2.5600000e+01   2.2106447e+02   9.5389513e+01
   2.5700000e+01   1.4006447e+02   9.4629513e+01
   2.5800000e+01   2.3206447e+02   1.2994951e+02
   2.5900000e+01   2.6206447e+02   2.7495129e+00
   2.6000000e+01   9.0064470e+01   9.7629513e+01
   2.6100000e+01   2.8606447e+02   7.1789513e+01
   2.6200000e+01   2.3806447e+02   1.2770951e+02
   2.6300000e+01   1.4406447e+02   7.7469513e+01
   2.6400000e+01   1.6506447e+02   7.3629513e+01
   2.6500000e+01   2.2306447e+02   7.3095129e+00
   2.6600000e+01   2.1206447e+02   5.9749513e+01
   2.6700000e+01   1.4206447e+02   1.4654951e+02
   2.6800000e+01   1.1606447e+02   1.2258951e+02
   2.6900000e+01   2.3906447e+02   3.7669513e+01
   2.7000000e+01   2.8206447e+02   1.3594951e+02
   2.7100000e+01   1.4706447e+02   9.8349513e+01
   2.7200000e+01   1.8606447e+02   5.9789513e+01
   2.7300000e+01   1.8306447e+02   4.8909513e+01
   2.7400000e+01   1.9506447e+02   7.8429513e+01
   2.7500000e+01   3.0606447e+02  -1.2010487e+01
   2.7600000e+01   2.7206447e+02   8.9349513e+01
   2.7700000e+01   1.9306447e+02   8.1509513e+01
   2.7800000e+01   1.6006447e+02   8.1829513e+01
   2.7900000e+01   1.6206447e+02   5.1749513e+01
   2.8000000e+01   1.5206447e+02   4.7149513e+01
   2.8100000e+01   3.8064470e+01   1.9970951e+02
   2.8200000e+01   1.3106447e+02   7.0989513e+01
   2.8300000e+01   1.2306447e+02   1.3730951e+02
   2.8400000e+01   2.1706447e+02   1.7454951e+02
   2.8500000e+01   2.5406447e+02   1.3906951e+02
   2.8600000e+01   2.5306447e+02   1.3610951e+02
   2.8700000e+01   1.7506447e+02   8.2229513e+01
   2.8800000e+01   9.3064470e+01   6.0509513e+01
   2.8900000e+01   1.7606447e+02   5.7189513e+01
   2.9000000e+01   3.3506447e+02   3.1829513e+01
   2.9100000e+01   2.2906447e+02   1.4306951e+02
   2.9200000e+01   2.4506447e+02   4.4295129e+00
   2.9300000e+01   1.6406447e+02   5.3669513e+01
   2.9400000e+01   3.0206447e+02   9.1495129e+00
   2.9500000e+01   2.0106447e+02   2.0018951e+02
   2.9600000e+01   1.9106447e+02   8.7589513e+01
   2.9700000e+01   3.6706447e+02   1.0654951e+02
   2.9800000e+01   3.1506447e+02   8.8629513e+01
   2.9900000e+01   1.8506447e+02   8.4829513e+01
   3.0000000e+01   3.2106447e+02   1.9838951e+02
   3.0100000e+01   2.0606447e+02   1.0798951e+02
   3.0200000e+01   2.4306447e+02   7.0509513e+01
   3.0300000e+01   2.8206447e+02  -2.0504871e+00
   3.0400000e+01   2.5806447e+02   3.6909513e+01
   3.0500000e+01   3.0306447e+02   7.3109513e+01
   3.0600000e+01   2.3906447e+02   9.1669513e+01
   3.0700000e+01   3.3206447e+02   2.5949513e+01
   3.0800000e+01   1.9506447e+02   2.9429513e+01
   3.0900000e+01   5.5064470e+01   6.5029513e+01
   3.1000000e+01   2.6606447e+02   1.6589513e+01
   3.1100000e+01   1.7206447e+02   3.3349513e+01
   3.1200000e+01   2.9506447e+02   1.1242951e+02
   3.1300000e+01   1.8106447e+02   9.2989513e+01
   3.1400000e+01   1.5806447e+02   1.1490951e+02
   3.1500000e+01   2.8406447e+02   2.9869513e+01
   3.1600000e+01   2.5106447e+02   8.8189513e+01
   3.1700000e+01   2.6206447e+02   2.6749513e+01
   3.1800000e+01   1.9906447e+02   1.6226951e+02
   3.1900000e+01   2.3706447e+02   2.9749513e+01
   3.2000000e+01   1.8606447e+02   1.2278951e+02
   3.2100000e+01   1.4006447e+02   5.3629513e+01
   3.2200000e+01   1.7406447e+02   9.8269513e+01
   3.2300000e+01   2.7806447e+02   6.8109513e+01
   3.2400000e+01   2.0606447e+02   5.7989513e+01
   3.2500000e+01   3.2206447e+02   5.2349513e+01
   3.2600000e+01   6.5064470e+01   1.8662951e+02
   3.2700000e+01   2.2406447e+02   7.9269513e+01
   3.2800000e+01   2.5106447e+02   6.3189513e+01
   3.2900000e+01   9.8064470e+01   3.5309513e+01
   3.3000000e+01   1.9706447e+02   6.8349513e+01
   3.3100000e+01   1.3506447e+02   5.0829513e+01
   3.3200000e+01   2.1406447e+02   1.3766951e+02
   3.3300000e+01   1.2906447e+02   1.1006951e+02
   3.3400000e+01   2.4406447e+02   9.3469513e+01
   3.3500000e+01   1.7006447e+02   7.1429513e+01
   3.3600000e+01   1.6064470e+01   4.0589513e+01
   3.3700000e+01   2.2106447e+02   1.2389513e+01
   3.3800000e+01   2.8906447e+02   8.9669513e+01
   3.3900000e+01   3.1206447e+02   1.1874951e+02
   3.4000000e+01   9.0064470e+01   7.8629513e+01
   3.4100000e+01   2.0106447e+02   1.3418951e+02
   3.4200000e+01   2.3206447e+02   1.1494951e+02
   3.4300000e+01   2.3606447e+02   2.5789513e+01
   3.4400000e+01   2.0406447e+02   4.7069513e+01
   3.4500000e+01   2.2606447e+02   1.3118951e+02
   3.4600000e+01   2.0006447e+02   7.4229513e+01
   3.4700000e+01   1.4064470e+01   1.5366951e+02
   3.4800000e+01   1.4006447e+02   5.5629513e+01
   3.4900000e+01   2.8406447e+02   4.1869513e+01
   3.5000000e+01   1.6206447e+02   1.1074951e+02
   3.5100000e+01   3.2206447e+02   5.6349513e+01
   3.5200000e+01   1.1906447e+02   1.0946951e+02
   3.5300000e+01   2.6206447e+02   4.2749513e+01
   3.5400000e+01   2.2106447e+02   9.7389513e+01
   3.5500000e+01   2.4206447e+02   9.1549513e+01
   3.5600000e+01   7.9064470e+01   2.8069513e+01
   3.5700000e+01   4.5064470e+01   9.0429513e+01
   3.5800000e+01   1.5906447e+02   1.4869513e+01
   3.5900000e+01   3.6006447e+02   5.4829513e+01
   3.6000000e+01   3.9064470e+01   4.2669513e+01
   3.6100000e+01   1.4306447e+02   7.5095129e+00
   3.6200000e+01   1.8106447e+02   1.8398951e+02
   3.6300000e+01   2.1006447e+02   4.4829513e+01
   3.6400000e+01   1.4506447e+02   7.2429513e+01
   3.6500000e+01   1.8306447e+02   3.9095129e+00
   3.6600000e+01   2.8606447e+02   7.3789513e+01
   3.6700000e+01   1.1506447e+02   6.7629513e+01
   3.6800000e+01   9.4064470e+01   5.7469513e+01
   3.6900000e+01   2.1506447e+02   8.6629513e+01
   3.7000000e+01   2.5606447e+02   5.9989513e+01
   3.7100000e+01   2.0006447e+02   3.0229513e+01
   3.7200000e+01   1.4006447e+02   5.2629513e+01
   3.7300000e+01   2.5506447e+02   7.6029513e+01
   3.7400000e+01   2.4306447e+02   1.2050951e+02
   3.7500000e+01   1.6606447e+02   1.1058951e+02
   3.7600000e+01   1.3606447e+02   5.0789513e+01
   3.7700000e+01   2.1106447e+02   1.1078951e+02
   3.7800000e+01   1.6606447e+02   3.8589513e+01
   3.7900000e+01   1.0106447e+02   1.2818951e+02
   3.8000000e+01   1.9906447e+02   3.2269513e+01
   3.8100000e+01   1.5606447e+02   6.5989513e+01
   3.8200000e+01   3.7306447e+02   3.8309513e+01
   3.8300000e+01   7.4064470e+01   5.7269513e+01
   3.8400000e+01   1.4706447e+02   7.5349513e+01
   3.8500000e+01   3.1706447e+02   1.4054951e+02
   3.8600000e+01   7.0064470e+01   1.0642951e+02
   3.8700000e+01   1.6006447e+02   9.1829513e+01
   3.8800000e+01   1.7906447e+02   1.4206951e+02
   3.8900000e+01   9.8064470e+01   9.9309513e+01
   3.9000000e+01   2.9806447e+02   4.3095129e+00
   3.9100000e+01   1.6906447e+02   1.1346951e+02
   3.9200000e+01   2.6006447e+02   1.7829513e+01
   3.9300000e+01   3.2206447e+02   3.6349513e+01
   3.9400000e+01   2.1606447e+02  -1.4410487e+01
   3.9500000e+01   2.7506447e+02  -2.7704871e+00
   3.9600000e+01   3.6406447e+02  -2.8330487e+01
   3.9700000e+01   2.4806447e+02   2.8309513e+01
   3.9800000e+01   1.9706447e+02   1.2234951e+02
   3.9900000e+01   1.9006447e+02  -5.3704871e+00
   4.0000000e+01   3.0106447e+02  -1.0810487e+01
   4.0100000e+01   3.9406447e+02  -3.1530487e+01
   4.0200000e+01   2.4506447e+02   2.3429513e+01
   4.0300000e+01   3.3506447e+02  -4.0170487e+01
   4.0400000e+01   2.3706447e+02   7.6749513e+01
   4.0500000e+01   1.0406447e+02   3.5069513e+01
   4.0600000e+01   2.8106447e+02   7.5989513e+01
   4.0700000e+01   3.0406447e+02   4.4069513e+01
   4.0800000e+01   3.2306447e+02  -4.6690487e+01
   4.0900000e+01   3.2806447e+02   7.1095129e+00
   4.1000000e+01   1.2706447e+02   4.7149513e+01
   4.1100000e+01   1.9506447e+02   3.3429513e+01
   4.1200000e+01   9.3064470e+01   4.5095129e+00
   4.1300000e+01   1.5006447e+02   3.6229513e+01
   4.1400000e+01   2.4906447e+02   4.7269513e+01
   4.1500000e+01   1.1706447e+02  -3.4450487e+01
   4.1600000e+01   2.1506447e+02   7.3629513e+01
   4.1700000e+01   1.1006447e+02  -4.4170487e+01
   4.1800000e+01   1.9906447e+02  -6.7304871e+00
   4.1900000e+01   2.3406447e+02  -2.6130487e+01
   4.2000000e+01   4.1806447e+02  -3.5490487e+01
   4.2100000e+01   2.6706447e+02  -9.4504871e+00
   4.2200000e+01   1.4606447e+02   5.0389513e+01
   4.2300000e+01   1.8706447e+02   4.3749513e+01
   4.2400000e+01   2.3706447e+02  -1.4250487e+01
   4.2500000e+01   3.4406447e+02  -8.0530487e+01
   4.2600000e+01   2.4206447e+02  -3.4504871e+00
   4.2700000e+01   2.9206447e+02   2.2549513e+01
   4.2800000e+01   1.7206447e+02   5.8349513e+01
   4.2900000e+01   1.0606447e+02   1.6989513e+01
   4.3000000e+01   2.3806447e+02  -5.6290487e+01
   4.3100000e+01   1.5406447e+02  -1.7930487e+01
   4.3200000e+01   4.6806447e+02   1.1750951e+02
   4.3300000e+01   3.6206447e+02  -3.8250487e+01
   4.3400000e+01   2.9606447e+02  -1.3610487e+01
   4.3500000e+01   2.7206447e+02   6.2349513e+01
   4.3600000e+01   1.8406447e+02  -3.4130487e+01
   4.3700000e+01   3.0706447e+02  -4.0504871e+00
   4.3800000e+01   2.2806447e+02  -9.8904871e+00
   4.3900000e+01   2.4206447e+02  -2.9450487e+01
   4.4000000e+01   2.0206447e+02  -4.1850487e+01
   4.4100000e+01   2.7106447e+02  -3.1610487e+01
   4.4200000e+01   2.3306447e+02   4.5909513e+01
   4.4300000e+01   2.2406447e+02  -1.4730487e+01
   4.4400000e+01   2.0906447e+02   3.2869513e+01
   4.4500000e+01   2.1706447e+02  -4.4504871e+00
   4.4600000e+01   2.2606447e+02  -1.8104871e+00
   4.4700000e+01   1.8206447e+02   1.7949513e+01
   4.4800000e+01   2.1006447e+02   8.2951289e-01
   4.4900000e+01   2.6606447e+02  -1.9410487e+01
   4.5000000e+01   1.3406447e+02  -1.1130487e+01
   4.5100000e+01   1.4606447e+02   1.3895129e+00
   4.5200000e+01   7.8064470e+01  -8.8904871e+00
   4.5300000e+01   2.0006447e+02  -6.7704871e+00
   4.5400000e+01   2.7306447e+02  -3.6690487e+01
   4.5500000e+01   3.2006447e+02   5.4429513e+01
   4.5600000e+01   2.9106447e+02  -5.2410487e+01
   4.5700000e+01   1.4606447e+02  -1.1610487e+01
   4.5800000e+01   8.7064470e+01  -9.2504871e+00
   4.5900000e+01   2.5206447e+02   3.7149513e+01
   4.6000000e+01   3.1506447e+02  -2.0370487e+01
   4.6100000e+01   2.7206447e+02  -1.5650487e+01
   4.6200000e+01   8.7064470e+01   2.0749513e+01
   4.6300000e+01   2.4006447e+02   4.1629513e+01
   4.6400000e+01   1.7406447e+02  -7.7304871e+00
   4.6500000e+01   1.8606447e+02   1.7895129e+00
   4.6600000e+01   1.2606447e+02  -1.4810487e+01
   4.6700000e+01   1.6906447e+02   8.4469513e+01
   4.6800000e+01   2.0206447e+02  -1.8850487e+01
   4.6900000e+01   2.3506447e+02  -3.5170487e+01
   4.7000000e+01   2.4906447e+02   2.3269513e+01
   4.7100000e+01   2.3706447e+02   4.2749513e+01
   4.7200000e+01   3.2806447e+02  -3.2890487e+01
   4.7300000e+01   1.8206447e+02  -4.1050487e+01
   4.7400000e+01   2.1906447e+02  -9.5304871e+00
   4.7500000e+01   2.1006447e+02  -5.1704871e+00
   4.7600000e+01   1.9506447e+02   5.3429513e+01
   4.7700000e+01   1.5706447e+02  -8.0504871e+00
   4.7800000e+01   2.6306447e+02   6.6709513e+01
   4.7900000e+01   3.2406447e+02   5.4269513e+01
   4.8000000e+01   3.5106447e+02  -2.0810487e+01
   4.8100000e+01   2.1206447e+02  -3.0250487e+01
   4.8200000e+01   2.2406447e+02  -3.7730487e+01
   4.8300000e+01   3.0506447e+02  -7.9704871e+00
   4.8400000e+01   3.2606447e+02  -5.2810487e+01
   4.8500000e+01   2.3806447e+02  -3.1290487e+01
   4.8600000e+01   3.2006447e+02  -3.2570487e+01
   4.8700000e+01   2.2506447e+02   2.8229513e+01
   4.8800000e+01   2.8606447e+02   3.0789513e+01
   4.8900000e+01   2.9206447e+02  -3.0450487e+01
   4.9000000e+01   1.7906447e+02  -2.4930487e+01
   4.9100000e+01   1.5306447e+02  -1.6890487e+01
   4.9200000e+01   1.9006447e+02  -3.9370487e+01
   4.9300000e+01   1.5006447e+02  -2.1770487e+01
   4.9400000e+01   1.3106447e+02  -4.1010487e+01
   4.9500000e+01   2.3206447e+02  -1.8050487e+01
   4.9600000e+01   2.4706447e+02  -2.9650487e+01
   4.9700000e+01   3.6806447e+02  -5.3490487e+01
   4.9800000e+01   2.5106447e+02   2.9189513e+01
   4.9900000e+01   2.2606447e+02   7.1895129e+00
   5.0000000e+01   1.8406447e+02  -3.0130487e+01
   5.0100000e+01   1.9606447e+02   4.8389513e+01
   5.0200000e+01   2.6906447e+02  -1.6530487e+01
   5.0300000e+01   3.1706447e+02  -5.8450487e+01
   5.0400000e+01   1.8306447e+02  -4.0090487e+01
   5.0500000e+01   1.7506447e+02  -7.7048711e-01
   5.0600000e+01   1.0106447e+02   4.7189513e+01
   5.0700000e+01   2.7406447e+02  -5.7304871e+00
   5.0800000e+01   2.2106447e+02   8.1389513e+01
   5.0900000e+01   2.3306447e+02   5.2909513e+01
   5.1000000e+01   2.1106447e+02  -7.2104871e+00
   5.1100000e+01   2.7206447e+02  -7.6504871e+00
   5.1200000e+01   2.0406447e+02   3.3069513e+01
   5.1300000e+01   1.5706447e+02  -9.0504871e+00
   5.1400000e+01   2.3606447e+02   8.9789513e+01
   5.1500000e+01   1.2406447e+02   3.2269513e+01
   5.1600000e+01   3.4106447e+02   3.5589513e+01
   5.1700000e+01   1.8106447e+02  -5.2010487e+01
   5.1800000e+01   1.9806447e+02   3.1309513e+01
   5.1900000e+01   4.0906447e+02   2.4869513e+01
   5.2000000e+01   2.7306447e+02   3.8309513e+01
   5.2100000e+01   2.4206447e+02  -8.4504871e+00
   5.2200000e+01   3.7706447e+02   1.2014951e+02
   5.2300000e+01   2.7006447e+02   7.1429513e+01
   5.2400000e+01   2.1106447e+02  -1.4210487e+01
   5.2500000e+01   1.5906447e+02   4.2869513e+01
   5.2600000e+01   2.7006447e+02  -4.9570487e+01
   5.2700000e+01   3.0406447e+02   4.0695129e+00
   5.2800000e+01   3.1406447e+02  -1.3330487e+01
   5.2900000e+01   2.9606447e+02   3.8951289e-01
   5.3000000e+01   2.3106447e+02  -2.0104871e+00
   5.3100000e+01   3.4906447e+02  -1.7304871e+00
   5.3200000e+01   3.2506447e+02  -2.0770487e+01
   5.3300000e+01   3.4706447e+02  -3.6504871e+00
   5.3400000e+01   3.0006447e+02   1.0229513e+01
   5.3500000e+01   5.0064470e+01   3.1229513e+01
   5.3600000e+01   3.4306447e+02  -4.2490487e+01
   5.3700000e+01   1.1806447e+02   5.0951289e-01
   5.3800000e+01   3.0606447e+02   4.9895129e+00
   5.3900000e+01   2.9206447e+02   2.0549513e+01
   5.4000000e+01   2.0006447e+02  -7.7048711e-01
   5.4100000e+01   2.8706447e+02   3.6749513e+01
   5.4200000e+01   1.9306447e+02   1.1509513e+01
   5.4300000e+01   6.5064470e+01  -4.0370487e+01
   5.4400000e+01   3.5606447e+02  -2.0104871e+00
   5.4500000e+01   1.0506447e+02   1.3029513e+01
   5.4600000e+01   2.3106447e+02   2.3989513e+01
   5.4700000e+01   2.5406447e+02   7.8069513e+01
   5.4800000e+01   1.4206447e+02  -1.1450487e+01
   5.4900000e+01   3.3906447e+02   1.0866951e+02
   5.5000000e+01   2.4006447e+02   1.5629513e+01
   5.5100000e+01   1.9306447e+02   2.5509513e+01
   5.5200000e+01   2.6906447e+02   6.7469513e+01
   5.5300000e+01   3.9806447e+02   2.8309513e+01
   5.5400000e+01   2.4406447e+02  -3.5304871e+00
   5.5500000e+01   2.7606447e+02   1.2189513e+01
   5.5600000e+01   1.5406447e+02   3.7069513e+01
   5.5700000e+01   4.0106447e+02   1.4189513e+01
   5.5800000e+01   1.1606447e+02   1.5895129e+00
   5.5900000e+01   1.6906447e+02  -8.5304871e+00
   5.6000000e+01   3.5706447e+02   2.3949513e+01
   5.6100000e+01   1.6506447e+02   1.3629513e+01
   5.6200000e+01   3.0806447e+02  -1.8090487e+01
   5.6300000e+01   2.7106447e+02  -2.6610487e+01
   5.6400000e+01   2.2806447e+02  -7.8904871e+00
   5.6500000e+01   2.8806447e+02   2.0709513e+01
   5.6600000e+01   2.2006447e+02  -2.8570487e+01
   5.6700000e+01   3.1406447e+02   2.5669513e+01
   5.6800000e+01   2.3306447e+02   9.8909513e+01
   5.6900000e+01   1.9306447e+02   1.6509513e+01
   5.7000000e+01   7.9064470e+01  -9.9304871e+00
   5.7100000e+01   2.1606447e+02  -1.5410487e+01
   5.7200000e+01   1.7406447e+02  -3.0730487e+01
   5.7300000e+01   1.1706447e+02   9.5495129e+00
   5.7400000e+01   6.8064470e+01   1.3509513e+01
   5.7500000e+01   2.6406447e+02   1.0866951e+02
   5.7600000e+01   3.1806447e+02  -2.0490487e+01
   5.7700000e+01   1.9506447e+02  -1.5704871e+00
   5.7800000e+01   1.2306447e+02  -3.1690487e+01
   5.7900000e+01   1.4706447e+02  -1.4650487e+01
   5.8000000e+01   1.8506447e+02  -3.0170487e+01
   5.8100000e+01   1.8006447e+02  -4.4970487e+01
   5.8200000e+01   2.3806447e+02   1.7095129e+00
   5.8300000e+01   2.9606447e+02  -3.3610487e+01
   5.8400000e+01   3.2406447e+02   1.2695129e+00
   5.8500000e+01   2.9406447e+02  -3.5304871e+00
   5.8600000e+01   3.5106447e+02  -5.1810487e+01
   5.8700000e+01   3.9106447e+02   3.2589513e+01
   5.8800000e+01   2.2606447e+02  -8.1048711e-01
   5.8900000e+01   2.4206447e+02  -8.4504871e+00
   5.9000000e+01   2.3706447e+02  -3.1250487e+01
   5.9100000e+01   1.6606447e+02   5.6589513e+01
   5.9200000e+01   2.3906447e+02  -6.3330487e+01
   5.9300000e+01   2.2206447e+02  -4.6504871e+00
   5.9400000e+01   2.5706447e+02   4.4949513e+01
   5.9500000e+01   1.6606447e+02  -7.4104871e+00
   5.9600000e+01   3.1106447e+02  -3.6210487e+01
   5.9700000e+01   1.4306447e+02   1.5095129e+00
   5.9800000e+01   2.8306447e+02  -2.7090487e+01
   5.9900000e+01   2.3706447e+02  -2.3250487e+01
   6.0000000e+01   4.0006447e+02  -2.8770487e+01
   6.0100000e+01   1.5306447e+02   7.0109513e+01
   6.0200000e+01   2.3506447e+02   1.0282951e+02
   6.0300000e+01   2.3906447e+02   6.5669513e+01
   6.0400000e+01   2.1506447e+02  -4.7370487e+01
   6.0500000e+01   2.0406447e+02  -3.1930487e+01
   6.0600000e+01   2.0706447e+02  -6.9050487e+01
   6.0700000e+01   1.9006447e+02  -1.8370487e+01
   6.0800000e+01   2.7106447e+02  -4.5610487e+01
   6.0900000e+01   1.8206447e+02  -1.7050487e+01
   6.1000000e+01   2.3306447e+02  -8.0904871e+00
   6.1100000e+01   2.1706447e+02  -3.1450487e+01
   6.1200000e+01   2.2106447e+02  -3.6610487e+01
   6.1300000e+01   3.9806447e+02  -3.2690487e+01
   6.1400000e+01   1.4606447e+02   2.7389513e+01
   6.1500000e+01   1.9506447e+02  -1.3570487e+01
   6.1600000e+01   2.3906447e+02  -5.3304871e+00
   6.1700000e+01   2.4806447e+02  -1.2690487e+01
   6.1800000e+01   1.1706447e+02  -4.9450487e+01
   6.1900000e+01   2.6306447e+02  -2.2904871e+00
   6.2000000e+01   1.0406447e+02  -1.3930487e+01
   6.2100000e+01   1.7306447e+02   1.1030951e+02
   6.2200000e+01   1.8906447e+02   1.7669513e+01
   6.2300000e+01   1.4606447e+02  -2.3610487e+01
   6.2400000e+01   1.5006447e+02   1.5229513e+01
   6.2500000e+01   1.9106447e+02   2.0589513e+01
   6.2600000e+01   2.2606447e+02  -7.7810487e+01
   6.2700000e+01   1.2706447e+02  -7.8504871e+00
   6.2800000e+01   2.5106447e+02  -4.1810487e+01
   6.2900000e+01   2.7806447e+02  -6.0890487e+01
   6.3000000e+01   1.2606447e+02  -3.8810487e+01
   6.3100000e+01   1.2806447e+02   5.2109513e+01
   6.3200000e+01   1.9906447e+02  -6.0730487e+01
   6.3300000e+01   2.3006447e+02   2.6029513e+01
   6.3400000e+01   2.3006447e+02   4.0295129e+00
   6.3500000e+01   1.7606447e+02  -5.8810487e+01
   6.3600000e+01   2.9106447e+02  -2.2410487e+01
   6.3700000e+01   2.1006447e+02   6.1829513e+01
   6.3800000e+01   2.6006447e+02   7.4829513e+01
   6.3900000e+01   1.9006447e+02  -1.8370487e+01
   6.4000000e+01   1.8306447e+02  -5.0904871e+00
   6.4100000e+01   2.1506447e+02   5.3629513e+01
   6.4200000e+01   2.9806447e+02  -1.9690487e+01
   6.4300000e+01   1.0906447e+02   7.8869513e+01
   6.4400000e+01   1.2106447e+02  -3.2610487e+01
   6.4500000e+01   3.5006447e+02   2.2229513e+01
   6.4600000e+01   2.0006447e+02   4.5229513e+01
   6.4700000e+01   1.1906447e+02  -1.9530487e+01
   6.4800000e+01   2.4306447e+02  -2.4904871e+00
   6.4900000e+01   2.1206447e+02   1.7495129e+00
   6.5000000e+01   3.7806447e+02  -2.3890487e+01
   6.5100000e+01   3.2106447e+02  -5.2610487e+01
   6.5200000e+01   3.4206447e+02   1.8549513e+01
   6.5300000e+01   6.9064470e+01  -1.4530487e+01
   6.5400000e+01   1.5906447e+02  -3.1130487e+01
   6.5500000e+01   2.1306447e+02  -1.4290487e+01
   6.5600000e+01   2.3706447e+02  -3.2504871e+00
   6.5700000e+01   3.0606447e+02   1.9989513e+01
   6.5800000e+01   3.8506447e+02   2.2829513e+01
   6.5900000e+01   2.1106447e+02  -5.7210487e+01
   6.6000000e+01   2.8406447e+02   2.9869513e+01
   6.6100000e+01   3.4806447e+02  -2.7690487e+01
   6.6200000e+01   6.5064470e+01   7.7629513e+01
   6.6300000e+01   1.3006447e+02   2.9029513e+01
   6.6400000e+01   1.7206447e+02   8.0349513e+01
   6.6500000e+01   1.1206447e+02   1.1749513e+01
   6.6600000e+01   3.2306447e+02  -1.5690487e+01
   6.6700000e+01   1.0706447e+02   4.9495129e+00
   6.6800000e+01   2.1606447e+02  -2.8410487e+01
   6.6900000e+01   1.2706447e+02   4.8149513e+01
   6.7000000e+01   1.6406447e+02  -1.9330487e+01
   6.7100000e+01   2.9706447e+02  -4.9650487e+01
   6.7200000e+01   2.4406447e+02   2.8469513e+01
   6.7300000e+01   1.6206447e+02   1.6749513e+01
   6.7400000e+01   2.7206447e+02  -2.0650487e+01
   6.7500000e+01   9.0064470e+01  -1.3704871e+00
   6.7600000e+01   2.4306447e+02   2.9509513e+01
   6.7700000e+01   2.3506447e+02   1.0829513e+01
   6.7800000e+01   1.8106447e+02   2.7989513e+01
   6.7900000e+01   1.2006447e+02  -2.3570487e+01
   6.8000000e+01   2.7606447e+02   2.8189513e+01
   6.8100000e+01   3.2606447e+02  -4.3810487e+01
   6.8200000e+01   1.4906447e+02   3.6269513e+01
   6.8300000e+01   3.9606447e+02  -3.9610487e+01
   6.8400000e+01   2.6306447e+02  -2.9290487e+01
   6.8500000e+01   2.7606447e+02   5.1895129e+00
   6.8600000e+01   2.6206447e+02  -1.9250487e+01
   6.8700000e+01   1.4606447e+02   8.3895129e+00
   6.8800000e+01   2.0306447e+02  -2.8890487e+01
   6.8900000e+01   2.0706447e+02   2.7949513e+01
   6.9000000e+01   3.2906447e+02   1.5069513e+01
   6.9100000e+01   2.4606447e+02  -1.9610487e+01
   6.9200000e+01   2.7506447e+02  -2.6770487e+01
   6.9300000e+01   1.6206447e+02  -2.8250487e+01
   6.9400000e+01   2.5706447e+02   1.9949513e+01
   6.9500000e+01   2.0906447e+02   2.7869513e+01
   6.9600000e+01   1.9306447e+02   2.8509513e+01
   6.9700000e+01   2.3906447e+02   4.3669513e+01
   6.9800000e+01   2.9406447e+02   4.0469513e+01
   6.9900000e+01   1.0806447e+02   3.2909513e+01
   7.0000000e+01   2.6106447e+02  -2.9210487e+01
   7.0100000e+01   2.8206447e+02   8.0949513e+01
   7.0200000e+01   1.6306447e+02   1.7709513e+01
   7.0300000e+01   2.4306447e+02  -1.9490487e+01
   7.0400000e+01   2.2406447e+02  -5.7304871e+00
   7.0500000e+01   2.4306447e+02  -1.9490487e+01
   7.0600000e+01   1.6506447e+02   5.6629513e+01
   7.0700000e+01   1.9006447e+02   3.8629513e+01
   7.0800000e+01   3.2106447e+02   1.3895129e+00
   7.0900000e+01   1.5506447e+02  -2.2970487e+01
   7.1000000e+01   1.4406447e+02   4.6951289e-01
   7.1100000e+01   2.2906447e+02   2.8069513e+01
   7.1200000e+01   1.9506447e+02  -3.7570487e+01
   7.1300000e+01   1.4906447e+02   3.6269513e+01
   7.1400000e+01   1.8606447e+02  -1.3210487e+01
   7.1500000e+01   1.8406447e+02   7.8869513e+01
   7.1600000e+01   1.7306447e+02   3.1309513e+01
   7.1700000e+01   3.6206447e+02   2.4749513e+01
   7.1800000e+01   3.0406447e+02  -2.8930487e+01
   7.1900000e+01   1.3506447e+02  -2.9170487e+01
   7.2000000e+01   1.4406447e+02   4.6469513e+01
   7.2100000e+01   3.3006447e+02  -1.6970487e+01
   7.2200000e+01   2.5206447e+02   2.1149513e+01
   7.2300000e+01   2.9506447e+02   5.4429513e+01
   7.2400000e+01   1.8606447e+02  -3.3210487e+01
   7.2500000e+01   1.9206447e+02  -1.2450487e+01
   7.2600000e+01   2.8006447e+02  -1.8970487e+01
   7.2700000e+01   1.6006447e+02   3.8829513e+01
   7.2800000e+01   1.6506447e+02   8.6295129e+00
   7.2900000e+01   2.1206447e+02  -2.8250487e+01
   7.3000000e+01   1.4806447e+02   3.1309513e+01
   7.3100000e+01   1.9506447e+02   1.1429513e+01
   7.3200000e+01   1.5906447e+02   2.3869513e+01
   7.3300000e+01   1.3006447e+02   2.1029513e+01
   7.3400000e+01   1.3006447e+02   1.8029513e+01
   7.3500000e+01   1.5306447e+02   4.8109513e+01
   7.3600000e+01   2.1306447e+02   1.3170951e+02
   7.3700000e+01   2.4206447e+02   2.6549513e+01
   7.3800000e+01   1.4406447e+02  -1.7530487e+01
   7.3900000e+01   3.3106447e+02   2.9989513e+01
   7.4000000e+01   3.6606447e+02  -6.4104871e+00
   7.4100000e+01   2.4306447e+02  -3.0490487e+01
   7.4200000e+01   9.3064470e+01   4.7509513e+01
   7.4300000e+01   3.0806447e+02  -1.0090487e+01
   7.4400000e+01   1.8706447e+02  -2.6250487e+01
   7.4500000e+01   3.6306447e+02  -2.2904871e+00
   7.4600000e+01   1.7306447e+02  -2.4690487e+01
   7.4700000e+01   2.4006447e+02  -3.4370487e+01
   7.4800000e+01   8.5064470e+01  -2.7170487e+01
   7.4900000e+01   1.8306447e+02   3.2909513e+01
   7.5000000e+01   1.3706447e+02   3.1749513e+01
   7.5100000e+01   2.1606447e+02   6.1589513e+01
   7.5200000e+01   1.8506447e+02   1.0682951e+02
   7.5300000e+01   7.3064470e+01   9.3095129e+00
   7.5400000e+01   2.3106447e+02  -1.0487106e-02
   7.5500000e+01   2.4506447e+02   2.1429513e+01
   7.5600000e+01   2.6306447e+02   5.5709513e+01
   7.5700000e+01   1.9006447e+02   4.6629513e+01
   7.5800000e+01   8.6064470e+01   1.6789513e+01
   7.5900000e+01   1.3806447e+02  -3.2904871e+00
   7.6000000e+01   2.2106447e+02  -2.8610487e+01
   7.6100000e+01   2.0306447e+02  -5.5890487e+01
   7.6200000e+01   1.7306447e+02   5.2309513e+01
   7.6300000e+01   3.2506447e+02   7.2295129e+00
   7.6400000e+01   1.0406447e+02  -4.0930487e+01
   7.6500000e+01   1.8806447e+02  -4.3290487e+01
   7.6600000e+01   2.3906447e+02  -1.0330487e+01
   7.6700000e+01   2.1806447e+02   1.3509513e+01
   7.6800000e+01   1.9506447e+02   1.5429513e+01
   7.6900000e+01   2.7006447e+02  -1.8570487e+01
   7.7000000e+01   1.9806447e+02   7.6309513e+01
   7.7100000e+01   2.3306447e+02   6.4909513e+01
   7.7200000e+01   1.3606447e+02   6.8789513e+01
   7.7300000e+01   9.0064470e+01   2.2629513e+01
   7.7400000e+01   2.0306447e+02   5.1109513e+01
   7.7500000e+01   2.0506447e+02   4.0295129e+00
   7.7600000e+01   3.2106447e+02   2.5389513e+01
   7.7700000e+01   2.3706447e+02   9.4749513e+01
   7.7800000e+01   3.1106447e+02  -5.9210487e+01
   7.7900000e+01   3.9606447e+02   2.7389513e+01
   7.8000000e+01   2.9106447e+02  -4.5410487e+01
   7.8100000e+01   3.1406447e+02   1.2669513e+01
   7.8200000e+01   2.7306447e+02   2.2309513e+01
   7.8300000e+01   2.4306447e+02  -2.9490487e+01
   7.8400000e+01   2.6064470e+01   2.4189513e+01
   7.8500000e+01  -7.8935530e+01  -1.2610487e+01
   7.8600000e+01  -7.8935530e+01   9.2389513e+01
   7.8700000e+01   3.1064470e+01  -6.0104871e+00
   7.8800000e+01   9.0644699e+00   7.8695129e+00
   7.8900000e+01   8.5064470e+01  -8.1704871e+00
   7.9000000e+01  -2.1935530e+01  -2.0890487e+01
   7.9100000e+01   1.9064470e+01  -4.2530487e+01
   7.9200000e+01   3.2064470e+01   2.2949513e+01
   7.9300000e+01   6.1064470e+01  -2.1210487e+01
   7.9400000e+01   6.2064470e+01  -1.0250487e+01
   7.9500000e+01   1.4106447e+02  -3.6410487e+01
   7.9600000e+01  -4.9355301e+00   1.7429513e+01
   7.9700000e+01  -2.1935530e+01   2.2109513e+01
   7.9800000e+01   4.9064470e+01   2.0269513e+01
   7.9900000e+01   1.2064470e+01  -3.7250487e+01
   8.0000000e+01   6.4064470e+01  -2.9330487e+01
   8.0100000e+01   6.8064470e+01  -4.6490487e+01
   8.0200000e+01   1.1706447e+02  -2.4450487e+01
   8.0300000e+01   2.5064470e+01   5.5229513e+01
   8.0400000e+01  -1.0935530e+01   5.6695129e+00
   8.0500000e+01  -3.5935530e+01  -5.3330487e+01
   8.0600000e+01   5.4064470e+01   3.2069513e+01
   8.0700000e+01   5.2064470e+01  -1.2850487e+01
   8.0800000e+01   7.0064470e+01  -1.6570487e+01
   8.0900000e+01   1.0644699e+00   2.1189513e+01
   8.1000000e+01  -4.3935530e+01  -3.0104871e+00
   8.1100000e+01  -4.1935530e+01   1.7909513e+01
   8.1200000e+01  -5.5935530e+01  -3.9530487e+01
   8.1300000e+01   2.0644699e+00   9.1495129e+00
   8.1400000e+01  -7.8935530e+01  -4.3610487e+01
   8.1500000e+01  -3.9355301e+00   2.3895129e+00
   8.1600000e+01   1.1606447e+02  -1.5410487e+01
   8.1700000e+01  -1.8935530e+01  -5.2010487e+01
   8.1800000e+01   9.1064470e+01  -1.5410487e+01
   8.1900000e+01  -4.3935530e+01  -3.3010487e+01
   8.2000000e+01  -8.3935530e+01   3.4589513e+01
   8.2100000e+01  -3.9935530e+01  -1.2170487e+01
   8.2200000e+01   2.0064470e+01  -3.5704871e+00
   8.2300000e+01   1.3064470e+01  -7.2904871e+00
   8.2400000e+01  -2.5935530e+01  -9.7304871e+00
   8.2500000e+01   1.3306447e+02  -3.7090487e+01
   8.2600000e+01   2.2064470e+01  -2.5650487e+01
   8.2700000e+01  -5.8935530e+01  -9.4104871e+00
   8.2800000e+01  -1.6935530e+01   1.1590951e+02
   8.2900000e+01  -2.2935530e+01   4.0149513e+01
   8.3000000e+01  -1.9355301e+00   3.9309513e+01
   8.3100000e+01   1.4064470e+01  -6.7330487e+01
   8.3200000e+01  -9.4935530e+01  -1.9970487e+01
   8.3300000e+01  -3.2935530e+01  -1.7450487e+01
   8.3400000e+01  -6.3935530e+01   5.7895129e+00
   8.3500000e+01  -5.8935530e+01  -4.5410487e+01
   8.3600000e+01   1.6064470e+01  -4.5410487e+01
   8.3700000e+01  -4.2935530e+01   5.6949513e+01
   8.3800000e+01  -5.6935530e+01  -4.4904871e+00
   8.3900000e+01  -1.1493553e+02  -1.3170487e+01
   8.4000000e+01  -9.9355301e+00  -1.9370487e+01
   8.4100000e+01  -2.1935530e+01  -2.3890487e+01
   8.4200000e+01  -7.3935530e+01  -3.1810487e+01
   8.4300000e+01  -1.5935530e+01  -3.1130487e+01
   8.4400000e+01   7.8064470e+01   2.1095129e+00
   8.4500000e+01  -4.6935530e+01  -3.8890487e+01
   8.4600000e+01  -2.0935530e+01  -1.5930487e+01
   8.4700000e+01   6.9064470e+01   3.4469513e+01
   8.4800000e+01   3.9064470e+01  -1.9330487e+01
   8.4900000e+01  -4.7935530e+01  -4.5850487e+01
   8.5000000e+01   4.3064470e+01  -3.5490487e+01
   8.5100000e+01  -7.9935530e+01   2.6429513e+01
   8.5200000e+01   6.7064470e+01  -1.5450487e+01
   8.5300000e+01   7.5064470e+01   6.2295129e+00
   8.5400000e+01  -9.5935530e+01  -2.5930487e+01
   8.5500000e+01   4.7064470e+01  -9.6504871e+00
   8.5600000e+01   5.9064470e+01  -3.4130487e+01
   8.5700000e+01   8.3064470e+01  -6.0904871e+00
   8.5800000e+01   1.2006447e+02   1.0429513e+01
   8.5900000e+01   2.3064470e+01  -5.8690487e+01
   8.6000000e+01   1.7064470e+01   2.6549513e+01
   8.6100000e+01   6.9064470e+01  -1.5304871e+00
   8.6200000e+01   8.7064470e+01   5.6749513e+01
   8.6300000e+01  -4.0935530e+01   4.4869513e+01
   8.6400000e+01   8.3064470e+01  -3.5090487e+01
   8.6500000e+01   3.7064470e+01   8.7495129e+00
   8.6600000e+01  -2.4935530e+01   4.8229513e+01
   8.6700000e+01  -4.9355301e+00   1.2429513e+01
   8.6800000e+01   1.2064470e+01  -2.0250487e+01
   8.6900000e+01   1.1064470e+01   3.8789513e+01
   8.7000000e+01  -5.2935530e+01   1.3495129e+00
   8.7100000e+01  -9.3553009e-01   3.2695129e+00
   8.7200000e+01  -7.1935530e+01   6.0109513e+01
   8.7300000e+01  -2.7935530e+01  -2.6504871e+00
   8.7400000e+01   1.9064470e+01  -1.8530487e+01
   8.7500000e+01   5.3064470e+01  -1.8904871e+00
   8.7600000e+01   1.2064470e+01  -1.0250487e+01
   8.7700000e+01   4.0064470e+01  -8.3704871e+00
   8.7800000e+01  -3.9935530e+01  -1.3170487e+01
   8.7900000e+01   1.4064470e+01  -1.7330487e+01
   8.8000000e+01   8.4064470e+01  -2.5130487e+01
   8.8100000e+01  -5.0935530e+01   4.9269513e+01
   8.8200000e+01   6.4064470e+01  -2.5330487e+01
   8.8300000e+01  -6.9355301e+00  -1.8490487e+01
   8.8400000e+01  -1.6935530e+01  -1.3090487e+01
   8.8500000e+01   5.5064470e+01   4.7029513e+01
   8.8600000e+01  -8.3935530e+01   6.3589513e+01
   8.8700000e+01  -1.1935530e+01  -1.2904871e+00
   8.8800000e+01  -5.6935530e+01   5.0509513e+01
   8.8900000e+01  -4.4935530e+01  -2.4970487e+01
   8.9000000e+01  -9.9355301e+00  -1.2370487e+01
   8.9100000e+01  -1.9355301e+00  -7.6904871e+00
   8.9200000e+01  -4.5935530e+01   2.5069513e+01
   8.9300000e+01  -7.0935530e+01   9.0695129e+00
   8.9400000e+01   5.6064470e+01  -2.6010487e+01
   8.9500000e+01   7.0064470e+01   4.2429513e+01
   8.9600000e+01   1.0506447e+02  -3.6970487e+01
   8.9700000e+01  -2.5935530e+01   2.1269513e+01
   8.9800000e+01  -2.5935530e+01  -1.7730487e+01
   8.9900000e+01   3.5064470e+01  -3.1704871e+00
   9.0000000e+01  -3.2935530e+01  -2.7450487e+01
   9.0100000e+01   5.5064470e+01  -3.5970487e+01
   9.0200000e+01   3.3064470e+01  -1.3090487e+01
   9.0300000e+01  -8.5935530e+01  -3.0330487e+01
   9.0400000e+01   9.0644699e+00   1.6869513e+01
   9.0500000e+01  -6.4935530e+01   5.8295129e+00
   9.0600000e+01  -1.9935530e+01  -3.7970487e+01
   9.0700000e+01   9.0644699e+00  -5.2130487e+01
   9.0800000e+01  -2.7935530e+01  -3.0650487e+01
   9.0900000e+01  -6.5935530e+01  -3.3130487e+01
   9.1000000e+01   2.9064470e+01  -1.9930487e+01
   9.1100000e+01   7.9064470e+01  -3.4930487e+01
   9.1200000e+01  -7.1935530e+01  -9.5890487e+01
   9.1300000e+01  -1.4935530e+01   1.7829513e+01
   9.1400000e+01  -2.9355301e+00  -2.4650487e+01
   9.1500000e+01  -9.5935530e+01  -2.3930487e+01
   9.1600000e+01   9.4064470e+01   1.6469513e+01
   9.1700000e+01  -3.4935530e+01  -5.0370487e+01
   9.1800000e+01   2.0064470e+01   4.2951289e-01
   9.1900000e+01   1.9064470e+01  -5.3048711e-01
   9.2000000e+01  -1.2935530e+01  -2.5250487e+01
   9.2100000e+01   6.3064470e+01  -2.7290487e+01
   9.2200000e+01  -1.3935530e+01   9.7789513e+01
   9.2300000e+01  -1.2935530e+01  -2.2250487e+01
   9.2400000e+01  -2.1935530e+01  -4.9890487e+01
   9.2500000e+01  -2.5935530e+01   4.2695129e+00
   9.2600000e+01   6.2064470e+01  -1.2250487e+01
   9.2700000e+01   5.2064470e+01  -6.8504871e+00
   9.2800000e+01   2.9064470e+01  -5.5930487e+01
   9.2900000e+01   3.7064470e+01   8.5749513e+01
   9.3000000e+01  -5.4935530e+01   1.4429513e+01
   9.3100000e+01   2.2064470e+01   1.3349513e+01
   9.3200000e+01   6.3064470e+01  -1.6290487e+01
   9.3300000e+01   2.7064470e+01   8.2149513e+01
   9.3400000e+01  -1.8935530e+01   4.6989513e+01
   9.3500000e+01  -2.7935530e+01   2.8349513e+01
   9.3600000e+01   9.0644699e+00   6.8695129e+00
   9.3700000e+01   4.6064470e+01  -1.7610487e+01
   9.3800000e+01   4.5064470e+01  -2.4570487e+01
   9.3900000e+01   2.7064470e+01   1.7149513e+01
   9.4000000e+01  -8.9935530e+01   3.1829513e+01
   9.4100000e+01  -6.5935530e+01   2.8695129e+00
   9.4200000e+01  -4.3935530e+01  -1.9010487e+01
   9.4300000e+01  -4.9935530e+01   1.2295129e+00
   9.4400000e+01  -2.9935530e+01  -3.7570487e+01
   9.4500000e+01   3.0644699e+00  -3.6890487e+01
   9.4600000e+01  -8.7935530e+01  -5.0250487e+01
   9.4700000e+01  -2.5935530e+01  -2.9730487e+01
   9.4800000e+01  -3.2935530e+01   1.0549513e+01
   9.4900000e+01  -2.5935530e+01   2.2695129e+00
   9.5000000e+01  -2.1935530e+01  -3.1890487e+01
   9.5100000e+01  -3.3935530e+01  -8.4104871e+00
   9.5200000e+01   1.4506447e+02  -5.5704871e+00
   9.5300000e+01   3.3064470e+01  -1.9090487e+01
   9.5400000e+01  -2.9355301e+00   1.4349513e+01
   9.5500000e+01   2.8064470e+01   1.0109513e+01
   9.5600000e+01   6.6064470e+01  -4.5410487e+01
   9.5700000e+01   7.0064470e+01   8.7429513e+01
   9.5800000e+01   5.0644699e+00   1.0029513e+01
   9.5900000e+01   6.4469914e-02   7.4229513e+01
   9.6000000e+01   2.6064470e+01  -1.2810487e+01
   9.6100000e+01  -4.9355301e+00  -9.5704871e+00
   9.6200000e+01  -3.7935530e+01  -1.3250487e+01
   9.6300000e+01   3.1064470e+01  -1.2010487e+01
   9.6400000e+01   8.5064470e+01  -3.4170487e+01
   9.6500000e+01  -7.2935530e+01  -3.8850487e+01
   9.6600000e+01  -3.9935530e+01  -9.1704871e+00
   9.6700000e+01  -4.3935530e+01  -1.7010487e+01
   9.6800000e+01   9.0644699e+00  -2.8130487e+01
   9.6900000e+01  -2.8935530e+01   9.3895129e+00
   9.7000000e+01  -6.9355301e+00  -5.6490487e+01
   9.7100000e+01   2.2064470e+01   5.6349513e+01
   9.7200000e+01   2.4064470e+01   5.2695129e+00
   9.7300000e+01   9.7064470e+01  -3.7650487e+01
   9.7400000e+01   4.4064470e+01  -2.2530487e+01
   9.7500000e+01  -3.0935530e+01   2.4695129e+00
   9.7600000e+01  -2.9355301e+00   4.3495129e+00
   9.7700000e+01  -6.7935530e+01   5.0949513e+01
   9.7800000e+01   5.9064470e+01   4.8695129e+00
   9.7900000e+01   9.1064470e+01   5.5895129e+00
   9.8000000e+01  -1.6935530e+01   1.4909513e+01
   9.8100000e+01   5.1064470e+01  -3.5810487e+01
   9.8200000e+01   2.8064470e+01  -2.5890487e+01
   9.8300000e+01  -9.9355301e+00  -5.3704871e+00
   9.8400000e+01   5.7064470e+01  -1.9050487e+01
   9.8500000e+01   4.0644699e+00  -3.9930487e+01
   9.8600000e+01  -6.2935530e+01  -1.4250487e+01
   9.8700000e+01  -8.5935530e+01  -3.3048711e-01
   9.8800000e+01  -2.0935530e+01   7.0695129e+00
   9.8900000e+01   1.4064470e+01  -2.2330487e+01
   9.9000000e+01  -5.5935530e+01  -1.3530487e+01
   9.9100000e+01  -8.9355301e+00   5.8951289e-01
   9.9200000e+01   6.9064470e+01  -5.3048711e-01
   9.9300000e+01  -8.7935530e+01  -1.8250487e+01
   9.9400000e+01  -9.9355301e+00   6.8629513e+01
   9.9500000e+01  -1.8935530e+01   1.3989513e+01
   9.9600000e+01  -6.9935530e+01  -3.6970487e+01
   9.9700000e+01   1.8064470e+01   9.5095129e+00
   9.9800000e+01  -1.9935530e+01  -2.9970487e+01
   9.9900000e+01  -4.7935530e+01  -2.2850487e+01
   1.0000000e+02  -6.1935530e+01   1.0709513e+01
   1.0010000e+02  -5.9355301e+00   2.0469513e+01
   1.0020000e+02   1.5064470e+01  -7.3704871e+00
   1.0030000e+02   3.0064470e+01   1.0295129e+00
   1.0040000e+02   3.0644699e+00  -4.6890487e+01
   1.0050000e+02  -9.6935530e+01  -5.2890487e+01
   1.0060000e+02  -1.1935530e+01   1.4709513e+01
   1.0070000e+02   4.0644699e+00  -1.4930487e+01
   1.0080000e+02  -7.4935530e+01  -4.0770487e+01
   1.0090000e+02  -4.9935530e+01  -2.6770487e+01
   1.0100000e+02  -2.0935530e+01   3.0695129e+00
   1.0110000e+02   4.1064470e+01   3.3589513e+01
   1.0120000e+02  -1.2593553e+02  -4.5730487e+01
   1.0130000e+02   5.5064470e+01   3.1029513e+01
   1.0140000e+02   1.1506447e+02  -3.7048711e-01
   1.0150000e+02  -6.5935530e+01   2.9869513e+01
   1.0160000e+02  -3.0935530e+01   9.9469513e+01
   1.0170000e+02  -6.2935530e+01  -1.3250487e+01
   1.0180000e+02  -4.3935530e+01  -3.6010487e+01
   1.0190000e+02   2.1064470e+01   1.3895129e+00
   1.0200000e+02   1.1406447e+02   1.0669513e+01
   1.0210000e+02  -3.5935530e+01  -7.0330487e+01
   1.0220000e+02   2.9064470e+01  -5.8930487e+01
   1.0230000e+02  -6.5935530e+01  -3.9130487e+01
   1.0240000e+02  -1.9355301e+00   6.3095129e+00
   1.0250000e+02  -1.1993553e+02  -3.2970487e+01
   1.0260000e+02  -3.9935530e+01   2.8295129e+00
   1.0270000e+02  -4.9935530e+01   1.6229513e+01
   1.0280000e+02  -9.3553009e-01   1.2695129e+00
   1.0290000e+02  -5.7935530e+01   1.4549513e+01
   1.0300000e+02   8.1064470e+01  -7.5010487e+01
   1.0310000e+02  -5.1935530e+01   7.3095129e+00
   1.0320000e+02   6.0644699e+00   2.9989513e+01
   1.0330000e+02   5.0644699e+00  -4.0970487e+01
   1.0340000e+02  -6.3935530e+01  -4.7210487e+01
   1.0350000e+02   6.7064470e+01  -3.1450487e+01
   1.0360000e+02   1.2064470e+01  -6.3250487e+01
   1.0370000e+02   8.8064470e+01  -1.9290487e+01
   1.0380000e+02  -1.2935530e+01  -1.0250487e+01
   1.0390000e+02   3.3064470e+01   2.3909513e+01
   1.0400000e+02   5.2064470e+01  -4.2850487e+01
   1.0410000e+02  -1.0393553e+02  -2.8610487e+01
   1.0420000e+02   7.9064470e+01  -2.3930487e+01
   1.0430000e+02   1.1306447e+02   3.1709513e+01
   1.0440000e+02   1.5064470e+01   3.1629513e+01
   1.0450000e+02  -6.7935530e+01   1.1949513e+01
   1.0460000e+02  -7.7935530e+01  -1.4650487e+01
   1.0470000e+02   1.0644699e+00  -1.3810487e+01
   1.0480000e+02  -6.5935530e+01   3.1869513e+01
   1.0490000e+02   7.9064470e+01  -3.7930487e+01
   1.0500000e+02  -2.1935530e+01   1.2109513e+01
   1.0510000e+02   7.4064470e+01  -2.8730487e+01
   1.0520000e+02   5.6064470e+01   9.9895129e+00
   1.0530000e+02  -8.2935530e+01  -9.4504871e+00
   1.0540000e+02   7.3064470e+01  -1.9690487e+01
   1.0550000e+02   1.6206447e+02  -4.9250487e+01
   1.0560000e+02  -9.3553009e-01  -7.7304871e+00
   1.0570000e+02   1.9064470e+01   1.7469513e+01
   1.0580000e+02  -2.4935530e+01  -3.4770487e+01
   1.0590000e+02   2.4064470e+01   5.2269513e+01
   1.0600000e+02  -3.9935530e+01   5.5829513e+01
   1.0610000e+02   6.4064470e+01   4.6695129e+00
   1.0620000e+02  -5.0935530e+01  -1.0730487e+01
   1.0630000e+02   1.3064470e+01  -1.6290487e+01
   1.0640000e+02   1.2064470e+01   7.7495129e+00
   1.0650000e+02  -3.4935530e+01  -1.2370487e+01
   1.0660000e+02  -1.0993553e+02  -1.0370487e+01
   1.0670000e+02  -3.9935530e+01   1.4829513e+01
   1.0680000e+02  -3.2935530e+01  -4.8450487e+01
   1.0690000e+02   1.1064470e+01   6.2789513e+01
   1.0700000e+02   4.7064470e+01  -1.7650487e+01
   1.0710000e+02   5.0644699e+00   9.0295129e+00
   1.0720000e+02  -3.9355301e+00  -3.4610487e+01
   1.0730000e+02  -2.3935530e+01   1.8951289e-01
   1.0740000e+02   6.0064470e+01   1.0482951e+02
   1.0750000e+02  -4.1935530e+01   8.1909513e+01
   1.0760000e+02   1.6064470e+01   5.8589513e+01
   1.0770000e+02  -1.5935530e+01  -3.4130487e+01
   1.0780000e+02  -8.3935530e+01   4.1589513e+01
   1.0790000e+02   1.7064470e+01  -3.8450487e+01
   1.0800000e+02  -2.9935530e+01  -2.5704871e+00
   1.0810000e+02   4.0064470e+01   3.8629513e+01
   1.0820000e+02  -9.5935530e+01  -2.9304871e+00
   1.0830000e+02   1.2064470e+01   3.9749513e+01
   1.0840000e+02  -2.0935530e+01  -3.6930487e+01
   1.0850000e+02   6.4469914e-02   6.2295129e+00
   1.0860000e+02  -8.6935530e+01   1.7095129e+00
   1.0870000e+02  -7.2935530e+01  -4.8504871e+00
   1.0880000e+02   4.5064470e+01  -1.5570487e+01
   1.0890000e+02   9.1064470e+01   4.5895129e+00
   1.0900000e+02  -5.2935530e+01  -8.6504871e+00
   1.0910000e+02  -5.8935530e+01   7.9589513e+01
   1.0920000e+02   3.1064470e+01   3.0989513e+01
   1.0930000e+02   1.5806447e+02  -2.0904871e+00
   1.0940000e+02   5.8064470e+01  -1.4090487e+01
   1.0950000e+02  -2.0935530e+01   2.0695129e+00
   1.0960000e+02  -1.5935530e+01   8.8695129e+00
   1.0970000e+02  -1.1935530e+01   1.8709513e+01
   1.0980000e+02   5.8064470e+01   1.4909513e+01
   1.0990000e+02   4.5064470e+01  -8.5704871e+00
   1.1000000e+02  -2.5935530e+01   3.1269513e+01
   1.1010000e+02  -1.4935530e+01  -1.7170487e+01
   1.1020000e+02   3.2064470e+01  -3.3050487e+01
   1.1030000e+02   2.5064470e+01   7.2295129e+00
   1.1040000e+02   5.9064470e+01   4.8869513e+01
   1.1050000e+02  -3.9935530e+01   2.1829513e+01
   1.1060000e+02   2.3064470e+01   2.6309513e+01
   1.1070000e+02   1.7106447e+02  -2.6104871e+00
   1.1080000e+02   9.0644699e+00  -3.1130487e+01
   1.1090000e+02   5.3064470e+01  -1.1890487e+01
   1.1100000e+02  -9.4935530e+01   1.0295129e+00
   1.1110000e+02  -1.7935530e+01  -2.5050487e+01
   1.1120000e+02  -3.3935530e+01  -1.4410487e+01
   1.1130000e+02  -8.2935530e+01   4.5495129e+00
   1.1140000e+02  -7.0935530e+01  -2.5930487e+01
   1.1150000e+02   9.5064470e+01   1.4295129e+00
   1.1160000e+02  -4.8935530e+01  -3.1810487e+01
   1.1170000e+02   3.5064470e+01  -3.9170487e+01
   1.1180000e+02  -1.4935530e+01   7.8295129e+00
   1.1190000e+02  -3.6935530e+01  -9.2904871e+00
   1.1200000e+02  -9.1935530e+01  -3.6090487e+01
   1.1210000e+02   1.0644699e+00  -2.0810487e+01
   1.1220000e+02   4.8064470e+01   1.6309513e+01
   1.1230000e+02   4.0644699e+00  -2.1930487e+01
   1.1240000e+02  -4.8935530e+01  -1.6810487e+01
   1.1250000e+02  -7.9355301e+00   9.5495129e+00
   1.1260000e+02  -3.7935530e+01   2.4749513e+01
   1.1270000e+02   1.8064470e+01   2.2509513e+01
   1.1280000e+02  -7.5935530e+01   9.2695129e+00
   1.1290000e+02  -8.9355301e+00   9.5895129e+00
   1.1300000e+02  -7.6935530e+01   4.1309513e+01
   1.1310000e+02  -4.5935530e+01   1.2006951e+02
   1.1320000e+02   1.4106447e+02  -4.5410487e+01
   1.1330000e+02   3.7064470e+01   9.4749513e+01
   1.1340000e+02  -5.9935530e+01  -3.3370487e+01
   1.1350000e+02  -9.7935530e+01   2.5149513e+01
   1.1360000e+02  -4.1935530e+01  -2.2090487e+01
   1.1370000e+02  -2.1935530e+01   8.1095129e+00
   1.1380000e+02  -2.7935530e+01  -1.2650487e+01
   1.1390000e+02  -1.9935530e+01  -2.9704871e+00
   1.1400000e+02  -9.6935530e+01  -4.7890487e+01
   1.1410000e+02  -3.5935530e+01  -1.7330487e+01
   1.1420000e+02  -3.2935530e+01   2.6549513e+01
   1.1430000e+02   3.9064470e+01  -5.3304871e+00
   1.1440000e+02  -2.0935530e+01  -5.9930487e+01
   1.1450000e+02   5.4064470e+01  -2.2930487e+01
   1.1460000e+02  -2.9935530e+01  -5.8570487e+01
   1.1470000e+02   3.5064470e+01  -2.4170487e+01
   1.1480000e+02   9.2064470e+01  -6.9450487e+01
   1.1490000e+02  -1.2793553e+02  -9.6504871e+00
   1.1500000e+02  -2.3935530e+01   2.1189513e+01
   1.1510000e+02   5.1064470e+01   4.3189513e+01
   1.1520000e+02   4.6064470e+01  -1.7610487e+01
   1.1530000e+02  -5.9935530e+01   1.9629513e+01
   1.1540000e+02  -6.1935530e+01   4.1709513e+01
   1.1550000e+02   6.0644699e+00  -2.7010487e+01
   1.1560000e+02  -4.9935530e+01   2.2295129e+00
   1.1570000e+02  -1.0935530e+01   3.6695129e+00
   1.1580000e+02  -2.6935530e+01  -5.2690487e+01
   1.1590000e+02  -9.8935530e+01  -4.8104871e+00
   1.1600000e+02   6.0644699e+00   4.0989513e+01
   1.1610000e+02  -5.2935530e+01   6.3349513e+01
   1.1620000e+02   1.0644699e+00  -3.9810487e+01
   1.1630000e+02   3.4064470e+01  -2.1130487e+01
   1.1640000e+02   5.2064470e+01  -2.0850487e+01
   1.1650000e+02   1.0644699e+00   2.2189513e+01
   1.1660000e+02  -9.3553009e-01   1.5269513e+01
   1.1670000e+02   4.9064470e+01  -3.8730487e+01
   1.1680000e+02   5.7064470e+01  -4.3050487e+01
   1.1690000e+02  -8.9355301e+00  -5.5410487e+01
   1.1700000e+02   7.2064470e+01  -7.6504871e+00
   1.1710000e+02   6.8064470e+01   5.6509513e+01
   1.1720000e+02  -8.0935530e+01   2.3469513e+01
   1.1730000e+02  -7.3935530e+01  -2.4810487e+01
   1.1740000e+02   1.0206447e+02  -1.9850487e+01
   1.1750000e+02  -5.5935530e+01  -3.4530487e+01
   1.1760000e+02  -1.4493553e+02  -2.0970487e+01
   1.1770000e+02  -2.9355301e+00   6.3495129e+00
   1.1780000e+02  -1.0893553e+02  -1.6410487e+01
   1.1790000e+02   3.6064470e+01   7.8789513e+01
   1.1800000e+02  -3.5935530e+01  -1.0330487e+01
   1.1810000e+02   1.0506447e+02  -2.3970487e+01
   1.1820000e+02   1.3064470e+01   7.0951289e-01
   1.1830000e+02   1.6064470e+01  -1.8410487e+01
   1.1840000e+02  -1.0693553e+02  -1.0490487e+01
   1.1850000e+02  -2.3935530e+01   1.0189513e+01
   1.1860000e+02   2.6064470e+01  -3.3810487e+01
   1.1870000e+02   9.0644699e+00  -2.7130487e+01
   1.1880000e+02   9.3064470e+01   1.6509513e+01
   1.1890000e+02   7.0644699e+00  -7.1050487e+01
   1.1900000e+02   5.2064470e+01  -2.0850487e+01
   1.1910000e+02   9.0644699e+00  -5.0130487e+01
   1.1920000e+02   2.4064470e+01  -1.2730487e+01
   1.1930000e+02  -4.6935530e+01  -2.2890487e+01
   1.1940000e+02   1.5706447e+02  -3.0050487e+01
   1.1950000e+02  -5.9935530e+01  -4.9370487e+01
   1.1960000e+02   3.0644699e+00  -7.8904871e+00
   1.1970000e+02  -6.6935530e+01  -5.6090487e+01
   1.1980000e+02   1.0606447e+02  -3.0010487e+01
   1.1990000e+02  -1.3935530e+01   1.7789513e+01
   1.2000000e+02   1.9064470e+01   1.7469513e+01
   1.2010000e+02   6.0064470e+01   1.6829513e+01
   1.2020000e+02  -3.3935530e+01  -3.1410487e+01
   1.2030000e+02   2.2064470e+01  -1.0650487e+01
   1.2040000e+02   1.3064470e+01  -4.4290487e+01
   1.2050000e+02  -9.1935530e+01  -2.7090487e+01
   1.2060000e+02   5.7064470e+01  -3.0504871e+00
   1.2070000e+02   3.0644699e+00   2.5109513e+01
   1.2080000e+02   2.6064470e+01  -1.6810487e+01
   1.2090000e+02  -4.6935530e+01   3.1095129e+00
   1.2100000e+02  -2.5935530e+01  -2.4730487e+01
   1.2110000e+02   4.2064470e+01  -3.0450487e+01
   1.2120000e+02   3.1064470e+01  -1.1010487e+01
   1.2130000e+02  -4.9935530e+01   3.0229513e+01
   1.2140000e+02   3.4064470e+01   5.8695129e+00
   1.2150000e+02   9.0644699e+00   6.8869513e+01
   1.2160000e+02   8.9064470e+01   3.6695129e+00
   1.2170000e+02  -4.7935530e+01  -1.1850487e+01
   1.2180000e+02   6.4469914e-02  -2.7704871e+00
   1.2190000e+02  -1.9935530e+01   3.8029513e+01
   1.2200000e+02  -1.7935530e+01   1.0949513e+01
   1.2210000e+02  -2.1935530e+01  -2.9890487e+01
   1.2220000e+02   2.4064470e+01   2.6269513e+01
   1.2230000e+02   2.7064470e+01  -2.1850487e+01
   1.2240000e+02   5.1064470e+01  -9.8104871e+00
   1.2250000e+02  -6.1935530e+01  -2.5290487e+01
   1.2260000e+02   5.6064470e+01   3.3989513e+01
   1.2270000e+02  -4.2935530e+01   4.6949513e+01
   1.2280000e+02   8.1064470e+01  -3.4010487e+01
   1.2290000e+02   1.0506447e+02   6.4029513e+01
   1.2300000e+02  -7.1935530e+01   1.8109513e+01
   1.2310000e+02   3.0644699e+00   1.0951289e-01
   1.2320000e+02  -5.9935530e+01   1.0062951e+02
   1.2330000e+02  -4.1935530e+01  -3.7090487e+01
   1.2340000e+02   6.1064470e+01  -1.8210487e+01
   1.2350000e+02   4.0064470e+01   7.8629513e+01
   1.2360000e+02  -9.9355301e+00   1.9629513e+01
   1.2370000e+02  -5.0935530e+01   5.7269513e+01
   1.2380000e+02   2.1906447e+02   1.4695129e+00
   1.2390000e+02   1.2064470e+01   6.7495129e+00
   1.2400000e+02   3.6064470e+01  -3.2104871e+00
   1.2410000e+02  -7.7935530e+01  -2.6504871e+00
   1.2420000e+02  -3.5935530e+01   3.4669513e+01
   1.2430000e+02   6.4064470e+01  -1.0330487e+01
   1.2440000e+02   1.0644699e+00  -4.8104871e+00
   1.2450000e+02  -3.0935530e+01   2.1469513e+01
   1.2460000e+02   2.5064470e+01   4.2295129e+00
   1.2470000e+02   6.3064470e+01   1.9709513e+01
   1.2480000e+02   2.5064470e+01   1.0229513e+01
   1.2490000e+02  -1.4935530e+01  -1.5170487e+01
   1.2500000e+02   3.1064470e+01   7.4989513e+01
   1.2510000e+02   1.5064470e+01   6.2951289e-01
   1.2520000e+02   1.5064470e+01  -2.0370487e+01
   1.2530000e+02  -1.5935530e+01  -1.3130487e+01
   1.2540000e+02   5.5064470e+01   1.1029513e+01
   1.2550000e+02   8.2064470e+01   1.2949513e+01
   1.2560000e+02  -8.2935530e+01  -3.1450487e+01
   1.2570000e+02   4.4064470e+01   4.1469513e+01
   1.2580000e+02  -1.9355301e+00  -5.6904871e+00
   1.2590000e+02  -6.9355301e+00   1.0450951e+02
   1.2600000e+02   3.2064470e+01   2.0949513e+01
   1.2610000e+02  -2.3935530e+01   3.0189513e+01
   1.2620000e+02   1.8064470e+01  -3.6490487e+01
   1.2630000e+02  -4.3935530e+01  -9.0104871e+00
   1.2640000e+02   2.0644699e+00  -4.0850487e+01
   1.2650000e+02   4.6064470e+01  -4.6104871e+00
   1.2660000e+02  -2.7935530e+01   1.3349513e+01
   1.2670000e+02   1.1064470e+01  -4.4210487e+01
   1.2680000e+02  -6.7935530e+01  -3.2050487e+01
   1.2690000e+02   1.5064470e+01   2.6295129e+00
   1.2700000e+02   6.7064470e+01  -9.4504871e+00
   1.2710000e+02  -3.1935530e+01  -1.2490487e+01
   1.2720000e+02  -9.4935530e+01   2.9029513e+01
   1.2730000e+02   6.4469914e-02   1.2295129e+00
   1.2740000e+02   1.8064470e+01   9.1509513e+01
   1.2750000e+02   1.3106447e+02   3.6989513e+01
   1.2760000e+02   1.1064470e+01   3.8789513e+01
   1.2770000e+02   3.0644699e+00  -1.5890487e+01
   1.2780000e+02  -6.0935530e+01   4.5669513e+01
   1.2790000e+02  -2.4935530e+01   1.7229513e+01
   1.2800000e+02  -8.8935530e+01   5.9789513e+01
   1.2810000e+02   5.0644699e+00   2.9029513e+01
   1.2820000e+02  -3.9355301e+00   5.5389513e+01
   1.2830000e+02   5.0644699e+00  -3.0970487e+01
   1.2840000e+02  -8.9355301e+00  -3.0410487e+01
   1.2850000e+02  -4.6935530e+01   1.0310951e+02
   1.2860000e+02  -2.7935530e+01   1.7349513e+01
   1.2870000e+02  -3.1935530e+01  -2.1490487e+01
   1.2880000e+02   1.0606447e+02  -1.9010487e+01
   1.2890000e+02  -6.0935530e+01  -1.3330487e+01
   1.2900000e+02  -7.3935530e+01   3.8189513e+01
   1.2910000e+02  -4.7935530e+01   2.1149513e+01
   1.2920000e+02  -2.0935530e+01  -5.9304871e+00
   1.2930000e+02   7.0644699e+00  -5.7050487e+01
   1.2940000e+02  -7.2935530e+01  -6.4850487e+01
   1.2950000e+02  -1.5935530e+01   1.9869513e+01
   1.2960000e+02  -4.1935530e+01  -3.3090487e+01
   1.2970000e+02   8.1064470e+01  -4.5010487e+01
   1.2980000e+02  -3.8935530e+01   2.6789513e+01
   1.2990000e+02   6.4469914e-02  -4.7770487e+01
   1.3000000e+02  -4.2935530e+01  -1.0050487e+01
   1.3010000e+02  -5.9355301e+00  -6.2530487e+01
   1.3020000e+02   6.1064470e+01  -1.9210487e+01
   1.3030000e+02  -5.9355301e+00   5.2469513e+01
   1.3040000e+02   1.0064470e+01  -3.4170487e+01
   1.3050000e+02   1.6064470e+01  -1.9410487e+01
   1.3060000e+02  -3.7935530e+01  -4.9250487e+01
   1.3070000e+02  -1.8935530e+01  -1.9010487e+01
   1.3080000e+02   1.5806447e+02   2.6909513e+01
   1.3090000e+02   5.0644699e+00  -3.4970487e+01
   1.3100000e+02   1.2906447e+02  -4.5930487e+01
   1.3110000e+02   7.8064470e+01  -2.5890487e+01
   1.3120000e+02  -2.8935530e+01   3.9389513e+01
   1.3130000e+02   1.8064470e+01  -4.0490487e+01
   1.3140000e+02  -1.2193553e+02  -4.1890487e+01
   1.3150000e+02   5.3064470e+01  -8.8904871e+00
   1.3160000e+02   1.4064470e+01   1.2669513e+01
   1.3170000e+02  -3.3935530e+01  -4.1410487e+01
   1.3180000e+02   3.0064470e+01  -5.2970487e+01
   1.3190000e+02   4.0064470e+01  -1.9370487e+01
   1.3200000e+02   6.8064470e+01  -5.0490487e+01
   1.3210000e+02   6.0644699e+00   4.3989513e+01
   1.3220000e+02  -6.2935530e+01   2.3749513e+01
   1.3230000e+02   3.3064470e+01  -3.3090487e+01
   1.3240000e+02  -9.3553009e-01   2.0269513e+01
   1.3250000e+02   3.2064470e+01  -7.2050487e+01
   1.3260000e+02  -3.9935530e+01   2.2829513e+01
   1.3270000e+02  -2.4935530e+01  -3.9770487e+01
   1.3280000e+02  -3.2935530e+01  -4.1450487e+01
   1.3290000e+02   1.3806447e+02  -1.9290487e+01
   1.3300000e+02  -2.3935530e+01   1.1418951e+02
   1.3310000e+02   8.3064470e+01   7.4909513e+01
   1.3320000e+02  -5.9935530e+01  -1.5370487e+01
   1.3330000e+02   4.0644699e+00   5.0695129e+00
   1.3340000e+02  -2.8935530e+01   1.7389513e+01
   1.3350000e+02  -4.0935530e+01   6.2869513e+01
   1.3360000e+02  -5.7935530e+01   7.5495129e+00
   1.3370000e+02   7.7064470e+01  -3.1850487e+01
   1.3380000e+02   2.3064470e+01   4.5309513e+01
   1.3390000e+02   5.6064470e+01  -5.5010487e+01
   1.3400000e+02  -1.4935530e+01   6.0829513e+01
   1.3410000e+02  -4.2935530e+01  -4.7050487e+01
   1.3420000e+02  -8.6935530e+01  -3.2290487e+01
   1.3430000e+02  -3.2935530e+01   6.9549513e+01
   1.3440000e+02  -4.9935530e+01  -2.1770487e+01
   1.3450000e+02   1.5006447e+02  -3.0770487e+01
   1.3460000e+02  -2.2935530e+01  -4.0850487e+01
   1.3470000e+02  -3.6935530e+01  -2.7290487e+01
   1.3480000e+02  -5.5935530e+01   5.4695129e+00
   1.3490000e+02  -4.7935530e+01   7.2149513e+01
   1.3500000e+02  -9.3553009e-01   1.3269513e+01
   1.3510000e+02  -5.2935530e+01   2.0349513e+01
   1.3520000e+02   3.7064470e+01  -5.0250487e+01
   1.3530000e+02  -6.9355301e+00  -1.4490487e+01
   1.3540000e+02  -2.1935530e+01  -1.1890487e+01
   1.3550000e+02   1.2306447e+02  -6.9048711e-01
   1.3560000e+02   6.0064470e+01  -4.3170487e+01
   1.3570000e+02  -3.4935530e+01  -5.3704871e+00
   1.3580000e+02  -3.6935530e+01   1.3709513e+01
   1.3590000e+02  -2.0935530e+01  -3.7930487e+01
   1.3600000e+02   3.7064470e+01  -7.2504871e+00
   1.3610000e+02  -1.0935530e+01  -1.2330487e+01
   1.3620000e+02   5.7064470e+01  -8.0504871e+00
   1.3630000e+02   7.5064470e+01  -1.6770487e+01
   1.3640000e+02   7.3064470e+01  -3.8690487e+01
   1.3650000e+02   4.0064470e+01  -2.3704871e+00
   1.3660000e+02  -5.8935530e+01  -9.4104871e+00
   1.3670000e+02   2.7064470e+01  -3.4850487e+01
   1.3680000e+02   5.0644699e+00   6.0295129e+00
   1.3690000e+02  -6.2935530e+01   2.9749513e+01
   1.3700000e+02   4.8064470e+01   3.2309513e+01
   1.3710000e+02   1.0064470e+01   2.2829513e+01
   1.3720000e+02  -2.4935530e+01   5.2229513e+01
   1.3730000e+02   4.2064470e+01  -2.5450487e+01
   1.3740000e+02  -6.1935530e+01   2.1709513e+01
   1.3750000e+02  -5.2935530e+01  -6.6504871e+00
   1.3760000e+02   3.8064470e+01   2.8709513e+01
   1.3770000e+02  -7.2935530e+01  -1.8850487e+01
   1.3780000e+02  -3.7935530e+01   1.7749513e+01
   1.3790000e+02  -6.0935530e+01  -4.4330487e+01
   1.3800000e+02  -1.3935530e+01  -4.1210487e+01
   1.3810000e+02  -1.6935530e+01  -1.7090487e+01
   1.3820000e+02  -3.8935530e+01  -3.4210487e+01
   1.3830000e+02  -1.1935530e+01   1.8709513e+01
   1.3840000e+02  -4.5935530e+01  -3.7930487e+01
   1.3850000e+02  -3.4935530e+01   3.1629513e+01
   1.3860000e+02  -5.7935530e+01  -4.2450487e+01
   1.3870000e+02  -8.9355301e+00   6.9589513e+01
   1.3880000e+02   6.6064470e+01  -2.8410487e+01
   1.3890000e+02  -4.4935530e+01   1.2029513e+01
   1.3900000e+02  -1.5935530e+01  -3.1130487e+01
   1.3910000e+02   5.7064470e+01  -7.0050487e+01
   1.3920000e+02  -6.0935530e+01  -6.2330487e+01
   1.3930000e+02  -7.5935530e+01  -2.0730487e+01
   1.3940000e+02   6.2064470e+01   3.3749513e+01
   1.3950000e+02   4.7064470e+01   2.1349513e+01
   1.3960000e+02   3.5064470e+01   5.8295129e+00
   1.3970000e+02  -5.6935530e+01   4.7509513e+01
   1.3980000e+02   7.0644699e+00  -1.7050487e+01
   1.3990000e+02   8.6064470e+01   4.7895129e+00
   1.4000000e+02  -5.6935530e+01  -4.1490487e+01
   1.4010000e+02  -2.4935530e+01   4.6229513e+01
   1.4020000e+02  -2.8935530e+01  -9.6104871e+00
   1.4030000e+02   6.2064470e+01  -1.1250487e+01
   1.4040000e+02   2.8064470e+01   1.4109513e+01
   1.4050000e+02   3.6064470e+01   7.8951289e-01
   1.4060000e+02  -2.2935530e+01   8.6149513e+01
   1.4070000e+02   7.8064470e+01   2.0109513e+01
   1.4080000e+02   1.7064470e+01   1.0549513e+01
   1.4090000e+02   2.1064470e+01  -1.7610487e+01
   1.4100000e+02  -3.9355301e+00   4.1389513e+01
   1.4110000e+02   2.3064470e+01  -5.6690487e+01
   1.4120000e+02   5.9064470e+01  -9.1304871e+00
   1.4130000e+02  -2.4935530e+01  -2.2770487e+01
   1.4140000e+02  -9.9355301e+00   3.6295129e+00
   1.4150000e+02  -7.9355301e+00  -5.4504871e+00
   1.4160000e+02  -4.0935530e+01  -2.5130487e+01
   1.4170000e+02  -2.7935530e+01   3.3349513e+01
   1.4180000e+02  -2.8935530e+01   2.3895129e+00
   1.4190000e+02   1.0644699e+00   3.6189513e+01
   1.4200000e+02   7.0064470e+01   1.3429513e+01
   1.4210000e+02   6.2064470e+01  -1.5250487e+01
   1.4220000e+02  -2.6935530e+01  -1.7690487e+01
   1.4230000e+02   5.2064470e+01   1.2149513e+01
   1.4240000e+02  -3.0935530e+01  -3.5530487e+01
   1.4250000e+02   5.0644699e+00   3.7029513e+01
   1.4260000e+02  -5.2935530e+01  -1.0650487e+01
   1.4270000e+02   4.8064470e+01   2.2309513e+01
   1.4280000e+02  -1.0935530e+01   7.6695129e+00
   1.4290000e+02  -1.0493553e+02  -2.4570487e+01
   1.4300000e+02  -4.4935530e+01   5.7029513e+01
   1.4310000e+02  -2.8935530e+01   4.3389513e+01
   1.4320000e+02  -4.7935530e+01  -4.2850487e+01
   1.4330000e+02   9.0644699e+00   4.4869513e+01
   1.4340000e+02  -2.9935530e+01  -1.8570487e+01
   1.4350000e+02   2.0644699e+00   2.2149513e+01
   1.4360000e+02  -6.9355301e+00   2.5095129e+00
   1.4370000e+02   9.7064470e+01  -1.4650487e+01
   1.4380000e+02   5.4064470e+01  -3.5930487e+01
   1.4390000e+02   5.0644699e+00   8.0295129e+00
   1.4400000e+02  -4.0935530e+01   8.6951289e-01
   1.4410000e+02   4.4064470e+01   3.2469513e+01
   1.4420000e+02   6.8064470e+01  -2.5490487e+01
   1.4430000e+02  -5.1935530e+01  -7.6904871e+00
   1.4440000e+02  -7.9355301e+00   1.5495129e+00
   1.4450000e+02   2.2064470e+01   3.3495129e+00
   1.4460000e+02   6.4064470e+01   1.7669513e+01
   1.4470000e+02   3.2064470e+01  -5.0487106e-02
   1.4480000e+02   3.9064470e+01   8.2669513e+01
   1.4490000e+02   5.1064470e+01  -4.9810487e+01
   1.4500000e+02  -2.9355301e+00  -3.5650487e+01
   1.4510000e+02   3.0064470e+01   3.7029513e+01
   1.4520000e+02   4.6064470e+01  -2.7610487e+01
   1.4530000e+02  -1.1935530e+01  -2.3290487e+01
   1.4540000e+02  -5.4935530e+01   3.2429513e+01
   1.4550000e+02  -7.1935530e+01  -6.6890487e+01
   1.4560000e+02  -4.9355301e+00  -5.5704871e+00
   1.4570000e+02  -5.3935530e+01   5.2389513e+01
   1.4580000e+02  -3.1935530e+01   4.2509513e+01
   1.4590000e+02   2.0644699e+00   3.1149513e+01
   1.4600000e+02  -1.8935530e+01   1.0989513e+01
   1.4610000e+02   6.6064470e+01  -1.6410487e+01
   1.4620000e+02  -2.5935530e+01  -4.2730487e+01
   1.4630000e+02   8.0644699e+00   1.1909513e+01
   1.4640000e+02   2.7064470e+01   1.3149513e+01
   1.4650000e+02   1.7064470e+01   8.5495129e+00
   1.4660000e+02  -7.9355301e+00   2.9549513e+01
   1.4670000e+02  -9.3553009e-01  -2.2730487e+01
   1.4680000e+02   4.5064470e+01  -2.0570487e+01
   1.4690000e+02   1.3064470e+01   3.0709513e+01
   1.4700000e+02   5.4064470e+01  -1.7930487e+01
   1.4710000e+02   3.4064470e+01   2.5869513e+01
   1.4720000e+02  -2.0935530e+01   2.8069513e+01
   1.4730000e+02  -6.9355301e+00   4.5509513e+01
   1.4740000e+02  -2.0935530e+01   3.2069513e+01
   1.4750000e+02  -2.3935530e+01  -2.8810487e+01
   1.4760000e+02   2.3064470e+01   1.3309513e+01
   1.4770000e+02   1.8064470e+01  -1.1490487e+01
   1.4780000e+02   6.2064470e+01   1.4749513e+01
   1.4790000e+02   1.0644699e+00  -2.7810487e+01
   1.4800000e+02   4.8064470e+01   3.7309513e+01
   1.4810000e+02   6.4469914e-02   1.0229513e+01
   1.4820000e+02  -2.0935530e+01   4.5069513e+01
   1.4830000e+02  -7.9935530e+01  -2.5704871e+00
   1.4840000e+02  -1.0193553e+02  -1.5690487e+01
   1.4850000e+02  -1.5935530e+01   1.2386951e+02
   1.4860000e+02   6.4064470e+01  -4.2330487e+01
   1.4870000e+02  -9.3553009e-01   2.3269513e+01
   1.4880000e+02  -2.4935530e+01  -2.1770487e+01
   1.4890000e+02   1.3506447e+02  -4.9170487e+01
   1.4900000e+02   2.0064470e+01  -2.4570487e+01
   1.4910000e+02  -2.0935530e+01  -2.7930487e+01
   1.4920000e+02   6.0064470e+01  -8.1704871e+00
   1.4930000e+02   8.2064470e+01   1.6949513e+01
   1.4940000e+02  -1.1693553e+02   3.8909513e+01
   1.4950000e+02   5.7064470e+01   6.9949513e+01
   1.4960000e+02   6.9064470e+01  -2.5530487e+01
   1.4970000e+02  -3.4935530e+01  -6.3704871e+00
   1.4980000e+02  -4.9355301e+00   3.1429513e+01
   1.4990000e+02   4.4064470e+01  -9.5304871e+00
   1.5000000e+02  -5.0935530e+01  -2.9730487e+01
   1.5010000e+02   9.2064470e+01   1.5495129e+00
   1.5020000e+02  -8.6935530e+01   4.4709513e+01
   1.5030000e+02  -2.9355301e+00  -5.2650487e+01
   1.5040000e+02  -4.9935530e+01  -4.8770487e+01
   1.5050000e+02   3.0644699e+00  -1.1890487e+01
   1.5060000e+02  -6.3935530e+01   3.7895129e+00
   1.5070000e+02   2.1064470e+01   2.6389513e+01
   1.5080000e+02  -4.0935530e+01  -1.3048711e-01
   1.5090000e+02  -3.5935530e+01   5.1669513e+01
   1.5100000e+02   3.5064470e+01   3.9829513e+01
   1.5110000e+02   6.4469914e-02   3.8229513e+01
   1.5120000e+02   4.0644699e+00   2.5069513e+01
   1.5130000e+02  -2.6935530e+01  -4.0690487e+01
   1.5140000e+02   2.7064470e+01  -1.6850487e+01
   1.5150000e+02  -2.9935530e+01  -1.8570487e+01
   1.5160000e+02  -1.2935530e+01  -4.0250487e+01
   1.5170000e+02   3.4064470e+01   8.8695129e+00
   1.5180000e+02  -5.4935530e+01  -4.5570487e+01
   1.5190000e+02   3.9064470e+01   1.6669513e+01
   1.5200000e+02  -7.5935530e+01   3.0269513e+01
   1.5210000e+02  -2.8935530e+01  -2.6104871e+00
   1.5220000e+02   6.4064470e+01   2.5669513e+01
   1.5230000e+02  -1.2935530e+01   4.7749513e+01
   1.5240000e+02   3.8064470e+01  -4.2904871e+00
   1.5250000e+02  -5.7935530e+01  -6.4504871e+00
   1.5260000e+02  -1.0193553e+02   3.3095129e+00
   1.5270000e+02   1.0506447e+02   3.9029513e+01
   1.5280000e+02  -1.9355301e+00  -2.0690487e+01
   1.5290000e+02   2.0644699e+00  -1.3850487e+01
   1.5300000e+02  -1.8935530e+01   1.3989513e+01
   1.5310000e+02  -2.7935530e+01   2.7349513e+01
   1.5320000e+02  -4.2935530e+01   3.7949513e+01
   1.5330000e+02  -8.3935530e+01   6.0589513e+01
   1.5340000e+02   4.8064470e+01   2.4309513e+01
   1.5350000e+02   2.0064470e+01   2.6429513e+01
   1.5360000e+02   9.9064470e+01  -7.3048711e-01
   1.5370000e+02  -4.9935530e+01   3.2229513e+01
   1.5380000e+02  -9.3553009e-01   5.0269513e+01
   1.5390000e+02   2.1064470e+01   9.3895129e+00
   1.5400000e+02   6.6064470e+01   2.5589513e+01
   1.5410000e+02   4.5064470e+01  -5.7048711e-01
   1.5420000e+02   4.5064470e+01   1.3429513e+01
   1.5430000e+02   6.4469914e-02  -1.9770487e+01
   1.5440000e+02   1.6064470e+01  -3.4104871e+00
   1.5450000e+02  -5.6935530e+01  -1.6490487e+01
   1.5460000e+02  -3.9935530e+01   4.5829513e+01
   1.5470000e+02   1.0644699e+00  -7.8104871e+00
   1.5480000e+02   6.4064470e+01   2.8669513e+01
   1.5490000e+02  -1.2935530e+01   2.8749513e+01
   1.5500000e+02  -1.1935530e+01   4.7095129e+00
   1.5510000e+02   1.0644699e+00   1.1189513e+01
   1.5520000e+02  -8.9355301e+00  -6.4104871e+00
   1.5530000e+02  -5.3935530e+01  -3.6104871e+00
   1.5540000e+02  -7.3935530e+01  -1.2810487e+01
   1.5550000e+02   6.5064470e+01  -1.3704871e+00
   1.5560000e+02   4.0064470e+01  -3.3704871e+00
   1.5570000e+02  -2.1935530e+01  -4.3890487e+01
   1.5580000e+02   3.4064470e+01   3.8695129e+00
   1.5590000e+02   2.5064470e+01   5.2295129e+00
   1.5600000e+02   6.4064470e+01   4.3669513e+01
   1.5610000e+02  -3.1935530e+01   5.0951289e-01
   1.5620000e+02  -1.3935530e+01   2.7895129e+00
   1.5630000e+02   5.3064470e+01  -1.3890487e+01
   1.5640000e+02   1.0064470e+01  -3.0170487e+01
   1.5650000e+02   4.4064470e+01   3.0469513e+01
   1.5660000e+02   4.2064470e+01  -1.4504871e+00
   1.5670000e+02  -3.6935530e+01  -7.2904871e+00
   1.5680000e+02  -3.5935530e+01   2.3669513e+01
   1.5690000e+02  -3.3935530e+01  -2.3410487e+01
   1.5700000e+02  -2.9935530e+01  -1.3570487e+01
   1.5710000e+02   4.4064470e+01   2.2469513e+01
   1.5720000e+02   3.9064470e+01  -2.6330487e+01
   1.5730000e+02  -9.3935530e+01  -8.0104871e+00
   1.5740000e+02  -5.8935530e+01  -4.9410487e+01
   1.5750000e+02  -2.2935530e+01  -9.8504871e+00
   1.5760000e+02   2.4064470e+01  -3.1730487e+01
   1.5770000e+02  -9.6935530e+01   8.1095129e+00
   1.5780000e+02   1.2064470e+01   3.8749513e+01
   1.5790000e+02  -3.0935530e+01  -1.9530487e+01
   1.5800000e+02  -5.9935530e+01  -1.3370487e+01
   1.5810000e+02  -3.0935530e+01   4.6951289e-01
   1.5820000e+02  -1.6935530e+01  -2.2090487e+01
   1.5830000e+02  -7.9355301e+00   4.3549513e+01
   1.5840000e+02   1.7064470e+01  -1.3450487e+01
   1.5850000e+02   3.5064470e+01  -4.0170487e+01
   1.5860000e+02   2.8064470e+01  -2.7890487e+01
   1.5870000e+02  -6.9355301e+00  -4.9048711e-01
   1.5880000e+02  -7.4935530e+01   5.7229513e+01
   1.5890000e+02  -5.1935530e+01   7.3095129e+00
   1.5900000e+02  -4.1935530e+01  -2.5090487e+01
   1.5910000e+02   1.8806447e+02   8.1709513e+01
   1.5920000e+02  -3.6935530e+01  -3.2904871e+00
   1.5930000e+02   7.0644699e+00   5.1949513e+01
   1.5940000e+02   1.9064470e+01   6.4695129e+00
   1.5950000e+02  -9.9355301e+00  -2.6370487e+01
   1.5960000e+02   7.0644699e+00  -3.8050487e+01
   1.5970000e+02  -9.3935530e+01  -2.6010487e+01
   1.5980000e+02  -1.6935530e+01   2.0909513e+01
   1.5990000e+02   2.5064470e+01  -3.4770487e+01
   1.6000000e+02   5.0064470e+01  -3.8770487e+01
   1.6010000e+02   6.4469914e-02   2.2295129e+00
   1.6020000e+02  -7.1935530e+01  -2.4890487e+01
   1.6030000e+02   9.3064470e+01  -1.4490487e+01
   1.6040000e+02  -3.7935530e+01  -8.2504871e+00
   1.6050000e+02  -5.5935530e+01  -2.8530487e+01
   1.6060000e+02  -3.9935530e+01  -3.0170487e+01
   1.6070000e+02   5.1064470e+01  -2.9810487e+01
   1.6080000e+02  -3.7935530e+01   2.7749513e+01
   1.6090000e+02  -2.7935530e+01  -1.6650487e+01
   1.6100000e+02  -1.9355301e+00  -1.3690487e+01
   1.6110000e+02  -4.9355301e+00  -8.5704871e+00
   1.6120000e+02   3.6064470e+01  -6.2104871e+00
   1.6130000e+02   4.3064470e+01  -4.5490487e+01
   1.6140000e+02  -1.5935530e+01  -1.6130487e+01
   1.6150000e+02   1.2906447e+02  -1.2930487e+01
   1.6160000e+02   1.1064470e+01  -3.2210487e+01
   1.6170000e+02  -7.2935530e+01   3.1495129e+00
   1.6180000e+02   2.5064470e+01  -7.7704871e+00
   1.6190000e+02  -4.0935530e+01  -4.0130487e+01
   1.6200000e+02  -5.5935530e+01   7.4695129e+00
   1.6210000e+02  -2.8935530e+01   5.8389513e+01
   1.6220000e+02  -8.1935530e+01  -1.8490487e+01
   1.6230000e+02  -8.7935530e+01   1.7749513e+01
   1.6240000e+02   4.7064470e+01  -5.6504871e+00
   1.6250000e+02   9.2064470e+01   1.5495129e+00
   1.6260000e+02  -1.8935530e+01   2.9989513e+01
   1.6270000e+02   1.2064470e+01  -3.0250487e+01
   1.6280000e+02   3.4064470e+01  -1.1304871e+00
   1.6290000e+02   1.0906447e+02  -1.2130487e+01
   1.6300000e+02  -3.4935530e+01  -6.5370487e+01
   1.6310000e+02  -4.4935530e+01   4.0029513e+01
   1.6320000e+02  -2.9935530e+01  -5.5704871e+00
   1.6330000e+02   2.0644699e+00  -3.8504871e+00
   1.6340000e+02  -1.0935530e+01   1.7669513e+01
   1.6350000e+02   5.5064470e+01   4.6029513e+01
   1.6360000e+02  -2.9355301e+00  -5.9650487e+01
   1.6370000e+02  -2.9355301e+00  -2.1650487e+01
   1.6380000e+02   1.0644699e+00  -1.1810487e+01
   1.6390000e+02  -2.5935530e+01   2.3269513e+01
   1.6400000e+02   4.3064470e+01  -2.3490487e+01
   1.6410000e+02   6.4469914e-02   3.2295129e+00
   1.6420000e+02  -1.1093553e+02  -1.3330487e+01
   1.6430000e+02   1.4506447e+02  -5.5704871e+00
   1.6440000e+02   5.0644699e+00   1.7029513e+01
   1.6450000e+02   5.9064470e+01  -3.8130487e+01
   1.6460000e+02  -5.9935530e+01   2.6629513e+01
   1.6470000e+02  -1.5935530e+01  -3.9130487e+01
   1.6480000e+02  -6.8935530e+01  -9.0104871e+00
   1.6490000e+02  -4.2935530e+01   2.4949513e+01
   1.6500000e+02   1.3706447e+02  -1.6250487e+01
   1.6510000e+02   1.0106447e+02   7.1895129e+00
   1.6520000e+02   4.0064470e+01   6.6295129e+00
   1.6530000e+02   1.3306447e+02  -1.4090487e+01
   1.6540000e+02  -5.9355301e+00  -2.2530487e+01
   1.6550000e+02   3.4064470e+01   1.5869513e+01
   1.6560000e+02  -6.1935530e+01  -2.0290487e+01
   1.6570000e+02   2.5064470e+01   2.8229513e+01
   1.6580000e+02   1.3064470e+01  -1.1290487e+01
   1.6590000e+02  -2.8935530e+01   3.7389513e+01
   1.6600000e+02  -2.4935530e+01   2.2951289e-01
   1.6610000e+02   4.0064470e+01   3.8629513e+01
   1.6620000e+02  -7.5935530e+01   4.4269513e+01
   1.6630000e+02  -2.8935530e+01   1.6389513e+01
   1.6640000e+02   1.5064470e+01   2.0629513e+01
   1.6650000e+02   4.6064470e+01  -5.1610487e+01
   1.6660000e+02   9.0064470e+01   1.6295129e+00
   1.6670000e+02   4.0644699e+00  -2.9304871e+00
   1.6680000e+02  -7.9355301e+00   1.2549513e+01
   1.6690000e+02  -1.9355301e+00  -2.5690487e+01
   1.6700000e+02   6.0064470e+01   1.2829513e+01
   1.6710000e+02  -2.2935530e+01   1.5149513e+01
   1.6720000e+02  -6.1935530e+01  -1.7290487e+01
   1.6730000e+02  -3.1935530e+01   2.7509513e+01
   1.6740000e+02  -1.0893553e+02   4.2589513e+01
   1.6750000e+02   4.3064470e+01  -1.6490487e+01
   1.6760000e+02  -1.6935530e+01  -9.0487106e-02
   1.6770000e+02  -2.9355301e+00  -1.5650487e+01
   1.6780000e+02   2.2064470e+01   3.0349513e+01
   1.6790000e+02  -6.2935530e+01  -1.5250487e+01
   1.6800000e+02  -5.3935530e+01  -7.0610487e+01
   1.6810000e+02  -3.9935530e+01   1.7829513e+01
   1.6820000e+02   6.6064470e+01  -3.2410487e+01
   1.6830000e+02   2.4064470e+01  -2.0730487e+01
   1.6840000e+02  -3.9355301e+00  -6.6610487e+01
   1.6850000e+02  -8.9935530e+01  -2.1170487e+01
   1.6860000e+02   4.0644699e+00   6.9512894e-02
   1.6870000e+02  -2.9935530e+01  -2.8570487e+01
   1.6880000e+02  -2.6935530e+01   1.8309513e+01
   1.6890000e+02   5.5064470e+01   3.0295129e+00
   1.6900000e+02   1.3606447e+02  -4.4210487e+01
   1.6910000e+02  -9.9355301e+00  -3.3704871e+00
   1.6920000e+02   1.1706447e+02  -2.6450487e+01
   1.6930000e+02  -1.1693553e+02  -2.4090487e+01
   1.6940000e+02   2.0644699e+00  -2.0850487e+01
   1.6950000e+02   4.5064470e+01  -3.2570487e+01
   1.6960000e+02   3.0644699e+00  -8.9048711e-01
   1.6970000e+02   6.5064470e+01  -2.0370487e+01
   1.6980000e+02  -3.1935530e+01  -3.3490487e+01
   1.6990000e+02  -3.3935530e+01  -2.1410487e+01
   1.7000000e+02  -6.2935530e+01  -3.5250487e+01
   1.7010000e+02   2.2064470e+01   4.3349513e+01
   1.7020000e+02   7.4064470e+01  -1.4730487e+01
   1.7030000e+02  -4.5935530e+01   2.2069513e+01
   1.7040000e+02  -1.8935530e+01  -1.2010487e+01
   1.7050000e+02  -3.4935530e+01   2.6295129e+00
   1.7060000e+02  -9.3553009e-01  -5.9730487e+01
   1.7070000e+02   1.0644699e+00   5.8189513e+01
   1.7080000e+02   1.2306447e+02  -2.8690487e+01
   1.7090000e+02   2.5064470e+01  -1.3770487e+01
   1.7100000e+02  -7.9355301e+00   1.1549513e+01
   1.7110000e+02  -1.5935530e+01  -3.3130487e+01
   1.7120000e+02   3.6064470e+01   1.1789513e+01
   1.7130000e+02   7.7064470e+01  -6.6850487e+01
   1.7140000e+02  -5.1935530e+01   1.5309513e+01
   1.7150000e+02  -5.8935530e+01  -4.2410487e+01
   1.7160000e+02  -5.3935530e+01   4.5389513e+01
   1.7170000e+02  -1.3935530e+01   2.0789513e+01
   1.7180000e+02   1.0506447e+02  -4.3970487e+01
   1.7190000e+02   3.6064470e+01   4.7789513e+01
   1.7200000e+02  -9.3553009e-01  -1.7304871e+00
   1.7210000e+02  -4.7935530e+01   5.2149513e+01
   1.7220000e+02   7.0064470e+01  -5.5704871e+00
   1.7230000e+02   9.2064470e+01   4.5495129e+00
   1.7240000e+02  -9.9355301e+00   1.0629513e+01
   1.7250000e+02  -4.8935530e+01  -2.1810487e+01
   1.7260000e+02  -4.6935530e+01  -2.5890487e+01
   1.7270000e+02   6.7064470e+01   1.5549513e+01
   1.7280000e+02   2.0644699e+00  -4.6850487e+01
   1.7290000e+02   1.7064470e+01  -1.0450487e+01
   1.7300000e+02   4.0644699e+00   3.0069513e+01
   1.7310000e+02   8.0064470e+01  -1.9970487e+01
   1.7320000e+02  -4.6935530e+01   5.4109513e+01
   1.7330000e+02   4.1064470e+01   7.5895129e+00
   1.7340000e+02  -2.5935530e+01   1.7269513e+01
   1.7350000e+02  -2.4935530e+01  -3.2770487e+01
   1.7360000e+02   1.7706447e+02   3.3149513e+01
   1.7370000e+02  -3.9355301e+00   5.4389513e+01
   1.7380000e+02   1.1064470e+01  -4.4210487e+01
   1.7390000e+02   2.0064470e+01   5.1429513e+01
   1.7400000e+02  -5.1935530e+01   3.7309513e+01
   1.7410000e+02   1.6064470e+01   1.1589513e+01
   1.7420000e+02   5.5064470e+01  -1.9970487e+01
   1.7430000e+02   4.1064470e+01   2.0589513e+01
   1.7440000e+02  -5.2935530e+01  -1.7650487e+01
   1.7450000e+02   1.3064470e+01   1.1709513e+01
   1.7460000e+02   7.1064470e+01  -1.4610487e+01
   1.7470000e+02   2.2064470e+01   4.3495129e+00
   1.7480000e+02  -8.3935530e+01  -1.0410487e+01
   1.7490000e+02  -8.3935530e+01   2.1589513e+01
   1.7500000e+02  -2.5935530e+01   2.6269513e+01
   1.7510000e+02  -4.1935530e+01  -7.0904871e+00
   1.7520000e+02  -6.8935530e+01  -5.9010487e+01
   1.7530000e+02  -1.5593553e+02   4.6951289e-01
   1.7540000e+02  -2.2935530e+01   5.0149513e+01
   1.7550000e+02  -2.9355301e+00  -2.0650487e+01
   1.7560000e+02  -1.0493553e+02   8.3429513e+01
   1.7570000e+02   6.4064470e+01  -3.6330487e+01
   1.7580000e+02  -3.9355301e+00  -1.2610487e+01
   1.7590000e+02   2.0064470e+01  -6.5704871e+00
   1.7600000e+02  -6.4935530e+01   5.8295129e+00
   1.7610000e+02   2.2064470e+01  -3.5650487e+01
   1.7620000e+02  -3.9355301e+00  -3.8610487e+01
   1.7630000e+02   1.0206447e+02  -6.8504871e+00
   1.7640000e+02  -2.6935530e+01   2.4309513e+01
   1.7650000e+02   4.1064470e+01  -5.4104871e+00
   1.7660000e+02  -6.7935530e+01  -1.9050487e+01
   1.7670000e+02  -1.0493553e+02  -1.6570487e+01
   1.7680000e+02   1.9064470e+01  -1.5304871e+00
   1.7690000e+02  -2.6935530e+01   6.3095129e+00
   1.7700000e+02  -5.1935530e+01  -2.3690487e+01
   1.7710000e+02   8.3064470e+01  -1.0090487e+01
   1.7720000e+02   2.8064470e+01  -3.3890487e+01
   1.7730000e+02   3.8064470e+01   8.7095129e+00
   1.7740000e+02  -2.5935530e+01  -1.3730487e+01
   1.7750000e+02  -5.0935530e+01   2.8269513e+01
   1.7760000e+02   2.6064470e+01   9.1895129e+00
   1.7770000e+02  -1.2935530e+01  -5.2504871e+00
   1.7780000e+02   8.0644699e+00   2.0909513e+01
   1.7790000e+02   2.1064470e+01  -3.7610487e+01
   1.7800000e+02  -4.8935530e+01   2.1189513e+01
   1.7810000e+02  -6.5935530e+01   8.8695129e+00
   1.7820000e+02  -9.3553009e-01   4.0269513e+01
   1.7830000e+02   5.9064470e+01  -3.5130487e+01
   1.7840000e+02  -1.3193553e+02   9.5095129e+00
   1.7850000e+02  -1.0935530e+01  -1.5330487e+01
   1.7860000e+02   6.7064470e+01   1.4549513e+01
   1.7870000e+02  -5.9355301e+00  -3.6530487e+01
   1.7880000e+02   9.3064470e+01   7.5095129e+00
   1.7890000e+02   1.7064470e+01   9.6549513e+01
   1.7900000e+02  -4.5935530e+01   6.1069513e+01
   1.7910000e+02   5.4064470e+01   1.7069513e+01
   1.7920000e+02  -1.2935530e+01   2.1749513e+01
   1.7930000e+02  -4.2935530e+01   5.9495129e+00
   1.7940000e+02   3.1064470e+01   7.2989513e+01
   1.7950000e+02  -3.8935530e+01  -1.4210487e+01
   1.7960000e+02  -1.6935530e+01  -2.0904871e+00
   1.7970000e+02  -8.7935530e+01  -8.2504871e+00
   1.7980000e+02   8.4064470e+01  -2.1304871e+00
   1.7990000e+02   4.9064470e+01  -1.8730487e+01
   1.8000000e+02  -5.4935530e+01   7.7429513e+01
   1.8010000e+02  -4.3935530e+01  -1.0010487e+01
   1.8020000e+02   8.0644699e+00  -1.1090487e+01
   1.8030000e+02   1.0064470e+01   1.5829513e+01
   1.8040000e+02  -6.5935530e+01  -1.1304871e+00
   1.8050000e+02  -1.5935530e+01  -1.1130487e+01
   1.8060000e+02   6.0644699e+00   1.3989513e+01
   1.8070000e+02  -3.9935530e+01  -1.7048711e-01
   1.8080000e+02   1.9064470e+01   1.7469513e+01
   1.8090000e+02  -8.9355301e+00   4.2589513e+01
   1.8100000e+02  -2.7935530e+01   1.8349513e+01
   1.8110000e+02   2.5064470e+01  -9.7704871e+00
   1.8120000e+02  -2.2935530e+01  -3.5850487e+01
   1.8130000e+02  -5.4935530e+01  -1.9570487e+01
   1.8140000e+02  -3.3935530e+01  -8.9410487e+01
   1.8150000e+02  -9.3553009e-01  -2.3730487e+01
   1.8160000e+02   4.8064470e+01  -8.6904871e+00
   1.8170000e+02  -3.7935530e+01   2.7749513e+01
   1.8180000e+02  -4.9935530e+01  -3.2770487e+01
   1.8190000e+02   8.0064470e+01  -2.9970487e+01
   1.8200000e+02   6.4469914e-02  -4.3770487e+01
   1.8210000e+02  -3.6935530e+01   2.1709513e+01
   1.8220000e+02   1.9064470e+01  -5.3530487e+01
   1.8230000e+02  -7.1935530e+01  -3.5890487e+01
   1.8240000e+02   7.6064470e+01  -4.0810487e+01
   1.8250000e+02  -5.2935530e+01   2.2349513e+01
   1.8260000e+02  -1.0493553e+02  -2.3570487e+01
   1.8270000e+02   1.3064470e+01  -2.6290487e+01
   1.8280000e+02  -2.2935530e+01  -2.2850487e+01
   1.8290000e+02  -4.4935530e+01  -4.5970487e+01
   1.8300000e+02  -8.4935530e+01   4.3629513e+01
   1.8310000e+02  -2.6935530e+01  -1.0690487e+01
   1.8320000e+02  -2.8935530e+01   2.6389513e+01
   1.8330000e+02  -1.5935530e+01  -2.0130487e+01
   1.8340000e+02   2.5064470e+01   8.1229513e+01
   1.8350000e+02   4.7064470e+01   1.9349513e+01
   1.8360000e+02   3.0064470e+01  -3.0970487e+01
   1.8370000e+02  -4.5935530e+01  -3.8930487e+01
   1.8380000e+02  -1.8935530e+01   4.9895129e+00
   1.8390000e+02  -2.9935530e+01   3.4295129e+00
   1.8400000e+02   9.6064470e+01  -2.2610487e+01
   1.8410000e+02  -5.4935530e+01  -1.3570487e+01
   1.8420000e+02   2.0644699e+00  -1.3850487e+01
   1.8430000e+02   1.0064470e+01   2.8295129e+00
   1.8440000e+02  -3.7935530e+01  -1.4250487e+01
   1.8450000e+02  -8.2935530e+01   3.1549513e+01
   1.8460000e+02  -7.9355301e+00  -2.0450487e+01
   1.8470000e+02   1.3064470e+01   5.2709513e+01
   1.8480000e+02   1.1506447e+02   4.6295129e+00
   1.8490000e+02  -3.8935530e+01  -8.2104871e+00
   1.8500000e+02  -1.3093553e+02  -5.0530487e+01
   1.8510000e+02   6.4064470e+01  -3.5330487e+01
   1.8520000e+02  -1.4935530e+01  -6.1704871e+00
   1.8530000e+02  -1.9935530e+01   5.0295129e+00
   1.8540000e+02   4.7064470e+01  -3.5650487e+01
   1.8550000e+02  -1.8935530e+01  -2.6010487e+01
   1.8560000e+02  -3.9935530e+01   1.0829513e+01
   1.8570000e+02  -4.0935530e+01   9.4869513e+01
   1.8580000e+02  -8.0935530e+01  -2.5530487e+01
   1.8590000e+02  -1.9935530e+01  -2.6970487e+01
   1.8600000e+02   1.0206447e+02  -4.8504871e+00
   1.8610000e+02   6.5064470e+01  -1.5370487e+01
   1.8620000e+02  -7.5935530e+01   5.8269513e+01
   1.8630000e+02  -7.5935530e+01  -2.3730487e+01
   1.8640000e+02   7.2064470e+01   5.3495129e+00
   1.8650000e+02   3.9064470e+01  -8.3304871e+00
   1.8660000e+02  -4.9355301e+00   1.3429513e+01
   1.8670000e+02  -1.0935530e+01  -2.7330487e+01
   1.8680000e+02   4.0064470e+01  -3.1370487e+01
   1.8690000e+02   3.1064470e+01  -2.0010487e+01
   1.8700000e+02  -7.9355301e+00  -2.3450487e+01
   1.8710000e+02   8.0644699e+00  -7.0904871e+00
   1.8720000e+02  -2.9935530e+01   6.8429513e+01
   1.8730000e+02  -2.1935530e+01  -1.2890487e+01
   1.8740000e+02  -5.4935530e+01   3.4295129e+00
   1.8750000e+02   1.0064470e+01  -3.5170487e+01
   1.8760000e+02  -1.9935530e+01   5.0295129e+00
   1.8770000e+02  -4.5935530e+01   2.3069513e+01
   1.8780000e+02   1.2206447e+02  -2.3650487e+01
   1.8790000e+02   6.4469914e-02   8.2295129e+00
   1.8800000e+02   5.5064470e+01  -2.4970487e+01
   1.8810000e+02   9.3064470e+01   4.2509513e+01
   1.8820000e+02   9.2064470e+01  -1.9450487e+01
   1.8830000e+02  -5.7935530e+01   3.2549513e+01
   1.8840000e+02  -4.5935530e+01   4.6069513e+01
   1.8850000e+02   8.0064470e+01  -2.9970487e+01
   1.8860000e+02  -1.7935530e+01   8.9495129e+00
   1.8870000e+02  -1.8935530e+01   5.9895129e+00
   1.8880000e+02  -1.2935530e+01   1.1749513e+01
   1.8890000e+02  -3.2935530e+01  -3.7450487e+01
   1.8900000e+02  -1.4935530e+01  -3.0170487e+01
   1.8910000e+02  -5.8935530e+01   6.0589513e+01
   1.8920000e+02  -3.7935530e+01  -3.1250487e+01
   1.8930000e+02  -6.9355301e+00  -4.7490487e+01
   1.8940000e+02   5.0644699e+00   1.0295129e+00
   1.8950000e+02  -3.8935530e+01   3.5789513e+01
   1.8960000e+02  -1.3935530e+01  -2.5210487e+01
   1.8970000e+02  -3.6935530e+01   4.5709513e+01
   1.8980000e+02   5.3064470e+01   1.5109513e+01
   1.8990000e+02  -4.6935530e+01   1.5109513e+01
   1.9000000e+02  -1.9935530e+01  -1.3970487e+01
   1.9010000e+02   2.9064470e+01  -2.0930487e+01
   1.9020000e+02  -6.4935530e+01   1.2829513e+01
   1.9030000e+02  -2.0935530e+01   4.0695129e+00
   1.9040000e+02   4.0644699e+00  -6.9304871e+00
   1.9050000e+02   4.9064470e+01  -1.6730487e+01
   1.9060000e+02  -1.8935530e+01  -5.1010487e+01
   1.9070000e+02  -2.6935530e+01   5.7309513e+01
   1.9080000e+02  -1.1935530e+01  -3.6290487e+01
   1.9090000e+02   2.6064470e+01  -5.8104871e+00
   1.9100000e+02   3.0644699e+00   2.1095129e+00
   1.9110000e+02  -1.2935530e+01  -1.9250487e+01
   1.9120000e+02  -4.5935530e+01  -1.3930487e+01
   1.9130000e+02   1.5064470e+01  -7.1370487e+01
   1.9140000e+02  -3.0935530e+01  -1.2530487e+01
   1.9150000e+02  -8.6935530e+01  -1.9290487e+01
   1.9160000e+02  -2.9355301e+00  -4.9650487e+01
   1.9170000e+02  -4.7935530e+01  -5.8850487e+01
   1.9180000e+02  -1.9935530e+01   2.0029513e+01
   1.9190000e+02  -5.7935530e+01  -5.7450487e+01
   1.9200000e+02   6.5064470e+01  -4.3370487e+01
   1.9210000e+02  -6.0935530e+01  -3.0330487e+01
   1.9220000e+02  -2.2935530e+01  -9.8504871e+00
   1.9230000e+02  -3.7935530e+01  -2.7250487e+01
   1.9240000e+02   1.8064470e+01  -6.3490487e+01
   1.9250000e+02   1.5064470e+01  -3.2370487e+01
   1.9260000e+02  -1.1293553e+02  -3.6250487e+01
   1.9270000e+02  -1.0935530e+01  -3.0330487e+01
   1.9280000e+02  -1.1935530e+01  -3.5290487e+01
   1.9290000e+02  -1.5935530e+01   3.1869513e+01
   1.9300000e+02   1.6064470e+01  -3.6410487e+01
   1.9310000e+02  -4.6935530e+01   4.6109513e+01
   1.9320000e+02   3.2064470e+01  -6.0050487e+01
   1.9330000e+02  -2.1935530e+01   3.1095129e+00
   1.9340000e+02   3.2064470e+01  -2.0050487e+01
   1.9350000e+02  -3.5935530e+01  -3.5330487e+01
   1.9360000e+02  -1.0793553e+02   2.1549513e+01
   1.9370000e+02  -6.8935530e+01   4.7989513e+01
   1.9380000e+02   3.6064470e+01  -1.5210487e+01
   1.9390000e+02   5.0064470e+01  -4.0770487e+01
   1.9400000e+02  -1.0593553e+02   1.7469513e+01
   1.9410000e+02   4.3064470e+01   1.4509513e+01
   1.9420000e+02  -3.1935530e+01  -5.1490487e+01
   1.9430000e+02  -6.1935530e+01  -3.8290487e+01
   1.9440000e+02  -4.9355301e+00  -2.5704871e+00
   1.9450000e+02   1.6064470e+01   4.9589513e+01
   1.9460000e+02  -5.5935530e+01  -3.8530487e+01
   1.9470000e+02  -1.2193553e+02   2.1109513e+01
   1.9480000e+02   2.7064470e+01  -5.5850487e+01
   1.9490000e+02   1.4064470e+01   3.6695129e+00
   1.9500000e+02   4.3064470e+01  -1.1490487e+01
   1.9510000e+02  -6.1935530e+01  -1.7290487e+01
   1.9520000e+02  -8.0935530e+01  -3.1530487e+01
   1.9530000e+02  -5.5935530e+01   6.5469513e+01
   1.9540000e+02   7.0064470e+01  -3.9570487e+01
   1.9550000e+02   3.0064470e+01   2.5029513e+01
   1.9560000e+02  -9.3935530e+01  -2.1010487e+01
   1.9570000e+02  -5.9935530e+01  -6.8370487e+01
   1.9580000e+02   2.5064470e+01  -3.8770487e+01
   1.9590000e+02  -1.2593553e+02   3.2269513e+01
   1.9600000e+02  -6.8935530e+01   2.9989513e+01
   1.9610000e+02  -8.9935530e+01  -4.8170487e+01
   1.9620000e+02   6.4469914e-02  -1.4770487e+01
   1.9630000e+02  -1.0993553e+02   8.6295129e+00
   1.9640000e+02  -7.9355301e+00  -1.7450487e+01
   1.9650000e+02  -1.6935530e+01   2.9095129e+00
   1.9660000e+02   6.7064470e+01  -3.4450487e+01
   1.9670000e+02  -1.9355301e+00   5.5309513e+01
   1.9680000e+02   8.0064470e+01   4.0295129e+00
   1.9690000e+02  -5.6935530e+01  -2.9490487e+01
   1.9700000e+02  -1.2935530e+01  -3.8250487e+01
   1.9710000e+02  -3.5935530e+01  -2.4330487e+01
   1.9720000e+02   6.4469914e-02  -6.5770487e+01
   1.9730000e+02  -8.1935530e+01  -3.5490487e+01
   1.9740000e+02  -1.0935530e+01   4.6695129e+00
   1.9750000e+02   1.2064470e+01   1.6749513e+01
   1.9760000e+02   4.0064470e+01  -1.3704871e+00
   1.9770000e+02  -2.2935530e+01   1.3149513e+01
   1.9780000e+02   3.7064470e+01  -2.2504871e+00
   1.9790000e+02   1.8606447e+02  -3.2210487e+01
   1.9800000e+02   9.0644699e+00   3.6869513e+01
   1.9810000e+02   1.0644699e+00   1.8951289e-01
   1.9820000e+02  -7.7935530e+01  -5.1650487e+01
   1.9830000e+02  -6.9355301e+00  -6.4490487e+01
   1.9840000e+02   1.7064470e+01  -3.2450487e+01
   1.9850000e+02  -4.2935530e+01  -5.8050487e+01
   1.9860000e+02   5.0644699e+00   3.9029513e+01
   1.9870000e+02  -3.2935530e+01  -3.3450487e+01
   1.9880000e+02  -1.1093553e+02  -4.1330487e+01
   1.9890000e+02  -1.4935530e+01   2.9829513e+01
   1.9900000e+02  -5.9355301e+00  -3.6530487e+01
   1.9910000e+02   1.8064470e+01   1.5509513e+01
   1.9920000e+02  -1.5935530e+01  -2.3130487e+01
   1.9930000e+02  -2.8935530e+01  -8.6104871e+00
   1.9940000e+02   1.0064470e+01   1.7829513e+01
   1.9950000e+02  -9.1935530e+01   4.6909513e+01
   1.9960000e+02   1.5064470e+01   3.0629513e+01
   1.9970000e+02   7.1064470e+01  -5.6104871e+00
   1.9980000e+02   7.3064470e+01   2.6309513e+01
   1.9990000e+02  -4.4935530e+01   1.7029513e+01
