   0.0000000e+00   3.8328384e+02   8.0703581e+01
   1.0000000e-01   2.6628384e+02   4.9383581e+01
   2.0000000e-01   4.1428384e+02   1.0646358e+02
   3.0000000e-01   3.1928384e+02   1.7926358e+02
   4.0000000e-01   2.8828384e+02   8.2503581e+01
   5.0000000e-01   1.0728384e+02   9.9743581e+01
   6.0000000e-01   2.9228384e+02   7.4343581e+01
   7.0000000e-01   3.8328384e+02  -2.9641921e-01
   8.0000000e-01   2.6128384e+02   1.1858358e+02
   9.0000000e-01   4.0428384e+02   5.9863581e+01
   1.0000000e+00   1.8928384e+02   1.1646358e+02
   1.1000000e+00   4.8228384e+02   2.5743581e+01
   1.2000000e+00   3.3528384e+02   1.0562358e+02
   1.3000000e+00   3.5928384e+02   1.4663581e+01
   1.4000000e+00   1.9728384e+02   1.0314358e+02
   1.5000000e+00   1.2228384e+02   6.6143581e+01
   1.6000000e+00   3.6428384e+02  -7.5364192e+00
   1.7000000e+00   3.1828384e+02   4.3303581e+01
   1.8000000e+00   2.2328384e+02   1.5710358e+02
   1.9000000e+00   2.2428384e+02   5.9063581e+01
   2.0000000e+00   1.9728384e+02   1.4214358e+02
   2.1000000e+00   3.5428384e+02   2.8635808e+00
   2.2000000e+00   2.4028384e+02   1.1942358e+02
   2.3000000e+00   2.9528384e+02   7.0223581e+01
   2.4000000e+00   2.3828384e+02   1.5035808e+00
   2.5000000e+00   2.4328384e+02   1.1930358e+02
   2.6000000e+00   3.7028384e+02   1.8622358e+02
   2.7000000e+00   1.2428384e+02   8.7063581e+01
   2.8000000e+00   3.7428384e+02   8.6063581e+01
   2.9000000e+00   2.5228384e+02   1.3294358e+02
   3.0000000e+00   1.4628384e+02   1.7018358e+02
   3.1000000e+00   2.2228384e+02   4.3143581e+01
   3.2000000e+00   1.4528384e+02   1.4022358e+02
   3.3000000e+00   3.8928384e+02   3.3463581e+01
   3.4000000e+00   3.2128384e+02   2.1218358e+02
   3.5000000e+00   2.7228384e+02   1.8143581e+01
   3.6000000e+00   3.0828384e+02   2.8703581e+01
   3.7000000e+00   2.3728384e+02   1.9543581e+01
   3.8000000e+00   1.6828384e+02   6.5303581e+01
   3.9000000e+00   3.5328384e+02   9.9903581e+01
   4.0000000e+00   2.8728384e+02   1.0654358e+02
   4.1000000e+00   3.6428384e+02   1.2446358e+02
   4.2000000e+00   2.0728384e+02   7.0743581e+01
   4.3000000e+00   2.3028384e+02   2.4823581e+01
   4.4000000e+00   3.6028384e+02   1.2762358e+02
   4.5000000e+00   3.2928384e+02   4.3863581e+01
   4.6000000e+00   3.2528384e+02   6.0235808e+00
   4.7000000e+00   2.8628384e+02   1.3558358e+02
   4.8000000e+00   3.9028384e+02   9.2423581e+01
   4.9000000e+00   3.1228384e+02   5.7543581e+01
   5.0000000e+00   1.8128384e+02   9.9783581e+01
   5.1000000e+00   2.9728384e+02   1.8314358e+02
   5.2000000e+00   2.3328384e+02   1.0770358e+02
   5.3000000e+00   3.2728384e+02   7.2943581e+01
   5.4000000e+00   2.7928384e+02   1.0286358e+02
   5.5000000e+00   2.8928384e+02   1.6246358e+02
   5.6000000e+00   4.0828384e+02   9.6703581e+01
   5.7000000e+00   4.0628384e+02   7.8783581e+01
   5.8000000e+00   2.3328384e+02   4.9703581e+01
   5.9000000e+00   2.7428384e+02   3.2063581e+01
   6.0000000e+00   3.1428384e+02   7.8463581e+01
   6.1000000e+00   2.1828384e+02   2.9303581e+01
   6.2000000e+00   4.2628384e+02   1.6198358e+02
   6.3000000e+00   3.8728384e+02   9.8543581e+01
   6.4000000e+00   3.4228384e+02  -3.5656419e+01
   6.5000000e+00   4.2328384e+02   5.2103581e+01
   6.6000000e+00   2.9428384e+02   1.0026358e+02
   6.7000000e+00   2.1828384e+02   4.6303581e+01
   6.8000000e+00   4.0028384e+02   2.7023581e+01
   6.9000000e+00   2.6428384e+02   2.0463581e+01
   7.0000000e+00   2.8328384e+02   1.3770358e+02
   7.1000000e+00   2.4828384e+02   3.0103581e+01
   7.2000000e+00   2.4128384e+02   1.1438358e+02
   7.3000000e+00   2.8728384e+02   1.1854358e+02
   7.4000000e+00   3.3928384e+02   5.2463581e+01
   7.5000000e+00   3.0028384e+02   1.2702358e+02
   7.6000000e+00   3.1728384e+02   2.2343581e+01
   7.7000000e+00   1.7328384e+02   5.6103581e+01
   7.8000000e+00   3.3128384e+02   8.3783581e+01
   7.9000000e+00   1.9628384e+02   6.6183581e+01
   8.0000000e+00   2.9628384e+02   5.6183581e+01
   8.1000000e+00   2.8328384e+02   3.4703581e+01
   8.2000000e+00   4.1128384e+02   1.0158358e+02
   8.3000000e+00   3.5428384e+02   9.5863581e+01
   8.4000000e+00   3.1028384e+02   8.2623581e+01
   8.5000000e+00   1.9428384e+02   1.1826358e+02
   8.6000000e+00   2.0128384e+02   1.6498358e+02
   8.7000000e+00   3.2128384e+02   1.0218358e+02
   8.8000000e+00   3.0428384e+02   8.7863581e+01
   8.9000000e+00   2.9528384e+02   1.3722358e+02
   9.0000000e+00   4.3128384e+02   6.5783581e+01
   9.1000000e+00   1.2628384e+02   3.5983581e+01
   9.2000000e+00   2.5828384e+02   1.4970358e+02
   9.3000000e+00   1.4928384e+02   1.2106358e+02
   9.4000000e+00   4.1028384e+02   8.1623581e+01
   9.5000000e+00   2.5728384e+02   1.1174358e+02
   9.6000000e+00   1.8828384e+02   7.9503581e+01
   9.7000000e+00   2.1428384e+02   6.0463581e+01
   9.8000000e+00   2.6528384e+02   1.5242358e+02
   9.9000000e+00   2.2128384e+02   1.0518358e+02
   1.0000000e+01   3.2028384e+02   5.8223581e+01
   1.0100000e+01   4.2528384e+02   8.2023581e+01
   1.0200000e+01   3.3828384e+02   1.0950358e+02
   1.0300000e+01   2.6628384e+02   8.2383581e+01
   1.0400000e+01   2.3228384e+02   7.7743581e+01
   1.0500000e+01   1.7728384e+02   1.0794358e+02
   1.0600000e+01   3.2128384e+02   3.4183581e+01
   1.0700000e+01   2.7928384e+02   5.0863581e+01
   1.0800000e+01   3.1128384e+02   9.8583581e+01
   1.0900000e+01   1.9228384e+02   1.0134358e+02
   1.1000000e+01   3.7228384e+02   7.3143581e+01
   1.1100000e+01   1.2428384e+02   8.3063581e+01
   1.1200000e+01   3.3228384e+02   2.7743581e+01
   1.1300000e+01   2.3828384e+02   1.0250358e+02
   1.1400000e+01   3.3328384e+02   1.2270358e+02
   1.1500000e+01   2.1128384e+02   1.8658358e+02
   1.1600000e+01   3.3128384e+02   1.1378358e+02
   1.1700000e+01   3.1028384e+02   1.4562358e+02
   1.1800000e+01   2.3228384e+02   9.3743581e+01
   1.1900000e+01   2.9628384e+02   8.5183581e+01
   1.2000000e+01   2.2628384e+02   1.3698358e+02
   1.2100000e+01   3.0928384e+02   1.5166358e+02
   1.2200000e+01   1.8028384e+02   7.7823581e+01
   1.2300000e+01   3.8728384e+02   5.5543581e+01
   1.2400000e+01   2.4828384e+02  -7.8964192e+00
   1.2500000e+01   1.5328384e+02   5.3903581e+01
   1.2600000e+01   3.3528384e+02   7.3623581e+01
   1.2700000e+01   1.3328384e+02   7.0703581e+01
   1.2800000e+01   1.8328384e+02   1.9703581e+01
   1.2900000e+01   1.9028384e+02   6.3423581e+01
   1.3000000e+01   8.1283843e+01   1.6678358e+02
   1.3100000e+01   1.3928384e+02   1.2146358e+02
   1.3200000e+01   2.1428384e+02   1.0446358e+02
   1.3300000e+01   2.9628384e+02   7.1183581e+01
   1.3400000e+01   2.8328384e+02   5.3703581e+01
   1.3500000e+01   2.4828384e+02   1.6510358e+02
   1.3600000e+01   3.4628384e+02   1.0918358e+02
   1.3700000e+01   2.7228384e+02   7.4143581e+01
   1.3800000e+01   1.5128384e+02   1.1598358e+02
   1.3900000e+01   1.8328384e+02   1.8570358e+02
   1.4000000e+01   1.8428384e+02   1.2266358e+02
   1.4100000e+01   3.6628384e+02   5.7383581e+01
   1.4200000e+01   1.9228384e+02   1.0934358e+02
   1.4300000e+01   1.7928384e+02   1.2086358e+02
   1.4400000e+01   3.8528384e+02   1.1262358e+02
   1.4500000e+01   2.1728384e+02   1.1734358e+02
   1.4600000e+01   3.8528384e+02   9.8623581e+01
   1.4700000e+01   1.1128384e+02   1.1058358e+02
   1.4800000e+01   1.5528384e+02   5.0823581e+01
   1.4900000e+01   2.5628384e+02   4.8783581e+01
   1.5000000e+01   1.9328384e+02   5.8303581e+01
   1.5100000e+01   2.4428384e+02   7.6263581e+01
   1.5200000e+01   1.6228384e+02   3.3543581e+01
   1.5300000e+01   2.7728384e+02   9.2943581e+01
   1.5400000e+01   3.0028384e+02   7.5023581e+01
   1.5500000e+01   3.4728384e+02   4.4143581e+01
   1.5600000e+01   4.8328384e+02   3.9703581e+01
   1.5700000e+01   3.2428384e+02   9.1063581e+01
   1.5800000e+01   1.7228384e+02   6.4143581e+01
   1.5900000e+01   2.6228384e+02   4.9543581e+01
   1.6000000e+01   8.8283843e+01   6.4503581e+01
   1.6100000e+01   2.6028384e+02   1.0623581e+01
   1.6200000e+01   3.5428384e+02   9.2863581e+01
   1.6300000e+01   3.8628384e+02   9.5583581e+01
   1.6400000e+01   2.4428384e+02   3.6263581e+01
   1.6500000e+01   2.9228384e+02   9.0343581e+01
   1.6600000e+01   1.8628384e+02   8.0583581e+01
   1.6700000e+01   2.3828384e+02   5.6503581e+01
   1.6800000e+01   2.2128384e+02   1.2318358e+02
   1.6900000e+01   1.5728384e+02   6.8743581e+01
   1.7000000e+01   2.5128384e+02   5.0983581e+01
   1.7100000e+01   9.9283843e+01   8.4063581e+01
   1.7200000e+01   2.1728384e+02   1.1343581e+01
   1.7300000e+01   7.7283843e+01   6.2943581e+01
   1.7400000e+01   2.0928384e+02   6.3663581e+01
   1.7500000e+01   2.4828384e+02   3.6103581e+01
   1.7600000e+01   2.8128384e+02   4.5783581e+01
   1.7700000e+01   1.6928384e+02   5.5263581e+01
   1.7800000e+01   1.4228384e+02   4.2343581e+01
   1.7900000e+01   2.5828384e+02   1.2770358e+02
   1.8000000e+01   6.9283843e+01   7.5263581e+01
   1.8100000e+01   1.8528384e+02   1.2862358e+02
   1.8200000e+01   1.0728384e+02   8.6743581e+01
   1.8300000e+01   4.6283843e+01   7.5183581e+01
   1.8400000e+01   1.6628384e+02   9.7383581e+01
   1.8500000e+01   2.7728384e+02   8.7943581e+01
   1.8600000e+01   1.8328384e+02   3.9703581e+01
   1.8700000e+01   2.6728384e+02   1.0834358e+02
   1.8800000e+01   2.8528384e+02   3.9623581e+01
   1.8900000e+01   2.5228384e+02   1.1294358e+02
   1.9000000e+01   1.5928384e+02   6.6663581e+01
   1.9100000e+01   1.8628384e+02   8.4583581e+01
   1.9200000e+01   2.0128384e+02   3.7983581e+01
   1.9300000e+01   3.4328384e+02   1.5303581e+01
   1.9400000e+01   2.3928384e+02   6.6463581e+01
   1.9500000e+01   2.9628384e+02   4.7183581e+01
   1.9600000e+01   2.5128384e+02   1.2598358e+02
   1.9700000e+01   3.3228384e+02  -1.5256419e+01
   1.9800000e+01   2.6128384e+02  -9.4164192e+00
   1.9900000e+01   3.1728384e+02   6.2343581e+01
   2.0000000e+01   3.5828384e+02   1.1703581e+01
   2.0100000e+01   2.2828384e+02   9.4903581e+01
   2.0200000e+01   1.9228384e+02   8.0343581e+01
   2.0300000e+01   2.3528384e+02   6.2623581e+01
   2.0400000e+01   1.1928384e+02   1.0226358e+02
   2.0500000e+01   2.3328384e+02   1.7970358e+02
   2.0600000e+01   1.5128384e+02   2.9983581e+01
   2.0700000e+01   3.1928384e+02   2.7263581e+01
   2.0800000e+01   2.8528384e+02   4.9623581e+01
   2.0900000e+01   1.5128384e+02   5.3983581e+01
   2.1000000e+01   1.8728384e+02   4.2543581e+01
   2.1100000e+01   2.3128384e+02   1.7835808e+00
   2.1200000e+01   2.0028384e+02   8.0235808e+00
   2.1300000e+01   2.0828384e+02   8.7703581e+01
   2.1400000e+01   2.2328384e+02  -8.9641921e-01
   2.1500000e+01   1.8828384e+02   6.3503581e+01
   2.1600000e+01   1.3328384e+02  -3.2964192e+00
   2.1700000e+01   3.1728384e+02   9.7343581e+01
   2.1800000e+01   1.7028384e+02   1.8522358e+02
   2.1900000e+01   3.8028384e+02   9.0823581e+01
   2.2000000e+01   2.0028384e+02   4.7023581e+01
   2.2100000e+01   2.3028384e+02   1.0823581e+01
   2.2200000e+01   9.9283843e+01   3.8063581e+01
   2.2300000e+01   2.5828384e+02  -9.2964192e+00
   2.2400000e+01   1.5928384e+02   1.4663581e+01
   2.2500000e+01   2.1528384e+02   2.7423581e+01
   2.2600000e+01   1.7428384e+02   4.1063581e+01
   2.2700000e+01   2.8728384e+02   1.4654358e+02
   2.2800000e+01   2.9228384e+02   7.5343581e+01
   2.2900000e+01   2.3028384e+02   4.3823581e+01
   2.3000000e+01   1.7528384e+02   5.0235808e+00
   2.3100000e+01   1.0328384e+02  -9.0964192e+00
   2.3200000e+01   2.6828384e+02   2.9303581e+01
   2.3300000e+01   3.0428384e+02  -1.5136419e+01
   2.3400000e+01   2.2128384e+02   9.6183581e+01
   2.3500000e+01   2.1228384e+02   1.2543581e+01
   2.3600000e+01   3.1628384e+02   2.4383581e+01
   2.3700000e+01   3.1328384e+02   5.0503581e+01
   2.3800000e+01   3.3328384e+02   1.0070358e+02
   2.3900000e+01   2.7628384e+02   9.7983581e+01
   2.4000000e+01   2.3328384e+02   8.6703581e+01
   2.4100000e+01   2.3228384e+02   6.7743581e+01
   2.4200000e+01   1.3428384e+02   1.4166358e+02
   2.4300000e+01   1.2128384e+02   4.8183581e+01
   2.4400000e+01   2.6528384e+02   8.0423581e+01
   2.4500000e+01   2.0028384e+02   2.3023581e+01
   2.4600000e+01   2.9928384e+02   3.1063581e+01
   2.4700000e+01   1.4428384e+02   5.6263581e+01
   2.4800000e+01   2.8228384e+02   1.2474358e+02
   2.4900000e+01   1.6928384e+02   4.7263581e+01
   2.5000000e+01   3.2228384e+02   1.2914358e+02
   2.5100000e+01   2.9028384e+02   2.3423581e+01
   2.5200000e+01   1.7228384e+02   5.3143581e+01
   2.5300000e+01   8.1283843e+01   3.7835808e+00
   2.5400000e+01   2.7128384e+02   2.7183581e+01
   2.5500000e+01   1.7128384e+02   3.8183581e+01
   2.5600000e+01   3.7128384e+02   1.0318358e+02
   2.5700000e+01   2.2228384e+02   6.8143581e+01
   2.5800000e+01   2.9428384e+02   1.5263581e+01
   2.5900000e+01   1.9128384e+02   1.3038358e+02
   2.6000000e+01   1.5228384e+02   4.2943581e+01
   2.6100000e+01   2.1628384e+02   1.3538358e+02
   2.6200000e+01   2.4628384e+02   2.9183581e+01
   2.6300000e+01   2.8428384e+02   2.0663581e+01
   2.6400000e+01   6.7283843e+01   7.7343581e+01
   2.6500000e+01   1.9928384e+02   1.2206358e+02
   2.6600000e+01   1.5128384e+02   2.3983581e+01
   2.6700000e+01   2.4228384e+02   5.8343581e+01
   2.6800000e+01   9.5283843e+01   1.2522358e+02
   2.6900000e+01   3.7128384e+02   4.0183581e+01
   2.7000000e+01   1.3328384e+02   7.4703581e+01
   2.7100000e+01   2.4928384e+02   8.3063581e+01
   2.7200000e+01   2.4528384e+02   9.7223581e+01
   2.7300000e+01   1.8528384e+02   3.0623581e+01
   2.7400000e+01   2.2028384e+02   8.0223581e+01
   2.7500000e+01   1.5928384e+02   1.0066358e+02
   2.7600000e+01   3.9028384e+02   8.1423581e+01
   2.7700000e+01   2.9228384e+02   5.0343581e+01
   2.7800000e+01   4.2528384e+02   1.0902358e+02
   2.7900000e+01   1.5128384e+02   8.3983581e+01
   2.8000000e+01   1.2728384e+02  -1.0564192e+00
   2.8100000e+01   1.5028384e+02  -3.9764192e+00
   2.8200000e+01   1.8828384e+02   4.3503581e+01
   2.8300000e+01   2.0028384e+02   2.4023581e+01
   2.8400000e+01   2.8028384e+02   1.6182358e+02
   2.8500000e+01   1.9128384e+02   8.3383581e+01
   2.8600000e+01   1.3628384e+02   1.0158358e+02
   2.8700000e+01   2.4728384e+02   1.4358079e-01
   2.8800000e+01   1.2228384e+02   9.3143581e+01
   2.8900000e+01   1.1628384e+02   3.3383581e+01
   2.9000000e+01   2.6028384e+02   2.0623581e+01
   2.9100000e+01   2.0028384e+02   8.7023581e+01
   2.9200000e+01   4.2628384e+02   4.6983581e+01
   2.9300000e+01   1.5228384e+02   1.1794358e+02
   2.9400000e+01   1.1128384e+02   1.6058358e+02
   2.9500000e+01   3.5628384e+02   1.7278358e+02
   2.9600000e+01   1.3428384e+02   8.6663581e+01
   2.9700000e+01   2.3828384e+02   6.3503581e+01
   2.9800000e+01   1.6428384e+02   7.2463581e+01
   2.9900000e+01   2.5928384e+02   1.5663581e+01
   3.0000000e+01   1.5228384e+02   7.3943581e+01
   3.0100000e+01   1.8628384e+02  -2.4164192e+00
   3.0200000e+01   4.0528384e+02   1.4982358e+02
   3.0300000e+01   3.0628384e+02   6.3783581e+01
   3.0400000e+01   2.0728384e+02   1.2374358e+02
   3.0500000e+01   2.9228384e+02   7.4343581e+01
   3.0600000e+01   3.1128384e+02   9.1583581e+01
   3.0700000e+01   1.8928384e+02   5.4463581e+01
   3.0800000e+01   5.3283843e+01   7.0903581e+01
   3.0900000e+01   3.1628384e+02   4.0383581e+01
   3.1000000e+01   1.6728384e+02   1.5634358e+02
   3.1100000e+01   2.6628384e+02   8.7383581e+01
   3.1200000e+01   2.0128384e+02   1.3998358e+02
   3.1300000e+01   2.1728384e+02   1.6343581e+01
   3.1400000e+01   2.4428384e+02   1.2526358e+02
   3.1500000e+01   2.7028384e+02   9.5223581e+01
   3.1600000e+01   1.9728384e+02  -5.8564192e+00
   3.1700000e+01   3.2928384e+02   3.4863581e+01
   3.1800000e+01   1.8928384e+02   5.7463581e+01
   3.1900000e+01   2.5328384e+02   3.9035808e+00
   3.2000000e+01   4.0528384e+02   2.6823581e+01
   3.2100000e+01   1.2528384e+02  -1.6976419e+01
   3.2200000e+01   3.0428384e+02   4.8863581e+01
   3.2300000e+01   2.0628384e+02   7.2783581e+01
   3.2400000e+01   1.6728384e+02   1.4343581e+01
   3.2500000e+01   3.3928384e+02   6.0463581e+01
   3.2600000e+01   1.6228384e+02   7.5543581e+01
   3.2700000e+01   2.0028384e+02   1.7023581e+01
   3.2800000e+01   3.9328384e+02   4.5303581e+01
   3.2900000e+01   4.6028384e+02  -6.3764192e+00
   3.3000000e+01   2.8628384e+02   2.0583581e+01
   3.3100000e+01   3.1328384e+02  -1.3496419e+01
   3.3200000e+01   3.5028384e+02   7.0235808e+00
   3.3300000e+01   4.3128384e+02   4.7835808e+00
   3.3400000e+01   2.6528384e+02   5.9423581e+01
   3.3500000e+01   2.2928384e+02   1.0486358e+02
   3.3600000e+01   2.2928384e+02   6.8635808e+00
   3.3700000e+01   1.9528384e+02   5.6223581e+01
   3.3800000e+01   4.0928384e+02  -1.5336419e+01
   3.3900000e+01   4.4928384e+02  -4.9364192e+00
   3.4000000e+01   2.1428384e+02   5.6463581e+01
   3.4100000e+01   3.2428384e+02  -1.9936419e+01
   3.4200000e+01   4.8728384e+02  -9.4564192e+00
   3.4300000e+01   3.3528384e+02   3.6623581e+01
   3.4400000e+01   2.4128384e+02   1.4438358e+02
   3.4500000e+01   3.4528384e+02  -9.7764192e+00
   3.4600000e+01   4.9828384e+02  -1.3896419e+01
   3.4700000e+01   2.4928384e+02  -3.4936419e+01
   3.4800000e+01   2.3228384e+02   1.3743581e+01
   3.4900000e+01   4.7928384e+02   1.2863581e+01
   3.5000000e+01   2.7628384e+02   5.9983581e+01
   3.5100000e+01   3.4628384e+02  -8.1641921e-01
   3.5200000e+01   3.6028384e+02   3.6623581e+01
   3.5300000e+01   3.9928384e+02   6.3580786e-02
   3.5400000e+01   2.0628384e+02   7.5783581e+01
   3.5500000e+01   1.9428384e+02   2.2635808e+00
   3.5600000e+01   2.2328384e+02   3.6103581e+01
   3.5700000e+01   2.4128384e+02   5.3835808e+00
   3.5800000e+01   2.2828384e+02   7.4903581e+01
   3.5900000e+01   3.5228384e+02   6.5943581e+01
   3.6000000e+01   3.7528384e+02   6.0023581e+01
   3.6100000e+01   9.2283843e+01   5.4343581e+01
   3.6200000e+01   4.2228384e+02   5.7143581e+01
   3.6300000e+01   1.9928384e+02   1.7506358e+02
   3.6400000e+01   3.2728384e+02   2.9943581e+01
   3.6500000e+01   3.4228384e+02   1.0343581e+01
   3.6600000e+01   3.9928384e+02   3.4063581e+01
   3.6700000e+01   2.0828384e+02   1.1070358e+02
   3.6800000e+01   3.9728384e+02  -8.8564192e+00
   3.6900000e+01   2.5928384e+02   2.5663581e+01
   3.7000000e+01   2.8128384e+02   1.2783581e+01
   3.7100000e+01   4.3228384e+02   3.4743581e+01
   3.7200000e+01   2.7128384e+02  -1.0816419e+01
   3.7300000e+01   3.1028384e+02   4.1623581e+01
   3.7400000e+01   2.1528384e+02   5.4423581e+01
   3.7500000e+01   4.2028384e+02   3.5223581e+01
   3.7600000e+01   2.2328384e+02   2.7103581e+01
   3.7700000e+01   3.3828384e+02   7.1503581e+01
   3.7800000e+01   3.3128384e+02  -9.2164192e+00
   3.7900000e+01   1.2328384e+02   7.9103581e+01
   3.8000000e+01   2.2828384e+02  -3.0096419e+01
   3.8100000e+01   1.8728384e+02  -3.0456419e+01
   3.8200000e+01   4.0028384e+02   1.7023581e+01
   3.8300000e+01   2.5828384e+02  -7.2964192e+00
   3.8400000e+01   3.7328384e+02   2.3103581e+01
   3.8500000e+01   2.9528384e+02   1.6223581e+01
   3.8600000e+01   3.5228384e+02  -3.9056419e+01
   3.8700000e+01   1.7328384e+02   2.1035808e+00
   3.8800000e+01   3.4728384e+02   1.7143581e+01
   3.8900000e+01   3.1128384e+02   5.9583581e+01
   3.9000000e+01   3.2528384e+02   6.6023581e+01
   3.9100000e+01   3.1328384e+02   2.2503581e+01
   3.9200000e+01   3.1928384e+02   2.6263581e+01
   3.9300000e+01   2.1628384e+02   2.3383581e+01
   3.9400000e+01   2.3228384e+02   3.7435808e+00
   3.9500000e+01   2.9228384e+02   3.5343581e+01
   3.9600000e+01   3.0928384e+02  -2.1336419e+01
   3.9700000e+01   1.3928384e+02  -1.1536419e+01
   3.9800000e+01   2.8928384e+02  -1.5364192e+00
   3.9900000e+01   3.7328384e+02  -2.5896419e+01
   4.0000000e+01   3.1428384e+02   7.4635808e+00
   4.0100000e+01   4.0728384e+02   4.5743581e+01
   4.0200000e+01   2.7528384e+02   3.0023581e+01
   4.0300000e+01   2.7228384e+02  -1.4856419e+01
   4.0400000e+01   3.4028384e+02  -5.7641921e-01
   4.0500000e+01   2.8528384e+02  -3.0376419e+01
   4.0600000e+01   3.5628384e+02   6.2783581e+01
   4.0700000e+01   2.7928384e+02  -1.7136419e+01
   4.0800000e+01   2.1028384e+02  -1.0376419e+01
   4.0900000e+01   3.1928384e+02   1.9263581e+01
   4.1000000e+01   3.3728384e+02  -3.7456419e+01
   4.1100000e+01   3.8028384e+02  -3.0176419e+01
   4.1200000e+01   4.1728384e+02  -8.6564192e+00
   4.1300000e+01   3.6428384e+02   5.4463581e+01
   4.1400000e+01   1.9828384e+02   8.3103581e+01
   4.1500000e+01   3.9628384e+02  -1.5816419e+01
   4.1600000e+01   1.2628384e+02   4.7983581e+01
   4.1700000e+01   3.5928384e+02   1.5663581e+01
   4.1800000e+01   2.5328384e+02  -6.0964192e+00
   4.1900000e+01   2.3528384e+02   4.6235808e+00
   4.2000000e+01   3.6428384e+02   2.2463581e+01
   4.2100000e+01   2.4928384e+02   1.6063581e+01
   4.2200000e+01   2.9928384e+02   4.5063581e+01
   4.2300000e+01   4.4028384e+02  -1.9576419e+01
   4.2400000e+01   3.9128384e+02   2.3835808e+00
   4.2500000e+01   3.2228384e+02  -1.8564192e+00
   4.2600000e+01   1.6628384e+02  -1.5616419e+01
   4.2700000e+01   3.1528384e+02  -1.4576419e+01
   4.2800000e+01   3.9528384e+02   1.5223581e+01
   4.2900000e+01   4.1628384e+02   1.5383581e+01
   4.3000000e+01   3.5928384e+02   3.7663581e+01
   4.3100000e+01   2.9728384e+02  -5.1856419e+01
   4.3200000e+01   2.5628384e+02  -2.0216419e+01
   4.3300000e+01   1.2728384e+02   9.9943581e+01
   4.3400000e+01   3.2828384e+02  -3.0964192e+00
   4.3500000e+01   3.2428384e+02  -1.4936419e+01
   4.3600000e+01   2.0628384e+02  -2.0216419e+01
   4.3700000e+01   3.6328384e+02  -1.3496419e+01
   4.3800000e+01   3.5128384e+02  -2.4016419e+01
   4.3900000e+01   4.6228384e+02  -5.6456419e+01
   4.4000000e+01   2.6528384e+02  -6.3576419e+01
   4.4100000e+01   2.3228384e+02   2.0743581e+01
   4.4200000e+01   2.5728384e+02   3.7743581e+01
   4.4300000e+01   2.9028384e+02   6.3423581e+01
   4.4400000e+01   2.2528384e+02   3.7023581e+01
   4.4500000e+01   1.7928384e+02   3.2863581e+01
   4.4600000e+01   4.0728384e+02   3.7743581e+01
   4.4700000e+01   2.5728384e+02  -3.7256419e+01
   4.4800000e+01   1.9328384e+02  -9.6964192e+00
   4.4900000e+01   2.3428384e+02   6.6635808e+00
   4.5000000e+01   3.3528384e+02  -2.3764192e+00
   4.5100000e+01   3.3228384e+02   6.3743581e+01
   4.5200000e+01   3.9928384e+02   8.0635808e+00
   4.5300000e+01   2.9328384e+02   2.7303581e+01
   4.5400000e+01   3.2128384e+02   8.5183581e+01
   4.5500000e+01   3.1328384e+02   6.3503581e+01
   4.5600000e+01   3.4828384e+02   4.2103581e+01
   4.5700000e+01   2.9428384e+02   5.9263581e+01
   4.5800000e+01   3.0028384e+02  -6.9764192e+00
   4.5900000e+01   3.0428384e+02   1.2863581e+01
   4.6000000e+01   3.0728384e+02   6.3743581e+01
   4.6100000e+01   5.0628384e+02  -4.2216419e+01
   4.6200000e+01   3.2328384e+02   2.5103581e+01
   4.6300000e+01   2.6028384e+02   1.2662358e+02
   4.6400000e+01   2.6428384e+02  -1.2536419e+01
   4.6500000e+01   3.1828384e+02  -5.9696419e+01
   4.6600000e+01   2.9128384e+02   1.5138358e+02
   4.6700000e+01   1.6028384e+02  -1.9376419e+01
   4.6800000e+01   1.8628384e+02   5.5835808e+00
   4.6900000e+01   4.5428384e+02   4.1863581e+01
   4.7000000e+01   3.2628384e+02  -3.8016419e+01
   4.7100000e+01   2.4528384e+02  -2.3776419e+01
   4.7200000e+01   7.6283843e+01  -2.7016419e+01
   4.7300000e+01   3.5028384e+02  -4.3976419e+01
   4.7400000e+01   1.6228384e+02   2.3543581e+01
   4.7500000e+01   3.6028384e+02  -6.0376419e+01
   4.7600000e+01   3.6828384e+02  -6.9641921e-01
   4.7700000e+01   1.7228384e+02  -2.8564192e+00
   4.7800000e+01   4.3028384e+02  -1.7641921e-01
   4.7900000e+01   4.2228384e+02   4.6143581e+01
   4.8000000e+01   4.1328384e+02  -4.9496419e+01
   4.8100000e+01   3.1928384e+02   1.2263581e+01
   4.8200000e+01   3.5328384e+02  -2.9096419e+01
   4.8300000e+01   3.0928384e+02  -5.3364192e+00
   4.8400000e+01   2.4128384e+02   8.3835808e+00
   4.8500000e+01   2.4028384e+02  -1.2576419e+01
   4.8600000e+01   4.2828384e+02  -3.2096419e+01
   4.8700000e+01   2.4428384e+02  -1.2736419e+01
   4.8800000e+01   3.2628384e+02  -3.5016419e+01
   4.8900000e+01   1.6928384e+02   1.3263581e+01
   4.9000000e+01   4.1028384e+02   4.0623581e+01
   4.9100000e+01   3.7028384e+02  -6.2776419e+01
   4.9200000e+01   2.6228384e+02   1.5435808e+00
   4.9300000e+01   3.5228384e+02   3.8943581e+01
   4.9400000e+01   3.2328384e+02  -2.9896419e+01
   4.9500000e+01   2.2728384e+02  -3.0564192e+00
   4.9600000e+01   2.0828384e+02  -2.8296419e+01
   4.9700000e+01   3.4428384e+02  -2.3736419e+01
   4.9800000e+01   3.3328384e+02  -2.2964192e+00
   4.9900000e+01   2.2428384e+02  -4.7936419e+01
   5.0000000e+01   3.1428384e+02   3.2463581e+01
   5.0100000e+01   1.8328384e+02  -4.1296419e+01
   5.0200000e+01   2.2628384e+02   6.9835808e+00
   5.0300000e+01   2.5128384e+02  -2.2016419e+01
   5.0400000e+01   2.6528384e+02  -3.9576419e+01
   5.0500000e+01   4.4228384e+02  -3.8656419e+01
   5.0600000e+01   3.2928384e+02   1.7863581e+01
   5.0700000e+01   2.1428384e+02   9.3463581e+01
   5.0800000e+01   3.8928384e+02   5.4635808e+00
   5.0900000e+01   4.5928384e+02  -1.1336419e+01
   5.1000000e+01   2.9328384e+02  -1.3696419e+01
   5.1100000e+01   3.0728384e+02   1.7435808e+00
   5.1200000e+01   4.6528384e+02  -1.3576419e+01
   5.1300000e+01   3.5228384e+02   1.9943581e+01
   5.1400000e+01   2.6928384e+02  -5.7364192e+00
   5.1500000e+01   2.8228384e+02   3.5743581e+01
   5.1600000e+01   3.1228384e+02   9.4543581e+01
   5.1700000e+01   2.6328384e+02   9.6503581e+01
   5.1800000e+01   1.8228384e+02   2.0743581e+01
   5.1900000e+01   2.1428384e+02   4.7463581e+01
   5.2000000e+01   1.9628384e+02   1.4183581e+01
   5.2100000e+01   2.5628384e+02  -2.6216419e+01
   5.2200000e+01   3.8128384e+02   5.4783581e+01
   5.2300000e+01   1.8128384e+02  -2.3216419e+01
   5.2400000e+01   2.6528384e+02  -4.0576419e+01
   5.2500000e+01   4.7828384e+02  -3.5096419e+01
   5.2600000e+01   2.2128384e+02   3.2183581e+01
   5.2700000e+01   4.9228384e+02  -2.7656419e+01
   5.2800000e+01   3.3828384e+02  -4.6496419e+01
   5.2900000e+01   2.1228384e+02   4.5543581e+01
   5.3000000e+01   2.1228384e+02   1.0543581e+01
   5.3100000e+01   1.7428384e+02  -2.9364192e+00
   5.3200000e+01   1.5328384e+02  -1.0964192e+00
   5.3300000e+01   2.9028384e+02   5.4235808e+00
   5.3400000e+01   2.1028384e+02  -4.3764192e+00
   5.3500000e+01   1.3228384e+02   7.8743581e+01
   5.3600000e+01   1.7828384e+02  -4.0096419e+01
   5.3700000e+01   4.3228384e+02   6.7435808e+00
   5.3800000e+01   3.8128384e+02   5.9783581e+01
   5.3900000e+01   2.8528384e+02   2.5623581e+01
   5.4000000e+01   2.8828384e+02   1.7503581e+01
   5.4100000e+01   1.7828384e+02   2.8903581e+01
   5.4200000e+01   2.7428384e+02   3.4063581e+01
   5.4300000e+01   3.6728384e+02   8.9343581e+01
   5.4400000e+01   4.2128384e+02  -1.8816419e+01
   5.4500000e+01   2.4528384e+02   3.1223581e+01
   5.4600000e+01   3.1028384e+02  -1.1376419e+01
   5.4700000e+01   3.9928384e+02   9.0635808e+00
   5.4800000e+01   1.6728384e+02   2.9343581e+01
   5.4900000e+01   3.3728384e+02   6.6543581e+01
   5.5000000e+01   2.4528384e+02  -7.7764192e+00
   5.5100000e+01   2.7328384e+02   5.1035808e+00
   5.5200000e+01   2.6428384e+02   3.8463581e+01
   5.5300000e+01   3.8228384e+02   3.8743581e+01
   5.5400000e+01   2.0028384e+02   3.5023581e+01
   5.5500000e+01   3.7128384e+02  -3.1816419e+01
   5.5600000e+01   3.4128384e+02   1.0383581e+01
   5.5700000e+01   3.0228384e+02   2.3943581e+01
   5.5800000e+01   1.9728384e+02   3.4143581e+01
   5.5900000e+01   2.3628384e+02   3.7583581e+01
   5.6000000e+01   2.3928384e+02   2.2463581e+01
   5.6100000e+01   1.3928384e+02   4.1463581e+01
   5.6200000e+01   3.6428384e+02   2.7463581e+01
   5.6300000e+01   3.6128384e+02   1.0758358e+02
   5.6400000e+01   2.2028384e+02   5.2223581e+01
   5.6500000e+01   4.1328384e+02   1.3503581e+01
   5.6600000e+01   1.7528384e+02  -1.6976419e+01
   5.6700000e+01   3.0228384e+02  -1.1056419e+01
   5.6800000e+01   1.5028384e+02   2.5023581e+01
   5.6900000e+01   2.5928384e+02   5.6663581e+01
   5.7000000e+01   3.6828384e+02   4.3035808e+00
   5.7100000e+01   1.9428384e+02   4.0263581e+01
   5.7200000e+01   1.3528384e+02   2.6235808e+00
   5.7300000e+01   2.5628384e+02   3.4783581e+01
   5.7400000e+01   2.4328384e+02  -4.2696419e+01
   5.7500000e+01   3.8128384e+02  -1.7216419e+01
   5.7600000e+01   3.6928384e+02   7.3263581e+01
   5.7700000e+01   2.5028384e+02  -7.9764192e+00
   5.7800000e+01   2.6428384e+02   2.1463581e+01
   5.7900000e+01   3.1528384e+02  -2.1576419e+01
   5.8000000e+01   4.0628384e+02  -1.7216419e+01
   5.8100000e+01   3.1828384e+02   8.5303581e+01
   5.8200000e+01   3.7828384e+02  -4.3096419e+01
   5.8300000e+01   2.7328384e+02   1.9103581e+01
   5.8400000e+01   1.7628384e+02  -1.2016419e+01
   5.8500000e+01   2.6728384e+02   4.6343581e+01
   5.8600000e+01   3.1728384e+02  -1.8656419e+01
   5.8700000e+01   1.2128384e+02   3.5183581e+01
   5.8800000e+01   3.5928384e+02   6.0663581e+01
   5.8900000e+01   3.0028384e+02   3.2023581e+01
   5.9000000e+01   2.8128384e+02  -1.0216419e+01
   5.9100000e+01   3.2228384e+02   6.5143581e+01
   5.9200000e+01   3.1028384e+02  -1.1376419e+01
   5.9300000e+01   2.4928384e+02   4.5063581e+01
   5.9400000e+01   2.6828384e+02  -1.4696419e+01
   5.9500000e+01   2.0528384e+02  -6.1764192e+00
   5.9600000e+01   2.7828384e+02  -1.2096419e+01
   5.9700000e+01   2.7628384e+02  -3.4016419e+01
   5.9800000e+01   3.0628384e+02   2.1783581e+01
   5.9900000e+01   2.7028384e+02  -2.2776419e+01
   6.0000000e+01   1.7828384e+02  -6.4096419e+01
   6.0100000e+01   3.5628384e+02  -3.9216419e+01
   6.0200000e+01   1.7928384e+02   4.5863581e+01
   6.0300000e+01   2.5828384e+02  -4.7296419e+01
   6.0400000e+01   4.3028384e+02  -2.2176419e+01
   6.0500000e+01   2.6528384e+02  -9.5764192e+00
   6.0600000e+01   2.5828384e+02  -1.7296419e+01
   6.0700000e+01   9.4283843e+01  -1.3736419e+01
   6.0800000e+01   1.9628384e+02   6.1835808e+00
   6.0900000e+01   3.6528384e+02  -2.0576419e+01
   6.1000000e+01   3.5928384e+02   2.2663581e+01
   6.1100000e+01   1.7128384e+02   4.1835808e+00
   6.1200000e+01   1.7528384e+02   4.1023581e+01
   6.1300000e+01   3.9428384e+02  -1.8736419e+01
   6.1400000e+01   2.2028384e+02  -3.9776419e+01
   6.1500000e+01   3.3328384e+02  -2.5296419e+01
   6.1600000e+01   3.0228384e+02  -4.0564192e+00
   6.1700000e+01   1.5828384e+02   4.7703581e+01
   6.1800000e+01   4.1428384e+02  -3.2536419e+01
   6.1900000e+01   2.4928384e+02  -2.1936419e+01
   6.2000000e+01   2.1628384e+02  -4.3616419e+01
   6.2100000e+01   3.0328384e+02  -1.9096419e+01
   6.2200000e+01   3.0728384e+02  -4.1256419e+01
   6.2300000e+01   4.9928384e+02   1.8063581e+01
   6.2400000e+01   2.9628384e+02   6.2183581e+01
   6.2500000e+01   4.5528384e+02  -3.8176419e+01
   6.2600000e+01   3.2728384e+02   5.0943581e+01
   6.2700000e+01   2.6928384e+02  -8.7364192e+00
   6.2800000e+01   2.8428384e+02  -3.2336419e+01
   6.2900000e+01   3.7028384e+02  -7.9776419e+01
   6.3000000e+01   1.5128384e+02   6.9835808e+00
   6.3100000e+01   3.1928384e+02  -3.4736419e+01
   6.3200000e+01   3.3228384e+02  -2.7256419e+01
   6.3300000e+01   2.6028384e+02  -1.9376419e+01
   6.3400000e+01   2.4528384e+02  -6.9776419e+01
   6.3500000e+01   2.9628384e+02   2.9183581e+01
   6.3600000e+01   2.5528384e+02   5.9823581e+01
   6.3700000e+01   3.8828384e+02  -4.6496419e+01
   6.3800000e+01   3.0028384e+02  -4.0976419e+01
   6.3900000e+01   4.8328384e+02   6.4703581e+01
   6.4000000e+01   2.0228384e+02   3.9435808e+00
   6.4100000e+01   3.7828384e+02  -2.0096419e+01
   6.4200000e+01   2.6228384e+02  -8.4564192e+00
   6.4300000e+01   2.0928384e+02   3.4663581e+01
   6.4400000e+01   3.5828384e+02  -5.0296419e+01
   6.4500000e+01   2.1128384e+02   5.2583581e+01
   6.4600000e+01   2.0128384e+02   1.9983581e+01
   6.4700000e+01   3.3928384e+02   4.5463581e+01
   6.4800000e+01   3.5728384e+02  -3.6256419e+01
   6.4900000e+01   2.4028384e+02   7.3423581e+01
   6.5000000e+01   2.3128384e+02   1.7783581e+01
   6.5100000e+01   1.9728384e+02   7.6143581e+01
   6.5200000e+01   2.4328384e+02  -5.6964192e+00
   6.5300000e+01   3.2228384e+02  -7.8564192e+00
   6.5400000e+01   3.2328384e+02  -2.6896419e+01
   6.5500000e+01   2.6828384e+02   1.4303581e+01
   6.5600000e+01   1.0228384e+02  -2.7056419e+01
   6.5700000e+01   2.8828384e+02  -8.4964192e+00
   6.5800000e+01   3.3828384e+02   5.0358079e-01
   6.5900000e+01   1.9428384e+02   5.7263581e+01
   6.6000000e+01   2.3628384e+02   6.5835808e+00
   6.6100000e+01   2.1028384e+02   2.3623581e+01
   6.6200000e+01   2.6928384e+02  -1.8736419e+01
   6.6300000e+01   2.6028384e+02   3.6623581e+01
   6.6400000e+01   2.6428384e+02  -2.5536419e+01
   6.6500000e+01   2.4628384e+02  -8.1641921e-01
   6.6600000e+01   3.2528384e+02   2.5023581e+01
   6.6700000e+01   2.7828384e+02  -1.6096419e+01
   6.6800000e+01   2.0928384e+02   2.0663581e+01
   6.6900000e+01   2.2128384e+02  -1.4816419e+01
   6.7000000e+01   1.6628384e+02   1.4383581e+01
   6.7100000e+01   4.5728384e+02   3.7435808e+00
   6.7200000e+01   1.8828384e+02   7.5035808e+00
   6.7300000e+01   1.6528384e+02  -1.2576419e+01
   6.7400000e+01   1.8228384e+02  -1.7256419e+01
   6.7500000e+01   1.2128384e+02   1.5183581e+01
   6.7600000e+01   2.2728384e+02   6.9435808e+00
   6.7700000e+01   4.6928384e+02  -1.8736419e+01
   6.7800000e+01   2.2728384e+02   5.4943581e+01
   6.7900000e+01   3.4928384e+02  -1.7936419e+01
   6.8000000e+01   1.4428384e+02   1.0126358e+02
   6.8100000e+01   2.1328384e+02  -1.1496419e+01
   6.8200000e+01   1.3828384e+02   3.1503581e+01
   6.8300000e+01   6.6283843e+01  -4.0616419e+01
   6.8400000e+01   3.9528384e+02   3.6223581e+01
   6.8500000e+01   3.1228384e+02  -4.2456419e+01
   6.8600000e+01   2.7828384e+02   3.4903581e+01
   6.8700000e+01   2.7228384e+02  -1.1856419e+01
   6.8800000e+01   1.8528384e+02   8.7623581e+01
   6.8900000e+01   2.3428384e+02  -1.0336419e+01
   6.9000000e+01   1.5128384e+02   6.3983581e+01
   6.9100000e+01   2.1128384e+02   2.4583581e+01
   6.9200000e+01   2.4628384e+02  -8.8164192e+00
   6.9300000e+01   2.2028384e+02   1.4223581e+01
   6.9400000e+01   3.9828384e+02  -2.8964192e+00
   6.9500000e+01   2.5128384e+02  -4.0164192e+00
   6.9600000e+01   3.2028384e+02  -5.7764192e+00
   6.9700000e+01   2.6128384e+02   1.1583581e+01
   6.9800000e+01   2.4128384e+02  -4.6164192e+00
   6.9900000e+01   2.5928384e+02   4.3663581e+01
   7.0000000e+01   2.1028384e+02  -1.3376419e+01
   7.0100000e+01   2.7328384e+02  -4.0896419e+01
   7.0200000e+01   1.7128384e+02   9.8183581e+01
   7.0300000e+01   1.5428384e+02   2.6863581e+01
   7.0400000e+01   3.5328384e+02  -2.4096419e+01
   7.0500000e+01   2.9528384e+02   5.3223581e+01
   7.0600000e+01   2.7728384e+02  -2.4056419e+01
   7.0700000e+01   8.9283843e+01  -2.0536419e+01
   7.0800000e+01   2.2428384e+02   6.0635808e+00
   7.0900000e+01   2.3428384e+02  -2.7336419e+01
   7.1000000e+01   8.4283843e+01   4.2663581e+01
   7.1100000e+01   2.3328384e+02   8.9703581e+01
   7.1200000e+01   3.7928384e+02   2.8635808e+00
   7.1300000e+01   1.6028384e+02  -3.8376419e+01
   7.1400000e+01   2.2528384e+02  -1.8976419e+01
   7.1500000e+01   4.1728384e+02  -1.7656419e+01
   7.1600000e+01   2.1528384e+02   2.9423581e+01
   7.1700000e+01   3.2728384e+02  -4.2056419e+01
   7.1800000e+01   3.8728384e+02   1.3543581e+01
   7.1900000e+01   2.1728384e+02   4.0343581e+01
   7.2000000e+01   1.6028384e+02  -1.8376419e+01
   7.2100000e+01   3.1628384e+02  -1.0616419e+01
   7.2200000e+01   3.5328384e+02   9.8903581e+01
   7.2300000e+01   2.2828384e+02  -1.5096419e+01
   7.2400000e+01   1.9328384e+02   3.6303581e+01
   7.2500000e+01   2.5228384e+02   3.9435808e+00
   7.2600000e+01   2.8128384e+02   1.1783581e+01
   7.2700000e+01   2.5928384e+02   1.8663581e+01
   7.2800000e+01   2.9228384e+02  -2.8656419e+01
   7.2900000e+01   3.0728384e+02  -2.1256419e+01
   7.3000000e+01   2.3528384e+02  -4.5376419e+01
   7.3100000e+01   1.6528384e+02   1.1423581e+01
   7.3200000e+01   2.6528384e+02   2.7423581e+01
   7.3300000e+01   3.3428384e+02   8.9663581e+01
   7.3400000e+01   2.0228384e+02  -3.0564192e+00
   7.3500000e+01   2.3528384e+02   1.4623581e+01
   7.3600000e+01   5.8528384e+02  -1.7376419e+01
   7.3700000e+01   3.3628384e+02  -3.5416419e+01
   7.3800000e+01   2.4628384e+02   1.8183581e+01
   7.3900000e+01   4.1628384e+02  -3.2616419e+01
   7.4000000e+01   2.1628384e+02  -2.7616419e+01
   7.4100000e+01   3.4928384e+02   1.9063581e+01
   7.4200000e+01   2.5228384e+02   6.9435808e+00
   7.4300000e+01   3.0228384e+02   1.9435808e+00
   7.4400000e+01   3.4728384e+02  -3.0856419e+01
   7.4500000e+01   3.4828384e+02  -2.8896419e+01
   7.4600000e+01   3.0928384e+02  -1.3336419e+01
   7.4700000e+01   3.5328384e+02   3.2903581e+01
   7.4800000e+01   3.5428384e+02  -2.0136419e+01
   7.4900000e+01   3.4928384e+02   9.0635808e+00
   7.5000000e+01   3.7828384e+02   2.5903581e+01
   7.5100000e+01   1.8128384e+02  -1.1216419e+01
   7.5200000e+01   3.5228384e+02  -2.0056419e+01
   7.5300000e+01   4.1528384e+02  -2.4576419e+01
   7.5400000e+01   2.4028384e+02   1.1042358e+02
   7.5500000e+01   1.6728384e+02   2.7343581e+01
   7.5600000e+01   2.3728384e+02   5.6543581e+01
   7.5700000e+01   2.4328384e+02   5.3035808e+00
   7.5800000e+01   4.1128384e+02   8.1583581e+01
   7.5900000e+01   3.7828384e+02   2.1903581e+01
   7.6000000e+01   2.8028384e+02   4.2823581e+01
   7.6100000e+01   3.5628384e+02   2.3783581e+01
   7.6200000e+01   3.3128384e+02   4.1783581e+01
   7.6300000e+01   3.3328384e+02  -8.2964192e+00
   7.6400000e+01   2.7428384e+02  -3.3936419e+01
   7.6500000e+01   3.3628384e+02   1.1583581e+01
   7.6600000e+01   3.4328384e+02   4.0303581e+01
   7.6700000e+01   2.1128384e+02   3.1583581e+01
   7.6800000e+01   3.4928384e+02   3.1063581e+01
   7.6900000e+01   2.8828384e+02   3.3503581e+01
   7.7000000e+01   3.3028384e+02   4.4823581e+01
   7.7100000e+01   3.4428384e+02  -1.4736419e+01
   7.7200000e+01   3.5128384e+02   2.9983581e+01
   7.7300000e+01   1.9228384e+02  -7.6564192e+00
   7.7400000e+01   3.2628384e+02   3.7983581e+01
   7.7500000e+01   2.2528384e+02  -1.3976419e+01
   7.7600000e+01   3.7128384e+02   3.3183581e+01
   7.7700000e+01   1.6828384e+02  -1.2696419e+01
   7.7800000e+01   3.7328384e+02   1.1103581e+01
   7.7900000e+01   2.7428384e+02  -6.8936419e+01
   7.8000000e+01   1.4028384e+02  -2.2576419e+01
   7.8100000e+01   3.1428384e+02  -1.9536419e+01
   7.8200000e+01   4.3028384e+02  -2.8176419e+01
   7.8300000e+01   2.9628384e+02   2.6183581e+01
   7.8400000e+01   2.2828384e+02   3.3903581e+01
   7.8500000e+01   1.2028384e+02   1.0622358e+02
   7.8600000e+01   3.7328384e+02   2.6103581e+01
   7.8700000e+01   3.8828384e+02  -6.6496419e+01
   7.8800000e+01   1.4028384e+02  -2.1576419e+01
   7.8900000e+01   1.5328384e+02   1.2903581e+01
   7.9000000e+01   1.9128384e+02  -6.6164192e+00
   7.9100000e+01   3.6428384e+02   5.6463581e+01
   7.9200000e+01   4.7428384e+02   2.6063581e+01
   7.9300000e+01   3.8728384e+02  -4.6456419e+01
   7.9400000e+01   2.3628384e+02   2.0583581e+01
   7.9500000e+01   2.7028384e+02   2.0223581e+01
   7.9600000e+01   1.7328384e+02   2.6103581e+01
   7.9700000e+01   3.5828384e+02   4.7035808e+00
   7.9800000e+01   3.2928384e+02  -1.4136419e+01
   7.9900000e+01   3.6328384e+02   6.4503581e+01
   8.0000000e+01   2.6028384e+02  -1.0376419e+01
   8.0100000e+01   2.6428384e+02   2.3463581e+01
   8.0200000e+01   3.7028384e+02   1.2235808e+00
   8.0300000e+01   3.8528384e+02   1.3623581e+01
   8.0400000e+01   1.3283843e+01   8.5503581e+01
   8.0500000e+01   1.4328384e+02  -1.6964192e+00
   8.0600000e+01   2.0528384e+02   3.1823581e+01
   8.0700000e+01   2.8428384e+02   7.0663581e+01
   8.0800000e+01   4.0528384e+02   5.3823581e+01
   8.0900000e+01   2.9828384e+02  -1.9896419e+01
   8.1000000e+01   4.1128384e+02  -6.5416419e+01
   8.1100000e+01   2.2928384e+02  -8.1364192e+00
   8.1200000e+01   3.6928384e+02  -1.8736419e+01
   8.1300000e+01   1.1828384e+02   3.1303581e+01
   8.1400000e+01   1.5428384e+02  -1.1364192e+00
   8.1500000e+01   1.7128384e+02   1.8358079e-01
   8.1600000e+01   1.6928384e+02  -4.6736419e+01
   8.1700000e+01   3.1128384e+02  -4.6416419e+01
   8.1800000e+01   1.5728384e+02  -3.8256419e+01
   8.1900000e+01   2.2328384e+02  -2.4896419e+01
   8.2000000e+01   2.6228384e+02   2.8543581e+01
   8.2100000e+01   2.4028384e+02  -2.9576419e+01
   8.2200000e+01   1.9628384e+02   2.7183581e+01
   8.2300000e+01   4.2028384e+02  -2.8776419e+01
   8.2400000e+01   1.9528384e+02   2.1223581e+01
   8.2500000e+01   3.0228384e+02  -4.4056419e+01
   8.2600000e+01   1.3528384e+02  -3.7641921e-01
   8.2700000e+01   2.6328384e+02  -9.4964192e+00
   8.2800000e+01   3.2828384e+02  -1.9096419e+01
   8.2900000e+01   1.8328384e+02  -3.4296419e+01
   8.3000000e+01   3.7128384e+02  -7.0816419e+01
   8.3100000e+01   1.7528384e+02  -1.0976419e+01
   8.3200000e+01   2.9228384e+02   1.2343581e+01
   8.3300000e+01   3.7128384e+02  -8.3816419e+01
   8.3400000e+01   3.3928384e+02   2.4463581e+01
   8.3500000e+01   3.3828384e+02  -1.8496419e+01
   8.3600000e+01   3.6228384e+02  -1.0456419e+01
   8.3700000e+01   3.1228384e+02  -3.4456419e+01
   8.3800000e+01   4.4528384e+02  -4.5776419e+01
   8.3900000e+01   2.3028384e+02  -5.2176419e+01
   8.4000000e+01   2.8128384e+02   3.6783581e+01
   8.4100000e+01   2.4828384e+02  -8.6896419e+01
   8.4200000e+01   2.5228384e+02   2.1943581e+01
   8.4300000e+01   2.1328384e+02  -9.4964192e+00
   8.4400000e+01   2.0828384e+02  -1.1296419e+01
   8.4500000e+01   3.0728384e+02  -4.6256419e+01
   8.4600000e+01   3.5128384e+02   2.7983581e+01
   8.4700000e+01   3.6928384e+02  -1.1736419e+01
   8.4800000e+01   1.1628384e+02  -1.7616419e+01
   8.4900000e+01   1.5628384e+02   3.7835808e+00
   8.5000000e+01   3.6528384e+02   2.7423581e+01
   8.5100000e+01   3.4228384e+02  -3.3656419e+01
   8.5200000e+01   1.7528384e+02  -3.9976419e+01
   8.5300000e+01   2.3328384e+02  -1.5296419e+01
   8.5400000e+01   1.5228384e+02  -6.7056419e+01
   8.5500000e+01   3.1028384e+02  -9.0376419e+01
   8.5600000e+01   2.4228384e+02  -9.6564192e+00
   8.5700000e+01   2.8328384e+02   7.0358079e-01
   8.5800000e+01   3.4328384e+02   4.0303581e+01
   8.5900000e+01   2.4428384e+02  -5.0736419e+01
   8.6000000e+01   1.7228384e+02  -6.8564192e+00
   8.6100000e+01   2.3628384e+02   5.4583581e+01
   8.6200000e+01   1.6628384e+02  -3.6616419e+01
   8.6300000e+01   1.1728384e+02   1.3343581e+01
   8.6400000e+01   4.0528384e+02   5.8235808e+00
   8.6500000e+01   3.1428384e+02  -5.3641921e-01
   8.6600000e+01   3.0528384e+02  -1.1176419e+01
   8.6700000e+01   3.7228384e+02   3.3143581e+01
   8.6800000e+01   2.0728384e+02  -1.5256419e+01
   8.6900000e+01   4.0928384e+02  -3.7336419e+01
   8.7000000e+01   1.6728384e+02  -1.6564192e+00
   8.7100000e+01   4.6283843e+01  -4.1816419e+01
   8.7200000e+01   3.3828384e+02   2.4503581e+01
   8.7300000e+01   3.7128384e+02  -7.3816419e+01
   8.7400000e+01   2.4028384e+02  -1.7576419e+01
   8.7500000e+01   2.7728384e+02   4.2943581e+01
   8.7600000e+01   3.0728384e+02  -3.5256419e+01
   8.7700000e+01   3.9728384e+02   5.7143581e+01
   8.7800000e+01   2.8283843e+01   1.5903581e+01
   8.7900000e+01   1.6028384e+02  -2.9376419e+01
   8.8000000e+01   3.6028384e+02   5.2623581e+01
   8.8100000e+01   2.6128384e+02  -2.1416419e+01
   8.8200000e+01   3.1828384e+02  -3.1696419e+01
   8.8300000e+01   3.5283843e+01  -4.4376419e+01
   8.8400000e+01   2.8428384e+02   3.4663581e+01
   8.8500000e+01   1.6628384e+02   1.0383581e+01
   8.8600000e+01   3.6128384e+02   3.3583581e+01
   8.8700000e+01   1.7728384e+02   2.3943581e+01
   8.8800000e+01   2.3328384e+02  -3.3296419e+01
   8.8900000e+01   3.0128384e+02   3.5983581e+01
   8.9000000e+01   2.3528384e+02   1.0623581e+01
   8.9100000e+01   1.6128384e+02   1.6583581e+01
   8.9200000e+01   2.0728384e+02  -2.4256419e+01
   8.9300000e+01   3.5628384e+02   9.1783581e+01
   8.9400000e+01   3.8828384e+02   1.1350358e+02
   8.9500000e+01   2.1128384e+02   1.7583581e+01
   8.9600000e+01   3.4928384e+02  -2.7936419e+01
   8.9700000e+01   4.0128384e+02   7.9983581e+01
   8.9800000e+01   1.3628384e+02  -3.4164192e+00
   8.9900000e+01   1.2028384e+02   4.7223581e+01
   9.0000000e+01   3.0028384e+02  -2.0976419e+01
   9.0100000e+01   2.4928384e+02  -4.8936419e+01
   9.0200000e+01   2.7528384e+02  -3.1976419e+01
   9.0300000e+01   3.2728384e+02  -5.4056419e+01
   9.0400000e+01   1.6428384e+02  -3.1536419e+01
   9.0500000e+01   2.1628384e+02  -1.1616419e+01
   9.0600000e+01   1.9928384e+02  -6.9364192e+00
   9.0700000e+01   1.9828384e+02   3.1035808e+00
   9.0800000e+01   2.3428384e+02   2.7663581e+01
   9.0900000e+01   2.1728384e+02  -4.1656419e+01
   9.1000000e+01   1.7728384e+02   1.6943581e+01
   9.1100000e+01   2.7728384e+02  -5.9056419e+01
   9.1200000e+01   2.9228384e+02   3.4358079e-01
   9.1300000e+01   9.0283843e+01   1.1842358e+02
   9.1400000e+01   1.7528384e+02  -5.2976419e+01
   9.1500000e+01   2.6228384e+02  -4.1456419e+01
   9.1600000e+01   3.2228384e+02   3.0143581e+01
   9.1700000e+01   2.5728384e+02   2.4743581e+01
   9.1800000e+01   2.6428384e+02   1.1463581e+01
   9.1900000e+01   9.7283843e+01   5.4143581e+01
   9.2000000e+01   3.4928384e+02  -2.9936419e+01
   9.2100000e+01   1.9528384e+02   3.0223581e+01
   9.2200000e+01   3.3028384e+02  -9.1764192e+00
   9.2300000e+01   2.3528384e+02  -6.3764192e+00
   9.2400000e+01   2.0228384e+02  -1.2056419e+01
   9.2500000e+01   1.8728384e+02  -3.8456419e+01
   9.2600000e+01   2.5728384e+02   1.6743581e+01
   9.2700000e+01   3.4228384e+02  -6.9656419e+01
   9.2800000e+01   2.2028384e+02  -3.2776419e+01
   9.2900000e+01   2.2428384e+02  -1.2936419e+01
   9.3000000e+01   3.2828384e+02  -1.3096419e+01
   9.3100000e+01   2.1728384e+02  -2.7656419e+01
   9.3200000e+01   2.6428384e+02   1.6463581e+01
   9.3300000e+01   3.3128384e+02   1.9783581e+01
   9.3400000e+01   1.7228384e+02   5.1435808e+00
   9.3500000e+01   3.0928384e+02   1.6635808e+00
   9.3600000e+01   1.8528384e+02   1.1623581e+01
   9.3700000e+01   2.9528384e+02  -1.9776419e+01
   9.3800000e+01   1.9228384e+02   5.6343581e+01
   9.3900000e+01   3.7328384e+02  -4.6896419e+01
   9.4000000e+01   1.2328384e+02  -5.8964192e+00
   9.4100000e+01   3.6028384e+02  -4.3764192e+00
   9.4200000e+01   4.9283843e+01   4.0063581e+01
   9.4300000e+01   2.2828384e+02   1.1903581e+01
   9.4400000e+01   3.2328384e+02  -1.6896419e+01
   9.4500000e+01   3.3028384e+02  -2.0176419e+01
   9.4600000e+01   2.8428384e+02   1.4663581e+01
   9.4700000e+01   2.6128384e+02  -1.3416419e+01
   9.4800000e+01   1.9828384e+02   4.5103581e+01
   9.4900000e+01   2.2828384e+02   7.3903581e+01
   9.5000000e+01   3.4828384e+02   4.1035808e+00
   9.5100000e+01   2.7028384e+02  -2.4776419e+01
   9.5200000e+01   2.4028384e+02  -4.1576419e+01
   9.5300000e+01   1.3828384e+02   2.3503581e+01
   9.5400000e+01   1.9628384e+02   3.1835808e+00
   9.5500000e+01   3.1328384e+02   5.3503581e+01
   9.5600000e+01   2.1228384e+02  -3.7456419e+01
   9.5700000e+01   2.3128384e+02   2.5783581e+01
   9.5800000e+01   1.8728384e+02  -3.5456419e+01
   9.5900000e+01   2.1728384e+02   2.3435808e+00
   9.6000000e+01   2.4428384e+02   5.2635808e+00
   9.6100000e+01   2.0228384e+02   6.9435808e+00
   9.6200000e+01   2.8328384e+02  -4.1296419e+01
   9.6300000e+01   4.5728384e+02  -4.8256419e+01
   9.6400000e+01   2.9228384e+02  -2.6656419e+01
   9.6500000e+01   2.6728384e+02  -4.9656419e+01
   9.6600000e+01   2.0628384e+02  -5.1216419e+01
   9.6700000e+01   2.5828384e+02   6.7703581e+01
   9.6800000e+01   9.2283843e+01  -4.7656419e+01
   9.6900000e+01   4.1628384e+02   4.2383581e+01
   9.7000000e+01   1.1028384e+02  -2.6376419e+01
   9.7100000e+01   2.5528384e+02  -4.7176419e+01
   9.7200000e+01   2.8928384e+02   1.4463581e+01
   9.7300000e+01   1.9328384e+02  -7.6964192e+00
   9.7400000e+01   2.4528384e+02   2.0223581e+01
   9.7500000e+01   2.4128384e+02  -6.6164192e+00
   9.7600000e+01   3.3228384e+02   3.6743581e+01
   9.7700000e+01   1.7428384e+02  -5.3936419e+01
   9.7800000e+01   2.5928384e+02   1.9663581e+01
   9.7900000e+01   1.8728384e+02   5.0543581e+01
   9.8000000e+01   2.3628384e+02   6.5835808e+00
   9.8100000e+01   1.4328384e+02  -7.6964192e+00
   9.8200000e+01   2.2028384e+02   7.2235808e+00
   9.8300000e+01   1.5428384e+02  -2.0136419e+01
   9.8400000e+01   8.8283843e+01  -2.7496419e+01
   9.8500000e+01   2.6228384e+02   3.5435808e+00
   9.8600000e+01   1.8128384e+02   5.7783581e+01
   9.8700000e+01   1.4128384e+02  -6.1641921e-01
   9.8800000e+01   1.5128384e+02  -3.9016419e+01
   9.8900000e+01   3.2728384e+02   4.1943581e+01
   9.9000000e+01   1.1528384e+02   1.8423581e+01
   9.9100000e+01   2.5428384e+02  -7.1364192e+00
   9.9200000e+01   4.6283843e+01  -8.1641921e-01
   9.9300000e+01   1.7328384e+02   1.7103581e+01
   9.9400000e+01   1.2328384e+02   5.1035808e+00
   9.9500000e+01   3.1828384e+02  -1.4696419e+01
   9.9600000e+01   2.9128384e+02   1.6383581e+01
   9.9700000e+01   2.1928384e+02  -9.7364192e+00
   9.9800000e+01   1.6928384e+02   3.2635808e+00
   9.9900000e+01   2.1228384e+02   3.5543581e+01
   1.0000000e+02   1.2628384e+02   8.5983581e+01
   1.0010000e+02   2.4728384e+02  -5.5856419e+01
   1.0020000e+02   1.9328384e+02  -1.7696419e+01
   1.0030000e+02   2.0028384e+02  -3.8976419e+01
   1.0040000e+02   2.1128384e+02  -3.2416419e+01
   1.0050000e+02   1.1328384e+02  -5.4964192e+00
   1.0060000e+02   5.1528384e+02  -7.2576419e+01
   1.0070000e+02   1.7228384e+02   7.1435808e+00
   1.0080000e+02   2.1928384e+02  -5.7736419e+01
   1.0090000e+02   2.2928384e+02   2.8635808e+00
   1.0100000e+02   3.7928384e+02  -3.6136419e+01
   1.0110000e+02   3.6328384e+02  -3.5496419e+01
   1.0120000e+02   2.5128384e+02  -1.2016419e+01
   1.0130000e+02   1.8428384e+02  -1.3336419e+01
   1.0140000e+02   2.1828384e+02   5.3035808e+00
   1.0150000e+02   1.8528384e+02   3.6235808e+00
   1.0160000e+02   2.0428384e+02  -2.6136419e+01
   1.0170000e+02   3.5028384e+02   1.7023581e+01
   1.0180000e+02   3.3128384e+02  -1.0216419e+01
   1.0190000e+02   1.5828384e+02  -4.8296419e+01
   1.0200000e+02   2.8528384e+02   1.5623581e+01
   1.0210000e+02   2.7228384e+02   4.2143581e+01
   1.0220000e+02   1.2528384e+02  -2.3976419e+01
   1.0230000e+02   3.0728384e+02  -2.0256419e+01
   1.0240000e+02   2.6528384e+02   4.9423581e+01
   1.0250000e+02   1.2128384e+02   3.1835808e+00
   1.0260000e+02   3.2828384e+02  -2.3096419e+01
   1.0270000e+02   2.6228384e+02  -6.4456419e+01
   1.0280000e+02   1.2428384e+02   4.8063581e+01
   1.0290000e+02   1.8828384e+02  -1.6496419e+01
   1.0300000e+02   4.0728384e+02   2.7435808e+00
   1.0310000e+02   2.5228384e+02   9.9435808e+00
   1.0320000e+02   1.3828384e+02  -1.1496419e+01
   1.0330000e+02   4.8328384e+02   4.1703581e+01
   1.0340000e+02   2.3828384e+02   1.5503581e+01
   1.0350000e+02   7.2283843e+01   3.6143581e+01
   1.0360000e+02   3.8628384e+02  -6.1416419e+01
   1.0370000e+02   2.9028384e+02  -8.5764192e+00
   1.0380000e+02   1.6628384e+02  -3.1616419e+01
   1.0390000e+02   8.0283843e+01  -3.1176419e+01
   1.0400000e+02   1.6528384e+02  -5.9576419e+01
   1.0410000e+02   1.9128384e+02   4.6383581e+01
   1.0420000e+02   1.7628384e+02  -2.8016419e+01
   1.0430000e+02   2.6728384e+02  -3.3656419e+01
   1.0440000e+02   1.8928384e+02   6.8463581e+01
   1.0450000e+02   2.8728384e+02  -5.3456419e+01
   1.0460000e+02   1.0228384e+02   3.6943581e+01
   1.0470000e+02   2.3028384e+02  -4.0176419e+01
   1.0480000e+02   2.9828384e+02   5.2103581e+01
   1.0490000e+02   2.2828384e+02  -2.2096419e+01
   1.0500000e+02   2.8328384e+02  -7.2964192e+00
   1.0510000e+02   1.6528384e+02   2.0423581e+01
   1.0520000e+02   3.6628384e+02  -3.2616419e+01
   1.0530000e+02   1.4228384e+02  -7.6564192e+00
   1.0540000e+02   1.8928384e+02  -3.5364192e+00
   1.0550000e+02   1.6528384e+02   2.7423581e+01
   1.0560000e+02   2.7628384e+02  -1.8016419e+01
   1.0570000e+02   1.9528384e+02  -9.7764192e+00
   1.0580000e+02   1.9428384e+02   8.2635808e+00
   1.0590000e+02   3.5328384e+02   1.9035808e+00
   1.0600000e+02   2.4428384e+02  -9.7364192e+00
   1.0610000e+02   2.5428384e+02   1.9863581e+01
   1.0620000e+02   2.3828384e+02   1.7503581e+01
   1.0630000e+02   4.1028384e+02   2.0623581e+01
   1.0640000e+02   4.5283843e+01   7.4223581e+01
   1.0650000e+02   1.4628384e+02  -3.3816419e+01
   1.0660000e+02   4.9828384e+02  -1.9896419e+01
   1.0670000e+02   2.1528384e+02   2.2423581e+01
   1.0680000e+02   1.7528384e+02  -2.1976419e+01
   1.0690000e+02   3.7828384e+02   1.3903581e+01
   1.0700000e+02   2.9228384e+02   2.9343581e+01
   1.0710000e+02   2.9628384e+02   6.5183581e+01
   1.0720000e+02   3.2028384e+02  -4.9776419e+01
   1.0730000e+02   3.3628384e+02   2.2583581e+01
   1.0740000e+02   3.7828384e+02  -3.3096419e+01
   1.0750000e+02   3.1328384e+02   5.2503581e+01
   1.0760000e+02   3.3728384e+02  -5.1456419e+01
   1.0770000e+02   1.9528384e+02   7.8223581e+01
   1.0780000e+02   3.1028384e+02  -2.1376419e+01
   1.0790000e+02   3.0628384e+02   7.8358079e-01
   1.0800000e+02   2.2728384e+02   1.3943581e+01
   1.0810000e+02   2.2428384e+02   1.8063581e+01
   1.0820000e+02   2.4428384e+02  -3.8736419e+01
   1.0830000e+02   2.4328384e+02   5.3035808e+00
   1.0840000e+02   1.2928384e+02   6.8863581e+01
   1.0850000e+02   1.8228384e+02  -4.9256419e+01
   1.0860000e+02   3.2328384e+02  -1.1896419e+01
   1.0870000e+02   2.6528384e+02  -5.7641921e-01
   1.0880000e+02   3.3828384e+02  -1.5496419e+01
   1.0890000e+02   2.5228384e+02   2.4943581e+01
   1.0900000e+02   3.1328384e+02  -4.9641921e-01
   1.0910000e+02   2.9428384e+02   6.1263581e+01
   1.0920000e+02   3.3728384e+02  -3.4564192e+00
   1.0930000e+02   2.7328384e+02  -2.9896419e+01
   1.0940000e+02   1.2228384e+02   3.1143581e+01
   1.0950000e+02   2.4128384e+02  -7.6164192e+00
   1.0960000e+02   3.3428384e+02  -1.9336419e+01
   1.0970000e+02   3.3328384e+02  -1.1296419e+01
   1.0980000e+02   2.4628384e+02  -2.8164192e+00
   1.0990000e+02   2.9128384e+02   9.3835808e+00
   1.1000000e+02   2.4028384e+02   3.4235808e+00
   1.1010000e+02   3.7028384e+02   1.2235808e+00
   1.1020000e+02   2.9828384e+02   8.1035808e+00
   1.1030000e+02   3.2128384e+02  -8.1641921e-01
   1.1040000e+02   2.8928384e+02  -2.1536419e+01
   1.1050000e+02   2.8228384e+02  -2.2564192e+00
   1.1060000e+02   2.4828384e+02  -2.3896419e+01
   1.1070000e+02   2.0128384e+02  -5.0164192e+00
   1.1080000e+02   2.6628384e+02   3.9383581e+01
   1.1090000e+02   2.7628384e+02   7.9835808e+00
   1.1100000e+02   2.5828384e+02  -6.0296419e+01
   1.1110000e+02   3.3528384e+02   6.6623581e+01
   1.1120000e+02   3.2228384e+02   1.3143581e+01
   1.1130000e+02   2.2428384e+02   2.1063581e+01
   1.1140000e+02   2.6328384e+02   8.5035808e+00
   1.1150000e+02   1.4928384e+02  -2.9364192e+00
   1.1160000e+02   3.4228384e+02   4.7343581e+01
   1.1170000e+02   2.8928384e+02  -2.0536419e+01
   1.1180000e+02   1.1528384e+02   1.4235808e+00
   1.1190000e+02   1.8728384e+02  -1.1456419e+01
   1.1200000e+02   1.9128384e+02  -6.6164192e+00
   1.1210000e+02   3.4028384e+02  -2.6576419e+01
   1.1220000e+02   2.1428384e+02   3.2463581e+01
   1.1230000e+02   2.5728384e+02   3.9743581e+01
   1.1240000e+02   3.3028384e+02  -2.9176419e+01
   1.1250000e+02   3.8028384e+02  -3.6176419e+01
   1.1260000e+02   3.5928384e+02  -2.5336419e+01
   1.1270000e+02   2.4528384e+02   1.5223581e+01
   1.1280000e+02   3.2328384e+02  -4.6896419e+01
   1.1290000e+02   2.4028384e+02   9.4235808e+00
   1.1300000e+02   2.0728384e+02   1.5743581e+01
   1.1310000e+02   1.5628384e+02  -4.5216419e+01
   1.1320000e+02   2.6028384e+02  -1.9376419e+01
   1.1330000e+02   1.8128384e+02  -5.4216419e+01
   1.1340000e+02   3.9028384e+02   3.3423581e+01
   1.1350000e+02   2.2628384e+02   6.9835808e+00
   1.1360000e+02   2.0728384e+02   4.2743581e+01
   1.1370000e+02   3.4728384e+02   5.1435808e+00
   1.1380000e+02   2.4828384e+02   2.1035808e+00
   1.1390000e+02   4.4828384e+02  -4.8964192e+00
   1.1400000e+02   3.1728384e+02   2.7343581e+01
   1.1410000e+02   2.4928384e+02   1.4063581e+01
   1.1420000e+02   3.9828384e+02  -1.8964192e+00
   1.1430000e+02   2.0928384e+02  -1.1336419e+01
   1.1440000e+02   1.6028384e+02  -5.3764192e+00
   1.1450000e+02   2.0728384e+02   6.7435808e+00
   1.1460000e+02   1.9428384e+02   4.1263581e+01
   1.1470000e+02   3.2728384e+02  -5.0564192e+00
   1.1480000e+02   1.9328384e+02  -9.6964192e+00
   1.1490000e+02   2.5428384e+02   8.8635808e+00
   1.1500000e+02   1.6428384e+02   8.4463581e+01
   1.1510000e+02   3.6128384e+02   1.5583581e+01
   1.1520000e+02   2.7728384e+02  -3.9056419e+01
   1.1530000e+02   2.7628384e+02  -1.8016419e+01
   1.1540000e+02   4.1628384e+02  -7.0616419e+01
   1.1550000e+02   2.8328384e+02   8.7035808e+00
   1.1560000e+02   1.6028384e+02   2.6235808e+00
   1.1570000e+02   2.9528384e+02   3.6223581e+01
   1.1580000e+02   1.1028384e+02   6.2358079e-01
   1.1590000e+02   2.5828384e+02  -2.9296419e+01
   1.1600000e+02   2.5728384e+02   4.0743581e+01
   1.1610000e+02   4.0228384e+02   9.9435808e+00
   1.1620000e+02   2.2728384e+02   2.9435808e+00
   1.1630000e+02   2.0128384e+02  -3.3016419e+01
   1.1640000e+02   1.9328384e+02  -2.6964192e+00
   1.1650000e+02   1.0728384e+02   3.7435808e+00
   1.1660000e+02   1.8628384e+02  -3.0416419e+01
   1.1670000e+02   1.2528384e+02   1.6023581e+01
   1.1680000e+02   3.0728384e+02   1.8743581e+01
   1.1690000e+02   9.6283843e+01  -1.6816419e+01
   1.1700000e+02   1.3028384e+02  -4.9176419e+01
   1.1710000e+02   2.8528384e+02  -1.9376419e+01
   1.1720000e+02   1.6828384e+02   4.6303581e+01
   1.1730000e+02   2.3028384e+02   2.1823581e+01
   1.1740000e+02   1.5728384e+02  -1.8256419e+01
   1.1750000e+02   1.6028384e+02  -2.6376419e+01
   1.1760000e+02   2.5283843e+01  -2.0976419e+01
   1.1770000e+02   2.1028384e+02  -5.8376419e+01
   1.1780000e+02   2.1828384e+02  -3.7696419e+01
   1.1790000e+02   2.8428384e+02  -5.3336419e+01
   1.1800000e+02   1.7728384e+02  -4.5056419e+01
   1.1810000e+02   2.2528384e+02  -2.3976419e+01
   1.1820000e+02   2.2228384e+02  -2.6856419e+01
   1.1830000e+02   3.9028384e+02  -1.6576419e+01
   1.1840000e+02   2.2128384e+02  -9.8164192e+00
   1.1850000e+02   2.5128384e+02  -3.0016419e+01
   1.1860000e+02   2.5428384e+02  -3.7136419e+01
   1.1870000e+02   1.4928384e+02   5.0063581e+01
   1.1880000e+02   1.6928384e+02   2.7263581e+01
   1.1890000e+02   2.3728384e+02   2.5435808e+00
   1.1900000e+02   1.8128384e+02  -2.3216419e+01
   1.1910000e+02   3.5828384e+02  -2.5296419e+01
   1.1920000e+02   2.3428384e+02  -1.8336419e+01
   1.1930000e+02   2.4128384e+02  -4.8616419e+01
   1.1940000e+02   2.6028384e+02  -1.7376419e+01
   1.1950000e+02   2.1728384e+02   8.0343581e+01
   1.1960000e+02   3.6528384e+02   3.7423581e+01
   1.1970000e+02   7.1028384e+02  -1.3376419e+01
   1.1980000e+02   5.5328384e+02   5.9035808e+00
   1.1990000e+02   6.7128384e+02  -1.3816419e+01
   1.2000000e+02   3.3528384e+02  -4.3764192e+00
   1.2010000e+02   2.6128384e+02  -6.4164192e+00
   1.2020000e+02   2.3428384e+02  -6.1336419e+01
   1.2030000e+02   2.3828384e+02   2.5035808e+00
   1.2040000e+02   1.5028384e+02   1.6023581e+01
   1.2050000e+02   3.9328384e+02   1.1303581e+01
   1.2060000e+02   1.8928384e+02   2.0463581e+01
   1.2070000e+02   2.1228384e+02  -3.4456419e+01
   1.2080000e+02   2.8028384e+02   8.3823581e+01
   1.2090000e+02   4.4328384e+02  -1.6964192e+00
   1.2100000e+02   2.1028384e+02  -7.3764192e+00
   1.2110000e+02   1.7528384e+02  -9.7641921e-01
   1.2120000e+02   2.5328384e+02  -1.6096419e+01
   1.2130000e+02   3.2028384e+02   1.9223581e+01
   1.2140000e+02   2.9828384e+02  -1.3896419e+01
   1.2150000e+02   3.1428384e+02   3.4635808e+00
   1.2160000e+02   3.2028384e+02  -3.5776419e+01
   1.2170000e+02   2.1028384e+02   2.2623581e+01
   1.2180000e+02   2.8428384e+02   9.3663581e+01
   1.2190000e+02   3.4928384e+02   4.9063581e+01
   1.2200000e+02   3.0728384e+02  -8.2564192e+00
   1.2210000e+02   3.5328384e+02  -9.6419214e-02
   1.2220000e+02   2.1828384e+02  -2.6964192e+00
   1.2230000e+02   2.7828384e+02  -1.1096419e+01
   1.2240000e+02   2.3728384e+02   5.5435808e+00
   1.2250000e+02   2.7128384e+02  -1.7816419e+01
   1.2260000e+02   3.2728384e+02  -1.0056419e+01
   1.2270000e+02   2.0428384e+02   1.2863581e+01
   1.2280000e+02   2.3228384e+02   5.7435808e+00
   1.2290000e+02   3.0428384e+02  -3.9136419e+01
   1.2300000e+02   2.1728384e+02   5.3435808e+00
   1.2310000e+02   2.9228384e+02   1.4343581e+01
   1.2320000e+02   2.7928384e+02  -2.1364192e+00
   1.2330000e+02   2.8528384e+02   5.9623581e+01
   1.2340000e+02   3.5528384e+02  -2.9176419e+01
   1.2350000e+02   3.6828384e+02   5.4303581e+01
   1.2360000e+02   2.0228384e+02   6.9435808e+00
   1.2370000e+02   3.0728384e+02  -1.5256419e+01
   1.2380000e+02   2.1528384e+02   3.7423581e+01
   1.2390000e+02   4.6028384e+02   3.7623581e+01
   1.2400000e+02   3.3428384e+02   1.4663581e+01
   1.2410000e+02   1.8428384e+02   1.5663581e+01
   1.2420000e+02   2.5628384e+02   5.2783581e+01
   1.2430000e+02   3.2728384e+02   1.9435808e+00
   1.2440000e+02   1.0428384e+02   7.8635808e+00
   1.2450000e+02   3.7428384e+02  -1.2936419e+01
   1.2460000e+02   1.7028384e+02   3.4223581e+01
   1.2470000e+02   2.5828384e+02   1.1703581e+01
   1.2480000e+02   2.7328384e+02   8.1035808e+00
   1.2490000e+02   1.6028384e+02   1.5623581e+01
   1.2500000e+02   3.2628384e+02   4.9835808e+00
   1.2510000e+02   2.5728384e+02   9.7435808e+00
   1.2520000e+02   2.9128384e+02   3.4383581e+01
   1.2530000e+02   2.0428384e+02   2.8635808e+00
   1.2540000e+02   2.0128384e+02   9.9835808e+00
   1.2550000e+02   1.9728384e+02   2.4143581e+01
   1.2560000e+02   2.6428384e+02   5.4463581e+01
   1.2570000e+02   3.9928384e+02  -1.4936419e+01
   1.2580000e+02   2.9928384e+02  -2.9364192e+00
   1.2590000e+02   2.1228384e+02   3.5543581e+01
   1.2600000e+02   1.9428384e+02  -4.1736419e+01
   1.2610000e+02   1.7728384e+02   3.7943581e+01
   1.2620000e+02   1.2028384e+02   2.2235808e+00
   1.2630000e+02   3.2428384e+02  -2.8936419e+01
   1.2640000e+02   2.8328384e+02   8.9703581e+01
   1.2650000e+02   9.8283843e+01   6.6103581e+01
   1.2660000e+02   2.8128384e+02  -1.1216419e+01
   1.2670000e+02   2.5928384e+02   6.8663581e+01
   1.2680000e+02   1.9328384e+02   1.1303581e+01
   1.2690000e+02   3.2028384e+02   1.8223581e+01
   1.2700000e+02   1.3828384e+02  -2.7496419e+01
   1.2710000e+02   1.9428384e+02  -7.3736419e+01
   1.2720000e+02   2.0828384e+02  -7.2964192e+00
   1.2730000e+02   2.5228384e+02   9.9435808e+00
   1.2740000e+02   2.2128384e+02   1.7183581e+01
   1.2750000e+02   3.2228384e+02  -3.8856419e+01
   1.2760000e+02   3.7028384e+02   1.4223581e+01
   1.2770000e+02   5.1828384e+02   5.3035808e+00
   1.2780000e+02   8.3283843e+01  -1.0296419e+01
   1.2790000e+02   2.0028384e+02   3.0235808e+00
   1.2800000e+02   2.2028384e+02   4.7223581e+01
   1.2810000e+02   2.7628384e+02   2.5983581e+01
   1.2820000e+02   2.6328384e+02  -3.1496419e+01
   1.2830000e+02   2.4328384e+02   1.4303581e+01
   1.2840000e+02   2.9428384e+02   2.2263581e+01
   1.2850000e+02   4.4528384e+02   4.0223581e+01
   1.2860000e+02   2.6128384e+02  -6.4164192e+00
   1.2870000e+02   1.4328384e+02   1.7303581e+01
   1.2880000e+02   4.1428384e+02   3.5463581e+01
   1.2890000e+02   1.7228384e+02  -1.8564192e+00
   1.2900000e+02   2.4128384e+02  -2.3616419e+01
   1.2910000e+02   2.1283843e+01  -4.6816419e+01
   1.2920000e+02   1.0428384e+02  -5.1364192e+00
   1.2930000e+02   1.7928384e+02  -5.1364192e+00
   1.2940000e+02   1.9928384e+02  -1.6936419e+01
   1.2950000e+02   1.8628384e+02  -2.3416419e+01
   1.2960000e+02   8.4283843e+01   5.7663581e+01
   1.2970000e+02   2.3528384e+02  -3.0376419e+01
   1.2980000e+02   1.2028384e+02   6.4223581e+01
   1.2990000e+02   1.4828384e+02   5.1035808e+00
   1.3000000e+02   2.5328384e+02  -2.7096419e+01
   1.3010000e+02   3.1028384e+02  -1.4376419e+01
   1.3020000e+02   2.3228384e+02  -7.2564192e+00
   1.3030000e+02   1.0828384e+02   1.2703581e+01
   1.3040000e+02   4.0428384e+02   2.5863581e+01
   1.3050000e+02   3.6528384e+02   8.4423581e+01
   1.3060000e+02   3.1028384e+02  -4.4376419e+01
   1.3070000e+02   8.3283843e+01  -2.2964192e+00
   1.3080000e+02   3.7028384e+02   6.2235808e+00
   1.3090000e+02   2.8528384e+02  -2.1376419e+01
   1.3100000e+02   2.4028384e+02  -7.5764192e+00
   1.3110000e+02   3.3528384e+02   3.5623581e+01
   1.3120000e+02   4.9228384e+02   3.3435808e+00
   1.3130000e+02   1.1328384e+02   4.3503581e+01
   1.3140000e+02   1.5828384e+02  -1.9296419e+01
   1.3150000e+02   2.2528384e+02  -1.8976419e+01
   1.3160000e+02   3.4928384e+02  -1.4936419e+01
   1.3170000e+02   2.1228384e+02  -3.7456419e+01
   1.3180000e+02   2.0128384e+02   9.9835808e+00
   1.3190000e+02   4.0528384e+02  -3.8176419e+01
   1.3200000e+02   2.8228384e+02  -4.5256419e+01
   1.3210000e+02   1.5328384e+02   2.9035808e+00
   1.3220000e+02   1.9128384e+02   1.7383581e+01
   1.3230000e+02   2.7928384e+02   5.0863581e+01
   1.3240000e+02   4.5283843e+01  -1.8776419e+01
   1.3250000e+02   9.8283843e+01  -4.1896419e+01
   1.3260000e+02   4.3628384e+02   3.5583581e+01
   1.3270000e+02   1.7328384e+02  -2.5896419e+01
   1.3280000e+02   5.7283843e+01   1.6743581e+01
   1.3290000e+02   1.7328384e+02  -2.4896419e+01
   1.3300000e+02   2.4428384e+02  -7.3641921e-01
   1.3310000e+02   2.8228384e+02   3.7435808e+00
   1.3320000e+02   3.1928384e+02  -2.5736419e+01
   1.3330000e+02   1.9828384e+02  -1.4896419e+01
   1.3340000e+02   1.1328384e+02   2.0503581e+01
   1.3350000e+02   2.8228384e+02  -3.9256419e+01
   1.3360000e+02   2.3728384e+02  -5.7456419e+01
   1.3370000e+02   4.6028384e+02  -2.5376419e+01
   1.3380000e+02   2.4628384e+02   1.4183581e+01
   1.3390000e+02   1.5628384e+02  -3.5216419e+01
   1.3400000e+02   2.2828384e+02   2.8903581e+01
   1.3410000e+02   2.9228384e+02  -1.1656419e+01
   1.3420000e+02   2.4328384e+02  -4.4696419e+01
   1.3430000e+02   1.9628384e+02   5.0183581e+01
   1.3440000e+02   1.5628384e+02   1.8783581e+01
   1.3450000e+02   2.2728384e+02  -1.0056419e+01
   1.3460000e+02   2.6928384e+02   2.5263581e+01
   1.3470000e+02   2.2328384e+02   1.4103581e+01
   1.3480000e+02   2.0628384e+02  -2.1216419e+01
   1.3490000e+02   2.7028384e+02   3.1223581e+01
   1.3500000e+02   4.8328384e+02  -1.7296419e+01
   1.3510000e+02   2.4028384e+02   2.6423581e+01
   1.3520000e+02   2.3428384e+02   2.6663581e+01
   1.3530000e+02   8.8283843e+01  -2.3496419e+01
   1.3540000e+02   1.5928384e+02  -1.5336419e+01
   1.3550000e+02   4.0128384e+02   7.0983581e+01
   1.3560000e+02   2.4028384e+02   2.6423581e+01
   1.3570000e+02   1.3628384e+02   7.7583581e+01
   1.3580000e+02   2.5528384e+02   8.2358079e-01
   1.3590000e+02   1.0828384e+02  -3.5296419e+01
   1.3600000e+02   2.7828384e+02  -7.0964192e+00
   1.3610000e+02   3.0728384e+02   1.4743581e+01
   1.3620000e+02   1.8428384e+02   1.8663581e+01
   1.3630000e+02   1.2928384e+02   3.3863581e+01
   1.3640000e+02   2.7328384e+02   7.2103581e+01
   1.3650000e+02   2.7828384e+02   6.9903581e+01
   1.3660000e+02   3.0628384e+02   7.9783581e+01
   1.3670000e+02   1.7928384e+02  -1.9136419e+01
   1.3680000e+02   1.9628384e+02   3.7183581e+01
   1.3690000e+02   8.4283843e+01   5.0663581e+01
   1.3700000e+02   1.4028384e+02  -2.6576419e+01
   1.3710000e+02   2.1228384e+02   4.5543581e+01
   1.3720000e+02   1.9928384e+02  -3.9936419e+01
   1.3730000e+02   1.6728384e+02  -2.3656419e+01
   1.3740000e+02   1.2728384e+02  -3.6056419e+01
   1.3750000e+02   2.4428384e+02   3.5263581e+01
   1.3760000e+02   3.5428384e+02  -5.1136419e+01
   1.3770000e+02   2.6428384e+02  -9.5364192e+00
   1.3780000e+02   1.3628384e+02  -1.4164192e+00
   1.3790000e+02   2.4928384e+02  -1.3936419e+01
   1.3800000e+02   3.1028384e+02  -4.6376419e+01
   1.3810000e+02   2.4228384e+02  -6.1656419e+01
   1.3820000e+02   2.8628384e+02   1.1583581e+01
   1.3830000e+02   1.8428384e+02  -6.0336419e+01
   1.3840000e+02   2.6928384e+02  -3.3736419e+01
   1.3850000e+02   2.3728384e+02   1.3543581e+01
   1.3860000e+02   1.7928384e+02   6.8635808e+00
   1.3870000e+02   2.0728384e+02  -4.5256419e+01
   1.3880000e+02   2.2728384e+02  -2.0056419e+01
   1.3890000e+02   3.6528384e+02  -3.5576419e+01
   1.3900000e+02   3.1028384e+02  -3.0376419e+01
   1.3910000e+02   1.4028384e+02  -3.6576419e+01
   1.3920000e+02   2.0828384e+02   7.0703581e+01
   1.3930000e+02   2.6428384e+02   3.7463581e+01
   1.3940000e+02   2.1128384e+02  -3.4164192e+00
   1.3950000e+02   3.3528384e+02  -3.5376419e+01
   1.3960000e+02   2.6528384e+02  -1.0576419e+01
   1.3970000e+02   1.9028384e+02   2.5423581e+01
   1.3980000e+02   2.3328384e+02   1.1570358e+02
   1.3990000e+02   2.0528384e+02  -7.1764192e+00
   1.4000000e+02   3.1728384e+02  -1.1656419e+01
   1.4010000e+02   1.8228384e+02   7.3743581e+01
   1.4020000e+02   3.1528384e+02  -4.4576419e+01
   1.4030000e+02   2.7828384e+02  -3.1096419e+01
   1.4040000e+02   3.2928384e+02   5.8635808e+00
   1.4050000e+02   3.5528384e+02   8.2358079e-01
   1.4060000e+02   1.6628384e+02   3.8358079e-01
   1.4070000e+02   3.5283843e+01   3.2623581e+01
   1.4080000e+02  -2.7716157e+01   1.9143581e+01
   1.4090000e+02   3.4283843e+01  -3.8336419e+01
   1.4100000e+02   4.0283843e+01   1.2423581e+01
   1.4110000e+02   6.7283843e+01  -1.6564192e+00
   1.4120000e+02   4.4283843e+01   2.3263581e+01
   1.4130000e+02   1.3283843e+01  -1.2496419e+01
   1.4140000e+02  -7.3716157e+01   5.2983581e+01
   1.4150000e+02  -9.4716157e+01   1.0823581e+01
   1.4160000e+02   3.4283843e+01  -1.7336419e+01
   1.4170000e+02   8.9283843e+01   6.4635808e+00
   1.4180000e+02  -4.6716157e+01  -1.5096419e+01
   1.4190000e+02   1.2283843e+01   2.5435808e+00
   1.4200000e+02  -3.2716157e+01  -1.5656419e+01
   1.4210000e+02  -7.7161572e+00   2.5343581e+01
   1.4220000e+02   4.0283843e+01   2.4235808e+00
   1.4230000e+02   5.3283843e+01   8.9035808e+00
   1.4240000e+02   9.2838428e+00   2.5663581e+01
   1.4250000e+02   1.1283843e+01  -2.8416419e+01
   1.4260000e+02  -1.4716157e+01   6.6623581e+01
   1.4270000e+02  -1.2716157e+01  -2.9456419e+01
   1.4280000e+02   1.2283843e+01   1.0543581e+01
   1.4290000e+02   1.0283843e+01  -3.4376419e+01
   1.4300000e+02  -7.8716157e+01   3.2183581e+01
   1.4310000e+02  -1.1716157e+01   2.1503581e+01
   1.4320000e+02  -1.0371616e+02  -1.2816419e+01
   1.4330000e+02  -1.5716157e+01   5.9663581e+01
   1.4340000e+02  -4.2716157e+01  -2.1256419e+01
   1.4350000e+02  -7.7161572e+00   4.3435808e+00
   1.4360000e+02  -1.5716157e+01   1.2663581e+01
   1.4370000e+02   9.9283843e+01  -8.9364192e+00
   1.4380000e+02   1.0283843e+01   2.3623581e+01
   1.4390000e+02   5.5283843e+01   1.0823581e+01
   1.4400000e+02   4.9283843e+01   4.8063581e+01
   1.4410000e+02   6.7283843e+01  -3.7656419e+01
   1.4420000e+02   2.8384279e-01   1.9023581e+01
   1.4430000e+02  -3.5716157e+01   3.0463581e+01
   1.4440000e+02  -8.0716157e+01   6.6263581e+01
   1.4450000e+02   1.0628384e+02  -5.5216419e+01
   1.4460000e+02  -3.1716157e+01  -1.1696419e+01
   1.4470000e+02   6.0283843e+01  -2.0376419e+01
   1.4480000e+02  -3.2716157e+01  -3.6564192e+00
   1.4490000e+02   7.4283843e+01  -3.2936419e+01
   1.4500000e+02  -8.7161572e+00   4.9383581e+01
   1.4510000e+02  -3.0716157e+01  -8.7364192e+00
   1.4520000e+02   1.1428384e+02   1.9463581e+01
   1.4530000e+02  -3.1716157e+01   1.2303581e+01
   1.4540000e+02  -4.8716157e+01   2.1983581e+01
   1.4550000e+02  -3.6716157e+01  -5.6496419e+01
   1.4560000e+02   6.8283843e+01   2.7303581e+01
   1.4570000e+02   9.2838428e+00  -3.9336419e+01
   1.4580000e+02   1.2838428e+00  -3.2016419e+01
   1.4590000e+02  -3.2716157e+01   3.2343581e+01
   1.4600000e+02   1.0283843e+01   3.4623581e+01
   1.4610000e+02  -2.0716157e+01  -2.1364192e+00
   1.4620000e+02   5.8283843e+01  -8.2964192e+00
   1.4630000e+02   6.8283843e+01   5.3035808e+00
   1.4640000e+02   8.7283843e+01  -2.1456419e+01
   1.4650000e+02   3.7283843e+01   2.2543581e+01
   1.4660000e+02   8.8283843e+01   8.5035808e+00
   1.4670000e+02   5.0283843e+01  -2.9764192e+00
   1.4680000e+02   5.3283843e+01  -3.6096419e+01
   1.4690000e+02   1.1283843e+01  -3.2416419e+01
   1.4700000e+02   8.0283843e+01   3.5823581e+01
   1.4710000e+02  -1.9716157e+01  -3.1764192e+00
   1.4720000e+02  -2.7161572e+00   5.5143581e+01
   1.4730000e+02  -5.9716157e+01   6.5423581e+01
   1.4740000e+02  -8.5716157e+01  -3.5364192e+00
   1.4750000e+02   8.0283843e+01  -9.1764192e+00
   1.4760000e+02   1.0728384e+02   1.7743581e+01
   1.4770000e+02   1.9283843e+01   2.8263581e+01
   1.4780000e+02   5.5283843e+01  -1.3176419e+01
   1.4790000e+02  -3.3716157e+01   2.3835808e+00
   1.4800000e+02   9.4283843e+01   7.4263581e+01
   1.4810000e+02   3.3283843e+01  -4.8296419e+01
   1.4820000e+02   2.0283843e+01   4.2235808e+00
   1.4830000e+02   5.8283843e+01  -3.9296419e+01
   1.4840000e+02  -1.0371616e+02   3.1835808e+00
   1.4850000e+02  -5.5716157e+01  -2.6736419e+01
   1.4860000e+02   5.2283843e+01  -3.7056419e+01
   1.4870000e+02  -2.9716157e+01   2.2235808e+00
   1.4880000e+02   7.5283843e+01  -2.2976419e+01
   1.4890000e+02  -3.6716157e+01   2.3503581e+01
   1.4900000e+02   6.3283843e+01   1.3503581e+01
   1.4910000e+02  -9.7716157e+01  -3.6056419e+01
   1.4920000e+02  -5.7716157e+01   2.3343581e+01
   1.4930000e+02   1.2028384e+02   1.5223581e+01
   1.4940000e+02   1.0283843e+01   4.6235808e+00
   1.4950000e+02  -2.7161572e+00   6.1435808e+00
   1.4960000e+02  -1.2716157e+01  -2.6456419e+01
   1.4970000e+02   7.2838428e+00  -3.9256419e+01
   1.4980000e+02   5.0283843e+01  -2.0976419e+01
   1.4990000e+02   3.9283843e+01   6.4635808e+00
   1.5000000e+02   4.5283843e+01   5.2235808e+00
   1.5010000e+02   1.7283843e+01  -2.1656419e+01
   1.5020000e+02  -1.2716157e+01  -1.9456419e+01
   1.5030000e+02  -2.7161572e+00   8.1143581e+01
   1.5040000e+02  -6.5716157e+01   8.8663581e+01
   1.5050000e+02  -7.1716157e+01  -1.6096419e+01
   1.5060000e+02   7.1283843e+01   1.1835808e+00
   1.5070000e+02  -6.9716157e+01   2.5823581e+01
   1.5080000e+02  -5.2716157e+01  -6.4856419e+01
   1.5090000e+02   6.5283843e+01  -7.5764192e+00
   1.5100000e+02  -5.8716157e+01  -1.9616419e+01
   1.5110000e+02  -2.2716157e+01  -2.4056419e+01
   1.5120000e+02   1.0928384e+02   2.6635808e+00
   1.5130000e+02  -1.6716157e+01  -1.6296419e+01
   1.5140000e+02  -2.0716157e+01   1.6863581e+01
   1.5150000e+02  -3.8716157e+01   7.5835808e+00
   1.5160000e+02  -2.9716157e+01  -1.4776419e+01
   1.5170000e+02  -2.7161572e+00   2.4143581e+01
   1.5180000e+02   8.8283843e+01   2.1503581e+01
   1.5190000e+02  -7.7161572e+00  -3.2656419e+01
   1.5200000e+02  -1.3716157e+01  -4.6416419e+01
   1.5210000e+02   3.4283843e+01   3.3663581e+01
   1.5220000e+02  -2.6716157e+01  -3.8964192e+00
   1.5230000e+02  -7.7161572e+00   2.8343581e+01
   1.5240000e+02   2.8384279e-01   2.0023581e+01
   1.5250000e+02   6.3283843e+01  -1.9496419e+01
   1.5260000e+02   8.5283843e+01  -6.6376419e+01
   1.5270000e+02   5.6283843e+01  -2.2164192e+00
   1.5280000e+02   1.1128384e+02   6.9583581e+01
   1.5290000e+02   2.0283843e+01   3.4223581e+01
   1.5300000e+02   1.9283843e+01  -4.0736419e+01
   1.5310000e+02  -5.0716157e+01  -1.0936419e+01
   1.5320000e+02  -6.8716157e+01   7.8783581e+01
   1.5330000e+02  -7.7161572e+00   8.3435808e+00
   1.5340000e+02  -1.0716157e+01   1.8463581e+01
   1.5350000e+02  -7.8716157e+01  -2.4816419e+01
   1.5360000e+02   6.5283843e+01   2.0423581e+01
   1.5370000e+02  -6.2716157e+01  -1.2456419e+01
   1.5380000e+02  -9.7716157e+01  -1.2056419e+01
   1.5390000e+02  -8.5716157e+01   1.1463581e+01
   1.5400000e+02  -2.3716157e+01  -2.7016419e+01
   1.5410000e+02  -1.7716157e+01   2.9743581e+01
   1.5420000e+02  -5.2716157e+01  -4.3856419e+01
   1.5430000e+02  -1.3716157e+01   2.4583581e+01
   1.5440000e+02  -3.9716157e+01  -4.8376419e+01
   1.5450000e+02   1.9283843e+01  -2.5736419e+01
   1.5460000e+02  -8.5716157e+01   8.4635808e+00
   1.5470000e+02  -5.1716157e+01  -1.8896419e+01
   1.5480000e+02   4.3283843e+01  -7.6964192e+00
   1.5490000e+02  -9.7161572e+00  -2.6576419e+01
   1.5500000e+02  -6.2716157e+01  -8.4564192e+00
   1.5510000e+02  -3.8716157e+01  -5.4164192e+00
   1.5520000e+02  -5.7161572e+00  -3.5736419e+01
   1.5530000e+02  -4.9716157e+01   7.1023581e+01
   1.5540000e+02  -4.4716157e+01  -3.1176419e+01
   1.5550000e+02   1.1283843e+01  -1.7416419e+01
   1.5560000e+02  -4.9716157e+01   5.0235808e+00
   1.5570000e+02   1.8283843e+01  -1.6964192e+00
   1.5580000e+02   1.0283843e+01  -7.0376419e+01
   1.5590000e+02   1.9283843e+01  -9.7364192e+00
   1.5600000e+02   6.1283843e+01   5.1583581e+01
   1.5610000e+02  -1.9716157e+01   9.8235808e+00
   1.5620000e+02   2.8384279e-01  -1.9764192e+00
   1.5630000e+02   7.2838428e+00  -2.9256419e+01
   1.5640000e+02   3.9283843e+01  -3.3536419e+01
   1.5650000e+02  -8.2716157e+01  -4.0656419e+01
   1.5660000e+02  -6.6716157e+01   2.8703581e+01
   1.5670000e+02  -1.6716157e+01  -9.2964192e+00
   1.5680000e+02   1.7283843e+01   4.1343581e+01
   1.5690000e+02   1.5283843e+01   4.2358079e-01
   1.5700000e+02   2.2283843e+01  -2.7856419e+01
   1.5710000e+02   9.2838428e+00  -3.3336419e+01
   1.5720000e+02   1.0283843e+01  -6.9376419e+01
   1.5730000e+02  -2.2716157e+01  -1.6056419e+01
   1.5740000e+02  -9.7161572e+00  -5.3576419e+01
   1.5750000e+02   2.9283843e+01  -4.2136419e+01
   1.5760000e+02  -1.3716157e+01   2.7583581e+01
   1.5770000e+02   3.6283843e+01   1.3583581e+01
   1.5780000e+02   2.8384279e-01  -4.9764192e+00
   1.5790000e+02   4.2838428e+00   4.8635808e+00
   1.5800000e+02  -1.1716157e+01  -1.2496419e+01
   1.5810000e+02   8.2838428e+00   3.0703581e+01
   1.5820000e+02  -3.3716157e+01   2.3835808e+00
   1.5830000e+02  -4.7161572e+00  -9.7764192e+00
   1.5840000e+02  -6.1716157e+01   9.5035808e+00
   1.5850000e+02  -4.2716157e+01  -4.6256419e+01
   1.5860000e+02   7.5283843e+01   3.0235808e+00
   1.5870000e+02  -1.9716157e+01  -6.6176419e+01
   1.5880000e+02  -1.2716157e+01  -1.3456419e+01
   1.5890000e+02  -8.0716157e+01  -6.3736419e+01
   1.5900000e+02   2.1283843e+01  -1.0816419e+01
   1.5910000e+02   2.7283843e+01  -5.1056419e+01
   1.5920000e+02   5.5283843e+01   1.1823581e+01
   1.5930000e+02   2.8384279e-01  -3.6976419e+01
   1.5940000e+02   5.2838428e+00   4.7823581e+01
   1.5950000e+02  -4.9716157e+01  -3.5976419e+01
   1.5960000e+02  -2.7161572e+00  -8.5641921e-01
   1.5970000e+02  -6.1716157e+01  -3.4964192e+00
   1.5980000e+02  -7.1615721e-01  -1.0936419e+01
   1.5990000e+02  -1.7161572e+00  -6.8964192e+00
   1.6000000e+02   3.3283843e+01   8.7035808e+00
   1.6010000e+02  -6.2716157e+01  -2.4564192e+00
   1.6020000e+02  -7.4716157e+01   1.6023581e+01
   1.6030000e+02   3.5283843e+01  -3.0376419e+01
   1.6040000e+02  -9.6716157e+01  -3.4096419e+01
   1.6050000e+02  -5.6716157e+01   4.7303581e+01
   1.6060000e+02   6.2283843e+01   1.0543581e+01
   1.6070000e+02   2.6283843e+01   1.5983581e+01
   1.6080000e+02  -5.3716157e+01  -9.8164192e+00
   1.6090000e+02  -2.7716157e+01  -8.8564192e+00
   1.6100000e+02   1.4283843e+01   3.0463581e+01
   1.6110000e+02  -7.4716157e+01   2.3580786e-02
   1.6120000e+02   2.4283843e+01  -2.9936419e+01
   1.6130000e+02  -1.8716157e+01   3.1783581e+01
   1.6140000e+02  -7.0716157e+01  -1.3641921e-01
   1.6150000e+02   3.2283843e+01   3.1743581e+01
   1.6160000e+02  -2.7161572e+00   1.3143581e+01
   1.6170000e+02  -2.4716157e+01   1.8023581e+01
   1.6180000e+02  -3.3716157e+01   2.3835808e+00
   1.6190000e+02  -2.3716157e+01   3.9835808e+00
   1.6200000e+02   1.2838428e+00  -1.0016419e+01
   1.6210000e+02  -1.7161572e+00   2.4103581e+01
   1.6220000e+02  -7.0716157e+01   3.6863581e+01
   1.6230000e+02  -7.7716157e+01   2.5143581e+01
   1.6240000e+02   8.9283843e+01   1.8463581e+01
   1.6250000e+02   4.8283843e+01   5.1035808e+00
   1.6260000e+02   4.3283843e+01   4.3303581e+01
   1.6270000e+02  -4.9716157e+01  -7.9764192e+00
   1.6280000e+02   1.6283843e+01  -5.2616419e+01
   1.6290000e+02  -3.1716157e+01   1.7303581e+01
   1.6300000e+02   4.1283843e+01  -4.0616419e+01
   1.6310000e+02   1.3283843e+01  -2.5496419e+01
   1.6320000e+02  -4.1716157e+01   1.7770358e+02
   1.6330000e+02  -8.2716157e+01   3.4358079e-01
   1.6340000e+02  -4.7716157e+01   4.4943581e+01
   1.6350000e+02  -3.1716157e+01  -2.4696419e+01
   1.6360000e+02  -2.8716157e+01   4.8183581e+01
   1.6370000e+02  -2.2716157e+01  -3.3056419e+01
   1.6380000e+02  -3.3716157e+01   4.1383581e+01
   1.6390000e+02  -3.2716157e+01   1.3343581e+01
   1.6400000e+02   2.3283843e+01   1.5103581e+01
   1.6410000e+02  -2.6716157e+01  -2.7896419e+01
   1.6420000e+02   2.7283843e+01  -4.4056419e+01
   1.6430000e+02   6.5283843e+01  -3.2576419e+01
   1.6440000e+02  -2.4716157e+01   5.8023581e+01
   1.6450000e+02  -3.9716157e+01   5.2623581e+01
   1.6460000e+02   2.8283843e+01   4.9035808e+00
   1.6470000e+02   2.1283843e+01   1.3183581e+01
   1.6480000e+02  -3.2716157e+01  -3.7656419e+01
   1.6490000e+02  -8.9716157e+01   3.1623581e+01
   1.6500000e+02   2.5283843e+01   7.6023581e+01
   1.6510000e+02   6.5283843e+01  -3.0576419e+01
   1.6520000e+02   2.2838428e+00  -4.2056419e+01
   1.6530000e+02  -6.0716157e+01   1.9463581e+01
   1.6540000e+02  -7.1716157e+01   3.9035808e+00
   1.6550000e+02   5.7283843e+01   6.8743581e+01
   1.6560000e+02   1.9283843e+01   2.9263581e+01
   1.6570000e+02   4.0283843e+01  -3.4576419e+01
   1.6580000e+02   2.0283843e+01   6.1223581e+01
   1.6590000e+02   9.5283843e+01   4.2235808e+00
   1.6600000e+02   3.4283843e+01  -3.8336419e+01
   1.6610000e+02  -3.8716157e+01  -1.2416419e+01
   1.6620000e+02   3.8283843e+01  -1.1496419e+01
   1.6630000e+02   4.2283843e+01   7.3343581e+01
   1.6640000e+02   2.2838428e+00  -2.8056419e+01
   1.6650000e+02  -1.4716157e+01   3.2623581e+01
   1.6660000e+02  -6.7161572e+00   6.5303581e+01
   1.6670000e+02  -2.2716157e+01  -3.9056419e+01
   1.6680000e+02  -2.9716157e+01  -4.3776419e+01
   1.6690000e+02   4.3283843e+01   2.5303581e+01
   1.6700000e+02  -9.0716157e+01   4.0663581e+01
   1.6710000e+02  -8.6716157e+01   2.2503581e+01
   1.6720000e+02   2.2283843e+01  -4.2856419e+01
   1.6730000e+02  -6.2716157e+01   1.4543581e+01
   1.6740000e+02  -6.1716157e+01  -1.2496419e+01
   1.6750000e+02   1.2838428e+00  -4.1016419e+01
   1.6760000e+02  -2.5716157e+01   5.4063581e+01
   1.6770000e+02   4.6283843e+01   1.5183581e+01
   1.6780000e+02   3.9283843e+01  -2.2536419e+01
   1.6790000e+02   6.1283843e+01   8.5835808e+00
   1.6800000e+02  -5.4716157e+01   5.1223581e+01
   1.6810000e+02  -2.8716157e+01  -2.8816419e+01
   1.6820000e+02   4.8283843e+01  -2.9896419e+01
   1.6830000e+02   2.1283843e+01   4.1835808e+00
   1.6840000e+02  -1.9716157e+01  -1.3176419e+01
   1.6850000e+02   2.7283843e+01   6.9435808e+00
   1.6860000e+02   1.8528384e+02  -3.3376419e+01
   1.6870000e+02   1.5028384e+02  -2.4976419e+01
   1.6880000e+02   1.7283843e+01  -1.9656419e+01
   1.6890000e+02   1.2838428e+00  -3.4016419e+01
   1.6900000e+02  -8.8716157e+01  -2.4164192e+00
   1.6910000e+02  -1.3716157e+01   4.7583581e+01
   1.6920000e+02  -3.8716157e+01   7.8583581e+01
   1.6930000e+02  -5.7716157e+01   7.8343581e+01
   1.6940000e+02   4.5283843e+01   1.9223581e+01
   1.6950000e+02  -3.7716157e+01  -5.4564192e+00
   1.6960000e+02   9.4283843e+01   6.2263581e+01
   1.6970000e+02  -1.7716157e+01  -3.2564192e+00
   1.6980000e+02   9.0283843e+01   4.4423581e+01
   1.6990000e+02   6.0283843e+01   7.6235808e+00
   1.7000000e+02  -7.7161572e+00   2.5343581e+01
   1.7010000e+02   1.5283843e+01   5.0423581e+01
   1.7020000e+02   1.4328384e+02  -4.7696419e+01
   1.7030000e+02   9.4283843e+01   7.2635808e+00
   1.7040000e+02   6.3283843e+01  -2.4496419e+01
   1.7050000e+02  -4.0716157e+01   6.6358079e-01
   1.7060000e+02  -4.4716157e+01   9.3823581e+01
   1.7070000e+02  -2.7716157e+01  -1.7856419e+01
   1.7080000e+02   5.5283843e+01   5.8235808e+00
   1.7090000e+02   5.2838428e+00  -3.7176419e+01
   1.7100000e+02  -6.7161572e+00   1.2303581e+01
   1.7110000e+02  -4.8716157e+01  -4.0164192e+00
   1.7120000e+02   3.1283843e+01  -2.1641921e-01
   1.7130000e+02   3.2838428e+00  -2.8096419e+01
   1.7140000e+02   9.9283843e+01   9.9063581e+01
   1.7150000e+02  -3.7161572e+00   3.2183581e+01
   1.7160000e+02   1.2283843e+01  -1.5456419e+01
   1.7170000e+02   4.0283843e+01   1.5423581e+01
   1.7180000e+02  -3.6716157e+01   1.0503581e+01
   1.7190000e+02   6.3283843e+01  -1.4964192e+00
   1.7200000e+02   9.3283843e+01   1.4303581e+01
   1.7210000e+02   6.2283843e+01   2.4543581e+01
   1.7220000e+02   6.3283843e+01   2.3503581e+01
   1.7230000e+02   1.2428384e+02  -9.9364192e+00
   1.7240000e+02  -3.1716157e+01   1.1303581e+01
   1.7250000e+02  -1.5716157e+01   5.0663581e+01
   1.7260000e+02   3.2838428e+00  -1.3096419e+01
   1.7270000e+02   3.5283843e+01   4.0623581e+01
   1.7280000e+02  -6.1716157e+01  -7.4964192e+00
   1.7290000e+02  -4.7161572e+00  -1.7776419e+01
   1.7300000e+02   2.0283843e+01   8.4223581e+01
   1.7310000e+02   1.5283843e+01   1.4235808e+00
   1.7320000e+02   1.1228384e+02  -4.2456419e+01
   1.7330000e+02  -8.7161572e+00  -5.6164192e+00
   1.7340000e+02  -3.2716157e+01   6.3343581e+01
   1.7350000e+02   1.1528384e+02   3.1423581e+01
   1.7360000e+02  -2.0716157e+01   1.8863581e+01
   1.7370000e+02   2.8283843e+01   5.9035808e+00
   1.7380000e+02  -5.4716157e+01  -5.7764192e+00
   1.7390000e+02   1.3028384e+02  -1.9176419e+01
   1.7400000e+02   7.0283843e+01   5.0223581e+01
   1.7410000e+02  -4.9716157e+01  -1.5976419e+01
   1.7420000e+02  -5.3716157e+01   3.7183581e+01
   1.7430000e+02   3.3283843e+01  -1.4296419e+01
   1.7440000e+02   9.3283843e+01   6.3035808e+00
   1.7450000e+02  -7.1615721e-01   3.7063581e+01
   1.7460000e+02  -1.3716157e+01  -6.4164192e+00
   1.7470000e+02   5.2838428e+00  -6.8176419e+01
   1.7480000e+02   1.2283843e+01   1.9543581e+01
   1.7490000e+02   6.5283843e+01  -2.9576419e+01
   1.7500000e+02  -4.7161572e+00  -2.6776419e+01
   1.7510000e+02   2.1283843e+01   3.1183581e+01
   1.7520000e+02  -1.8716157e+01  -3.2216419e+01
   1.7530000e+02  -1.3716157e+01  -2.2416419e+01
   1.7540000e+02   4.5283843e+01   2.2235808e+00
   1.7550000e+02  -7.1615721e-01  -1.1936419e+01
   1.7560000e+02  -6.2716157e+01  -7.4564192e+00
   1.7570000e+02  -3.9716157e+01   3.6623581e+01
   1.7580000e+02  -6.5716157e+01  -1.7336419e+01
   1.7590000e+02  -3.3716157e+01   1.1383581e+01
   1.7600000e+02   3.6283843e+01  -1.5416419e+01
   1.7610000e+02  -1.3716157e+01   1.4583581e+01
   1.7620000e+02  -1.7161572e+00  -3.3896419e+01
   1.7630000e+02   8.0283843e+01   4.8235808e+00
   1.7640000e+02  -1.7716157e+01  -6.1256419e+01
   1.7650000e+02  -4.0716157e+01  -2.6336419e+01
   1.7660000e+02  -1.0471616e+02   3.0223581e+01
   1.7670000e+02   5.0283843e+01   5.4023581e+01
   1.7680000e+02   5.3283843e+01  -1.3096419e+01
   1.7690000e+02   2.1283843e+01  -2.6816419e+01
   1.7700000e+02   8.6283843e+01   5.6583581e+01
   1.7710000e+02  -1.7716157e+01  -3.4256419e+01
   1.7720000e+02  -1.8716157e+01  -3.2216419e+01
   1.7730000e+02   4.2838428e+00   5.4863581e+01
   1.7740000e+02  -8.8716157e+01  -5.4164192e+00
   1.7750000e+02   7.2838428e+00  -2.2564192e+00
   1.7760000e+02   3.3283843e+01  -3.3296419e+01
   1.7770000e+02  -6.3716157e+01   1.7583581e+01
   1.7780000e+02  -3.5716157e+01  -1.6536419e+01
   1.7790000e+02   6.2838428e+00   1.7783581e+01
   1.7800000e+02   1.4283843e+01  -4.4536419e+01
   1.7810000e+02   2.5283843e+01   2.4023581e+01
   1.7820000e+02  -1.6716157e+01  -2.4296419e+01
   1.7830000e+02   4.0283843e+01  -2.4576419e+01
   1.7840000e+02   1.3283843e+01  -3.5496419e+01
   1.7850000e+02   9.5283843e+01   1.4223581e+01
   1.7860000e+02   5.7283843e+01  -2.0256419e+01
   1.7870000e+02  -6.8716157e+01   2.5783581e+01
   1.7880000e+02  -1.9716157e+01  -1.9176419e+01
   1.7890000e+02   3.0283843e+01   3.7823581e+01
   1.7900000e+02  -3.8716157e+01  -1.1416419e+01
   1.7910000e+02  -2.7161572e+00  -1.3856419e+01
   1.7920000e+02  -3.2716157e+01  -2.0656419e+01
   1.7930000e+02   3.0283843e+01  -1.1176419e+01
   1.7940000e+02   6.6283843e+01   3.8358079e-01
   1.7950000e+02   2.3283843e+01   1.4103581e+01
   1.7960000e+02   4.6283843e+01  -1.8816419e+01
   1.7970000e+02   8.2838428e+00   2.5703581e+01
   1.7980000e+02   9.0283843e+01   3.5423581e+01
   1.7990000e+02  -5.7161572e+00  -1.1736419e+01
   1.8000000e+02   1.0283843e+01   5.1623581e+01
   1.8010000e+02   1.1028384e+02   1.3623581e+01
   1.8020000e+02  -1.0871616e+02   7.3835808e+00
   1.8030000e+02  -1.5716157e+01   1.7663581e+01
   1.8040000e+02   2.6283843e+01   2.5983581e+01
   1.8050000e+02  -1.9716157e+01   3.6823581e+01
   1.8060000e+02  -8.3716157e+01   1.6383581e+01
   1.8070000e+02  -5.7161572e+00   1.6263581e+01
   1.8080000e+02  -4.5716157e+01  -2.7136419e+01
   1.8090000e+02   2.4283843e+01  -4.8936419e+01
   1.8100000e+02  -4.5716157e+01  -2.2136419e+01
   1.8110000e+02   1.1283843e+01  -4.1416419e+01
   1.8120000e+02  -1.1271616e+02  -4.4456419e+01
   1.8130000e+02   1.1283843e+01   1.3583581e+01
   1.8140000e+02  -1.6716157e+01   8.0703581e+01
   1.8150000e+02   1.1283843e+01  -3.2416419e+01
   1.8160000e+02  -9.6716157e+01   1.5903581e+01
   1.8170000e+02   1.9283843e+01   5.5263581e+01
   1.8180000e+02   2.2283843e+01  -3.3856419e+01
   1.8190000e+02  -2.0716157e+01  -3.1136419e+01
   1.8200000e+02  -6.7161572e+00  -2.7696419e+01
   1.8210000e+02  -8.1716157e+01  -1.2696419e+01
   1.8220000e+02   4.6283843e+01  -2.0816419e+01
   1.8230000e+02   3.2283843e+01   1.4743581e+01
   1.8240000e+02  -2.5716157e+01  -7.9364192e+00
   1.8250000e+02  -1.2471616e+02  -3.9976419e+01
   1.8260000e+02   1.5283843e+01  -1.4576419e+01
   1.8270000e+02   8.0283843e+01  -6.9176419e+01
   1.8280000e+02  -5.5716157e+01  -2.3736419e+01
   1.8290000e+02  -5.2716157e+01   1.1435808e+00
   1.8300000e+02  -4.2716157e+01   7.4358079e-01
   1.8310000e+02  -9.7161572e+00   4.7423581e+01
   1.8320000e+02  -6.6716157e+01  -1.3296419e+01
   1.8330000e+02  -9.4716157e+01   3.1823581e+01
   1.8340000e+02  -2.2716157e+01  -4.0056419e+01
   1.8350000e+02  -9.1716157e+01   8.7035808e+00
   1.8360000e+02   2.7283843e+01  -7.0564192e+00
   1.8370000e+02  -8.2716157e+01   4.3435808e+00
   1.8380000e+02   6.7283843e+01   2.2343581e+01
   1.8390000e+02  -2.7716157e+01  -1.8856419e+01
   1.8400000e+02   4.2838428e+00  -5.6136419e+01
   1.8410000e+02   1.2728384e+02  -3.0564192e+00
   1.8420000e+02  -5.7161572e+00   2.2635808e+00
   1.8430000e+02  -1.2716157e+01  -1.4456419e+01
   1.8440000e+02  -1.8716157e+01   1.3783581e+01
   1.8450000e+02  -4.2716157e+01  -1.1256419e+01
   1.8460000e+02   2.8283843e+01   1.8903581e+01
   1.8470000e+02   5.5283843e+01   1.0823581e+01
   1.8480000e+02  -1.0716157e+01  -5.5364192e+00
   1.8490000e+02   5.2838428e+00   2.9823581e+01
   1.8500000e+02   2.7283843e+01   7.9435808e+00
   1.8510000e+02   2.1283843e+01  -1.2816419e+01
   1.8520000e+02  -7.7161572e+00  -2.5656419e+01
   1.8530000e+02  -1.2771616e+02  -6.8564192e+00
   1.8540000e+02   2.9283843e+01  -5.7136419e+01
   1.8550000e+02   4.6283843e+01  -5.8816419e+01
   1.8560000e+02   6.7283843e+01  -4.5656419e+01
   1.8570000e+02  -6.7161572e+00   2.1303581e+01
   1.8580000e+02  -6.7161572e+00   2.9303581e+01
   1.8590000e+02  -4.1716157e+01  -1.6296419e+01
   1.8600000e+02  -4.3716157e+01  -3.1216419e+01
   1.8610000e+02   1.2838428e+00   1.8983581e+01
   1.8620000e+02  -7.9716157e+01  -2.1776419e+01
   1.8630000e+02  -9.3716157e+01  -4.9216419e+01
   1.8640000e+02   2.9283843e+01   1.8635808e+00
   1.8650000e+02  -7.1615721e-01   2.4063581e+01
   1.8660000e+02  -4.5716157e+01   2.9863581e+01
   1.8670000e+02  -7.9716157e+01  -6.7764192e+00
   1.8680000e+02  -1.9716157e+01  -1.0176419e+01
   1.8690000e+02  -6.2716157e+01  -6.3456419e+01
   1.8700000e+02  -2.7716157e+01  -1.2856419e+01
   1.8710000e+02  -6.1716157e+01  -3.2496419e+01
   1.8720000e+02  -8.2716157e+01   3.4358079e-01
   1.8730000e+02   2.8384279e-01  -4.8976419e+01
   1.8740000e+02   4.9283843e+01   2.7063581e+01
   1.8750000e+02  -2.9716157e+01   1.5223581e+01
   1.8760000e+02  -1.1771616e+02   4.9743581e+01
   1.8770000e+02   1.2838428e+00   1.0983581e+01
   1.8780000e+02   1.8283843e+01   4.8303581e+01
   1.8790000e+02  -2.9716157e+01  -2.9776419e+01
   1.8800000e+02  -3.1716157e+01  -4.3696419e+01
   1.8810000e+02   1.2828384e+02  -1.8096419e+01
   1.8820000e+02   8.6283843e+01  -3.7416419e+01
   1.8830000e+02  -6.8716157e+01  -1.2216419e+01
   1.8840000e+02  -3.2716157e+01  -3.6656419e+01
   1.8850000e+02  -3.7161572e+00  -3.8164192e+00
   1.8860000e+02  -2.4716157e+01   5.3023581e+01
   1.8870000e+02  -6.2716157e+01  -1.4456419e+01
   1.8880000e+02   2.2283843e+01  -2.2856419e+01
   1.8890000e+02  -7.7161572e+00  -1.6656419e+01
   1.8900000e+02  -2.8716157e+01  -1.0816419e+01
   1.8910000e+02   9.6283843e+01   9.1835808e+00
   1.8920000e+02   3.8283843e+01  -4.9496419e+01
   1.8930000e+02   2.8283843e+01  -4.9096419e+01
   1.8940000e+02   5.8283843e+01  -3.1296419e+01
   1.8950000e+02   8.1283843e+01   3.7783581e+01
   1.8960000e+02  -5.4716157e+01  -4.0776419e+01
   1.8970000e+02  -1.8716157e+01   2.3783581e+01
   1.8980000e+02  -6.2716157e+01   3.4543581e+01
   1.8990000e+02  -6.3716157e+01   5.7583581e+01
   1.9000000e+02   5.5283843e+01   2.0823581e+01
   1.9010000e+02  -2.4716157e+01  -1.6976419e+01
   1.9020000e+02   3.0283843e+01  -2.5176419e+01
   1.9030000e+02  -1.3716157e+01  -4.8416419e+01
   1.9040000e+02  -1.6716157e+01  -4.8296419e+01
   1.9050000e+02  -1.3716157e+01  -3.2416419e+01
   1.9060000e+02   6.2283843e+01   4.5543581e+01
   1.9070000e+02   6.3283843e+01   1.5035808e+00
   1.9080000e+02  -1.8716157e+01  -3.0216419e+01
   1.9090000e+02  -1.6716157e+01  -2.5296419e+01
   1.9100000e+02  -1.3271616e+02  -1.6564192e+00
   1.9110000e+02   2.2283843e+01  -8.8564192e+00
   1.9120000e+02   1.6283843e+01   3.6383581e+01
   1.9130000e+02   2.4283843e+01   4.7063581e+01
   1.9140000e+02  -5.2716157e+01  -4.6856419e+01
   1.9150000e+02   7.2838428e+00  -3.2564192e+00
   1.9160000e+02  -7.3716157e+01  -3.6016419e+01
   1.9170000e+02   8.3283843e+01  -6.2964192e+00
   1.9180000e+02   1.2283843e+01   1.0543581e+01
   1.9190000e+02  -1.0671616e+02  -1.5696419e+01
   1.9200000e+02   1.8283843e+01   1.3303581e+01
   1.9210000e+02  -4.1716157e+01   4.1703581e+01
   1.9220000e+02  -8.8716157e+01   1.3583581e+01
   1.9230000e+02  -1.2716157e+01  -2.1456419e+01
   1.9240000e+02  -8.4716157e+01  -2.5764192e+00
   1.9250000e+02  -1.1671616e+02  -2.7296419e+01
   1.9260000e+02  -1.5716157e+01   4.6635808e+00
   1.9270000e+02  -5.4716157e+01   3.0223581e+01
   1.9280000e+02  -3.8716157e+01  -1.1416419e+01
   1.9290000e+02  -3.9716157e+01   1.4623581e+01
   1.9300000e+02  -5.3716157e+01   5.1183581e+01
   1.9310000e+02  -5.5716157e+01  -3.3736419e+01
   1.9320000e+02  -1.9716157e+01  -3.0176419e+01
   1.9330000e+02   9.2838428e+00  -2.3364192e+00
   1.9340000e+02  -2.1716157e+01  -6.5096419e+01
   1.9350000e+02  -3.4716157e+01   7.8423581e+01
   1.9360000e+02  -5.4716157e+01  -8.7764192e+00
   1.9370000e+02  -2.7716157e+01  -3.8856419e+01
   1.9380000e+02   8.4283843e+01  -4.9336419e+01
   1.9390000e+02  -8.1716157e+01  -2.1696419e+01
   1.9400000e+02   1.3283843e+01  -2.4496419e+01
   1.9410000e+02  -1.3716157e+01  -6.7416419e+01
   1.9420000e+02   2.6283843e+01   9.8358079e-01
   1.9430000e+02  -3.3716157e+01   1.7383581e+01
   1.9440000e+02   2.1283843e+01  -2.1816419e+01
   1.9450000e+02  -7.3716157e+01  -3.7016419e+01
   1.9460000e+02  -6.3716157e+01  -1.4164192e+00
   1.9470000e+02  -5.3716157e+01  -1.1816419e+01
   1.9480000e+02   5.5283843e+01  -1.3176419e+01
   1.9490000e+02   5.2838428e+00  -1.7641921e-01
   1.9500000e+02  -7.9716157e+01  -4.3776419e+01
   1.9510000e+02   1.4283843e+01   9.4635808e+00
   1.9520000e+02  -6.2716157e+01   2.3543581e+01
   1.9530000e+02  -7.0716157e+01   4.8863581e+01
   1.9540000e+02   2.2838428e+00   4.8943581e+01
   1.9550000e+02  -7.4716157e+01   2.0235808e+00
   1.9560000e+02  -3.1716157e+01  -2.6696419e+01
   1.9570000e+02  -7.7716157e+01  -2.1856419e+01
   1.9580000e+02  -8.1716157e+01  -2.9696419e+01
   1.9590000e+02   1.8283843e+01   4.3035808e+00
   1.9600000e+02  -6.2716157e+01   1.2543581e+01
   1.9610000e+02   9.6283843e+01   1.1835808e+00
   1.9620000e+02  -3.6716157e+01   7.5035808e+00
   1.9630000e+02  -9.7161572e+00  -1.2576419e+01
   1.9640000e+02   1.0428384e+02   6.8635808e+00
   1.9650000e+02  -2.1716157e+01   1.0903581e+01
   1.9660000e+02  -4.7716157e+01  -5.0056419e+01
   1.9670000e+02   3.3283843e+01  -3.3296419e+01
   1.9680000e+02   8.9283843e+01  -2.2536419e+01
   1.9690000e+02   5.2838428e+00  -1.3176419e+01
   1.9700000e+02  -1.2716157e+01  -8.4564192e+00
   1.9710000e+02   5.2838428e+00   1.1282358e+02
   1.9720000e+02  -2.9716157e+01  -3.5776419e+01
   1.9730000e+02   1.2728384e+02  -2.4056419e+01
   1.9740000e+02  -7.6716157e+01  -2.0896419e+01
   1.9750000e+02  -7.7716157e+01  -8.5641921e-01
   1.9760000e+02  -2.9716157e+01   6.3223581e+01
   1.9770000e+02  -8.9716157e+01  -4.0376419e+01
   1.9780000e+02   6.3283843e+01  -3.7496419e+01
   1.9790000e+02  -1.9716157e+01   3.7823581e+01
   1.9800000e+02   3.1283843e+01  -1.5216419e+01
   1.9810000e+02  -8.1716157e+01   2.3035808e+00
   1.9820000e+02  -6.3716157e+01  -3.3416419e+01
   1.9830000e+02   9.2838428e+00   9.6635808e+00
   1.9840000e+02  -7.9716157e+01   8.8223581e+01
   1.9850000e+02  -8.3716157e+01  -6.7616419e+01
   1.9860000e+02  -9.7161572e+00  -3.5576419e+01
   1.9870000e+02  -1.0716157e+01  -5.3536419e+01
   1.9880000e+02   1.7283843e+01  -5.5656419e+01
   1.9890000e+02  -6.9716157e+01   3.2823581e+01
   1.9900000e+02  -8.5716157e+01  -5.3641921e-01
   1.9910000e+02  -7.6716157e+01   4.5103581e+01
   1.9920000e+02   5.3283843e+01  -1.0964192e+00
   1.9930000e+02   2.8283843e+01  -5.0096419e+01
   1.9940000e+02  -9.0716157e+01  -1.0336419e+01
   1.9950000e+02  -3.4716157e+01  -4.9576419e+01
   1.9960000e+02  -3.2716157e+01  -4.1656419e+01
   1.9970000e+02   3.9283843e+01  -2.4536419e+01
   1.9980000e+02   6.3283843e+01  -5.4964192e+00
   1.9990000e+02  -8.7161572e+00  -1.4616419e+01
