   0.0000000e+00   1.6497053e+02   1.6738013e+02
   1.0000000e-01   2.3097053e+02   6.4740126e+01
   2.0000000e-01   2.7397053e+02   8.3020126e+01
   3.0000000e-01   1.9297053e+02   3.3260126e+01
   4.0000000e-01   1.7597053e+02   8.1940126e+01
   5.0000000e-01   3.3497053e+02   1.0958013e+02
   6.0000000e-01   2.2597053e+02   9.1940126e+01
   7.0000000e-01   1.9697053e+02   6.3100126e+01
   8.0000000e-01   1.8797053e+02   1.8346013e+02
   9.0000000e-01   2.4697053e+02   1.6210013e+02
   1.0000000e+00   2.5197053e+02   2.1900126e+01
   1.1000000e+00   1.9797053e+02   3.0060126e+01
   1.2000000e+00   3.5197053e+02   1.3990013e+02
   1.3000000e+00   1.7397053e+02   9.8020126e+01
   1.4000000e+00   1.4597053e+02   9.3140126e+01
   1.5000000e+00   3.1297053e+02   1.9460126e+01
   1.6000000e+00   3.2697053e+02   1.4690013e+02
   1.7000000e+00   1.1897053e+02   6.2220126e+01
   1.8000000e+00   9.7970526e+01   6.0601263e+00
   1.9000000e+00   1.5697053e+02   9.2700126e+01
   2.0000000e+00   1.7897053e+02   1.1682013e+02
   2.1000000e+00   4.4497053e+02   6.0180126e+01
   2.2000000e+00   2.4497053e+02   1.0118013e+02
   2.3000000e+00   3.3797053e+02   4.1460126e+01
   2.4000000e+00   3.0297053e+02   8.3860126e+01
   2.5000000e+00   1.9997053e+02   6.5980126e+01
   2.6000000e+00   1.6197053e+02   2.5500126e+01
   2.7000000e+00   3.0497053e+02   5.3780126e+01
   2.8000000e+00   1.0797053e+02   5.8660126e+01
   2.9000000e+00   3.8697053e+02   3.9500126e+01
   3.0000000e+00   2.4597053e+02   4.0140126e+01
   3.1000000e+00   1.3897053e+02   4.3420126e+01
   3.2000000e+00   2.0297053e+02   4.2860126e+01
   3.3000000e+00   2.4297053e+02   2.1926013e+02
   3.4000000e+00   2.1197053e+02   9.3500126e+01
   3.5000000e+00   1.8197053e+02   4.3700126e+01
   3.6000000e+00   2.1597053e+02   3.3340126e+01
   3.7000000e+00   2.4697053e+02   4.7100126e+01
   3.8000000e+00   4.1970526e+01   4.6300126e+01
   3.9000000e+00   2.4897053e+02   8.1020126e+01
   4.0000000e+00   2.4497053e+02   9.4180126e+01
   4.1000000e+00   3.0097053e+02   7.1940126e+01
   4.2000000e+00   2.8097053e+02   1.2174013e+02
   4.3000000e+00   2.4697053e+02   3.5100126e+01
   4.4000000e+00   2.9297053e+02   5.4260126e+01
   4.5000000e+00   2.7797053e+02   9.0860126e+01
   4.6000000e+00   2.7297053e+02   3.8060126e+01
   4.7000000e+00   3.2597053e+02   9.0940126e+01
   4.8000000e+00   2.1897053e+02   1.2522013e+02
   4.9000000e+00   2.2497053e+02   4.0980126e+01
   5.0000000e+00   1.7697053e+02   7.8900126e+01
   5.1000000e+00   1.7697053e+02   1.7890013e+02
   5.2000000e+00   1.2697053e+02   1.0790013e+02
   5.3000000e+00   2.8497053e+02   1.8580126e+01
   5.4000000e+00   1.8097053e+02   1.7374013e+02
   5.5000000e+00   2.0597053e+02   1.2874013e+02
   5.6000000e+00   1.2897053e+02   1.1682013e+02
   5.7000000e+00   1.8197053e+02   8.2700126e+01
   5.8000000e+00   1.4697053e+02   1.6710013e+02
   5.9000000e+00   1.0497053e+02   8.4780126e+01
   6.0000000e+00   3.6397053e+02   8.6420126e+01
   6.1000000e+00   1.2097053e+02   3.7140126e+01
   6.2000000e+00   1.6897053e+02   1.8122013e+02
   6.3000000e+00   1.4197053e+02   8.9300126e+01
   6.4000000e+00   1.8697053e+02   4.1500126e+01
   6.5000000e+00   3.2697053e+02   4.5900126e+01
   6.6000000e+00   1.5297053e+02   9.9860126e+01
   6.7000000e+00   2.8297053e+02   1.0466013e+02
   6.8000000e+00   6.2970526e+01   9.2460126e+01
   6.9000000e+00   1.2597053e+02   5.1940126e+01
   7.0000000e+00   1.3297053e+02   6.3660126e+01
   7.1000000e+00   2.2597053e+02   1.1094013e+02
   7.2000000e+00   1.8497053e+02   1.5958013e+02
   7.3000000e+00   2.0497053e+02   1.4578013e+02
   7.4000000e+00   1.9497053e+02   1.2218013e+02
   7.5000000e+00   6.8970526e+01   5.8220126e+01
   7.6000000e+00   2.8597053e+02   9.0540126e+01
   7.7000000e+00   2.9097053e+02   6.1340126e+01
   7.8000000e+00   5.8970526e+01   1.9762013e+02
   7.9000000e+00   2.2597053e+02   1.5940126e+01
   8.0000000e+00   1.9597053e+02   1.3114013e+02
   8.1000000e+00   4.2097053e+02   1.4914013e+02
   8.2000000e+00   1.8697053e+02   3.4500126e+01
   8.3000000e+00   1.7097053e+02   4.3140126e+01
   8.4000000e+00   1.2597053e+02   9.2940126e+01
   8.5000000e+00   2.2397053e+02   1.3102013e+02
   8.6000000e+00   3.4997053e+02   2.0898013e+02
   8.7000000e+00   1.5797053e+02   7.9660126e+01
   8.8000000e+00   2.6197053e+02   6.8500126e+01
   8.9000000e+00   1.9997053e+02   4.2980126e+01
   9.0000000e+00   2.2697053e+02   4.4900126e+01
   9.1000000e+00   2.2397053e+02   6.2020126e+01
   9.2000000e+00   1.2097053e+02   1.3114013e+02
   9.3000000e+00   3.4797053e+02   5.4060126e+01
   9.4000000e+00   2.3597053e+02   1.1654013e+02
   9.5000000e+00   2.0297053e+02   1.2086013e+02
   9.6000000e+00   4.6097053e+02   1.2554013e+02
   9.7000000e+00   1.8497053e+02   1.6358013e+02
   9.8000000e+00   2.0297053e+02   1.5286013e+02
   9.9000000e+00   2.4597053e+02   6.9140126e+01
   1.0000000e+01   1.4697053e+02   1.3810013e+02
   1.0100000e+01   1.5597053e+02   1.2774013e+02
   1.0200000e+01   1.2297053e+02   7.0060126e+01
   1.0300000e+01   2.5497053e+02   5.2780126e+01
   1.0400000e+01   2.4697053e+02   1.1610013e+02
   1.0500000e+01   1.8097053e+02   1.6740126e+01
   1.0600000e+01   2.8297053e+02   8.6660126e+01
   1.0700000e+01   1.8497053e+02   6.8580126e+01
   1.0800000e+01   2.2197053e+02   1.5810013e+02
   1.0900000e+01   2.3797053e+02   1.5546013e+02
   1.1000000e+01   1.3197053e+02   9.8700126e+01
   1.1100000e+01   1.8297053e+02   2.2366013e+02
   1.1200000e+01   1.5597053e+02   3.6740126e+01
   1.1300000e+01   1.7197053e+02   2.0100126e+01
   1.1400000e+01   2.2397053e+02   1.5802013e+02
   1.1500000e+01   3.7197053e+02   4.9100126e+01
   1.1600000e+01   2.7897053e+02   1.9820126e+01
   1.1700000e+01   2.5597053e+02   1.3574013e+02
   1.1800000e+01   3.8397053e+02   1.1262013e+02
   1.1900000e+01   1.9497053e+02   1.0618013e+02
   1.2000000e+01   2.1497053e+02   1.1438013e+02
   1.2100000e+01   2.2897053e+02   1.2882013e+02
   1.2200000e+01   2.0897053e+02   5.8620126e+01
   1.2300000e+01   2.0597053e+02   9.3740126e+01
   1.2400000e+01   2.4397053e+02   6.7220126e+01
   1.2500000e+01   2.0997053e+02   6.2580126e+01
   1.2600000e+01   2.3897053e+02   1.4420126e+01
   1.2700000e+01   5.8970526e+01   5.2620126e+01
   1.2800000e+01   1.9397053e+02   5.2220126e+01
   1.2900000e+01   2.7997053e+02   1.3278013e+02
   1.3000000e+01   1.8597053e+02   9.1540126e+01
   1.3100000e+01   1.9497053e+02   1.2018013e+02
   1.3200000e+01   2.3297053e+02   1.0866013e+02
   1.3300000e+01   2.0997053e+02   5.8012632e-01
   1.3400000e+01   1.4697053e+02   3.5100126e+01
   1.3500000e+01   2.0997053e+02   1.2358013e+02
   1.3600000e+01   1.2697053e+02   1.5790013e+02
   1.3700000e+01   8.8970526e+01   7.3420126e+01
   1.3800000e+01   2.0097053e+02   1.3694013e+02
   1.3900000e+01   2.0697053e+02   5.9700126e+01
   1.4000000e+01   4.0097053e+02   7.3940126e+01
   1.4100000e+01   1.5797053e+02   1.4766013e+02
   1.4200000e+01   1.9097053e+02   7.4340126e+01
   1.4300000e+01   3.0970526e+01   1.1574013e+02
   1.4400000e+01   2.2097053e+02   1.3914013e+02
   1.4500000e+01   1.7897053e+02   3.3820126e+01
   1.4600000e+01   2.0697053e+02   9.2700126e+01
   1.4700000e+01   4.0997053e+02   9.9580126e+01
   1.4800000e+01   2.0197053e+02   4.4900126e+01
   1.4900000e+01   2.8897053e+02   1.0742013e+02
   1.5000000e+01   3.1697053e+02   8.4300126e+01
   1.5100000e+01   2.7197053e+02   2.4100126e+01
   1.5200000e+01   2.7697053e+02   1.6900126e+01
   1.5300000e+01   1.6397053e+02   1.0542013e+02
   1.5400000e+01   3.0197053e+02   2.1900126e+01
   1.5500000e+01   2.7497053e+02   4.3980126e+01
   1.5600000e+01   1.6597053e+02   7.0340126e+01
   1.5700000e+01   2.6797053e+02   6.4260126e+01
   1.5800000e+01   3.6970526e+01   1.0650013e+02
   1.5900000e+01   3.4497053e+02   8.3180126e+01
   1.6000000e+01   1.6797053e+02   8.1260126e+01
   1.6100000e+01   1.6197053e+02   9.1500126e+01
   1.6200000e+01   1.8597053e+02   8.2540126e+01
   1.6300000e+01   9.9970526e+01   1.8998013e+02
   1.6400000e+01   2.2497053e+02   1.0698013e+02
   1.6500000e+01   1.8497053e+02   5.9580126e+01
   1.6600000e+01   1.1997053e+02   1.9180126e+01
   1.6700000e+01   2.3997053e+02   8.2380126e+01
   1.6800000e+01   1.9297053e+02   8.2260126e+01
   1.6900000e+01   2.2397053e+02   1.3802013e+02
   1.7000000e+01   1.1597053e+02   1.2234013e+02
   1.7100000e+01   1.9497053e+02   2.7180126e+01
   1.7200000e+01   1.7697053e+02   8.2900126e+01
   1.7300000e+01   3.2197053e+02   3.8100126e+01
   1.7400000e+01   2.6897053e+02   1.2022013e+02
   1.7500000e+01   1.6497053e+02   1.2538013e+02
   1.7600000e+01   6.8970526e+01   1.3822013e+02
   1.7700000e+01   2.0797053e+02   6.5660126e+01
   1.7800000e+01   2.0897053e+02   1.3562013e+02
   1.7900000e+01   1.6970526e+01   9.4300126e+01
   1.8000000e+01   3.0970526e+01   4.8740126e+01
   1.8100000e+01   1.3897053e+02   4.7420126e+01
   1.8200000e+01   2.7697053e+02   1.0090013e+02
   1.8300000e+01   9.3970526e+01   6.5220126e+01
   1.8400000e+01   2.4297053e+02   8.8260126e+01
   1.8500000e+01   2.5997053e+02   4.8580126e+01
   1.8600000e+01   1.8997053e+02   8.5380126e+01
   1.8700000e+01   1.6797053e+02   7.7260126e+01
   1.8800000e+01   8.6970526e+01   1.7850013e+02
   1.8900000e+01   2.6697053e+02   5.0300126e+01
   1.9000000e+01   1.6697053e+02   7.4300126e+01
   1.9100000e+01   1.5797053e+02   1.2166013e+02
   1.9200000e+01   2.8397053e+02   4.2620126e+01
   1.9300000e+01   2.3997053e+02   4.4380126e+01
   1.9400000e+01   1.8397053e+02   5.5620126e+01
   1.9500000e+01   2.9797053e+02   1.0506013e+02
   1.9600000e+01   1.9397053e+02   5.6220126e+01
   1.9700000e+01   2.1097053e+02   8.7540126e+01
   1.9800000e+01   1.8397053e+02   2.0620126e+01
   1.9900000e+01   1.8197053e+02   7.5700126e+01
   2.0000000e+01   2.2697053e+02   9.9001263e+00
   2.0100000e+01   2.3397053e+02   7.6620126e+01
   2.0200000e+01   1.3197053e+02   9.7700126e+01
   2.0300000e+01   1.6397053e+02  -2.1579874e+01
   2.0400000e+01   1.1097053e+02   1.3954013e+02
   2.0500000e+01   1.6297053e+02   5.9460126e+01
   2.0600000e+01   8.0970526e+01   4.6740126e+01
   2.0700000e+01   9.6970526e+01   4.2100126e+01
   2.0800000e+01   2.8197053e+02   4.4700126e+01
   2.0900000e+01   4.9970526e+01   1.0998013e+02
   2.1000000e+01   1.6497053e+02   5.1380126e+01
   2.1100000e+01   1.8297053e+02   1.9466013e+02
   2.1200000e+01   1.2997053e+02   3.4780126e+01
   2.1300000e+01   1.2497053e+02   5.8980126e+01
   2.1400000e+01   1.5797053e+02   8.8660126e+01
   2.1500000e+01   3.0797053e+02   6.8660126e+01
   2.1600000e+01   2.2497053e+02   2.7980126e+01
   2.1700000e+01   2.2597053e+02   2.8940126e+01
   2.1800000e+01   1.6297053e+02   1.1460126e+01
   2.1900000e+01   1.1097053e+02   1.1154013e+02
   2.2000000e+01   1.7597053e+02   8.0940126e+01
   2.2100000e+01   1.9697053e+02   4.0100126e+01
   2.2200000e+01   9.9970526e+01   4.3980126e+01
   2.2300000e+01   3.3397053e+02   1.1062013e+02
   2.2400000e+01   2.4997053e+02  -5.1019874e+01
   2.2500000e+01   1.4297053e+02   8.7260126e+01
   2.2600000e+01   1.6697053e+02   8.4300126e+01
   2.2700000e+01   4.0970526e+01   4.0340126e+01
   2.2800000e+01   1.3597053e+02   5.4540126e+01
   2.2900000e+01   1.6197053e+02   1.5500126e+01
   2.3000000e+01   6.0970526e+01  -1.8459874e+01
   2.3100000e+01   2.2297053e+02   5.2060126e+01
   2.3200000e+01   1.5497053e+02   4.0780126e+01
   2.3300000e+01   2.4597053e+02   9.7140126e+01
   2.3400000e+01   1.3497053e+02   8.6580126e+01
   2.3500000e+01   2.3797053e+02   7.3460126e+01
   2.3600000e+01   2.1197053e+02   5.4500126e+01
   2.3700000e+01   1.1097053e+02   3.4540126e+01
   2.3800000e+01   1.2297053e+02  -1.4939874e+01
   2.3900000e+01   2.2397053e+02   2.7020126e+01
   2.4000000e+01   2.7997053e+02   5.6780126e+01
   2.4100000e+01   1.8597053e+02   5.7540126e+01
   2.4200000e+01   2.1797053e+02   7.2260126e+01
   2.4300000e+01   2.8297053e+02  -4.3398737e+00
   2.4400000e+01   1.5897053e+02   5.8620126e+01
   2.4500000e+01   1.8897053e+02   3.9420126e+01
   2.4600000e+01   2.7197053e+02   7.3100126e+01
   2.4700000e+01   3.2297053e+02   1.0060126e+01
   2.4800000e+01   2.9897053e+02   1.3002013e+02
   2.4900000e+01   1.4497053e+02   5.7180126e+01
   2.5000000e+01   1.0197053e+02   1.3090013e+02
   2.5100000e+01   3.0497053e+02   1.2778013e+02
   2.5200000e+01   1.0497053e+02   1.7801263e+00
   2.5300000e+01   1.1797053e+02   3.1260126e+01
   2.5400000e+01   2.4697053e+02   1.2110013e+02
   2.5500000e+01   2.8697053e+02   6.6500126e+01
   2.5600000e+01   1.7297053e+02   1.4060126e+01
   2.5700000e+01   1.5097053e+02   7.9940126e+01
   2.5800000e+01   3.3997053e+02   1.3538013e+02
   2.5900000e+01   2.9097053e+02   8.3340126e+01
   2.6000000e+01   1.8397053e+02   1.1362013e+02
   2.6100000e+01   1.7997053e+02   1.0778013e+02
   2.6200000e+01   2.0897053e+02   5.2620126e+01
   2.6300000e+01   1.7997053e+02   6.1780126e+01
   2.6400000e+01   2.3497053e+02   9.3580126e+01
   2.6500000e+01   1.4497053e+02   1.2318013e+02
   2.6600000e+01   2.5697053e+02   6.1700126e+01
   2.6700000e+01   2.3897053e+02   1.0642013e+02
   2.6800000e+01   1.8997053e+02   3.3380126e+01
   2.6900000e+01   1.9697053e+02   1.5510013e+02
   2.7000000e+01   1.9897053e+02   1.1402013e+02
   2.7100000e+01   3.1397053e+02   2.5042013e+02
   2.7200000e+01   3.2097053e+02   2.8714013e+02
   2.7300000e+01   1.5897053e+02   7.7620126e+01
   2.7400000e+01   3.8497053e+02   1.7458013e+02
   2.7500000e+01   2.8797053e+02   8.8460126e+01
   2.7600000e+01   2.3997053e+02   2.0380126e+01
   2.7700000e+01   2.9297053e+02   1.3526013e+02
   2.7800000e+01   4.0297053e+02   3.4860126e+01
   2.7900000e+01   1.6897053e+02   8.1220126e+01
   2.8000000e+01   2.0597053e+02   7.5740126e+01
   2.8100000e+01   4.4970526e+01   1.2118013e+02
   2.8200000e+01   8.5970526e+01   1.5554013e+02
   2.8300000e+01   1.9097053e+02   8.5340126e+01
   2.8400000e+01   2.2697053e+02   1.6890013e+02
   2.8500000e+01   2.4197053e+02   1.2730013e+02
   2.8600000e+01   2.0097053e+02   4.9940126e+01
   2.8700000e+01   1.9497053e+02   9.6180126e+01
   2.8800000e+01   1.5097053e+02   1.5940126e+01
   2.8900000e+01   1.6797053e+02   7.7260126e+01
   2.9000000e+01   2.7897053e+02   1.0282013e+02
   2.9100000e+01   1.7397053e+02   4.1020126e+01
   2.9200000e+01   1.3697053e+02   7.0500126e+01
   2.9300000e+01   2.5097053e+02   4.4940126e+01
   2.9400000e+01   1.9697053e+02   1.1310013e+02
   2.9500000e+01   1.2497053e+02   5.3980126e+01
   2.9600000e+01   2.2497053e+02   1.6098013e+02
   2.9700000e+01   1.3497053e+02   1.0758013e+02
   2.9800000e+01   2.8897053e+02   5.1420126e+01
   2.9900000e+01   1.3297053e+02   8.8660126e+01
   3.0000000e+01   1.6997053e+02   9.7180126e+01
   3.0100000e+01   1.2697053e+02   1.0890013e+02
   3.0200000e+01   2.4697053e+02   8.0100126e+01
   3.0300000e+01   1.8697053e+02   2.3850013e+02
   3.0400000e+01   1.7697053e+02   1.0900126e+01
   3.0500000e+01   3.0897053e+02   9.3620126e+01
   3.0600000e+01   1.8797053e+02   6.6460126e+01
   3.0700000e+01   8.2970526e+01   9.8660126e+01
   3.0800000e+01   1.3697053e+02   1.9850013e+02
   3.0900000e+01   2.5697053e+02   4.6700126e+01
   3.1000000e+01   3.9705263e+00   6.2820126e+01
   3.1100000e+01   2.2197053e+02   1.2410013e+02
   3.1200000e+01   2.2597053e+02   1.7294013e+02
   3.1300000e+01   3.2397053e+02   7.0020126e+01
   3.1400000e+01   2.4497053e+02   6.9180126e+01
   3.1500000e+01   1.8097053e+02   1.1374013e+02
   3.1600000e+01   1.7497053e+02   4.8980126e+01
   3.1700000e+01   1.4497053e+02   8.4180126e+01
   3.1800000e+01   2.2097053e+02   8.0140126e+01
   3.1900000e+01   2.1597053e+02   6.8340126e+01
   3.2000000e+01   2.2297053e+02   6.0060126e+01
   3.2100000e+01   2.3697053e+02   6.7500126e+01
   3.2200000e+01   2.8297053e+02   7.5660126e+01
   3.2300000e+01   2.0897053e+02   6.1620126e+01
   3.2400000e+01   1.1497053e+02   1.4238013e+02
   3.2500000e+01   2.1697053e+02   6.1300126e+01
   3.2600000e+01   2.1097053e+02   3.9540126e+01
   3.2700000e+01   1.6397053e+02   5.1420126e+01
   3.2800000e+01   1.9397053e+02   1.1822013e+02
   3.2900000e+01   2.2797053e+02   1.1486013e+02
   3.3000000e+01   2.0697053e+02   3.0700126e+01
   3.3100000e+01   1.9997053e+02   2.7980126e+01
   3.3200000e+01   2.5097053e+02   8.1940126e+01
   3.3300000e+01   7.4970526e+01   5.9980126e+01
   3.3400000e+01   3.4097053e+02   3.8340126e+01
   3.3500000e+01   1.1097053e+02   1.8954013e+02
   3.3600000e+01   2.5997053e+02   1.4258013e+02
   3.3700000e+01   2.0797053e+02   1.6766013e+02
   3.3800000e+01   1.5797053e+02   9.1660126e+01
   3.3900000e+01   1.0897053e+02   1.4620126e+01
   3.4000000e+01   1.3797053e+02   2.1460126e+01
   3.4100000e+01   1.7097053e+02   2.9140126e+01
   3.4200000e+01   1.3397053e+02   4.2620126e+01
   3.4300000e+01   2.1997053e+02   1.3218013e+02
   3.4400000e+01   7.6970526e+01   4.5900126e+01
   3.4500000e+01   1.3597053e+02   5.2540126e+01
   3.4600000e+01   2.3197053e+02   1.3370013e+02
   3.4700000e+01   3.8997053e+02   9.7380126e+01
   3.4800000e+01   1.5297053e+02   1.7186013e+02
   3.4900000e+01   2.3097053e+02   1.6374013e+02
   3.5000000e+01   8.5970526e+01   3.1540126e+01
   3.5100000e+01   2.3497053e+02   4.5580126e+01
   3.5200000e+01   2.9797053e+02   4.1060126e+01
   3.5300000e+01   2.0197053e+02   8.4900126e+01
   3.5400000e+01   1.8397053e+02   8.7620126e+01
   3.5500000e+01   1.8697053e+02   1.4850013e+02
   3.5600000e+01   1.6497053e+02   2.3380126e+01
   3.5700000e+01   2.0497053e+02   5.8780126e+01
   3.5800000e+01   2.1697053e+02   1.0330013e+02
   3.5900000e+01   1.4797053e+02   3.1060126e+01
   3.6000000e+01   2.7697053e+02   5.6900126e+01
   3.6100000e+01   1.7597053e+02   1.3794013e+02
   3.6200000e+01   3.1597053e+02   9.0340126e+01
   3.6300000e+01   1.4697053e+02   1.3510013e+02
   3.6400000e+01   1.5497053e+02   1.2278013e+02
   3.6500000e+01   1.1797053e+02   1.0926013e+02
   3.6600000e+01   2.1797053e+02   7.5260126e+01
   3.6700000e+01   1.8597053e+02   1.1054013e+02
   3.6800000e+01   2.2097053e+02   6.3140126e+01
   3.6900000e+01   1.1697053e+02   8.2300126e+01
   3.7000000e+01   1.8197053e+02   6.2700126e+01
   3.7100000e+01   3.3797053e+02   2.6460126e+01
   3.7200000e+01   3.3797053e+02   1.1646013e+02
   3.7300000e+01   1.9797053e+02   8.9060126e+01
   3.7400000e+01   1.9097053e+02   8.8340126e+01
   3.7500000e+01   3.4597053e+02   1.7614013e+02
   3.7600000e+01   1.6970526e+01   1.2030013e+02
   3.7700000e+01   2.3397053e+02   1.5362013e+02
   3.7800000e+01   1.3297053e+02   1.5366013e+02
   3.7900000e+01   1.9897053e+02   5.8020126e+01
   3.8000000e+01   1.0997053e+02   1.1358013e+02
   3.8100000e+01   2.7997053e+02   3.3780126e+01
   3.8200000e+01   1.2997053e+02   5.3780126e+01
   3.8300000e+01   2.2097053e+02   2.0140126e+01
   3.8400000e+01   3.8397053e+02   6.2012632e-01
   3.8500000e+01   9.1970526e+01   1.3300126e+01
   3.8600000e+01   1.3997053e+02   1.1338013e+02
   3.8700000e+01   1.6497053e+02   3.1380126e+01
   3.8800000e+01   9.1970526e+01   9.1300126e+01
   3.8900000e+01   1.9097053e+02   3.3401263e+00
   3.9000000e+01   1.4297053e+02   1.6260126e+01
   3.9100000e+01   2.4397053e+02   9.0220126e+01
   3.9200000e+01  -1.0294737e+00   1.7020126e+01
   3.9300000e+01   2.1797053e+02   3.5260126e+01
   3.9400000e+01   1.1897053e+02   2.4220126e+01
   3.9500000e+01   1.4597053e+02   6.4140126e+01
   3.9600000e+01   1.4297053e+02   1.1026013e+02
   3.9700000e+01   1.2397053e+02   7.3020126e+01
   3.9800000e+01   1.8197053e+02   1.5570013e+02
   3.9900000e+01   2.4397053e+02   1.4122013e+02
   4.0000000e+01   1.7597053e+02   1.5894013e+02
   4.0100000e+01   3.2697053e+02   3.8900126e+01
   4.0200000e+01   2.1897053e+02   9.2220126e+01
   4.0300000e+01   1.8597053e+02   1.4054013e+02
   4.0400000e+01   1.6397053e+02   4.1420126e+01
   4.0500000e+01   2.0997053e+02   1.7580126e+01
   4.0600000e+01   1.5797053e+02   4.1660126e+01
   4.0700000e+01   2.9897053e+02   2.4202013e+02
   4.0800000e+01   1.8097053e+02   9.0740126e+01
   4.0900000e+01   1.5097053e+02   1.7394013e+02
   4.1000000e+01   2.3497053e+02   9.0580126e+01
   4.1100000e+01   2.6197053e+02   8.0500126e+01
   4.1200000e+01   2.0697053e+02   5.0700126e+01
   4.1300000e+01   8.9970526e+01   3.3801263e+00
   4.1400000e+01   3.8497053e+02   6.0580126e+01
   4.1500000e+01   2.4397053e+02   8.6220126e+01
   4.1600000e+01   2.2797053e+02   1.1686013e+02
   4.1700000e+01   2.1097053e+02   1.1540126e+01
   4.1800000e+01   2.0997053e+02   2.3580126e+01
   4.1900000e+01   1.9797053e+02   9.2060126e+01
   4.2000000e+01   1.9497053e+02   1.6418013e+02
   4.2100000e+01   1.5297053e+02   8.0860126e+01
   4.2200000e+01   3.8597053e+02   7.3540126e+01
   4.2300000e+01   1.4997053e+02   4.6980126e+01
   4.2400000e+01   1.6697053e+02   1.8030013e+02
   4.2500000e+01   1.3097053e+02   8.5740126e+01
   4.2600000e+01   5.4970526e+01   9.6780126e+01
   4.2700000e+01   7.6970526e+01   7.1900126e+01
   4.2800000e+01   1.1397053e+02   7.3420126e+01
   4.2900000e+01   1.4997053e+02   2.1398013e+02
   4.3000000e+01   2.3997053e+02   4.5380126e+01
   4.3100000e+01   2.8797053e+02   3.8460126e+01
   4.3200000e+01   2.2397053e+02   5.9020126e+01
   4.3300000e+01   1.9597053e+02   8.7140126e+01
   4.3400000e+01   1.7097053e+02   4.2140126e+01
   4.3500000e+01   1.8197053e+02   6.3700126e+01
   4.3600000e+01   1.1197053e+02   1.3150013e+02
   4.3700000e+01   1.2897053e+02   7.0820126e+01
   4.3800000e+01   1.8797053e+02   5.9460126e+01
   4.3900000e+01   2.5297053e+02   1.7860126e+01
   4.4000000e+01   6.5970526e+01   1.2134013e+02
   4.4100000e+01   1.4897053e+02   1.2302013e+02
   4.4200000e+01   1.8597053e+02   8.9540126e+01
   4.4300000e+01   8.1970526e+01   1.1670013e+02
   4.4400000e+01   3.5797053e+02   6.3660126e+01
   4.4500000e+01   8.0970526e+01   2.8740126e+01
   4.4600000e+01   2.4797053e+02   6.3060126e+01
   4.4700000e+01   2.0970526e+01   1.4714013e+02
   4.4800000e+01   2.5797053e+02   5.7660126e+01
   4.4900000e+01   1.9297053e+02  -5.1739874e+01
   4.5000000e+01   1.4797053e+02   6.4060126e+01
   4.5100000e+01   2.9697053e+02   6.0100126e+01
   4.5200000e+01   1.2970526e+01   5.0460126e+01
   4.5300000e+01   1.9697053e+02   1.3810013e+02
   4.5400000e+01   8.3970526e+01  -4.3798737e+00
   4.5500000e+01   6.6970526e+01   1.3330013e+02
   4.5600000e+01   1.5697053e+02   8.1700126e+01
   4.5700000e+01   1.6797053e+02   6.5260126e+01
   4.5800000e+01   2.9197053e+02   7.7300126e+01
   4.5900000e+01   1.3497053e+02   5.4580126e+01
   4.6000000e+01   3.3897053e+02   8.5420126e+01
   4.6100000e+01   1.8797053e+02   7.8460126e+01
   4.6200000e+01   2.3297053e+02   4.7660126e+01
   4.6300000e+01   1.5497053e+02   5.0780126e+01
   4.6400000e+01   4.0397053e+02   2.7820126e+01
   4.6500000e+01   9.0970526e+01  -1.6659874e+01
   4.6600000e+01   2.2497053e+02   1.0198013e+02
   4.6700000e+01   1.5197053e+02   8.0900126e+01
   4.6800000e+01   6.8970526e+01   4.3220126e+01
   4.6900000e+01   1.5497053e+02   1.3780126e+01
   4.7000000e+01   1.0997053e+02   3.7580126e+01
   4.7100000e+01   1.7097053e+02   9.5140126e+01
   4.7200000e+01   1.4697053e+02   4.4100126e+01
   4.7300000e+01   1.9097053e+02   8.2340126e+01
   4.7400000e+01   1.6097053e+02   6.6540126e+01
   4.7500000e+01   1.2297053e+02   5.9060126e+01
   4.7600000e+01   1.1897053e+02   8.6220126e+01
   4.7700000e+01   2.3697053e+02   8.0500126e+01
   4.7800000e+01   5.8970526e+01   2.1620126e+01
   4.7900000e+01   8.9970526e+01   8.0380126e+01
   4.8000000e+01   2.7597053e+02   4.7940126e+01
   4.8100000e+01   1.9897053e+02   1.0502013e+02
   4.8200000e+01   1.7497053e+02   9.2980126e+01
   4.8300000e+01   2.1297053e+02   6.5460126e+01
   4.8400000e+01   1.0997053e+02   7.0580126e+01
   4.8500000e+01   1.0997053e+02   4.3580126e+01
   4.8600000e+01   1.2597053e+02   6.7940126e+01
   4.8700000e+01   1.5797053e+02   9.6660126e+01
   4.8800000e+01   3.2970526e+01   9.1660126e+01
   4.8900000e+01   1.2897053e+02   9.3820126e+01
   4.9000000e+01   5.5970526e+01   7.6740126e+01
   4.9100000e+01   1.3897053e+02   6.5420126e+01
   4.9200000e+01   1.5197053e+02   1.0590013e+02
   4.9300000e+01   1.0297053e+02   8.8860126e+01
   4.9400000e+01   1.9897053e+02   1.5102013e+02
   4.9500000e+01   7.7970526e+01   1.4286013e+02
   4.9600000e+01   2.2970526e+01   1.0606013e+02
   4.9700000e+01   1.8397053e+02   4.9620126e+01
   4.9800000e+01   2.1297053e+02   2.1460126e+01
   4.9900000e+01   9.7052632e-01   1.2194013e+02
   5.0000000e+01   1.4197053e+02   4.4300126e+01
   5.0100000e+01   1.4297053e+02   1.4526013e+02
   5.0200000e+01   1.9297053e+02   1.3260126e+01
   5.0300000e+01   1.3797053e+02   4.6012632e-01
   5.0400000e+01   1.4497053e+02   4.4180126e+01
   5.0500000e+01   1.8797053e+02   2.3446013e+02
   5.0600000e+01   8.2970526e+01   7.9660126e+01
   5.0700000e+01   2.3897053e+02   1.2142013e+02
   5.0800000e+01   2.2897053e+02   6.7820126e+01
   5.0900000e+01   3.1197053e+02   1.5650013e+02
   5.1000000e+01   1.7097053e+02   7.7140126e+01
   5.1100000e+01   1.8097053e+02   1.7740126e+01
   5.1200000e+01   1.9497053e+02   9.5180126e+01
   5.1300000e+01   1.6497053e+02   1.0238013e+02
   5.1400000e+01   1.6097053e+02   1.2554013e+02
   5.1500000e+01   1.0697053e+02   7.8700126e+01
   5.1600000e+01   1.7897053e+02   7.9820126e+01
   5.1700000e+01   1.5197053e+02   7.0900126e+01
   5.1800000e+01   2.6697053e+02   3.0300126e+01
   5.1900000e+01   1.2497053e+02   1.8298013e+02
   5.2000000e+01  -1.4029474e+01   1.4754013e+02
   5.2100000e+01   1.4697053e+02   7.5100126e+01
   5.2200000e+01   2.0897053e+02   6.2620126e+01
   5.2300000e+01   1.3297053e+02   4.6660126e+01
   5.2400000e+01   1.6797053e+02   1.0526013e+02
   5.2500000e+01   5.0970526e+01   7.8940126e+01
   5.2600000e+01   2.3997053e+02   7.2380126e+01
   5.2700000e+01   1.5497053e+02   1.4978013e+02
   5.2800000e+01   1.4097053e+02   3.2340126e+01
   5.2900000e+01   2.7970526e+01   1.3586013e+02
   5.3000000e+01   1.5597053e+02   1.0474013e+02
   5.3100000e+01   2.1970526e+01   1.2210013e+02
   5.3200000e+01   1.4797053e+02   1.2406013e+02
   5.3300000e+01   1.5197053e+02   9.0900126e+01
   5.3400000e+01   1.4797053e+02   3.1060126e+01
   5.3500000e+01   1.5597053e+02   8.1740126e+01
   5.3600000e+01   8.0970526e+01   1.7774013e+02
   5.3700000e+01   1.3397053e+02   5.8620126e+01
   5.3800000e+01   1.9797053e+02   9.5060126e+01
   5.3900000e+01   1.8797053e+02   2.2460126e+01
   5.4000000e+01   3.8970526e+01   1.0042013e+02
   5.4100000e+01   1.2797053e+02   7.9860126e+01
   5.4200000e+01   2.7397053e+02   7.4020126e+01
   5.4300000e+01   3.4970526e+01   3.4580126e+01
   5.4400000e+01   1.1697053e+02   8.8300126e+01
   5.4500000e+01   2.2097053e+02   5.8140126e+01
   5.4600000e+01   1.0697053e+02   9.9700126e+01
   5.4700000e+01   1.0397053e+02   1.1882013e+02
   5.4800000e+01   9.7970526e+01   7.0060126e+01
   5.4900000e+01   1.6597053e+02   1.4334013e+02
   5.5000000e+01   1.9897053e+02   7.3020126e+01
   5.5100000e+01   2.0997053e+02   2.0580126e+01
   5.5200000e+01   6.3970526e+01   6.4420126e+01
   5.5300000e+01   1.4097053e+02   9.0340126e+01
   5.5400000e+01   2.3697053e+02   1.5550013e+02
   5.5500000e+01   8.2970526e+01   1.1966013e+02
   5.5600000e+01   7.3970526e+01   1.6302013e+02
   5.5700000e+01   1.7297053e+02   8.1060126e+01
   5.5800000e+01   9.8970526e+01   1.9002013e+02
   5.5900000e+01   1.2097053e+02   9.0140126e+01
   5.6000000e+01   2.4197053e+02   5.1300126e+01
   5.6100000e+01   1.8097053e+02   6.6740126e+01
   5.6200000e+01   1.1597053e+02   4.2340126e+01
   5.6300000e+01   1.4097053e+02   7.1340126e+01
   5.6400000e+01   1.1097053e+02   1.0054013e+02
   5.6500000e+01   1.4797053e+02   1.0106013e+02
   5.6600000e+01   1.1797053e+02   8.6260126e+01
   5.6700000e+01   4.7970526e+01   7.0060126e+01
   5.6800000e+01   1.0197053e+02   1.3190013e+02
   5.6900000e+01   2.0897053e+02  -5.3798737e+00
   5.7000000e+01   1.7197053e+02   8.0100126e+01
   5.7100000e+01   1.4497053e+02   7.9180126e+01
   5.7200000e+01   2.2097053e+02   6.2140126e+01
   5.7300000e+01   1.6197053e+02   6.5500126e+01
   5.7400000e+01   2.1197053e+02   1.5650013e+02
   5.7500000e+01   1.2097053e+02   3.4140126e+01
   5.7600000e+01   2.1797053e+02   1.9726013e+02
   5.7700000e+01   2.1597053e+02   1.1634013e+02
   5.7800000e+01   8.7970526e+01   8.6460126e+01
   5.7900000e+01   1.5970526e+01   2.3401263e+00
   5.8000000e+01   2.3197053e+02   1.0470013e+02
   5.8100000e+01   1.6597053e+02   2.5340126e+01
   5.8200000e+01   1.7897053e+02   1.4982013e+02
   5.8300000e+01   9.3970526e+01   3.5220126e+01
   5.8400000e+01   4.1970526e+01   1.2130013e+02
   5.8500000e+01   1.4970526e+01   1.0338013e+02
   5.8600000e+01   8.1970526e+01   7.7700126e+01
   5.8700000e+01   1.3970526e+01   7.6420126e+01
   5.8800000e+01   1.3297053e+02   5.1660126e+01
   5.8900000e+01   1.9997053e+02   1.3980126e+01
   5.9000000e+01   1.7597053e+02   1.5940126e+01
   5.9100000e+01   1.2597053e+02  -3.4059874e+01
   5.9200000e+01   2.1970526e+01   1.5100126e+01
   5.9300000e+01   2.2197053e+02   5.2100126e+01
   5.9400000e+01   2.5697053e+02   1.0870013e+02
   5.9500000e+01   1.8797053e+02   4.5460126e+01
   5.9600000e+01   1.6797053e+02   1.1126013e+02
   5.9700000e+01   2.1297053e+02   3.8460126e+01
   5.9800000e+01   1.5097053e+02   9.9401263e+00
   5.9900000e+01   1.1297053e+02   1.0546013e+02
   6.0000000e+01  -1.0294737e+00   1.1702013e+02
   6.0100000e+01   1.1697053e+02   9.6300126e+01
   6.0200000e+01   1.5097053e+02   6.0940126e+01
   6.0300000e+01   1.9297053e+02   1.2601263e+00
   6.0400000e+01   1.1997053e+02   1.1218013e+02
   6.0500000e+01   9.2970526e+01   2.0260126e+01
   6.0600000e+01  -4.1029474e+01   2.2620126e+01
   6.0700000e+01   1.4197053e+02   1.0730013e+02
   6.0800000e+01   8.1970526e+01   9.8700126e+01
   6.0900000e+01   9.6970526e+01   5.7100126e+01
   6.1000000e+01   1.1697053e+02   4.7300126e+01
   6.1100000e+01   1.2597053e+02   1.3940126e+01
   6.1200000e+01   2.5697053e+02   1.0700126e+01
   6.1300000e+01   1.3397053e+02   5.0620126e+01
   6.1400000e+01   2.2397053e+02   7.4020126e+01
   6.1500000e+01   4.9705263e+00  -1.1219874e+01
   6.1600000e+01   4.3970526e+01   5.7220126e+01
   6.1700000e+01   2.0197053e+02   5.3900126e+01
   6.1800000e+01   2.0797053e+02   1.0766013e+02
   6.1900000e+01   1.3997053e+02   6.1380126e+01
   6.2000000e+01   9.0970526e+01   1.3634013e+02
   6.2100000e+01   1.5697053e+02  -2.9987368e-01
   6.2200000e+01   5.8970526e+01   1.9620126e+01
   6.2300000e+01   1.7697053e+02   4.6900126e+01
   6.2400000e+01   1.8297053e+02   8.5660126e+01
   6.2500000e+01   2.3197053e+02   5.2700126e+01
   6.2600000e+01   1.0497053e+02   6.5780126e+01
   6.2700000e+01   8.1970526e+01   4.1700126e+01
   6.2800000e+01   1.1597053e+02   1.3934013e+02
   6.2900000e+01   1.0297053e+02   7.1860126e+01
   6.3000000e+01   1.6497053e+02   5.9380126e+01
   6.3100000e+01   1.9397053e+02   6.9220126e+01
   6.3200000e+01   7.3970526e+01   4.9020126e+01
   6.3300000e+01   1.4997053e+02   2.3980126e+01
   6.3400000e+01   1.6097053e+02  -8.4598737e+00
   6.3500000e+01   2.4497053e+02   1.8180126e+01
   6.3600000e+01   9.0970526e+01   7.3340126e+01
   6.3700000e+01   1.9397053e+02   1.2220126e+01
   6.3800000e+01   9.3970526e+01   8.7220126e+01
   6.3900000e+01   2.2970526e+01   4.1060126e+01
   6.4000000e+01   2.1697053e+02   1.0030013e+02
   6.4100000e+01   7.3970526e+01   7.4020126e+01
   6.4200000e+01   1.4197053e+02   6.6300126e+01
   6.4300000e+01   1.1497053e+02   9.3801263e+00
   6.4400000e+01   2.1197053e+02   1.8150013e+02
   6.4500000e+01   1.5497053e+02   1.7078013e+02
   6.4600000e+01   1.4097053e+02   4.4340126e+01
   6.4700000e+01   1.1497053e+02   4.6380126e+01
   6.4800000e+01   1.2797053e+02   3.6860126e+01
   6.4900000e+01   1.4997053e+02   1.4798013e+02
   6.5000000e+01   5.2970526e+01   8.4860126e+01
   6.5100000e+01   2.1797053e+02   2.4260126e+01
   6.5200000e+01   1.0497053e+02   1.4378013e+02
   6.5300000e+01   1.4397053e+02   1.0422013e+02
   6.5400000e+01   2.7297053e+02   7.1060126e+01
   6.5500000e+01   1.9697053e+02   1.0910013e+02
   6.5600000e+01   2.0497053e+02   7.4780126e+01
   6.5700000e+01   1.1997053e+02   1.0318013e+02
   6.5800000e+01   1.2797053e+02   5.7860126e+01
   6.5900000e+01   9.3970526e+01   4.0220126e+01
   6.6000000e+01   1.6097053e+02   7.7540126e+01
   6.6100000e+01   1.8497053e+02   2.1058013e+02
   6.6200000e+01   1.5797053e+02   1.0166013e+02
   6.6300000e+01   2.8697053e+02   2.0500126e+01
   6.6400000e+01   2.8597053e+02   4.6540126e+01
   6.6500000e+01   8.2970526e+01   5.1660126e+01
   6.6600000e+01   1.5397053e+02   9.5820126e+01
   6.6700000e+01   1.4997053e+02   5.4980126e+01
   6.6800000e+01   1.4197053e+02   1.7130013e+02
   6.6900000e+01   2.3397053e+02   4.4620126e+01
   6.7000000e+01   1.0497053e+02   2.2780126e+01
   6.7100000e+01   1.9197053e+02   6.5300126e+01
   6.7200000e+01   3.3397053e+02   9.8620126e+01
   6.7300000e+01   1.2297053e+02   1.3606013e+02
   6.7400000e+01   1.3297053e+02   6.5660126e+01
   6.7500000e+01   2.5397053e+02   1.0382013e+02
   6.7600000e+01   1.0297053e+02   6.4860126e+01
   6.7700000e+01   1.5897053e+02   1.5062013e+02
   6.7800000e+01   2.2697053e+02   8.2900126e+01
   6.7900000e+01   7.1970526e+01   9.6100126e+01
   6.8000000e+01   1.5397053e+02  -2.1798737e+00
   6.8100000e+01   2.1397053e+02   1.1420126e+01
   6.8200000e+01   1.2297053e+02   3.3060126e+01
   6.8300000e+01   1.4997053e+02   5.3980126e+01
   6.8400000e+01   1.4797053e+02   9.3060126e+01
   6.8500000e+01   1.7197053e+02   1.1210013e+02
   6.8600000e+01   3.6097053e+02   7.6540126e+01
   6.8700000e+01   1.6970526e+01   1.2830013e+02
   6.8800000e+01   2.3997053e+02   6.9380126e+01
   6.8900000e+01   2.2397053e+02   5.5020126e+01
   6.9000000e+01   1.8097053e+02   5.9740126e+01
   6.9100000e+01   2.4397053e+02   7.2220126e+01
   6.9200000e+01   3.6897053e+02   1.2122013e+02
   6.9300000e+01   1.8297053e+02   9.6660126e+01
   6.9400000e+01   3.5097053e+02   9.7940126e+01
   6.9500000e+01   9.1970526e+01   4.6300126e+01
   6.9600000e+01   2.8297053e+02   9.2660126e+01
   6.9700000e+01   1.1097053e+02   6.6540126e+01
   6.9800000e+01   1.9097053e+02   1.3401263e+00
   6.9900000e+01   6.4970526e+01   9.4380126e+01
   7.0000000e+01   1.8197053e+02   1.1470013e+02
   7.0100000e+01   1.8697053e+02   1.3250013e+02
   7.0200000e+01   2.0197053e+02   3.1900126e+01
   7.0300000e+01   1.2097053e+02   1.1414013e+02
   7.0400000e+01   1.6497053e+02  -2.6198737e+00
   7.0500000e+01   9.3970526e+01   1.0522013e+02
   7.0600000e+01   2.6897053e+02   1.6122013e+02
   7.0700000e+01   9.9705263e+00   1.0358013e+02
   7.0800000e+01   1.4297053e+02   2.9260126e+01
   7.0900000e+01   2.6897053e+02   3.1220126e+01
   7.1000000e+01   9.8970526e+01   1.0602013e+02
   7.1100000e+01   1.8797053e+02   1.1946013e+02
   7.1200000e+01   1.1297053e+02   7.8460126e+01
   7.1300000e+01   1.7997053e+02   1.1778013e+02
   7.1400000e+01   2.4697053e+02   3.2100126e+01
   7.1500000e+01   1.9697053e+02   1.3610013e+02
   7.1600000e+01   2.2597053e+02   6.5940126e+01
   7.1700000e+01   7.4970526e+01   1.1198013e+02
   7.1800000e+01   1.6997053e+02   2.7180126e+01
   7.1900000e+01   2.6197053e+02   3.0500126e+01
   7.2000000e+01   1.1297053e+02  -5.3987368e-01
   7.2100000e+01   2.5997053e+02   6.6580126e+01
   7.2200000e+01   1.1697053e+02   9.9300126e+01
   7.2300000e+01   1.3697053e+02   5.0500126e+01
   7.2400000e+01   2.1697053e+02   4.3001263e+00
   7.2500000e+01   1.1997053e+02   5.8180126e+01
   7.2600000e+01   1.0597053e+02   8.2740126e+01
   7.2700000e+01   7.2970526e+01   1.2906013e+02
   7.2800000e+01   1.2697053e+02   4.7900126e+01
   7.2900000e+01   2.2597053e+02   4.5940126e+01
   7.3000000e+01   1.0797053e+02   2.9660126e+01
   7.3100000e+01   1.5897053e+02   2.7620126e+01
   7.3200000e+01   1.4970526e+01   1.9238013e+02
   7.3300000e+01   2.7197053e+02   1.6710013e+02
   7.3400000e+01   4.9970526e+01   4.2980126e+01
   7.3500000e+01   1.9597053e+02   6.2140126e+01
   7.3600000e+01   9.0970526e+01   5.4340126e+01
   7.3700000e+01   1.1697053e+02   8.1300126e+01
   7.3800000e+01   2.3797053e+02   9.0460126e+01
   7.3900000e+01   9.8970526e+01   1.0102013e+02
   7.4000000e+01   1.6497053e+02   8.8380126e+01
   7.4100000e+01   5.1970526e+01   2.4900126e+01
   7.4200000e+01   1.6797053e+02   8.5260126e+01
   7.4300000e+01   1.5297053e+02   1.4286013e+02
   7.4400000e+01   9.7970526e+01   3.9060126e+01
   7.4500000e+01   2.8197053e+02   6.3700126e+01
   7.4600000e+01   8.4970526e+01   7.8580126e+01
   7.4700000e+01   2.6297053e+02   7.1460126e+01
   7.4800000e+01   1.4897053e+02   7.9020126e+01
   7.4900000e+01   2.6197053e+02   1.0950013e+02
   7.5000000e+01   9.2970526e+01   4.0260126e+01
   7.5100000e+01   4.8970526e+01   4.1020126e+01
   7.5200000e+01   1.2597053e+02   6.5940126e+01
   7.5300000e+01   6.0970526e+01   1.6654013e+02
   7.5400000e+01   1.0997053e+02   2.9580126e+01
   7.5500000e+01   1.4397053e+02   6.9220126e+01
   7.5600000e+01   2.0797053e+02   7.5660126e+01
   7.5700000e+01   1.2697053e+02   5.3900126e+01
   7.5800000e+01   2.0997053e+02   1.0158013e+02
   7.5900000e+01   2.2397053e+02   7.1020126e+01
   7.6000000e+01   2.3197053e+02   7.6700126e+01
   7.6100000e+01   1.8970526e+01   1.1822013e+02
   7.6200000e+01   1.6397053e+02   9.4420126e+01
   7.6300000e+01   1.6897053e+02   1.7422013e+02
   7.6400000e+01   4.8970526e+01   1.2702013e+02
   7.6500000e+01   1.4397053e+02   3.3220126e+01
   7.6600000e+01   2.2397053e+02   1.1802013e+02
   7.6700000e+01   7.5970526e+01   7.4940126e+01
   7.6800000e+01   1.4297053e+02   1.6526013e+02
   7.6900000e+01   2.2297053e+02   6.7060126e+01
   7.7000000e+01   2.2297053e+02   3.0601263e+00
   7.7100000e+01   1.0697053e+02   5.3700126e+01
   7.7200000e+01   3.2970526e+01   3.4660126e+01
   7.7300000e+01   1.6097053e+02   5.3540126e+01
   7.7400000e+01   2.2497053e+02   6.9980126e+01
   7.7500000e+01   1.1997053e+02   1.0218013e+02
   7.7600000e+01   2.2497053e+02   1.5698013e+02
   7.7700000e+01   2.1297053e+02   7.9460126e+01
   7.7800000e+01   2.0197053e+02   4.2900126e+01
   7.7900000e+01   2.5097053e+02   1.2994013e+02
   7.8000000e+01   1.6097053e+02   6.0540126e+01
   7.8100000e+01   1.5197053e+02   6.7900126e+01
   7.8200000e+01   2.1697053e+02   7.7300126e+01
   7.8300000e+01   7.1970526e+01   7.4100126e+01
   7.8400000e+01   1.7797053e+02   2.6860126e+01
   7.8500000e+01   9.3970526e+01   9.1220126e+01
   7.8600000e+01   1.7797053e+02   1.2586013e+02
   7.8700000e+01   2.3397053e+02   5.6620126e+01
   7.8800000e+01   1.1497053e+02   4.2380126e+01
   7.8900000e+01   1.2297053e+02   5.8060126e+01
   7.9000000e+01   1.5797053e+02   8.7660126e+01
   7.9100000e+01   1.7797053e+02   6.9860126e+01
   7.9200000e+01   2.0297053e+02   1.0486013e+02
   7.9300000e+01   2.8970526e+01   6.5820126e+01
   7.9400000e+01   5.1970526e+01   1.1290013e+02
   7.9500000e+01   1.1797053e+02   2.0260126e+01
   7.9600000e+01   1.3797053e+02   1.0460126e+01
   7.9700000e+01   1.0497053e+02   6.3780126e+01
   7.9800000e+01   1.1097053e+02   2.7540126e+01
   7.9900000e+01   3.6970526e+01   1.4850013e+02
   8.0000000e+01   1.8397053e+02   4.0620126e+01
   8.0100000e+01   1.7897053e+02   6.8820126e+01
   8.0200000e+01   2.3970526e+01   1.5102013e+02
   8.0300000e+01   1.6597053e+02   4.8340126e+01
   8.0400000e+01   1.2297053e+02   8.4060126e+01
   8.0500000e+01   5.4970526e+01   5.5780126e+01
   8.0600000e+01   1.0497053e+02   1.6078013e+02
   8.0700000e+01   2.2970526e+01   5.8060126e+01
   8.0800000e+01   2.4097053e+02   1.0634013e+02
   8.0900000e+01   1.1297053e+02   9.5460126e+01
   8.1000000e+01   8.6970526e+01  -8.4998737e+00
   8.1100000e+01   1.1097053e+02   2.0540126e+01
   8.1200000e+01   2.0997053e+02   6.7580126e+01
   8.1300000e+01   2.1997053e+02   8.4180126e+01
   8.1400000e+01   3.3970526e+01   2.3620126e+01
   8.1500000e+01   1.5197053e+02   1.1390013e+02
   8.1600000e+01   9.7970526e+01   3.2060126e+01
   8.1700000e+01   6.1970526e+01   1.0250013e+02
   8.1800000e+01   2.0597053e+02   8.7740126e+01
   8.1900000e+01   1.0997053e+02  -1.4419874e+01
   8.2000000e+01   3.5970526e+01   1.1354013e+02
   8.2100000e+01   8.1970526e+01   5.2700126e+01
   8.2200000e+01   9.7052632e-01   4.9940126e+01
   8.2300000e+01   1.2797053e+02   3.8860126e+01
   8.2400000e+01   1.1397053e+02   3.9420126e+01
   8.2500000e+01   2.6297053e+02   1.3446013e+02
   8.2600000e+01   1.4397053e+02   6.7220126e+01
   8.2700000e+01   1.2197053e+02   5.1001263e+00
   8.2800000e+01   1.2697053e+02   8.0900126e+01
   8.2900000e+01   1.1897053e+02   5.5220126e+01
   8.3000000e+01   1.2970526e+01   2.6460126e+01
   8.3100000e+01   1.2597053e+02   6.5940126e+01
   8.3200000e+01   2.2970526e+01   5.2060126e+01
   8.3300000e+01   8.8970526e+01   8.1420126e+01
   8.3400000e+01   9.2970526e+01   3.3260126e+01
   8.3500000e+01   9.2970526e+01   9.7260126e+01
   8.3600000e+01   7.9705263e+00   3.0660126e+01
   8.3700000e+01   8.9970526e+01   1.0938013e+02
   8.3800000e+01   1.2597053e+02   9.8940126e+01
   8.3900000e+01  -9.0294737e+00   4.3340126e+01
   8.4000000e+01  -1.3029474e+01   2.7500126e+01
   8.4100000e+01   1.2397053e+02   1.7902013e+02
   8.4200000e+01   1.7970526e+01   1.1126013e+02
   8.4300000e+01   1.4297053e+02  -1.7739874e+01
   8.4400000e+01   2.1497053e+02   8.6380126e+01
   8.4500000e+01  -5.5029474e+01  -2.9819874e+01
   8.4600000e+01   7.3970526e+01   1.4902013e+02
   8.4700000e+01   8.4970526e+01   5.3580126e+01
   8.4800000e+01   4.7970526e+01   4.3060126e+01
   8.4900000e+01   5.1970526e+01   8.2900126e+01
   8.5000000e+01   1.7197053e+02   1.0910013e+02
   8.5100000e+01   8.9705263e+00   1.1062013e+02
   8.5200000e+01   3.7970526e+01   1.1146013e+02
   8.5300000e+01   7.4970526e+01   7.1980126e+01
   8.5400000e+01   5.7970526e+01   6.4660126e+01
   8.5500000e+01   5.9705263e+00   1.9740126e+01
   8.5600000e+01   1.3297053e+02   4.8660126e+01
   8.5700000e+01   1.1497053e+02  -2.0619874e+01
   8.5800000e+01   1.9197053e+02   1.0030013e+02
   8.5900000e+01   2.6970526e+01   9.8900126e+01
   8.6000000e+01   1.3997053e+02   1.1438013e+02
   8.6100000e+01   1.7097053e+02   6.2140126e+01
   8.6200000e+01   2.4597053e+02   1.1814013e+02
   8.6300000e+01   5.1970526e+01   7.4900126e+01
   8.6400000e+01   9.6970526e+01   9.1100126e+01
   8.6500000e+01   8.4970526e+01   5.8012632e-01
   8.6600000e+01   8.1970526e+01   9.3700126e+01
   8.6700000e+01   2.0797053e+02   3.8660126e+01
   8.6800000e+01   1.6997053e+02   1.3318013e+02
   8.6900000e+01   2.3970526e+01   2.7020126e+01
   8.7000000e+01   9.1970526e+01   9.4300126e+01
   8.7100000e+01   8.8970526e+01   1.2942013e+02
   8.7200000e+01  -1.2029474e+01   2.7460126e+01
   8.7300000e+01   6.7970526e+01   4.4260126e+01
   8.7400000e+01   1.0797053e+02   9.9660126e+01
   8.7500000e+01   1.1897053e+02   1.1422013e+02
   8.7600000e+01   1.2697053e+02   1.0990013e+02
   8.7700000e+01   5.3970526e+01   1.1382013e+02
   8.7800000e+01   4.9970526e+01  -1.0019874e+01
   8.7900000e+01  -5.0294737e+00   1.5918013e+02
   8.8000000e+01   2.3397053e+02   1.0962013e+02
   8.8100000e+01   2.5397053e+02   4.0820126e+01
   8.8200000e+01   1.6197053e+02   1.5750013e+02
   8.8300000e+01   1.3297053e+02   6.6660126e+01
   8.8400000e+01   1.5970526e+01   3.8340126e+01
   8.8500000e+01   1.1497053e+02   7.8380126e+01
   8.8600000e+01   1.4797053e+02   4.2060126e+01
   8.8700000e+01   9.7970526e+01   1.4506013e+02
   8.8800000e+01   1.3197053e+02   5.5700126e+01
   8.8900000e+01   3.4970526e+01  -1.7419874e+01
   8.9000000e+01   9.9970526e+01   3.5980126e+01
   8.9100000e+01   3.3970526e+01  -3.4379874e+01
   8.9200000e+01   1.0297053e+02   1.8601263e+00
   8.9300000e+01   1.0997053e+02  -1.3419874e+01
   8.9400000e+01   2.0297053e+02  -3.1139874e+01
   8.9500000e+01   1.3097053e+02   7.7401263e+00
   8.9600000e+01   1.7597053e+02   5.9401263e+00
   8.9700000e+01   2.4497053e+02   5.7180126e+01
   8.9800000e+01   8.8970526e+01   1.4420126e+01
   8.9900000e+01   1.7797053e+02   5.7860126e+01
   9.0000000e+01   1.3197053e+02   5.7700126e+01
   9.0100000e+01   7.2970526e+01   7.1060126e+01
   9.0200000e+01   2.9897053e+02  -4.0979874e+01
   9.0300000e+01   1.9397053e+02   7.4220126e+01
   9.0400000e+01   9.1970526e+01  -3.2699874e+01
   9.0500000e+01   1.2097053e+02  -2.6859874e+01
   9.0600000e+01   1.0197053e+02   2.1900126e+01
   9.0700000e+01   7.9970526e+01   8.3780126e+01
   9.0800000e+01   2.2397053e+02   4.0201263e+00
   9.0900000e+01   8.4970526e+01   1.1580126e+01
   9.1000000e+01   1.7797053e+02   4.5860126e+01
   9.1100000e+01   1.0697053e+02  -1.5299874e+01
   9.1200000e+01   2.3197053e+02  -5.7299874e+01
   9.1300000e+01   1.9997053e+02   2.2980126e+01
   9.1400000e+01   9.3970526e+01   3.4220126e+01
   9.1500000e+01   7.4970526e+01  -3.4019874e+01
   9.1600000e+01   1.3397053e+02   1.6201263e+00
   9.1700000e+01   2.1997053e+02  -4.3819874e+01
   9.1800000e+01  -2.6029474e+01   4.1020126e+01
   9.1900000e+01   1.0597053e+02   1.0740126e+01
   9.2000000e+01   2.3997053e+02   1.3801263e+00
   9.2100000e+01   2.7197053e+02   5.8100126e+01
   9.2200000e+01   1.2197053e+02   3.1001263e+00
   9.2300000e+01   7.1970526e+01  -5.0899874e+01
   9.2400000e+01   2.2497053e+02  -1.0198737e+00
   9.2500000e+01   1.6297053e+02   4.2460126e+01
   9.2600000e+01   1.1797053e+02   1.1260126e+01
   9.2700000e+01   1.1697053e+02   5.8300126e+01
   9.2800000e+01   1.8597053e+02   5.8540126e+01
   9.2900000e+01   1.1297053e+02   8.5460126e+01
   9.3000000e+01   2.3197053e+02  -2.0299874e+01
   9.3100000e+01   8.2970526e+01   1.9660126e+01
   9.3200000e+01   2.0697053e+02   3.4700126e+01
   9.3300000e+01   1.6997053e+02   3.1801263e+00
   9.3400000e+01   1.3997053e+02   4.9380126e+01
   9.3500000e+01   2.3697053e+02   2.1500126e+01
   9.3600000e+01   8.8970526e+01   3.0420126e+01
   9.3700000e+01   1.9597053e+02   2.1401263e+00
   9.3800000e+01   3.3197053e+02   3.8700126e+01
   9.3900000e+01   1.2397053e+02   2.0126316e-02
   9.4000000e+01   1.2597053e+02  -4.6059874e+01
   9.4100000e+01   2.2897053e+02   3.6820126e+01
   9.4200000e+01   1.8497053e+02   3.6580126e+01
   9.4300000e+01   1.0997053e+02   5.8012632e-01
   9.4400000e+01   1.3697053e+02   8.5001263e+00
   9.4500000e+01   1.8097053e+02   6.3740126e+01
   9.4600000e+01   1.3697053e+02  -1.9499874e+01
   9.4700000e+01   2.5897053e+02   1.0620126e+01
   9.4800000e+01   6.4970526e+01  -2.8619874e+01
   9.4900000e+01   1.5297053e+02   1.1486013e+02
   9.5000000e+01   2.4197053e+02  -3.0699874e+01
   9.5100000e+01   1.0797053e+02   3.1660126e+01
   9.5200000e+01   2.5497053e+02   5.9780126e+01
   9.5300000e+01   1.9997053e+02  -1.5019874e+01
   9.5400000e+01   1.0697053e+02   2.2700126e+01
   9.5500000e+01   1.9297053e+02   3.2260126e+01
   9.5600000e+01   3.2497053e+02   9.6980126e+01
   9.5700000e+01   1.2297053e+02   1.8060126e+01
   9.5800000e+01   8.0970526e+01   7.4740126e+01
   9.5900000e+01   2.3797053e+02   8.4601263e+00
   9.6000000e+01   8.2970526e+01   4.4660126e+01
   9.6100000e+01   1.9497053e+02   3.6180126e+01
   9.6200000e+01   1.6097053e+02   1.5540126e+01
   9.6300000e+01   7.7970526e+01   3.5860126e+01
   9.6400000e+01   1.9597053e+02  -8.8598737e+00
   9.6500000e+01   1.6297053e+02   1.4601263e+00
   9.6600000e+01   1.1597053e+02   9.2340126e+01
   9.6700000e+01   1.5397053e+02   5.8201263e+00
   9.6800000e+01   3.6970526e+01  -2.6499874e+01
   9.6900000e+01   2.8297053e+02  -7.2339874e+01
   9.7000000e+01   6.0970526e+01   3.8540126e+01
   9.7100000e+01   1.3097053e+02  -2.2259874e+01
   9.7200000e+01   1.8597053e+02  -4.0459874e+01
   9.7300000e+01   8.4970526e+01   2.0580126e+01
   9.7400000e+01   1.8997053e+02   3.9380126e+01
   9.7500000e+01   2.9597053e+02   1.3514013e+02
   9.7600000e+01   1.4497053e+02   1.9180126e+01
   9.7700000e+01   1.8397053e+02   1.4620126e+01
   9.7800000e+01   1.5797053e+02   5.2660126e+01
   9.7900000e+01   2.1097053e+02   3.6540126e+01
   9.8000000e+01   6.6970526e+01   4.2300126e+01
   9.8100000e+01   2.5597053e+02   1.2740126e+01
   9.8200000e+01   1.5197053e+02   1.5900126e+01
   9.8300000e+01   2.9697053e+02   2.0100126e+01
   9.8400000e+01   9.7970526e+01  -1.3939874e+01
   9.8500000e+01   3.2097053e+02  -2.6859874e+01
   9.8600000e+01   2.1097053e+02   6.1540126e+01
   9.8700000e+01   1.8597053e+02   1.8540126e+01
   9.8800000e+01   1.7797053e+02  -2.2139874e+01
   9.8900000e+01   1.8897053e+02  -1.4579874e+01
   9.9000000e+01   2.3197053e+02  -3.7299874e+01
   9.9100000e+01   2.1097053e+02   2.1540126e+01
   9.9200000e+01   1.9897053e+02  -1.7979874e+01
   9.9300000e+01   3.3397053e+02   2.6201263e+00
   9.9400000e+01   2.9197053e+02   3.0012632e-01
   9.9500000e+01   1.7797053e+02  -2.6139874e+01
   9.9600000e+01   1.1497053e+02   9.0380126e+01
   9.9700000e+01   1.1797053e+02   1.7260126e+01
   9.9800000e+01   1.4297053e+02  -1.6739874e+01
   9.9900000e+01   2.8970526e+01   5.4820126e+01
   1.0000000e+02   6.5970526e+01   8.6340126e+01
   1.0010000e+02   3.1097053e+02  -1.8459874e+01
   1.0020000e+02   1.3297053e+02   2.8660126e+01
   1.0030000e+02   6.2970526e+01   4.4601263e+00
   1.0040000e+02   9.7970526e+01   5.0601263e+00
   1.0050000e+02   1.4697053e+02  -3.5899874e+01
   1.0060000e+02   2.1297053e+02  -6.5398737e+00
   1.0070000e+02   1.1697053e+02   3.9300126e+01
   1.0080000e+02   5.3970526e+01   5.0820126e+01
   1.0090000e+02   1.4497053e+02  -2.0819874e+01
   1.0100000e+02   9.3970526e+01   2.2220126e+01
   1.0110000e+02   2.2797053e+02  -1.6139874e+01
   1.0120000e+02   1.4297053e+02   7.2601263e+00
   1.0130000e+02   1.1597053e+02  -2.6598737e+00
   1.0140000e+02   8.2970526e+01   5.9660126e+01
   1.0150000e+02   1.7897053e+02   2.5820126e+01
   1.0160000e+02   2.3297053e+02  -4.7339874e+01
   1.0170000e+02   2.0397053e+02   1.9820126e+01
   1.0180000e+02   2.9097053e+02   5.6340126e+01
   1.0190000e+02   1.9697053e+02  -4.4899874e+01
   1.0200000e+02   1.0097053e+02   1.3940126e+01
   1.0210000e+02   2.4997053e+02  -2.9019874e+01
   1.0220000e+02   3.3897053e+02   3.7420126e+01
   1.0230000e+02   1.5597053e+02  -4.4259874e+01
   1.0240000e+02   7.5970526e+01   1.3940126e+01
   1.0250000e+02   6.3970526e+01   6.1420126e+01
   1.0260000e+02   1.5497053e+02  -1.0219874e+01
   1.0270000e+02   2.2597053e+02  -1.5059874e+01
   1.0280000e+02   2.5497053e+02  -2.6219874e+01
   1.0290000e+02   9.7970526e+01   6.0126316e-02
   1.0300000e+02   1.9397053e+02  -6.7798737e+00
   1.0310000e+02   1.4097053e+02  -3.0659874e+01
   1.0320000e+02   2.4297053e+02   5.8260126e+01
   1.0330000e+02   1.1897053e+02  -4.7798737e+00
   1.0340000e+02   3.8797053e+02  -4.5398737e+00
   1.0350000e+02   2.8997053e+02   3.6380126e+01
   1.0360000e+02   2.1497053e+02  -3.3619874e+01
   1.0370000e+02   2.1097053e+02   2.9540126e+01
   1.0380000e+02   1.8397053e+02   9.6201263e+00
   1.0390000e+02   1.0797053e+02   5.6660126e+01
   1.0400000e+02   4.9705263e+00   2.4780126e+01
   1.0410000e+02   1.7097053e+02   5.8140126e+01
   1.0420000e+02   4.3970526e+01  -2.5779874e+01
   1.0430000e+02   1.2097053e+02  -5.0859874e+01
   1.0440000e+02   6.2970526e+01  -6.0539874e+01
   1.0450000e+02   1.7997053e+02   8.5780126e+01
   1.0460000e+02   1.5797053e+02   2.4660126e+01
   1.0470000e+02   1.9797053e+02   6.9060126e+01
   1.0480000e+02   2.1097053e+02   1.0540126e+01
   1.0490000e+02   1.8897053e+02   4.1420126e+01
   1.0500000e+02   1.7197053e+02  -1.4899874e+01
   1.0510000e+02   2.2597053e+02   7.9401263e+00
   1.0520000e+02   2.2697053e+02   5.0900126e+01
   1.0530000e+02   9.9970526e+01   9.9801263e+00
   1.0540000e+02   2.5097053e+02   1.0394013e+02
   1.0550000e+02   3.2997053e+02  -1.4219874e+01
   1.0560000e+02   2.5497053e+02   3.6780126e+01
   1.0570000e+02   2.0897053e+02   3.0620126e+01
   1.0580000e+02   1.8797053e+02   9.1460126e+01
   1.0590000e+02   1.1697053e+02   8.2300126e+01
   1.0600000e+02   5.9970526e+01   7.7580126e+01
   1.0610000e+02   2.5897053e+02  -2.3798737e+00
   1.0620000e+02   9.0970526e+01   1.0534013e+02
   1.0630000e+02   1.8997053e+02   5.8380126e+01
   1.0640000e+02   8.0970526e+01   6.7740126e+01
   1.0650000e+02   9.4970526e+01   2.9180126e+01
   1.0660000e+02   1.1897053e+02   5.1220126e+01
   1.0670000e+02   1.4297053e+02   2.1260126e+01
   1.0680000e+02   8.8970526e+01   9.2420126e+01
   1.0690000e+02   1.5097053e+02  -7.0598737e+00
   1.0700000e+02   1.3197053e+02   3.2700126e+01
   1.0710000e+02   1.6797053e+02   3.0260126e+01
   1.0720000e+02   1.7297053e+02   5.3060126e+01
   1.0730000e+02   1.7797053e+02   3.0860126e+01
   1.0740000e+02   3.6970526e+01   8.9500126e+01
   1.0750000e+02   5.6970526e+01   3.4700126e+01
   1.0760000e+02   2.6197053e+02   4.7500126e+01
   1.0770000e+02   1.8397053e+02  -3.5379874e+01
   1.0780000e+02   1.7497053e+02   3.0980126e+01
   1.0790000e+02   1.8497053e+02  -1.4198737e+00
   1.0800000e+02   4.2697053e+02   2.0900126e+01
   1.0810000e+02   2.0397053e+02  -1.7987368e-01
   1.0820000e+02   2.0197053e+02  -1.1099874e+01
   1.0830000e+02   1.7397053e+02  -6.4979874e+01
   1.0840000e+02   1.8897053e+02   3.4201263e+00
   1.0850000e+02   1.4897053e+02   5.0201263e+00
   1.0860000e+02   1.9897053e+02   1.0020126e+01
   1.0870000e+02   1.0397053e+02   4.9820126e+01
   1.0880000e+02   1.1997053e+02   4.1801263e+00
   1.0890000e+02   2.9997053e+02   8.9801263e+00
   1.0900000e+02   1.3797053e+02   6.7460126e+01
   1.0910000e+02   1.6097053e+02   7.2540126e+01
   1.0920000e+02   3.6397053e+02  -1.0579874e+01
   1.0930000e+02   2.9497053e+02   1.2218013e+02
   1.0940000e+02   1.4497053e+02   6.6180126e+01
   1.0950000e+02   2.6897053e+02   1.9220126e+01
   1.0960000e+02   1.9597053e+02   8.4140126e+01
   1.0970000e+02   4.0697053e+02  -1.2299874e+01
   1.0980000e+02   2.4697053e+02   5.8100126e+01
   1.0990000e+02   1.7397053e+02   1.0102013e+02
   1.1000000e+02   9.6970526e+01  -4.8998737e+00
   1.1010000e+02   8.8970526e+01   2.6420126e+01
   1.1020000e+02   2.4397053e+02  -3.0779874e+01
   1.1030000e+02   1.4997053e+02  -4.6019874e+01
   1.1040000e+02   1.8197053e+02   8.7001263e+00
   1.1050000e+02   2.3997053e+02  -9.6198737e+00
   1.1060000e+02   8.7970526e+01   1.1460126e+01
   1.1070000e+02   1.7197053e+02   5.1001263e+00
   1.1080000e+02   1.9597053e+02   7.1401263e+00
   1.1090000e+02   3.0797053e+02   2.9660126e+01
   1.1100000e+02   1.8397053e+02   1.8662013e+02
   1.1110000e+02   3.6797053e+02  -2.3739874e+01
   1.1120000e+02   1.3897053e+02   2.2420126e+01
   1.1130000e+02   2.8897053e+02   3.9420126e+01
   1.1140000e+02   1.2797053e+02   4.9860126e+01
   1.1150000e+02   1.4597053e+02   3.0140126e+01
   1.1160000e+02   3.1197053e+02  -2.1499874e+01
   1.1170000e+02   2.4097053e+02  -1.0659874e+01
   1.1180000e+02   2.2797053e+02  -1.2139874e+01
   1.1190000e+02   9.6970526e+01  -5.8998737e+00
   1.1200000e+02   1.4697053e+02  -2.3899874e+01
   1.1210000e+02   2.1797053e+02   5.7260126e+01
   1.1220000e+02   3.8970526e+01   4.1420126e+01
   1.1230000e+02   4.6970526e+01  -1.3899874e+01
   1.1240000e+02   2.0497053e+02   4.1780126e+01
   1.1250000e+02   2.2297053e+02   8.0601263e+00
   1.1260000e+02   1.1497053e+02  -6.1987368e-01
   1.1270000e+02   2.8097053e+02  -2.3259874e+01
   1.1280000e+02   2.6097053e+02  -1.0459874e+01
   1.1290000e+02   2.5797053e+02  -3.3339874e+01
   1.1300000e+02   2.3497053e+02   7.8580126e+01
   1.1310000e+02   9.0970526e+01   4.0340126e+01
   1.1320000e+02   1.4797053e+02   1.5060126e+01
   1.1330000e+02   9.9705263e+00  -3.4198737e+00
   1.1340000e+02   1.0597053e+02   5.2740126e+01
   1.1350000e+02   1.7097053e+02   2.7140126e+01
   1.1360000e+02   1.8897053e+02  -5.5579874e+01
   1.1370000e+02   7.2970526e+01  -2.0939874e+01
   1.1380000e+02   1.8897053e+02  -1.1579874e+01
   1.1390000e+02   1.5497053e+02   3.9780126e+01
   1.1400000e+02   1.3297053e+02  -2.7339874e+01
   1.1410000e+02   1.8697053e+02  -1.2499874e+01
   1.1420000e+02   1.9697053e+02   1.3100126e+01
   1.1430000e+02   1.4197053e+02   1.1630013e+02
   1.1440000e+02   9.3970526e+01  -3.7779874e+01
   1.1450000e+02   1.4797053e+02   6.0126316e-02
   1.1460000e+02   2.0697053e+02   1.7700126e+01
   1.1470000e+02   1.6397053e+02   5.9420126e+01
   1.1480000e+02   5.2970526e+01   6.5860126e+01
   1.1490000e+02   1.9797053e+02   4.0060126e+01
   1.1500000e+02   1.1897053e+02   2.2012632e-01
   1.1510000e+02   2.0997053e+02  -1.3419874e+01
   1.1520000e+02   7.1970526e+01   1.7100126e+01
   1.1530000e+02   7.3970526e+01   4.2020126e+01
   1.1540000e+02   1.5097053e+02  -4.3059874e+01
   1.1550000e+02   2.3397053e+02   6.4620126e+01
   1.1560000e+02   3.1697053e+02  -5.4699874e+01
   1.1570000e+02   1.5797053e+02  -2.5339874e+01
   1.1580000e+02   2.0997053e+02   1.2580126e+01
   1.1590000e+02   8.7970526e+01   2.0460126e+01
   1.1600000e+02   1.5897053e+02  -2.8379874e+01
   1.1610000e+02   8.1970526e+01  -1.2998737e+00
   1.1620000e+02   1.0297053e+02   2.8860126e+01
   1.1630000e+02   1.7197053e+02   1.6710013e+02
   1.1640000e+02   9.1970526e+01  -1.2699874e+01
   1.1650000e+02   1.0797053e+02   1.1660126e+01
   1.1660000e+02   1.3397053e+02   1.9620126e+01
   1.1670000e+02   1.8997053e+02  -4.0619874e+01
   1.1680000e+02   1.3197053e+02  -2.8299874e+01
   1.1690000e+02   3.4970526e+01  -5.5419874e+01
   1.1700000e+02   1.6970526e+01   2.5300126e+01
   1.1710000e+02   1.2597053e+02  -2.0059874e+01
   1.1720000e+02   1.9297053e+02  -5.8739874e+01
   1.1730000e+02   1.5397053e+02  -2.6179874e+01
   1.1740000e+02   1.4397053e+02   1.7220126e+01
   1.1750000e+02   2.4997053e+02   2.9801263e+00
   1.1760000e+02   1.6897053e+02  -8.4779874e+01
   1.1770000e+02   2.5297053e+02  -1.3139874e+01
   1.1780000e+02   8.8970526e+01   4.2012632e-01
   1.1790000e+02   7.5970526e+01  -2.9059874e+01
   1.1800000e+02   1.1897053e+02  -5.1779874e+01
   1.1810000e+02   2.5697053e+02   9.5700126e+01
   1.1820000e+02   1.8297053e+02  -5.0339874e+01
   1.1830000e+02   8.9705263e+00  -9.3798737e+00
   1.1840000e+02   9.1970526e+01   6.3001263e+00
   1.1850000e+02   2.0797053e+02   1.9660126e+01
   1.1860000e+02   2.2297053e+02  -2.8939874e+01
   1.1870000e+02   3.1997053e+02   3.7180126e+01
   1.1880000e+02   2.6697053e+02  -2.5699874e+01
   1.1890000e+02   1.8697053e+02  -4.9499874e+01
   1.1900000e+02   1.1097053e+02  -1.2459874e+01
   1.1910000e+02   9.7970526e+01   6.7060126e+01
   1.1920000e+02   2.0197053e+02   4.6900126e+01
   1.1930000e+02   1.1797053e+02  -1.7739874e+01
   1.1940000e+02   1.9697053e+02  -2.6899874e+01
   1.1950000e+02   1.3897053e+02   3.9420126e+01
   1.1960000e+02   9.7970526e+01  -3.5939874e+01
   1.1970000e+02   1.5997053e+02   2.0580126e+01
   1.1980000e+02   1.4697053e+02   4.5100126e+01
   1.1990000e+02   1.8097053e+02   1.8740126e+01
   1.2000000e+02   1.2797053e+02  -3.5139874e+01
   1.2010000e+02   1.1397053e+02  -2.2579874e+01
   1.2020000e+02   1.9197053e+02   6.7300126e+01
   1.2030000e+02   1.5897053e+02  -2.3379874e+01
   1.2040000e+02   1.8697053e+02   2.0500126e+01
   1.2050000e+02   8.9970526e+01   7.2380126e+01
   1.2060000e+02   2.6397053e+02   6.4201263e+00
   1.2070000e+02   1.1797053e+02  -7.7398737e+00
   1.2080000e+02   1.6597053e+02   1.5340126e+01
   1.2090000e+02   2.3597053e+02  -1.9459874e+01
   1.2100000e+02   1.0497053e+02   8.5780126e+01
   1.2110000e+02   1.8897053e+02   3.2420126e+01
   1.2120000e+02   1.5497053e+02   3.7780126e+01
   1.2130000e+02   7.5970526e+01   9.9401263e+00
   1.2140000e+02   1.0197053e+02   3.0900126e+01
   1.2150000e+02   1.1697053e+02  -8.6998737e+00
   1.2160000e+02   1.9797053e+02   3.0601263e+00
   1.2170000e+02   9.6970526e+01   1.9100126e+01
   1.2180000e+02   1.8497053e+02  -3.5419874e+01
   1.2190000e+02   1.6297053e+02  -5.3987368e-01
   1.2200000e+02   1.9097053e+02  -4.8659874e+01
   1.2210000e+02   1.4697053e+02  -1.8899874e+01
   1.2220000e+02   7.5970526e+01   3.9401263e+00
   1.2230000e+02   1.9797053e+02  -3.8939874e+01
   1.2240000e+02   9.8970526e+01   7.4020126e+01
   1.2250000e+02   7.4970526e+01   2.5980126e+01
   1.2260000e+02   2.6597053e+02  -1.7659874e+01
   1.2270000e+02   1.5897053e+02   9.5620126e+01
   1.2280000e+02   1.8397053e+02  -5.3798737e+00
   1.2290000e+02   1.0397053e+02   7.2820126e+01
   1.2300000e+02   2.1397053e+02   2.5420126e+01
   1.2310000e+02   6.5970526e+01  -1.6659874e+01
   1.2320000e+02   2.1597053e+02   3.0340126e+01
   1.2330000e+02   7.5970526e+01   4.5940126e+01
   1.2340000e+02   1.7697053e+02  -4.0998737e+00
   1.2350000e+02   3.5197053e+02   1.6900126e+01
   1.2360000e+02   1.9597053e+02  -2.7859874e+01
   1.2370000e+02   1.8797053e+02   3.9460126e+01
   1.2380000e+02   2.6497053e+02   5.5380126e+01
   1.2390000e+02   1.2397053e+02   8.2020126e+01
   1.2400000e+02   1.8597053e+02  -2.4459874e+01
   1.2410000e+02   3.4597053e+02   4.4140126e+01
   1.2420000e+02   1.8097053e+02  -3.9259874e+01
   1.2430000e+02   1.7897053e+02   4.4820126e+01
   1.2440000e+02   9.5970526e+01   3.3140126e+01
   1.2450000e+02   1.2097053e+02   4.0140126e+01
   1.2460000e+02   1.9597053e+02   3.9140126e+01
   1.2470000e+02   2.1697053e+02  -4.9699874e+01
   1.2480000e+02   6.9705263e+00   5.7001263e+00
   1.2490000e+02   2.4897053e+02   1.6020126e+01
   1.2500000e+02   6.4970526e+01  -1.1619874e+01
   1.2510000e+02   1.8997053e+02  -1.0619874e+01
   1.2520000e+02   2.2697053e+02   4.2900126e+01
   1.2530000e+02   2.5397053e+02  -1.1798737e+00
   1.2540000e+02   2.6197053e+02   5.8500126e+01
   1.2550000e+02   1.5597053e+02   1.7401263e+00
   1.2560000e+02   1.3397053e+02   2.9620126e+01
   1.2570000e+02   2.0997053e+02   3.6580126e+01
   1.2580000e+02   1.9597053e+02  -9.8598737e+00
   1.2590000e+02   2.3997053e+02   2.4380126e+01
   1.2600000e+02   1.8897053e+02   1.7420126e+01
   1.2610000e+02   1.7397053e+02   7.3020126e+01
   1.2620000e+02   2.4697053e+02   5.1001263e+00
   1.2630000e+02   2.0970526e+01   9.6140126e+01
   1.2640000e+02   1.5197053e+02   4.5900126e+01
   1.2650000e+02   7.5970526e+01   4.9401263e+00
   1.2660000e+02   2.5597053e+02   1.4740126e+01
   1.2670000e+02   5.4970526e+01   1.6780126e+01
   1.2680000e+02   1.1497053e+02  -1.6198737e+00
   1.2690000e+02   1.6797053e+02  -2.7398737e+00
   1.2700000e+02   1.8797053e+02   7.4601263e+00
   1.2710000e+02   1.0597053e+02  -1.9259874e+01
   1.2720000e+02   3.3097053e+02  -2.4259874e+01
   1.2730000e+02   2.0797053e+02   5.5660126e+01
   1.2740000e+02   2.1897053e+02  -3.7779874e+01
   1.2750000e+02   2.7897053e+02   1.9820126e+01
   1.2760000e+02   2.5697053e+02  -1.5299874e+01
   1.2770000e+02   1.7397053e+02  -2.9979874e+01
   1.2780000e+02   1.6297053e+02   5.7460126e+01
   1.2790000e+02   2.1297053e+02   7.2460126e+01
   1.2800000e+02   2.5197053e+02   4.3900126e+01
   1.2810000e+02   9.3970526e+01   1.2201263e+00
   1.2820000e+02   2.3197053e+02  -9.2998737e+00
   1.2830000e+02   1.3197053e+02  -5.2998737e+00
   1.2840000e+02   8.9970526e+01  -6.6198737e+00
   1.2850000e+02   3.3297053e+02   1.2660126e+01
   1.2860000e+02   2.1197053e+02   4.0500126e+01
   1.2870000e+02   2.3897053e+02   9.4201263e+00
   1.2880000e+02   1.0097053e+02  -2.0059874e+01
   1.2890000e+02   2.5970526e+01   4.5940126e+01
   1.2900000e+02   2.4297053e+02   4.4260126e+01
   1.2910000e+02   5.4970526e+01  -2.4219874e+01
   1.2920000e+02   2.1297053e+02   1.7460126e+01
   1.2930000e+02   3.4097053e+02   5.4340126e+01
   1.2940000e+02   1.2597053e+02   1.9401263e+00
   1.2950000e+02   1.9597053e+02   4.1401263e+00
   1.2960000e+02   3.0097053e+02  -4.3059874e+01
   1.2970000e+02   1.5297053e+02  -9.1398737e+00
   1.2980000e+02   2.0097053e+02  -9.0598737e+00
   1.2990000e+02   1.9797053e+02   4.4060126e+01
   1.3000000e+02   1.9297053e+02  -1.5739874e+01
   1.3010000e+02   9.5970526e+01   2.2140126e+01
   1.3020000e+02   2.5397053e+02  -2.1179874e+01
   1.3030000e+02   2.6097053e+02  -4.5987368e-01
   1.3040000e+02   2.4797053e+02  -3.4939874e+01
   1.3050000e+02   9.2970526e+01  -3.8739874e+01
   1.3060000e+02   2.0797053e+02   2.0660126e+01
   1.3070000e+02   7.1970526e+01  -1.1899874e+01
   1.3080000e+02   3.0297053e+02  -1.8139874e+01
   1.3090000e+02   1.4897053e+02   6.2020126e+01
   1.3100000e+02   1.0297053e+02   2.5860126e+01
   1.3110000e+02   9.6970526e+01   1.6100126e+01
   1.3120000e+02   1.4497053e+02  -2.8198737e+00
   1.3130000e+02   7.5970526e+01  -1.9059874e+01
   1.3140000e+02   3.5997053e+02  -3.3419874e+01
   1.3150000e+02   1.3397053e+02   6.6201263e+00
   1.3160000e+02   1.5397053e+02   1.5820126e+01
   1.3170000e+02   8.5970526e+01   5.6540126e+01
   1.3180000e+02   1.1297053e+02  -4.8539874e+01
   1.3190000e+02   1.1297053e+02   4.6012632e-01
   1.3200000e+02   2.1997053e+02   3.8180126e+01
   1.3210000e+02   1.0197053e+02   4.2900126e+01
   1.3220000e+02   1.7197053e+02  -2.8899874e+01
   1.3230000e+02   1.4297053e+02   1.1326013e+02
   1.3240000e+02   1.4197053e+02  -5.6699874e+01
   1.3250000e+02   3.2897053e+02  -2.5179874e+01
   1.3260000e+02   2.5197053e+02   1.6900126e+01
   1.3270000e+02   9.7970526e+01   3.0601263e+00
   1.3280000e+02   1.3897053e+02   3.9420126e+01
   1.3290000e+02   1.1697053e+02  -9.6998737e+00
   1.3300000e+02   2.4970526e+01  -2.2019874e+01
   1.3310000e+02   2.3697053e+02   3.3500126e+01
   1.3320000e+02   1.7897053e+02  -4.6179874e+01
   1.3330000e+02   1.9297053e+02  -4.1739874e+01
   1.3340000e+02   2.0197053e+02   1.5900126e+01
   1.3350000e+02   5.7970526e+01  -1.6339874e+01
   1.3360000e+02   2.1397053e+02  -3.6579874e+01
   1.3370000e+02   7.8970526e+01  -3.1798737e+00
   1.3380000e+02   1.2897053e+02  -2.7179874e+01
   1.3390000e+02   1.7097053e+02  -1.2859874e+01
   1.3400000e+02   2.1697053e+02  -9.6998737e+00
   1.3410000e+02   1.2097053e+02   4.1140126e+01
   1.3420000e+02   2.2397053e+02   2.0020126e+01
   1.3430000e+02   2.3697053e+02  -1.0499874e+01
   1.3440000e+02   1.7497053e+02   4.2980126e+01
   1.3450000e+02   1.0897053e+02   2.3620126e+01
   1.3460000e+02   2.1597053e+02   6.6340126e+01
   1.3470000e+02   4.1797053e+02  -6.5739874e+01
   1.3480000e+02   1.0697053e+02   4.4700126e+01
   1.3490000e+02   2.0697053e+02  -2.9299874e+01
   1.3500000e+02   1.9297053e+02  -1.8739874e+01
   1.3510000e+02   2.4897053e+02  -3.9798737e+00
   1.3520000e+02   3.8397053e+02   2.1620126e+01
   1.3530000e+02   1.6097053e+02   9.5401263e+00
   1.3540000e+02   1.2897053e+02   5.8201263e+00
   1.3550000e+02   2.1997053e+02   3.6180126e+01
   1.3560000e+02   1.0970526e+01   3.3540126e+01
   1.3570000e+02   1.4297053e+02  -5.7398737e+00
   1.3580000e+02   8.3970526e+01   1.1620126e+01
   1.3590000e+02   2.6597053e+02  -8.6598737e+00
   1.3600000e+02   2.2097053e+02  -1.9859874e+01
   1.3610000e+02   8.6970526e+01   1.7500126e+01
   1.3620000e+02   1.5497053e+02   9.1780126e+01
   1.3630000e+02   9.0970526e+01   1.3340126e+01
   1.3640000e+02   1.2597053e+02  -2.1059874e+01
   1.3650000e+02   6.0970526e+01   5.5401263e+00
   1.3660000e+02   1.3897053e+02   2.4420126e+01
   1.3670000e+02   1.6797053e+02  -7.7398737e+00
   1.3680000e+02   1.6970526e+01   5.7300126e+01
   1.3690000e+02   1.4497053e+02  -4.6819874e+01
   1.3700000e+02   1.2397053e+02  -2.2979874e+01
   1.3710000e+02   1.3297053e+02  -3.1339874e+01
   1.3720000e+02   7.9970526e+01  -1.8219874e+01
   1.3730000e+02   2.4797053e+02  -2.4939874e+01
   1.3740000e+02   1.7597053e+02   5.9401263e+00
   1.3750000e+02   8.8970526e+01  -3.1579874e+01
   1.3760000e+02   1.3997053e+02  -5.6619874e+01
   1.3770000e+02   1.4397053e+02  -4.1779874e+01
   1.3780000e+02   2.9970526e+01   6.0780126e+01
   1.3790000e+02   2.0497053e+02   4.1780126e+01
   1.3800000e+02   1.6897053e+02   3.0220126e+01
   1.3810000e+02  -2.0294737e+00  -1.8939874e+01
   1.3820000e+02   1.8797053e+02  -3.0539874e+01
   1.3830000e+02   2.0097053e+02  -3.1059874e+01
   1.3840000e+02   1.0797053e+02   2.5660126e+01
   1.3850000e+02   1.1097053e+02   7.5401263e+00
   1.3860000e+02   1.7697053e+02  -4.6099874e+01
   1.3870000e+02   2.0997053e+02  -5.1419874e+01
   1.3880000e+02   1.4097053e+02   3.3340126e+01
   1.3890000e+02   1.5897053e+02  -8.3798737e+00
   1.3900000e+02   1.1097053e+02   3.7540126e+01
   1.3910000e+02  -2.1029474e+01  -3.1798737e+00
   1.3920000e+02   2.3997053e+02  -7.6198737e+00
   1.3930000e+02   1.2097053e+02   1.4012632e-01
   1.3940000e+02   2.6697053e+02   4.0300126e+01
   1.3950000e+02   1.4497053e+02   1.1180126e+01
   1.3960000e+02   1.2497053e+02   1.0980126e+01
   1.3970000e+02   1.3297053e+02   3.2660126e+01
   1.3980000e+02   2.3897053e+02  -5.5798737e+00
   1.3990000e+02   1.2997053e+02  -2.9219874e+01
   1.4000000e+02   1.3297053e+02   7.8660126e+01
   1.4010000e+02   1.5197053e+02   6.9900126e+01
   1.4020000e+02   2.2697053e+02   1.4900126e+01
   1.4030000e+02   1.2897053e+02  -2.6179874e+01
   1.4040000e+02   9.1970526e+01  -1.2699874e+01
   1.4050000e+02   1.1597053e+02  -1.5659874e+01
   1.4060000e+02   1.5697053e+02   2.4700126e+01
   1.4070000e+02   2.9397053e+02   4.1220126e+01
   1.4080000e+02   1.8297053e+02   2.6660126e+01
   1.4090000e+02   7.2970526e+01  -5.9398737e+00
   1.4100000e+02   1.2997053e+02  -3.0219874e+01
   1.4110000e+02   1.1897053e+02   6.4220126e+01
   1.4120000e+02   2.4797053e+02   3.5060126e+01
   1.4130000e+02   2.1197053e+02   3.3500126e+01
   1.4140000e+02   1.9397053e+02  -1.7779874e+01
   1.4150000e+02   1.6797053e+02   3.4260126e+01
   1.4160000e+02   2.8597053e+02   3.1540126e+01
   1.4170000e+02   1.2897053e+02   6.2820126e+01
   1.4180000e+02   2.4397053e+02  -1.2779874e+01
   1.4190000e+02   1.1697053e+02   4.6300126e+01
   1.4200000e+02   2.0897053e+02  -2.3379874e+01
   1.4210000e+02   2.3097053e+02  -2.8259874e+01
   1.4220000e+02   7.1970526e+01   1.4100126e+01
   1.4230000e+02   2.2497053e+02  -2.9019874e+01
   1.4240000e+02   1.3597053e+02  -4.4459874e+01
   1.4250000e+02   2.7397053e+02  -5.5979874e+01
   1.4260000e+02   8.5970526e+01   4.2540126e+01
   1.4270000e+02   2.1697053e+02   1.2300126e+01
   1.4280000e+02   1.7597053e+02   4.1940126e+01
   1.4290000e+02   6.7970526e+01   9.2601263e+00
   1.4300000e+02   2.4497053e+02  -3.8198737e+00
   1.4310000e+02   2.5997053e+02   3.0580126e+01
   1.4320000e+02   2.2497053e+02  -1.4019874e+01
   1.4330000e+02   1.5597053e+02   1.0740126e+01
   1.4340000e+02   1.4897053e+02   1.6020126e+01
   1.4350000e+02   2.2097053e+02  -2.6859874e+01
   1.4360000e+02   8.8970526e+01   2.6420126e+01
   1.4370000e+02   8.1970526e+01   5.7001263e+00
   1.4380000e+02   1.1397053e+02   1.9420126e+01
   1.4390000e+02   1.2197053e+02   2.7100126e+01
   1.4400000e+02   5.8970526e+01  -4.1379874e+01
   1.4410000e+02   1.7997053e+02   2.0780126e+01
   1.4420000e+02   2.3597053e+02  -3.5459874e+01
   1.4430000e+02   1.1297053e+02  -2.4539874e+01
   1.4440000e+02   2.2997053e+02   5.8780126e+01
   1.4450000e+02   5.9970526e+01   2.8580126e+01
   1.4460000e+02   6.3970526e+01   6.4201263e+00
   1.4470000e+02   8.6970526e+01   1.7500126e+01
   1.4480000e+02   3.5970526e+01   3.6540126e+01
   1.4490000e+02   9.9970526e+01  -3.0198737e+00
   1.4500000e+02   1.1797053e+02   3.1260126e+01
   1.4510000e+02   1.8097053e+02  -4.1259874e+01
   1.4520000e+02   7.6970526e+01  -1.6099874e+01
   1.4530000e+02   2.7297053e+02   2.0601263e+00
   1.4540000e+02   1.3297053e+02  -2.6339874e+01
   1.4550000e+02   1.5397053e+02  -1.7987368e-01
   1.4560000e+02   1.1297053e+02  -2.1539874e+01
   1.4570000e+02   2.7297053e+02  -3.6939874e+01
   1.4580000e+02   1.1497053e+02  -4.9619874e+01
   1.4590000e+02   2.4197053e+02  -5.2699874e+01
   1.4600000e+02   2.0097053e+02   2.6940126e+01
   1.4610000e+02   1.3697053e+02   5.0012632e-01
   1.4620000e+02   7.0970526e+01  -1.0859874e+01
   1.4630000e+02   1.1697053e+02  -1.3699874e+01
   1.4640000e+02   2.7197053e+02   4.7100126e+01
   1.4650000e+02   1.3297053e+02   5.7660126e+01
   1.4660000e+02   4.5970526e+01  -3.5859874e+01
   1.4670000e+02   3.9705263e+00   3.2820126e+01
   1.4680000e+02   9.9970526e+01  -2.2019874e+01
   1.4690000e+02   3.1970526e+01   7.7001263e+00
   1.4700000e+02   3.2970526e+01   7.6601263e+00
   1.4710000e+02   3.7970526e+01  -1.6539874e+01
   1.4720000e+02  -5.4029474e+01  -1.8598737e+00
   1.4730000e+02   2.6970526e+01  -6.0998737e+00
   1.4740000e+02   6.1970526e+01   3.0500126e+01
   1.4750000e+02  -2.9473684e-02   5.6980126e+01
   1.4760000e+02   6.9705263e+00   5.7700126e+01
   1.4770000e+02   2.5970526e+01  -2.3059874e+01
   1.4780000e+02   3.9970526e+01  -3.5619874e+01
   1.4790000e+02   1.2797053e+02   1.3860126e+01
   1.4800000e+02  -1.2029474e+01   4.0460126e+01
   1.4810000e+02   2.7970526e+01  -3.5139874e+01
   1.4820000e+02   2.4970526e+01   6.5980126e+01
   1.4830000e+02  -1.0202947e+02  -1.1939874e+01
   1.4840000e+02  -7.0294737e+00  -5.8739874e+01
   1.4850000e+02   2.6970526e+01  -1.0998737e+00
   1.4860000e+02  -1.5029474e+01   2.5801263e+00
   1.4870000e+02   2.3970526e+01   6.3020126e+01
   1.4880000e+02  -2.6029474e+01  -2.5979874e+01
   1.4890000e+02   4.9705263e+00  -7.2198737e+00
   1.4900000e+02  -1.9029474e+01   8.7401263e+00
   1.4910000e+02  -1.4029474e+01   6.5401263e+00
   1.4920000e+02  -4.3029474e+01   3.3700126e+01
   1.4930000e+02  -3.0294737e+00   9.1001263e+00
   1.4940000e+02   1.9970526e+01  -8.1987368e-01
   1.4950000e+02  -5.1029474e+01  -2.6979874e+01
   1.4960000e+02   4.8970526e+01  -5.7979874e+01
   1.4970000e+02  -1.4029474e+01   4.2540126e+01
   1.4980000e+02   1.7970526e+01   1.8260126e+01
   1.4990000e+02  -5.1029474e+01   2.1020126e+01
   1.5000000e+02   2.4970526e+01   3.9980126e+01
   1.5010000e+02  -9.0294737e+00   5.0340126e+01
   1.5020000e+02   2.0970526e+01   1.3140126e+01
   1.5030000e+02  -7.4029474e+01  -1.3059874e+01
   1.5040000e+02   5.5970526e+01  -2.7259874e+01
   1.5050000e+02  -9.7029474e+01  -1.3987368e-01
   1.5060000e+02  -5.0294737e+00  -1.1819874e+01
   1.5070000e+02   2.4970526e+01   9.8012632e-01
   1.5080000e+02  -3.0294737e+00  -3.4899874e+01
   1.5090000e+02   5.4970526e+01  -5.2198737e+00
   1.5100000e+02   2.5970526e+01   3.7940126e+01
   1.5110000e+02  -5.5029474e+01   4.3180126e+01
   1.5120000e+02   1.6970526e+01   3.0012632e-01
   1.5130000e+02   3.5970526e+01   9.5401263e+00
   1.5140000e+02  -5.6029474e+01  -1.7798737e+00
   1.5150000e+02  -1.0602947e+02   1.4220126e+01
   1.5160000e+02   5.4970526e+01   2.7780126e+01
   1.5170000e+02  -1.0802947e+02   2.9300126e+01
   1.5180000e+02  -3.8029474e+01  -2.4499874e+01
   1.5190000e+02  -3.4029474e+01  -3.5659874e+01
   1.5200000e+02   2.5970526e+01  -9.0598737e+00
   1.5210000e+02   2.1970526e+01  -3.8998737e+00
   1.5220000e+02   1.0970526e+01   3.2540126e+01
   1.5230000e+02  -2.3029474e+01   2.7900126e+01
   1.5240000e+02  -5.0294737e+00   1.1180126e+01
   1.5250000e+02   5.1970526e+01   6.9900126e+01
   1.5260000e+02  -5.9029474e+01   2.4340126e+01
   1.5270000e+02   8.6970526e+01   1.0500126e+01
   1.5280000e+02  -4.1029474e+01   1.2620126e+01
   1.5290000e+02   1.3970526e+01   1.5420126e+01
   1.5300000e+02   1.3970526e+01  -1.0579874e+01
   1.5310000e+02   1.8970526e+01   9.1220126e+01
   1.5320000e+02   4.9705263e+00  -1.5219874e+01
   1.5330000e+02   3.9705263e+00  -3.6179874e+01
   1.5340000e+02  -3.1029474e+01   7.2201263e+00
   1.5350000e+02   7.0970526e+01  -1.5859874e+01
   1.5360000e+02   2.1970526e+01   5.1100126e+01
   1.5370000e+02  -1.2029474e+01   2.4601263e+00
   1.5380000e+02  -6.9029474e+01   4.7401263e+00
   1.5390000e+02   9.7970526e+01   5.5060126e+01
   1.5400000e+02  -1.9029474e+01   7.7740126e+01
   1.5410000e+02  -2.8029474e+01   3.1001263e+00
   1.5420000e+02  -2.9029474e+01   6.0140126e+01
   1.5430000e+02   4.5970526e+01  -2.8598737e+00
   1.5440000e+02   1.3970526e+01   4.4201263e+00
   1.5450000e+02   9.8970526e+01   5.1020126e+01
   1.5460000e+02   5.9705263e+00  -4.6259874e+01
   1.5470000e+02  -2.7029474e+01  -2.2939874e+01
   1.5480000e+02  -2.4029474e+01  -2.4059874e+01
   1.5490000e+02   2.2970526e+01  -6.9398737e+00
   1.5500000e+02  -7.5029474e+01  -4.9019874e+01
   1.5510000e+02  -1.2029474e+01  -4.1539874e+01
   1.5520000e+02   3.2970526e+01  -5.0339874e+01
   1.5530000e+02  -3.3029474e+01  -3.0699874e+01
   1.5540000e+02  -6.7029474e+01  -3.8339874e+01
   1.5550000e+02   4.8970526e+01  -1.3979874e+01
   1.5560000e+02  -4.2029474e+01  -1.6339874e+01
   1.5570000e+02   9.5970526e+01  -1.5859874e+01
   1.5580000e+02   2.4970526e+01  -2.9019874e+01
   1.5590000e+02  -4.6029474e+01  -3.1179874e+01
   1.5600000e+02  -4.0294737e+00  -4.1859874e+01
   1.5610000e+02   5.6970526e+01   4.6700126e+01
   1.5620000e+02  -4.6029474e+01  -3.0179874e+01
   1.5630000e+02   8.1970526e+01  -3.5299874e+01
   1.5640000e+02  -2.4029474e+01  -8.0598737e+00
   1.5650000e+02   3.9705263e+00  -2.1798737e+00
   1.5660000e+02   9.7052632e-01  -5.9873684e-02
   1.5670000e+02  -4.0294737e+00   5.7140126e+01
   1.5680000e+02  -3.5029474e+01  -2.6198737e+00
   1.5690000e+02  -1.0294737e+00  -2.8979874e+01
   1.5700000e+02  -5.0294737e+00  -6.8198737e+00
   1.5710000e+02   4.1970526e+01  -2.6998737e+00
   1.5720000e+02  -4.1029474e+01   2.0620126e+01
   1.5730000e+02   2.3970526e+01  -4.9798737e+00
   1.5740000e+02   3.6970526e+01   1.0500126e+01
   1.5750000e+02  -2.1029474e+01   2.1820126e+01
   1.5760000e+02  -1.1402947e+02  -2.7459874e+01
   1.5770000e+02   8.3970526e+01   4.6201263e+00
   1.5780000e+02  -1.6029474e+01   2.5620126e+01
   1.5790000e+02  -7.3029474e+01   4.9001263e+00
   1.5800000e+02  -3.3029474e+01   2.0300126e+01
   1.5810000e+02   6.6970526e+01   5.7300126e+01
   1.5820000e+02   3.2970526e+01  -3.4339874e+01
   1.5830000e+02  -6.3029474e+01  -2.4998737e+00
   1.5840000e+02   2.7970526e+01  -2.1139874e+01
   1.5850000e+02   2.8970526e+01  -4.1798737e+00
   1.5860000e+02  -2.0294737e+00   3.4060126e+01
   1.5870000e+02  -2.2029474e+01  -5.1139874e+01
   1.5880000e+02   5.0970526e+01  -1.8059874e+01
   1.5890000e+02   5.2970526e+01   6.8601263e+00
   1.5900000e+02  -2.0029474e+01  -1.4219874e+01
   1.5910000e+02  -7.5029474e+01   9.9801263e+00
   1.5920000e+02  -6.5029474e+01   6.8580126e+01
   1.5930000e+02   3.5970526e+01  -1.0459874e+01
   1.5940000e+02  -1.6029474e+01   6.2012632e-01
   1.5950000e+02  -1.3029474e+01   2.9500126e+01
   1.5960000e+02   5.8970526e+01   2.6201263e+00
   1.5970000e+02   6.5970526e+01   2.4340126e+01
   1.5980000e+02   2.6970526e+01  -2.0998737e+00
   1.5990000e+02   1.1970526e+01   1.5001263e+00
   1.6000000e+02   2.1970526e+01  -2.0899874e+01
   1.6010000e+02  -3.6029474e+01  -1.9579874e+01
   1.6020000e+02  -4.5029474e+01   2.9780126e+01
   1.6030000e+02  -8.0029474e+01  -7.8198737e+00
   1.6040000e+02  -9.0294737e+00  -2.0659874e+01
   1.6050000e+02   3.9970526e+01  -2.2619874e+01
   1.6060000e+02  -3.1029474e+01  -2.2779874e+01
   1.6070000e+02   5.9705263e+00   3.1740126e+01
   1.6080000e+02   3.5970526e+01  -3.2459874e+01
   1.6090000e+02   8.9705263e+00  -1.0379874e+01
   1.6100000e+02  -5.3029474e+01  -1.2899874e+01
   1.6110000e+02  -3.0029474e+01  -8.8198737e+00
   1.6120000e+02  -2.8029474e+01  -3.4899874e+01
   1.6130000e+02   1.2797053e+02   2.4860126e+01
   1.6140000e+02   7.9705263e+00  -1.8339874e+01
   1.6150000e+02  -9.0294737e+00  -8.6598737e+00
   1.6160000e+02  -3.0294737e+00  -2.5899874e+01
   1.6170000e+02   5.4970526e+01  -1.7219874e+01
   1.6180000e+02   9.9705263e+00   4.8580126e+01
   1.6190000e+02   4.9970526e+01   2.8980126e+01
   1.6200000e+02   2.9970526e+01   1.4780126e+01
   1.6210000e+02  -1.4029474e+01  -4.4459874e+01
   1.6220000e+02   4.9705263e+00  -5.0219874e+01
   1.6230000e+02   5.8970526e+01  -2.0379874e+01
   1.6240000e+02   6.0970526e+01   2.8540126e+01
   1.6250000e+02  -4.4029474e+01  -5.2598737e+00
   1.6260000e+02   6.4970526e+01  -3.5619874e+01
   1.6270000e+02   3.9970526e+01   2.3801263e+00
   1.6280000e+02   3.1970526e+01  -2.6299874e+01
   1.6290000e+02  -5.0294737e+00  -1.6819874e+01
   1.6300000e+02   2.9705263e+00  -2.5139874e+01
   1.6310000e+02   4.1970526e+01  -2.1699874e+01
   1.6320000e+02  -1.0294737e+00   3.9020126e+01
   1.6330000e+02  -2.0294737e+00   1.1306013e+02
   1.6340000e+02   2.2970526e+01  -3.9398737e+00
   1.6350000e+02   7.2970526e+01   4.5060126e+01
   1.6360000e+02  -2.6029474e+01   1.6020126e+01
   1.6370000e+02   9.6970526e+01  -8.9987368e-01
   1.6380000e+02  -9.0294737e+00   6.3401263e+00
   1.6390000e+02   7.4970526e+01  -2.1019874e+01
   1.6400000e+02  -7.1029474e+01   2.0820126e+01
   1.6410000e+02   8.7970526e+01   6.4601263e+00
   1.6420000e+02  -1.0294737e+00  -8.9798737e+00
   1.6430000e+02  -3.4029474e+01   1.4340126e+01
   1.6440000e+02   3.2970526e+01   2.4660126e+01
   1.6450000e+02  -5.0294737e+00   6.8180126e+01
   1.6460000e+02  -1.0029474e+01  -3.7619874e+01
   1.6470000e+02  -1.1302947e+02  -3.4998737e+00
   1.6480000e+02  -2.0294737e+00  -5.8939874e+01
   1.6490000e+02   9.6970526e+01  -1.7899874e+01
   1.6500000e+02  -2.8029474e+01  -4.9899874e+01
   1.6510000e+02   9.9705263e+00   6.5801263e+00
   1.6520000e+02  -4.0029474e+01  -1.4198737e+00
   1.6530000e+02   5.7970526e+01   5.8660126e+01
   1.6540000e+02   5.9705263e+00  -1.9259874e+01
   1.6550000e+02  -4.2029474e+01  -3.2339874e+01
   1.6560000e+02   2.3970526e+01   9.3020126e+01
   1.6570000e+02  -3.3029474e+01   1.4300126e+01
   1.6580000e+02  -7.4029474e+01  -1.3059874e+01
   1.6590000e+02   7.1970526e+01   5.8100126e+01
   1.6600000e+02   3.2970526e+01   5.3660126e+01
   1.6610000e+02  -5.2029474e+01   1.0060126e+01
   1.6620000e+02  -9.0294737e+00  -2.7659874e+01
   1.6630000e+02   5.5970526e+01  -1.6259874e+01
   1.6640000e+02   4.9705263e+00  -3.5219874e+01
   1.6650000e+02  -5.6029474e+01  -3.7779874e+01
   1.6660000e+02   2.6970526e+01   5.4900126e+01
   1.6670000e+02  -4.2029474e+01  -3.0339874e+01
   1.6680000e+02  -1.3029474e+01  -1.4499874e+01
   1.6690000e+02   9.5970526e+01   1.8140126e+01
   1.6700000e+02  -2.6029474e+01   1.2020126e+01
   1.6710000e+02   1.5970526e+01  -3.4659874e+01
   1.6720000e+02  -9.0294737e+00  -1.1659874e+01
   1.6730000e+02   3.8970526e+01   2.6420126e+01
   1.6740000e+02   5.2970526e+01  -1.5139874e+01
   1.6750000e+02  -6.1029474e+01   1.9420126e+01
   1.6760000e+02   3.3970526e+01   2.0620126e+01
   1.6770000e+02  -2.3029474e+01   1.4900126e+01
   1.6780000e+02   4.9705263e+00  -4.4219874e+01
   1.6790000e+02   8.4970526e+01   1.6580126e+01
   1.6800000e+02  -6.3029474e+01   9.5001263e+00
   1.6810000e+02  -2.1029474e+01  -3.0179874e+01
   1.6820000e+02   1.9705263e+00  -5.4099874e+01
   1.6830000e+02  -2.3029474e+01   9.0900126e+01
   1.6840000e+02   1.8970526e+01   4.6220126e+01
   1.6850000e+02   1.2797053e+02   4.5860126e+01
   1.6860000e+02   5.3970526e+01  -2.5179874e+01
   1.6870000e+02  -4.7029474e+01  -5.1398737e+00
   1.6880000e+02   1.8970526e+01  -1.9779874e+01
   1.6890000e+02  -7.1029474e+01  -1.3179874e+01
   1.6900000e+02  -3.1029474e+01  -9.7798737e+00
   1.6910000e+02  -5.1029474e+01  -1.6979874e+01
   1.6920000e+02   9.7052632e-01   2.3940126e+01
   1.6930000e+02   4.3970526e+01  -1.6779874e+01
   1.6940000e+02   3.7970526e+01   7.1460126e+01
   1.6950000e+02   6.7970526e+01  -1.4739874e+01
   1.6960000e+02   9.9970526e+01   1.1980126e+01
   1.6970000e+02   6.5970526e+01   1.6340126e+01
   1.6980000e+02  -1.3029474e+01  -4.1499874e+01
   1.6990000e+02  -3.2029474e+01  -3.7398737e+00
   1.7000000e+02  -2.6029474e+01  -7.9798737e+00
   1.7010000e+02   1.9970526e+01  -1.4819874e+01
   1.7020000e+02   4.7970526e+01   8.0601263e+00
   1.7030000e+02  -1.5029474e+01   9.5801263e+00
   1.7040000e+02  -2.8029474e+01   8.1001263e+00
   1.7050000e+02   1.8970526e+01  -2.5779874e+01
   1.7060000e+02  -5.1029474e+01   3.9020126e+01
   1.7070000e+02  -5.5029474e+01   2.4180126e+01
   1.7080000e+02   6.5970526e+01  -2.2659874e+01
   1.7090000e+02  -3.4029474e+01   1.1334013e+02
   1.7100000e+02   6.7970526e+01   5.4260126e+01
   1.7110000e+02   3.1970526e+01   5.1700126e+01
   1.7120000e+02   3.8970526e+01   3.0420126e+01
   1.7130000e+02   1.1970526e+01   4.5001263e+00
   1.7140000e+02   1.0597053e+02   1.7401263e+00
   1.7150000e+02   2.3970526e+01  -1.7979874e+01
   1.7160000e+02   2.1970526e+01   3.8100126e+01
   1.7170000e+02   1.8970526e+01   1.1220126e+01
   1.7180000e+02  -4.5029474e+01  -1.4219874e+01
   1.7190000e+02  -6.4029474e+01  -1.4598737e+00
   1.7200000e+02   5.2970526e+01   1.4860126e+01
   1.7210000e+02   6.8970526e+01   2.6220126e+01
   1.7220000e+02   1.3497053e+02  -2.7419874e+01
   1.7230000e+02   1.3970526e+01   2.3420126e+01
   1.7240000e+02   2.2970526e+01   5.0601263e+00
   1.7250000e+02   7.9705263e+00   8.4660126e+01
   1.7260000e+02  -4.0294737e+00   2.0140126e+01
   1.7270000e+02  -7.9029474e+01  -1.8859874e+01
   1.7280000e+02  -7.6029474e+01   1.0020126e+01
   1.7290000e+02   9.9970526e+01  -2.2019874e+01
   1.7300000e+02   8.9705263e+00   6.5620126e+01
   1.7310000e+02   2.5970526e+01  -1.0059874e+01
   1.7320000e+02   3.4970526e+01  -1.8419874e+01
   1.7330000e+02   1.5970526e+01   4.3401263e+00
   1.7340000e+02  -7.2029474e+01   5.8601263e+00
   1.7350000e+02  -3.5029474e+01   1.6380126e+01
   1.7360000e+02  -4.9029474e+01  -3.2059874e+01
   1.7370000e+02  -2.8029474e+01   4.6100126e+01
   1.7380000e+02   1.2697053e+02  -3.3099874e+01
   1.7390000e+02   3.1970526e+01   2.2700126e+01
   1.7400000e+02  -3.8029474e+01   1.1500126e+01
   1.7410000e+02  -8.9029474e+01  -1.3459874e+01
   1.7420000e+02   2.6970526e+01   3.3900126e+01
   1.7430000e+02  -2.3029474e+01   9.9001263e+00
   1.7440000e+02  -4.0029474e+01  -4.1987368e-01
   1.7450000e+02   4.6970526e+01  -1.8998737e+00
   1.7460000e+02   6.9970526e+01  -1.8819874e+01
   1.7470000e+02  -7.0029474e+01   3.4780126e+01
   1.7480000e+02   8.0970526e+01  -3.0259874e+01
   1.7490000e+02   9.7970526e+01  -3.6939874e+01
   1.7500000e+02   5.7970526e+01   6.6012632e-01
   1.7510000e+02   9.9705263e+00   1.7580126e+01
   1.7520000e+02  -3.4029474e+01  -1.6659874e+01
   1.7530000e+02   2.0970526e+01  -2.6859874e+01
   1.7540000e+02   6.9705263e+00   1.9700126e+01
   1.7550000e+02   1.1597053e+02  -4.4659874e+01
   1.7560000e+02  -6.0294737e+00   5.7220126e+01
   1.7570000e+02  -5.8029474e+01   5.2300126e+01
   1.7580000e+02  -2.2029474e+01   5.8601263e+00
   1.7590000e+02  -1.4029474e+01   1.8540126e+01
   1.7600000e+02   4.2970526e+01   6.3260126e+01
   1.7610000e+02   3.4970526e+01   5.6580126e+01
   1.7620000e+02  -1.0102947e+02   3.9020126e+01
   1.7630000e+02  -3.1029474e+01  -2.8779874e+01
   1.7640000e+02  -6.8029474e+01   2.7001263e+00
   1.7650000e+02  -5.8029474e+01   1.0300126e+01
   1.7660000e+02   2.4970526e+01  -2.8019874e+01
   1.7670000e+02   3.7970526e+01   5.1460126e+01
   1.7680000e+02  -9.3029474e+01  -4.9299874e+01
   1.7690000e+02   7.6970526e+01   3.6900126e+01
   1.7700000e+02   1.3970526e+01  -7.5798737e+00
   1.7710000e+02  -1.5029474e+01   2.1580126e+01
   1.7720000e+02   6.4970526e+01   4.4380126e+01
   1.7730000e+02   6.9970526e+01  -1.3819874e+01
   1.7740000e+02   4.8970526e+01  -3.4979874e+01
   1.7750000e+02   5.0970526e+01   3.6940126e+01
   1.7760000e+02  -7.6029474e+01   2.4020126e+01
   1.7770000e+02  -1.6029474e+01  -8.3798737e+00
   1.7780000e+02  -8.9029474e+01   2.3540126e+01
   1.7790000e+02  -4.0029474e+01   3.5580126e+01
   1.7800000e+02   7.4970526e+01   2.0980126e+01
   1.7810000e+02   7.6970526e+01  -4.8099874e+01
   1.7820000e+02  -2.8029474e+01  -5.8998737e+00
   1.7830000e+02  -1.0294737e+00  -3.1979874e+01
   1.7840000e+02  -2.6029474e+01  -3.1979874e+01
   1.7850000e+02  -2.8029474e+01  -1.6899874e+01
   1.7860000e+02  -1.4029474e+01   2.3540126e+01
   1.7870000e+02  -7.1029474e+01   2.8820126e+01
   1.7880000e+02  -2.4029474e+01  -9.0598737e+00
   1.7890000e+02  -3.7029474e+01   3.1460126e+01
   1.7900000e+02  -5.0029474e+01   5.9801263e+00
   1.7910000e+02  -3.0294737e+00  -1.1899874e+01
   1.7920000e+02  -8.0294737e+00   5.2300126e+01
   1.7930000e+02   6.5970526e+01  -2.9659874e+01
   1.7940000e+02  -3.2029474e+01  -7.3987368e-01
   1.7950000e+02  -4.3029474e+01   5.3700126e+01
   1.7960000e+02   2.9970526e+01  -3.0219874e+01
   1.7970000e+02  -4.6029474e+01   9.8201263e+00
   1.7980000e+02  -4.0029474e+01  -3.1419874e+01
   1.7990000e+02  -3.4029474e+01   3.0340126e+01
   1.8000000e+02  -7.8029474e+01  -5.8998737e+00
   1.8010000e+02   1.5970526e+01   4.5340126e+01
   1.8020000e+02   2.2970526e+01  -1.7939874e+01
   1.8030000e+02  -7.3029474e+01   3.9001263e+00
   1.8040000e+02  -1.6029474e+01  -5.3798737e+00
   1.8050000e+02   1.9705263e+00  -7.0998737e+00
   1.8060000e+02   9.7052632e-01   2.5940126e+01
   1.8070000e+02  -1.0602947e+02  -1.9779874e+01
   1.8080000e+02   5.9705263e+00   3.7401263e+00
   1.8090000e+02  -2.9029474e+01   1.0140126e+01
   1.8100000e+02   1.1897053e+02  -4.9779874e+01
   1.8110000e+02  -2.7029474e+01  -2.8939874e+01
   1.8120000e+02   2.1970526e+01   9.1001263e+00
   1.8130000e+02  -8.0294737e+00  -2.6998737e+00
   1.8140000e+02  -7.6029474e+01  -6.9798737e+00
   1.8150000e+02  -9.0294737e+00  -2.9659874e+01
   1.8160000e+02   3.9970526e+01  -3.0619874e+01
   1.8170000e+02  -2.9029474e+01  -4.7859874e+01
   1.8180000e+02  -9.5029474e+01  -4.6219874e+01
   1.8190000e+02  -3.0029474e+01  -3.8819874e+01
   1.8200000e+02  -2.7029474e+01  -3.3939874e+01
   1.8210000e+02  -3.0294737e+00  -3.7899874e+01
   1.8220000e+02   6.9970526e+01  -3.5819874e+01
   1.8230000e+02  -9.0294737e+00  -2.4659874e+01
   1.8240000e+02  -9.1029474e+01   3.6620126e+01
   1.8250000e+02  -2.7029474e+01  -3.3939874e+01
   1.8260000e+02  -7.1029474e+01  -2.1798737e+00
   1.8270000e+02  -9.1029474e+01   1.5620126e+01
   1.8280000e+02  -1.5029474e+01  -2.3419874e+01
   1.8290000e+02  -9.8029474e+01   3.9001263e+00
   1.8300000e+02   8.8970526e+01  -5.5579874e+01
   1.8310000e+02   1.8970526e+01  -8.7798737e+00
   1.8320000e+02  -1.0002947e+02  -1.2019874e+01
   1.8330000e+02  -6.5029474e+01   2.8580126e+01
   1.8340000e+02   5.1970526e+01  -4.1099874e+01
   1.8350000e+02   4.9705263e+00  -2.1987368e-01
   1.8360000e+02   1.4970526e+01   3.3380126e+01
   1.8370000e+02   1.0970526e+01   2.2540126e+01
   1.8380000e+02   6.0970526e+01   5.0540126e+01
   1.8390000e+02  -2.5029474e+01  -2.1019874e+01
   1.8400000e+02   2.9705263e+00   3.3860126e+01
   1.8410000e+02  -2.0294737e+00  -2.9939874e+01
   1.8420000e+02   6.9705263e+00   3.4700126e+01
   1.8430000e+02   3.4970526e+01  -9.4198737e+00
   1.8440000e+02   3.6970526e+01   5.0012632e-01
   1.8450000e+02  -3.6029474e+01  -4.9579874e+01
   1.8460000e+02  -3.0294737e+00  -3.0899874e+01
   1.8470000e+02   2.5970526e+01  -2.0598737e+00
   1.8480000e+02   1.2297053e+02  -7.4939874e+01
   1.8490000e+02  -3.8029474e+01  -5.9499874e+01
   1.8500000e+02  -3.8029474e+01  -4.9987368e-01
   1.8510000e+02  -5.2029474e+01  -2.5939874e+01
   1.8520000e+02  -1.0002947e+02  -4.5019874e+01
   1.8530000e+02   1.0597053e+02  -8.2598737e+00
   1.8540000e+02   5.5970526e+01   5.7401263e+00
   1.8550000e+02  -5.0029474e+01   7.1980126e+01
   1.8560000e+02  -2.9473684e-02   1.2980126e+01
   1.8570000e+02   1.1970526e+01  -2.2499874e+01
   1.8580000e+02  -6.4029474e+01   3.5540126e+01
   1.8590000e+02  -2.0294737e+00  -6.9398737e+00
   1.8600000e+02   2.9705263e+00   1.4860126e+01
   1.8610000e+02  -8.0294737e+00  -4.0699874e+01
   1.8620000e+02  -5.3029474e+01  -3.2899874e+01
   1.8630000e+02   2.1970526e+01  -1.4899874e+01
   1.8640000e+02  -8.7029474e+01   2.6460126e+01
   1.8650000e+02   3.7970526e+01   3.9460126e+01
   1.8660000e+02  -1.0029474e+01   4.3801263e+00
   1.8670000e+02  -4.0029474e+01   4.5580126e+01
   1.8680000e+02  -3.2029474e+01  -6.7398737e+00
   1.8690000e+02  -6.9029474e+01  -4.2598737e+00
   1.8700000e+02  -3.3029474e+01  -1.3699874e+01
   1.8710000e+02  -1.0029474e+01  -2.6619874e+01
   1.8720000e+02   3.7970526e+01  -1.5398737e+00
   1.8730000e+02  -5.0294737e+00  -5.4819874e+01
   1.8740000e+02   1.5497053e+02   6.7801263e+00
   1.8750000e+02  -5.6029474e+01  -1.5779874e+01
   1.8760000e+02  -3.1029474e+01   4.6220126e+01
   1.8770000e+02   1.0097053e+02   2.2940126e+01
   1.8780000e+02  -6.6029474e+01  -1.4379874e+01
   1.8790000e+02   1.8970526e+01   1.2220126e+01
   1.8800000e+02  -1.2029474e+01  -1.1539874e+01
   1.8810000e+02  -1.1029474e+01   5.4420126e+01
   1.8820000e+02   1.0297053e+02  -4.0139874e+01
   1.8830000e+02   3.4970526e+01  -1.4198737e+00
   1.8840000e+02   4.4970526e+01   5.5180126e+01
   1.8850000e+02  -2.3029474e+01  -1.0998737e+00
   1.8860000e+02  -3.1029474e+01   2.8220126e+01
   1.8870000e+02  -3.0029474e+01   4.5180126e+01
   1.8880000e+02   4.4970526e+01  -4.0819874e+01
   1.8890000e+02   1.1970526e+01  -1.4998737e+00
   1.8900000e+02   7.8970526e+01  -1.7987368e-01
   1.8910000e+02  -8.8029474e+01   2.0500126e+01
   1.8920000e+02   1.2970526e+01  -1.4539874e+01
   1.8930000e+02  -1.4029474e+01   7.5401263e+00
   1.8940000e+02   2.5970526e+01   4.1940126e+01
   1.8950000e+02  -1.2029474e+01   1.0646013e+02
   1.8960000e+02  -8.0294737e+00   9.3001263e+00
   1.8970000e+02   4.9970526e+01   2.1980126e+01
   1.8980000e+02   9.7052632e-01   4.9401263e+00
   1.8990000e+02   5.6970526e+01  -2.2299874e+01
   1.9000000e+02   3.3970526e+01   3.3620126e+01
   1.9010000e+02   3.2970526e+01  -4.9339874e+01
   1.9020000e+02   2.7970526e+01   1.8601263e+00
   1.9030000e+02   8.9705263e+00   6.2012632e-01
   1.9040000e+02   3.3970526e+01  -5.6379874e+01
   1.9050000e+02  -1.9029474e+01   7.4012632e-01
   1.9060000e+02  -7.3029474e+01  -1.1099874e+01
   1.9070000e+02   2.1970526e+01  -5.4899874e+01
   1.9080000e+02  -1.7029474e+01   3.3660126e+01
   1.9090000e+02  -2.5029474e+01   2.9980126e+01
   1.9100000e+02  -2.9473684e-02   3.9801263e+00
   1.9110000e+02  -8.0294737e+00   1.5300126e+01
   1.9120000e+02  -1.6029474e+01  -5.3798737e+00
   1.9130000e+02   6.9705263e+00   2.9700126e+01
   1.9140000e+02  -7.8029474e+01   6.9100126e+01
   1.9150000e+02  -7.3029474e+01  -1.0099874e+01
   1.9160000e+02  -1.0029474e+01  -4.3619874e+01
   1.9170000e+02  -1.5029474e+01  -5.4419874e+01
   1.9180000e+02   5.6970526e+01  -3.6299874e+01
   1.9190000e+02   1.8970526e+01   2.3220126e+01
   1.9200000e+02  -4.5029474e+01  -2.9219874e+01
   1.9210000e+02  -3.8029474e+01  -2.3499874e+01
   1.9220000e+02  -6.5029474e+01  -4.0419874e+01
   1.9230000e+02  -4.2029474e+01   6.3660126e+01
   1.9240000e+02   1.0970526e+01   2.5401263e+00
   1.9250000e+02  -3.4029474e+01   8.0340126e+01
   1.9260000e+02   9.7052632e-01  -4.5059874e+01
   1.9270000e+02   1.1970526e+01   2.5500126e+01
   1.9280000e+02  -6.3029474e+01   3.9500126e+01
   1.9290000e+02   4.1970526e+01  -4.7699874e+01
   1.9300000e+02   5.7970526e+01   2.6660126e+01
   1.9310000e+02  -3.1029474e+01   2.2012632e-01
   1.9320000e+02   1.0970526e+01   1.9540126e+01
   1.9330000e+02  -3.8029474e+01  -1.7499874e+01
   1.9340000e+02   1.9705263e+00   1.9900126e+01
   1.9350000e+02   1.1597053e+02  -2.6659874e+01
   1.9360000e+02  -3.5029474e+01  -3.0619874e+01
   1.9370000e+02   5.7970526e+01  -6.0339874e+01
   1.9380000e+02   3.0970526e+01   1.0740126e+01
   1.9390000e+02  -2.2029474e+01   9.8601263e+00
   1.9400000e+02  -9.8029474e+01  -1.7099874e+01
   1.9410000e+02   3.0970526e+01  -6.5259874e+01
   1.9420000e+02  -8.4029474e+01  -2.6659874e+01
   1.9430000e+02  -1.7029474e+01  -1.9339874e+01
   1.9440000e+02  -5.0294737e+00  -1.7819874e+01
   1.9450000e+02  -7.0294737e+00   3.0260126e+01
   1.9460000e+02   5.3970526e+01  -5.4179874e+01
   1.9470000e+02  -6.4029474e+01  -2.8459874e+01
   1.9480000e+02   5.2970526e+01  -4.7139874e+01
   1.9490000e+02   1.9970526e+01  -2.9819874e+01
   1.9500000e+02   1.0497053e+02  -6.0219874e+01
   1.9510000e+02   1.5970526e+01   2.6340126e+01
   1.9520000e+02   8.5970526e+01  -1.6459874e+01
   1.9530000e+02  -6.4029474e+01   2.1540126e+01
   1.9540000e+02  -6.0029474e+01   1.3380126e+01
   1.9550000e+02  -2.2029474e+01   3.3860126e+01
   1.9560000e+02   5.4970526e+01  -3.3219874e+01
   1.9570000e+02   1.2197053e+02  -4.7899874e+01
   1.9580000e+02  -1.4029474e+01  -1.8459874e+01
   1.9590000e+02  -6.8029474e+01  -4.2998737e+00
   1.9600000e+02   6.9705263e+00  -1.8299874e+01
   1.9610000e+02  -3.2029474e+01   3.4260126e+01
   1.9620000e+02   2.8970526e+01  -2.5179874e+01
   1.9630000e+02   1.6970526e+01   4.3300126e+01
   1.9640000e+02   1.1970526e+01  -3.0499874e+01
   1.9650000e+02  -7.2029474e+01   7.8601263e+00
   1.9660000e+02   3.3970526e+01   8.6201263e+00
   1.9670000e+02  -7.4029474e+01   4.5940126e+01
   1.9680000e+02   5.9970526e+01  -5.5419874e+01
   1.9690000e+02   2.5970526e+01   6.9401263e+00
   1.9700000e+02  -9.0029474e+01  -1.5419874e+01
   1.9710000e+02   3.3970526e+01  -2.4379874e+01
   1.9720000e+02  -9.1029474e+01   5.9620126e+01
   1.9730000e+02   5.9705263e+00   1.7740126e+01
   1.9740000e+02  -3.8029474e+01  -1.8499874e+01
   1.9750000e+02  -2.5029474e+01  -6.0198737e+00
   1.9760000e+02   5.9705263e+00   4.0740126e+01
   1.9770000e+02  -3.1029474e+01  -5.2779874e+01
   1.9780000e+02  -1.3029474e+01   4.3500126e+01
   1.9790000e+02  -4.0029474e+01  -4.1987368e-01
   1.9800000e+02   5.8970526e+01  -6.8379874e+01
   1.9810000e+02  -4.0029474e+01  -2.7419874e+01
   1.9820000e+02  -4.7029474e+01  -2.9139874e+01
   1.9830000e+02  -2.5029474e+01   9.8012632e-01
   1.9840000e+02   3.6970526e+01   2.3500126e+01
   1.9850000e+02  -4.9029474e+01  -8.1059874e+01
   1.9860000e+02  -1.0802947e+02  -5.2699874e+01
   1.9870000e+02  -9.1029474e+01  -6.3798737e+00
   1.9880000e+02  -1.0294737e+00   2.3020126e+01
   1.9890000e+02  -6.1029474e+01  -5.0579874e+01
   1.9900000e+02   3.9970526e+01  -2.5619874e+01
   1.9910000e+02  -1.4029474e+01  -3.4459874e+01
   1.9920000e+02   3.3970526e+01  -4.3798737e+00
   1.9930000e+02   2.6970526e+01  -1.0998737e+00
   1.9940000e+02  -2.9473684e-02  -3.0198737e+00
   1.9950000e+02  -6.5029474e+01  -2.4419874e+01
   1.9960000e+02   2.9970526e+01   7.7801263e+00
   1.9970000e+02  -1.0302947e+02   1.9100126e+01
   1.9980000e+02   1.1970526e+01   2.3500126e+01
   1.9990000e+02  -4.0029474e+01  -4.4198737e+00
