   0.0000000e+00   2.6999474e+02   1.5503705e+02
   1.0000000e-01   2.2699474e+02   1.4475705e+02
   2.0000000e-01   2.8199474e+02   1.3557053e+01
   3.0000000e-01   3.3599474e+02  -5.6029474e+00
   4.0000000e-01   2.6799474e+02   6.1170526e+00
   5.0000000e-01   1.6799474e+02   1.0111705e+02
   6.0000000e-01   2.0799474e+02  -4.8294737e-01
   7.0000000e-01   1.5499474e+02   1.3363705e+02
   8.0000000e-01   1.5899474e+02   3.6477053e+01
   9.0000000e-01   5.4994737e+01   1.1863705e+02
   1.0000000e+00   1.3799474e+02   1.1431705e+02
   1.1000000e+00   1.2999474e+02   1.4563705e+02
   1.2000000e+00   2.3899474e+02   1.5327705e+02
   1.3000000e+00   1.6799474e+02   4.3117053e+01
   1.4000000e+00   2.1994737e+01   1.9995705e+02
   1.5000000e+00   1.8199474e+02   1.2355705e+02
   1.6000000e+00   1.2499474e+02   8.6837053e+01
   1.7000000e+00   2.9599474e+02   1.3899705e+02
   1.8000000e+00   1.9499474e+02   6.2037053e+01
   1.9000000e+00   1.2299474e+02   1.7291705e+02
   2.0000000e+00   2.4099474e+02   9.7197053e+01
   2.1000000e+00   9.4994737e+01   1.8303705e+02
   2.2000000e+00   1.9499474e+02   1.3803705e+02
   2.3000000e+00   1.7699474e+02   1.0175705e+02
   2.4000000e+00   6.0994737e+01   1.3539705e+02
   2.5000000e+00   1.3499474e+02   2.0437053e+01
   2.6000000e+00   1.0099474e+02   9.5797053e+01
   2.7000000e+00   4.6994737e+01   7.4957053e+01
   2.8000000e+00   8.4994737e+01   7.8437053e+01
   2.9000000e+00   2.7599474e+02   5.8797053e+01
   3.0000000e+00   2.4299474e+02   9.7117053e+01
   3.1000000e+00   3.7299474e+02   1.2391705e+02
   3.2000000e+00   1.1499474e+02   6.5237053e+01
   3.3000000e+00   2.9599474e+02   1.4599705e+02
   3.4000000e+00   1.7199474e+02   7.8957053e+01
   3.5000000e+00   1.0899474e+02   1.7547705e+02
   3.6000000e+00   2.5499474e+02   8.4637053e+01
   3.7000000e+00   1.6199474e+02   1.5835705e+02
   3.8000000e+00   3.0199474e+02   9.2757053e+01
   3.9000000e+00   4.9994737e+01   1.0983705e+02
   4.0000000e+00   8.6994737e+01   1.5335705e+02
   4.1000000e+00   1.6899474e+02   4.0770526e+00
   4.2000000e+00   1.7699474e+02   1.0175705e+02
   4.3000000e+00   1.8899474e+02   9.2770526e+00
   4.4000000e+00   1.5099474e+02   9.6797053e+01
   4.5000000e+00   1.9099474e+02   2.3197053e+01
   4.6000000e+00   1.3299474e+02   7.4517053e+01
   4.7000000e+00   1.8799474e+02   1.7631705e+02
   4.8000000e+00   2.1299474e+02   7.7317053e+01
   4.9000000e+00   1.5999474e+02   1.0143705e+02
   5.0000000e+00   1.9899474e+02   6.2877053e+01
   5.1000000e+00   1.5199474e+02   1.7475705e+02
   5.2000000e+00   1.8299474e+02   8.3517053e+01
   5.3000000e+00   2.9599474e+02   3.7997053e+01
   5.4000000e+00   1.7099474e+02   2.1299705e+02
   5.5000000e+00   2.0599474e+02   9.3597053e+01
   5.6000000e+00   1.5799474e+02   1.1951705e+02
   5.7000000e+00   1.4699474e+02   1.8095705e+02
   5.8000000e+00   1.0699474e+02  -5.4429474e+00
   5.9000000e+00   9.1994737e+01   7.2157053e+01
   6.0000000e+00   1.5199474e+02   4.5757053e+01
   6.1000000e+00   2.3599474e+02   1.1639705e+02
   6.2000000e+00   2.4899474e+02   9.0877053e+01
   6.3000000e+00   6.6994737e+01   1.3415705e+02
   6.4000000e+00   1.8499474e+02   2.2437053e+01
   6.5000000e+00   9.6994737e+01  -1.0429474e+00
   6.6000000e+00   1.5499474e+02   7.6637053e+01
   6.7000000e+00   1.9399474e+02   1.6807705e+02
   6.8000000e+00   1.5399474e+02   4.9677053e+01
   6.9000000e+00   1.7199474e+02   5.2957053e+01
   7.0000000e+00   8.5994737e+01   8.3397053e+01
   7.1000000e+00   1.5699474e+02   5.6557053e+01
   7.2000000e+00   1.5899474e+02   6.1477053e+01
   7.3000000e+00   1.5999474e+02   1.5343705e+02
   7.4000000e+00   1.5099474e+02   2.0079705e+02
   7.5000000e+00   1.5399474e+02   5.3677053e+01
   7.6000000e+00   8.7994737e+01   3.1317053e+01
   7.7000000e+00   5.2994737e+01   5.3717053e+01
   7.8000000e+00   1.7299474e+02   5.5917053e+01
   7.9000000e+00   1.2699474e+02   9.3757053e+01
   8.0000000e+00   1.7199474e+02   1.1395705e+02
   8.1000000e+00   1.4099474e+02   8.1970526e+00
   8.2000000e+00   2.5799474e+02   5.2517053e+01
   8.3000000e+00   9.9473684e-01   5.1797053e+01
   8.4000000e+00   1.2199474e+02   1.8295705e+02
   8.5000000e+00   7.3994737e+01   1.6087705e+02
   8.6000000e+00   2.4799474e+02   7.6917053e+01
   8.7000000e+00   2.1799474e+02   5.8117053e+01
   8.8000000e+00   1.1599474e+02   8.3197053e+01
   8.9000000e+00   1.3899474e+02   7.3277053e+01
   9.0000000e+00   1.0599474e+02   1.2059705e+02
   9.1000000e+00   2.0399474e+02   3.3677053e+01
   9.2000000e+00   1.8299474e+02   5.2517053e+01
   9.3000000e+00   1.2099474e+02   5.5997053e+01
   9.4000000e+00   1.4599474e+02   5.2997053e+01
   9.5000000e+00   1.9999474e+02   7.7837053e+01
   9.6000000e+00   5.2994737e+01   6.7717053e+01
   9.7000000e+00   1.9799474e+02   2.0091705e+02
   9.8000000e+00   1.0399474e+02   2.1677053e+01
   9.9000000e+00   1.3999474e+02   6.2237053e+01
   1.0000000e+01   1.1499474e+02   4.7237053e+01
   1.0100000e+01   1.7999474e+02   9.1637053e+01
   1.0200000e+01   1.9099474e+02   6.7197053e+01
   1.0300000e+01   2.5499474e+02   1.3463705e+02
   1.0400000e+01   1.7999474e+02   7.8637053e+01
   1.0500000e+01   8.7994737e+01   5.6317053e+01
   1.0600000e+01  -2.5005263e+01   1.3183705e+02
   1.0700000e+01   1.2899474e+02   1.6567705e+02
   1.0800000e+01   2.8699474e+02   1.9235705e+02
   1.0900000e+01   1.4099474e+02   6.3197053e+01
   1.1000000e+01   1.1599474e+02   2.5197053e+01
   1.1100000e+01   2.0199474e+02   5.2757053e+01
   1.1200000e+01   1.0099474e+02   5.1797053e+01
   1.1300000e+01   8.0994737e+01   5.7597053e+01
   1.1400000e+01   2.4899474e+02   6.1877053e+01
   1.1500000e+01   4.7994737e+01   1.0391705e+02
   1.1600000e+01   2.0899474e+02   1.2847705e+02
   1.1700000e+01   7.5994737e+01   1.0879705e+02
   1.1800000e+01   1.7399474e+02   8.8877053e+01
   1.1900000e+01   1.4399474e+02   1.4407705e+02
   1.2000000e+01   1.1199474e+02   4.2357053e+01
   1.2100000e+01   6.3994737e+01   4.9277053e+01
   1.2200000e+01   1.9399474e+02  -1.2922947e+01
   1.2300000e+01   9.0994737e+01   1.6919705e+02
   1.2400000e+01   1.4599474e+02   1.1499705e+02
   1.2500000e+01   7.8994737e+01   1.2267705e+02
   1.2600000e+01   1.5899474e+02   1.1477053e+01
   1.2700000e+01   1.0399474e+02   1.0467705e+02
   1.2800000e+01   8.1994737e+01   1.9557053e+01
   1.2900000e+01   1.7399474e+02   1.2387705e+02
   1.3000000e+01   3.2994737e+01   8.7517053e+01
   1.3100000e+01   1.6799474e+02   9.5117053e+01
   1.3200000e+01   2.0199474e+02   1.2375705e+02
   1.3300000e+01   3.5199474e+02   5.6757053e+01
   1.3400000e+01   1.0799474e+02   2.9517053e+01
   1.3500000e+01   2.2499474e+02   6.0837053e+01
   1.3600000e+01   2.6699474e+02   1.5715705e+02
   1.3700000e+01   3.2099474e+02   9.1997053e+01
   1.3800000e+01   1.8599474e+02   1.3139705e+02
   1.3900000e+01   5.4994737e+01   3.1637053e+01
   1.4000000e+01   1.7899474e+02   7.6677053e+01
   1.4100000e+01   7.2994737e+01   8.1917053e+01
   1.4200000e+01  -7.0052632e+00   4.1170526e+00
   1.4300000e+01   1.5999474e+02   1.5043705e+02
   1.4400000e+01   1.7299474e+02   6.3917053e+01
   1.4500000e+01   7.7994737e+01   5.8717053e+01
   1.4600000e+01   1.1899474e+02   1.5307705e+02
   1.4700000e+01  -1.0052632e+00   4.3877053e+01
   1.4800000e+01   1.5299474e+02   1.3717053e+01
   1.4900000e+01   2.6099474e+02   1.1039705e+02
   1.5000000e+01   1.4299474e+02   1.9711705e+02
   1.5100000e+01   1.8899474e+02   1.7627705e+02
   1.5200000e+01   1.0399474e+02   8.8677053e+01
   1.5300000e+01   2.3399474e+02   1.4247705e+02
   1.5400000e+01   1.7994737e+01   9.3117053e+01
   1.5500000e+01   1.5499474e+02   1.4063705e+02
   1.5600000e+01   1.0299474e+02   6.9717053e+01
   1.5700000e+01   2.7994737e+01   3.0717053e+01
   1.5800000e+01   3.1899474e+02   1.4007705e+02
   1.5900000e+01   1.0699474e+02   9.9557053e+01
   1.6000000e+01   8.3994737e+01   1.1547705e+02
   1.6100000e+01   2.9599474e+02   2.9970526e+00
   1.6200000e+01   2.8599474e+02   6.0397053e+01
   1.6300000e+01   1.0799474e+02   2.4851705e+02
   1.6400000e+01   1.3699474e+02   7.1357053e+01
   1.6500000e+01   6.9994737e+01   3.7037053e+01
   1.6600000e+01  -1.0052632e+00   3.2877053e+01
   1.6700000e+01   1.0499474e+02   8.8637053e+01
   1.6800000e+01   1.7399474e+02   9.1877053e+01
   1.6900000e+01   1.5899474e+02   4.7477053e+01
   1.7000000e+01   9.2994737e+01   4.0117053e+01
   1.7100000e+01   1.8099474e+02   1.1959705e+02
   1.7200000e+01   8.0994737e+01   1.5597053e+01
   1.7300000e+01   2.0199474e+02   9.1757053e+01
   1.7400000e+01   2.9399474e+02   2.9077053e+01
   1.7500000e+01   9.9994737e+01   1.1083705e+02
   1.7600000e+01   1.6899474e+02   1.2307705e+02
   1.7700000e+01   3.3799474e+02   4.2317053e+01
   1.7800000e+01   1.8099474e+02   4.8597053e+01
   1.7900000e+01   1.7999474e+02   1.6963705e+02
   1.8000000e+01   2.1399474e+02   4.9277053e+01
   1.8100000e+01   7.3994737e+01   1.0587705e+02
   1.8200000e+01   1.3499474e+02   1.2437053e+01
   1.8300000e+01   1.6299474e+02   9.5317053e+01
   1.8400000e+01   9.7994737e+01   4.5917053e+01
   1.8500000e+01   1.7699474e+02   1.3675705e+02
   1.8600000e+01   1.5599474e+02   1.1059705e+02
   1.8700000e+01   1.0499474e+02   2.0463705e+02
   1.8800000e+01   2.0699474e+02   5.9557053e+01
   1.8900000e+01   2.2299474e+02   3.7917053e+01
   1.9000000e+01   1.8994737e+01   1.1707705e+02
   1.9100000e+01   1.0699474e+02   6.1557053e+01
   1.9200000e+01   1.7399474e+02   1.3087705e+02
   1.9300000e+01   5.1994737e+01   1.4757053e+01
   1.9400000e+01   8.1994737e+01   1.3755705e+02
   1.9500000e+01   2.8999474e+02   6.2370526e+00
   1.9600000e+01   5.0994737e+01   1.2379705e+02
   1.9700000e+01   2.9199474e+02   7.2157053e+01
   1.9800000e+01   3.1899474e+02   1.0507705e+02
   1.9900000e+01   2.8599474e+02  -1.2602947e+01
   2.0000000e+01   1.4699474e+02  -2.2042947e+01
   2.0100000e+01   3.0699474e+02   1.2955705e+02
   2.0200000e+01   2.5099474e+02  -2.5202947e+01
   2.0300000e+01   3.7499474e+02  -1.6162947e+01
   2.0400000e+01   2.4899474e+02  -2.6122947e+01
   2.0500000e+01   3.4299474e+02  -7.0882947e+01
   2.0600000e+01   2.0399474e+02   7.6770526e+00
   2.0700000e+01   2.4399474e+02  -7.9229474e+00
   2.0800000e+01   3.0599474e+02  -4.7402947e+01
   2.0900000e+01   3.0199474e+02   4.8757053e+01
   2.1000000e+01   2.8199474e+02  -2.1442947e+01
   2.1100000e+01   2.4799474e+02  -2.6082947e+01
   2.1200000e+01   2.0899474e+02  -9.5229474e+00
   2.1300000e+01   2.3699474e+02   4.4357053e+01
   2.1400000e+01   2.6699474e+02  -2.0842947e+01
   2.1500000e+01   3.0899474e+02  -9.5229474e+00
   2.1600000e+01   2.5999474e+02  -5.6294737e-01
   2.1700000e+01   2.1299474e+02   4.0317053e+01
   2.1800000e+01   4.2999474e+02  -2.1362947e+01
   2.1900000e+01   3.2399474e+02  -2.5122947e+01
   2.2000000e+01   2.0599474e+02  -1.7402947e+01
   2.2100000e+01   3.0299474e+02  -4.5282947e+01
   2.2200000e+01   4.6099474e+02   5.3970526e+00
   2.2300000e+01   3.4599474e+02  -2.9002947e+01
   2.2400000e+01   2.3399474e+02  -6.3522947e+01
   2.2500000e+01   2.5799474e+02  -2.4829474e+00
   2.2600000e+01   2.1699474e+02   2.5157053e+01
   2.2700000e+01   2.2199474e+02  -5.0429474e+00
   2.2800000e+01   2.6899474e+02  -2.0922947e+01
   2.2900000e+01   4.3799474e+02   4.4317053e+01
   2.3000000e+01   4.8899474e+02  -7.2294737e-01
   2.3100000e+01   2.4899474e+02  -3.1229474e+00
   2.3200000e+01   2.7299474e+02  -4.3082947e+01
   2.3300000e+01   2.6799474e+02  -3.5882947e+01
   2.3400000e+01   4.3999474e+02  -9.2762947e+01
   2.3500000e+01   3.5299474e+02  -2.6282947e+01
   2.3600000e+01   3.5299474e+02  -7.2282947e+01
   2.3700000e+01   1.7299474e+02  -4.2082947e+01
   2.3800000e+01   3.1699474e+02   7.7157053e+01
   2.3900000e+01   9.7994737e+01  -3.0829474e+00
   2.4000000e+01   3.1999474e+02  -3.8962947e+01
   2.4100000e+01   3.0899474e+02   4.7705263e-01
   2.4200000e+01   2.8499474e+02   5.2437053e+01
   2.4300000e+01   2.2399474e+02  -1.7122947e+01
   2.4400000e+01   1.9899474e+02   2.6877053e+01
   2.4500000e+01   1.5999474e+02   4.4370526e+00
   2.4600000e+01   2.6099474e+02   7.2397053e+01
   2.4700000e+01   1.3499474e+02   3.5437053e+01
   2.4800000e+01   2.9499474e+02  -7.0962947e+01
   2.4900000e+01   3.2399474e+02  -1.2122947e+01
   2.5000000e+01   1.2699474e+02   5.7570526e+00
   2.5100000e+01   2.4999474e+02   3.5837053e+01
   2.5200000e+01   3.7799474e+02  -2.3282947e+01
   2.5300000e+01   2.2499474e+02  -2.1162947e+01
   2.5400000e+01   1.4899474e+02  -5.1229474e+00
   2.5500000e+01   2.7799474e+02  -1.0282947e+01
   2.5600000e+01   4.4499474e+02  -8.9629474e+00
   2.5700000e+01   2.3099474e+02  -8.3402947e+01
   2.5800000e+01   8.8994737e+01   7.2277053e+01
   2.5900000e+01   3.5699474e+02   1.1557053e+01
   2.6000000e+01   2.2599474e+02   8.7970526e+00
   2.6100000e+01   2.4099474e+02   1.0919705e+02
   2.6200000e+01   1.4699474e+02  -3.4042947e+01
   2.6300000e+01   2.3999474e+02   1.7237053e+01
   2.6400000e+01   3.7499474e+02   4.1837053e+01
   2.6500000e+01   3.1199474e+02  -3.3642947e+01
   2.6600000e+01   2.5499474e+02  -1.1362947e+01
   2.6700000e+01   2.9999474e+02  -4.1162947e+01
   2.6800000e+01   3.3999474e+02  -4.2762947e+01
   2.6900000e+01   2.8399474e+02   3.8477053e+01
   2.7000000e+01   2.1499474e+02   7.2370526e+00
   2.7100000e+01   3.2999474e+02  -2.3362947e+01
   2.7200000e+01   2.9399474e+02  -8.9229474e+00
   2.7300000e+01   5.3699474e+02  -2.4642947e+01
   2.7400000e+01   3.0799474e+02  -2.4482947e+01
   2.7500000e+01   1.5399474e+02   2.4677053e+01
   2.7600000e+01   3.3799474e+02  -2.6829474e+00
   2.7700000e+01   2.9799474e+02  -1.1082947e+01
   2.7800000e+01   2.4199474e+02  -1.0842947e+01
   2.7900000e+01   1.3699474e+02   8.3570526e+00
   2.8000000e+01   2.7899474e+02  -6.9322947e+01
   2.8100000e+01   3.4299474e+02   2.2117053e+01
   2.8200000e+01   2.8699474e+02  -3.3642947e+01
   2.8300000e+01   1.8499474e+02  -1.5629474e+00
   2.8400000e+01   2.7399474e+02  -1.1122947e+01
   2.8500000e+01   1.3999474e+02  -5.5762947e+01
   2.8600000e+01   2.6899474e+02  -5.5922947e+01
   2.8700000e+01   2.9999474e+02   7.8370526e+00
   2.8800000e+01   2.0899474e+02  -4.2522947e+01
   2.8900000e+01   2.2199474e+02   3.3957053e+01
   2.9000000e+01   1.8199474e+02  -2.4429474e+00
   2.9100000e+01   3.6199474e+02  -3.0642947e+01
   2.9200000e+01   3.9499474e+02  -1.1962947e+01
   2.9300000e+01   1.2199474e+02  -4.0429474e+00
   2.9400000e+01   1.5999474e+02   3.3437053e+01
   2.9500000e+01   1.9999474e+02  -1.7162947e+01
   2.9600000e+01   4.0499474e+02  -4.0362947e+01
   2.9700000e+01   1.7799474e+02  -3.9282947e+01
   2.9800000e+01   3.7099474e+02  -4.1002947e+01
   2.9900000e+01   5.1399474e+02  -3.0722947e+01
   3.0000000e+01   2.9399474e+02   4.5077053e+01
   3.0100000e+01   5.0994737e+01  -2.2202947e+01
   3.0200000e+01   3.2499474e+02   2.8837053e+01
   3.0300000e+01   2.4099474e+02   1.0197053e+01
   3.0400000e+01   2.4999474e+02   6.8370526e+00
   3.0500000e+01   2.3099474e+02  -2.8402947e+01
   3.0600000e+01   3.4499474e+02  -6.3962947e+01
   3.0700000e+01   3.3199474e+02   8.0557053e+01
   3.0800000e+01   8.0994737e+01   5.5970526e+00
   3.0900000e+01   1.8699474e+02  -1.6429474e+00
   3.1000000e+01   1.6699474e+02  -6.1842947e+01
   3.1100000e+01   1.8499474e+02  -2.0562947e+01
   3.1200000e+01   1.6099474e+02  -2.1602947e+01
   3.1300000e+01   3.9699474e+02  -1.9042947e+01
   3.1400000e+01   2.4799474e+02  -4.5082947e+01
   3.1500000e+01   3.6599474e+02  -6.9802947e+01
   3.1600000e+01   4.6099474e+02  -3.6602947e+01
   3.1700000e+01   2.8799474e+02  -5.6829474e+00
   3.1800000e+01   9.4994737e+01  -5.1962947e+01
   3.1900000e+01   2.1899474e+02  -2.9229474e+00
   3.2000000e+01   1.8499474e+02  -3.4562947e+01
   3.2100000e+01   7.7994737e+01  -6.0282947e+01
   3.2200000e+01   1.9199474e+02   3.4157053e+01
   3.2300000e+01   1.6299474e+02   3.9317053e+01
   3.2400000e+01   2.6799474e+02   6.1170526e+00
   3.2500000e+01   2.4399474e+02  -5.9229474e+00
   3.2600000e+01   1.7899474e+02  -2.3229474e+00
   3.2700000e+01   1.5699474e+02  -4.5442947e+01
   3.2800000e+01   1.4299474e+02  -1.2882947e+01
   3.2900000e+01   2.0999474e+02  -5.4562947e+01
   3.3000000e+01   2.0599474e+02  -4.0294737e-01
   3.3100000e+01   3.8299474e+02  -4.7482947e+01
   3.3200000e+01   3.4299474e+02   4.9117053e+01
   3.3300000e+01   2.2699474e+02   3.2757053e+01
   3.3400000e+01   3.8699474e+02   2.3570526e+00
   3.3500000e+01   2.2499474e+02   2.8370526e+00
   3.3600000e+01   2.3299474e+02   2.8517053e+01
   3.3700000e+01   1.8499474e+02  -2.6562947e+01
   3.3800000e+01   2.5699474e+02  -3.8442947e+01
   3.3900000e+01   4.9499474e+02  -3.2962947e+01
   3.4000000e+01   4.0399474e+02  -4.9322947e+01
   3.4100000e+01   3.3199474e+02  -3.3442947e+01
   3.4200000e+01   2.3499474e+02  -9.5629474e+00
   3.4300000e+01   2.4899474e+02  -4.4122947e+01
   3.4400000e+01   2.5999474e+02   3.4370526e+00
   3.4500000e+01   1.9999474e+02   9.0837053e+01
   3.4600000e+01   2.7899474e+02  -8.3229474e+00
   3.4700000e+01   3.1399474e+02   2.2277053e+01
   3.4800000e+01   1.2999474e+02   1.1637053e+01
   3.4900000e+01   1.5999474e+02   6.4370526e+00
   3.5000000e+01   4.1799474e+02   3.0117053e+01
   3.5100000e+01   3.3699474e+02   1.3357053e+01
   3.5200000e+01   1.8699474e+02   2.3357053e+01
   3.5300000e+01   2.0399474e+02  -3.6322947e+01
   3.5400000e+01   4.5599474e+02   6.5970526e+00
   3.5500000e+01   2.4199474e+02   2.9157053e+01
   3.5600000e+01   3.1799474e+02   5.4117053e+01
   3.5700000e+01   3.3399474e+02  -4.8522947e+01
   3.5800000e+01   3.7099474e+02  -8.0029474e+00
   3.5900000e+01   3.5099474e+02  -6.2029474e+00
   3.6000000e+01   1.6299474e+02   1.0531705e+02
   3.6100000e+01   1.4499474e+02  -5.3962947e+01
   3.6200000e+01   3.1499474e+02   3.6237053e+01
   3.6300000e+01   4.5099474e+02  -1.6202947e+01
   3.6400000e+01   1.8999474e+02   1.6237053e+01
   3.6500000e+01   3.7899474e+02   4.1677053e+01
   3.6600000e+01   4.8599474e+02  -6.8602947e+01
   3.6700000e+01   2.9199474e+02   2.2157053e+01
   3.6800000e+01   2.8899474e+02  -6.7229474e+00
   3.6900000e+01   7.1994737e+01  -1.4042947e+01
   3.7000000e+01   2.0699474e+02   7.2557053e+01
   3.7100000e+01   9.8994737e+01  -3.5122947e+01
   3.7200000e+01   2.2899474e+02   2.8677053e+01
   3.7300000e+01   1.8299474e+02   2.5170526e+00
   3.7400000e+01   1.5199474e+02   3.8757053e+01
   3.7500000e+01   2.7199474e+02   9.8957053e+01
   3.7600000e+01   1.2599474e+02  -4.4202947e+01
   3.7700000e+01   1.7899474e+02  -5.6322947e+01
   3.7800000e+01   3.8299474e+02  -5.0482947e+01
   3.7900000e+01   2.2699474e+02   3.7570526e+00
   3.8000000e+01   2.0499474e+02   6.0637053e+01
   3.8100000e+01   1.4899474e+02  -6.4122947e+01
   3.8200000e+01   1.9699474e+02   2.4957053e+01
   3.8300000e+01   1.7699474e+02  -3.5242947e+01
   3.8400000e+01   2.4999474e+02  -2.2162947e+01
   3.8500000e+01   1.6499474e+02  -3.2762947e+01
   3.8600000e+01   2.1199474e+02   9.8357053e+01
   3.8700000e+01   2.4799474e+02  -4.0082947e+01
   3.8800000e+01   3.5199474e+02  -6.7242947e+01
   3.8900000e+01   2.5199474e+02   2.5757053e+01
   3.9000000e+01   2.4699474e+02   8.9570526e+00
   3.9100000e+01   2.0099474e+02  -1.1202947e+01
   3.9200000e+01   1.3599474e+02   3.2397053e+01
   3.9300000e+01   3.3899474e+02   4.0277053e+01
   3.9400000e+01   2.9599474e+02  -4.0029474e+00
   3.9500000e+01   2.0299474e+02   8.7170526e+00
   3.9600000e+01   2.9599474e+02   6.7997053e+01
   3.9700000e+01   2.3699474e+02  -1.3642947e+01
   3.9800000e+01   1.5299474e+02   3.7170526e+00
   3.9900000e+01   2.6799474e+02  -5.1882947e+01
   4.0000000e+01   3.4799474e+02  -4.8082947e+01
   4.0100000e+01   2.1799474e+02  -1.5882947e+01
   4.0200000e+01   1.9899474e+02   1.7877053e+01
   4.0300000e+01   1.7899474e+02  -2.4322947e+01
   4.0400000e+01   2.2699474e+02  -5.2429474e+00
   4.0500000e+01   4.0299474e+02   1.6717053e+01
   4.0600000e+01   1.8099474e+02   1.0597053e+01
   4.0700000e+01   2.4699474e+02  -2.8042947e+01
   4.0800000e+01   2.9199474e+02   1.4157053e+01
   4.0900000e+01   1.9399474e+02  -2.8922947e+01
   4.1000000e+01   3.3499474e+02   9.7437053e+01
   4.1100000e+01   1.9999474e+02  -3.1629474e+00
   4.1200000e+01   3.1299474e+02  -1.3682947e+01
   4.1300000e+01   2.9799474e+02  -4.1082947e+01
   4.1400000e+01   1.9899474e+02  -9.1229474e+00
   4.1500000e+01   2.4399474e+02   4.0077053e+01
   4.1600000e+01   1.1599474e+02  -1.1802947e+01
   4.1700000e+01   3.6999474e+02   1.2037053e+01
   4.1800000e+01   2.3999474e+02   4.1237053e+01
   4.1900000e+01   2.1199474e+02  -6.1642947e+01
   4.2000000e+01   2.8499474e+02   1.9437053e+01
   4.2100000e+01   3.4599474e+02  -2.6002947e+01
   4.2200000e+01   2.0599474e+02  -3.3402947e+01
   4.2300000e+01   2.3299474e+02   1.0517053e+01
   4.2400000e+01   2.5099474e+02  -2.0294737e-01
   4.2500000e+01   3.3299474e+02  -2.9482947e+01
   4.2600000e+01   6.1994737e+01   1.2357053e+01
   4.2700000e+01   2.7299474e+02  -4.9082947e+01
   4.2800000e+01   8.4994737e+01  -1.0562947e+01
   4.2900000e+01   1.8599474e+02  -3.4602947e+01
   4.3000000e+01   3.8899474e+02   1.0277053e+01
   4.3100000e+01   2.1599474e+02  -7.8029474e+00
   4.3200000e+01   4.2999474e+02  -6.3362947e+01
   4.3300000e+01   3.2899474e+02  -5.1322947e+01
   4.3400000e+01   1.8799474e+02   3.9317053e+01
   4.3500000e+01   2.8799474e+02  -2.1682947e+01
   4.3600000e+01   2.5699474e+02  -2.5442947e+01
   4.3700000e+01   7.4994737e+01  -4.4162947e+01
   4.3800000e+01   2.2399474e+02  -4.0122947e+01
   4.3900000e+01   2.0499474e+02  -2.0362947e+01
   4.4000000e+01   2.7199474e+02   1.3957053e+01
   4.4100000e+01   1.6999474e+02  -3.9629474e+00
   4.4200000e+01   5.7999474e+02   5.9637053e+01
   4.4300000e+01   3.4299474e+02  -9.7882947e+01
   4.4400000e+01   3.2999474e+02  -2.8362947e+01
   4.4500000e+01   1.1099474e+02  -4.6029474e+00
   4.4600000e+01   2.0499474e+02  -4.4362947e+01
   4.4700000e+01   2.2899474e+02  -5.3322947e+01
   4.4800000e+01   2.8399474e+02   1.0477053e+01
   4.4900000e+01   2.5999474e+02  -7.5562947e+01
   4.5000000e+01   3.9099474e+02  -1.8802947e+01
   4.5100000e+01   2.3199474e+02  -2.6442947e+01
   4.5200000e+01   2.3699474e+02  -2.5642947e+01
   4.5300000e+01   1.8699474e+02  -5.1642947e+01
   4.5400000e+01   2.1999474e+02   4.4037053e+01
   4.5500000e+01   2.2899474e+02  -3.8322947e+01
   4.5600000e+01   1.4499474e+02  -4.6962947e+01
   4.5700000e+01   1.8499474e+02   3.4370526e+00
   4.5800000e+01   2.8399474e+02  -3.1522947e+01
   4.5900000e+01   3.8899474e+02   4.0277053e+01
   4.6000000e+01   1.4999474e+02  -1.1629474e+00
   4.6100000e+01   1.6899474e+02  -3.9922947e+01
   4.6200000e+01   2.6299474e+02   2.0317053e+01
   4.6300000e+01   1.6599474e+02   3.0197053e+01
   4.6400000e+01   2.8799474e+02  -3.4682947e+01
   4.6500000e+01   2.5099474e+02  -1.2202947e+01
   4.6600000e+01   2.9399474e+02  -9.2294737e-01
   4.6700000e+01   1.5099474e+02  -7.8202947e+01
   4.6800000e+01   3.1899474e+02  -4.1922947e+01
   4.6900000e+01   2.0099474e+02   7.7970526e+00
   4.7000000e+01   3.1299474e+02   2.5317053e+01
   4.7100000e+01   2.6799474e+02  -5.5882947e+01
   4.7200000e+01   1.5299474e+02  -6.2829474e+00
   4.7300000e+01   3.4799474e+02  -1.2082947e+01
   4.7400000e+01   2.4399474e+02   8.9077053e+01
   4.7500000e+01   2.0099474e+02  -2.5202947e+01
   4.7600000e+01   1.5499474e+02  -2.6362947e+01
   4.7700000e+01   1.5799474e+02  -3.1482947e+01
   4.7800000e+01   2.1299474e+02   4.2317053e+01
   4.7900000e+01   3.2199474e+02   4.9570526e+00
   4.8000000e+01   3.1799474e+02   1.1170526e+00
   4.8100000e+01   2.6999474e+02   3.5037053e+01
   4.8200000e+01   7.2994737e+01  -3.2082947e+01
   4.8300000e+01   7.2994737e+01   3.3917053e+01
   4.8400000e+01   1.3099474e+02  -3.6402947e+01
   4.8500000e+01   1.6699474e+02  -1.0842947e+01
   4.8600000e+01   2.8399474e+02  -2.5522947e+01
   4.8700000e+01   2.4499474e+02   2.3037053e+01
   4.8800000e+01   2.0199474e+02   1.6757053e+01
   4.8900000e+01   2.6299474e+02  -3.5682947e+01
   4.9000000e+01   3.1099474e+02  -6.6602947e+01
   4.9100000e+01   2.2499474e+02  -1.7162947e+01
   4.9200000e+01   2.4999474e+02   1.0837053e+01
   4.9300000e+01   1.6899474e+02  -1.5922947e+01
   4.9400000e+01   2.1899474e+02  -8.9229474e+00
   4.9500000e+01   3.7099474e+02  -5.3002947e+01
   4.9600000e+01   3.1399474e+02   7.2770526e+00
   4.9700000e+01   3.2699474e+02  -5.5242947e+01
   4.9800000e+01   2.0899474e+02  -5.2294737e-01
   4.9900000e+01   2.4699474e+02  -4.4042947e+01
   5.0000000e+01   1.9899474e+02  -2.7122947e+01
   5.0100000e+01   1.5099474e+02  -1.5202947e+01
   5.0200000e+01   1.5799474e+02   7.3517053e+01
   5.0300000e+01   2.0399474e+02  -2.4322947e+01
   5.0400000e+01   2.3399474e+02  -5.3522947e+01
   5.0500000e+01   3.2099474e+02  -5.2002947e+01
   5.0600000e+01   2.8199474e+02  -5.7442947e+01
   5.0700000e+01   2.5899474e+02   1.7477053e+01
   5.0800000e+01   2.3099474e+02  -6.4029474e+00
   5.0900000e+01   3.7799474e+02  -3.0282947e+01
   5.1000000e+01   2.0899474e+02   6.4477053e+01
   5.1100000e+01   2.7199474e+02   3.0957053e+01
   5.1200000e+01   6.2994737e+01  -3.7682947e+01
   5.1300000e+01   2.5099474e+02  -5.1202947e+01
   5.1400000e+01   4.6699474e+02  -1.2842947e+01
   5.1500000e+01   2.5899474e+02  -2.7522947e+01
   5.1600000e+01   1.2299474e+02   7.9170526e+00
   5.1700000e+01   2.1399474e+02  -1.0872295e+02
   5.1800000e+01   2.6799474e+02  -3.0882947e+01
   5.1900000e+01   1.9399474e+02   1.0770526e+00
   5.2000000e+01   1.4199474e+02  -3.7842947e+01
   5.2100000e+01   3.1299474e+02  -4.4682947e+01
   5.2200000e+01   1.5399474e+02   1.5677053e+01
   5.2300000e+01   3.3199474e+02  -6.5442947e+01
   5.2400000e+01   2.3099474e+02  -6.6402947e+01
   5.2500000e+01   4.1099474e+02   1.3397053e+01
   5.2600000e+01   3.3599474e+02  -4.3602947e+01
   5.2700000e+01   2.9499474e+02  -6.5962947e+01
   5.2800000e+01   2.0699474e+02  -7.0442947e+01
   5.2900000e+01   3.4199474e+02  -2.6842947e+01
   5.3000000e+01   2.4399474e+02  -5.2922947e+01
   5.3100000e+01   1.1799474e+02   1.1705263e-01
   5.3200000e+01   2.5099474e+02  -1.4202947e+01
   5.3300000e+01   1.2199474e+02   6.9570526e+00
   5.3400000e+01   7.9994737e+01  -1.0362947e+01
   5.3500000e+01   1.5599474e+02   5.5970526e+00
   5.3600000e+01   1.2799474e+02  -5.1282947e+01
   5.3700000e+01   4.4299474e+02  -8.8829474e+00
   5.3800000e+01   3.4299474e+02  -1.4882947e+01
   5.3900000e+01   2.8199474e+02  -8.0442947e+01
   5.4000000e+01   1.5699474e+02  -2.9442947e+01
   5.4100000e+01   1.2999474e+02  -3.1362947e+01
   5.4200000e+01   2.0799474e+02  -7.3482947e+01
   5.4300000e+01   2.4899474e+02  -7.1229474e+00
   5.4400000e+01   1.6399474e+02  -3.7722947e+01
   5.4500000e+01   2.9299474e+02   4.7117053e+01
   5.4600000e+01   1.2599474e+02  -2.6202947e+01
   5.4700000e+01   2.3499474e+02  -5.1562947e+01
   5.4800000e+01   1.3999474e+02  -6.6762947e+01
   5.4900000e+01   2.9199474e+02   1.0157053e+01
   5.5000000e+01   2.1299474e+02  -2.2682947e+01
   5.5100000e+01   4.4199474e+02  -2.6842947e+01
   5.5200000e+01   3.6499474e+02   1.0237053e+01
   5.5300000e+01   1.8399474e+02  -5.5522947e+01
   5.5400000e+01   2.0799474e+02  -2.5482947e+01
   5.5500000e+01   2.4799474e+02   7.8917053e+01
   5.5600000e+01   9.1994737e+01   7.1570526e+00
   5.5700000e+01   1.7099474e+02   6.2997053e+01
   5.5800000e+01   2.0399474e+02  -3.4322947e+01
   5.5900000e+01   2.4499474e+02   3.5037053e+01
   5.6000000e+01   2.5499474e+02   2.3637053e+01
   5.6100000e+01   4.7099474e+02  -4.1002947e+01
   5.6200000e+01   2.7399474e+02  -2.6122947e+01
   5.6300000e+01   1.8199474e+02   9.5570526e+00
   5.6400000e+01   2.8999474e+02  -8.7629474e+00
   5.6500000e+01   3.4299474e+02   1.5117053e+01
   5.6600000e+01   2.5899474e+02   7.3477053e+01
   5.6700000e+01   2.2499474e+02  -1.4162947e+01
   5.6800000e+01   2.5799474e+02  -4.4829474e+00
   5.6900000e+01   1.3399474e+02  -2.3522947e+01
   5.7000000e+01   3.3499474e+02  -1.5629474e+00
   5.7100000e+01   2.1599474e+02   3.1970526e+00
   5.7200000e+01   2.3799474e+02  -1.6829474e+00
   5.7300000e+01   3.7299474e+02  -3.4082947e+01
   5.7400000e+01   2.0799474e+02  -5.5482947e+01
   5.7500000e+01   3.8994737e+01   2.4277053e+01
   5.7600000e+01   1.4899474e+02   5.9877053e+01
   5.7700000e+01   1.6399474e+02  -2.1722947e+01
   5.7800000e+01   1.4999474e+02  -1.9162947e+01
   5.7900000e+01   1.4799474e+02  -2.6082947e+01
   5.8000000e+01   1.1299474e+02  -8.6829474e+00
   5.8100000e+01   2.5899474e+02  -3.7522947e+01
   5.8200000e+01   2.0199474e+02   7.7570526e+00
   5.8300000e+01   2.6599474e+02  -4.1802947e+01
   5.8400000e+01   1.0299474e+02   1.4717053e+01
   5.8500000e+01   1.6399474e+02   4.9277053e+01
   5.8600000e+01   2.3599474e+02  -7.6029474e+00
   5.8700000e+01   2.9499474e+02  -2.2962947e+01
   5.8800000e+01   1.2699474e+02  -5.7242947e+01
   5.8900000e+01   1.9499474e+02  -3.2962947e+01
   5.9000000e+01  -4.3005263e+01   5.1557053e+01
   5.9100000e+01   5.2994737e+01  -2.4282947e+01
   5.9200000e+01  -2.4005263e+01   5.7970526e+00
   5.9300000e+01  -8.1005263e+01  -9.2294737e-01
   5.9400000e+01   3.0994737e+01  -2.9402947e+01
   5.9500000e+01  -4.3005263e+01  -3.8442947e+01
   5.9600000e+01  -3.4005263e+01  -2.7802947e+01
   5.9700000e+01  -5.2005263e+01  -7.0829474e+00
   5.9800000e+01  -6.5005263e+01  -3.8562947e+01
   5.9900000e+01   8.9947368e+00  -1.7522947e+01
   6.0000000e+01   6.5994737e+01  -4.0802947e+01
   6.0100000e+01   3.9994737e+01   1.0237053e+01
   6.0200000e+01  -1.3000526e+02  -6.9629474e+00
   6.0300000e+01  -4.3005263e+01  -6.4429474e+00
   6.0400000e+01  -1.1005263e+01  -7.7722947e+01
   6.0500000e+01  -3.2005263e+01  -4.9882947e+01
   6.0600000e+01  -2.8005263e+01  -2.6042947e+01
   6.0700000e+01   4.1994737e+01  -3.3842947e+01
   6.0800000e+01   2.7994737e+01   1.4717053e+01
   6.0900000e+01   2.6994737e+01  -1.1242947e+01
   6.1000000e+01  -1.3000526e+02  -9.9629474e+00
   6.1100000e+01  -3.0005263e+01   1.0370526e+00
   6.1200000e+01  -5.3005263e+01   6.5957053e+01
   6.1300000e+01  -2.5005263e+01   3.1837053e+01
   6.1400000e+01   1.1994737e+01   1.4357053e+01
   6.1500000e+01  -6.0005263e+01  -1.0762947e+01
   6.1600000e+01  -7.1005263e+01   3.6770526e+00
   6.1700000e+01  -4.9005263e+01  -4.2029474e+00
   6.1800000e+01  -5.3005263e+01   8.6957053e+01
   6.1900000e+01  -2.2005263e+01  -3.0282947e+01
   6.2000000e+01  -7.2005263e+01  -3.8282947e+01
   6.2100000e+01  -1.3005263e+01  -1.9642947e+01
   6.2200000e+01   1.3994737e+01  -4.9722947e+01
   6.2300000e+01  -3.0052632e+00  -2.0042947e+01
   6.2400000e+01   9.1994737e+01   2.3157053e+01
   6.2500000e+01  -7.4005263e+01   1.7970526e+00
   6.2600000e+01  -1.1300526e+02   8.3570526e+00
   6.2700000e+01   1.4994737e+01  -3.2762947e+01
   6.2800000e+01   4.9994737e+01  -2.7162947e+01
   6.2900000e+01  -2.0005263e+01  -7.3629474e+00
   6.3000000e+01  -7.9005263e+01   7.9970526e+00
   6.3100000e+01  -7.2005263e+01   2.7170526e+00
   6.3200000e+01  -4.4005263e+01  -3.2402947e+01
   6.3300000e+01   1.3994737e+01  -4.7229474e+00
   6.3400000e+01  -7.1005263e+01  -1.3229474e+00
   6.3500000e+01   8.5994737e+01  -2.0602947e+01
   6.3600000e+01  -9.0005263e+01  -6.4562947e+01
   6.3700000e+01   4.5994737e+01  -1.4002947e+01
   6.3800000e+01  -1.4600526e+02   1.0677053e+01
   6.3900000e+01   3.9994737e+01  -2.5762947e+01
   6.4000000e+01  -2.7005263e+01   3.9170526e+00
   6.4100000e+01   9.0994737e+01  -3.7802947e+01
   6.4200000e+01  -5.2631579e-03   4.2837053e+01
   6.4300000e+01  -5.3005263e+01  -2.6042947e+01
   6.4400000e+01   1.4994737e+01  -1.1762947e+01
   6.4500000e+01   3.8994737e+01   3.0277053e+01
   6.4600000e+01   6.9994737e+01  -4.8962947e+01
   6.4700000e+01  -6.0052632e+00  -1.5922947e+01
   6.4800000e+01   1.1994737e+01   2.7357053e+01
   6.4900000e+01  -2.6005263e+01  -4.7122947e+01
   6.5000000e+01  -4.7005263e+01   8.7717053e+01
   6.5100000e+01   4.8994737e+01   2.3877053e+01
   6.5200000e+01   3.9994737e+01  -9.7629474e+00
   6.5300000e+01   7.9947368e+00  -3.3482947e+01
   6.5400000e+01  -4.2005263e+01   7.8517053e+01
   6.5500000e+01  -3.9005263e+01   8.4397053e+01
   6.5600000e+01  -8.0052632e+00   4.3157053e+01
   6.5700000e+01  -2.1005263e+01   3.5677053e+01
   6.5800000e+01   4.9947368e+00  -2.1362947e+01
   6.5900000e+01  -4.3005263e+01  -1.0442947e+01
   6.6000000e+01  -7.6005263e+01   2.8770526e+00
   6.6100000e+01   4.4994737e+01  -1.0962947e+01
   6.6200000e+01   2.6994737e+01  -4.6242947e+01
   6.6300000e+01   2.8994737e+01   2.2677053e+01
   6.6400000e+01  -9.1005263e+01   2.3477053e+01
   6.6500000e+01   2.0994737e+01  -1.4002947e+01
   6.6600000e+01  -8.7005263e+01   9.0317053e+01
   6.6700000e+01   3.9947368e+00  -9.3229474e+00
   6.6800000e+01   2.1994737e+01   1.0957053e+01
   6.6900000e+01   9.9473684e-01   2.5797053e+01
   6.7000000e+01   9.9473684e-01  -2.0202947e+01
   6.7100000e+01  -1.8005263e+01   1.5570526e+00
   6.7200000e+01  -1.0052632e+00  -4.6122947e+01
   6.7300000e+01   2.8994737e+01   2.5677053e+01
   6.7400000e+01  -1.9005263e+01  -1.4029474e+00
   6.7500000e+01   4.7994737e+01   2.5917053e+01
   6.7600000e+01   7.9947368e+00  -4.6482947e+01
   6.7700000e+01  -3.5005263e+01  -2.5762947e+01
   6.7800000e+01   1.3994737e+01   9.2770526e+00
   6.7900000e+01   1.0994737e+01  -4.6029474e+00
   6.8000000e+01  -2.7005263e+01  -1.6082947e+01
   6.8100000e+01   4.6994737e+01   5.6957053e+01
   6.8200000e+01   3.2994737e+01   4.7517053e+01
   6.8300000e+01   5.5994737e+01  -3.7402947e+01
   6.8400000e+01   1.0299474e+02   1.7717053e+01
   6.8500000e+01  -9.0052632e+00  -1.3802947e+01
   6.8600000e+01  -2.7005263e+01   5.5917053e+01
   6.8700000e+01   1.8994737e+01   2.8077053e+01
   6.8800000e+01   5.9947368e+00  -2.0402947e+01
   6.8900000e+01   1.2994737e+01  -2.3682947e+01
   6.9000000e+01   7.9994737e+01  -6.1362947e+01
   6.9100000e+01   4.9994737e+01   3.1837053e+01
   6.9200000e+01   1.6994737e+01  -1.4842947e+01
   6.9300000e+01   6.9994737e+01  -2.0962947e+01
   6.9400000e+01  -2.4005263e+01  -4.7202947e+01
   6.9500000e+01  -4.6005263e+01  -1.1322947e+01
   6.9600000e+01   3.4994737e+01  -2.4562947e+01
   6.9700000e+01  -2.2005263e+01   6.7170526e+00
   6.9800000e+01   8.5994737e+01   4.2397053e+01
   6.9900000e+01  -7.0052632e+00  -1.1882947e+01
   7.0000000e+01  -2.7005263e+01  -2.0829474e+00
   7.0100000e+01   3.8994737e+01   6.5277053e+01
   7.0200000e+01  -3.9005263e+01  -3.8602947e+01
   7.0300000e+01  -2.5005263e+01   3.6837053e+01
   7.0400000e+01   4.7994737e+01   1.7917053e+01
   7.0500000e+01  -2.9005263e+01  -1.7002947e+01
   7.0600000e+01  -3.6005263e+01  -3.6722947e+01
   7.0700000e+01  -2.8005263e+01  -2.7042947e+01
   7.0800000e+01  -9.0052632e+00  -4.6802947e+01
   7.0900000e+01   5.9947368e+00  -2.1402947e+01
   7.1000000e+01  -2.4005263e+01  -3.9202947e+01
   7.1100000e+01   5.5994737e+01   3.3597053e+01
   7.1200000e+01  -1.9005263e+01   1.0597053e+01
   7.1300000e+01  -5.0005263e+01   4.3837053e+01
   7.1400000e+01  -3.4005263e+01  -1.8029474e+00
   7.1500000e+01  -3.2005263e+01   7.1170526e+00
   7.1600000e+01   5.5994737e+01   6.3597053e+01
   7.1700000e+01  -4.0005263e+01   2.4370526e+00
   7.1800000e+01  -1.4005263e+01   1.0397053e+01
   7.1900000e+01  -4.6005263e+01  -2.7322947e+01
   7.2000000e+01   1.3994737e+01  -3.2722947e+01
   7.2100000e+01  -1.0000526e+02  -2.1629474e+00
   7.2200000e+01  -3.3005263e+01   2.0157053e+01
   7.2300000e+01   1.2994737e+01   3.1705263e-01
   7.2400000e+01  -7.4005263e+01  -1.4202947e+01
   7.2500000e+01   9.9947368e+00  -4.2562947e+01
   7.2600000e+01  -4.0052632e+00   2.4997053e+01
   7.2700000e+01  -6.4005263e+01   5.5397053e+01
   7.2800000e+01  -3.1005263e+01   3.0770526e+00
   7.2900000e+01  -1.2005263e+01  -8.6829474e+00
   7.3000000e+01   4.7994737e+01  -3.1082947e+01
   7.3100000e+01   8.3994737e+01  -2.2522947e+01
   7.3200000e+01  -5.7005263e+01   3.1117053e+01
   7.3300000e+01   3.8994737e+01   1.5277053e+01
   7.3400000e+01   4.4994737e+01  -8.9629474e+00
   7.3500000e+01   1.1499474e+02   3.2370526e+00
   7.3600000e+01  -3.6005263e+01   5.2770526e+00
   7.3700000e+01   4.7994737e+01   1.5917053e+01
   7.3800000e+01  -4.0052632e+00  -1.8002947e+01
   7.3900000e+01   1.1994737e+01   7.3570526e+00
   7.4000000e+01   1.4994737e+01   1.7237053e+01
   7.4100000e+01   6.8994737e+01  -2.6922947e+01
   7.4200000e+01   5.9994737e+01  -3.7562947e+01
   7.4300000e+01  -1.8005263e+01   2.1557053e+01
   7.4400000e+01   6.9947368e+00  -1.2442947e+01
   7.4500000e+01   1.8994737e+01  -2.5922947e+01
   7.4600000e+01   7.1994737e+01  -3.6042947e+01
   7.4700000e+01   3.7994737e+01  -2.3682947e+01
   7.4800000e+01  -5.1005263e+01  -1.2122947e+01
   7.4900000e+01  -4.2005263e+01  -1.4829474e+00
   7.5000000e+01   7.0994737e+01  -2.2002947e+01
   7.5100000e+01  -1.2500526e+02  -2.8162947e+01
   7.5200000e+01  -1.3005263e+01  -3.9642947e+01
   7.5300000e+01   7.2994737e+01   1.5917053e+01
   7.5400000e+01  -7.1005263e+01  -5.1322947e+01
   7.5500000e+01  -2.8005263e+01  -2.0042947e+01
   7.5600000e+01  -3.0052632e+00  -7.1042947e+01
   7.5700000e+01  -4.5005263e+01  -1.4362947e+01
   7.5800000e+01  -6.2005263e+01  -4.4682947e+01
   7.5900000e+01  -4.0052632e+00   1.1997053e+01
   7.6000000e+01  -5.0005263e+01  -2.2162947e+01
   7.6100000e+01   8.4994737e+01  -5.5629474e+00
   7.6200000e+01  -2.8005263e+01  -4.2947368e-02
   7.6300000e+01   6.9947368e+00   2.8557053e+01
   7.6400000e+01  -1.2005263e+01   3.2317053e+01
   7.6500000e+01  -2.7005263e+01   3.1917053e+01
   7.6600000e+01   9.8994737e+01   2.1877053e+01
   7.6700000e+01   6.5994737e+01  -3.7802947e+01
   7.6800000e+01   1.9994737e+01   3.8037053e+01
   7.6900000e+01  -5.3005263e+01  -5.8042947e+01
   7.7000000e+01   4.9994737e+01  -3.5162947e+01
   7.7100000e+01   8.7994737e+01   6.9317053e+01
   7.7200000e+01   9.9947368e+00   2.2437053e+01
   7.7300000e+01   7.2994737e+01  -6.0829474e+00
   7.7400000e+01  -2.4005263e+01   2.0797053e+01
   7.7500000e+01  -5.2631579e-03   4.3837053e+01
   7.7600000e+01  -4.4005263e+01  -3.7402947e+01
   7.7700000e+01  -3.0005263e+01   5.6037053e+01
   7.7800000e+01  -2.0005263e+01   6.0637053e+01
   7.7900000e+01   2.3994737e+01   3.8877053e+01
   7.8000000e+01   1.2199474e+02   1.4957053e+01
   7.8100000e+01  -8.2005263e+01   1.9117053e+01
   7.8200000e+01  -4.9005263e+01  -3.6202947e+01
   7.8300000e+01  -2.7005263e+01  -2.0082947e+01
   7.8400000e+01  -5.3005263e+01   2.0957053e+01
   7.8500000e+01  -2.0052632e+00  -8.0829474e+00
   7.8600000e+01  -6.0052632e+00  -3.9922947e+01
   7.8700000e+01  -1.9005263e+01  -4.4402947e+01
   7.8800000e+01   5.7994737e+01  -2.4482947e+01
   7.8900000e+01   6.7994737e+01  -2.4882947e+01
   7.9000000e+01  -2.8005263e+01   1.1695705e+02
   7.9100000e+01   5.4994737e+01   1.3637053e+01
   7.9200000e+01  -6.2005263e+01  -3.2682947e+01
   7.9300000e+01   9.5994737e+01   7.1997053e+01
   7.9400000e+01   3.5994737e+01   9.3970526e+00
   7.9500000e+01   3.8994737e+01  -3.0722947e+01
   7.9600000e+01  -1.4005263e+01   4.2397053e+01
   7.9700000e+01  -4.7005263e+01  -1.8282947e+01
   7.9800000e+01   5.4994737e+01   3.7637053e+01
   7.9900000e+01   1.4499474e+02  -1.2962947e+01
   8.0000000e+01   6.5994737e+01   1.1197053e+01
   8.0100000e+01  -5.2005263e+01   3.6917053e+01
   8.0200000e+01  -1.3005263e+01   5.2357053e+01
   8.0300000e+01   5.7994737e+01   5.6517053e+01
   8.0400000e+01  -2.7005263e+01   3.9170526e+00
   8.0500000e+01  -4.5005263e+01   5.0637053e+01
   8.0600000e+01  -7.1005263e+01  -6.3229474e+00
   8.0700000e+01   5.5994737e+01  -1.1402947e+01
   8.0800000e+01  -6.6005263e+01  -2.4522947e+01
   8.0900000e+01  -1.0005263e+01  -1.1762947e+01
   8.1000000e+01  -9.1005263e+01  -3.0522947e+01
   8.1100000e+01  -3.9005263e+01  -6.5602947e+01
   8.1200000e+01  -5.1005263e+01  -1.9122947e+01
   8.1300000e+01  -4.1005263e+01  -1.7522947e+01
   8.1400000e+01   1.1994737e+01   3.3570526e+00
   8.1500000e+01   3.0994737e+01   2.9597053e+01
   8.1600000e+01  -3.3005263e+01   3.0157053e+01
   8.1700000e+01  -4.7005263e+01  -5.4282947e+01
   8.1800000e+01  -4.3005263e+01   2.9557053e+01
   8.1900000e+01   5.9947368e+00   5.7597053e+01
   8.2000000e+01  -8.0052632e+00  -3.9842947e+01
   8.2100000e+01   5.9994737e+01  -1.9562947e+01
   8.2200000e+01   2.2994737e+01   2.9917053e+01
   8.2300000e+01  -1.7005263e+01   1.6517053e+01
   8.2400000e+01   2.0994737e+01  -1.5002947e+01
   8.2500000e+01   3.4994737e+01  -3.2562947e+01
   8.2600000e+01  -6.9005263e+01  -4.9402947e+01
   8.2700000e+01   4.3994737e+01   1.3077053e+01
   8.2800000e+01  -1.3005263e+01   2.7357053e+01
   8.2900000e+01   3.8994737e+01   7.9277053e+01
   8.3000000e+01  -5.4005263e+01  -1.1002947e+01
   8.3100000e+01   1.0799474e+02  -2.6482947e+01
   8.3200000e+01  -1.4900526e+02  -4.2202947e+01
   8.3300000e+01  -5.1005263e+01   4.2877053e+01
   8.3400000e+01  -1.4005263e+01  -3.8602947e+01
   8.3500000e+01   5.9947368e+00  -2.0402947e+01
   8.3600000e+01   1.1994737e+01   3.1357053e+01
   8.3700000e+01  -7.7005263e+01  -1.6082947e+01
   8.3800000e+01  -4.9005263e+01  -5.2202947e+01
   8.3900000e+01  -4.5005263e+01   8.6370526e+00
   8.4000000e+01  -8.0052632e+00  -8.0842947e+01
   8.4100000e+01  -1.2100526e+02   3.6770526e+00
   8.4200000e+01  -1.0200526e+02  -5.5082947e+01
   8.4300000e+01  -9.6005263e+01  -2.0322947e+01
   8.4400000e+01  -9.5005263e+01  -2.5362947e+01
   8.4500000e+01  -5.8005263e+01  -4.2842947e+01
   8.4600000e+01  -1.2700526e+02  -2.7082947e+01
   8.4700000e+01  -3.9005263e+01   2.0397053e+01
   8.4800000e+01  -7.1005263e+01   5.6677053e+01
   8.4900000e+01  -2.5005263e+01  -5.9162947e+01
   8.5000000e+01  -5.3005263e+01  -3.8042947e+01
   8.5100000e+01   1.7994737e+01   3.6117053e+01
   8.5200000e+01  -6.3005263e+01  -3.4642947e+01
   8.5300000e+01  -3.0005263e+01  -1.6962947e+01
   8.5400000e+01   7.6994737e+01  -2.6242947e+01
   8.5500000e+01   9.9994737e+01  -2.2162947e+01
   8.5600000e+01   7.6994737e+01   2.8757053e+01
   8.5700000e+01  -1.1500526e+02  -2.7562947e+01
   8.5800000e+01  -6.7005263e+01   3.4517053e+01
   8.5900000e+01  -3.1005263e+01  -2.5922947e+01
   8.6000000e+01   4.7994737e+01  -3.8082947e+01
   8.6100000e+01  -2.1005263e+01  -3.6322947e+01
   8.6200000e+01  -4.9005263e+01   3.9797053e+01
   8.6300000e+01  -7.0005263e+01  -1.3362947e+01
   8.6400000e+01   4.7499474e+02  -2.8162947e+01
   8.6500000e+01   1.4099474e+02   4.1197053e+01
   8.6600000e+01  -1.0100526e+02  -2.4122947e+01
   8.6700000e+01   6.4994737e+01   2.2237053e+01
   8.6800000e+01   4.3994737e+01  -6.9229474e+00
   8.6900000e+01  -6.0052632e+00  -6.0922947e+01
   8.7000000e+01  -4.9005263e+01  -5.2029474e+00
   8.7100000e+01  -7.3005263e+01  -3.7242947e+01
   8.7200000e+01  -4.8005263e+01   1.8757053e+01
   8.7300000e+01   5.9947368e+00  -8.7402947e+01
   8.7400000e+01  -4.0005263e+01  -4.0562947e+01
   8.7500000e+01  -8.0052632e+00   2.4157053e+01
   8.7600000e+01  -2.8005263e+01   1.2957053e+01
   8.7700000e+01   1.7994737e+01   9.1170526e+00
   8.7800000e+01  -1.1600526e+02  -3.8522947e+01
   8.7900000e+01  -6.8005263e+01   1.8557053e+01
   8.8000000e+01  -6.4005263e+01  -4.8602947e+01
   8.8100000e+01   3.4994737e+01  -4.1562947e+01
   8.8200000e+01  -7.7005263e+01  -3.0829474e+00
   8.8300000e+01   1.4994737e+01  -3.7762947e+01
   8.8400000e+01  -3.2005263e+01   3.4117053e+01
   8.8500000e+01  -7.7005263e+01  -1.5082947e+01
   8.8600000e+01  -3.9005263e+01  -4.1602947e+01
   8.8700000e+01  -3.3005263e+01  -5.1842947e+01
   8.8800000e+01  -6.2005263e+01  -8.6829474e+00
   8.8900000e+01  -2.5005263e+01   8.1837053e+01
   8.9000000e+01  -3.8005263e+01   3.5705263e-01
   8.9100000e+01  -5.9005263e+01  -2.8802947e+01
   8.9200000e+01  -5.3005263e+01  -5.5042947e+01
   8.9300000e+01  -8.6005263e+01   6.2770526e+00
   8.9400000e+01  -6.6005263e+01   3.5477053e+01
   8.9500000e+01  -7.6005263e+01   7.3877053e+01
   8.9600000e+01  -4.0005263e+01   4.3437053e+01
   8.9700000e+01  -5.9005263e+01  -2.2802947e+01
   8.9800000e+01   1.8399474e+02  -1.6522947e+01
   8.9900000e+01  -3.8005263e+01  -3.8642947e+01
   9.0000000e+01  -1.0900526e+02   1.8197053e+01
   9.0100000e+01  -5.0005263e+01   2.0837053e+01
   9.0200000e+01  -5.5005263e+01  -9.9629474e+00
   9.0300000e+01  -3.5005263e+01  -1.9762947e+01
   9.0400000e+01  -1.1005263e+01   2.7705263e-01
   9.0500000e+01   8.9947368e+00  -5.8522947e+01
   9.0600000e+01  -8.0052632e+00  -1.7842947e+01
   9.0700000e+01   4.7994737e+01   7.9170526e+00
   9.0800000e+01  -6.3005263e+01  -1.4642947e+01
   9.0900000e+01  -8.6005263e+01  -3.0722947e+01
   9.1000000e+01   5.4994737e+01  -5.6362947e+01
   9.1100000e+01  -1.3100526e+02   2.0770526e+00
   9.1200000e+01  -1.0052632e+00  -2.5122947e+01
   9.1300000e+01  -1.7800526e+02  -1.1042947e+01
   9.1400000e+01  -9.6005263e+01   3.6770526e+00
   9.1500000e+01   1.4799474e+02  -5.0082947e+01
   9.1600000e+01   1.0099474e+02  -4.1202947e+01
   9.1700000e+01   1.8994737e+01  -1.9922947e+01
   9.1800000e+01  -3.9005263e+01  -1.6602947e+01
   9.1900000e+01  -4.7005263e+01  -3.8282947e+01
   9.2000000e+01  -6.2005263e+01  -6.3682947e+01
   9.2100000e+01  -5.4005263e+01   3.6997053e+01
   9.2200000e+01   4.9947368e+00  -1.1362947e+01
   9.2300000e+01  -1.9005263e+01  -4.7402947e+01
   9.2400000e+01  -1.0100526e+02  -3.2122947e+01
   9.2500000e+01  -7.9005263e+01  -2.2002947e+01
   9.2600000e+01  -9.0052632e+00  -4.9802947e+01
   9.2700000e+01  -2.7005263e+01  -2.0082947e+01
   9.2800000e+01   4.5994737e+01   1.2997053e+01
   9.2900000e+01   1.4299474e+02   1.1117053e+01
   9.3000000e+01   5.6994737e+01  -6.9442947e+01
   9.3100000e+01  -6.5005263e+01  -8.5629474e+00
   9.3200000e+01  -5.4005263e+01   4.8997053e+01
   9.3300000e+01   1.9994737e+01  -9.9629474e+00
   9.3400000e+01  -2.4005263e+01   7.9705263e-01
   9.3500000e+01  -3.0005263e+01   5.8037053e+01
   9.3600000e+01  -6.5005263e+01  -2.1562947e+01
   9.3700000e+01  -1.9005263e+01  -1.0402947e+01
   9.3800000e+01  -5.9005263e+01   1.1197053e+01
   9.3900000e+01   1.2199474e+02   2.7957053e+01
   9.4000000e+01  -8.1005263e+01   3.4077053e+01
   9.4100000e+01   6.6994737e+01  -1.5842947e+01
   9.4200000e+01   5.3994737e+01  -9.3229474e+00
   9.4300000e+01  -6.7005263e+01   1.5170526e+00
   9.4400000e+01   1.3099474e+02  -5.2402947e+01
   9.4500000e+01  -8.2005263e+01  -9.8829474e+00
   9.4600000e+01  -4.6005263e+01   1.7677053e+01
   9.4700000e+01  -6.4005263e+01   3.8397053e+01
   9.4800000e+01  -8.7005263e+01   2.1317053e+01
   9.4900000e+01   6.0994737e+01   5.3970526e+00
   9.5000000e+01   1.4994737e+01  -5.7629474e+00
   9.5100000e+01   5.9947368e+00   1.1597053e+01
   9.5200000e+01  -1.2700526e+02   4.9917053e+01
   9.5300000e+01   9.9947368e+00  -1.3562947e+01
   9.5400000e+01  -7.0005263e+01  -8.3629474e+00
   9.5500000e+01   8.9994737e+01  -1.7762947e+01
   9.5600000e+01   1.3499474e+02   1.8437053e+01
   9.5700000e+01   3.0994737e+01  -6.4029474e+00
   9.5800000e+01  -1.0300526e+02  -1.2042947e+01
   9.5900000e+01   8.2994737e+01  -9.2482947e+01
   9.6000000e+01  -4.0005263e+01   1.1437053e+01
   9.6100000e+01  -1.0005263e+01   5.2370526e+00
   9.6200000e+01   3.2994737e+01   4.5170526e+00
   9.6300000e+01   7.6994737e+01  -7.2429474e+00
   9.6400000e+01   2.9994737e+01   5.6370526e+00
   9.6500000e+01  -9.6005263e+01  -3.3322947e+01
   9.6600000e+01  -4.0052632e+00   9.9705263e-01
   9.6700000e+01  -2.5005263e+01  -1.1162947e+01
   9.6800000e+01   9.7994737e+01  -5.0829474e+00
   9.6900000e+01   4.2994737e+01  -1.6882947e+01
   9.7000000e+01  -7.7005263e+01   3.3917053e+01
   9.7100000e+01  -8.0052632e+00  -2.9842947e+01
   9.7200000e+01  -9.1005263e+01   1.1477053e+01
   9.7300000e+01  -7.7005263e+01  -2.6082947e+01
   9.7400000e+01  -3.7005263e+01  -4.6829474e+00
   9.7500000e+01  -2.0005263e+01   1.3637053e+01
   9.7600000e+01   3.0994737e+01   2.7597053e+01
   9.7700000e+01  -2.2005263e+01   8.7170526e+00
   9.7800000e+01  -1.2800526e+02   5.7957053e+01
   9.7900000e+01  -1.0700526e+02   1.1705263e-01
   9.8000000e+01   3.0994737e+01  -1.0402947e+01
   9.8100000e+01   2.0994737e+01   3.0997053e+01
   9.8200000e+01   9.9947368e+00  -7.5629474e+00
   9.8300000e+01  -1.5005263e+01   5.3437053e+01
   9.8400000e+01  -3.0005263e+01  -2.0962947e+01
   9.8500000e+01   5.0994737e+01   7.4797053e+01
   9.8600000e+01  -9.4005263e+01  -8.4029474e+00
   9.8700000e+01  -1.0400526e+02   1.5997053e+01
   9.8800000e+01   2.5994737e+01   5.7970526e+00
   9.8900000e+01  -1.1005263e+01  -2.0722947e+01
   9.9000000e+01  -8.3005263e+01   2.2157053e+01
   9.9100000e+01  -2.2005263e+01   2.7170526e+00
   9.9200000e+01  -2.5005263e+01  -4.7162947e+01
   9.9300000e+01  -1.4400526e+02  -4.4029474e+00
   9.9400000e+01   6.6994737e+01  -1.9842947e+01
   9.9500000e+01  -4.7005263e+01  -1.9282947e+01
   9.9600000e+01  -5.1005263e+01  -1.5122947e+01
   9.9700000e+01   6.0994737e+01  -1.6602947e+01
   9.9800000e+01  -5.4005263e+01   3.5997053e+01
   9.9900000e+01   5.2994737e+01   7.7170526e+00
   1.0000000e+02  -1.4005263e+01   6.2397053e+01
   1.0010000e+02   5.7994737e+01  -1.4482947e+01
   1.0020000e+02  -3.6005263e+01   4.7277053e+01
   1.0030000e+02   9.3994737e+01   2.4077053e+01
   1.0040000e+02  -3.0005263e+01   9.0370526e+00
   1.0050000e+02   2.5994737e+01   5.7970526e+00
   1.0060000e+02   2.4994737e+01  -2.6162947e+01
   1.0070000e+02   1.5199474e+02   6.7570526e+00
   1.0080000e+02   8.2994737e+01   3.1517053e+01
   1.0090000e+02  -6.4005263e+01   2.1397053e+01
   1.0100000e+02  -8.8005263e+01   1.3357053e+01
   1.0110000e+02  -7.2005263e+01   3.3717053e+01
   1.0120000e+02  -9.0005263e+01   1.9437053e+01
   1.0130000e+02  -3.0052632e+00   1.4957053e+01
   1.0140000e+02   1.0699474e+02   5.4557053e+01
   1.0150000e+02   9.8994737e+01  -1.5122947e+01
   1.0160000e+02  -8.0052632e+00   2.0157053e+01
   1.0170000e+02   4.4994737e+01  -2.9962947e+01
   1.0180000e+02  -3.0005263e+01   2.9037053e+01
   1.0190000e+02  -3.5005263e+01  -2.2762947e+01
   1.0200000e+02  -1.2005263e+01   1.3170526e+00
   1.0210000e+02  -3.5005263e+01  -3.5762947e+01
   1.0220000e+02  -8.9005263e+01  -3.2602947e+01
   1.0230000e+02  -3.0052632e+00   3.4957053e+01
   1.0240000e+02  -2.0005263e+01   6.0637053e+01
   1.0250000e+02  -9.3005263e+01   4.3557053e+01
   1.0260000e+02  -1.8005263e+01  -3.4429474e+00
   1.0270000e+02  -3.2005263e+01  -1.3882947e+01
   1.0280000e+02  -1.5005263e+01  -8.5629474e+00
   1.0290000e+02  -3.5005263e+01  -4.6762947e+01
   1.0300000e+02  -1.0300526e+02  -5.8042947e+01
   1.0310000e+02   1.1994737e+01  -1.4642947e+01
   1.0320000e+02   1.4994737e+01  -4.7762947e+01
   1.0330000e+02   2.5994737e+01  -3.8202947e+01
   1.0340000e+02   4.2994737e+01   8.1170526e+00
   1.0350000e+02  -3.7005263e+01   1.4317053e+01
   1.0360000e+02  -4.5005263e+01   1.1637053e+01
   1.0370000e+02   5.9994737e+01  -1.9562947e+01
   1.0380000e+02   5.7994737e+01  -3.5482947e+01
   1.0390000e+02  -3.7005263e+01  -6.8294737e-01
   1.0400000e+02  -6.0005263e+01  -2.5762947e+01
   1.0410000e+02  -1.0100526e+02  -2.2122947e+01
   1.0420000e+02  -6.2005263e+01   2.3317053e+01
   1.0430000e+02  -9.3005263e+01  -2.4429474e+00
   1.0440000e+02   8.9947368e+00  -6.5229474e+00
   1.0450000e+02  -3.5005263e+01   3.3237053e+01
   1.0460000e+02  -1.5005263e+01  -1.4562947e+01
   1.0470000e+02   9.9473684e-01  -7.7202947e+01
   1.0480000e+02  -1.2800526e+02  -3.9042947e+01
   1.0490000e+02  -2.8005263e+01  -3.3042947e+01
   1.0500000e+02  -4.2005263e+01  -6.4829474e+00
   1.0510000e+02  -6.2005263e+01  -4.3682947e+01
   1.0520000e+02  -7.3005263e+01   3.7570526e+00
   1.0530000e+02  -4.5005263e+01  -1.0362947e+01
   1.0540000e+02   7.9947368e+00  -6.7482947e+01
   1.0550000e+02  -1.1700526e+02  -4.5482947e+01
   1.0560000e+02  -4.1005263e+01  -1.3522947e+01
   1.0570000e+02   4.2994737e+01  -8.6882947e+01
   1.0580000e+02  -7.6005263e+01  -2.7122947e+01
   1.0590000e+02   8.6994737e+01  -7.0642947e+01
   1.0600000e+02  -2.1005263e+01  -2.9322947e+01
   1.0610000e+02   3.5994737e+01   6.3970526e+00
   1.0620000e+02  -6.0005263e+01   2.5237053e+01
   1.0630000e+02  -6.3005263e+01  -3.6429474e+00
   1.0640000e+02  -4.5005263e+01  -2.0362947e+01
   1.0650000e+02  -4.2005263e+01  -6.1482947e+01
   1.0660000e+02  -8.7005263e+01  -2.7682947e+01
   1.0670000e+02  -5.4005263e+01   1.4997053e+01
   1.0680000e+02   1.9994737e+01  -7.9629474e+00
   1.0690000e+02   3.9994737e+01  -1.6762947e+01
   1.0700000e+02  -9.4005263e+01   6.5970526e+00
   1.0710000e+02  -1.9005263e+01  -3.7402947e+01
   1.0720000e+02  -9.0052632e+00  -2.8029474e+00
   1.0730000e+02  -3.4005263e+01  -4.1802947e+01
   1.0740000e+02  -3.0005263e+01  -9.9629474e+00
   1.0750000e+02  -9.7005263e+01  -1.4282947e+01
   1.0760000e+02  -5.6005263e+01  -4.1922947e+01
   1.0770000e+02  -7.7005263e+01  -2.1082947e+01
   1.0780000e+02   1.2994737e+01  -4.3682947e+01
   1.0790000e+02  -7.8005263e+01  -6.0429474e+00
   1.0800000e+02   2.9947368e+00   4.4717053e+01
   1.0810000e+02  -8.6005263e+01  -2.6722947e+01
   1.0820000e+02  -6.3005263e+01  -3.2642947e+01
   1.0830000e+02  -2.7005263e+01  -8.2082947e+01
   1.0840000e+02  -6.0052632e+00  -2.5922947e+01
   1.0850000e+02  -1.4005263e+01   4.2397053e+01
   1.0860000e+02  -3.2005263e+01  -4.4882947e+01
   1.0870000e+02  -1.1005263e+01   1.2770526e+00
   1.0880000e+02  -3.0052632e+00  -3.1042947e+01
   1.0890000e+02  -6.4005263e+01  -2.8602947e+01
   1.0900000e+02  -6.1005263e+01   3.5277053e+01
   1.0910000e+02  -4.0052632e+00  -8.3002947e+01
   1.0920000e+02  -5.3005263e+01   1.6957053e+01
   1.0930000e+02   3.0994737e+01   3.6597053e+01
   1.0940000e+02  -3.2005263e+01  -9.8829474e+00
   1.0950000e+02  -9.3005263e+01  -1.9442947e+01
   1.0960000e+02   4.0994737e+01  -2.4802947e+01
   1.0970000e+02   9.1994737e+01  -2.3842947e+01
   1.0980000e+02   1.1799474e+02  -4.6882947e+01
   1.0990000e+02   4.9947368e+00   5.9637053e+01
   1.1000000e+02  -5.8005263e+01  -7.8429474e+00
   1.1010000e+02  -1.7005263e+01   2.0517053e+01
   1.1020000e+02  -1.0700526e+02  -2.2882947e+01
   1.1030000e+02  -7.9005263e+01  -1.7002947e+01
   1.1040000e+02  -7.9005263e+01  -1.4002947e+01
   1.1050000e+02  -1.0005263e+01  -1.2762947e+01
   1.1060000e+02   2.7994737e+01   2.3717053e+01
   1.1070000e+02  -1.8005263e+01  -4.2442947e+01
   1.1080000e+02   1.0994737e+01   3.4397053e+01
   1.1090000e+02   2.6994737e+01  -2.6242947e+01
   1.1100000e+02  -4.3005263e+01  -1.4442947e+01
   1.1110000e+02  -6.5005263e+01   2.4437053e+01
   1.1120000e+02  -9.4005263e+01   7.4597053e+01
   1.1130000e+02   7.7994737e+01  -1.2282947e+01
   1.1140000e+02  -4.4005263e+01   1.3597053e+01
   1.1150000e+02  -3.9005263e+01   3.4397053e+01
   1.1160000e+02   2.9994737e+01  -3.5362947e+01
   1.1170000e+02  -2.3005263e+01  -1.8242947e+01
   1.1180000e+02  -1.0700526e+02   2.9117053e+01
   1.1190000e+02   9.9994737e+01   2.1837053e+01
   1.1200000e+02  -7.2005263e+01  -3.0282947e+01
   1.1210000e+02  -7.0005263e+01   2.7637053e+01
   1.1220000e+02  -6.0052632e+00  -3.5922947e+01
   1.1230000e+02   2.4994737e+01  -1.6294737e-01
   1.1240000e+02   3.9994737e+01   2.6237053e+01
   1.1250000e+02   3.1994737e+01  -1.4429474e+00
   1.1260000e+02   8.1994737e+01   3.5570526e+00
   1.1270000e+02  -1.6005263e+01  -1.4522947e+01
   1.1280000e+02  -1.0500526e+02   1.0370526e+00
   1.1290000e+02  -1.7005263e+01   3.6517053e+01
   1.1300000e+02   4.1994737e+01  -2.4842947e+01
   1.1310000e+02   3.0994737e+01   1.5970526e+00
   1.1320000e+02   4.4994737e+01  -9.6294737e-01
   1.1330000e+02  -3.6005263e+01   1.6277053e+01
   1.1340000e+02  -9.0052632e+00  -3.1802947e+01
   1.1350000e+02  -5.2631579e-03   2.1837053e+01
   1.1360000e+02   2.2994737e+01  -3.1082947e+01
   1.1370000e+02  -4.3005263e+01  -1.1442947e+01
   1.1380000e+02  -1.0700526e+02  -2.9882947e+01
   1.1390000e+02   9.9473684e-01  -8.2029474e+00
   1.1400000e+02   2.6994737e+01  -3.3242947e+01
   1.1410000e+02  -2.9005263e+01   2.7997053e+01
   1.1420000e+02   1.6399474e+02  -1.7722947e+01
   1.1430000e+02   7.8994737e+01   3.8677053e+01
   1.1440000e+02  -8.4005263e+01   1.4197053e+01
   1.1450000e+02   2.7994737e+01  -2.2829474e+00
   1.1460000e+02   2.2994737e+01  -4.1082947e+01
   1.1470000e+02  -1.8005263e+01  -1.1442947e+01
   1.1480000e+02  -4.1005263e+01   1.5477053e+01
   1.1490000e+02  -6.0052632e+00  -1.7922947e+01
   1.1500000e+02  -6.1005263e+01   5.4277053e+01
   1.1510000e+02   4.0994737e+01  -1.1802947e+01
   1.1520000e+02  -5.3005263e+01   9.5957053e+01
   1.1530000e+02  -9.8005263e+01   2.1757053e+01
   1.1540000e+02   2.1994737e+01  -2.6042947e+01
   1.1550000e+02   1.1199474e+02  -3.8642947e+01
   1.1560000e+02   2.0994737e+01   4.2997053e+01
   1.1570000e+02   5.1994737e+01  -1.1242947e+01
   1.1580000e+02  -5.3005263e+01   9.5705263e-01
   1.1590000e+02  -2.2005263e+01   5.7717053e+01
   1.1600000e+02  -4.4005263e+01   1.3759705e+02
   1.1610000e+02   7.2994737e+01  -3.5082947e+01
   1.1620000e+02   6.4994737e+01  -3.6762947e+01
   1.1630000e+02   6.2994737e+01  -2.1682947e+01
   1.1640000e+02   5.9947368e+00  -4.4029474e+00
   1.1650000e+02  -7.3005263e+01   6.7570526e+00
   1.1660000e+02  -1.3005263e+01   3.9357053e+01
   1.1670000e+02  -5.6005263e+01  -5.0922947e+01
   1.1680000e+02   7.3994737e+01  -2.4122947e+01
   1.1690000e+02  -3.8005263e+01  -1.1642947e+01
   1.1700000e+02   4.8994737e+01  -5.5122947e+01
   1.1710000e+02  -2.6005263e+01  -1.0122947e+01
   1.1720000e+02  -8.4005263e+01   6.4197053e+01
   1.1730000e+02   8.9947368e+00  -4.7522947e+01
   1.1740000e+02   3.3994737e+01   3.5477053e+01
   1.1750000e+02   2.3994737e+01  -4.3122947e+01
   1.1760000e+02  -7.3005263e+01  -6.2429474e+00
   1.1770000e+02  -2.7005263e+01   1.2917053e+01
   1.1780000e+02  -2.5005263e+01  -1.7162947e+01
   1.1790000e+02  -2.9005263e+01  -8.0029474e+00
   1.1800000e+02  -9.7005263e+01   7.4717053e+01
   1.1810000e+02  -2.3005263e+01   1.7570526e+00
   1.1820000e+02  -8.6005263e+01  -7.2294737e-01
   1.1830000e+02  -1.0005263e+01  -1.6762947e+01
   1.1840000e+02  -6.0005263e+01   8.2370526e+00
   1.1850000e+02   5.9994737e+01  -2.3562947e+01
   1.1860000e+02   5.9947368e+00  -1.1402947e+01
   1.1870000e+02  -1.2400526e+02  -1.6202947e+01
   1.1880000e+02  -7.4005263e+01   7.7970526e+00
   1.1890000e+02  -3.8005263e+01   1.3357053e+01
   1.1900000e+02  -2.7005263e+01  -5.0829474e+00
   1.1910000e+02   1.1994737e+01  -1.5642947e+01
   1.1920000e+02  -5.2631579e-03  -8.1629474e+00
   1.1930000e+02  -1.4005263e+01   3.9705263e-01
   1.1940000e+02  -4.2005263e+01   1.5517053e+01
   1.1950000e+02  -1.9005263e+01  -3.4029474e+00
   1.1960000e+02  -1.3100526e+02  -6.9229474e+00
   1.1970000e+02  -5.7005263e+01   1.1705263e-01
   1.1980000e+02  -7.8005263e+01   4.9570526e+00
   1.1990000e+02  -8.0005263e+01  -3.0962947e+01
   1.2000000e+02  -8.2005263e+01  -2.8829474e+00
   1.2010000e+02  -1.3005263e+01  -4.2642947e+01
   1.2020000e+02  -8.6005263e+01   9.2770526e+00
   1.2030000e+02   1.4994737e+01  -8.7629474e+00
   1.2040000e+02  -8.5005263e+01   7.2370526e+00
   1.2050000e+02   1.0499474e+02   1.5637053e+01
   1.2060000e+02   5.6994737e+01   6.8557053e+01
   1.2070000e+02   1.4994737e+01  -1.7629474e+00
   1.2080000e+02  -3.2005263e+01   9.1170526e+00
   1.2090000e+02  -4.0005263e+01  -2.8562947e+01
   1.2100000e+02  -1.1500526e+02   3.4370526e+00
   1.2110000e+02   1.2599474e+02  -4.0202947e+01
   1.2120000e+02   6.9994737e+01   7.3037053e+01
   1.2130000e+02  -6.4005263e+01   3.3397053e+01
   1.2140000e+02   1.9994737e+01  -1.0962947e+01
   1.2150000e+02  -7.9005263e+01   9.9705263e-01
   1.2160000e+02  -7.2005263e+01   2.8717053e+01
   1.2170000e+02  -9.6005263e+01   2.3677053e+01
   1.2180000e+02   7.7994737e+01   2.1717053e+01
   1.2190000e+02   7.6994737e+01  -4.9242947e+01
   1.2200000e+02   2.9947368e+00  -5.9282947e+01
   1.2210000e+02  -3.0005263e+01   2.8037053e+01
   1.2220000e+02  -9.3005263e+01  -2.0442947e+01
   1.2230000e+02  -5.1005263e+01   4.8770526e+00
   1.2240000e+02  -9.5005263e+01   3.9637053e+01
   1.2250000e+02  -4.0005263e+01   4.1437053e+01
   1.2260000e+02  -5.2005263e+01   4.5917053e+01
   1.2270000e+02  -1.7400526e+02   2.0797053e+01
   1.2280000e+02  -6.1005263e+01  -3.5722947e+01
   1.2290000e+02  -2.7005263e+01   2.5917053e+01
   1.2300000e+02  -4.1005263e+01  -1.4522947e+01
   1.2310000e+02   4.5994737e+01  -2.2002947e+01
   1.2320000e+02   5.0994737e+01   3.7970526e+00
   1.2330000e+02  -1.1300526e+02   2.9357053e+01
   1.2340000e+02  -6.4005263e+01  -1.9602947e+01
   1.2350000e+02  -4.0005263e+01  -4.6562947e+01
   1.2360000e+02  -7.6005263e+01  -1.9122947e+01
   1.2370000e+02  -1.4500526e+02  -2.8362947e+01
   1.2380000e+02  -4.6005263e+01  -2.3229474e+00
   1.2390000e+02  -6.2005263e+01   2.5317053e+01
   1.2400000e+02  -5.6005263e+01  -1.6922947e+01
   1.2410000e+02   1.1199474e+02  -2.1642947e+01
   1.2420000e+02  -8.0005263e+01  -7.9629474e+00
   1.2430000e+02   5.7994737e+01  -1.7482947e+01
   1.2440000e+02   7.2994737e+01  -3.4082947e+01
   1.2450000e+02  -1.2005263e+01  -1.4682947e+01
   1.2460000e+02  -1.1005263e+01   1.2770526e+00
   1.2470000e+02  -2.5005263e+01  -3.5162947e+01
   1.2480000e+02  -8.6005263e+01  -2.7722947e+01
   1.2490000e+02   4.9947368e+00   1.6637053e+01
   1.2500000e+02   4.4994737e+01   4.5037053e+01
   1.2510000e+02  -3.2005263e+01  -1.7882947e+01
   1.2520000e+02  -7.6005263e+01  -2.5122947e+01
   1.2530000e+02  -3.7005263e+01   2.5317053e+01
   1.2540000e+02   9.0994737e+01  -2.4802947e+01
   1.2550000e+02  -3.2005263e+01  -9.8829474e+00
   1.2560000e+02   7.9947368e+00   2.8517053e+01
   1.2570000e+02   4.5994737e+01  -2.9002947e+01
   1.2580000e+02  -6.1005263e+01  -3.4722947e+01
   1.2590000e+02  -3.1005263e+01  -6.2922947e+01
   1.2600000e+02  -7.2005263e+01   1.1717053e+01
   1.2610000e+02  -5.2631579e-03  -5.1629474e+00
   1.2620000e+02  -1.5005263e+01  -4.5562947e+01
   1.2630000e+02  -7.9005263e+01   1.4997053e+01
   1.2640000e+02  -9.5005263e+01  -1.6362947e+01
   1.2650000e+02  -4.6005263e+01  -3.3229474e+00
   1.2660000e+02  -1.2005263e+01  -4.6682947e+01
   1.2670000e+02  -1.0600526e+02   5.7077053e+01
   1.2680000e+02  -3.0005263e+01   3.9037053e+01
   1.2690000e+02  -5.1005263e+01  -1.5122947e+01
   1.2700000e+02  -2.3005263e+01  -3.9242947e+01
   1.2710000e+02  -4.0005263e+01   3.4370526e+00
   1.2720000e+02  -4.8005263e+01  -2.2242947e+01
   1.2730000e+02  -9.0005263e+01  -1.7562947e+01
   1.2740000e+02   6.7994737e+01  -1.2882947e+01
   1.2750000e+02   4.6994737e+01  -2.0429474e+00
   1.2760000e+02  -9.9005263e+01  -2.2029474e+00
   1.2770000e+02   4.0994737e+01   2.4197053e+01
   1.2780000e+02   4.9947368e+00  -1.9362947e+01
   1.2790000e+02  -5.7005263e+01  -8.8294737e-01
   1.2800000e+02   6.4994737e+01  -2.2762947e+01
   1.2810000e+02  -4.9005263e+01  -2.5202947e+01
   1.2820000e+02  -7.2005263e+01  -4.3282947e+01
   1.2830000e+02   6.2994737e+01   1.5317053e+01
   1.2840000e+02  -2.0005263e+01  -4.5362947e+01
   1.2850000e+02   7.9947368e+00  -2.9482947e+01
   1.2860000e+02   2.9947368e+00  -1.2829474e+00
   1.2870000e+02   1.8994737e+01  -5.0922947e+01
   1.2880000e+02   3.9994737e+01   6.4237053e+01
   1.2890000e+02  -2.2005263e+01  -4.9282947e+01
   1.2900000e+02  -4.3005263e+01  -1.6442947e+01
   1.2910000e+02  -6.5005263e+01  -4.3562947e+01
   1.2920000e+02  -5.5005263e+01  -5.4962947e+01
   1.2930000e+02   3.3994737e+01  -6.0522947e+01
   1.2940000e+02  -1.1300526e+02  -3.8642947e+01
   1.2950000e+02  -1.1000526e+02  -2.7629474e+00
   1.2960000e+02   1.2994737e+01  -3.9682947e+01
   1.2970000e+02  -7.3005263e+01   1.7570526e+00
   1.2980000e+02  -8.1005263e+01  -4.0922947e+01
   1.2990000e+02  -4.8005263e+01  -2.7242947e+01
   1.3000000e+02  -1.7005263e+01   2.9517053e+01
   1.3010000e+02  -4.9005263e+01  -3.9202947e+01
   1.3020000e+02  -1.9005263e+01   4.3597053e+01
   1.3030000e+02   1.2099474e+02  -9.1002947e+01
   1.3040000e+02  -1.1000526e+02  -1.1762947e+01
   1.3050000e+02  -4.8005263e+01  -5.2429474e+00
   1.3060000e+02  -1.0052632e+00   2.9877053e+01
   1.3070000e+02  -5.3005263e+01  -3.5042947e+01
   1.3080000e+02  -1.4900526e+02  -1.1202947e+01
   1.3090000e+02  -3.8005263e+01  -2.7642947e+01
   1.3100000e+02  -7.3005263e+01   1.4757053e+01
   1.3110000e+02   1.8994737e+01  -2.1922947e+01
   1.3120000e+02   7.9994737e+01  -2.4362947e+01
   1.3130000e+02   3.9947368e+00  -2.5322947e+01
   1.3140000e+02  -1.1800526e+02  -6.0442947e+01
   1.3150000e+02   9.7994737e+01   6.1917053e+01
   1.3160000e+02  -6.5005263e+01  -2.6562947e+01
   1.3170000e+02  -3.2005263e+01  -3.8829474e+00
   1.3180000e+02  -1.0052632e+00   2.9877053e+01
   1.3190000e+02  -7.2005263e+01   1.6717053e+01
   1.3200000e+02   2.5994737e+01  -4.4202947e+01
   1.3210000e+02  -2.6005263e+01  -6.1122947e+01
   1.3220000e+02  -4.9005263e+01  -1.6202947e+01
   1.3230000e+02  -1.0200526e+02  -5.0829474e+00
   1.3240000e+02  -1.9005263e+01  -4.0294737e-01
   1.3250000e+02  -2.1005263e+01  -1.3322947e+01
   1.3260000e+02  -4.3005263e+01  -1.9442947e+01
   1.3270000e+02  -9.7005263e+01  -6.2829474e+00
   1.3280000e+02  -5.0052632e+00   3.0370526e+00
   1.3290000e+02  -2.7005263e+01   7.9170526e+00
   1.3300000e+02  -6.1005263e+01  -3.1722947e+01
   1.3310000e+02  -5.3005263e+01  -4.7042947e+01
   1.3320000e+02  -6.2005263e+01  -4.6682947e+01
   1.3330000e+02   3.9947368e+00   8.6770526e+00
   1.3340000e+02  -8.0005263e+01   3.2037053e+01
   1.3350000e+02  -9.3005263e+01  -4.1442947e+01
   1.3360000e+02  -5.7005263e+01  -8.8829474e+00
   1.3370000e+02  -7.7005263e+01  -3.3082947e+01
   1.3380000e+02  -8.3005263e+01  -4.6842947e+01
   1.3390000e+02  -1.0052632e+00  -5.1229474e+00
   1.3400000e+02  -1.3200526e+02   1.1170526e+00
   1.3410000e+02  -1.1800526e+02  -2.1442947e+01
   1.3420000e+02  -1.1005263e+01  -6.2722947e+01
   1.3430000e+02  -7.2005263e+01   8.7170526e+00
   1.3440000e+02  -9.9005263e+01   6.7970526e+00
   1.3450000e+02  -2.5005263e+01  -1.9162947e+01
   1.3460000e+02   5.6994737e+01  -2.4442947e+01
   1.3470000e+02  -6.2005263e+01  -4.5682947e+01
   1.3480000e+02  -5.1005263e+01  -1.1229474e+00
   1.3490000e+02  -4.3005263e+01   6.5570526e+00
   1.3500000e+02  -8.0052632e+00  -4.8429474e+00
   1.3510000e+02  -3.2005263e+01  -1.8829474e+00
   1.3520000e+02   1.5994737e+01  -1.5802947e+01
   1.3530000e+02  -4.5005263e+01   2.7637053e+01
   1.3540000e+02  -7.0005263e+01  -1.4362947e+01
   1.3550000e+02  -9.3005263e+01   4.2557053e+01
   1.3560000e+02   6.8994737e+01   2.0770526e+00
   1.3570000e+02  -1.5005263e+01  -4.8562947e+01
   1.3580000e+02  -1.3005263e+01  -2.3642947e+01
   1.3590000e+02  -1.4005263e+01  -1.8602947e+01
   1.3600000e+02  -1.0300526e+02  -2.3042947e+01
   1.3610000e+02  -6.6005263e+01  -4.6522947e+01
   1.3620000e+02   8.9947368e+00  -2.2522947e+01
   1.3630000e+02  -9.6005263e+01   6.7705263e-01
   1.3640000e+02  -1.0052632e+00  -1.0122947e+01
   1.3650000e+02   9.9473684e-01  -3.4202947e+01
   1.3660000e+02   7.9947368e+00   2.5517053e+01
   1.3670000e+02   1.9947368e+00  -8.2429474e+00
   1.3680000e+02   9.2994737e+01   6.0117053e+01
   1.3690000e+02   2.2994737e+01  -5.0829474e+00
   1.3700000e+02   1.2994737e+01  -3.1682947e+01
   1.3710000e+02  -7.0052632e+00   1.1117053e+01
   1.3720000e+02  -3.3005263e+01   6.3157053e+01
   1.3730000e+02   3.8994737e+01  -3.8722947e+01
   1.3740000e+02  -5.2631579e-03  -6.3162947e+01
   1.3750000e+02  -4.1005263e+01  -4.3522947e+01
   1.3760000e+02  -1.2600526e+02  -6.0122947e+01
   1.3770000e+02  -3.7005263e+01  -3.6829474e+00
   1.3780000e+02  -8.5005263e+01   3.0237053e+01
   1.3790000e+02  -2.0005263e+01  -1.7362947e+01
   1.3800000e+02  -6.0052632e+00  -3.8922947e+01
   1.3810000e+02  -5.0005263e+01  -3.9162947e+01
   1.3820000e+02  -6.7005263e+01  -5.1482947e+01
   1.3830000e+02  -1.9005263e+01  -2.3402947e+01
   1.3840000e+02  -1.6200526e+02  -3.0682947e+01
   1.3850000e+02  -4.2005263e+01   1.6517053e+01
   1.3860000e+02   4.0994737e+01  -3.8029474e+00
   1.3870000e+02  -1.1400526e+02  -6.5602947e+01
   1.3880000e+02  -7.2005263e+01  -3.0282947e+01
   1.3890000e+02  -5.3005263e+01  -2.5042947e+01
   1.3900000e+02  -1.4400526e+02  -5.6402947e+01
   1.3910000e+02   1.8994737e+01  -1.8922947e+01
   1.3920000e+02  -3.3005263e+01  -3.3842947e+01
   1.3930000e+02   3.2994737e+01  -2.0482947e+01
   1.3940000e+02  -4.9005263e+01  -1.9202947e+01
   1.3950000e+02  -6.2005263e+01  -2.1682947e+01
   1.3960000e+02  -6.0052632e+00   2.1077053e+01
   1.3970000e+02  -1.4005263e+01  -3.2602947e+01
   1.3980000e+02   1.2199474e+02  -4.3042947e+01
   1.3990000e+02   1.6994737e+01  -2.6842947e+01
   1.4000000e+02  -5.9005263e+01  -1.1802947e+01
   1.4010000e+02  -3.9005263e+01   2.4397053e+01
   1.4020000e+02  -7.3005263e+01   2.5757053e+01
   1.4030000e+02  -2.3005263e+01  -1.0242947e+01
   1.4040000e+02  -7.4005263e+01   7.7797053e+01
   1.4050000e+02  -1.0052632e+00   1.8877053e+01
   1.4060000e+02  -2.1005263e+01   5.6770526e+00
   1.4070000e+02   1.1199474e+02   1.3570526e+00
   1.4080000e+02  -7.1005263e+01   1.4677053e+01
   1.4090000e+02  -2.0052632e+00   4.8917053e+01
   1.4100000e+02   2.5299474e+02  -5.6282947e+01
   1.4110000e+02   1.3599474e+02  -4.6029474e+00
   1.4120000e+02  -7.0052632e+00  -2.6882947e+01
   1.4130000e+02   5.9994737e+01  -4.6562947e+01
   1.4140000e+02   1.6994737e+01  -1.3842947e+01
   1.4150000e+02   9.1994737e+01   2.1157053e+01
   1.4160000e+02   1.9947368e+00  -5.1242947e+01
   1.4170000e+02  -5.0052632e+00  -1.4962947e+01
   1.4180000e+02  -2.4005263e+01  -3.2202947e+01
   1.4190000e+02  -2.1005263e+01  -3.1322947e+01
   1.4200000e+02  -8.8005263e+01  -1.4642947e+01
   1.4210000e+02  -1.3005263e+01   6.8357053e+01
   1.4220000e+02   3.9947368e+00   6.9677053e+01
   1.4230000e+02   5.2994737e+01  -3.7282947e+01
   1.4240000e+02  -4.3005263e+01  -3.4429474e+00
   1.4250000e+02  -1.1700526e+02   2.0517053e+01
   1.4260000e+02  -8.5005263e+01   2.0237053e+01
   1.4270000e+02   2.6994737e+01   1.2757053e+01
   1.4280000e+02   8.5994737e+01   2.3970526e+00
   1.4290000e+02  -5.2631579e-03  -2.2162947e+01
   1.4300000e+02  -2.0052632e+00  -8.1082947e+01
   1.4310000e+02   4.6994737e+01  -2.0042947e+01
   1.4320000e+02  -2.7005263e+01   9.9170526e+00
   1.4330000e+02  -6.0005263e+01   3.3237053e+01
   1.4340000e+02  -3.7005263e+01   6.3170526e+00
   1.4350000e+02   6.0994737e+01  -2.1602947e+01
   1.4360000e+02  -2.2005263e+01   1.5717053e+01
   1.4370000e+02  -4.0005263e+01  -2.2562947e+01
   1.4380000e+02  -8.6005263e+01  -1.4722947e+01
   1.4390000e+02  -4.3005263e+01  -4.5442947e+01
   1.4400000e+02  -7.4005263e+01  -1.9202947e+01
   1.4410000e+02  -1.3900526e+02  -5.7602947e+01
   1.4420000e+02  -3.0005263e+01  -4.4962947e+01
   1.4430000e+02  -1.4900526e+02  -6.8202947e+01
   1.4440000e+02   3.0994737e+01  -1.0402947e+01
   1.4450000e+02   1.0994737e+01  -5.5602947e+01
   1.4460000e+02  -4.1005263e+01  -4.4522947e+01
   1.4470000e+02  -1.5005263e+01  -2.5562947e+01
   1.4480000e+02  -7.4005263e+01  -2.9202947e+01
   1.4490000e+02  -4.0052632e+00  -3.3002947e+01
   1.4500000e+02  -4.6005263e+01  -2.2322947e+01
   1.4510000e+02   6.9947368e+00  -2.2442947e+01
   1.4520000e+02  -1.2700526e+02   7.1917053e+01
   1.4530000e+02  -3.2005263e+01  -1.5882947e+01
   1.4540000e+02  -4.2005263e+01   3.5170526e+00
   1.4550000e+02   8.2994737e+01   3.0517053e+01
   1.4560000e+02   5.0994737e+01  -2.0202947e+01
   1.4570000e+02   1.0099474e+02  -2.3202947e+01
   1.4580000e+02  -4.7005263e+01  -6.2829474e+00
   1.4590000e+02  -8.5005263e+01   4.0237053e+01
   1.4600000e+02   2.5599474e+02  -3.6402947e+01
   1.4610000e+02   1.0199474e+02  -7.2429474e+00
   1.4620000e+02   3.9947368e+00  -1.0322947e+01
   1.4630000e+02   1.5599474e+02   3.3597053e+01
   1.4640000e+02   6.4994737e+01  -1.7762947e+01
   1.4650000e+02  -8.0005263e+01  -1.1962947e+01
   1.4660000e+02  -5.4005263e+01  -3.5002947e+01
   1.4670000e+02  -2.4005263e+01  -4.7202947e+01
   1.4680000e+02  -3.9005263e+01  -1.7602947e+01
   1.4690000e+02  -1.0700526e+02   1.6117053e+01
   1.4700000e+02  -5.0005263e+01   4.6837053e+01
   1.4710000e+02  -1.0500526e+02   2.5037053e+01
   1.4720000e+02  -8.6005263e+01  -2.0722947e+01
   1.4730000e+02  -3.1005263e+01   2.0077053e+01
   1.4740000e+02  -7.0005263e+01  -4.4362947e+01
   1.4750000e+02  -5.9005263e+01  -4.5802947e+01
   1.4760000e+02   1.5994737e+01  -5.3802947e+01
   1.4770000e+02  -2.4005263e+01   7.8797053e+01
   1.4780000e+02   6.2994737e+01   1.5317053e+01
   1.4790000e+02  -7.8005263e+01  -6.8042947e+01
   1.4800000e+02  -6.7005263e+01  -1.7482947e+01
   1.4810000e+02   1.9947368e+00   3.7757053e+01
   1.4820000e+02  -1.1005263e+01  -4.7722947e+01
   1.4830000e+02  -3.8005263e+01  -2.1642947e+01
   1.4840000e+02  -1.5005263e+01  -1.0562947e+01
   1.4850000e+02  -8.2005263e+01  -3.5882947e+01
   1.4860000e+02  -4.6005263e+01   2.2677053e+01
   1.4870000e+02  -1.8005263e+01  -5.8442947e+01
   1.4880000e+02  -7.0005263e+01  -2.2362947e+01
   1.4890000e+02  -4.0005263e+01  -3.7562947e+01
   1.4900000e+02  -8.8005263e+01  -7.6429474e+00
   1.4910000e+02   4.9947368e+00   9.6370526e+00
   1.4920000e+02  -1.1100526e+02  -3.5722947e+01
   1.4930000e+02  -4.0052632e+00  -3.4002947e+01
   1.4940000e+02  -1.5100526e+02  -3.8122947e+01
   1.4950000e+02  -9.1005263e+01   2.0477053e+01
   1.4960000e+02  -1.7005263e+01   1.2517053e+01
   1.4970000e+02  -2.8005263e+01   8.9570526e+00
   1.4980000e+02  -3.8005263e+01  -2.6642947e+01
   1.4990000e+02  -5.7005263e+01  -3.7882947e+01
   1.5000000e+02   4.4994737e+01  -5.6962947e+01
   1.5010000e+02  -1.0300526e+02  -1.8042947e+01
   1.5020000e+02  -2.5005263e+01  -1.4162947e+01
   1.5030000e+02  -2.0005263e+01  -1.7362947e+01
   1.5040000e+02  -5.1005263e+01  -1.2294737e-01
   1.5050000e+02  -7.3005263e+01   7.7570526e+00
   1.5060000e+02  -5.7005263e+01  -2.1882947e+01
   1.5070000e+02  -6.5005263e+01   5.6437053e+01
   1.5080000e+02   5.6994737e+01  -1.0442947e+01
   1.5090000e+02  -8.0005263e+01   1.2603705e+02
   1.5100000e+02  -5.4005263e+01  -3.3002947e+01
   1.5110000e+02  -3.1005263e+01  -3.0922947e+01
   1.5120000e+02  -3.4005263e+01   6.4197053e+01
   1.5130000e+02  -6.0005263e+01  -5.2762947e+01
   1.5140000e+02  -7.5005263e+01   4.7837053e+01
   1.5150000e+02  -9.6005263e+01   3.5677053e+01
   1.5160000e+02  -1.1500526e+02   3.1437053e+01
   1.5170000e+02  -7.0005263e+01  -5.3362947e+01
   1.5180000e+02  -5.2631579e-03  -4.4162947e+01
   1.5190000e+02  -7.1005263e+01  -7.2322947e+01
   1.5200000e+02  -7.0052632e+00  -3.6882947e+01
   1.5210000e+02  -1.3005263e+01  -6.6642947e+01
   1.5220000e+02   3.0994737e+01  -3.6402947e+01
   1.5230000e+02  -4.1005263e+01  -4.2522947e+01
   1.5240000e+02  -4.9005263e+01   1.1797053e+01
   1.5250000e+02  -5.4005263e+01   4.7997053e+01
   1.5260000e+02  -2.2005263e+01  -4.4282947e+01
   1.5270000e+02  -8.2005263e+01  -1.3882947e+01
   1.5280000e+02  -3.9005263e+01  -4.6602947e+01
   1.5290000e+02  -6.3005263e+01  -4.2642947e+01
   1.5300000e+02  -1.4900526e+02  -6.2029474e+00
   1.5310000e+02  -1.2005263e+01  -6.6829474e+00
   1.5320000e+02   2.3994737e+01   1.2877053e+01
   1.5330000e+02  -3.0005263e+01  -7.6962947e+01
   1.5340000e+02  -1.7005263e+01  -3.7482947e+01
   1.5350000e+02  -4.1005263e+01  -8.6522947e+01
   1.5360000e+02  -5.0052632e+00   3.7052632e-02
   1.5370000e+02  -5.4005263e+01  -7.2002947e+01
   1.5380000e+02  -1.2000526e+02   1.6370526e+00
   1.5390000e+02  -1.9005263e+01  -3.9402947e+01
   1.5400000e+02   6.9947368e+00  -1.2442947e+01
   1.5410000e+02   1.4994737e+01   6.2370526e+00
   1.5420000e+02   1.1994737e+01   1.3357053e+01
   1.5430000e+02  -5.0052632e+00  -1.9962947e+01
   1.5440000e+02  -4.0005263e+01  -2.4562947e+01
   1.5450000e+02  -5.6005263e+01  -2.6922947e+01
   1.5460000e+02  -3.4005263e+01   2.4197053e+01
   1.5470000e+02  -4.5005263e+01   1.2637053e+01
   1.5480000e+02  -7.2005263e+01  -1.6282947e+01
   1.5490000e+02  -5.2005263e+01   2.2917053e+01
   1.5500000e+02   2.9994737e+01  -4.0362947e+01
   1.5510000e+02  -3.1005263e+01   5.0770526e+00
   1.5520000e+02   2.4994737e+01  -3.0162947e+01
   1.5530000e+02  -1.0005263e+01  -1.3762947e+01
   1.5540000e+02   6.9947368e+00   5.5570526e+00
   1.5550000e+02  -3.2005263e+01  -4.7882947e+01
   1.5560000e+02  -2.2005263e+01  -5.2829474e+00
   1.5570000e+02   6.7994737e+01  -5.2882947e+01
   1.5580000e+02  -2.0005263e+01  -6.3629474e+00
   1.5590000e+02  -2.8005263e+01  -1.7042947e+01
   1.5600000e+02  -3.5005263e+01  -2.1762947e+01
   1.5610000e+02  -9.3005263e+01  -1.5442947e+01
   1.5620000e+02  -1.8400526e+02  -6.0802947e+01
   1.5630000e+02  -7.9005263e+01  -7.0029474e+00
   1.5640000e+02  -3.8005263e+01  -1.6642947e+01
   1.5650000e+02  -7.4005263e+01   4.8797053e+01
   1.5660000e+02  -8.0052632e+00  -7.6842947e+01
   1.5670000e+02  -2.0052632e+00  -5.0829474e+00
   1.5680000e+02   2.1994737e+01  -4.7042947e+01
   1.5690000e+02  -1.1100526e+02  -1.0722947e+01
   1.5700000e+02  -8.9005263e+01   1.5397053e+01
   1.5710000e+02   3.8994737e+01   6.7277053e+01
   1.5720000e+02  -8.1005263e+01  -3.4922947e+01
   1.5730000e+02  -6.0052632e+00  -2.0922947e+01
   1.5740000e+02  -4.8005263e+01  -5.0242947e+01
   1.5750000e+02  -8.9005263e+01   2.3970526e+00
   1.5760000e+02  -1.1600526e+02  -2.2522947e+01
   1.5770000e+02  -9.5005263e+01   1.0637053e+01
   1.5780000e+02  -6.9005263e+01  -3.2402947e+01
   1.5790000e+02  -3.3005263e+01  -3.3842947e+01
   1.5800000e+02   2.2994737e+01   2.9170526e+00
   1.5810000e+02  -9.0005263e+01  -3.5562947e+01
   1.5820000e+02   1.9947368e+00  -8.2429474e+00
   1.5830000e+02   1.3994737e+01   3.0277053e+01
   1.5840000e+02  -4.7005263e+01  -3.2282947e+01
   1.5850000e+02  -7.4005263e+01  -2.7202947e+01
   1.5860000e+02   2.5994737e+01  -2.2202947e+01
   1.5870000e+02  -4.0005263e+01   2.1437053e+01
   1.5880000e+02  -5.5005263e+01  -3.9629474e+00
   1.5890000e+02   5.0994737e+01  -4.2029474e+00
   1.5900000e+02  -4.6005263e+01   2.2677053e+01
   1.5910000e+02  -3.4005263e+01   7.1970526e+00
   1.5920000e+02  -1.4100526e+02  -8.5229474e+00
   1.5930000e+02  -5.9005263e+01  -1.3802947e+01
   1.5940000e+02   5.3994737e+01  -4.9322947e+01
   1.5950000e+02  -1.1400526e+02  -3.2602947e+01
   1.5960000e+02   5.7994737e+01   1.0517053e+01
   1.5970000e+02   1.2994737e+01   3.3170526e+00
   1.5980000e+02   2.8994737e+01  -1.3322947e+01
   1.5990000e+02  -2.9005263e+01  -3.1002947e+01
   1.6000000e+02  -3.7005263e+01  -2.6682947e+01
   1.6010000e+02  -2.7005263e+01  -2.4082947e+01
   1.6020000e+02  -3.1005263e+01  -8.9229474e+00
   1.6030000e+02  -9.1005263e+01   2.2477053e+01
   1.6040000e+02  -5.8005263e+01  -1.2842947e+01
   1.6050000e+02  -7.1005263e+01   8.6770526e+00
   1.6060000e+02   1.6994737e+01   6.1570526e+00
   1.6070000e+02  -6.6005263e+01   1.4477053e+01
   1.6080000e+02   5.8994737e+01  -1.8522947e+01
   1.6090000e+02   3.7994737e+01  -4.5682947e+01
   1.6100000e+02   6.0994737e+01   3.4397053e+01
   1.6110000e+02  -8.0052632e+00   4.7157053e+01
   1.6120000e+02  -6.1005263e+01  -9.7229474e+00
   1.6130000e+02  -5.1005263e+01  -6.1229474e+00
   1.6140000e+02  -1.1200526e+02  -5.8682947e+01
   1.6150000e+02  -1.2100526e+02   2.5677053e+01
   1.6160000e+02   6.3994737e+01  -6.7722947e+01
   1.6170000e+02  -8.9005263e+01  -3.0602947e+01
   1.6180000e+02  -2.9005263e+01   2.4997053e+01
   1.6190000e+02  -6.2005263e+01  -2.7682947e+01
   1.6200000e+02   5.3994737e+01   1.5677053e+01
   1.6210000e+02  -1.0000526e+02  -6.6162947e+01
   1.6220000e+02   5.8994737e+01   2.4770526e+00
   1.6230000e+02   1.8994737e+01   1.8077053e+01
   1.6240000e+02  -8.1005263e+01  -6.9229474e+00
   1.6250000e+02  -5.1005263e+01  -3.7122947e+01
   1.6260000e+02  -6.0005263e+01  -2.7629474e+00
   1.6270000e+02  -5.6005263e+01   6.2077053e+01
   1.6280000e+02  -1.3005263e+01   8.3570526e+00
   1.6290000e+02  -1.0200526e+02  -7.2082947e+01
   1.6300000e+02  -1.8005263e+01  -2.6442947e+01
   1.6310000e+02  -3.1005263e+01  -1.1922947e+01
   1.6320000e+02   1.3994737e+01   6.2770526e+00
   1.6330000e+02  -3.5005263e+01  -1.3762947e+01
   1.6340000e+02  -4.2005263e+01   7.6517053e+01
   1.6350000e+02  -4.7005263e+01  -2.3282947e+01
   1.6360000e+02  -7.2005263e+01  -2.2829474e+00
   1.6370000e+02   5.8994737e+01   1.9477053e+01
   1.6380000e+02  -5.4005263e+01  -2.6002947e+01
   1.6390000e+02  -5.1005263e+01   9.8770526e+00
   1.6400000e+02  -5.2005263e+01  -3.6082947e+01
   1.6410000e+02  -2.2005263e+01   2.2717053e+01
   1.6420000e+02  -9.2005263e+01   7.5170526e+00
   1.6430000e+02  -1.0000526e+02   7.2837053e+01
   1.6440000e+02  -6.9005263e+01  -4.6402947e+01
   1.6450000e+02  -1.1005263e+01  -4.2722947e+01
   1.6460000e+02  -1.1200526e+02   5.4317053e+01
   1.6470000e+02  -2.3005263e+01  -1.8242947e+01
   1.6480000e+02  -7.6005263e+01   3.0877053e+01
   1.6490000e+02  -5.7005263e+01   1.1170526e+00
   1.6500000e+02   1.6994737e+01  -2.7842947e+01
   1.6510000e+02   1.3994737e+01  -3.9722947e+01
   1.6520000e+02  -6.2005263e+01  -5.6829474e+00
   1.6530000e+02  -5.8005263e+01   5.0157053e+01
   1.6540000e+02  -8.4005263e+01  -2.9802947e+01
   1.6550000e+02  -7.2005263e+01   4.0717053e+01
   1.6560000e+02  -1.1005263e+01  -2.7229474e+00
   1.6570000e+02  -6.7005263e+01  -1.1482947e+01
   1.6580000e+02  -1.0700526e+02  -3.8829474e+00
   1.6590000e+02  -2.4005263e+01  -2.6202947e+01
   1.6600000e+02  -7.2005263e+01   4.2717053e+01
   1.6610000e+02  -1.6005263e+01  -4.7522947e+01
   1.6620000e+02  -2.0052632e+00   3.8917053e+01
   1.6630000e+02   3.1994737e+01  -2.4429474e+00
   1.6640000e+02   1.9994737e+01  -1.3962947e+01
   1.6650000e+02  -1.0700526e+02  -8.8829474e+00
   1.6660000e+02  -1.1100526e+02  -3.2722947e+01
   1.6670000e+02  -1.0800526e+02  -4.1842947e+01
   1.6680000e+02  -9.5005263e+01   2.6370526e+00
   1.6690000e+02  -5.5005263e+01  -3.9629474e+00
   1.6700000e+02  -9.2005263e+01   9.5170526e+00
   1.6710000e+02  -1.0005263e+01  -1.5762947e+01
   1.6720000e+02  -7.6005263e+01  -4.1229474e+00
   1.6730000e+02  -3.8005263e+01  -9.6429474e+00
   1.6740000e+02  -4.2005263e+01  -1.8482947e+01
   1.6750000e+02  -2.2005263e+01  -1.8282947e+01
   1.6760000e+02   1.8994737e+01  -3.3922947e+01
   1.6770000e+02  -4.8005263e+01  -2.2429474e+00
   1.6780000e+02  -1.2200526e+02   5.7170526e+00
   1.6790000e+02  -2.5005263e+01   4.3837053e+01
   1.6800000e+02  -3.4005263e+01  -8.8029474e+00
   1.6810000e+02   1.2799474e+02   2.4717053e+01
   1.6820000e+02  -4.0005263e+01  -5.5629474e+00
   1.6830000e+02  -3.9005263e+01   3.9705263e-01
   1.6840000e+02  -7.9005263e+01   2.9970526e+00
   1.6850000e+02   3.7994737e+01   6.4317053e+01
   1.6860000e+02   2.7994737e+01  -2.3282947e+01
   1.6870000e+02  -3.0052632e+00   4.5957053e+01
   1.6880000e+02  -1.4005263e+01  -1.7602947e+01
   1.6890000e+02  -4.0005263e+01  -1.7562947e+01
   1.6900000e+02  -9.6005263e+01   9.6770526e+00
   1.6910000e+02  -7.0052632e+00  -8.8829474e+00
   1.6920000e+02   4.0994737e+01  -5.9802947e+01
   1.6930000e+02  -5.6005263e+01  -2.9922947e+01
   1.6940000e+02   3.5994737e+01   1.9397053e+01
   1.6950000e+02  -6.2005263e+01   4.4317053e+01
   1.6960000e+02  -4.1005263e+01  -2.3522947e+01
   1.6970000e+02   4.4994737e+01   4.6037053e+01
   1.6980000e+02   2.3994737e+01   3.8770526e+00
   1.6990000e+02   1.6994737e+01   9.1570526e+00
   1.7000000e+02  -6.1005263e+01   3.8277053e+01
   1.7010000e+02   6.8994737e+01  -5.9229474e+00
   1.7020000e+02  -5.3005263e+01  -3.8042947e+01
   1.7030000e+02   1.3994737e+01  -3.8722947e+01
   1.7040000e+02  -5.9005263e+01   4.6197053e+01
   1.7050000e+02  -5.2005263e+01   6.1917053e+01
   1.7060000e+02  -9.0052632e+00   1.9705263e-01
   1.7070000e+02  -6.3005263e+01  -4.6429474e+00
   1.7080000e+02  -1.2000526e+02  -1.7362947e+01
   1.7090000e+02  -3.3005263e+01  -3.8429474e+00
   1.7100000e+02  -5.6005263e+01  -3.2922947e+01
   1.7110000e+02  -2.0005263e+01  -2.4362947e+01
   1.7120000e+02  -6.8005263e+01   2.4557053e+01
   1.7130000e+02  -2.3005263e+01   8.7570526e+00
   1.7140000e+02  -3.0005263e+01  -4.5962947e+01
   1.7150000e+02  -7.1005263e+01  -5.4322947e+01
   1.7160000e+02  -3.2005263e+01  -6.8829474e+00
   1.7170000e+02  -6.4005263e+01  -1.0602947e+01
   1.7180000e+02  -4.2005263e+01  -5.4829474e+00
   1.7190000e+02   7.2994737e+01   8.9170526e+00
   1.7200000e+02  -1.1000526e+02   1.6237053e+01
   1.7210000e+02  -8.9005263e+01   1.1397053e+01
   1.7220000e+02  -3.0005263e+01  -2.7962947e+01
   1.7230000e+02   4.9994737e+01  -4.1162947e+01
   1.7240000e+02  -9.0005263e+01  -1.9562947e+01
   1.7250000e+02  -3.0005263e+01  -5.6962947e+01
   1.7260000e+02  -2.3005263e+01  -2.6242947e+01
   1.7270000e+02  -8.3005263e+01   1.4157053e+01
   1.7280000e+02  -5.1005263e+01  -3.9122947e+01
   1.7290000e+02  -7.5005263e+01  -2.1162947e+01
   1.7300000e+02  -5.9005263e+01   3.2197053e+01
   1.7310000e+02  -5.7005263e+01   4.8117053e+01
   1.7320000e+02  -5.8005263e+01  -7.1842947e+01
   1.7330000e+02   2.9947368e+00  -3.3282947e+01
   1.7340000e+02   4.7994737e+01  -5.6082947e+01
   1.7350000e+02  -7.6005263e+01  -1.5122947e+01
   1.7360000e+02  -9.7005263e+01  -9.5282947e+01
   1.7370000e+02  -6.1005263e+01  -4.6722947e+01
   1.7380000e+02  -1.0005263e+01  -3.5762947e+01
   1.7390000e+02  -2.3005263e+01   3.7570526e+00
   1.7400000e+02  -1.0005263e+01  -2.7762947e+01
   1.7410000e+02   4.5994737e+01  -5.3002947e+01
   1.7420000e+02  -1.4100526e+02   4.3477053e+01
   1.7430000e+02  -8.2005263e+01   2.1170526e+00
   1.7440000e+02  -4.8005263e+01  -2.0242947e+01
   1.7450000e+02  -4.1005263e+01  -4.2522947e+01
   1.7460000e+02  -2.5005263e+01   1.8837053e+01
   1.7470000e+02  -2.1005263e+01  -4.3229474e+00
   1.7480000e+02  -4.9005263e+01   4.7797053e+01
   1.7490000e+02  -5.0005263e+01  -1.2162947e+01
   1.7500000e+02  -1.3100526e+02  -1.5922947e+01
   1.7510000e+02   1.8994737e+01  -2.9229474e+00
   1.7520000e+02  -4.4005263e+01   2.5970526e+00
   1.7530000e+02   1.2994737e+01   8.9317053e+01
   1.7540000e+02  -3.0052632e+00  -9.0429474e+00
   1.7550000e+02  -3.8005263e+01  -2.9642947e+01
   1.7560000e+02  -4.6005263e+01  -3.6322947e+01
   1.7570000e+02  -4.4005263e+01   3.0597053e+01
   1.7580000e+02  -5.3005263e+01   1.4957053e+01
   1.7590000e+02  -9.0052632e+00  -3.3802947e+01
   1.7600000e+02  -1.0700526e+02  -5.0882947e+01
   1.7610000e+02   5.9947368e+00  -5.8402947e+01
   1.7620000e+02  -8.0052632e+00   2.4157053e+01
   1.7630000e+02  -7.3005263e+01  -5.5242947e+01
   1.7640000e+02  -6.6005263e+01  -5.6522947e+01
   1.7650000e+02  -1.1300526e+02  -1.2642947e+01
   1.7660000e+02  -1.3000526e+02  -5.7962947e+01
   1.7670000e+02  -9.6005263e+01   6.7705263e-01
   1.7680000e+02  -1.0900526e+02  -5.7802947e+01
   1.7690000e+02  -2.9005263e+01  -2.0002947e+01
   1.7700000e+02  -8.1005263e+01  -3.6922947e+01
   1.7710000e+02  -5.0005263e+01  -4.1629474e+00
   1.7720000e+02  -6.0052632e+00  -5.5922947e+01
   1.7730000e+02  -5.3005263e+01  -4.2042947e+01
   1.7740000e+02  -8.8005263e+01  -6.3642947e+01
   1.7750000e+02  -1.0400526e+02  -2.6002947e+01
   1.7760000e+02   1.8994737e+01  -6.9922947e+01
   1.7770000e+02  -1.3600526e+02  -4.6722947e+01
   1.7780000e+02  -1.0500526e+02  -5.4962947e+01
   1.7790000e+02  -2.4005263e+01  -3.9202947e+01
   1.7800000e+02  -5.2005263e+01   3.1917053e+01
   1.7810000e+02  -3.4005263e+01  -6.2802947e+01
   1.7820000e+02  -1.1900526e+02  -9.4029474e+00
   1.7830000e+02  -8.2005263e+01   1.1170526e+00
   1.7840000e+02  -2.0052632e+00   6.9170526e+00
   1.7850000e+02  -1.9005263e+01   5.5970526e+00
   1.7860000e+02  -8.9005263e+01  -4.6029474e+00
   1.7870000e+02  -1.1600526e+02  -3.2522947e+01
   1.7880000e+02  -4.3005263e+01   2.1557053e+01
   1.7890000e+02  -9.7005263e+01  -2.0282947e+01
   1.7900000e+02  -1.0400526e+02   3.5997053e+01
   1.7910000e+02  -6.2005263e+01  -3.3682947e+01
   1.7920000e+02  -2.2005263e+01  -1.7282947e+01
   1.7930000e+02  -2.1005263e+01  -6.0322947e+01
   1.7940000e+02  -2.5005263e+01   3.9837053e+01
   1.7950000e+02  -3.2005263e+01  -2.7882947e+01
   1.7960000e+02  -8.8005263e+01  -2.2642947e+01
   1.7970000e+02  -4.4005263e+01   2.7597053e+01
   1.7980000e+02  -2.0052632e+00   1.1917053e+01
   1.7990000e+02  -6.4005263e+01  -2.8602947e+01
   1.8000000e+02  -9.8005263e+01  -2.8242947e+01
   1.8010000e+02  -6.2005263e+01  -1.4682947e+01
   1.8020000e+02  -7.5005263e+01  -4.7162947e+01
   1.8030000e+02  -5.8005263e+01  -1.5842947e+01
   1.8040000e+02  -5.2005263e+01  -2.7082947e+01
   1.8050000e+02  -9.0005263e+01  -3.8562947e+01
   1.8060000e+02  -1.2400526e+02  -3.0202947e+01
   1.8070000e+02   1.9994737e+01  -2.5962947e+01
   1.8080000e+02  -1.0600526e+02  -5.3922947e+01
   1.8090000e+02   1.1899474e+02  -9.2294737e-01
   1.8100000e+02  -7.5005263e+01  -5.7162947e+01
   1.8110000e+02  -1.0800526e+02   4.1570526e+00
   1.8120000e+02   1.0999474e+02   2.0437053e+01
   1.8130000e+02  -6.0052632e+00   1.1077053e+01
   1.8140000e+02  -3.7005263e+01  -5.3682947e+01
   1.8150000e+02  -1.1900526e+02   8.5970526e+00
   1.8160000e+02  -4.7005263e+01   3.8717053e+01
   1.8170000e+02  -2.4005263e+01  -3.4202947e+01
   1.8180000e+02   9.9947368e+00   1.6437053e+01
   1.8190000e+02  -9.8005263e+01  -2.2242947e+01
   1.8200000e+02  -4.1005263e+01  -6.1522947e+01
   1.8210000e+02  -2.9005263e+01   5.9970526e+00
   1.8220000e+02  -9.9005263e+01  -5.2202947e+01
   1.8230000e+02  -9.0005263e+01  -3.7562947e+01
   1.8240000e+02   3.9947368e+00  -3.6322947e+01
   1.8250000e+02  -6.8005263e+01  -4.7442947e+01
   1.8260000e+02  -1.5600526e+02  -5.9922947e+01
   1.8270000e+02   3.5994737e+01  -1.7602947e+01
   1.8280000e+02  -7.5005263e+01   1.3837053e+01
   1.8290000e+02   2.8994737e+01  -4.2322947e+01
   1.8300000e+02  -1.8005263e+01  -4.4429474e+00
   1.8310000e+02  -2.5005263e+01  -3.9162947e+01
   1.8320000e+02  -6.7005263e+01  -4.1482947e+01
   1.8330000e+02  -8.2005263e+01  -1.1882947e+01
   1.8340000e+02  -5.8005263e+01  -8.8429474e+00
   1.8350000e+02   1.1994737e+01  -4.3642947e+01
   1.8360000e+02  -1.1900526e+02  -2.5402947e+01
   1.8370000e+02  -1.1600526e+02  -2.3522947e+01
   1.8380000e+02  -2.0005263e+01   2.3637053e+01
   1.8390000e+02   1.4994737e+01  -1.2762947e+01
   1.8400000e+02  -1.2700526e+02  -5.6082947e+01
   1.8410000e+02  -4.1005263e+01  -6.1522947e+01
   1.8420000e+02  -5.0052632e+00  -5.4962947e+01
   1.8430000e+02   3.3994737e+01  -3.1522947e+01
   1.8440000e+02  -2.7005263e+01   5.6917053e+01
   1.8450000e+02  -1.2900526e+02  -4.3002947e+01
   1.8460000e+02   7.9947368e+00  -2.5482947e+01
   1.8470000e+02  -6.3005263e+01  -5.0642947e+01
   1.8480000e+02  -2.6005263e+01  -1.1122947e+01
   1.8490000e+02  -4.4005263e+01  -5.5402947e+01
   1.8500000e+02  -1.2300526e+02  -4.1242947e+01
   1.8510000e+02  -9.6005263e+01  -4.9322947e+01
   1.8520000e+02  -7.3005263e+01  -7.2242947e+01
   1.8530000e+02  -2.1005263e+01  -5.1322947e+01
   1.8540000e+02  -6.0005263e+01  -9.7629474e+00
   1.8550000e+02  -1.1000526e+02  -2.7629474e+00
   1.8560000e+02  -2.6005263e+01   1.9877053e+01
   1.8570000e+02  -5.9005263e+01  -5.8802947e+01
   1.8580000e+02  -7.2005263e+01  -6.2282947e+01
   1.8590000e+02  -1.7200526e+02  -2.5282947e+01
   1.8600000e+02  -1.6005263e+01  -4.5229474e+00
   1.8610000e+02  -4.4005263e+01  -3.7402947e+01
   1.8620000e+02   3.1994737e+01  -5.1442947e+01
   1.8630000e+02  -5.4005263e+01  -2.6002947e+01
   1.8640000e+02   7.9947368e+00   1.4517053e+01
   1.8650000e+02  -1.3300526e+02  -1.8429474e+00
   1.8660000e+02  -5.2631579e-03  -2.7162947e+01
   1.8670000e+02  -3.8005263e+01  -4.7642947e+01
   1.8680000e+02  -4.6005263e+01  -1.5322947e+01
   1.8690000e+02  -1.2300526e+02  -1.4242947e+01
   1.8700000e+02  -1.3500526e+02  -1.9762947e+01
   1.8710000e+02  -8.5005263e+01   8.2370526e+00
   1.8720000e+02  -4.0005263e+01  -4.3562947e+01
   1.8730000e+02  -1.5005263e+01  -4.7562947e+01
   1.8740000e+02  -7.2005263e+01  -1.7282947e+01
   1.8750000e+02  -9.2005263e+01  -1.3482947e+01
   1.8760000e+02   8.0994737e+01  -3.4402947e+01
   1.8770000e+02  -4.0005263e+01   5.8437053e+01
   1.8780000e+02  -6.3005263e+01   2.7357053e+01
   1.8790000e+02  -2.2005263e+01  -2.3282947e+01
   1.8800000e+02  -6.1005263e+01   4.8277053e+01
   1.8810000e+02  -9.1005263e+01  -1.7522947e+01
   1.8820000e+02  -5.4005263e+01  -5.8002947e+01
   1.8830000e+02  -3.5005263e+01   1.1623705e+02
   1.8840000e+02  -6.0052632e+00   2.1077053e+01
   1.8850000e+02  -5.2631579e-03  -3.8162947e+01
   1.8860000e+02   8.9947368e+00  -1.0522947e+01
   1.8870000e+02  -1.0400526e+02  -4.8002947e+01
   1.8880000e+02  -1.1100526e+02  -4.3722947e+01
   1.8890000e+02  -4.5005263e+01  -4.3362947e+01
   1.8900000e+02  -2.1005263e+01   4.0677053e+01
   1.8910000e+02  -4.7005263e+01  -2.9282947e+01
   1.8920000e+02  -1.1000526e+02   1.0237053e+01
   1.8930000e+02  -1.0400526e+02  -8.0029474e+00
   1.8940000e+02  -4.0052632e+00  -5.3002947e+01
   1.8950000e+02  -2.8005263e+01  -3.8042947e+01
   1.8960000e+02  -5.3005263e+01  -3.9042947e+01
   1.8970000e+02  -4.6005263e+01  -6.2322947e+01
   1.8980000e+02   7.4994737e+01  -2.6162947e+01
   1.8990000e+02   1.1399474e+02   7.2770526e+00
   1.9000000e+02  -1.2005263e+01  -3.1682947e+01
   1.9010000e+02  -6.1005263e+01  -6.4722947e+01
   1.9020000e+02  -1.0000526e+02  -4.2162947e+01
   1.9030000e+02  -9.7005263e+01   2.7717053e+01
   1.9040000e+02  -9.3005263e+01  -2.1442947e+01
   1.9050000e+02   4.5994737e+01  -1.8002947e+01
   1.9060000e+02  -7.2005263e+01  -3.8282947e+01
   1.9070000e+02   3.2994737e+01  -4.5482947e+01
   1.9080000e+02   6.6994737e+01  -2.7842947e+01
   1.9090000e+02  -6.0052632e+00  -6.9922947e+01
   1.9100000e+02   6.8994737e+01   3.0077053e+01
   1.9110000e+02  -6.1005263e+01  -1.3722947e+01
   1.9120000e+02  -2.0052632e+00   1.6917053e+01
   1.9130000e+02  -2.4005263e+01  -1.6202947e+01
   1.9140000e+02  -1.0900526e+02   8.1970526e+00
   1.9150000e+02  -1.1005263e+01   1.0277053e+01
   1.9160000e+02  -8.1005263e+01  -1.9229474e+00
   1.9170000e+02  -3.6005263e+01  -1.7722947e+01
   1.9180000e+02  -2.6005263e+01  -4.2122947e+01
   1.9190000e+02  -9.5005263e+01  -5.9362947e+01
   1.9200000e+02  -1.2200526e+02  -1.2282947e+01
   1.9210000e+02  -9.0005263e+01   4.4370526e+00
   1.9220000e+02   2.9947368e+00   7.7170526e+00
   1.9230000e+02  -9.9005263e+01   6.2797053e+01
   1.9240000e+02  -8.4005263e+01  -1.8029474e+00
   1.9250000e+02  -1.2005263e+01  -7.0682947e+01
   1.9260000e+02   1.1799474e+02  -2.8829474e+00
   1.9270000e+02  -7.2005263e+01   2.7170526e+00
   1.9280000e+02  -7.5005263e+01   8.8370526e+00
   1.9290000e+02   3.9994737e+01  -2.3762947e+01
   1.9300000e+02  -5.0052632e+00  -1.8962947e+01
   1.9310000e+02  -3.2005263e+01  -4.1882947e+01
   1.9320000e+02  -8.9005263e+01   1.9397053e+01
   1.9330000e+02  -3.0052632e+00   2.7957053e+01
   1.9340000e+02   4.4994737e+01  -1.9962947e+01
   1.9350000e+02  -8.7005263e+01  -4.6829474e+00
   1.9360000e+02  -1.1200526e+02   5.3170526e+00
   1.9370000e+02  -4.7005263e+01  -2.2829474e+00
   1.9380000e+02   1.0994737e+01  -1.8602947e+01
   1.9390000e+02   4.3994737e+01  -1.1922947e+01
   1.9400000e+02  -9.4005263e+01   1.4597053e+01
   1.9410000e+02  -4.5005263e+01   1.2637053e+01
   1.9420000e+02  -5.7005263e+01   4.6117053e+01
   1.9430000e+02  -1.0400526e+02   6.7997053e+01
   1.9440000e+02  -1.5005263e+01   5.4370526e+00
   1.9450000e+02  -9.6005263e+01  -1.4322947e+01
   1.9460000e+02  -7.0005263e+01   8.8637053e+01
   1.9470000e+02  -7.7005263e+01  -2.0082947e+01
   1.9480000e+02  -7.8005263e+01  -1.0042947e+01
   1.9490000e+02   4.4994737e+01   2.4037053e+01
   1.9500000e+02   9.9473684e-01  -7.3202947e+01
   1.9510000e+02   1.1599474e+02  -4.9802947e+01
   1.9520000e+02   1.2099474e+02  -7.9002947e+01
   1.9530000e+02  -1.3000526e+02  -2.9629474e+00
   1.9540000e+02  -8.9005263e+01  -2.9602947e+01
   1.9550000e+02  -7.0005263e+01  -2.0362947e+01
   1.9560000e+02  -1.0800526e+02  -7.5842947e+01
   1.9570000e+02  -1.0800526e+02  -5.5842947e+01
   1.9580000e+02  -1.1300526e+02  -3.2642947e+01
   1.9590000e+02  -1.0000526e+02  -5.1629474e+00
   1.9600000e+02  -7.5005263e+01  -2.1162947e+01
   1.9610000e+02  -6.8005263e+01  -1.0442947e+01
   1.9620000e+02  -8.0005263e+01   7.3037053e+01
   1.9630000e+02   3.0994737e+01  -3.6402947e+01
   1.9640000e+02  -6.4005263e+01  -2.4602947e+01
   1.9650000e+02  -5.3005263e+01  -7.7042947e+01
   1.9660000e+02  -2.9005263e+01  -4.7002947e+01
   1.9670000e+02  -1.0700526e+02   1.7117053e+01
   1.9680000e+02  -1.0600526e+02  -1.0922947e+01
   1.9690000e+02  -6.7005263e+01  -2.2482947e+01
   1.9700000e+02  -5.0005263e+01  -1.5162947e+01
   1.9710000e+02  -1.9005263e+01   2.5970526e+00
   1.9720000e+02  -6.2005263e+01  -6.3682947e+01
   1.9730000e+02  -3.9005263e+01   3.3970526e+00
   1.9740000e+02  -1.0300526e+02   1.8957053e+01
   1.9750000e+02  -4.8005263e+01  -2.1242947e+01
   1.9760000e+02  -4.2005263e+01  -4.6482947e+01
   1.9770000e+02  -5.0005263e+01  -1.1162947e+01
   1.9780000e+02  -6.6005263e+01  -3.5229474e+00
   1.9790000e+02  -9.8005263e+01  -2.6242947e+01
   1.9800000e+02  -4.0052632e+00   3.9970526e+00
   1.9810000e+02  -2.5005263e+01  -1.2162947e+01
   1.9820000e+02  -4.1005263e+01  -1.1522947e+01
   1.9830000e+02   2.2994737e+01  -4.6082947e+01
   1.9840000e+02  -6.3005263e+01  -6.0642947e+01
   1.9850000e+02  -6.4005263e+01   1.3397053e+01
   1.9860000e+02  -2.8005263e+01   3.8957053e+01
   1.9870000e+02  -4.7005263e+01  -2.1282947e+01
   1.9880000e+02  -5.7005263e+01  -2.1882947e+01
   1.9890000e+02  -5.5005263e+01  -5.3962947e+01
   1.9900000e+02  -8.9005263e+01  -3.9602947e+01
   1.9910000e+02  -9.4005263e+01   5.9705263e-01
   1.9920000e+02  -7.8005263e+01   6.3957053e+01
   1.9930000e+02  -9.0005263e+01  -1.9562947e+01
   1.9940000e+02   4.9947368e+00  -2.3362947e+01
   1.9950000e+02  -6.4005263e+01  -3.3602947e+01
   1.9960000e+02  -5.8005263e+01   3.5157053e+01
   1.9970000e+02  -1.0400526e+02  -3.2002947e+01
   1.9980000e+02  -7.8005263e+01   1.0195705e+02
   1.9990000e+02  -2.3005263e+01  -3.7242947e+01
