   0.0000000e+00   3.0911579e+02   9.4811308e+01
   1.0000000e-01   2.7911579e+02   9.9011308e+01
   2.0000000e-01   3.6111579e+02   6.0731308e+01
   3.0000000e-01   1.8311579e+02   1.3885131e+02
   4.0000000e-01   2.5211579e+02   5.5091308e+01
   5.0000000e-01   1.8911579e+02   1.1661131e+02
   6.0000000e-01   2.3411579e+02   8.9811308e+01
   7.0000000e-01   2.1711579e+02   9.5491308e+01
   8.0000000e-01   2.9011579e+02   3.6571308e+01
   9.0000000e-01   3.4211579e+02   4.8491308e+01
   1.0000000e+00   2.5211579e+02   1.2109131e+02
   1.1000000e+00   3.2411579e+02   1.3421131e+02
   1.2000000e+00   2.5511579e+02   1.4797131e+02
   1.3000000e+00   2.8011579e+02   7.9971308e+01
   1.4000000e+00   2.9011579e+02   1.0557131e+02
   1.5000000e+00   2.6811579e+02   1.8345131e+02
   1.6000000e+00   4.0411579e+02   1.1201131e+02
   1.7000000e+00   1.2311579e+02   1.8425131e+02
   1.8000000e+00   3.8411579e+02   6.4811308e+01
   1.9000000e+00   1.5911579e+02   1.4781131e+02
   2.0000000e+00   3.1211579e+02   2.1769131e+02
   2.1000000e+00   4.1411579e+02   7.6611308e+01
   2.2000000e+00   3.5511579e+02   8.0971308e+01
   2.3000000e+00   4.6811579e+02   8.1451308e+01
   2.4000000e+00   4.2211579e+02   1.7029131e+02
   2.5000000e+00   3.3511579e+02   6.6771308e+01
   2.6000000e+00   4.0411579e+02   1.8201131e+02
   2.7000000e+00   2.0811579e+02   1.5685131e+02
   2.8000000e+00   2.8211579e+02   9.2891308e+01
   2.9000000e+00   3.9011579e+02   8.3571308e+01
   3.0000000e+00   2.6211579e+02   1.4269131e+02
   3.1000000e+00   2.7711579e+02   7.6091308e+01
   3.2000000e+00   1.5311579e+02   1.0205131e+02
   3.3000000e+00   3.7311579e+02   5.4251308e+01
   3.4000000e+00   2.1011579e+02   2.5577131e+02
   3.5000000e+00   2.8411579e+02   9.9811308e+01
   3.6000000e+00   3.5211579e+02   1.1609131e+02
   3.7000000e+00   1.4311579e+02   1.0445131e+02
   3.8000000e+00   2.8311579e+02   1.2485131e+02
   3.9000000e+00   3.2411579e+02   1.0821131e+02
   4.0000000e+00   1.3111579e+02   5.8931308e+01
   4.1000000e+00   3.9011579e+02   1.3557131e+02
   4.2000000e+00   1.8311579e+02   1.0085131e+02
   4.3000000e+00   3.1111579e+02   8.3731308e+01
   4.4000000e+00   4.5611579e+02   4.0931308e+01
   4.5000000e+00   2.4011579e+02   1.2657131e+02
   4.6000000e+00   1.7911579e+02   6.5011308e+01
   4.7000000e+00   2.0211579e+02   1.3209131e+02
   4.8000000e+00   2.6911579e+02   8.7411308e+01
   4.9000000e+00   3.0011579e+02   1.2817131e+02
   5.0000000e+00   2.6411579e+02   2.6113083e+00
   5.1000000e+00   3.1811579e+02   1.1145131e+02
   5.2000000e+00   2.5511579e+02   1.3997131e+02
   5.3000000e+00   2.3911579e+02   1.3061131e+02
   5.4000000e+00   2.1811579e+02   1.2245131e+02
   5.5000000e+00   2.7511579e+02   1.3417131e+02
   5.6000000e+00   2.9811579e+02   1.7425131e+02
   5.7000000e+00   3.2111579e+02   1.0133131e+02
   5.8000000e+00   2.4911579e+02   1.0521131e+02
   5.9000000e+00   2.5411579e+02   8.7011308e+01
   6.0000000e+00   2.7011579e+02   1.1037131e+02
   6.1000000e+00   3.1511579e+02   5.1571308e+01
   6.2000000e+00   2.6611579e+02   5.8531308e+01
   6.3000000e+00   2.6811579e+02   1.0945131e+02
   6.4000000e+00   3.6811579e+02   4.9451308e+01
   6.5000000e+00   3.0811579e+02   1.0385131e+02
   6.6000000e+00   2.5011579e+02   6.0171308e+01
   6.7000000e+00   4.4211579e+02   1.1449131e+02
   6.8000000e+00   3.5511579e+02   1.4997131e+02
   6.9000000e+00   2.5411579e+02   1.1301131e+02
   7.0000000e+00   4.1811579e+02   1.5145131e+02
   7.1000000e+00   3.3811579e+02   1.7065131e+02
   7.2000000e+00   2.8611579e+02   1.9773131e+02
   7.3000000e+00   4.2911579e+02   1.1401131e+02
   7.4000000e+00   3.1611579e+02   1.1853131e+02
   7.5000000e+00   1.7111579e+02   1.7133131e+02
   7.6000000e+00   4.1011579e+02   1.5777131e+02
   7.7000000e+00   2.9011579e+02   2.1357131e+02
   7.8000000e+00   2.1711579e+02   1.0749131e+02
   7.9000000e+00   3.4011579e+02   5.1571308e+01
   8.0000000e+00   2.3411579e+02   9.5811308e+01
   8.1000000e+00   3.0011579e+02   1.8517131e+02
   8.2000000e+00   2.3411579e+02   2.5481131e+02
   8.3000000e+00   1.6911579e+02   1.6041131e+02
   8.4000000e+00   2.2711579e+02   9.5091308e+01
   8.5000000e+00   2.6211579e+02   4.7691308e+01
   8.6000000e+00   3.1011579e+02   9.3771308e+01
   8.7000000e+00   2.5811579e+02   4.8851308e+01
   8.8000000e+00   3.5711579e+02   6.7891308e+01
   8.9000000e+00   2.3211579e+02   1.1689131e+02
   9.0000000e+00   3.6811579e+02   6.5451308e+01
   9.1000000e+00   2.8511579e+02   2.0277131e+02
   9.2000000e+00   1.6411579e+02   1.5061131e+02
   9.3000000e+00   1.5411579e+02   1.7301131e+02
   9.4000000e+00   4.8711579e+02   9.6913083e+00
   9.5000000e+00   3.2811579e+02   6.1051308e+01
   9.6000000e+00   2.0711579e+02   3.5891308e+01
   9.7000000e+00   2.4711579e+02   6.6291308e+01
   9.8000000e+00   4.6811579e+02   1.2445131e+02
   9.9000000e+00   4.0111579e+02   6.9131308e+01
   1.0000000e+01   2.3811579e+02   8.2651308e+01
   1.0100000e+01   2.4311579e+02   2.6451308e+01
   1.0200000e+01   1.5411579e+02   5.1011308e+01
   1.0300000e+01   9.7115789e+01   1.3929131e+02
   1.0400000e+01   1.6011579e+02   1.1477131e+02
   1.0500000e+01   3.8211579e+02   1.9389131e+02
   1.0600000e+01   1.0511579e+02   8.9971308e+01
   1.0700000e+01   2.6711579e+02   1.4949131e+02
   1.0800000e+01   2.5411579e+02   8.9011308e+01
   1.0900000e+01   3.5711579e+02   9.5891308e+01
   1.1000000e+01   1.8311579e+02   3.7851308e+01
   1.1100000e+01   1.1211579e+02   1.4369131e+02
   1.1200000e+01   2.1611579e+02   7.6531308e+01
   1.1300000e+01   2.3711579e+02   1.5769131e+02
   1.1400000e+01   3.8311579e+02   4.8513083e+00
   1.1500000e+01   4.0211579e+02   1.7109131e+02
   1.1600000e+01   2.4611579e+02   1.2733131e+02
   1.1700000e+01   3.4111579e+02   1.1553131e+02
   1.1800000e+01   2.4411579e+02   1.2741131e+02
   1.1900000e+01   3.4011579e+02   5.4571308e+01
   1.2000000e+01   1.5011579e+02   1.6017131e+02
   1.2100000e+01   4.7011579e+02   8.9371308e+01
   1.2200000e+01   2.4211579e+02   1.0649131e+02
   1.2300000e+01   2.7211579e+02   1.9729131e+02
   1.2400000e+01   4.6911579e+02   1.7641131e+02
   1.2500000e+01   2.6111579e+02   1.2773131e+02
   1.2600000e+01   3.6411579e+02   2.0261131e+02
   1.2700000e+01   3.5811579e+02   1.0585131e+02
   1.2800000e+01   2.8611579e+02   7.2731308e+01
   1.2900000e+01   3.3711579e+02   2.3469131e+02
   1.3000000e+01   2.9311579e+02   1.2145131e+02
   1.3100000e+01   4.0611579e+02   1.2093131e+02
   1.3200000e+01   5.2211579e+02   1.6729131e+02
   1.3300000e+01   3.4911579e+02   8.1211308e+01
   1.3400000e+01   3.7311579e+02   2.2125131e+02
   1.3500000e+01   2.4511579e+02   1.5837131e+02
   1.3600000e+01   2.3211579e+02   1.4589131e+02
   1.3700000e+01   2.2511579e+02   6.2171308e+01
   1.3800000e+01   3.0911579e+02   6.4811308e+01
   1.3900000e+01   2.7911579e+02   1.0201131e+02
   1.4000000e+01   1.7211579e+02   9.8291308e+01
   1.4100000e+01   3.2711579e+02   2.3091308e+01
   1.4200000e+01   2.4011579e+02   1.5157131e+02
   1.4300000e+01   2.2111579e+02   1.6733131e+02
   1.4400000e+01   1.9411579e+02   8.5411308e+01
   1.4500000e+01   3.5911579e+02   2.1781131e+02
   1.4600000e+01   3.5911579e+02   1.6981131e+02
   1.4700000e+01   1.9211579e+02   6.5491308e+01
   1.4800000e+01   3.0011579e+02   8.3171308e+01
   1.4900000e+01   3.3011579e+02   1.5097131e+02
   1.5000000e+01   2.1111579e+02   1.1673131e+02
   1.5100000e+01   1.6011579e+02   4.7771308e+01
   1.5200000e+01   1.5611579e+02   7.6931308e+01
   1.5300000e+01   3.5311579e+02   9.5051308e+01
   1.5400000e+01   2.5211579e+02   7.4091308e+01
   1.5500000e+01   3.4111579e+02   1.0853131e+02
   1.5600000e+01   4.4611579e+02   8.5331308e+01
   1.5700000e+01   3.6311579e+02   5.0651308e+01
   1.5800000e+01   3.1111579e+02   1.1273131e+02
   1.5900000e+01   3.0011579e+02   8.7171308e+01
   1.6000000e+01   3.0111579e+02   7.9131308e+01
   1.6100000e+01   2.1611579e+02   2.7531308e+01
   1.6200000e+01   4.3611579e+02   1.9073131e+02
   1.6300000e+01   4.2711579e+02   1.6509131e+02
   1.6400000e+01   3.0511579e+02   7.7971308e+01
   1.6500000e+01   3.6711579e+02   1.5849131e+02
   1.6600000e+01   1.7911579e+02   1.1001131e+02
   1.6700000e+01   1.8211579e+02   1.9589131e+02
   1.6800000e+01   1.8511579e+02   5.0771308e+01
   1.6900000e+01   1.6211579e+02   5.2691308e+01
   1.7000000e+01   3.8311579e+02   4.8513083e+00
   1.7100000e+01   2.2811579e+02   1.0305131e+02
   1.7200000e+01   1.4911579e+02   2.0921131e+02
   1.7300000e+01   8.7115789e+01   2.7691308e+01
   1.7400000e+01   2.1311579e+02   1.1965131e+02
   1.7500000e+01   3.4511579e+02   8.0371308e+01
   1.7600000e+01   4.7711579e+02   6.2091308e+01
   1.7700000e+01   3.6411579e+02   1.2261131e+02
   1.7800000e+01   2.4011579e+02   9.0571308e+01
   1.7900000e+01   3.4811579e+02   5.8251308e+01
   1.8000000e+01   3.0611579e+02   5.2931308e+01
   1.8100000e+01   3.4611579e+02   5.9331308e+01
   1.8200000e+01   2.4711579e+02   9.6291308e+01
   1.8300000e+01   2.9011579e+02   3.7571308e+01
   1.8400000e+01   2.2411579e+02   4.9211308e+01
   1.8500000e+01   5.0811579e+02   1.4685131e+02
   1.8600000e+01   2.4411579e+02   4.7411308e+01
   1.8700000e+01   3.0011579e+02   8.6171308e+01
   1.8800000e+01   4.8211579e+02   1.0289131e+02
   1.8900000e+01   2.7211579e+02   1.0029131e+02
   1.9000000e+01   3.9511579e+02   1.2337131e+02
   1.9100000e+01   2.8211579e+02   7.8913083e+00
   1.9200000e+01   1.5011579e+02  -2.8828692e+01
   1.9300000e+01   3.1611579e+02   3.2531308e+01
   1.9400000e+01   2.0511579e+02   2.6971308e+01
   1.9500000e+01   2.7711579e+02  -2.4908692e+01
   1.9600000e+01   3.2111579e+02  -6.6869173e-01
   1.9700000e+01   4.0511579e+02  -1.0028692e+01
   1.9800000e+01   3.4511579e+02  -5.6286917e+00
   1.9900000e+01   4.0211579e+02  -1.3908692e+01
   2.0000000e+01   2.2711579e+02   4.0913083e+00
   2.0100000e+01   2.4311579e+02  -4.4548692e+01
   2.0200000e+01   3.5911579e+02  -6.1886917e+00
   2.0300000e+01   2.7911579e+02   3.9011308e+01
   2.0400000e+01   3.8111579e+02  -6.6068692e+01
   2.0500000e+01   1.7811579e+02  -4.9948692e+01
   2.0600000e+01   3.7611579e+02   2.1131308e+01
   2.0700000e+01   4.0711579e+02   1.0891308e+01
   2.0800000e+01   2.6711579e+02   1.8491308e+01
   2.0900000e+01   3.6711579e+02  -2.1508692e+01
   2.1000000e+01   2.7711579e+02   3.8091308e+01
   2.1100000e+01   3.9611579e+02   7.0331308e+01
   2.1200000e+01   3.0811579e+02   4.9851308e+01
   2.1300000e+01   2.6511579e+02  -1.3428692e+01
   2.1400000e+01   2.7811579e+02   5.2051308e+01
   2.1500000e+01   3.1211579e+02  -1.0308692e+01
   2.1600000e+01   3.3911579e+02  -3.9388692e+01
   2.1700000e+01   2.4811579e+02   2.1251308e+01
   2.1800000e+01   2.4511579e+02  -4.6286917e+00
   2.1900000e+01   5.0211579e+02   1.0913083e+00
   2.2000000e+01   3.6911579e+02   4.8411308e+01
   2.2100000e+01   2.5011579e+02  -3.8286917e+00
   2.2200000e+01   2.6711579e+02   1.4913083e+00
   2.2300000e+01   2.1611579e+02  -4.2468692e+01
   2.2400000e+01   2.9411579e+02  -7.5886917e+00
   2.2500000e+01   3.9711579e+02  -1.9708692e+01
   2.2600000e+01   1.7111579e+02  -2.6686917e+00
   2.2700000e+01   2.1811579e+02   1.5451308e+01
   2.2800000e+01   1.9611579e+02   2.3313083e+00
   2.2900000e+01   3.7211579e+02   1.2291308e+01
   2.3000000e+01   4.4611579e+02  -1.9668692e+01
   2.3100000e+01   2.0511579e+02   5.4971308e+01
   2.3200000e+01   4.0611579e+02  -1.1068692e+01
   2.3300000e+01   2.6511579e+02  -7.4286917e+00
   2.3400000e+01   2.1811579e+02   6.0451308e+01
   2.3500000e+01   4.6111579e+02  -4.8268692e+01
   2.3600000e+01   3.4811579e+02  -2.0748692e+01
   2.3700000e+01   3.7511579e+02  -2.7828692e+01
   2.3800000e+01   5.1111579e+02  -2.6869173e-01
   2.3900000e+01   3.1411579e+02   4.6611308e+01
   2.4000000e+01   3.6211579e+02  -3.8308692e+01
   2.4100000e+01   2.4111579e+02   3.1531308e+01
   2.4200000e+01   2.6311579e+02   1.0651308e+01
   2.4300000e+01   2.8311579e+02   5.0851308e+01
   2.4400000e+01   2.8811579e+02  -5.3486917e+00
   2.4500000e+01   2.0611579e+02  -5.0068692e+01
   2.4600000e+01   3.0311579e+02  -7.9486917e+00
   2.4700000e+01   2.6711579e+02  -1.5508692e+01
   2.4800000e+01   3.0611579e+02   1.2931308e+01
   2.4900000e+01   4.7111579e+02   1.9331308e+01
   2.5000000e+01   1.8811579e+02   6.0651308e+01
   2.5100000e+01   2.2711579e+02  -2.7908692e+01
   2.5200000e+01   3.3011579e+02  -2.0286917e+00
   2.5300000e+01   3.3711579e+02  -2.3086917e+00
   2.5400000e+01   2.6311579e+02  -2.3486917e+00
   2.5500000e+01   2.7411579e+02  -7.8869173e-01
   2.5600000e+01   4.0311579e+02   1.4051308e+01
   2.5700000e+01   2.9211579e+02  -7.5086917e+00
   2.5800000e+01   3.4111579e+02   5.0531308e+01
   2.5900000e+01   2.2811579e+02   1.8051308e+01
   2.6000000e+01   1.9011579e+02  -1.4428692e+01
   2.6100000e+01   4.2011579e+02  -3.4628692e+01
   2.6200000e+01   1.1611579e+02   9.5313083e+00
   2.6300000e+01   3.0811579e+02  -3.1148692e+01
   2.6400000e+01   2.5011579e+02   1.1713083e+00
   2.6500000e+01   3.3411579e+02  -4.1886917e+00
   2.6600000e+01   3.3211579e+02  -2.9108692e+01
   2.6700000e+01   1.0611579e+02  -3.9068692e+01
   2.6800000e+01   4.4611579e+02   2.8331308e+01
   2.6900000e+01   4.4211579e+02   8.4913083e+00
   2.7000000e+01   2.2311579e+02  -4.5748692e+01
   2.7100000e+01   4.6111579e+02   4.4731308e+01
   2.7200000e+01   1.1611579e+02  -1.8468692e+01
   2.7300000e+01   3.5211579e+02   4.5091308e+01
   2.7400000e+01   3.2111579e+02   1.7331308e+01
   2.7500000e+01   1.9911579e+02  -3.3788692e+01
   2.7600000e+01   3.6711579e+02   4.9130827e-01
   2.7700000e+01   3.2011579e+02  -6.2869173e-01
   2.7800000e+01   3.4311579e+02   4.2451308e+01
   2.7900000e+01   5.2111579e+02  -3.3668692e+01
   2.8000000e+01   3.9311579e+02  -1.1548692e+01
   2.8100000e+01   3.5511579e+02   1.5971308e+01
   2.8200000e+01   1.8811579e+02  -1.0348692e+01
   2.8300000e+01   2.6311579e+02  -9.3486917e+00
   2.8400000e+01   2.8911579e+02  -2.3886917e+00
   2.8500000e+01   2.4711579e+02   1.2291308e+01
   2.8600000e+01   3.2711579e+02  -1.0908692e+01
   2.8700000e+01   2.0511579e+02  -2.8691729e-02
   2.8800000e+01   3.7411579e+02  -3.4788692e+01
   2.8900000e+01   2.5211579e+02   4.0913083e+00
   2.9000000e+01   2.4411579e+02  -8.5886917e+00
   2.9100000e+01   2.1811579e+02   1.4451308e+01
   2.9200000e+01   3.6011579e+02  -3.3228692e+01
   2.9300000e+01   3.1911579e+02   7.4113083e+00
   2.9400000e+01   2.7011579e+02   3.4371308e+01
   2.9500000e+01   2.6711579e+02   2.2491308e+01
   2.9600000e+01   3.4511579e+02   6.3371308e+01
   2.9700000e+01   2.2911579e+02   3.1011308e+01
   2.9800000e+01   3.4911579e+02  -4.8788692e+01
   2.9900000e+01   2.7311579e+02  -1.1748692e+01
   3.0000000e+01   4.9911579e+02   1.2113083e+00
   3.0100000e+01   2.2511579e+02  -2.2828692e+01
   3.0200000e+01   5.2211579e+02  -3.7086917e+00
   3.0300000e+01   6.2511579e+02   2.0171308e+01
   3.0400000e+01   3.0411579e+02   8.0113083e+00
   3.0500000e+01   3.4911579e+02  -2.6788692e+01
   3.0600000e+01   3.8611579e+02   4.7313083e+00
   3.0700000e+01   2.7411579e+02  -8.7886917e+00
   3.0800000e+01   4.1511579e+02  -9.4286917e+00
   3.0900000e+01   2.9211579e+02   3.0491308e+01
   3.1000000e+01   4.1511579e+02   3.5571308e+01
   3.1100000e+01   2.2411579e+02   2.9211308e+01
   3.1200000e+01   2.3311579e+02   3.8513083e+00
   3.1300000e+01   2.5611579e+02  -3.4068692e+01
   3.1400000e+01   3.2411579e+02   2.5211308e+01
   3.1500000e+01   3.0411579e+02  -9.9886917e+00
   3.1600000e+01   1.4911579e+02  -1.7788692e+01
   3.1700000e+01   1.7211579e+02   2.2291308e+01
   3.1800000e+01   4.4811579e+02  -6.9748692e+01
   3.1900000e+01   1.0611579e+02  -6.8691729e-02
   3.2000000e+01   3.9011579e+02  -8.4286917e+00
   3.2100000e+01   2.3011579e+02   7.6971308e+01
   3.2200000e+01  -5.2884211e+01   1.1291308e+01
   3.2300000e+01   1.1578947e-01   2.6171308e+01
   3.2400000e+01   1.6115789e+01  -8.4686917e+00
   3.2500000e+01  -2.4884211e+01  -2.8828692e+01
   3.2600000e+01   1.3115789e+01  -3.7348692e+01
   3.2700000e+01   1.7115789e+01  -9.5086917e+00
   3.2800000e+01   2.3115789e+01  -4.5748692e+01
   3.2900000e+01  -2.2884211e+01   3.2091308e+01
   3.3000000e+01  -7.0884211e+01  -5.9886917e+00
   3.3100000e+01   1.4611579e+02  -6.6869173e-01
   3.3200000e+01  -4.7884211e+01   7.0913083e+00
   3.3300000e+01   8.9115789e+01   1.3611308e+01
   3.3400000e+01   9.9115789e+01  -5.8788692e+01
   3.3500000e+01   3.6115789e+01   5.5731308e+01
   3.3600000e+01   4.5115789e+01  -8.6286917e+00
   3.3700000e+01   5.0115789e+01   4.9171308e+01
   3.3800000e+01   1.4811579e+02   2.2513083e+00
   3.3900000e+01   2.2115789e+01  -1.7086917e+00
   3.4000000e+01  -6.7884211e+01   4.8913083e+00
   3.4100000e+01  -1.2788421e+02   1.5291308e+01
   3.4200000e+01  -5.1884211e+01   1.9251308e+01
   3.4300000e+01   9.0115789e+01  -5.4286917e+00
   3.4400000e+01   1.6611579e+02   1.6531308e+01
   3.4500000e+01   5.1115789e+01  -3.1868692e+01
   3.4600000e+01   1.9711579e+02   5.3291308e+01
   3.4700000e+01   1.6115789e+01   1.9531308e+01
   3.4800000e+01   3.3115789e+01  -3.8148692e+01
   3.4900000e+01   8.7115789e+01  -4.1308692e+01
   3.5000000e+01   5.1115789e+01  -3.4868692e+01
   3.5100000e+01   5.3115789e+01   2.0513083e+00
   3.5200000e+01   1.1011579e+02   8.7713083e+00
   3.5300000e+01   4.5115789e+01   3.3713083e+00
   3.5400000e+01   3.6115789e+01   7.3130827e-01
   3.5500000e+01   1.2115789e+01   4.1691308e+01
   3.5600000e+01   7.4115789e+01  -6.7886917e+00
   3.5700000e+01   1.1578947e-01   1.2117131e+02
   3.5800000e+01   9.7115789e+01   1.0529131e+02
   3.5900000e+01   6.3115789e+01   3.5651308e+01
   3.6000000e+01   1.5311579e+02   4.8051308e+01
   3.6100000e+01   1.3811579e+02   9.6651308e+01
   3.6200000e+01   1.9115789e+01   4.4113083e+00
   3.6300000e+01   4.6115789e+01  -9.6686917e+00
   3.6400000e+01   3.4115789e+01   5.0811308e+01
   3.6500000e+01   7.4115789e+01   4.2211308e+01
   3.6600000e+01   5.8115789e+01   3.7851308e+01
   3.6700000e+01   1.1115789e+01  -8.2686917e+00
   3.6800000e+01   4.9115789e+01   1.7211308e+01
   3.6900000e+01   1.7611579e+02  -1.1868692e+01
   3.7000000e+01   8.2115789e+01  -3.1086917e+00
   3.7100000e+01   4.1115789e+01  -4.0468692e+01
   3.7200000e+01   3.8115789e+01   1.4651308e+01
   3.7300000e+01   2.1157895e+00   2.1091308e+01
   3.7400000e+01   2.7115789e+01  -2.9908692e+01
   3.7500000e+01  -7.4884211e+01  -2.1828692e+01
   3.7600000e+01   2.0115789e+01   3.6371308e+01
   3.7700000e+01   1.4911579e+02  -1.0788692e+01
   3.7800000e+01   3.5115789e+01   2.5771308e+01
   3.7900000e+01  -5.8842105e+00   1.0411308e+01
   3.8000000e+01  -3.2884211e+01   5.1491308e+01
   3.8100000e+01  -4.8842105e+00   6.3713083e+00
   3.8200000e+01  -2.0884211e+01  -2.1988692e+01
   3.8300000e+01   3.0115789e+01  -4.2028692e+01
   3.8400000e+01   6.6115789e+01  -4.4686917e+00
   3.8500000e+01   5.7115789e+01   5.8913083e+00
   3.8600000e+01   8.1115789e+01   5.9313083e+00
   3.8700000e+01   7.6115789e+01  -5.8686917e+00
   3.8800000e+01   3.1115789e+01   3.7931308e+01
   3.8900000e+01  -9.8842105e+00   2.4571308e+01
   3.9000000e+01   4.5115789e+01  -3.6286917e+00
   3.9100000e+01   3.2115789e+01   4.8891308e+01
   3.9200000e+01   1.2611579e+02   3.6131308e+01
   3.9300000e+01   4.7115789e+01   5.6291308e+01
   3.9400000e+01   2.2115789e+01   3.4291308e+01
   3.9500000e+01   4.0115789e+01  -7.4286917e+00
   3.9600000e+01  -2.0884211e+01   2.2011308e+01
   3.9700000e+01   4.1157895e+00   2.5011308e+01
   3.9800000e+01   5.6115789e+01   4.1931308e+01
   3.9900000e+01   2.5115789e+01  -2.9828692e+01
   4.0000000e+01   1.9115789e+01   4.6411308e+01
   4.0100000e+01   8.0115789e+01  -4.0286917e+00
   4.0200000e+01   5.3115789e+01   1.1051308e+01
   4.0300000e+01  -2.0884211e+01   3.3011308e+01
   4.0400000e+01  -7.7884211e+01   4.2913083e+00
   4.0500000e+01   1.2911579e+02  -2.4988692e+01
   4.0600000e+01  -4.0884211e+01  -6.1886917e+00
   4.0700000e+01  -1.0788421e+02   2.5491308e+01
   4.0800000e+01   5.6115789e+01  -2.0686917e+00
   4.0900000e+01   2.1157895e+00   4.9091308e+01
   4.1000000e+01   5.4115789e+01   1.4011308e+01
   4.1100000e+01   1.4011579e+02   8.5713083e+00
   4.1200000e+01  -1.3688421e+02  -3.4348692e+01
   4.1300000e+01   1.6115789e+01   3.5313083e+00
   4.1400000e+01   1.1157895e+00  -3.2868692e+01
   4.1500000e+01   3.9115789e+01  -4.0388692e+01
   4.1600000e+01   8.9115789e+01   1.3611308e+01
   4.1700000e+01  -1.8842105e+00  -3.9748692e+01
   4.1800000e+01   1.3115789e+01   9.6513083e+00
   4.1900000e+01   9.4115789e+01   6.4113083e+00
   4.2000000e+01  -4.3884211e+01  -3.3068692e+01
   4.2100000e+01   9.5115789e+01  -5.6286917e+00
   4.2200000e+01   3.8115789e+01   3.3651308e+01
   4.2300000e+01   5.4115789e+01   7.0113083e+00
   4.2400000e+01  -1.0688421e+02  -2.0548692e+01
   4.2500000e+01   3.9115789e+01  -3.7388692e+01
   4.2600000e+01  -3.8884211e+01  -1.8268692e+01
   4.2700000e+01   3.8115789e+01  -2.6348692e+01
   4.2800000e+01  -8.9884211e+01   9.3771308e+01
   4.2900000e+01  -3.0884211e+01   6.6411308e+01
   4.3000000e+01   1.9711579e+02  -1.7708692e+01
   4.3100000e+01   6.0115789e+01  -3.4228692e+01
   4.3200000e+01   8.7115789e+01   5.8691308e+01
   4.3300000e+01   1.2311579e+02  -2.5748692e+01
   4.3400000e+01  -2.0884211e+01  -1.8988692e+01
   4.3500000e+01  -3.3884211e+01   7.5313083e+00
   4.3600000e+01   1.7115789e+01   2.3491308e+01
   4.3700000e+01  -8.8421053e-01  -3.0788692e+01
   4.3800000e+01  -6.8842105e+00   3.4451308e+01
   4.3900000e+01   9.0115789e+01  -1.9428692e+01
   4.4000000e+01   1.8115789e+01   9.4513083e+00
   4.4100000e+01   1.4115789e+01  -5.8388692e+01
   4.4200000e+01   5.4115789e+01   2.5011308e+01
   4.4300000e+01  -1.5884211e+01  -5.1886917e+00
   4.4400000e+01  -9.1884211e+01  -1.8148692e+01
   4.4500000e+01  -4.2884211e+01   3.0891308e+01
   4.4600000e+01   8.5115789e+01   7.7713083e+00
   4.4700000e+01   3.1115789e+01  -1.9068692e+01
   4.4800000e+01  -1.8884211e+01  -4.3068692e+01
   4.4900000e+01   3.9115789e+01  -2.7388692e+01
   4.5000000e+01   5.1115789e+01   1.0713131e+02
   4.5100000e+01   2.6115789e+01  -4.1868692e+01
   4.5200000e+01   1.6611579e+02   6.5313083e+00
   4.5300000e+01   3.4115789e+01   7.3811308e+01
   4.5400000e+01  -5.4884211e+01  -1.1628692e+01
   4.5500000e+01   1.0511579e+02  -5.0286917e+00
   4.5600000e+01  -2.3884211e+01  -1.1868692e+01
   4.5700000e+01  -6.0884211e+01   2.1611308e+01
   4.5800000e+01   8.1157895e+00   6.5851308e+01
   4.5900000e+01  -2.6884211e+01  -5.7486917e+00
   4.6000000e+01   6.7115789e+01  -6.4508692e+01
   4.6100000e+01   2.4115789e+01  -1.0788692e+01
   4.6200000e+01  -6.1884211e+01  -2.2348692e+01
   4.6300000e+01   2.6115789e+01   2.3131308e+01
   4.6400000e+01  -1.1884211e+01  -1.3486917e+00
   4.6500000e+01   2.3115789e+01  -5.3748692e+01
   4.6600000e+01  -7.0884211e+01  -1.5988692e+01
   4.6700000e+01   9.1157895e+00  -5.4188692e+01
   4.6800000e+01   9.5115789e+01   2.3713083e+00
   4.6900000e+01   1.1311579e+02   2.3651308e+01
   4.7000000e+01   9.9115789e+01   3.6211308e+01
   4.7100000e+01  -1.2884211e+01   5.7691308e+01
   4.7200000e+01   2.8115789e+01   5.6051308e+01
   4.7300000e+01  -4.3884211e+01   3.9931308e+01
   4.7400000e+01   1.0115789e+01   1.3771308e+01
   4.7500000e+01  -3.5884211e+01   1.8611308e+01
   4.7600000e+01   8.7115789e+01   2.0691308e+01
   4.7700000e+01   1.1157895e+00   2.6131308e+01
   4.7800000e+01  -6.8884211e+01   1.7931308e+01
   4.7900000e+01   6.3115789e+01   4.1651308e+01
   4.8000000e+01  -1.1884211e+01  -6.3486917e+00
   4.8100000e+01   1.4115789e+01  -2.6388692e+01
   4.8200000e+01  -2.8842105e+00  -2.7708692e+01
   4.8300000e+01   7.8115789e+01   5.0513083e+00
   4.8400000e+01  -6.8842105e+00  -1.2548692e+01
   4.8500000e+01   4.6115789e+01  -6.5668692e+01
   4.8600000e+01   4.4115789e+01  -5.4588692e+01
   4.8700000e+01  -4.1884211e+01   2.9851308e+01
   4.8800000e+01   4.5115789e+01  -5.3628692e+01
   4.8900000e+01   2.8115789e+01   5.2051308e+01
   4.9000000e+01   1.3115789e+01   1.2651308e+01
   4.9100000e+01   3.0115789e+01  -1.3028692e+01
   4.9200000e+01   6.9115789e+01   9.8411308e+01
   4.9300000e+01  -9.1884211e+01  -1.4869173e-01
   4.9400000e+01  -2.8842105e+00  -1.7708692e+01
   4.9500000e+01   1.1157895e+00  -3.0868692e+01
   4.9600000e+01  -5.5884211e+01   1.0411308e+01
   4.9700000e+01  -2.5884211e+01  -6.6788692e+01
   4.9800000e+01  -7.0884211e+01   2.3011308e+01
   4.9900000e+01   6.1115789e+01  -3.2268692e+01
   5.0000000e+01  -8.8884211e+01  -9.2686917e+00
   5.0100000e+01  -1.8884211e+01  -2.0686917e+00
   5.0200000e+01   1.3115789e+01  -1.3348692e+01
   5.0300000e+01   3.3115789e+01  -6.1486917e+00
   5.0400000e+01  -4.2884211e+01  -1.0108692e+01
   5.0500000e+01  -8.0884211e+01  -2.9588692e+01
   5.0600000e+01   1.0115789e+01  -4.7228692e+01
   5.0700000e+01   4.1115789e+01  -7.3468692e+01
   5.0800000e+01  -2.8842105e+00  -2.8708692e+01
   5.0900000e+01   5.6115789e+01   4.4931308e+01
   5.1000000e+01  -5.3884211e+01  -6.6869173e-01
   5.1100000e+01  -5.1884211e+01  -1.7748692e+01
   5.1200000e+01   8.8115789e+01  -5.2348692e+01
   5.1300000e+01   6.1157895e+00  -2.0686917e+00
   5.1400000e+01  -1.0884211e+01  -4.0388692e+01
   5.1500000e+01   1.1311579e+02   6.0651308e+01
   5.1600000e+01  -2.4884211e+01  -2.8286917e+00
   5.1700000e+01   1.1578947e-01  -2.3828692e+01
   5.1800000e+01   5.4115789e+01  -1.2988692e+01
   5.1900000e+01  -1.2288421e+02  -7.9086917e+00
   5.2000000e+01   3.8115789e+01  -4.6348692e+01
   5.2100000e+01   4.9115789e+01  -3.7788692e+01
   5.2200000e+01   1.1578947e-01  -2.0828692e+01
   5.2300000e+01   9.1157895e+00  -4.7188692e+01
   5.2400000e+01  -8.5884211e+01  -4.3886917e+00
   5.2500000e+01  -2.1884211e+01  -4.4948692e+01
   5.2600000e+01  -7.7884211e+01   5.2913083e+00
   5.2700000e+01  -2.7884211e+01  -1.4708692e+01
   5.2800000e+01   1.1115789e+01   8.7313083e+00
   5.2900000e+01   4.1157895e+00   1.1001131e+02
   5.3000000e+01  -3.3884211e+01  -4.6869173e-01
   5.3100000e+01  -6.4884211e+01  -2.8228692e+01
   5.3200000e+01  -7.4884211e+01   5.3171308e+01
   5.3300000e+01  -7.8884211e+01   3.1331308e+01
   5.3400000e+01  -4.5884211e+01  -9.8869173e-01
   5.3500000e+01  -4.3884211e+01  -7.3068692e+01
   5.3600000e+01  -1.0488421e+02  -2.3628692e+01
   5.3700000e+01  -3.8884211e+01   2.1731308e+01
   5.3800000e+01   2.9115789e+01   6.3011308e+01
   5.3900000e+01  -2.6884211e+01   2.6251308e+01
   5.4000000e+01  -3.0884211e+01  -3.5588692e+01
   5.4100000e+01   1.5115789e+01  -9.4286917e+00
   5.4200000e+01   2.8115789e+01  -4.7948692e+01
   5.4300000e+01  -7.1884211e+01  -3.6948692e+01
   5.4400000e+01  -4.4884211e+01  -2.9028692e+01
   5.4500000e+01   7.5115789e+01  -4.8828692e+01
   5.4600000e+01  -1.2884211e+01   2.8691308e+01
   5.4700000e+01   5.2115789e+01   2.2091308e+01
   5.4800000e+01  -1.8884211e+01   7.9313083e+00
   5.4900000e+01   2.6115789e+01   3.5131308e+01
   5.5000000e+01  -8.0884211e+01   4.2411308e+01
   5.5100000e+01   1.3711579e+02  -3.3086917e+00
   5.5200000e+01   8.9115789e+01  -7.3886917e+00
   5.5300000e+01   7.1115789e+01  -3.6686917e+00
   5.5400000e+01   4.3115789e+01   3.2451308e+01
   5.5500000e+01   2.0115789e+01   2.1371308e+01
   5.5600000e+01   2.1157895e+00   6.3091308e+01
   5.5700000e+01   1.1115789e+01  -1.4268692e+01
   5.5800000e+01   4.1115789e+01   2.5313083e+00
   5.5900000e+01   1.9115789e+01   6.6411308e+01
   5.6000000e+01  -2.6884211e+01   5.2513083e+00
   5.6100000e+01   2.3115789e+01  -2.5748692e+01
   5.6200000e+01   4.5115789e+01   9.3713083e+00
   5.6300000e+01  -4.6884211e+01   7.5051308e+01
   5.6400000e+01   7.8115789e+01   2.6051308e+01
   5.6500000e+01   7.0115789e+01  -5.6628692e+01
   5.6600000e+01   5.9115789e+01   2.7811308e+01
   5.6700000e+01   9.1157895e+00  -1.1886917e+00
   5.6800000e+01  -2.1884211e+01  -2.8948692e+01
   5.6900000e+01  -7.2884211e+01  -3.1908692e+01
   5.7000000e+01   1.9115789e+01   5.1411308e+01
   5.7100000e+01   3.1157895e+00  -6.1948692e+01
   5.7200000e+01  -7.0884211e+01  -4.5988692e+01
   5.7300000e+01   8.6115789e+01  -7.0268692e+01
   5.7400000e+01  -6.1884211e+01  -6.3486917e+00
   5.7500000e+01   5.9115789e+01   2.3811308e+01
   5.7600000e+01   9.5115789e+01   1.4371308e+01
   5.7700000e+01  -6.2884211e+01  -4.7308692e+01
   5.7800000e+01  -1.3884211e+01  -4.1268692e+01
   5.7900000e+01  -5.6884211e+01  -5.4869173e-01
   5.8000000e+01   1.1578947e-01   1.5171308e+01
   5.8100000e+01   2.3115789e+01   5.2513083e+00
   5.8200000e+01   1.9115789e+01   1.3411308e+01
   5.8300000e+01   5.3115789e+01  -5.3948692e+01
   5.8400000e+01  -8.7884211e+01  -4.0308692e+01
   5.8500000e+01  -2.9884211e+01   3.6371308e+01
   5.8600000e+01  -8.9884211e+01  -3.0228692e+01
   5.8700000e+01   7.4115789e+01  -3.2788692e+01
   5.8800000e+01   1.0711579e+02   2.9891308e+01
   5.8900000e+01   2.9115789e+01   2.0113083e+00
   5.9000000e+01  -1.2288421e+02   9.6091308e+01
   5.9100000e+01  -1.4884211e+01   1.2771308e+01
   5.9200000e+01  -1.0088421e+02   3.0211308e+01
   5.9300000e+01   8.1157895e+00   7.1851308e+01
   5.9400000e+01  -2.2884211e+01  -2.2908692e+01
   5.9500000e+01  -2.4884211e+01   1.5171308e+01
   5.9600000e+01  -6.6884211e+01   4.2851308e+01
   5.9700000e+01  -3.4884211e+01   8.5713083e+00
   5.9800000e+01  -4.2884211e+01  -1.7108692e+01
   5.9900000e+01  -1.1788421e+02   4.0891308e+01
   6.0000000e+01  -1.1388421e+02   2.7313083e+00
   6.0100000e+01   1.9115789e+01  -1.7588692e+01
   6.0200000e+01   1.7115789e+01   2.7491308e+01
   6.0300000e+01  -4.8842105e+00  -6.3628692e+01
   6.0400000e+01  -1.5288421e+02  -2.2708692e+01
   6.0500000e+01  -1.4884211e+01  -1.2228692e+01
   6.0600000e+01   6.9115789e+01  -3.0588692e+01
   6.0700000e+01   7.0115789e+01   3.7130827e-01
   6.0800000e+01  -7.8884211e+01  -2.5668692e+01
   6.0900000e+01  -5.5884211e+01  -6.5886917e+00
   6.1000000e+01  -3.6884211e+01  -1.5348692e+01
   6.1100000e+01  -1.8842105e+00  -2.5748692e+01
   6.1200000e+01  -1.0088421e+02   4.0211308e+01
   6.1300000e+01  -2.5884211e+01   3.9211308e+01
   6.1400000e+01   4.3115789e+01   3.7451308e+01
   6.1500000e+01   1.3411579e+02  -2.0188692e+01
   6.1600000e+01   5.7115789e+01  -6.1086917e+00
   6.1700000e+01  -3.2884211e+01   5.2491308e+01
   6.1800000e+01  -1.7884211e+01  -2.8108692e+01
   6.1900000e+01  -7.7884211e+01   2.4291308e+01
   6.2000000e+01  -5.8842105e+00  -6.9588692e+01
   6.2100000e+01  -5.2884211e+01  -3.4708692e+01
   6.2200000e+01   8.3115789e+01   8.8513083e+00
   6.2300000e+01  -9.0884211e+01   2.6811308e+01
   6.2400000e+01  -8.0884211e+01  -2.0588692e+01
   6.2500000e+01   1.1511579e+02  -9.4286917e+00
   6.2600000e+01   3.7115789e+01   5.5691308e+01
   6.2700000e+01   3.3115789e+01  -3.6148692e+01
   6.2800000e+01  -1.4688421e+02   1.4051308e+01
   6.2900000e+01  -3.6884211e+01   1.0365131e+02
   6.3000000e+01  -3.9884211e+01   2.3771308e+01
   6.3100000e+01  -7.5884211e+01  -1.9788692e+01
   6.3200000e+01  -6.8842105e+00  -1.9548692e+01
   6.3300000e+01   1.5711579e+02   1.1891308e+01
   6.3400000e+01  -6.3884211e+01   2.2731308e+01
   6.3500000e+01  -3.8842105e+00  -1.8668692e+01
   6.3600000e+01  -6.0884211e+01   2.6611308e+01
   6.3700000e+01   4.3115789e+01  -1.7548692e+01
   6.3800000e+01  -7.6884211e+01  -2.2748692e+01
   6.3900000e+01  -1.1088421e+02  -5.9388692e+01
   6.4000000e+01  -1.9884211e+01  -1.5028692e+01
   6.4100000e+01   1.6115789e+01   6.7531308e+01
   6.4200000e+01   9.6115789e+01  -4.5668692e+01
   6.4300000e+01   9.0115789e+01  -2.0428692e+01
   6.4400000e+01   1.8115789e+01  -3.7548692e+01
   6.4500000e+01   1.6711579e+02  -2.5086917e+00
   6.4600000e+01   8.1115789e+01   3.3931308e+01
   6.4700000e+01  -7.8842105e+00   9.6491308e+01
   6.4800000e+01   1.5111579e+02  -8.8686917e+00
   6.4900000e+01  -7.8884211e+01  -2.8668692e+01
   6.5000000e+01   9.9115789e+01   6.5211308e+01
   6.5100000e+01  -8.8421053e-01   2.2211308e+01
   6.5200000e+01   1.8115789e+01  -3.5486917e+00
   6.5300000e+01  -5.9884211e+01   1.3571308e+01
   6.5400000e+01  -5.1884211e+01   1.9251308e+01
   6.5500000e+01  -4.8842105e+00   4.9371308e+01
   6.5600000e+01  -5.6884211e+01   1.8451308e+01
   6.5700000e+01   4.9115789e+01   7.5211308e+01
   6.5800000e+01   4.7115789e+01  -1.1708692e+01
   6.5900000e+01   7.7115789e+01  -2.1908692e+01
   6.6000000e+01   5.3115789e+01   6.5051308e+01
   6.6100000e+01   1.1511579e+02   1.7571308e+01
   6.6200000e+01   4.0115789e+01   2.9571308e+01
   6.6300000e+01  -4.5884211e+01   1.9011308e+01
   6.6400000e+01   1.1115789e+01   3.7313083e+00
   6.6500000e+01  -5.8842105e+00  -2.3588692e+01
   6.6600000e+01  -1.5884211e+01   9.8113083e+00
   6.6700000e+01   6.0115789e+01   7.3771308e+01
   6.6800000e+01   6.7115789e+01   2.2491308e+01
   6.6900000e+01   8.8115789e+01  -3.5348692e+01
   6.7000000e+01  -9.8842105e+00   2.4571308e+01
   6.7100000e+01   2.2115789e+01   3.9291308e+01
   6.7200000e+01  -8.3884211e+01   1.0531308e+01
   6.7300000e+01  -2.8842105e+00  -3.3708692e+01
   6.7400000e+01  -4.8842105e+00  -5.7628692e+01
   6.7500000e+01  -1.4884211e+01   1.1771308e+01
   6.7600000e+01  -9.8842105e+00  -2.2428692e+01
   6.7700000e+01   1.2711579e+02  -1.1908692e+01
   6.7800000e+01   4.1157895e+00  -2.8988692e+01
   6.7900000e+01   2.1115789e+01   1.3331308e+01
   6.8000000e+01  -6.7884211e+01   3.7891308e+01
   6.8100000e+01  -1.4884211e+01   3.1771308e+01
   6.8200000e+01   7.3115789e+01  -2.7486917e+00
   6.8300000e+01  -1.7884211e+01  -2.6108692e+01
   6.8400000e+01  -3.0884211e+01  -1.8588692e+01
   6.8500000e+01   1.8115789e+01   2.5451308e+01
   6.8600000e+01   6.6115789e+01   2.2531308e+01
   6.8700000e+01  -6.8842105e+00  -9.5486917e+00
   6.8800000e+01  -6.8842105e+00   1.3451308e+01
   6.8900000e+01   7.3115789e+01   1.2251308e+01
   6.9000000e+01   2.5115789e+01   3.1713083e+00
   6.9100000e+01   4.1115789e+01  -4.9468692e+01
   6.9200000e+01   2.3115789e+01   5.2513083e+00
   6.9300000e+01  -3.4884211e+01   2.7571308e+01
   6.9400000e+01   7.8115789e+01  -6.9486917e+00
   6.9500000e+01   1.9115789e+01  -2.7588692e+01
   6.9600000e+01  -4.6884211e+01  -1.7948692e+01
   6.9700000e+01   6.0115789e+01   5.9771308e+01
   6.9800000e+01  -3.1884211e+01   2.1451308e+01
   6.9900000e+01   2.8115789e+01  -3.3948692e+01
   7.0000000e+01   1.0115789e+01  -5.6228692e+01
   7.0100000e+01  -8.8421053e-01   2.0211308e+01
   7.0200000e+01  -2.7884211e+01   1.2291308e+01
   7.0300000e+01   1.3115789e+01  -6.2348692e+01
   7.0400000e+01  -4.7884211e+01   1.2091308e+01
   7.0500000e+01  -4.9884211e+01  -4.7828692e+01
   7.0600000e+01  -7.8842105e+00   3.7491308e+01
   7.0700000e+01   4.3115789e+01   4.4513083e+00
   7.0800000e+01   1.5115789e+01  -2.0428692e+01
   7.0900000e+01   4.8115789e+01   1.8251308e+01
   7.1000000e+01  -2.9884211e+01   2.9371308e+01
   7.1100000e+01  -6.0884211e+01  -2.0388692e+01
   7.1200000e+01   3.5115789e+01   8.7713083e+00
   7.1300000e+01  -8.8842105e+00  -5.4468692e+01
   7.1400000e+01   9.7115789e+01   5.2913083e+00
   7.1500000e+01   8.3115789e+01   6.8513083e+00
   7.1600000e+01  -3.3884211e+01  -1.2468692e+01
   7.1700000e+01   4.9115789e+01   1.9211308e+01
   7.1800000e+01   5.2115789e+01   2.1091308e+01
   7.1900000e+01  -5.4884211e+01   2.3713083e+00
   7.2000000e+01  -5.3884211e+01   3.6331308e+01
   7.2100000e+01   7.4115789e+01  -2.6788692e+01
   7.2200000e+01  -3.1884211e+01   2.4513083e+00
   7.2300000e+01   4.1157895e+00  -1.3988692e+01
   7.2400000e+01   1.4811579e+02  -2.5748692e+01
   7.2500000e+01  -2.7884211e+01   4.2913083e+00
   7.2600000e+01  -7.7884211e+01  -2.7086917e+00
   7.2700000e+01   2.3115789e+01  -9.7486917e+00
   7.2800000e+01   8.9115789e+01  -1.5388692e+01
   7.2900000e+01   7.1157895e+00   1.8891308e+01
   7.3000000e+01   4.1157895e+00  -6.9886917e+00
   7.3100000e+01  -4.0884211e+01  -6.9188692e+01
   7.3200000e+01  -9.3884211e+01   2.6931308e+01
   7.3300000e+01   2.8115789e+01   2.0051308e+01
   7.3400000e+01  -3.0884211e+01   6.8411308e+01
   7.3500000e+01  -3.4884211e+01  -3.8428692e+01
   7.3600000e+01   3.7115789e+01  -1.1308692e+01
   7.3700000e+01  -5.8884211e+01  -9.4686917e+00
   7.3800000e+01  -2.8842105e+00  -3.7708692e+01
   7.3900000e+01   3.7115789e+01  -4.2308692e+01
   7.4000000e+01  -5.3884211e+01  -6.6869173e-01
   7.4100000e+01  -7.3884211e+01  -5.0868692e+01
   7.4200000e+01  -1.0888421e+02  -1.4468692e+01
   7.4300000e+01   5.1157895e+00   4.2971308e+01
   7.4400000e+01   1.8115789e+01  -4.3548692e+01
   7.4500000e+01   1.8115789e+01   8.0451308e+01
   7.4600000e+01  -5.9884211e+01  -1.8428692e+01
   7.4700000e+01  -8.8842105e+00   2.0531308e+01
   7.4800000e+01  -6.8884211e+01   5.9313083e+00
   7.4900000e+01   2.3115789e+01  -4.2748692e+01
   7.5000000e+01   6.8115789e+01  -3.0548692e+01
   7.5100000e+01   1.5115789e+01  -1.8428692e+01
   7.5200000e+01  -1.2884211e+01   2.5691308e+01
   7.5300000e+01  -6.4884211e+01   7.7771308e+01
   7.5400000e+01   6.9115789e+01  -1.6588692e+01
   7.5500000e+01  -1.8884211e+01  -3.0068692e+01
   7.5600000e+01  -4.7884211e+01  -1.7908692e+01
   7.5700000e+01   1.1578947e-01  -3.8286917e+00
   7.5800000e+01  -1.9884211e+01  -3.0028692e+01
   7.5900000e+01  -5.5884211e+01   2.8411308e+01
   7.6000000e+01   9.1157895e+00  -2.9188692e+01
   7.6100000e+01   6.1157895e+00  -1.4068692e+01
   7.6200000e+01   4.0115789e+01  -2.7428692e+01
   7.6300000e+01  -1.1288421e+02   2.3691308e+01
   7.6400000e+01   5.3115789e+01   5.1308271e-02
   7.6500000e+01   3.3115789e+01  -4.3148692e+01
   7.6600000e+01  -4.5884211e+01  -7.9886917e+00
   7.6700000e+01   1.2111579e+02  -1.3668692e+01
   7.6800000e+01   1.1211579e+02  -8.3086917e+00
   7.6900000e+01  -1.2288421e+02  -1.3908692e+01
   7.7000000e+01  -3.3884211e+01  -9.4686917e+00
   7.7100000e+01  -2.9884211e+01  -6.2869173e-01
   7.7200000e+01  -5.5884211e+01   5.0411308e+01
   7.7300000e+01   3.3115789e+01   3.8513083e+00
   7.7400000e+01  -2.8884211e+01  -2.6668692e+01
   7.7500000e+01   3.6115789e+01   3.5731308e+01
   7.7600000e+01   9.1157895e+00   2.8811308e+01
   7.7700000e+01   5.6115789e+01   1.9313083e+00
   7.7800000e+01   6.6115789e+01   1.5313083e+00
   7.7900000e+01   1.8115789e+01   2.3451308e+01
   7.8000000e+01   3.6115789e+01  -3.1268692e+01
   7.8100000e+01  -7.4884211e+01  -3.3828692e+01
   7.8200000e+01  -6.1884211e+01  -2.1348692e+01
   7.8300000e+01   5.0115789e+01   4.3171308e+01
   7.8400000e+01  -2.0884211e+01  -1.0988692e+01
   7.8500000e+01   1.4111579e+02   4.5531308e+01
   7.8600000e+01   2.0115789e+01   8.5371308e+01
   7.8700000e+01   6.2115789e+01  -2.8308692e+01
   7.8800000e+01   9.1115789e+01   6.4531308e+01
   7.8900000e+01  -5.2884211e+01  -1.4708692e+01
   7.9000000e+01   6.1115789e+01   4.3731308e+01
   7.9100000e+01   4.6115789e+01   8.3313083e+00
   7.9200000e+01  -8.8842105e+00   6.7531308e+01
   7.9300000e+01   9.2115789e+01   1.9491308e+01
   7.9400000e+01  -8.4884211e+01   3.7571308e+01
   7.9500000e+01  -1.8884211e+01   5.6931308e+01
   7.9600000e+01   5.8115789e+01   5.2851308e+01
   7.9700000e+01  -1.1884211e+01  -1.9348692e+01
   7.9800000e+01  -5.1884211e+01   2.2251308e+01
   7.9900000e+01   5.7115789e+01   1.7891308e+01
   8.0000000e+01   2.7115789e+01  -2.1908692e+01
   8.0100000e+01  -7.8842105e+00   3.4913083e+00
   8.0200000e+01   1.6511579e+02   2.7571308e+01
   8.0300000e+01   6.9115789e+01   3.9411308e+01
   8.0400000e+01  -6.7884211e+01   7.8913083e+00
   8.0500000e+01   6.8115789e+01  -5.3548692e+01
   8.0600000e+01   9.4115789e+01   9.4411308e+01
   8.0700000e+01  -2.8842105e+00  -4.7708692e+01
   8.0800000e+01   7.6115789e+01  -3.8868692e+01
   8.0900000e+01   5.3115789e+01  -3.7948692e+01
   8.1000000e+01   2.7115789e+01  -2.7908692e+01
   8.1100000e+01   1.4115789e+01   4.5611308e+01
   8.1200000e+01  -3.6884211e+01  -3.5348692e+01
   8.1300000e+01   1.1157895e+00  -1.8868692e+01
   8.1400000e+01  -8.7884211e+01   2.8691308e+01
   8.1500000e+01  -3.3884211e+01  -2.7468692e+01
   8.1600000e+01   3.4115789e+01   6.6811308e+01
   8.1700000e+01  -1.1688421e+02  -1.0148692e+01
   8.1800000e+01  -9.3884211e+01  -2.0686917e+00
   8.1900000e+01   2.6115789e+01   5.7131308e+01
   8.2000000e+01   1.8115789e+01   5.4451308e+01
   8.2100000e+01   8.1115789e+01  -6.8691729e-02
   8.2200000e+01   7.7115789e+01   2.2091308e+01
   8.2300000e+01   1.6115789e+01   7.5313083e+00
   8.2400000e+01   8.3115789e+01  -1.6148692e+01
   8.2500000e+01  -6.5884211e+01   1.7811308e+01
   8.2600000e+01   8.1157895e+00   2.3851308e+01
   8.2700000e+01  -1.0488421e+02  -5.0628692e+01
   8.2800000e+01  -5.7884211e+01  -2.5086917e+00
   8.2900000e+01   5.9115789e+01   2.3811308e+01
   8.3000000e+01   2.5115789e+01   9.1713083e+00
   8.3100000e+01  -5.8842105e+00   2.3411308e+01
   8.3200000e+01  -1.1188421e+02  -2.7348692e+01
   8.3300000e+01  -9.8842105e+00  -2.6428692e+01
   8.3400000e+01   2.0115789e+01  -5.6628692e+01
   8.3500000e+01  -3.0884211e+01   1.5411308e+01
   8.3600000e+01  -8.3884211e+01  -4.6869173e-01
   8.3700000e+01   7.5115789e+01  -8.8286917e+00
   8.3800000e+01  -6.9884211e+01  -6.2028692e+01
   8.3900000e+01  -3.2884211e+01  -1.5508692e+01
   8.4000000e+01   2.4115789e+01  -5.1788692e+01
   8.4100000e+01  -4.4884211e+01  -5.4028692e+01
   8.4200000e+01  -5.0884211e+01  -2.8788692e+01
   8.4300000e+01  -5.8884211e+01   6.5313083e+00
   8.4400000e+01  -6.4884211e+01  -3.0228692e+01
   8.4500000e+01   6.0115789e+01  -4.5228692e+01
   8.4600000e+01   5.1157895e+00   2.9713083e+00
   8.4700000e+01   5.0115789e+01   1.6171308e+01
   8.4800000e+01  -2.2884211e+01   2.1091308e+01
   8.4900000e+01   3.1115789e+01  -4.5068692e+01
   8.5000000e+01   1.1111579e+02  -6.2686917e+00
   8.5100000e+01  -7.7884211e+01  -1.6708692e+01
   8.5200000e+01   2.3115789e+01  -1.1748692e+01
   8.5300000e+01  -2.3884211e+01  -3.2868692e+01
   8.5400000e+01   5.1157895e+00  -3.2028692e+01
   8.5500000e+01   1.8411579e+02  -1.7188692e+01
   8.5600000e+01   1.1157895e+00  -3.7868692e+01
   8.5700000e+01   2.4115789e+01  -1.5788692e+01
   8.5800000e+01  -8.3884211e+01   1.5531308e+01
   8.5900000e+01  -4.3884211e+01   4.2931308e+01
   8.6000000e+01  -6.4884211e+01   6.7713083e+00
   8.6100000e+01   1.4311579e+02  -9.5486917e+00
   8.6200000e+01   2.2115789e+01  -2.9708692e+01
   8.6300000e+01  -1.3884211e+01  -2.6869173e-01
   8.6400000e+01  -2.1884211e+01  -1.6948692e+01
   8.6500000e+01   1.2711579e+02  -5.0908692e+01
   8.6600000e+01   5.1115789e+01   1.3131308e+01
   8.6700000e+01   4.8115789e+01  -2.9748692e+01
   8.6800000e+01   2.1157895e+00  -1.6908692e+01
   8.6900000e+01  -6.0884211e+01  -1.4388692e+01
   8.7000000e+01  -1.1088421e+02  -1.0388692e+01
   8.7100000e+01  -5.8884211e+01  -4.6869173e-01
   8.7200000e+01  -4.5884211e+01  -5.2988692e+01
   8.7300000e+01  -3.0884211e+01  -5.2588692e+01
   8.7400000e+01  -3.8884211e+01  -3.9268692e+01
   8.7500000e+01  -7.9884211e+01  -3.3628692e+01
   8.7600000e+01   6.1157895e+00  -3.5068692e+01
   8.7700000e+01  -2.5884211e+01   1.8211308e+01
   8.7800000e+01  -3.8842105e+00  -7.6686917e+00
   8.7900000e+01  -1.0884211e+01   8.6113083e+00
   8.8000000e+01  -1.1388421e+02  -5.3268692e+01
   8.8100000e+01   3.2115789e+01  -3.4108692e+01
   8.8200000e+01   4.5115789e+01  -5.8628692e+01
   8.8300000e+01  -3.8842105e+00   6.3313083e+00
   8.8400000e+01  -9.1884211e+01   1.2851308e+01
   8.8500000e+01  -2.8842105e+00  -2.8708692e+01
   8.8600000e+01  -9.2884211e+01  -4.4108692e+01
   8.8700000e+01   3.6115789e+01  -2.3268692e+01
   8.8800000e+01   1.8115789e+01   2.4513083e+00
   8.8900000e+01  -2.9884211e+01  -4.1628692e+01
   8.9000000e+01   4.8115789e+01  -3.5748692e+01
   8.9100000e+01  -1.7884211e+01   2.5891308e+01
   8.9200000e+01   1.1578947e-01  -1.0828692e+01
   8.9300000e+01  -6.3884211e+01   4.6731308e+01
   8.9400000e+01  -1.0788421e+02  -5.0869173e-01
   8.9500000e+01  -6.7884211e+01   1.0891308e+01
   8.9600000e+01  -9.8842105e+00   2.9571308e+01
   8.9700000e+01  -2.9884211e+01  -3.5628692e+01
   8.9800000e+01  -2.3884211e+01  -3.3868692e+01
   8.9900000e+01  -3.8842105e+00  -2.1668692e+01
   9.0000000e+01  -4.6884211e+01  -2.8948692e+01
   9.0100000e+01  -1.0888421e+02  -1.3468692e+01
   9.0200000e+01   1.8115789e+01   8.2451308e+01
   9.0300000e+01   2.3115789e+01   2.7251308e+01
   9.0400000e+01  -7.2884211e+01  -3.7908692e+01
   9.0500000e+01  -1.0088421e+02  -2.0788692e+01
   9.0600000e+01   1.1011579e+02  -2.7228692e+01
   9.0700000e+01  -2.3884211e+01  -2.6868692e+01
   9.0800000e+01   2.9115789e+01  -3.9886917e+00
   9.0900000e+01  -8.8421053e-01   1.8211308e+01
   9.1000000e+01   3.7115789e+01   3.8691308e+01
   9.1100000e+01  -8.1884211e+01  -8.5486917e+00
   9.1200000e+01  -6.9884211e+01   7.6971308e+01
   9.1300000e+01  -5.6884211e+01  -4.2548692e+01
   9.1400000e+01  -7.8884211e+01   5.3313083e+00
   9.1500000e+01  -3.8884211e+01  -4.7268692e+01
   9.1600000e+01  -6.0884211e+01   8.8611308e+01
   9.1700000e+01   2.5115789e+01  -1.7828692e+01
   9.1800000e+01   1.2811579e+02  -2.1948692e+01
   9.1900000e+01  -5.4884211e+01  -6.6286917e+00
   9.2000000e+01  -8.3884211e+01   6.7531308e+01
   9.2100000e+01  -4.8884211e+01  -4.8868692e+01
   9.2200000e+01   9.6115789e+01  -6.6668692e+01
   9.2300000e+01  -6.3884211e+01   3.2731308e+01
   9.2400000e+01  -1.0884211e+01   1.9611308e+01
   9.2500000e+01  -3.4884211e+01   4.3571308e+01
   9.2600000e+01   4.5115789e+01   2.2371308e+01
   9.2700000e+01   8.3115789e+01   6.8513083e+00
   9.2800000e+01   6.9115789e+01   2.4113083e+00
   9.2900000e+01   6.9115789e+01  -2.8588692e+01
   9.3000000e+01   5.1115789e+01  -9.8686917e+00
   9.3100000e+01  -1.5884211e+01  -4.8188692e+01
   9.3200000e+01   6.4115789e+01  -2.6388692e+01
   9.3300000e+01  -7.3884211e+01   3.8131308e+01
   9.3400000e+01   8.9115789e+01   4.2611308e+01
   9.3500000e+01   2.1157895e+00  -3.9086917e+00
   9.3600000e+01   5.1157895e+00   4.5971308e+01
   9.3700000e+01   7.5115789e+01  -5.8828692e+01
   9.3800000e+01  -2.3884211e+01   7.1313083e+00
   9.3900000e+01  -6.8842105e+00  -3.3548692e+01
   9.4000000e+01  -1.0588421e+02   1.2411308e+01
   9.4100000e+01  -3.1884211e+01   2.7451308e+01
   9.4200000e+01  -1.9884211e+01   2.0971308e+01
   9.4300000e+01   2.8115789e+01  -6.4948692e+01
   9.4400000e+01   6.1115789e+01  -2.6268692e+01
   9.4500000e+01  -1.9884211e+01  -1.3028692e+01
   9.4600000e+01   2.1157895e+00   1.1091308e+01
   9.4700000e+01   4.1157895e+00  -9.8869173e-01
   9.4800000e+01   4.4115789e+01  -2.6588692e+01
   9.4900000e+01  -6.5884211e+01   2.6811308e+01
   9.5000000e+01  -3.7884211e+01   9.3691308e+01
   9.5100000e+01   5.6115789e+01  -1.0686917e+00
   9.5200000e+01   3.0115789e+01  -2.4028692e+01
   9.5300000e+01   2.9115789e+01  -5.0988692e+01
   9.5400000e+01   1.1711579e+02   3.4913083e+00
   9.5500000e+01  -4.5884211e+01  -3.5988692e+01
   9.5600000e+01  -5.0884211e+01  -8.7886917e+00
   9.5700000e+01   6.1157895e+00  -1.0686917e+00
   9.5800000e+01   5.9115789e+01  -2.6188692e+01
   9.5900000e+01   7.1157895e+00   8.2891308e+01
   9.6000000e+01   4.7115789e+01   1.2291308e+01
   9.6100000e+01  -1.0188421e+02   5.9251308e+01
   9.6200000e+01   2.1115789e+01  -1.1668692e+01
   9.6300000e+01  -1.4884211e+01  -2.4228692e+01
   9.6400000e+01   2.2115789e+01  -3.5708692e+01
   9.6500000e+01  -3.4884211e+01  -2.1428692e+01
   9.6600000e+01   3.6115789e+01   5.8731308e+01
   9.6700000e+01  -5.1884211e+01   1.3251308e+01
   9.6800000e+01   8.7115789e+01   1.5691308e+01
   9.6900000e+01  -1.3188421e+02  -3.4548692e+01
   9.7000000e+01   3.5115789e+01  -8.2286917e+00
   9.7100000e+01  -9.6884211e+01  -2.1948692e+01
   9.7200000e+01   1.3115789e+01  -4.7348692e+01
   9.7300000e+01  -3.0884211e+01   4.3411308e+01
   9.7400000e+01   5.9115789e+01  -3.1886917e+00
   9.7500000e+01  -5.6884211e+01  -3.7548692e+01
   9.7600000e+01   9.5115789e+01  -2.6628692e+01
   9.7700000e+01   5.5115789e+01   2.9713083e+00
   9.7800000e+01   1.3115789e+01   2.0651308e+01
   9.7900000e+01  -5.8842105e+00   1.0411308e+01
   9.8000000e+01  -1.4884211e+01   1.2777131e+02
   9.8100000e+01   1.1157895e+00  -2.7868692e+01
   9.8200000e+01  -9.4884211e+01   2.1971308e+01
   9.8300000e+01  -1.1188421e+02   1.2651308e+01
   9.8400000e+01   5.1115789e+01   6.1313083e+00
   9.8500000e+01   5.5115789e+01   1.8971308e+01
   9.8600000e+01  -3.4884211e+01   1.3571308e+01
   9.8700000e+01   9.8115789e+01  -4.4748692e+01
   9.8800000e+01   7.9115789e+01   1.1308271e-02
   9.8900000e+01  -2.8884211e+01  -2.3668692e+01
   9.9000000e+01  -2.8842105e+00   5.2913083e+00
   9.9100000e+01  -2.4884211e+01   2.8171308e+01
   9.9200000e+01   2.6115789e+01   1.5131308e+01
   9.9300000e+01  -2.7884211e+01   3.2913083e+00
   9.9400000e+01   3.1157895e+00   9.0513083e+00
   9.9500000e+01  -3.8842105e+00   2.4331308e+01
   9.9600000e+01   1.7115789e+01   3.7491308e+01
   9.9700000e+01  -3.5884211e+01  -5.2388692e+01
   9.9800000e+01  -6.8884211e+01   8.9313083e+00
   9.9900000e+01  -3.7884211e+01  -3.8308692e+01
   1.0000000e+02   1.0211579e+02   1.0913083e+00
   1.0010000e+02  -4.9884211e+01   6.9171308e+01
   1.0020000e+02  -1.0884211e+01  -3.5388692e+01
   1.0030000e+02   1.0115789e+01   1.5771308e+01
   1.0040000e+02   6.1157895e+00   6.4931308e+01
   1.0050000e+02   7.1157895e+00  -4.0108692e+01
   1.0060000e+02  -5.3884211e+01  -2.1668692e+01
   1.0070000e+02   6.8115789e+01   3.5451308e+01
   1.0080000e+02  -5.0884211e+01   6.1211308e+01
   1.0090000e+02   1.3115789e+01   6.4651308e+01
   1.0100000e+02  -2.1884211e+01  -1.6948692e+01
   1.0110000e+02   2.4115789e+01  -1.4788692e+01
   1.0120000e+02  -5.1884211e+01   7.2513083e+00
   1.0130000e+02  -3.8842105e+00   4.2331308e+01
   1.0140000e+02   1.0811579e+02  -3.9148692e+01
   1.0150000e+02   4.1115789e+01  -1.0468692e+01
   1.0160000e+02   1.3211579e+02   4.1891308e+01
   1.0170000e+02  -7.6884211e+01   3.3251308e+01
   1.0180000e+02   2.1157895e+00  -8.9086917e+00
   1.0190000e+02   8.5115789e+01   5.5771308e+01
   1.0200000e+02  -1.1088421e+02  -4.2388692e+01
   1.0210000e+02  -1.1884211e+01   4.6651308e+01
   1.0220000e+02  -1.0288421e+02  -7.0869173e-01
   1.0230000e+02   1.0115789e+01   2.7771308e+01
   1.0240000e+02   1.7115789e+01   6.4913083e+00
   1.0250000e+02  -1.2888421e+02  -2.1668692e+01
   1.0260000e+02  -5.8884211e+01   6.2531308e+01
   1.0270000e+02   2.1115789e+01   2.2331308e+01
   1.0280000e+02  -5.5884211e+01   2.0411308e+01
   1.0290000e+02  -9.5884211e+01  -1.9988692e+01
   1.0300000e+02   1.6115789e+01   2.1531308e+01
   1.0310000e+02  -1.0488421e+02  -1.8628692e+01
   1.0320000e+02   1.9115789e+01   9.4113083e+00
   1.0330000e+02   2.1115789e+01   2.9331308e+01
   1.0340000e+02   3.3115789e+01  -4.7148692e+01
   1.0350000e+02  -4.8842105e+00  -6.2869173e-01
   1.0360000e+02   1.1157895e+00  -4.8868692e+01
   1.0370000e+02  -8.3884211e+01  -2.0468692e+01
   1.0380000e+02   1.5115789e+01  -9.4286917e+00
   1.0390000e+02  -8.8421053e-01   4.2113083e+00
   1.0400000e+02  -4.5884211e+01  -2.9886917e+00
   1.0410000e+02  -8.9884211e+01   2.1771308e+01
   1.0420000e+02   6.5115789e+01   3.3571308e+01
   1.0430000e+02   2.8115789e+01   4.5051308e+01
   1.0440000e+02  -7.3884211e+01   2.8131308e+01
   1.0450000e+02  -3.0884211e+01  -2.1588692e+01
   1.0460000e+02   7.3115789e+01  -1.1748692e+01
   1.0470000e+02   4.6115789e+01   2.2331308e+01
   1.0480000e+02   1.0311579e+02  -1.8948692e+01
   1.0490000e+02  -5.6884211e+01  -1.0548692e+01
   1.0500000e+02   2.7115789e+01  -2.1908692e+01
   1.0510000e+02  -1.0288421e+02   1.2291308e+01
   1.0520000e+02   3.8115789e+01  -6.2348692e+01
   1.0530000e+02  -7.9884211e+01  -3.0628692e+01
   1.0540000e+02  -1.0688421e+02  -1.6548692e+01
   1.0550000e+02  -1.1884211e+01  -1.9348692e+01
   1.0560000e+02  -7.2884211e+01   4.5091308e+01
   1.0570000e+02  -1.2884211e+01  -3.4308692e+01
   1.0580000e+02  -4.8842105e+00  -3.6286917e+00
   1.0590000e+02  -5.8842105e+00  -5.1588692e+01
   1.0600000e+02   3.1157895e+00   1.3051308e+01
   1.0610000e+02   7.1115789e+01   2.6331308e+01
   1.0620000e+02   6.3115789e+01  -5.1348692e+01
   1.0630000e+02  -4.9884211e+01   4.0171308e+01
   1.0640000e+02   1.1578947e-01  -2.7828692e+01
   1.0650000e+02   8.1157895e+00  -1.8148692e+01
   1.0660000e+02  -3.4884211e+01  -1.4428692e+01
   1.0670000e+02   4.1157895e+00   6.5011308e+01
   1.0680000e+02  -7.3884211e+01   1.6131308e+01
   1.0690000e+02  -3.1884211e+01   2.0451308e+01
   1.0700000e+02   3.4115789e+01   1.7811308e+01
   1.0710000e+02   7.2115789e+01  -2.6708692e+01
   1.0720000e+02   3.1157895e+00   8.0513083e+00
   1.0730000e+02   1.1211579e+02  -6.3086917e+00
   1.0740000e+02  -5.0884211e+01   7.2113083e+00
   1.0750000e+02  -1.0288421e+02  -3.7086917e+00
   1.0760000e+02  -1.0788421e+02   8.8491308e+01
   1.0770000e+02  -3.4884211e+01  -2.6428692e+01
   1.0780000e+02  -2.0884211e+01   3.3011308e+01
   1.0790000e+02   7.7115789e+01  -3.9086917e+00
   1.0800000e+02   3.6115789e+01  -3.2686917e+00
   1.0810000e+02   2.2115789e+01   3.4291308e+01
   1.0820000e+02   5.1157895e+00  -3.8028692e+01
   1.0830000e+02   1.0115789e+01   6.7713083e+00
   1.0840000e+02  -9.4884211e+01   1.5971308e+01
   1.0850000e+02  -5.7884211e+01   1.3491308e+01
   1.0860000e+02  -9.8842105e+00  -1.0428692e+01
   1.0870000e+02  -1.0988421e+02  -5.0428692e+01
   1.0880000e+02   3.5115789e+01  -3.6228692e+01
   1.0890000e+02   4.0115789e+01  -1.0428692e+01
   1.0900000e+02  -1.5884211e+01   1.5811308e+01
   1.0910000e+02   1.8511579e+02   5.4771308e+01
   1.0920000e+02  -2.3884211e+01   2.3131308e+01
   1.0930000e+02   1.1115789e+01  -2.5268692e+01
   1.0940000e+02  -1.1888421e+02  -4.7068692e+01
   1.0950000e+02  -4.9884211e+01  -1.7828692e+01
   1.0960000e+02  -1.3088421e+02   3.0411308e+01
   1.0970000e+02  -5.9884211e+01   4.1571308e+01
   1.0980000e+02   3.1157895e+00   6.3051308e+01
   1.0990000e+02  -5.3884211e+01  -2.6686917e+00
   1.1000000e+02  -2.9884211e+01   2.7371308e+01
   1.1010000e+02   1.0115789e+01  -5.1228692e+01
   1.1020000e+02   3.7115789e+01  -1.5308692e+01
   1.1030000e+02   7.1157895e+00   4.8891308e+01
   1.1040000e+02  -3.3884211e+01   2.2531308e+01
   1.1050000e+02   5.1115789e+01   1.1313083e+00
   1.1060000e+02   3.1115789e+01   5.9931308e+01
   1.1070000e+02  -2.8842105e+00   3.4291308e+01
   1.1080000e+02   1.6115789e+01   2.5313083e+00
   1.1090000e+02   5.4115789e+01  -1.4988692e+01
   1.1100000e+02  -4.5884211e+01   2.0113083e+00
   1.1110000e+02   5.8115789e+01   1.8513083e+00
   1.1120000e+02  -9.3884211e+01  -1.6068692e+01
   1.1130000e+02  -8.8421053e-01  -1.7788692e+01
   1.1140000e+02  -1.4884211e+01  -3.9228692e+01
   1.1150000e+02   1.0111579e+02  -5.1868692e+01
   1.1160000e+02   1.3115789e+01  -8.3486917e+00
   1.1170000e+02  -5.7884211e+01   5.3491308e+01
   1.1180000e+02  -5.4884211e+01  -9.6286917e+00
   1.1190000e+02   2.5115789e+01   2.3171308e+01
   1.1200000e+02  -2.2884211e+01  -3.3908692e+01
   1.1210000e+02   6.7115789e+01  -4.5086917e+00
   1.1220000e+02   5.7115789e+01  -4.5108692e+01
   1.1230000e+02  -7.8842105e+00  -4.5086917e+00
   1.1240000e+02   6.4115789e+01   2.7611308e+01
   1.1250000e+02   1.4115789e+01   2.1611308e+01
   1.1260000e+02   3.2115789e+01   1.2891308e+01
   1.1270000e+02  -2.5884211e+01   6.3211308e+01
   1.1280000e+02  -1.8884211e+01  -2.8068692e+01
   1.1290000e+02  -4.5884211e+01  -1.5988692e+01
   1.1300000e+02  -5.4884211e+01   1.1371308e+01
   1.1310000e+02  -2.7884211e+01   1.2913083e+00
   1.1320000e+02  -1.6884211e+01  -2.5148692e+01
   1.1330000e+02   6.1157895e+00  -7.0686917e+00
   1.1340000e+02   7.1115789e+01   7.7331308e+01
   1.1350000e+02  -9.8842105e+00   1.5713083e+00
   1.1360000e+02   7.4115789e+01   3.2113083e+00
   1.1370000e+02   1.1211579e+02  -2.2308692e+01
   1.1380000e+02   2.7115789e+01   6.0913083e+00
   1.1390000e+02  -3.6884211e+01   4.1651308e+01
   1.1400000e+02  -5.8884211e+01  -5.4686917e+00
   1.1410000e+02   9.1157895e+00  -1.5188692e+01
   1.1420000e+02   8.0115789e+01   3.9713083e+00
   1.1430000e+02  -4.5884211e+01  -1.1988692e+01
   1.1440000e+02   1.4511579e+02   5.4371308e+01
   1.1450000e+02  -2.1884211e+01   1.3051308e+01
   1.1460000e+02  -5.1884211e+01  -1.7748692e+01
   1.1470000e+02  -2.3884211e+01  -7.8686917e+00
   1.1480000e+02   1.2115789e+01   9.9691308e+01
   1.1490000e+02   3.3115789e+01  -3.9148692e+01
   1.1500000e+02   1.1578947e-01   3.1713083e+00
   1.1510000e+02   3.4115789e+01   1.5811308e+01
   1.1520000e+02  -8.0884211e+01  -2.1588692e+01
   1.1530000e+02   1.4511579e+02   1.0037131e+02
   1.1540000e+02  -4.8842105e+00   4.3713083e+00
   1.1550000e+02  -6.0884211e+01  -1.3886917e+00
   1.1560000e+02  -2.4884211e+01   4.9171308e+01
   1.1570000e+02   1.4115789e+01   3.2611308e+01
   1.1580000e+02   1.2711579e+02   1.4091308e+01
   1.1590000e+02  -4.5884211e+01  -3.5988692e+01
   1.1600000e+02   2.0115789e+01  -1.7628692e+01
   1.1610000e+02  -2.9884211e+01   2.8371308e+01
   1.1620000e+02   5.2115789e+01   5.0913083e+00
   1.1630000e+02   5.8115789e+01   1.7851308e+01
   1.1640000e+02  -9.1884211e+01   2.8513083e+00
   1.1650000e+02  -1.1888421e+02  -6.8691729e-02
   1.1660000e+02   1.5115789e+01   9.5713083e+00
   1.1670000e+02  -6.6884211e+01   4.3851308e+01
   1.1680000e+02   7.1157895e+00   1.1891308e+01
   1.1690000e+02  -9.8842105e+00   2.9571308e+01
   1.1700000e+02  -5.8884211e+01   6.4531308e+01
   1.1710000e+02  -8.9884211e+01   3.9771308e+01
   1.1720000e+02  -1.0884211e+01  -4.5388692e+01
   1.1730000e+02  -7.8842105e+00   2.4491308e+01
   1.1740000e+02  -5.6884211e+01   5.1451308e+01
   1.1750000e+02  -1.3988421e+02  -9.2286917e+00
   1.1760000e+02   5.9115789e+01   3.4811308e+01
   1.1770000e+02  -1.5884211e+01  -1.7188692e+01
   1.1780000e+02  -4.2884211e+01  -8.3108692e+01
   1.1790000e+02  -1.0388421e+02  -1.9668692e+01
   1.1800000e+02   7.9115789e+01   5.0113083e+00
   1.1810000e+02   2.3115789e+01  -8.7486917e+00
   1.1820000e+02  -1.9884211e+01   1.9971308e+01
   1.1830000e+02   5.0115789e+01   2.9171308e+01
   1.1840000e+02   2.1157895e+00   2.1091308e+01
   1.1850000e+02  -1.0888421e+02   3.7531308e+01
   1.1860000e+02   1.4115789e+01  -1.0388692e+01
   1.1870000e+02   5.6115789e+01  -4.0686917e+00
   1.1880000e+02   3.3115789e+01  -1.6148692e+01
   1.1890000e+02  -1.1884211e+01  -1.7348692e+01
   1.1900000e+02  -7.9884211e+01  -9.6286917e+00
   1.1910000e+02   4.1157895e+00   4.8011308e+01
   1.1920000e+02  -4.7884211e+01   1.0091308e+01
   1.1930000e+02   1.1115789e+01   1.1731308e+01
   1.1940000e+02   2.1157895e+00  -2.3908692e+01
   1.1950000e+02  -5.3884211e+01   5.0331308e+01
   1.1960000e+02  -9.8842105e+00  -3.1428692e+01
   1.1970000e+02  -7.0884211e+01   4.6011308e+01
   1.1980000e+02  -1.7884211e+01  -6.7108692e+01
   1.1990000e+02  -6.4884211e+01   7.1771308e+01
   1.2000000e+02  -2.5884211e+01  -1.1788692e+01
   1.2010000e+02   7.6115789e+01  -6.8686917e+00
   1.2020000e+02  -4.7884211e+01  -1.9086917e+00
   1.2030000e+02   1.0911579e+02   1.7811308e+01
   1.2040000e+02  -9.8842105e+00  -3.6428692e+01
   1.2050000e+02   1.0115789e+01   2.3771308e+01
   1.2060000e+02   1.1115789e+01  -4.2686917e+00
   1.2070000e+02   3.6115789e+01  -3.5268692e+01
   1.2080000e+02  -2.3884211e+01   2.3131308e+01
   1.2090000e+02  -7.8842105e+00  -8.5086917e+00
   1.2100000e+02   1.1011579e+02  -4.5228692e+01
   1.2110000e+02  -5.9884211e+01  -3.2428692e+01
   1.2120000e+02  -2.1884211e+01   1.8051308e+01
   1.2130000e+02  -2.8842105e+00   3.4291308e+01
   1.2140000e+02  -9.8842105e+00  -3.0428692e+01
   1.2150000e+02  -5.4884211e+01  -2.0628692e+01
   1.2160000e+02  -1.6884211e+01  -2.2148692e+01
   1.2170000e+02  -5.3884211e+01   3.3331308e+01
   1.2180000e+02   5.2115789e+01  -8.0908692e+01
   1.2190000e+02  -4.3884211e+01   1.7931308e+01
   1.2200000e+02   5.6115789e+01  -3.4068692e+01
   1.2210000e+02  -5.4884211e+01  -1.2628692e+01
   1.2220000e+02   1.1157895e+00   2.8131308e+01
   1.2230000e+02   1.7115789e+01  -3.1508692e+01
   1.2240000e+02   1.8115789e+01   8.7451308e+01
   1.2250000e+02  -6.7884211e+01   2.0891308e+01
   1.2260000e+02   3.8115789e+01  -2.4348692e+01
   1.2270000e+02   1.5811579e+02  -3.2148692e+01
   1.2280000e+02  -6.8884211e+01   1.8931308e+01
   1.2290000e+02  -5.5884211e+01   1.4411308e+01
   1.2300000e+02  -1.2884211e+01   1.7691308e+01
   1.2310000e+02   5.9115789e+01   9.2811308e+01
   1.2320000e+02   8.1115789e+01   3.8931308e+01
   1.2330000e+02  -2.8842105e+00   6.2913083e+00
   1.2340000e+02  -6.5884211e+01   3.1811308e+01
   1.2350000e+02  -7.6884211e+01   1.8251308e+01
   1.2360000e+02   1.5115789e+01   1.3571308e+01
   1.2370000e+02   8.6115789e+01  -1.0268692e+01
   1.2380000e+02  -3.8884211e+01  -1.1268692e+01
   1.2390000e+02  -8.9884211e+01  -1.9228692e+01
   1.2400000e+02  -1.9884211e+01   9.7130827e-01
   1.2410000e+02  -8.0884211e+01  -8.5886917e+00
   1.2420000e+02  -9.0884211e+01  -4.7188692e+01
   1.2430000e+02  -9.4884211e+01  -4.1028692e+01
   1.2440000e+02   5.0115789e+01   4.7171308e+01
   1.2450000e+02   7.4115789e+01  -6.7886917e+00
   1.2460000e+02   4.3115789e+01  -1.6548692e+01
   1.2470000e+02  -1.0288421e+02   3.7291308e+01
   1.2480000e+02   3.7115789e+01  -8.3086917e+00
   1.2490000e+02   8.1115789e+01   1.1931308e+01
   1.2500000e+02  -6.3884211e+01  -2.6869173e-01
   1.2510000e+02  -3.4884211e+01   8.5713083e+00
   1.2520000e+02   3.8115789e+01   4.4651308e+01
   1.2530000e+02   1.0115789e+01  -1.1228692e+01
   1.2540000e+02  -1.0884211e+01   2.9611308e+01
   1.2550000e+02  -2.6884211e+01   1.4251308e+01
   1.2560000e+02   4.9115789e+01  -3.8788692e+01
   1.2570000e+02   2.2115789e+01  -4.7086917e+00
   1.2580000e+02  -6.8842105e+00   4.9451308e+01
   1.2590000e+02  -1.2088421e+02  -6.9886917e+00
   1.2600000e+02   5.9115789e+01  -2.7188692e+01
   1.2610000e+02   4.1115789e+01   2.8531308e+01
   1.2620000e+02   2.0115789e+01  -2.8628692e+01
   1.2630000e+02  -1.0088421e+02  -4.1788692e+01
   1.2640000e+02  -6.5884211e+01   2.5811308e+01
   1.2650000e+02   6.1157895e+00  -3.0068692e+01
   1.2660000e+02  -3.0884211e+01  -1.2588692e+01
   1.2670000e+02   2.8115789e+01   1.0513083e+00
   1.2680000e+02  -1.0088421e+02   4.5211308e+01
   1.2690000e+02  -2.9884211e+01  -3.7628692e+01
   1.2700000e+02   2.2115789e+01  -3.0708692e+01
   1.2710000e+02   2.4115789e+01   1.4211308e+01
   1.2720000e+02  -8.1884211e+01  -2.7548692e+01
   1.2730000e+02   7.1157895e+00   1.6891308e+01
   1.2740000e+02  -1.0884211e+01  -1.3886917e+00
   1.2750000e+02  -7.1884211e+01  -3.6948692e+01
   1.2760000e+02  -3.7884211e+01   3.0691308e+01
   1.2770000e+02   8.4115789e+01  -1.4188692e+01
   1.2780000e+02   4.4115789e+01   4.5411308e+01
   1.2790000e+02  -6.6884211e+01  -1.2148692e+01
   1.2800000e+02  -6.1884211e+01  -4.5348692e+01
   1.2810000e+02  -1.3884211e+01  -9.2686917e+00
   1.2820000e+02  -7.0884211e+01   6.2011308e+01
   1.2830000e+02  -1.0388421e+02  -7.6686917e+00
   1.2840000e+02   1.4311579e+02   4.1451308e+01
   1.2850000e+02  -2.4884211e+01   1.1713083e+00
   1.2860000e+02  -8.8884211e+01  -2.8268692e+01
   1.2870000e+02   9.1157895e+00  -2.5188692e+01
   1.2880000e+02  -1.1088421e+02  -2.5388692e+01
   1.2890000e+02  -1.4884211e+01  -1.4228692e+01
   1.2900000e+02   1.6115789e+01   8.5313083e+00
   1.2910000e+02  -6.2884211e+01  -3.8308692e+01
   1.2920000e+02  -5.0884211e+01  -4.1788692e+01
   1.2930000e+02  -1.5884211e+01  -1.3188692e+01
   1.2940000e+02  -4.5884211e+01  -4.4988692e+01
   1.2950000e+02  -6.4884211e+01  -6.2228692e+01
   1.2960000e+02  -8.6884211e+01  -2.0348692e+01
   1.2970000e+02  -8.9884211e+01  -1.0228692e+01
   1.2980000e+02  -1.4884211e+01  -3.9228692e+01
   1.2990000e+02  -1.2788421e+02  -2.3708692e+01
   1.3000000e+02  -6.2884211e+01   1.6913083e+00
   1.3010000e+02  -4.1884211e+01  -1.2148692e+01
   1.3020000e+02  -6.6884211e+01  -3.4148692e+01
   1.3030000e+02  -3.8884211e+01  -2.6869173e-01
   1.3040000e+02  -2.8884211e+01  -4.8668692e+01
   1.3050000e+02  -8.3884211e+01  -4.4686917e+00
   1.3060000e+02  -6.8884211e+01   4.4931308e+01
   1.3070000e+02  -6.5884211e+01  -1.0188692e+01
   1.3080000e+02   1.7115789e+01  -3.4508692e+01
   1.3090000e+02  -6.5884211e+01  -7.6188692e+01
   1.3100000e+02  -1.3688421e+02  -2.8348692e+01
   1.3110000e+02  -1.1884211e+01  -2.9348692e+01
   1.3120000e+02  -9.8884211e+01  -2.3868692e+01
   1.3130000e+02   2.4115789e+01  -6.3788692e+01
   1.3140000e+02  -2.6884211e+01  -4.3748692e+01
   1.3150000e+02  -1.0884211e+01  -7.1388692e+01
   1.3160000e+02  -3.8884211e+01   1.4731308e+01
   1.3170000e+02  -1.3884211e+01   3.7313083e+00
   1.3180000e+02  -5.0884211e+01  -4.0788692e+01
   1.3190000e+02  -1.2688421e+02   4.2513083e+00
   1.3200000e+02  -9.4884211e+01  -7.0286917e+00
   1.3210000e+02  -5.0884211e+01  -5.4788692e+01
   1.3220000e+02  -4.8884211e+01   2.4131308e+01
   1.3230000e+02  -5.6884211e+01  -2.8548692e+01
   1.3240000e+02  -8.3884211e+01   5.6531308e+01
   1.3250000e+02  -6.1884211e+01  -5.2348692e+01
   1.3260000e+02  -1.8688421e+02   1.5651308e+01
   1.3270000e+02  -8.4884211e+01  -4.4286917e+00
   1.3280000e+02   1.9115789e+01  -6.5886917e+00
   1.3290000e+02  -1.3288421e+02  -3.2508692e+01
   1.3300000e+02  -1.1088421e+02   3.3611308e+01
   1.3310000e+02   4.1157895e+00   2.1011308e+01
   1.3320000e+02   9.1157895e+00  -4.0188692e+01
   1.3330000e+02  -5.0884211e+01  -2.5788692e+01
   1.3340000e+02  -9.8884211e+01  -9.8686917e+00
   1.3350000e+02  -1.4388421e+02  -6.7068692e+01
   1.3360000e+02  -2.9884211e+01  -9.6286917e+00
   1.3370000e+02   4.1157895e+00  -4.8988692e+01
   1.3380000e+02   7.3115789e+01   1.4251308e+01
   1.3390000e+02  -1.0988421e+02  -2.4286917e+00
   1.3400000e+02  -7.0884211e+01  -4.4988692e+01
   1.3410000e+02   3.1115789e+01  -6.0068692e+01
   1.3420000e+02  -1.0188421e+02   6.2513083e+00
   1.3430000e+02  -9.6884211e+01  -3.6948692e+01
   1.3440000e+02   8.8115789e+01  -4.2348692e+01
   1.3450000e+02   6.1115789e+01  -3.6268692e+01
   1.3460000e+02  -6.2884211e+01   3.4691308e+01
   1.3470000e+02  -3.4884211e+01   4.3571308e+01
   1.3480000e+02  -8.8421053e-01  -1.0788692e+01
   1.3490000e+02   3.0115789e+01  -1.6028692e+01
   1.3500000e+02  -6.3884211e+01  -1.0268692e+01
   1.3510000e+02  -8.8421053e-01  -1.7886917e+00
   1.3520000e+02  -5.4884211e+01  -2.1628692e+01
   1.3530000e+02  -4.8884211e+01   7.1313083e+00
   1.3540000e+02  -6.5884211e+01  -6.1188692e+01
   1.3550000e+02  -1.3088421e+02  -2.0588692e+01
   1.3560000e+02  -1.1088421e+02  -3.0388692e+01
   1.3570000e+02  -3.9884211e+01   3.5771308e+01
   1.3580000e+02  -4.4884211e+01  -2.0028692e+01
   1.3590000e+02  -4.7884211e+01  -2.2908692e+01
   1.3600000e+02  -5.1884211e+01  -4.6748692e+01
   1.3610000e+02  -6.1884211e+01   2.6651308e+01
   1.3620000e+02  -4.8884211e+01   3.1131308e+01
   1.3630000e+02  -1.3788421e+02  -5.2308692e+01
   1.3640000e+02  -9.7884211e+01  -1.6908692e+01
   1.3650000e+02  -6.0884211e+01  -3.7388692e+01
   1.3660000e+02  -3.5884211e+01  -5.3388692e+01
   1.3670000e+02   6.5115789e+01  -2.2428692e+01
   1.3680000e+02  -1.5884211e+01  -6.8188692e+01
   1.3690000e+02  -3.4884211e+01  -1.6428692e+01
   1.3700000e+02   1.6115789e+01   5.5313083e+00
   1.3710000e+02  -7.2884211e+01   5.0913083e+00
   1.3720000e+02   9.1157895e+00  -2.6188692e+01
   1.3730000e+02  -1.8884211e+01   1.9931308e+01
   1.3740000e+02  -2.3884211e+01   1.5131308e+01
   1.3750000e+02  -5.1884211e+01  -1.1748692e+01
   1.3760000e+02   2.3115789e+01  -4.5748692e+01
   1.3770000e+02  -7.9884211e+01   4.4371308e+01
   1.3780000e+02  -8.9884211e+01  -4.6228692e+01
   1.3790000e+02  -8.8421053e-01  -2.4788692e+01
   1.3800000e+02  -9.4884211e+01  -1.5028692e+01
   1.3810000e+02  -1.1688421e+02   8.8513083e+00
   1.3820000e+02  -1.4988421e+02  -3.8828692e+01
   1.3830000e+02   8.2115789e+01  -3.1108692e+01
   1.3840000e+02  -1.1588421e+02  -4.6188692e+01
   1.3850000e+02  -7.2884211e+01  -6.3908692e+01
   1.3860000e+02  -1.1788421e+02  -6.1108692e+01
   1.3870000e+02  -2.8884211e+01  -3.9668692e+01
   1.3880000e+02  -4.1884211e+01  -2.0148692e+01
   1.3890000e+02  -1.2088421e+02   1.5011308e+01
   1.3900000e+02  -1.2388421e+02  -2.6868692e+01
   1.3910000e+02   7.1157895e+00   2.6891308e+01
   1.3920000e+02  -5.1884211e+01  -3.2748692e+01
   1.3930000e+02  -4.4884211e+01  -3.4028692e+01
   1.3940000e+02  -4.8884211e+01  -3.9868692e+01
   1.3950000e+02  -6.0884211e+01  -4.8388692e+01
   1.3960000e+02  -1.1788421e+02  -4.6108692e+01
   1.3970000e+02   3.5115789e+01  -2.2228692e+01
   1.3980000e+02  -5.4884211e+01  -1.1628692e+01
   1.3990000e+02  -1.5488421e+02   3.7130827e-01
   1.4000000e+02  -1.2884211e+01  -2.1308692e+01
   1.4010000e+02  -3.4884211e+01   3.5713083e+00
   1.4020000e+02   5.1157895e+00  -5.0028692e+01
   1.4030000e+02   5.9115789e+01  -5.0188692e+01
   1.4040000e+02  -1.6884211e+01   4.3851308e+01
   1.4050000e+02  -2.7884211e+01  -4.5708692e+01
   1.4060000e+02   2.2115789e+01  -3.1708692e+01
   1.4070000e+02  -2.3884211e+01  -2.5868692e+01
   1.4080000e+02  -6.4884211e+01  -5.0228692e+01
   1.4090000e+02  -2.8884211e+01   4.7331308e+01
   1.4100000e+02  -1.2884211e+01  -4.9308692e+01
   1.4110000e+02  -2.3884211e+01  -5.1868692e+01
   1.4120000e+02  -1.8842105e+00   2.4251308e+01
   1.4130000e+02  -6.1884211e+01   4.6513083e+00
   1.4140000e+02  -5.8884211e+01   2.2531308e+01
   1.4150000e+02  -1.0188421e+02  -3.1748692e+01
   1.4160000e+02  -4.2884211e+01  -7.0108692e+01
   1.4170000e+02   5.1157895e+00  -1.7028692e+01
   1.4180000e+02  -8.5884211e+01  -3.6388692e+01
   1.4190000e+02  -9.1884211e+01  -8.1486917e+00
   1.4200000e+02  -1.7884211e+01  -4.1108692e+01
   1.4210000e+02  -4.1884211e+01   1.2851308e+01
   1.4220000e+02  -1.1188421e+02   5.6513083e+00
   1.4230000e+02   7.1157895e+00   2.6891308e+01
   1.4240000e+02  -5.1884211e+01  -1.3748692e+01
   1.4250000e+02   2.5115789e+01  -3.8286917e+00
   1.4260000e+02   4.1157895e+00  -2.5988692e+01
   1.4270000e+02  -3.7884211e+01   2.5691308e+01
   1.4280000e+02  -1.7888421e+02   4.1331308e+01
   1.4290000e+02  -1.3288421e+02   2.5491308e+01
   1.4300000e+02  -3.6884211e+01  -2.6348692e+01
   1.4310000e+02  -1.2288421e+02  -2.1908692e+01
   1.4320000e+02  -2.5884211e+01  -4.5788692e+01
   1.4330000e+02  -1.2088421e+02  -1.7988692e+01
   1.4340000e+02  -9.2884211e+01   5.8913083e+00
   1.4350000e+02  -8.8884211e+01  -1.2268692e+01
   1.4360000e+02  -1.1988421e+02  -2.8691729e-02
   1.4370000e+02  -1.4588421e+02   1.1011308e+01
   1.4380000e+02  -4.5884211e+01  -1.5988692e+01
   1.4390000e+02  -6.5884211e+01  -1.0188692e+01
   1.4400000e+02  -9.2884211e+01   8.9130827e-01
   1.4410000e+02  -1.1488421e+02   2.1771308e+01
   1.4420000e+02  -8.9884211e+01  -3.2286917e+00
   1.4430000e+02  -7.6884211e+01   1.9251308e+01
   1.4440000e+02  -2.8884211e+01  -4.3668692e+01
   1.4450000e+02  -6.9884211e+01  -3.9028692e+01
   1.4460000e+02  -9.7884211e+01   1.1091308e+01
   1.4470000e+02  -7.5884211e+01  -2.3788692e+01
   1.4480000e+02  -9.2884211e+01  -4.5108692e+01
   1.4490000e+02  -1.3688421e+02  -2.7348692e+01
   1.4500000e+02  -2.9884211e+01  -2.8628692e+01
   1.4510000e+02  -6.5884211e+01  -4.5188692e+01
   1.4520000e+02  -1.1588421e+02  -2.8188692e+01
   1.4530000e+02  -8.8884211e+01  -5.1268692e+01
   1.4540000e+02  -1.4088421e+02  -1.3188692e+01
   1.4550000e+02  -4.7884211e+01  -1.9086917e+00
   1.4560000e+02  -4.1884211e+01  -4.9148692e+01
   1.4570000e+02  -1.7088421e+02  -2.3988692e+01
   1.4580000e+02  -8.0884211e+01  -2.5588692e+01
   1.4590000e+02  -1.3288421e+02  -2.0508692e+01
   1.4600000e+02  -1.2488421e+02  -4.0828692e+01
   1.4610000e+02  -9.5884211e+01  -1.8988692e+01
   1.4620000e+02  -7.3884211e+01  -1.5868692e+01
   1.4630000e+02  -7.9884211e+01   1.8371308e+01
   1.4640000e+02  -1.3388421e+02  -3.2468692e+01
   1.4650000e+02  -3.8884211e+01  -3.5268692e+01
   1.4660000e+02   9.1157895e+00   2.6811308e+01
   1.4670000e+02  -1.5884211e+01  -2.8188692e+01
   1.4680000e+02  -4.3884211e+01  -8.0686917e+00
   1.4690000e+02   1.1578947e-01   1.3171308e+01
   1.4700000e+02   2.2115789e+01   3.6291308e+01
   1.4710000e+02  -4.0884211e+01  -8.1886917e+00
   1.4720000e+02  -2.3884211e+01  -1.8686917e+00
   1.4730000e+02  -1.5588421e+02  -1.4588692e+01
   1.4740000e+02  -1.9388421e+02   3.7931308e+01
   1.4750000e+02  -6.6884211e+01  -1.3148692e+01
   1.4760000e+02  -8.8842105e+00  -4.4468692e+01
   1.4770000e+02  -1.1388421e+02  -3.1268692e+01
   1.4780000e+02  -6.3884211e+01  -1.1268692e+01
   1.4790000e+02  -1.1188421e+02  -9.3486917e+00
   1.4800000e+02  -2.0884211e+01  -3.1988692e+01
   1.4810000e+02  -6.7884211e+01   3.7891308e+01
   1.4820000e+02  -8.5884211e+01  -8.3886917e+00
   1.4830000e+02  -2.1884211e+01   9.0513083e+00
   1.4840000e+02  -1.1188421e+02   2.6513083e+00
   1.4850000e+02   1.4115789e+01  -3.7388692e+01
   1.4860000e+02  -1.6884211e+01   7.8513083e+00
   1.4870000e+02  -5.6884211e+01  -3.9548692e+01
   1.4880000e+02  -1.9888421e+02  -3.4868692e+01
   1.4890000e+02  -8.8842105e+00   9.5313083e+00
   1.4900000e+02  -7.1884211e+01   3.7051308e+01
   1.4910000e+02  -1.0088421e+02  -2.5788692e+01
   1.4920000e+02  -1.0088421e+02  -2.2788692e+01
   1.4930000e+02   6.7115789e+01  -7.9508692e+01
   1.4940000e+02  -1.3488421e+02  -2.9428692e+01
   1.4950000e+02  -7.7884211e+01  -2.8708692e+01
   1.4960000e+02  -8.7884211e+01   3.2691308e+01
   1.4970000e+02  -4.7884211e+01  -5.3908692e+01
   1.4980000e+02   1.2115789e+01  -4.2308692e+01
   1.4990000e+02  -9.6884211e+01  -2.2948692e+01
   1.5000000e+02  -1.1088421e+02   2.8611308e+01
   1.5010000e+02  -8.3884211e+01   2.0531308e+01
   1.5020000e+02  -1.0888421e+02   1.4153131e+02
   1.5030000e+02  -1.0588421e+02  -5.4588692e+01
   1.5040000e+02  -6.3884211e+01   6.8731308e+01
   1.5050000e+02  -1.3488421e+02  -1.3428692e+01
   1.5060000e+02  -7.5884211e+01  -3.1788692e+01
   1.5070000e+02  -1.0888421e+02  -4.6869173e-01
   1.5080000e+02  -7.9884211e+01  -6.2869173e-01
   1.5090000e+02  -9.8842105e+00   3.1571308e+01
   1.5100000e+02  -1.1788421e+02  -2.7108692e+01
   1.5110000e+02  -1.2688421e+02   1.1251308e+01
   1.5120000e+02  -1.1388421e+02  -1.6268692e+01
   1.5130000e+02   7.1157895e+00  -4.4108692e+01
   1.5140000e+02  -1.5788421e+02  -3.9508692e+01
   1.5150000e+02  -4.9884211e+01  -6.5828692e+01
   1.5160000e+02  -1.1788421e+02  -2.5108692e+01
   1.5170000e+02  -5.9884211e+01  -3.5428692e+01
   1.5180000e+02  -1.3888421e+02  -2.0268692e+01
   1.5190000e+02  -1.3488421e+02  -2.0428692e+01
   1.5200000e+02  -2.6884211e+01  -5.0748692e+01
   1.5210000e+02  -9.1884211e+01   8.8513083e+00
   1.5220000e+02  -7.0884211e+01   2.7011308e+01
   1.5230000e+02  -5.5884211e+01  -5.8588692e+01
   1.5240000e+02  -7.8842105e+00  -5.2508692e+01
   1.5250000e+02  -9.7884211e+01  -6.6908692e+01
   1.5260000e+02  -1.1988421e+02  -4.2028692e+01
   1.5270000e+02  -3.7884211e+01  -7.6308692e+01
   1.5280000e+02  -8.0884211e+01  -5.5886917e+00
   1.5290000e+02  -1.0488421e+02  -1.9628692e+01
   1.5300000e+02  -3.3884211e+01   1.5313083e+00
   1.5310000e+02   4.1157895e+00   4.5011308e+01
   1.5320000e+02   7.1157895e+00  -1.4108692e+01
   1.5330000e+02  -6.2884211e+01   2.2691308e+01
   1.5340000e+02  -2.0884211e+01  -6.6988692e+01
   1.5350000e+02  -1.6488421e+02   2.7771308e+01
   1.5360000e+02  -8.2884211e+01  -4.8508692e+01
   1.5370000e+02  -1.1688421e+02  -6.7148692e+01
   1.5380000e+02  -1.5388421e+02  -3.0668692e+01
   1.5390000e+02  -8.4884211e+01  -1.4286917e+00
   1.5400000e+02  -8.7884211e+01   3.5691308e+01
   1.5410000e+02  -7.0884211e+01  -4.4988692e+01
   1.5420000e+02  -4.4884211e+01   1.4971308e+01
   1.5430000e+02  -9.8884211e+01  -3.5868692e+01
   1.5440000e+02  -5.9884211e+01  -3.6428692e+01
   1.5450000e+02  -4.2884211e+01  -3.6108692e+01
   1.5460000e+02  -4.9884211e+01   8.3171308e+01
   1.5470000e+02  -1.1188421e+02  -3.1348692e+01
   1.5480000e+02  -1.5788421e+02   4.4913083e+00
   1.5490000e+02  -8.8884211e+01  -6.7268692e+01
   1.5500000e+02   1.2011579e+02  -2.7628692e+01
   1.5510000e+02  -5.4884211e+01  -1.1628692e+01
   1.5520000e+02   1.4115789e+01  -5.4388692e+01
   1.5530000e+02   7.3115789e+01   3.9251308e+01
   1.5540000e+02  -8.8421053e-01   8.2113083e+00
   1.5550000e+02  -1.2488421e+02   8.1713083e+00
   1.5560000e+02  -7.7884211e+01  -1.4708692e+01
   1.5570000e+02  -5.7884211e+01   3.4913083e+00
   1.5580000e+02  -1.2988421e+02  -4.3628692e+01
   1.5590000e+02  -1.1988421e+02  -1.9028692e+01
   1.5600000e+02  -6.7884211e+01  -9.1086917e+00
   1.5610000e+02  -1.1888421e+02   1.0931308e+01
   1.5620000e+02  -9.0884211e+01  -4.2188692e+01
   1.5630000e+02  -6.4884211e+01  -2.1228692e+01
   1.5640000e+02  -9.1884211e+01   6.8513083e+00
   1.5650000e+02  -1.5888421e+02  -3.9468692e+01
   1.5660000e+02   6.5115789e+01   1.4571308e+01
   1.5670000e+02  -9.2884211e+01  -2.4108692e+01
   1.5680000e+02  -4.8884211e+01  -3.8868692e+01
   1.5690000e+02  -8.4884211e+01   1.4571308e+01
   1.5700000e+02   4.1157895e+00  -1.1988692e+01
   1.5710000e+02  -3.6884211e+01  -3.7348692e+01
   1.5720000e+02  -1.5788421e+02   3.1491308e+01
   1.5730000e+02  -1.0988421e+02  -1.4428692e+01
   1.5740000e+02  -1.5088421e+02  -1.3788692e+01
   1.5750000e+02  -1.0188421e+02  -6.2748692e+01
   1.5760000e+02  -1.4688421e+02  -5.9486917e+00
   1.5770000e+02  -1.0088421e+02  -6.9788692e+01
   1.5780000e+02  -4.2884211e+01  -1.0108692e+01
   1.5790000e+02  -5.9884211e+01  -1.6428692e+01
   1.5800000e+02  -1.4988421e+02  -5.2828692e+01
   1.5810000e+02  -1.1388421e+02  -6.3268692e+01
   1.5820000e+02  -5.8842105e+00   4.1130827e-01
   1.5830000e+02  -5.1884211e+01  -2.4748692e+01
   1.5840000e+02  -8.4884211e+01   4.5571308e+01
   1.5850000e+02  -7.0884211e+01  -1.4988692e+01
   1.5860000e+02  -1.4388421e+02   2.2931308e+01
   1.5870000e+02  -7.0884211e+01   8.0113083e+00
   1.5880000e+02  -5.2884211e+01   3.7291308e+01
   1.5890000e+02   6.1115789e+01   1.9731308e+01
   1.5900000e+02   2.1157895e+00   2.0913083e+00
   1.5910000e+02  -4.6884211e+01  -3.5948692e+01
   1.5920000e+02  -1.0288421e+02   6.2291308e+01
   1.5930000e+02  -5.2884211e+01  -9.7086917e+00
   1.5940000e+02  -6.8884211e+01  -4.0068692e+01
   1.5950000e+02  -5.4884211e+01  -4.4628692e+01
   1.5960000e+02  -6.5884211e+01   4.2811308e+01
   1.5970000e+02  -9.0884211e+01  -2.2188692e+01
   1.5980000e+02  -3.6884211e+01   3.9651308e+01
   1.5990000e+02   4.0115789e+01   5.4571308e+01
   1.6000000e+02  -1.1188421e+02  -4.1348692e+01
   1.6010000e+02  -2.5884211e+01  -1.8788692e+01
   1.6020000e+02  -1.0888421e+02   1.5531308e+01
   1.6030000e+02  -5.5884211e+01   1.9411308e+01
   1.6040000e+02  -8.5884211e+01  -3.8869173e-01
   1.6050000e+02  -1.3488421e+02   4.5713083e+00
   1.6060000e+02  -8.8842105e+00  -2.6468692e+01
   1.6070000e+02  -4.5884211e+01  -1.2988692e+01
   1.6080000e+02  -4.3884211e+01   4.9313083e+00
   1.6090000e+02  -3.6884211e+01  -3.2348692e+01
   1.6100000e+02  -1.6884211e+01   1.2885131e+02
   1.6110000e+02   3.1157895e+00  -1.5948692e+01
   1.6120000e+02  -1.5888421e+02   5.2531308e+01
   1.6130000e+02   1.1157895e+00  -4.8686917e+00
   1.6140000e+02  -9.7884211e+01   6.2091308e+01
   1.6150000e+02  -3.9884211e+01   2.4771308e+01
   1.6160000e+02  -1.1888421e+02  -1.0068692e+01
   1.6170000e+02  -5.3884211e+01   6.4331308e+01
   1.6180000e+02  -3.5884211e+01  -3.3886917e+00
   1.6190000e+02  -3.4884211e+01  -2.4286917e+00
   1.6200000e+02  -4.5884211e+01  -3.4988692e+01
   1.6210000e+02  -5.8842105e+00  -1.1588692e+01
   1.6220000e+02  -8.0884211e+01  -3.6588692e+01
   1.6230000e+02  -3.6884211e+01  -5.4348692e+01
   1.6240000e+02  -3.9884211e+01  -1.4228692e+01
   1.6250000e+02  -8.8884211e+01  -6.2686917e+00
   1.6260000e+02  -1.0288421e+02  -1.4708692e+01
   1.6270000e+02  -8.0884211e+01  -2.2588692e+01
   1.6280000e+02  -7.3884211e+01   1.3130827e-01
   1.6290000e+02  -4.4884211e+01   4.1971308e+01
   1.6300000e+02  -1.3188421e+02   3.8451308e+01
   1.6310000e+02  -2.4884211e+01  -8.2869173e-01
   1.6320000e+02  -6.8842105e+00  -7.5486917e+00
   1.6330000e+02  -1.0088421e+02   5.2113083e+00
   1.6340000e+02  -1.2588421e+02   1.3211308e+01
   1.6350000e+02  -5.2884211e+01   1.3291308e+01
   1.6360000e+02  -1.2884211e+01   2.9691308e+01
   1.6370000e+02   3.1115789e+01  -2.9068692e+01
   1.6380000e+02  -1.2288421e+02  -5.5908692e+01
   1.6390000e+02  -6.2884211e+01  -2.3086917e+00
   1.6400000e+02  -8.5884211e+01   2.3611308e+01
   1.6410000e+02   5.1157895e+00  -2.4028692e+01
   1.6420000e+02  -3.0884211e+01  -1.9588692e+01
   1.6430000e+02  -1.3884211e+01  -1.6268692e+01
   1.6440000e+02  -4.8884211e+01  -4.8868692e+01
   1.6450000e+02  -1.4884211e+01  -5.4228692e+01
   1.6460000e+02   1.1578947e-01   4.1713083e+00
   1.6470000e+02  -3.5884211e+01   3.4611308e+01
   1.6480000e+02  -1.1688421e+02  -1.3148692e+01
   1.6490000e+02  -5.7884211e+01  -4.4508692e+01
   1.6500000e+02   3.0115789e+01   2.5971308e+01
   1.6510000e+02  -5.2884211e+01  -2.4708692e+01
   1.6520000e+02   3.1115789e+01  -3.7068692e+01
   1.6530000e+02  -1.3884211e+01   7.7313083e+00
   1.6540000e+02  -1.0388421e+02   1.7331308e+01
   1.6550000e+02   6.3115789e+01   8.6513083e+00
   1.6560000e+02   5.7115789e+01  -1.7108692e+01
   1.6570000e+02  -1.0388421e+02  -1.7668692e+01
   1.6580000e+02  -6.3884211e+01  -1.4268692e+01
   1.6590000e+02  -2.8884211e+01  -1.9668692e+01
   1.6600000e+02  -1.0884211e+01  -3.3886917e+00
   1.6610000e+02  -4.6884211e+01  -4.6948692e+01
   1.6620000e+02   2.2115789e+01  -4.7086917e+00
   1.6630000e+02  -6.3884211e+01  -4.5268692e+01
   1.6640000e+02  -1.1488421e+02  -5.0228692e+01
   1.6650000e+02  -7.0884211e+01  -1.1988692e+01
   1.6660000e+02  -8.8842105e+00  -5.7468692e+01
   1.6670000e+02  -9.7884211e+01  -1.7908692e+01
   1.6680000e+02  -5.8884211e+01   3.6531308e+01
   1.6690000e+02  -1.2188421e+02   3.3051308e+01
   1.6700000e+02  -5.9884211e+01   3.0571308e+01
   1.6710000e+02   3.7115789e+01   7.6913083e+00
   1.6720000e+02   2.1157895e+00  -3.5908692e+01
   1.6730000e+02   1.1157895e+00  -1.1868692e+01
   1.6740000e+02  -7.7884211e+01   8.4291308e+01
   1.6750000e+02  -3.5884211e+01   1.4611308e+01
   1.6760000e+02  -3.2884211e+01   7.5491308e+01
   1.6770000e+02  -8.1884211e+01   6.4513083e+00
   1.6780000e+02   1.9115789e+01  -1.0588692e+01
   1.6790000e+02  -4.9884211e+01   1.1171308e+01
   1.6800000e+02  -9.0884211e+01   1.7811308e+01
   1.6810000e+02  -3.9884211e+01   3.2771308e+01
   1.6820000e+02  -1.5688421e+02  -7.0548692e+01
   1.6830000e+02  -6.6884211e+01  -5.5148692e+01
   1.6840000e+02  -3.9884211e+01  -3.4228692e+01
   1.6850000e+02  -1.4884211e+01   1.5771308e+01
   1.6860000e+02   1.0115789e+01   4.7713083e+00
   1.6870000e+02   6.1157895e+00   4.2931308e+01
   1.6880000e+02  -6.1884211e+01   4.9651308e+01
   1.6890000e+02   1.0115789e+01  -2.4228692e+01
   1.6900000e+02  -4.2884211e+01  -3.7108692e+01
   1.6910000e+02   9.5115789e+01  -2.9628692e+01
   1.6920000e+02  -1.0788421e+02   2.8491308e+01
   1.6930000e+02  -6.0884211e+01  -2.5388692e+01
   1.6940000e+02   3.1157895e+00  -5.9486917e+00
   1.6950000e+02  -6.0884211e+01   3.4611308e+01
   1.6960000e+02  -1.1884211e+01  -4.1348692e+01
   1.6970000e+02  -8.7884211e+01  -2.5308692e+01
   1.6980000e+02  -5.5884211e+01  -1.4588692e+01
   1.6990000e+02   3.1115789e+01  -6.0686917e+00
   1.7000000e+02   1.2115789e+01   1.0691308e+01
   1.7010000e+02  -8.6884211e+01   5.1651308e+01
   1.7020000e+02  -8.7884211e+01  -1.3308692e+01
   1.7030000e+02  -5.5884211e+01   1.0411308e+01
   1.7040000e+02  -8.1884211e+01   8.4513083e+00
   1.7050000e+02  -7.0884211e+01  -2.4988692e+01
   1.7060000e+02  -3.9884211e+01   2.1771308e+01
   1.7070000e+02   4.6115789e+01   3.3313083e+00
   1.7080000e+02  -6.0884211e+01   9.6113083e+00
   1.7090000e+02  -9.6884211e+01   4.4051308e+01
   1.7100000e+02  -3.4884211e+01  -4.4286917e+00
   1.7110000e+02  -6.8842105e+00   6.0451308e+01
   1.7120000e+02  -3.8842105e+00   1.8331308e+01
   1.7130000e+02   3.3115789e+01  -4.3148692e+01
   1.7140000e+02  -1.8842105e+00  -1.2748692e+01
   1.7150000e+02   6.1157895e+00  -2.8068692e+01
   1.7160000e+02  -7.3884211e+01   6.2131308e+01
   1.7170000e+02  -7.0884211e+01   3.6011308e+01
   1.7180000e+02   1.7115789e+01  -3.8508692e+01
   1.7190000e+02  -7.9884211e+01  -5.0628692e+01
   1.7200000e+02   1.1011579e+02   4.8771308e+01
   1.7210000e+02  -6.6884211e+01  -3.1148692e+01
   1.7220000e+02  -9.8884211e+01  -1.1868692e+01
   1.7230000e+02  -1.0588421e+02  -4.4588692e+01
   1.7240000e+02  -8.9884211e+01  -6.2286917e+00
   1.7250000e+02  -7.6884211e+01  -2.8748692e+01
   1.7260000e+02  -8.6884211e+01  -1.8348692e+01
   1.7270000e+02  -8.7884211e+01  -1.6308692e+01
   1.7280000e+02  -1.0788421e+02  -1.6508692e+01
   1.7290000e+02  -1.1388421e+02   7.3130827e-01
   1.7300000e+02  -1.4688421e+02   3.3051308e+01
   1.7310000e+02  -1.5488421e+02  -3.3628692e+01
   1.7320000e+02  -1.4088421e+02  -6.5188692e+01
   1.7330000e+02  -1.5088421e+02   8.2113083e+00
   1.7340000e+02  -9.8884211e+01  -9.8686917e+00
   1.7350000e+02  -9.7884211e+01  -2.2908692e+01
   1.7360000e+02  -7.8884211e+01  -8.6686917e+00
   1.7370000e+02  -1.0188421e+02  -3.0748692e+01
   1.7380000e+02  -1.1388421e+02  -3.6268692e+01
   1.7390000e+02   3.7115789e+01   5.3691308e+01
   1.7400000e+02  -1.1388421e+02  -1.4268692e+01
   1.7410000e+02  -1.6488421e+02  -8.2286917e+00
   1.7420000e+02   5.6115789e+01   1.8931308e+01
   1.7430000e+02  -9.3884211e+01   8.5931308e+01
   1.7440000e+02   1.1157895e+00   3.1131308e+01
   1.7450000e+02  -6.7884211e+01  -1.2108692e+01
   1.7460000e+02  -1.7488421e+02  -5.2828692e+01
   1.7470000e+02  -1.0588421e+02  -2.8588692e+01
   1.7480000e+02  -1.2688421e+02  -3.0748692e+01
   1.7490000e+02  -1.1988421e+02   3.2971308e+01
   1.7500000e+02  -2.0884211e+01  -2.1988692e+01
   1.7510000e+02  -9.7884211e+01   2.3091308e+01
   1.7520000e+02  -1.1988421e+02   2.3971308e+01
   1.7530000e+02  -9.2884211e+01  -1.0108692e+01
   1.7540000e+02  -6.0884211e+01   7.4611308e+01
   1.7550000e+02  -6.5884211e+01  -1.5188692e+01
   1.7560000e+02   7.1157895e+00  -2.4108692e+01
   1.7570000e+02  -7.0884211e+01   1.9011308e+01
   1.7580000e+02  -7.9884211e+01  -1.2628692e+01
   1.7590000e+02  -1.1388421e+02   1.5731308e+01
   1.7600000e+02  -2.8884211e+01  -5.1668692e+01
   1.7610000e+02  -5.6884211e+01  -6.9548692e+01
   1.7620000e+02  -6.7884211e+01  -3.1108692e+01
   1.7630000e+02  -1.1788421e+02  -3.7108692e+01
   1.7640000e+02  -1.3488421e+02  -3.1428692e+01
   1.7650000e+02  -1.0884211e+01  -4.0388692e+01
   1.7660000e+02  -1.4988421e+02  -2.3828692e+01
   1.7670000e+02  -4.5884211e+01  -2.7988692e+01
   1.7680000e+02  -8.5884211e+01  -4.3886917e+00
   1.7690000e+02  -9.5884211e+01  -2.5988692e+01
   1.7700000e+02  -1.5588421e+02  -2.8588692e+01
   1.7710000e+02  -1.3884211e+01   6.7313083e+00
   1.7720000e+02  -1.1388421e+02  -1.1268692e+01
   1.7730000e+02  -6.2884211e+01  -6.3086917e+00
   1.7740000e+02  -1.1488421e+02  -3.6228692e+01
   1.7750000e+02  -5.0884211e+01  -3.2788692e+01
   1.7760000e+02  -1.4088421e+02  -7.5188692e+01
   1.7770000e+02  -6.4884211e+01  -1.2286917e+00
   1.7780000e+02  -8.6884211e+01   7.6513083e+00
   1.7790000e+02  -1.0688421e+02  -2.5486917e+00
   1.7800000e+02  -9.9884211e+01  -6.1828692e+01
   1.7810000e+02  -1.2388421e+02  -4.9868692e+01
   1.7820000e+02  -1.0588421e+02  -1.1588692e+01
   1.7830000e+02  -1.0388421e+02  -2.6686917e+00
   1.7840000e+02  -1.8884211e+01  -8.0686917e+00
   1.7850000e+02   4.9115789e+01  -3.8788692e+01
   1.7860000e+02  -5.8884211e+01  -2.2468692e+01
   1.7870000e+02  -5.3884211e+01  -2.1668692e+01
   1.7880000e+02  -4.6884211e+01  -7.9486917e+00
   1.7890000e+02  -6.5884211e+01  -1.1886917e+00
   1.7900000e+02   7.1157895e+00   1.5891308e+01
   1.7910000e+02  -5.4884211e+01  -2.8628692e+01
   1.7920000e+02   3.0115789e+01  -5.7028692e+01
   1.7930000e+02  -1.1888421e+02  -4.1068692e+01
   1.7940000e+02  -1.1388421e+02  -2.4268692e+01
   1.7950000e+02  -6.7884211e+01  -4.7108692e+01
   1.7960000e+02  -1.1488421e+02  -1.7228692e+01
   1.7970000e+02  -1.4988421e+02  -2.6828692e+01
   1.7980000e+02  -4.0884211e+01   2.1811308e+01
   1.7990000e+02  -3.7884211e+01  -2.3308692e+01
   1.8000000e+02  -1.0688421e+02  -6.0548692e+01
   1.8010000e+02  -1.1588421e+02  -2.2188692e+01
   1.8020000e+02   1.6115789e+01  -3.2468692e+01
   1.8030000e+02  -1.4588421e+02  -6.9988692e+01
   1.8040000e+02  -1.1588421e+02  -3.1188692e+01
   1.8050000e+02  -5.6884211e+01  -2.5548692e+01
   1.8060000e+02  -3.8842105e+00  -6.3668692e+01
   1.8070000e+02  -8.5884211e+01  -3.4388692e+01
   1.8080000e+02   3.5115789e+01  -3.0228692e+01
   1.8090000e+02  -5.9884211e+01   4.2571308e+01
   1.8100000e+02  -4.9884211e+01  -5.1828692e+01
   1.8110000e+02  -1.9884211e+01  -4.2028692e+01
   1.8120000e+02  -6.3884211e+01  -1.7268692e+01
   1.8130000e+02  -7.1884211e+01  -5.5948692e+01
   1.8140000e+02  -1.1088421e+02   6.1130827e-01
   1.8150000e+02   8.8115789e+01  -3.6348692e+01
   1.8160000e+02  -1.6688421e+02  -2.2148692e+01
   1.8170000e+02  -4.9884211e+01  -2.4828692e+01
   1.8180000e+02  -4.5884211e+01   3.4011308e+01
   1.8190000e+02  -1.4488421e+02   1.9971308e+01
   1.8200000e+02  -6.7884211e+01   1.6891308e+01
   1.8210000e+02  -1.0088421e+02  -5.9788692e+01
   1.8220000e+02  -4.2884211e+01  -5.0108692e+01
   1.8230000e+02  -1.0388421e+02   1.1331308e+01
   1.8240000e+02  -1.2888421e+02  -2.4668692e+01
   1.8250000e+02  -8.8884211e+01  -6.6268692e+01
   1.8260000e+02  -9.3884211e+01   2.4931308e+01
   1.8270000e+02  -1.6988421e+02  -3.3028692e+01
   1.8280000e+02  -1.1188421e+02  -1.8348692e+01
   1.8290000e+02  -1.1788421e+02  -3.0108692e+01
   1.8300000e+02  -6.3884211e+01   3.8731308e+01
   1.8310000e+02  -1.0288421e+02  -5.6708692e+01
   1.8320000e+02  -1.4888421e+02  -2.5868692e+01
   1.8330000e+02  -5.5884211e+01  -4.5886917e+00
   1.8340000e+02  -1.3788421e+02  -7.0308692e+01
   1.8350000e+02  -7.0884211e+01  -3.2988692e+01
   1.8360000e+02  -6.3884211e+01  -8.2686917e+00
   1.8370000e+02  -1.1988421e+02  -6.3028692e+01
   1.8380000e+02  -5.8884211e+01  -5.1468692e+01
   1.8390000e+02  -5.6884211e+01   7.0451308e+01
   1.8400000e+02  -3.1884211e+01  -1.9548692e+01
   1.8410000e+02   7.6115789e+01  -5.8868692e+01
   1.8420000e+02  -1.5588421e+02  -6.0588692e+01
   1.8430000e+02  -7.2884211e+01   1.3091308e+01
   1.8440000e+02  -1.6688421e+02  -5.2148692e+01
   1.8450000e+02  -9.4884211e+01  -4.9028692e+01
   1.8460000e+02  -9.5884211e+01  -8.9886917e+00
   1.8470000e+02  -6.6884211e+01  -2.7148692e+01
   1.8480000e+02  -1.2188421e+02   5.0051308e+01
   1.8490000e+02  -8.8884211e+01  -5.9268692e+01
   1.8500000e+02  -1.9088421e+02  -3.0188692e+01
   1.8510000e+02  -4.9884211e+01  -3.9828692e+01
   1.8520000e+02  -1.7088421e+02  -3.9886917e+00
   1.8530000e+02  -1.5788421e+02  -4.7508692e+01
   1.8540000e+02  -6.6884211e+01  -6.2148692e+01
   1.8550000e+02  -6.6884211e+01  -8.0148692e+01
   1.8560000e+02  -1.2288421e+02  -3.5908692e+01
   1.8570000e+02  -9.8842105e+00   2.0571308e+01
   1.8580000e+02  -1.1588421e+02   4.1811308e+01
   1.8590000e+02  -1.4688421e+02  -4.5948692e+01
   1.8600000e+02   6.7115789e+01  -3.4508692e+01
   1.8610000e+02  -6.4884211e+01  -4.2228692e+01
   1.8620000e+02  -1.7888421e+02  -3.8668692e+01
   1.8630000e+02   1.0115789e+01  -2.6228692e+01
   1.8640000e+02  -8.8842105e+00  -2.1468692e+01
   1.8650000e+02  -1.0188421e+02  -7.7486917e+00
   1.8660000e+02  -1.2988421e+02  -4.6628692e+01
   1.8670000e+02  -8.9884211e+01  -3.2228692e+01
   1.8680000e+02  -4.7884211e+01  -4.3908692e+01
   1.8690000e+02   5.1157895e+00  -4.7028692e+01
   1.8700000e+02   8.1157895e+00  -3.8148692e+01
   1.8710000e+02   4.1115789e+01  -6.4686917e+00
   1.8720000e+02  -9.3884211e+01  -3.6068692e+01
   1.8730000e+02  -4.0884211e+01  -1.9188692e+01
   1.8740000e+02  -1.1588421e+02   4.1811308e+01
   1.8750000e+02  -8.3884211e+01  -2.9468692e+01
   1.8760000e+02  -6.9884211e+01  -1.0286917e+00
   1.8770000e+02  -3.0884211e+01  -6.5886917e+00
   1.8780000e+02   6.6115789e+01  -4.5468692e+01
   1.8790000e+02  -1.7884211e+01  -5.9108692e+01
   1.8800000e+02  -2.0884211e+01   3.5011308e+01
   1.8810000e+02  -3.4884211e+01  -2.6428692e+01
   1.8820000e+02  -1.3788421e+02  -5.1308692e+01
   1.8830000e+02  -8.1884211e+01  -2.5486917e+00
   1.8840000e+02  -6.6884211e+01   8.5130827e-01
   1.8850000e+02  -1.1288421e+02  -3.7308692e+01
   1.8860000e+02  -7.7884211e+01  -2.1708692e+01
   1.8870000e+02  -1.4488421e+02   3.0971308e+01
   1.8880000e+02  -9.5884211e+01   8.0113083e+00
   1.8890000e+02  -4.3884211e+01  -4.3068692e+01
   1.8900000e+02  -6.2884211e+01  -1.4308692e+01
   1.8910000e+02  -8.8884211e+01  -1.7268692e+01
   1.8920000e+02  -1.5588421e+02   8.4113083e+00
   1.8930000e+02  -1.0788421e+02  -4.0508692e+01
   1.8940000e+02  -1.1888421e+02  -1.3068692e+01
   1.8950000e+02  -5.3884211e+01  -5.1668692e+01
   1.8960000e+02   2.0115789e+01  -5.7628692e+01
   1.8970000e+02  -7.1884211e+01  -1.7948692e+01
   1.8980000e+02  -1.4088421e+02  -7.1886917e+00
   1.8990000e+02  -6.0884211e+01  -2.0388692e+01
   1.9000000e+02  -8.3884211e+01  -5.7468692e+01
   1.9010000e+02  -7.2884211e+01   2.9091308e+01
   1.9020000e+02  -2.9884211e+01   5.7371308e+01
   1.9030000e+02   8.8115789e+01  -3.5348692e+01
   1.9040000e+02  -1.0988421e+02  -3.3428692e+01
   1.9050000e+02  -2.8842105e+00  -5.7086917e+00
   1.9060000e+02  -8.8421053e-01   5.1211308e+01
   1.9070000e+02  -3.9884211e+01  -2.5228692e+01
   1.9080000e+02   3.5115789e+01  -2.0228692e+01
   1.9090000e+02  -5.1884211e+01   1.2513083e+00
   1.9100000e+02  -1.3788421e+02  -8.3086917e+00
   1.9110000e+02  -1.2188421e+02  -4.7948692e+01
   1.9120000e+02  -1.4488421e+02   8.9713083e+00
   1.9130000e+02  -1.0488421e+02  -5.2628692e+01
   1.9140000e+02  -1.0988421e+02   1.3571308e+01
   1.9150000e+02  -1.1188421e+02  -1.2348692e+01
   1.9160000e+02  -5.1884211e+01  -1.6748692e+01
   1.9170000e+02  -1.3488421e+02  -1.6428692e+01
   1.9180000e+02  -1.8842105e+00   3.5251308e+01
   1.9190000e+02   9.1157895e+00   3.6811308e+01
   1.9200000e+02  -1.0088421e+02  -3.1788692e+01
   1.9210000e+02  -5.8884211e+01  -1.1468692e+01
   1.9220000e+02  -5.6884211e+01  -3.1548692e+01
   1.9230000e+02  -2.2884211e+01  -2.7908692e+01
   1.9240000e+02  -1.1688421e+02  -4.1486917e+00
   1.9250000e+02  -1.1888421e+02   4.5931308e+01
   1.9260000e+02  -8.4884211e+01   6.2571308e+01
   1.9270000e+02  -2.4884211e+01   9.1713083e+00
   1.9280000e+02  -4.9884211e+01   3.4171308e+01
   1.9290000e+02  -3.1884211e+01  -4.9548692e+01
   1.9300000e+02  -4.6884211e+01  -2.1948692e+01
   1.9310000e+02  -4.8884211e+01   1.7131308e+01
   1.9320000e+02   1.7115789e+01   2.7491308e+01
   1.9330000e+02  -1.6884211e+01   4.7851308e+01
   1.9340000e+02  -3.0884211e+01  -2.6588692e+01
   1.9350000e+02   4.1115789e+01  -1.4686917e+00
   1.9360000e+02  -1.6588421e+02  -1.6188692e+01
   1.9370000e+02  -5.0884211e+01   2.9211308e+01
   1.9380000e+02  -1.0884211e+01  -4.2388692e+01
   1.9390000e+02  -6.1884211e+01  -3.3348692e+01
   1.9400000e+02  -1.2488421e+02  -2.1828692e+01
   1.9410000e+02   8.1157895e+00  -2.5148692e+01
   1.9420000e+02  -7.8884211e+01  -2.3668692e+01
   1.9430000e+02  -3.6884211e+01   4.3651308e+01
   1.9440000e+02  -4.6884211e+01   4.8051308e+01
   1.9450000e+02  -9.3884211e+01   3.5931308e+01
   1.9460000e+02  -4.5884211e+01   3.0113083e+00
   1.9470000e+02  -1.8688421e+02   2.5651308e+01
   1.9480000e+02   8.1157895e+00  -1.6148692e+01
   1.9490000e+02  -2.3884211e+01   3.1131308e+01
   1.9500000e+02   8.3115789e+01   6.3851308e+01
   1.9510000e+02  -1.1988421e+02   1.7971308e+01
   1.9520000e+02  -1.0988421e+02  -4.0428692e+01
   1.9530000e+02  -2.4884211e+01  -1.2828692e+01
   1.9540000e+02  -7.2884211e+01  -1.4908692e+01
   1.9550000e+02  -3.2884211e+01  -1.4508692e+01
   1.9560000e+02  -1.3688421e+02   1.0651308e+01
   1.9570000e+02  -9.0884211e+01  -2.1188692e+01
   1.9580000e+02  -2.1884211e+01  -3.7948692e+01
   1.9590000e+02   1.0115789e+01  -1.3228692e+01
   1.9600000e+02  -9.4884211e+01  -3.6028692e+01
   1.9610000e+02  -7.9884211e+01  -1.8628692e+01
   1.9620000e+02  -1.3588421e+02  -2.3886917e+00
   1.9630000e+02  -1.1788421e+02   2.8913083e+00
   1.9640000e+02  -8.5884211e+01  -7.3886917e+00
   1.9650000e+02   5.1157895e+00   7.9713083e+00
   1.9660000e+02  -1.4588421e+02   1.8011308e+01
   1.9670000e+02  -1.1688421e+02  -4.6148692e+01
   1.9680000e+02  -2.7884211e+01  -2.1708692e+01
   1.9690000e+02  -7.8842105e+00   7.4491308e+01
   1.9700000e+02  -3.0884211e+01  -1.7588692e+01
   1.9710000e+02   8.1115789e+01  -6.8068692e+01
   1.9720000e+02  -9.3884211e+01   9.9313083e+00
   1.9730000e+02  -4.5884211e+01   4.9011308e+01
   1.9740000e+02  -4.2884211e+01   1.8913083e+00
   1.9750000e+02  -1.5788421e+02   3.9491308e+01
   1.9760000e+02  -1.3588421e+02  -2.0388692e+01
   1.9770000e+02  -8.1884211e+01   6.8451308e+01
   1.9780000e+02  -1.0788421e+02   4.5491308e+01
   1.9790000e+02  -2.4884211e+01  -4.6828692e+01
   1.9800000e+02   2.1115789e+01   2.5331308e+01
   1.9810000e+02   1.1157895e+00  -7.8686917e+00
   1.9820000e+02  -9.4884211e+01   9.0971308e+01
   1.9830000e+02  -1.0888421e+02  -8.4686917e+00
   1.9840000e+02  -1.1884211e+01  -3.3486917e+00
   1.9850000e+02  -1.1688421e+02  -4.8148692e+01
   1.9860000e+02  -7.5884211e+01  -4.9788692e+01
   1.9870000e+02   3.0115789e+01  -1.5028692e+01
   1.9880000e+02  -1.0188421e+02   1.5325131e+02
   1.9890000e+02  -8.7884211e+01   5.4691308e+01
   1.9900000e+02   2.5115789e+01  -4.4828692e+01
   1.9910000e+02   8.1157895e+00   1.3851308e+01
   1.9920000e+02  -1.5288421e+02   2.0291308e+01
   1.9930000e+02  -9.3884211e+01  -1.1068692e+01
   1.9940000e+02  -1.2188421e+02   9.0513083e+00
   1.9950000e+02   4.7115789e+01  -1.8708692e+01
   1.9960000e+02  -2.2884211e+01  -3.6908692e+01
   1.9970000e+02  -8.4884211e+01  -2.0428692e+01
   1.9980000e+02  -2.8884211e+01   2.0331308e+01
   1.9990000e+02  -1.1884211e+01  -3.9348692e+01
