   0.0000000e+00   1.7370690e+02   1.1655172e+02
   1.0000000e-01   2.2170690e+02   5.9631724e+01
   2.0000000e-01   4.5770690e+02   6.4191724e+01
   3.0000000e-01   4.0770690e+02   1.8219172e+02
   4.0000000e-01   2.9170690e+02   1.6783172e+02
   5.0000000e-01   1.2970690e+02   9.5311724e+01
   6.0000000e-01   2.2770690e+02   8.5391724e+01
   7.0000000e-01   2.2170690e+02   1.6263172e+02
   8.0000000e-01   2.9870690e+02   4.1551724e+01
   9.0000000e-01   2.4570690e+02   5.7671724e+01
   1.0000000e+00   1.8970690e+02   5.0911724e+01
   1.1000000e+00   3.2470690e+02   1.5551172e+02
   1.2000000e+00   2.0370690e+02   1.0435172e+02
   1.3000000e+00   1.6570690e+02   1.3287172e+02
   1.4000000e+00   2.9270690e+02   1.1579172e+02
   1.5000000e+00   1.8170690e+02   2.0323172e+02
   1.6000000e+00   2.1770690e+02   1.0579172e+02
   1.7000000e+00   2.3070690e+02   3.7271724e+01
   1.8000000e+00   2.7670690e+02   9.6431724e+01
   1.9000000e+00   2.3670690e+02   8.5031724e+01
   2.0000000e+00   1.5170690e+02   1.5743172e+02
   2.1000000e+00   1.3570690e+02   1.3207172e+02
   2.2000000e+00   7.9706897e+01   1.2031172e+02
   2.3000000e+00   1.8070690e+02   1.0727172e+02
   2.4000000e+00   1.5270690e+02   1.7739172e+02
   2.5000000e+00   1.5170690e+02   1.9043172e+02
   2.6000000e+00   1.4670690e+02   9.7631724e+01
   2.7000000e+00   1.7470690e+02   8.8511724e+01
   2.8000000e+00   1.1170690e+02   1.1603172e+02
   2.9000000e+00   1.8570690e+02   1.4707172e+02
   3.0000000e+00   4.6706897e+01   6.6631724e+01
   3.1000000e+00   2.1770690e+02   1.3779172e+02
   3.2000000e+00   1.7370690e+02   2.5551724e+01
   3.3000000e+00   2.6170690e+02   1.1703172e+02
   3.4000000e+00   1.0470690e+02   2.7311724e+01
   3.5000000e+00   9.6706897e+01   1.1963172e+02
   3.6000000e+00   1.7370690e+02   1.0155172e+02
   3.7000000e+00   7.2706897e+01   9.9591724e+01
   3.8000000e+00   2.3670690e+02   6.2031724e+01
   3.9000000e+00   1.6270690e+02   1.6799172e+02
   4.0000000e+00   2.5570690e+02   1.3227172e+02
   4.1000000e+00   2.5970690e+02   2.6111724e+01
   4.2000000e+00   1.5870690e+02   5.2151724e+01
   4.3000000e+00   1.8870690e+02   2.0495172e+02
   4.4000000e+00   1.5970690e+02   3.1111724e+01
   4.5000000e+00   1.3770690e+02   1.7499172e+02
   4.6000000e+00   1.1170690e+02   1.2503172e+02
   4.7000000e+00   1.9370690e+02   1.3075172e+02
   4.8000000e+00   1.8770690e+02   1.3099172e+02
   4.9000000e+00   2.9770690e+02   1.0859172e+02
   5.0000000e+00   1.0470690e+02   7.1311724e+01
   5.1000000e+00   2.3970690e+02   4.6911724e+01
   5.2000000e+00   2.4670690e+02   1.3163172e+02
   5.3000000e+00   1.1170690e+02   8.0031724e+01
   5.4000000e+00   2.9670690e+02   1.3763172e+02
   5.5000000e+00   2.3970690e+02   3.4911724e+01
   5.6000000e+00   2.0770690e+02   1.1719172e+02
   5.7000000e+00   6.1706897e+01   1.0803172e+02
   5.8000000e+00   1.1670690e+02   1.2483172e+02
   5.9000000e+00   3.0070690e+02   2.8471724e+01
   6.0000000e+00   1.6370690e+02   1.7295172e+02
   6.1000000e+00   2.2570690e+02   1.2247172e+02
   6.2000000e+00   1.9870690e+02   9.8551724e+01
   6.3000000e+00   2.0670690e+02   4.5231724e+01
   6.4000000e+00   1.7070690e+02   8.5671724e+01
   6.5000000e+00   1.6870690e+02   7.8751724e+01
   6.6000000e+00   1.7670690e+02   7.9431724e+01
   6.7000000e+00   1.4070690e+02   6.9871724e+01
   6.8000000e+00   1.4870690e+02   1.9855172e+02
   6.9000000e+00   2.8770690e+02   1.5099172e+02
   7.0000000e+00   1.6770690e+02   1.3779172e+02
   7.1000000e+00   1.2870690e+02   1.5835172e+02
   7.2000000e+00   2.0470690e+02   1.0631172e+02
   7.3000000e+00   6.8706897e+01   7.4751724e+01
   7.4000000e+00   1.7070690e+02   5.5671724e+01
   7.5000000e+00   7.3706897e+01   1.1055172e+02
   7.6000000e+00   1.6370690e+02   1.9395172e+02
   7.7000000e+00   1.3970690e+02   9.6911724e+01
   7.8000000e+00   4.6706897e+01   6.9631724e+01
   7.9000000e+00   2.3270690e+02   1.8919172e+02
   8.0000000e+00   1.6470690e+02   7.4911724e+01
   8.1000000e+00   2.2870690e+02   5.8351724e+01
   8.2000000e+00   8.8706897e+01   8.3951724e+01
   8.3000000e+00   1.1770690e+02   6.1791724e+01
   8.4000000e+00   1.5270690e+02   1.4039172e+02
   8.5000000e+00   1.9770690e+02   1.3959172e+02
   8.6000000e+00   1.3870690e+02   2.0495172e+02
   8.7000000e+00   2.4470690e+02   9.0711724e+01
   8.8000000e+00   2.1870690e+02   5.7751724e+01
   8.9000000e+00   2.3770690e+02   9.4991724e+01
   9.0000000e+00   2.1570690e+02   6.8871724e+01
   9.1000000e+00   1.8470690e+02   1.0911172e+02
   9.2000000e+00   2.1270690e+02   8.0991724e+01
   9.3000000e+00   2.3870690e+02   8.0951724e+01
   9.4000000e+00   1.7070690e+02   2.1567172e+02
   9.5000000e+00   2.4070690e+02   7.8871724e+01
   9.6000000e+00   1.6370690e+02   3.5951724e+01
   9.7000000e+00   1.3770690e+02   2.0799172e+02
   9.8000000e+00   1.9970690e+02   8.6511724e+01
   9.9000000e+00   1.9870690e+02   1.3055172e+02
   1.0000000e+01   3.9706897e+01   1.3891172e+02
   1.0100000e+01   3.0870690e+02   8.4151724e+01
   1.0200000e+01   3.7770690e+02   6.7391724e+01
   1.0300000e+01   2.5670690e+02   1.2823172e+02
   1.0400000e+01   3.0270690e+02   4.4391724e+01
   1.0500000e+01   2.0070690e+02   6.9471724e+01
   1.0600000e+01   1.6770690e+02   1.3379172e+02
   1.0700000e+01   6.8706897e+01   1.0875172e+02
   1.0800000e+01   2.9070690e+02   5.9871724e+01
   1.0900000e+01   2.1370690e+02   1.0095172e+02
   1.1000000e+01   1.3270690e+02   4.4191724e+01
   1.1100000e+01   1.5970690e+02   1.3711172e+02
   1.1200000e+01   1.3770690e+02   8.2991724e+01
   1.1300000e+01   1.4570690e+02   1.5367172e+02
   1.1400000e+01   2.3970690e+02   7.3911724e+01
   1.1500000e+01   1.8870690e+02   1.3495172e+02
   1.1600000e+01   1.1470690e+02   1.4891172e+02
   1.1700000e+01   7.6706897e+01   2.8431724e+01
   1.1800000e+01   2.2870690e+02   1.2535172e+02
   1.1900000e+01   1.7170690e+02   3.6631724e+01
   1.2000000e+01   2.3970690e+02   1.8791172e+02
   1.2100000e+01   2.0170690e+02   1.4243172e+02
   1.2200000e+01   2.1770690e+02   7.5791724e+01
   1.2300000e+01   2.4970690e+02   1.1951172e+02
   1.2400000e+01   1.5870690e+02   1.4815172e+02
   1.2500000e+01   1.9570690e+02   9.9671724e+01
   1.2600000e+01   1.4970690e+02   1.6351172e+02
   1.2700000e+01   1.9070690e+02   1.6287172e+02
   1.2800000e+01   2.9170690e+02   7.2831724e+01
   1.2900000e+01   1.5970690e+02   1.6111724e+01
   1.3000000e+01   2.1570690e+02   7.6871724e+01
   1.3100000e+01   1.6570690e+02   1.7987172e+02
   1.3200000e+01   1.3170690e+02   4.2231724e+01
   1.3300000e+01   1.0970690e+02   8.2111724e+01
   1.3400000e+01   1.9670690e+02   2.6631724e+01
   1.3500000e+01   1.7970690e+02   1.4531172e+02
   1.3600000e+01   1.5670690e+02   1.3823172e+02
   1.3700000e+01   1.9770690e+02   2.1591724e+01
   1.3800000e+01   1.2570690e+02   5.2471724e+01
   1.3900000e+01   2.6070690e+02   9.5071724e+01
   1.4000000e+01   1.7670690e+02   1.0443172e+02
   1.4100000e+01   1.2570690e+02   1.6147172e+02
   1.4200000e+01   3.5370690e+02   6.6351724e+01
   1.4300000e+01   1.5670690e+02   1.6123172e+02
   1.4400000e+01   1.7670690e+02   7.6431724e+01
   1.4500000e+01   6.4706897e+01   1.3691172e+02
   1.4600000e+01   1.7670690e+02  -8.5682759e+00
   1.4700000e+01   1.4770690e+02   8.4591724e+01
   1.4800000e+01   1.3770690e+02   4.4991724e+01
   1.4900000e+01   1.1170690e+02   9.1031724e+01
   1.5000000e+01   1.8170690e+02   8.4231724e+01
   1.5100000e+01   1.1870690e+02   6.7517241e+00
   1.5200000e+01   2.1570690e+02   1.1287172e+02
   1.5300000e+01   2.9570690e+02   8.8671724e+01
   1.5400000e+01   2.9670690e+02   1.6063172e+02
   1.5500000e+01   1.6870690e+02   7.8751724e+01
   1.5600000e+01   3.0770690e+02   1.6419172e+02
   1.5700000e+01   2.2170690e+02   1.3763172e+02
   1.5800000e+01   1.6270690e+02   9.3991724e+01
   1.5900000e+01   1.7070690e+02   8.0671724e+01
   1.6000000e+01   2.7970690e+02   2.1731172e+02
   1.6100000e+01   9.1706897e+01   1.1583172e+02
   1.6200000e+01   1.8370690e+02   1.2715172e+02
   1.6300000e+01   2.6970690e+02   2.0271172e+02
   1.6400000e+01   2.0170690e+02   5.1431724e+01
   1.6500000e+01   2.1870690e+02   4.5751724e+01
   1.6600000e+01   1.9270690e+02   7.2791724e+01
   1.6700000e+01   2.6370690e+02   5.0951724e+01
   1.6800000e+01   2.6770690e+02   1.3779172e+02
   1.6900000e+01   8.4706897e+01   3.8111724e+01
   1.7000000e+01   4.0270690e+02   7.2391724e+01
   1.7100000e+01   8.3706897e+01   1.1115172e+02
   1.7200000e+01   2.8570690e+02   8.2071724e+01
   1.7300000e+01   2.9170690e+02   1.5283172e+02
   1.7400000e+01   1.2870690e+02   1.4035172e+02
   1.7500000e+01   1.1070690e+02   9.5071724e+01
   1.7600000e+01   3.1170690e+02   4.9031724e+01
   1.7700000e+01   2.9770690e+02   1.0159172e+02
   1.7800000e+01   2.3870690e+02   8.5951724e+01
   1.7900000e+01   1.3970690e+02   7.2911724e+01
   1.8000000e+01  -8.5293103e+01   1.2991172e+02
   1.8100000e+01   1.8970690e+02   5.9911724e+01
   1.8200000e+01   1.6370690e+02   1.0695172e+02
   1.8300000e+01   2.4870690e+02   5.1551724e+01
   1.8400000e+01   1.4970690e+02   4.3511724e+01
   1.8500000e+01   1.1270690e+02   1.6199172e+02
   1.8600000e+01   7.8706897e+01   1.8351724e+01
   1.8700000e+01   4.7068966e+00   9.7311724e+01
   1.8800000e+01   2.0870690e+02   1.3115172e+02
   1.8900000e+01   2.1270690e+02   8.9991724e+01
   1.9000000e+01   1.2770690e+02   9.2391724e+01
   1.9100000e+01   2.8970690e+02   2.3911724e+01
   1.9200000e+01   1.0270690e+02   5.6391724e+01
   1.9300000e+01   1.3170690e+02   1.1723172e+02
   1.9400000e+01   3.2170690e+02   1.0763172e+02
   1.9500000e+01   2.9270690e+02   1.3379172e+02
   1.9600000e+01   2.1870690e+02   6.7751724e+01
   1.9700000e+01   1.7470690e+02   1.1451172e+02
   1.9800000e+01   2.0070690e+02   1.4471724e+01
   1.9900000e+01   2.0670690e+02   1.4723172e+02
   2.0000000e+01   1.7070690e+02   3.5671724e+01
   2.0100000e+01   1.7470690e+02   1.6151172e+02
   2.0200000e+01   1.8870690e+02   3.5951724e+01
   2.0300000e+01   1.2870690e+02   1.4635172e+02
   2.0400000e+01   2.4370690e+02   6.5751724e+01
   2.0500000e+01   5.1706897e+01   1.2443172e+02
   2.0600000e+01   3.0706897e+01   3.3271724e+01
   2.0700000e+01   1.6570690e+02   1.3871724e+01
   2.0800000e+01   1.7570690e+02   1.4847172e+02
   2.0900000e+01   1.4070690e+02   7.2871724e+01
   2.1000000e+01   1.5370690e+02   8.4351724e+01
   2.1100000e+01   3.0170690e+02   1.5043172e+02
   2.1200000e+01   1.7670690e+02   1.1843172e+02
   2.1300000e+01   1.4770690e+02   1.5959172e+02
   2.1400000e+01   2.5670690e+02  -2.7682759e+00
   2.1500000e+01   1.3570690e+02   8.7071724e+01
   2.1600000e+01   1.3570690e+02   7.8071724e+01
   2.1700000e+01   2.6070690e+02   1.1407172e+02
   2.1800000e+01   3.4706897e+01   1.3011172e+02
   2.1900000e+01   6.5706897e+01   5.5871724e+01
   2.2000000e+01   1.8270690e+02   7.6191724e+01
   2.2100000e+01   1.5770690e+02   4.5191724e+01
   2.2200000e+01   8.9706897e+01   1.9291172e+02
   2.2300000e+01   1.0270690e+02   5.7391724e+01
   2.2400000e+01   7.8706897e+01   7.7351724e+01
   2.2500000e+01   3.1706897e+01   1.0623172e+02
   2.2600000e+01   1.7370690e+02   2.2055172e+02
   2.2700000e+01   1.4370690e+02   9.0751724e+01
   2.2800000e+01   1.7570690e+02   8.1471724e+01
   2.2900000e+01   2.3070690e+02   1.5027172e+02
   2.3000000e+01   9.9706897e+01   1.8251172e+02
   2.3100000e+01   4.6070690e+02   7.5071724e+01
   2.3200000e+01   3.7706897e+01   7.3991724e+01
   2.3300000e+01   2.5070690e+02   1.2047172e+02
   2.3400000e+01   2.5670690e+02   3.2231724e+01
   2.3500000e+01   6.4706897e+01   7.4911724e+01
   2.3600000e+01   7.9706897e+01   4.5311724e+01
   2.3700000e+01   1.2870690e+02   7.9351724e+01
   2.3800000e+01   8.9706897e+01   8.9911724e+01
   2.3900000e+01   8.3706897e+01   7.9151724e+01
   2.4000000e+01   2.5770690e+02   6.1191724e+01
   2.4100000e+01   1.6870690e+02   1.5175172e+02
   2.4200000e+01   1.8570690e+02   1.3107172e+02
   2.4300000e+01   2.7370690e+02   5.5172414e-01
   2.4400000e+01   1.8270690e+02   4.6191724e+01
   2.4500000e+01   2.6070690e+02  -1.1928276e+01
   2.4600000e+01   2.2570690e+02   1.4747172e+02
   2.4700000e+01   1.3970690e+02   1.6791172e+02
   2.4800000e+01   2.2870690e+02   9.9351724e+01
   2.4900000e+01   3.5370690e+02   1.1735172e+02
   2.5000000e+01   1.5770690e+02   1.3119172e+02
   2.5100000e+01   2.2170690e+02   3.6631724e+01
   2.5200000e+01   1.8270690e+02   1.4119172e+02
   2.5300000e+01   1.8570690e+02   7.7071724e+01
   2.5400000e+01   2.4870690e+02   6.4551724e+01
   2.5500000e+01   1.4870690e+02   1.5455172e+02
   2.5600000e+01   1.0570690e+02   5.0271724e+01
   2.5700000e+01   2.0970690e+02   1.3011172e+02
   2.5800000e+01   1.2770690e+02   6.9391724e+01
   2.5900000e+01   4.2570690e+02   4.6471724e+01
   2.6000000e+01   8.6706897e+01   2.0903172e+02
   2.6100000e+01   2.4070690e+02   5.4871724e+01
   2.6200000e+01   3.3770690e+02   5.2991724e+01
   2.6300000e+01   1.7170690e+02   1.0563172e+02
   2.6400000e+01   2.5470690e+02   1.2531172e+02
   2.6500000e+01   1.2170690e+02   1.8063172e+02
   2.6600000e+01   2.1270690e+02   1.0799172e+02
   2.6700000e+01   3.6170690e+02   8.9031724e+01
   2.6800000e+01   2.4670690e+02   9.0631724e+01
   2.6900000e+01   1.4370690e+02   1.3775172e+02
   2.7000000e+01   2.4670690e+02   7.7631724e+01
   2.7100000e+01   2.0970690e+02   1.4211172e+02
   2.7200000e+01   8.0706897e+01   1.2927172e+02
   2.7300000e+01   2.0770690e+02   1.0019172e+02
   2.7400000e+01   6.9706897e+01   8.6711724e+01
   2.7500000e+01   3.7170690e+02   1.8963172e+02
   2.7600000e+01   1.8770690e+02   1.8699172e+02
   2.7700000e+01   1.3370690e+02   2.8415172e+02
   2.7800000e+01   2.6170690e+02   8.4031724e+01
   2.7900000e+01   1.8070690e+02   2.0227172e+02
   2.8000000e+01   1.9470690e+02   2.5711724e+01
   2.8100000e+01   2.4170690e+02   7.4831724e+01
   2.8200000e+01   2.1370690e+02   7.8951724e+01
   2.8300000e+01   2.9470690e+02  -3.2882759e+00
   2.8400000e+01   3.3770690e+02   4.9917241e+00
   2.8500000e+01   4.5670690e+02  -2.3768276e+01
   2.8600000e+01   4.9470690e+02   2.9711724e+01
   2.8700000e+01   9.9706897e+01  -3.4882759e+00
   2.8800000e+01   2.1370690e+02   9.9517241e+00
   2.8900000e+01   2.6370690e+02   7.9517241e+00
   2.9000000e+01   3.6570690e+02  -4.8128276e+01
   2.9100000e+01   3.3370690e+02   2.1151724e+01
   2.9200000e+01   2.5470690e+02  -1.2688276e+01
   2.9300000e+01   3.8170690e+02   4.4231724e+01
   2.9400000e+01   2.5370690e+02  -1.1648276e+01
   2.9500000e+01   1.4470690e+02   5.2711724e+01
   2.9600000e+01   4.5770690e+02   8.0191724e+01
   2.9700000e+01   2.3070690e+02   4.2271724e+01
   2.9800000e+01   1.4670690e+02   3.1631724e+01
   2.9900000e+01   3.0970690e+02   6.9111724e+01
   3.0000000e+01   3.2070690e+02   7.9671724e+01
   3.0100000e+01   2.4070690e+02   6.8717241e+00
   3.0200000e+01   2.9470690e+02  -4.0288276e+01
   3.0300000e+01   1.8470690e+02   2.1111724e+01
   3.0400000e+01   3.0070690e+02  -1.6528276e+01
   3.0500000e+01   2.3870690e+02   3.5951724e+01
   3.0600000e+01   3.4170690e+02   8.8317241e+00
   3.0700000e+01   2.6270690e+02   6.3991724e+01
   3.0800000e+01   3.3470690e+02   5.7111724e+01
   3.0900000e+01   4.5170690e+02   1.8431724e+01
   3.1000000e+01   2.3270690e+02  -8.0827586e-01
   3.1100000e+01   4.8870690e+02   3.5951724e+01
   3.1200000e+01   2.1870690e+02  -8.2482759e+00
   3.1300000e+01   5.0170690e+02   8.2431724e+01
   3.1400000e+01   2.5170690e+02  -4.5682759e+00
   3.1500000e+01   2.5170690e+02   1.9431724e+01
   3.1600000e+01   3.3370690e+02   1.7415172e+02
   3.1700000e+01   3.0870690e+02   1.6151724e+01
   3.1800000e+01   2.1070690e+02  -1.9928276e+01
   3.1900000e+01   5.2770690e+02   5.1391724e+01
   3.2000000e+01   2.1770690e+02   6.9791724e+01
   3.2100000e+01   2.5270690e+02   9.9391724e+01
   3.2200000e+01   3.0870690e+02   2.3151724e+01
   3.2300000e+01   2.3470690e+02   1.5111724e+01
   3.2400000e+01   1.8170690e+02   5.6231724e+01
   3.2500000e+01   3.9470690e+02   2.6711724e+01
   3.2600000e+01   2.5670690e+02   4.8231724e+01
   3.2700000e+01   3.2670690e+02   4.3431724e+01
   3.2800000e+01   1.7770690e+02   5.3917241e+00
   3.2900000e+01   1.1570690e+02   9.1871724e+01
   3.3000000e+01   2.1670690e+02   6.6831724e+01
   3.3100000e+01   3.7170690e+02   1.6317241e+00
   3.3200000e+01   3.8570690e+02   4.3071724e+01
   3.3300000e+01   2.9370690e+02  -3.4248276e+01
   3.3400000e+01   2.6470690e+02  -5.0882759e+00
   3.3500000e+01   3.5470690e+02  -3.6882759e+00
   3.3600000e+01   2.3270690e+02  -2.7808276e+01
   3.3700000e+01   3.3970690e+02   3.9911724e+01
   3.3800000e+01   3.0570690e+02  -7.7282759e+00
   3.3900000e+01   1.3970690e+02  -4.0088276e+01
   3.4000000e+01   2.8670690e+02  -1.4968276e+01
   3.4100000e+01   3.3070690e+02  -2.1728276e+01
   3.4200000e+01   2.4270690e+02   6.7917241e+00
   3.4300000e+01   2.4870690e+02  -3.4448276e+01
   3.4400000e+01   2.6770690e+02   2.8791724e+01
   3.4500000e+01   2.6370690e+02  -3.1048276e+01
   3.4600000e+01   1.8570690e+02  -3.3928276e+01
   3.4700000e+01   2.5570690e+02   1.5271724e+01
   3.4800000e+01   3.2170690e+02   1.5631724e+01
   3.4900000e+01   2.6270690e+02  -1.2008276e+01
   3.5000000e+01   2.4870690e+02  -1.6448276e+01
   3.5100000e+01   1.9470690e+02  -2.2288276e+01
   3.5200000e+01   2.1870690e+02   1.6751724e+01
   3.5300000e+01   2.2170690e+02   4.6631724e+01
   3.5400000e+01   1.0270690e+02   3.4391724e+01
   3.5500000e+01   3.2270690e+02  -1.8408276e+01
   3.5600000e+01   3.2570690e+02  -2.1528276e+01
   3.5700000e+01   2.1170690e+02  -1.2968276e+01
   3.5800000e+01   2.7770690e+02  -1.5608276e+01
   3.5900000e+01   3.8170690e+02   3.1231724e+01
   3.6000000e+01   2.9270690e+02  -1.2208276e+01
   3.6100000e+01   3.3570690e+02   1.9071724e+01
   3.6200000e+01   2.4670690e+02  -4.4368276e+01
   3.6300000e+01   4.3770690e+02   4.2991724e+01
   3.6400000e+01   2.8070690e+02   2.2271724e+01
   3.6500000e+01   3.2170690e+02  -2.0368276e+01
   3.6600000e+01   2.4970690e+02   7.5117241e+00
   3.6700000e+01   2.8670690e+02  -9.9682759e+00
   3.6800000e+01   2.5170690e+02   6.6431724e+01
   3.6900000e+01   4.2470690e+02  -2.0488276e+01
   3.7000000e+01   3.4870690e+02   7.8551724e+01
   3.7100000e+01   2.8370690e+02  -1.8482759e+00
   3.7200000e+01   3.7670690e+02   2.6431724e+01
   3.7300000e+01   3.5470690e+02  -2.8688276e+01
   3.7400000e+01   4.2770690e+02   1.0239172e+02
   3.7500000e+01   2.4970690e+02   3.6511724e+01
   3.7600000e+01   3.2970690e+02   2.5311724e+01
   3.7700000e+01   5.2270690e+02  -2.8408276e+01
   3.7800000e+01   2.8670690e+02   8.2031724e+01
   3.7900000e+01   4.4270690e+02   1.6791724e+01
   3.8000000e+01   2.3870690e+02  -4.8275862e-02
   3.8100000e+01   1.4470690e+02  -4.2882759e+00
   3.8200000e+01   1.9270690e+02   3.1791724e+01
   3.8300000e+01   2.4570690e+02   8.8671724e+01
   3.8400000e+01   4.5370690e+02   2.9351724e+01
   3.8500000e+01   4.7770690e+02  -2.6082759e+00
   3.8600000e+01   3.7770690e+02   4.4391724e+01
   3.8700000e+01   3.7270690e+02   4.0591724e+01
   3.8800000e+01   2.1370690e+02   1.3951724e+01
   3.8900000e+01   1.5170690e+02  -2.4568276e+01
   3.9000000e+01   2.8870690e+02  -4.1048276e+01
   3.9100000e+01   4.1070690e+02   2.8071724e+01
   3.9200000e+01   3.1070690e+02   3.8071724e+01
   3.9300000e+01   3.2770690e+02  -2.2608276e+01
   3.9400000e+01   1.8870690e+02   4.0951724e+01
   3.9500000e+01   3.2570690e+02  -2.2528276e+01
   3.9600000e+01   4.2370690e+02   2.7551724e+01
   3.9700000e+01   3.7370690e+02  -6.4482759e+00
   3.9800000e+01   2.4070690e+02   8.8717241e+00
   3.9900000e+01   3.0670690e+02   6.8231724e+01
   4.0000000e+01   2.6470690e+02  -8.0882759e+00
   4.0100000e+01   3.1770690e+02  -3.6208276e+01
   4.0200000e+01   2.6870690e+02   3.8751724e+01
   4.0300000e+01   3.7670690e+02  -3.1568276e+01
   4.0400000e+01   4.2170690e+02   3.3631724e+01
   4.0500000e+01   1.8970690e+02   2.9117241e+00
   4.0600000e+01   2.7270690e+02   5.8591724e+01
   4.0700000e+01   3.2570690e+02   5.2471724e+01
   4.0800000e+01   3.5770690e+02   9.2191724e+01
   4.0900000e+01   4.5370690e+02   3.1351724e+01
   4.1000000e+01   2.1970690e+02   6.0711724e+01
   4.1100000e+01   2.6670690e+02   5.9831724e+01
   4.1200000e+01   2.0670690e+02   3.0231724e+01
   4.1300000e+01   3.6970690e+02   3.7711724e+01
   4.1400000e+01   4.1070690e+02   2.1071724e+01
   4.1500000e+01   3.2870690e+02   6.7351724e+01
   4.1600000e+01   3.0370690e+02   5.9351724e+01
   4.1700000e+01   3.1670690e+02   6.5831724e+01
   4.1800000e+01   3.7570690e+02   2.4471724e+01
   4.1900000e+01   1.8670690e+02   5.2031724e+01
   4.2000000e+01   3.4270690e+02   4.9791724e+01
   4.2100000e+01   3.0070690e+02  -4.5282759e+00
   4.2200000e+01   5.3070690e+02   1.3271724e+01
   4.2300000e+01   4.7270690e+02   3.7591724e+01
   4.2400000e+01   1.4970690e+02   5.3511724e+01
   4.2500000e+01   1.4270690e+02   3.2791724e+01
   4.2600000e+01   3.1570690e+02   1.1871724e+01
   4.2700000e+01   3.2470690e+02   2.0511724e+01
   4.2800000e+01   3.3770690e+02   7.9917241e+00
   4.2900000e+01   4.0570690e+02   1.9271724e+01
   4.3000000e+01   2.5970690e+02   2.3111724e+01
   4.3100000e+01   2.7870690e+02  -1.0648276e+01
   4.3200000e+01   3.5070690e+02  -5.2827586e-01
   4.3300000e+01   2.2870690e+02  -1.1648276e+01
   4.3400000e+01   2.6870690e+02  -2.4827586e-01
   4.3500000e+01   2.5770690e+02   1.1191724e+01
   4.3600000e+01   3.2970690e+02   4.1311724e+01
   4.3700000e+01   3.5670690e+02   1.9231724e+01
   4.3800000e+01   3.2470690e+02   1.2511724e+01
   4.3900000e+01   2.2370690e+02   4.3551724e+01
   4.4000000e+01   2.6670690e+02   3.9831724e+01
   4.4100000e+01   3.4570690e+02   3.4671724e+01
   4.4200000e+01   2.5170690e+02   4.3431724e+01
   4.4300000e+01   2.5670690e+02   2.7231724e+01
   4.4400000e+01   2.3770690e+02  -2.2008276e+01
   4.4500000e+01   1.6070690e+02   7.1724138e-02
   4.4600000e+01   3.5970690e+02   6.6111724e+01
   4.4700000e+01   2.3170690e+02   4.1231724e+01
   4.4800000e+01   1.8870690e+02  -6.0482759e+00
   4.4900000e+01   2.5070690e+02  -1.1528276e+01
   4.5000000e+01   3.3570690e+02   1.1071724e+01
   4.5100000e+01   2.1970690e+02   1.3711724e+01
   4.5200000e+01   1.4870690e+02   3.0551724e+01
   4.5300000e+01   2.0070690e+02   5.4471724e+01
   4.5400000e+01   2.6270690e+02  -1.9008276e+01
   4.5500000e+01   3.7270690e+02   3.8591724e+01
   4.5600000e+01   3.2870690e+02  -6.6482759e+00
   4.5700000e+01   3.2370690e+02   7.6551724e+01
   4.5800000e+01   2.0970690e+02   9.2111724e+01
   4.5900000e+01   2.8670690e+02   2.3031724e+01
   4.6000000e+01   3.0370690e+02   4.3517241e+00
   4.6100000e+01   3.0770690e+02  -2.0808276e+01
   4.6200000e+01   3.1070690e+02   8.8071724e+01
   4.6300000e+01   1.3570690e+02  -3.1928276e+01
   4.6400000e+01   3.4770690e+02   7.5917241e+00
   4.6500000e+01   3.1970690e+02  -6.2882759e+00
   4.6600000e+01   2.5370690e+02  -1.8648276e+01
   4.6700000e+01   3.0670690e+02   9.2317241e+00
   4.6800000e+01   2.8870690e+02  -2.7048276e+01
   4.6900000e+01   3.1970690e+02   2.9711724e+01
   4.7000000e+01   3.6870690e+02   2.5751724e+01
   4.7100000e+01   2.1970690e+02   4.3711724e+01
   4.7200000e+01   2.3270690e+02   1.4191724e+01
   4.7300000e+01   3.4370690e+02   1.1751724e+01
   4.7400000e+01   4.3370690e+02  -1.6848276e+01
   4.7500000e+01   2.7870690e+02   1.3035172e+02
   4.7600000e+01   4.1870690e+02   5.7751724e+01
   4.7700000e+01   2.2370690e+02   6.1551724e+01
   4.7800000e+01   3.0370690e+02  -4.4648276e+01
   4.7900000e+01   3.7070690e+02  -2.8328276e+01
   4.8000000e+01   4.1870690e+02  -4.0248276e+01
   4.8100000e+01   2.0670690e+02   1.9231724e+01
   4.8200000e+01   3.8170690e+02  -3.0768276e+01
   4.8300000e+01   3.4170690e+02   1.8831724e+01
   4.8400000e+01   1.9570690e+02   1.6717241e+00
   4.8500000e+01   3.1870690e+02   7.7517241e+00
   4.8600000e+01   2.8470690e+02  -2.3888276e+01
   4.8700000e+01   3.0370690e+02  -6.6482759e+00
   4.8800000e+01   1.9170690e+02  -2.3168276e+01
   4.8900000e+01   4.1970690e+02   1.4711724e+01
   4.9000000e+01   3.2870690e+02  -1.6482759e+00
   4.9100000e+01   1.7970690e+02  -2.9688276e+01
   4.9200000e+01   2.3570690e+02   3.8071724e+01
   4.9300000e+01   2.6670690e+02   1.4831724e+01
   4.9400000e+01   2.8770690e+02  -4.5008276e+01
   4.9500000e+01   2.7770690e+02  -3.3608276e+01
   4.9600000e+01   3.5470690e+02   1.2311724e+01
   4.9700000e+01   4.5570690e+02  -4.3728276e+01
   4.9800000e+01   3.4270690e+02   7.0791724e+01
   4.9900000e+01   4.0670690e+02   8.2317241e+00
   5.0000000e+01   4.3370690e+02   6.0151724e+01
   5.0100000e+01   3.9970690e+02   5.1172414e-01
   5.0200000e+01   3.4170690e+02  -4.5168276e+01
   5.0300000e+01   2.5070690e+02   4.9471724e+01
   5.0400000e+01   2.8270690e+02  -2.1808276e+01
   5.0500000e+01   2.9170690e+02  -5.2168276e+01
   5.0600000e+01   3.3870690e+02  -1.5048276e+01
   5.0700000e+01   2.6670690e+02   5.3831724e+01
   5.0800000e+01   3.9370690e+02   7.5172414e-01
   5.0900000e+01   2.4270690e+02  -1.9208276e+01
   5.1000000e+01   4.6070690e+02   7.5071724e+01
   5.1100000e+01   1.7770690e+02  -5.6082759e+00
   5.1200000e+01   4.0870690e+02  -2.4848276e+01
   5.1300000e+01   3.0870690e+02  -3.0848276e+01
   5.1400000e+01   3.5670690e+02   3.1231724e+01
   5.1500000e+01   1.6170690e+02  -2.6968276e+01
   5.1600000e+01   3.8370690e+02   3.5151724e+01
   5.1700000e+01   2.7170690e+02  -1.6368276e+01
   5.1800000e+01   4.4570690e+02  -6.1328276e+01
   5.1900000e+01   3.9270690e+02   1.3791724e+01
   5.2000000e+01   2.8570690e+02   4.4071724e+01
   5.2100000e+01   2.8170690e+02   2.8231724e+01
   5.2200000e+01   3.9270690e+02   2.9791724e+01
   5.2300000e+01   3.8270690e+02   1.0191724e+01
   5.2400000e+01   3.8270690e+02   1.5191724e+01
   5.2500000e+01   2.6170690e+02  -2.8968276e+01
   5.2600000e+01   4.0570690e+02   1.8271724e+01
   5.2700000e+01   2.7170690e+02   6.3172414e-01
   5.2800000e+01   3.3870690e+02   5.7951724e+01
   5.2900000e+01   9.0706897e+01  -1.4128276e+01
   5.3000000e+01   3.8670690e+02  -2.9968276e+01
   5.3100000e+01   1.6770690e+02  -2.0827586e-01
   5.3200000e+01   2.8370690e+02   5.1517241e+00
   5.3300000e+01   4.1770690e+02  -3.0208276e+01
   5.3400000e+01   3.6170690e+02  -1.1968276e+01
   5.3500000e+01   3.7370690e+02  -4.9448276e+01
   5.3600000e+01   3.0170690e+02   1.4431724e+01
   5.3700000e+01   2.9170690e+02  -1.9168276e+01
   5.3800000e+01   3.2970690e+02   4.1311724e+01
   5.3900000e+01   2.7570690e+02  -2.9528276e+01
   5.4000000e+01   3.8170690e+02   4.6231724e+01
   5.4100000e+01   3.2470690e+02  -3.8488276e+01
   5.4200000e+01   2.2770690e+02   2.4391724e+01
   5.4300000e+01   4.0670690e+02  -1.6768276e+01
   5.4400000e+01   2.9970690e+02   1.5117241e+00
   5.4500000e+01   3.3370690e+02   1.1517241e+00
   5.4600000e+01   1.5770690e+02   1.8191724e+01
   5.4700000e+01   2.9370690e+02   1.7751724e+01
   5.4800000e+01   4.3270690e+02  -1.4808276e+01
   5.4900000e+01   3.4270690e+02  -2.1208276e+01
   5.5000000e+01   3.5470690e+02   4.1311724e+01
   5.5100000e+01   3.2470690e+02   4.2511724e+01
   5.5200000e+01   3.8870690e+02  -5.0482759e+00
   5.5300000e+01   2.9770690e+02   9.5917241e+00
   5.5400000e+01   3.7970690e+02   3.4311724e+01
   5.5500000e+01   2.4270690e+02   1.2791724e+01
   5.5600000e+01   2.4870690e+02  -1.1448276e+01
   5.5700000e+01   2.7870690e+02  -1.8648276e+01
   5.5800000e+01   4.4670690e+02  -1.7368276e+01
   5.5900000e+01   2.2170690e+02   5.1631724e+01
   5.6000000e+01   2.0470690e+02   4.5311724e+01
   5.6100000e+01   2.4870690e+02   4.7551724e+01
   5.6200000e+01   4.6170690e+02   1.1031724e+01
   5.6300000e+01   3.9070690e+02   9.8717241e+00
   5.6400000e+01   3.5470690e+02   4.0311724e+01
   5.6500000e+01   3.7570690e+02  -1.5528276e+01
   5.6600000e+01   2.4670690e+02   5.2631724e+01
   5.6700000e+01   3.3870690e+02   4.9517241e+00
   5.6800000e+01   3.7870690e+02   1.3351724e+01
   5.6900000e+01   4.2770690e+02   9.3917241e+00
   5.7000000e+01   3.2770690e+02   1.0391724e+01
   5.7100000e+01   3.1170690e+02   3.2031724e+01
   5.7200000e+01   3.4470690e+02   2.7117241e+00
   5.7300000e+01   3.3570690e+02  -3.0928276e+01
   5.7400000e+01   4.5370690e+02  -2.6482759e+00
   5.7500000e+01   2.9970690e+02   5.1172414e-01
   5.7600000e+01   2.7270690e+02   4.2591724e+01
   5.7700000e+01   2.0270690e+02   2.9391724e+01
   5.7800000e+01   3.3670690e+02  -2.5968276e+01
   5.7900000e+01   3.0770690e+02  -1.8808276e+01
   5.8000000e+01   1.8770690e+02   7.9917241e+00
   5.8100000e+01   2.7470690e+02   5.2511724e+01
   5.8200000e+01   3.3670690e+02  -2.2968276e+01
   5.8300000e+01   2.9270690e+02  -5.4208276e+01
   5.8400000e+01   2.0170690e+02   2.1431724e+01
   5.8500000e+01   2.4370690e+02   5.0751724e+01
   5.8600000e+01   3.9870690e+02   1.4551724e+01
   5.8700000e+01   1.3170690e+02   2.1231724e+01
   5.8800000e+01   5.5470690e+02   1.1311724e+01
   5.8900000e+01   3.9970690e+02   4.7511724e+01
   5.9000000e+01   3.2770690e+02   1.6391724e+01
   5.9100000e+01   3.2470690e+02   3.8511724e+01
   5.9200000e+01   3.3870690e+02   4.2951724e+01
   5.9300000e+01   4.7570690e+02   7.4717241e+00
   5.9400000e+01   2.1970690e+02   2.1711724e+01
   5.9500000e+01   2.9070690e+02  -3.5128276e+01
   5.9600000e+01   4.6670690e+02  -2.1682759e+00
   5.9700000e+01   3.7770690e+02  -2.7608276e+01
   5.9800000e+01   1.6770690e+02   2.7917241e+00
   5.9900000e+01   3.7070690e+02  -3.6328276e+01
   6.0000000e+01   3.4070690e+02  -1.3128276e+01
   6.0100000e+01   2.8970690e+02   8.5911724e+01
   6.0200000e+01   2.2270690e+02   1.2591724e+01
   6.0300000e+01   2.6670690e+02  -1.6827586e-01
   6.0400000e+01   1.6770690e+02   1.4791724e+01
   6.0500000e+01   2.8470690e+02  -1.8882759e+00
   6.0600000e+01   2.0270690e+02   2.9391724e+01
   6.0700000e+01   1.8970690e+02   1.2911724e+01
   6.0800000e+01   2.1270690e+02  -2.8008276e+01
   6.0900000e+01   1.8370690e+02   1.5172414e-01
   6.1000000e+01   2.5270690e+02   1.0391724e+01
   6.1100000e+01   3.0970690e+02   3.8111724e+01
   6.1200000e+01   1.3570690e+02  -5.9282759e+00
   6.1300000e+01   1.3470690e+02   3.8111724e+01
   6.1400000e+01   2.4570690e+02  -4.3282759e+00
   6.1500000e+01   3.4270690e+02   6.6791724e+01
   6.1600000e+01   3.3970690e+02  -5.8088276e+01
   6.1700000e+01   3.4570690e+02  -3.9328276e+01
   6.1800000e+01   1.3870690e+02   5.0951724e+01
   6.1900000e+01   3.7870690e+02  -6.4827586e-01
   6.2000000e+01   3.3870690e+02  -4.1048276e+01
   6.2100000e+01   2.2670690e+02  -4.6568276e+01
   6.2200000e+01   3.3770690e+02   2.6991724e+01
   6.2300000e+01   2.2370690e+02   3.5551724e+01
   6.2400000e+01   2.8870690e+02   5.8951724e+01
   6.2500000e+01   2.4870690e+02  -5.7448276e+01
   6.2600000e+01   3.9670690e+02  -4.7368276e+01
   6.2700000e+01   2.8570690e+02  -2.1928276e+01
   6.2800000e+01   2.9470690e+02   3.6711724e+01
   6.2900000e+01   3.3970690e+02   1.9117241e+00
   6.3000000e+01   1.9670690e+02  -5.3368276e+01
   6.3100000e+01   1.8470690e+02  -3.7888276e+01
   6.3200000e+01   2.1370690e+02   3.3951724e+01
   6.3300000e+01   3.6870690e+02  -8.5248276e+01
   6.3400000e+01   3.1170690e+02   8.0317241e+00
   6.3500000e+01   2.1070690e+02   2.3071724e+01
   6.3600000e+01   3.0070690e+02   8.1471724e+01
   6.3700000e+01   3.1570690e+02   2.8717241e+00
   6.3800000e+01   2.7070690e+02   7.5671724e+01
   6.3900000e+01   1.7470690e+02  -4.8827586e-01
   6.4000000e+01   2.9870690e+02   3.5517241e+00
   6.4100000e+01   2.7870690e+02  -2.3648276e+01
   6.4200000e+01   2.4370690e+02  -2.1248276e+01
   6.4300000e+01   2.2970690e+02   1.9331172e+02
   6.4400000e+01   2.7970690e+02   6.5311724e+01
   6.4500000e+01   3.9970690e+02   5.4511724e+01
   6.4600000e+01   2.4770690e+02  -6.4082759e+00
   6.4700000e+01   3.0570690e+02  -2.7728276e+01
   6.4800000e+01   2.5370690e+02   2.3517241e+00
   6.4900000e+01   2.0970690e+02   6.9111724e+01
   6.5000000e+01   2.3070690e+02   4.7271724e+01
   6.5100000e+01   4.2170690e+02   5.1631724e+01
   6.5200000e+01   2.9070690e+02  -1.5128276e+01
   6.5300000e+01   2.2470690e+02  -6.4882759e+00
   6.5400000e+01   2.1670690e+02   4.0831724e+01
   6.5500000e+01   3.3970690e+02  -4.8088276e+01
   6.5600000e+01   4.0670690e+02  -1.7682759e+00
   6.5700000e+01   3.3970690e+02   4.2911724e+01
   6.5800000e+01   2.9270690e+02   9.7917241e+00
   6.5900000e+01   1.4970690e+02  -3.4882759e+00
   6.6000000e+01   2.5570690e+02  -1.6728276e+01
   6.6100000e+01   3.8570690e+02  -6.9282759e+00
   6.6200000e+01   1.5170690e+02   1.7431724e+01
   6.6300000e+01   2.7770690e+02   4.2391724e+01
   6.6400000e+01   3.1370690e+02   3.2951724e+01
   6.6500000e+01   2.1570690e+02  -4.1128276e+01
   6.6600000e+01   1.9770690e+02  -1.0408276e+01
   6.6700000e+01   3.0170690e+02  -1.5682759e+00
   6.6800000e+01   2.6370690e+02  -9.0482759e+00
   6.6900000e+01   5.0870690e+02  -6.0848276e+01
   6.7000000e+01   3.7470690e+02   5.5117241e+00
   6.7100000e+01   4.3170690e+02  -5.9768276e+01
   6.7200000e+01   2.9070690e+02  -1.2128276e+01
   6.7300000e+01   3.1670690e+02   1.9831724e+01
   6.7400000e+01   2.5670690e+02  -1.9768276e+01
   6.7500000e+01   2.4470690e+02  -9.2882759e+00
   6.7600000e+01   2.1270690e+02   1.9991724e+01
   6.7700000e+01   2.9470690e+02   1.6711724e+01
   6.7800000e+01   2.8670690e+02  -4.9682759e+00
   6.7900000e+01   4.6970690e+02  -2.7288276e+01
   6.8000000e+01   1.8270690e+02   3.9191724e+01
   6.8100000e+01   2.3870690e+02  -3.9048276e+01
   6.8200000e+01   6.7706897e+01  -6.5208276e+01
   6.8300000e+01   3.6706897e+01   7.3031724e+01
   6.8400000e+01  -1.4293103e+01  -9.2827586e-01
   6.8500000e+01   3.6706897e+01   3.8031724e+01
   6.8600000e+01   6.0706897e+01  -4.0928276e+01
   6.8700000e+01   1.3706897e+01  -4.9048276e+01
   6.8800000e+01   1.1706897e+01  -2.4968276e+01
   6.8900000e+01  -2.0293103e+01   2.0311724e+01
   6.9000000e+01  -2.4293103e+01   2.3471724e+01
   6.9100000e+01  -4.2931034e+00   5.8671724e+01
   6.9200000e+01   3.6706897e+01   4.7031724e+01
   6.9300000e+01  -2.3293103e+01  -2.7568276e+01
   6.9400000e+01   4.5706897e+01  -4.3282759e+00
   6.9500000e+01   3.4706897e+01   1.1172414e-01
   6.9600000e+01  -6.0293103e+01  -5.2088276e+01
   6.9700000e+01  -4.1293103e+01   3.1151724e+01
   6.9800000e+01   1.0070690e+02   5.0471724e+01
   6.9900000e+01   7.7706897e+01   5.8391724e+01
   7.0000000e+01   1.7068966e+00  -1.5568276e+01
   7.0100000e+01   2.6706897e+01   2.4431724e+01
   7.0200000e+01   2.6706897e+01   2.5431724e+01
   7.0300000e+01   1.3706897e+01  -6.4048276e+01
   7.0400000e+01  -9.6293103e+01  -3.8648276e+01
   7.0500000e+01  -3.5293103e+01   5.9117241e+00
   7.0600000e+01   2.1706897e+01   3.9631724e+01
   7.0700000e+01   1.4706897e+01  -1.6088276e+01
   7.0800000e+01  -3.1293103e+01   1.1775172e+02
   7.0900000e+01  -5.7293103e+01  -1.2208276e+01
   7.1000000e+01  -6.3293103e+01   4.0317241e+00
   7.1100000e+01  -1.7293103e+01  -3.0808276e+01
   7.1200000e+01  -5.3293103e+01  -1.3682759e+00
   7.1300000e+01   4.4706897e+01   5.2711724e+01
   7.1400000e+01  -4.4293103e+01   5.2271724e+01
   7.1500000e+01  -8.9293103e+01   8.0717241e+00
   7.1600000e+01  -6.9293103e+01   1.2717241e+00
   7.1700000e+01   1.4670690e+02   7.6317241e+00
   7.1800000e+01   1.0270690e+02  -4.7608276e+01
   7.1900000e+01   6.8706897e+01  -8.2482759e+00
   7.2000000e+01  -3.2293103e+01  -2.0208276e+01
   7.2100000e+01  -1.2931034e+00  -5.4482759e+00
   7.2200000e+01   4.6706897e+01  -3.2368276e+01
   7.2300000e+01  -1.8293103e+01  -4.7682759e+00
   7.2400000e+01   6.7068966e+00   2.3231724e+01
   7.2500000e+01  -7.3293103e+01  -1.0568276e+01
   7.2600000e+01   1.1706897e+01  -1.0968276e+01
   7.2700000e+01   1.9706897e+01   9.3711724e+01
   7.2800000e+01  -4.0293103e+01   4.0111724e+01
   7.2900000e+01  -1.0829310e+02   1.5831724e+01
   7.3000000e+01   5.0706897e+01  -1.4528276e+01
   7.3100000e+01  -5.3293103e+01   4.7631724e+01
   7.3200000e+01   2.5706897e+01  -1.5282759e+00
   7.3300000e+01   8.7068966e+00  -3.7848276e+01
   7.3400000e+01   4.4706897e+01   1.3711724e+01
   7.3500000e+01   6.7068966e+00   1.6231724e+01
   7.3600000e+01   3.0706897e+01   4.0271724e+01
   7.3700000e+01   1.0070690e+02  -6.5282759e+00
   7.3800000e+01   2.4706897e+01   4.5117241e+00
   7.3900000e+01  -1.1029310e+02  -4.5088276e+01
   7.4000000e+01  -1.2931034e+00  -4.1448276e+01
   7.4100000e+01   3.7706897e+01  -4.8008276e+01
   7.4200000e+01  -7.7293103e+01  -3.0408276e+01
   7.4300000e+01  -1.2293103e+01   8.5991724e+01
   7.4400000e+01  -8.5293103e+01   6.0911724e+01
   7.4500000e+01  -6.2293103e+01   4.9917241e+00
   7.4600000e+01   7.1706897e+01   1.2631724e+01
   7.4700000e+01   1.7706897e+01  -3.2208276e+01
   7.4800000e+01   2.7068966e+00  -3.5608276e+01
   7.4900000e+01   1.5706897e+01   1.5871724e+01
   7.5000000e+01   6.7068966e+00  -2.7768276e+01
   7.5100000e+01  -4.0293103e+01   2.0111724e+01
   7.5200000e+01   1.2470690e+02   2.4511724e+01
   7.5300000e+01  -2.6293103e+01  -9.4482759e+00
   7.5400000e+01  -6.2293103e+01   5.9991724e+01
   7.5500000e+01  -3.5293103e+01  -1.2088276e+01
   7.5600000e+01   3.3706897e+01   3.8151724e+01
   7.5700000e+01  -7.6293103e+01   1.1255172e+02
   7.5800000e+01  -3.7293103e+01   1.1991724e+01
   7.5900000e+01   5.5706897e+01   9.2717241e+00
   7.6000000e+01   6.8706897e+01   4.0751724e+01
   7.6100000e+01   6.6706897e+01   2.4831724e+01
   7.6200000e+01  -6.7293103e+01   5.1191724e+01
   7.6300000e+01  -7.2931034e+00   2.5791724e+01
   7.6400000e+01  -3.6293103e+01   9.5172414e-01
   7.6500000e+01   1.8706897e+01  -2.3248276e+01
   7.6600000e+01   3.7068966e+00   1.1351724e+01
   7.6700000e+01   1.6706897e+01   4.2831724e+01
   7.6800000e+01   4.9706897e+01   4.7511724e+01
   7.6900000e+01   4.1706897e+01  -2.0168276e+01
   7.7000000e+01  -4.0293103e+01  -2.6888276e+01
   7.7100000e+01  -1.9293103e+01   3.2271724e+01
   7.7200000e+01   5.2706897e+01   9.0391724e+01
   7.7300000e+01  -8.2931034e+00   7.8317241e+00
   7.7400000e+01   2.5706897e+01   4.9471724e+01
   7.7500000e+01   4.5706897e+01   7.6717241e+00
   7.7600000e+01   5.2706897e+01  -3.7608276e+01
   7.7700000e+01  -9.2293103e+01  -2.4808276e+01
   7.7800000e+01   3.0706897e+01   5.8271724e+01
   7.7900000e+01  -7.3293103e+01  -1.2568276e+01
   7.8000000e+01   4.0706897e+01  -5.6128276e+01
   7.8100000e+01   3.3706897e+01  -1.7848276e+01
   7.8200000e+01  -4.7293103e+01  -3.7608276e+01
   7.8300000e+01  -2.6293103e+01  -1.5448276e+01
   7.8400000e+01   9.7706897e+01   7.3591724e+01
   7.8500000e+01  -1.7293103e+01  -5.3808276e+01
   7.8600000e+01  -2.9293103e+01   4.2671724e+01
   7.8700000e+01   1.3370690e+02   2.0151724e+01
   7.8800000e+01  -3.5293103e+01  -4.8088276e+01
   7.8900000e+01   3.0706897e+01  -4.2728276e+01
   7.9000000e+01  -2.9310345e-01   3.1511724e+01
   7.9100000e+01  -6.2931034e+00  -1.2482759e+00
   7.9200000e+01   5.1706897e+01   1.7431724e+01
   7.9300000e+01  -5.2931034e+00  -1.6288276e+01
   7.9400000e+01   4.4706897e+01   3.7117241e+00
   7.9500000e+01   1.3370690e+02  -2.7848276e+01
   7.9600000e+01   6.0706897e+01   5.8071724e+01
   7.9700000e+01   2.8706897e+01   9.4351724e+01
   7.9800000e+01  -6.0293103e+01   5.4911724e+01
   7.9900000e+01   3.9706897e+01  -2.1088276e+01
   8.0000000e+01   4.3706897e+01   2.1751724e+01
   8.0100000e+01   9.3706897e+01   4.4751724e+01
   8.0200000e+01   1.0706897e+01   3.1071724e+01
   8.0300000e+01   8.7068966e+00  -7.6848276e+01
   8.0400000e+01  -2.2931034e+00   2.2591724e+01
   8.0500000e+01   7.0689655e-01   4.0471724e+01
   8.0600000e+01   1.7706897e+01  -1.7208276e+01
   8.0700000e+01  -2.7293103e+01   2.6591724e+01
   8.0800000e+01  -4.5293103e+01   2.3117241e+00
   8.0900000e+01   7.0706897e+01  -1.4328276e+01
   8.1000000e+01   3.1706897e+01   1.5231724e+01
   8.1100000e+01   2.0706897e+01   6.6717241e+00
   8.1200000e+01   1.2570690e+02   1.0471724e+01
   8.1300000e+01   4.8706897e+01   1.5517241e+00
   8.1400000e+01   5.1706897e+01   7.2431724e+01
   8.1500000e+01   7.1706897e+01   2.5631724e+01
   8.1600000e+01  -5.6293103e+01   1.9751724e+01
   8.1700000e+01   3.7068966e+00  -1.7648276e+01
   8.1800000e+01  -4.0293103e+01   3.1117241e+00
   8.1900000e+01  -5.9293103e+01  -2.4128276e+01
   8.2000000e+01   2.0706897e+01  -4.4328276e+01
   8.2100000e+01   5.7068966e+00  -4.0728276e+01
   8.2200000e+01   1.0706897e+01   1.4071724e+01
   8.2300000e+01   6.5706897e+01   1.0871724e+01
   8.2400000e+01  -9.3293103e+01  -2.8768276e+01
   8.2500000e+01  -8.2931034e+00  -2.2168276e+01
   8.2600000e+01  -4.2931034e+00  -4.0328276e+01
   8.2700000e+01  -8.7293103e+01   2.9917241e+00
   8.2800000e+01  -5.3293103e+01   8.6317241e+00
   8.2900000e+01  -3.3293103e+01  -9.1682759e+00
   8.3000000e+01   1.4706897e+01   7.9117241e+00
   8.3100000e+01  -2.2931034e+00  -3.5408276e+01
   8.3200000e+01   1.0270690e+02  -2.0608276e+01
   8.3300000e+01  -4.6293103e+01  -1.6648276e+01
   8.3400000e+01   2.6706897e+01  -9.5682759e+00
   8.3500000e+01  -1.0429310e+02   2.3671724e+01
   8.3600000e+01  -8.1293103e+01   3.6751724e+01
   8.3700000e+01   5.1706897e+01  -3.5682759e+00
   8.3800000e+01   2.0706897e+01   1.2671724e+01
   8.3900000e+01   9.8706897e+01  -3.0448276e+01
   8.4000000e+01  -8.0293103e+01   2.3711724e+01
   8.4100000e+01  -1.4293103e+01  -4.1928276e+01
   8.4200000e+01  -5.3293103e+01  -3.3682759e+00
   8.4300000e+01   5.4706897e+01  -5.6688276e+01
   8.4400000e+01  -2.4293103e+01   2.8471724e+01
   8.4500000e+01  -3.8293103e+01  -2.9968276e+01
   8.4600000e+01  -1.5293103e+01  -5.2888276e+01
   8.4700000e+01   6.3706897e+01  -1.5048276e+01
   8.4800000e+01  -2.2931034e+00  -4.0408276e+01
   8.4900000e+01  -1.7293103e+01   2.6191724e+01
   8.5000000e+01   7.5706897e+01   3.0471724e+01
   8.5100000e+01  -5.7293103e+01   2.7791724e+01
   8.5200000e+01  -1.3293103e+01   1.6031724e+01
   8.5300000e+01   3.9706897e+01   8.9117241e+00
   8.5400000e+01   4.1706897e+01  -5.4168276e+01
   8.5500000e+01  -1.1729310e+02  -1.5808276e+01
   8.5600000e+01  -6.0293103e+01  -2.7088276e+01
   8.5700000e+01  -1.6293103e+01   6.1517241e+00
   8.5800000e+01   1.4706897e+01   3.0911724e+01
   8.5900000e+01   5.1706897e+01  -5.5682759e+00
   8.6000000e+01   1.0270690e+02   2.3391724e+01
   8.6100000e+01  -6.6293103e+01   6.6151724e+01
   8.6200000e+01  -3.5293103e+01  -1.8088276e+01
   8.6300000e+01  -1.2293103e+01  -3.4008276e+01
   8.6400000e+01   3.9706897e+01   2.6911724e+01
   8.6500000e+01  -3.7293103e+01  -1.4008276e+01
   8.6600000e+01   3.0706897e+01   2.7271724e+01
   8.6700000e+01   2.4706897e+01  -2.8488276e+01
   8.6800000e+01  -2.6293103e+01   3.3551724e+01
   8.6900000e+01   8.1706897e+01  -1.1768276e+01
   8.7000000e+01  -2.9310345e-01   9.5117241e+00
   8.7100000e+01   3.3706897e+01  -2.4848276e+01
   8.7200000e+01  -5.3293103e+01  -3.6827586e-01
   8.7300000e+01  -1.1293103e+01  -3.6048276e+01
   8.7400000e+01  -7.6293103e+01   2.8551724e+01
   8.7500000e+01  -6.4293103e+01   6.0071724e+01
   8.7600000e+01  -9.2931034e+00   3.5871724e+01
   8.7700000e+01  -6.1293103e+01   2.7951724e+01
   8.7800000e+01   2.1706897e+01  -1.5368276e+01
   8.7900000e+01   3.1706897e+01  -4.2768276e+01
   8.8000000e+01   3.7706897e+01  -4.8008276e+01
   8.8100000e+01  -1.1293103e+01  -5.4048276e+01
   8.8200000e+01  -6.7293103e+01   9.1917241e+00
   8.8300000e+01   2.4706897e+01  -2.3488276e+01
   8.8400000e+01  -1.4293103e+01  -3.5928276e+01
   8.8500000e+01  -8.4293103e+01  -2.8128276e+01
   8.8600000e+01   5.0706897e+01  -1.8528276e+01
   8.8700000e+01  -6.2931034e+00  -5.2248276e+01
   8.8800000e+01   2.8706897e+01   4.3351724e+01
   8.8900000e+01  -7.2931034e+00   3.6791724e+01
   8.9000000e+01   3.4706897e+01  -1.7888276e+01
   8.9100000e+01  -3.8293103e+01  -5.5968276e+01
   8.9200000e+01  -5.1293103e+01   1.2551724e+01
   8.9300000e+01  -5.4293103e+01   5.2671724e+01
   8.9400000e+01   1.1170690e+02   1.0403172e+02
   8.9500000e+01   5.3706897e+01  -1.8648276e+01
   8.9600000e+01  -5.5293103e+01   2.8711724e+01
   8.9700000e+01  -4.9293103e+01   3.4717241e+00
   8.9800000e+01  -1.1129310e+02  -3.5048276e+01
   8.9900000e+01   2.3706897e+01  -8.4482759e+00
   9.0000000e+01  -1.6293103e+01  -8.4827586e-01
   9.0100000e+01  -3.7293103e+01  -5.6008276e+01
   9.0200000e+01   3.0706897e+01   1.0271724e+01
   9.0300000e+01   5.8706897e+01   1.4151724e+01
   9.0400000e+01   8.6706897e+01  -2.2968276e+01
   9.0500000e+01  -3.2293103e+01  -3.8208276e+01
   9.0600000e+01  -8.9293103e+01   1.9071724e+01
   9.0700000e+01   1.7706897e+01  -1.1208276e+01
   9.0800000e+01  -1.3293103e+01  -3.3968276e+01
   9.0900000e+01  -1.9293103e+01   2.6271724e+01
   9.1000000e+01   7.5706897e+01  -1.3528276e+01
   9.1100000e+01   5.9706897e+01   4.9111724e+01
   9.1200000e+01   5.8706897e+01   2.1517241e+00
   9.1300000e+01  -2.0293103e+01   1.3311724e+01
   9.1400000e+01  -7.8293103e+01   3.6317241e+00
   9.1500000e+01   6.7068966e+00   1.5231724e+01
   9.1600000e+01   5.9706897e+01  -1.9888276e+01
   9.1700000e+01   1.5370690e+02  -1.6482759e+00
   9.1800000e+01   4.3706897e+01  -5.7248276e+01
   9.1900000e+01   3.0706897e+01  -4.7282759e+00
   9.2000000e+01   6.7706897e+01  -2.1208276e+01
   9.2100000e+01   1.1070690e+02   8.6071724e+01
   9.2200000e+01  -1.1293103e+01  -2.2048276e+01
   9.2300000e+01  -2.2293103e+01   2.8391724e+01
   9.2400000e+01  -4.5293103e+01   7.3117241e+00
   9.2500000e+01  -5.1293103e+01   8.5517241e+00
   9.2600000e+01  -2.4293103e+01   2.7471724e+01
   9.2700000e+01   6.5706897e+01   2.2871724e+01
   9.2800000e+01   4.2706897e+01   2.4791724e+01
   9.2900000e+01   8.0706897e+01  -7.2827586e-01
   9.3000000e+01  -4.5293103e+01   3.1311724e+01
   9.3100000e+01  -2.7293103e+01   9.4591724e+01
   9.3200000e+01   4.0706897e+01   1.8717241e+00
   9.3300000e+01  -1.1293103e+01   2.1951724e+01
   9.3400000e+01  -2.1293103e+01   1.1351724e+01
   9.3500000e+01   1.3706897e+01  -1.0482759e+00
   9.3600000e+01   3.8706897e+01   3.2951724e+01
   9.3700000e+01   4.2706897e+01  -3.1208276e+01
   9.3800000e+01   1.0070690e+02   4.7172414e-01
   9.3900000e+01   6.6706897e+01  -6.7168276e+01
   9.4000000e+01   6.6706897e+01   2.3831724e+01
   9.4100000e+01  -6.3293103e+01  -2.8968276e+01
   9.4200000e+01  -5.1293103e+01   6.0551724e+01
   9.4300000e+01  -1.0929310e+02   1.1871724e+01
   9.4400000e+01  -4.4293103e+01  -2.3728276e+01
   9.4500000e+01   5.7068966e+00  -5.3728276e+01
   9.4600000e+01   6.1706897e+01  -2.4968276e+01
   9.4700000e+01   2.3706897e+01  -1.6448276e+01
   9.4800000e+01   3.7068966e+00  -4.1648276e+01
   9.4900000e+01  -2.0293103e+01  -2.6688276e+01
   9.5000000e+01  -7.6293103e+01  -2.0448276e+01
   9.5100000e+01  -7.7293103e+01   1.7591724e+01
   9.5200000e+01  -2.2931034e+00  -2.2408276e+01
   9.5300000e+01  -2.0293103e+01  -2.6688276e+01
   9.5400000e+01  -3.0293103e+01  -5.7288276e+01
   9.5500000e+01   5.6706897e+01  -4.0768276e+01
   9.5600000e+01   5.5706897e+01  -3.5728276e+01
   9.5700000e+01   6.9706897e+01   5.3711724e+01
   9.5800000e+01  -2.1293103e+01   3.3517241e+00
   9.5900000e+01   3.2706897e+01   1.8191724e+01
   9.6000000e+01   6.8706897e+01   2.0751724e+01
   9.6100000e+01   1.2706897e+01  -5.4008276e+01
   9.6200000e+01  -7.0293103e+01  -4.0688276e+01
   9.6300000e+01  -1.3293103e+01  -2.2968276e+01
   9.6400000e+01  -6.6293103e+01  -2.7848276e+01
   9.6500000e+01  -5.2293103e+01  -3.2408276e+01
   9.6600000e+01  -3.2931034e+00   9.6317241e+00
   9.6700000e+01  -1.7293103e+01   3.7191724e+01
   9.6800000e+01   2.3706897e+01  -3.5448276e+01
   9.6900000e+01  -4.5293103e+01  -7.6882759e+00
   9.7000000e+01   1.3670690e+02  -3.3968276e+01
   9.7100000e+01   8.1706897e+01   2.8231724e+01
   9.7200000e+01   4.0706897e+01  -2.3128276e+01
   9.7300000e+01   5.3706897e+01  -3.6482759e+00
   9.7400000e+01   1.2706897e+01   6.9917241e+00
   9.7500000e+01  -6.8293103e+01  -3.5768276e+01
   9.7600000e+01   5.3706897e+01   3.3517241e+00
   9.7700000e+01   3.4706897e+01  -1.8888276e+01
   9.7800000e+01  -1.1329310e+02   3.0317241e+00
   9.7900000e+01  -4.3293103e+01  -2.6768276e+01
   9.8000000e+01   1.3070690e+02  -1.1728276e+01
   9.8100000e+01   2.0706897e+01  -4.6328276e+01
   9.8200000e+01  -2.1293103e+01  -3.0648276e+01
   9.8300000e+01  -5.3293103e+01  -5.7368276e+01
   9.8400000e+01  -6.8293103e+01  -2.7682759e+00
   9.8500000e+01   9.3706897e+01  -2.4827586e-01
   9.8600000e+01  -2.8293103e+01  -2.1368276e+01
   9.8700000e+01  -2.0293103e+01  -2.9688276e+01
   9.8800000e+01  -6.0293103e+01  -1.1088276e+01
   9.8900000e+01  -8.2931034e+00  -1.7168276e+01
   9.9000000e+01   1.0270690e+02  -4.0608276e+01
   9.9100000e+01   2.8706897e+01  -4.4648276e+01
   9.9200000e+01  -8.2931034e+00  -2.7168276e+01
   9.9300000e+01   2.7068966e+00  -3.7608276e+01
   9.9400000e+01  -2.3293103e+01  -6.2568276e+01
   9.9500000e+01  -4.7293103e+01  -4.2608276e+01
   9.9600000e+01  -8.2931034e+00   3.8317241e+00
   9.9700000e+01   9.9706897e+01  -3.6488276e+01
   9.9800000e+01  -4.7293103e+01  -2.0608276e+01
   9.9900000e+01   1.9706897e+01   2.7117241e+00
   1.0000000e+02   6.0706897e+01  -8.9282759e+00
   1.0010000e+02  -2.4293103e+01  -4.5282759e+00
   1.0020000e+02   5.7706897e+01  -2.0808276e+01
   1.0030000e+02   4.3706897e+01  -4.2248276e+01
   1.0040000e+02  -4.7293103e+01  -4.9608276e+01
   1.0050000e+02  -1.5293103e+01  -1.0888276e+01
   1.0060000e+02  -5.7293103e+01  -3.0208276e+01
   1.0070000e+02  -4.8293103e+01  -4.3568276e+01
   1.0080000e+02  -2.4293103e+01  -4.0528276e+01
   1.0090000e+02   9.2706897e+01  -6.2082759e+00
   1.0100000e+02   7.0689655e-01  -7.5528276e+01
   1.0110000e+02   5.8706897e+01   1.5172414e-01
   1.0120000e+02   1.9706897e+01   3.7711724e+01
   1.0130000e+02  -8.4293103e+01   2.6871724e+01
   1.0140000e+02   1.1706897e+01  -1.9968276e+01
   1.0150000e+02   3.4706897e+01  -1.2888276e+01
   1.0160000e+02  -1.9293103e+01  -2.5728276e+01
   1.0170000e+02  -5.7293103e+01  -5.2082759e+00
   1.0180000e+02   5.7706897e+01  -4.8082759e+00
   1.0190000e+02  -9.2931034e+00   1.8717241e+00
   1.0200000e+02  -9.2931034e+00  -2.1128276e+01
   1.0210000e+02   5.0706897e+01   5.4717241e+00
   1.0220000e+02  -1.9293103e+01  -5.3728276e+01
   1.0230000e+02   4.6706897e+01   5.6317241e+00
   1.0240000e+02  -8.4293103e+01   2.0871724e+01
   1.0250000e+02  -4.5293103e+01   1.3117241e+00
   1.0260000e+02  -8.5293103e+01   6.9911724e+01
   1.0270000e+02  -1.6293103e+01   2.3151724e+01
   1.0280000e+02  -3.1293103e+01  -1.4248276e+01
   1.0290000e+02  -2.8293103e+01  -8.3682759e+00
   1.0300000e+02  -4.7293103e+01   2.2391724e+01
   1.0310000e+02   1.1706897e+01  -1.0968276e+01
   1.0320000e+02  -1.0929310e+02  -6.0128276e+01
   1.0330000e+02   7.7068966e+00   2.1191724e+01
   1.0340000e+02  -1.3293103e+01   1.2031724e+01
   1.0350000e+02  -1.1293103e+01   1.9517241e+00
   1.0360000e+02   1.4706897e+01  -3.1088276e+01
   1.0370000e+02  -4.9293103e+01   8.4717241e+00
   1.0380000e+02   1.6706897e+01  -2.4168276e+01
   1.0390000e+02   1.0706897e+01  -1.8928276e+01
   1.0400000e+02   1.5706897e+01  -3.7128276e+01
   1.0410000e+02  -3.2931034e+00  -4.7368276e+01
   1.0420000e+02   4.3706897e+01  -8.2482759e+00
   1.0430000e+02   4.0706897e+01  -3.0128276e+01
   1.0440000e+02   7.0689655e-01   5.0471724e+01
   1.0450000e+02   5.6706897e+01  -4.0768276e+01
   1.0460000e+02  -3.2931034e+00   1.5631724e+01
   1.0470000e+02  -5.4293103e+01   1.5671724e+01
   1.0480000e+02   1.5706897e+01  -1.8128276e+01
   1.0490000e+02   5.5706897e+01  -3.2728276e+01
   1.0500000e+02  -2.9310345e-01   3.7511724e+01
   1.0510000e+02   4.7706897e+01   1.9591724e+01
   1.0520000e+02   1.0770690e+02  -1.7808276e+01
   1.0530000e+02  -1.0029310e+02   7.2511724e+01
   1.0540000e+02   9.6706897e+01  -1.1368276e+01
   1.0550000e+02  -2.2293103e+01  -3.3608276e+01
   1.0560000e+02   3.6706897e+01   4.0317241e+00
   1.0570000e+02  -7.6293103e+01  -2.9448276e+01
   1.0580000e+02  -2.5293103e+01   2.0511724e+01
   1.0590000e+02   1.9706897e+01  -3.2882759e+00
   1.0600000e+02  -1.2931034e+00   6.8551724e+01
   1.0610000e+02   6.7068966e+00   3.0231724e+01
   1.0620000e+02  -1.1429310e+02  -2.9282759e+00
   1.0630000e+02   1.9706897e+01  -2.8288276e+01
   1.0640000e+02   5.8706897e+01   7.1151724e+01
   1.0650000e+02   2.9706897e+01   8.6311724e+01
   1.0660000e+02  -2.2931034e+00  -2.6408276e+01
   1.0670000e+02  -5.1293103e+01   2.1551724e+01
   1.0680000e+02   3.6706897e+01  -6.9682759e+00
   1.0690000e+02  -2.0293103e+01   1.1311724e+01
   1.0700000e+02   1.9706897e+01  -1.6288276e+01
   1.0710000e+02   5.8706897e+01   1.2151724e+01
   1.0720000e+02  -4.4293103e+01  -2.3728276e+01
   1.0730000e+02  -1.2293103e+01  -4.0082759e+00
   1.0740000e+02  -2.0293103e+01  -1.5688276e+01
   1.0750000e+02   9.9706897e+01   4.5117241e+00
   1.0760000e+02   2.9706897e+01  -1.2688276e+01
   1.0770000e+02  -6.7293103e+01  -1.0808276e+01
   1.0780000e+02  -2.3293103e+01   4.3172414e-01
   1.0790000e+02   4.7068966e+00   3.4311724e+01
   1.0800000e+02  -8.4293103e+01  -3.9128276e+01
   1.0810000e+02  -2.8293103e+01   3.7631724e+01
   1.0820000e+02  -2.4293103e+01   3.4471724e+01
   1.0830000e+02   1.6706897e+01  -1.9168276e+01
   1.0840000e+02  -3.2931034e+00  -8.3682759e+00
   1.0850000e+02   9.0706897e+01  -1.3128276e+01
   1.0860000e+02   3.1706897e+01  -2.5768276e+01
   1.0870000e+02  -8.7293103e+01  -8.0082759e+00
   1.0880000e+02  -2.0293103e+01  -2.4688276e+01
   1.0890000e+02  -1.4293103e+01   2.9071724e+01
   1.0900000e+02  -2.5293103e+01   5.7511724e+01
   1.0910000e+02   1.2570690e+02  -8.5282759e+00
   1.0920000e+02   7.7068966e+00  -1.1808276e+01
   1.0930000e+02  -8.0293103e+01   2.2711724e+01
   1.0940000e+02   7.1706897e+01   1.6631724e+01
   1.0950000e+02   2.8706897e+01  -3.2648276e+01
   1.0960000e+02  -2.4293103e+01  -3.1528276e+01
   1.0970000e+02   6.0706897e+01  -2.0928276e+01
   1.0980000e+02   2.8706897e+01  -3.7648276e+01
   1.0990000e+02   1.0470690e+02  -6.8827586e-01
   1.1000000e+02  -4.1293103e+01  -3.8848276e+01
   1.1010000e+02   4.6706897e+01  -4.3368276e+01
   1.1020000e+02  -1.1429310e+02   2.0071724e+01
   1.1030000e+02   9.3706897e+01  -9.2482759e+00
   1.1040000e+02  -2.0293103e+01  -7.6882759e+00
   1.1050000e+02  -5.7293103e+01  -2.3208276e+01
   1.1060000e+02  -6.2931034e+00   9.7517241e+00
   1.1070000e+02   1.0070690e+02   5.6471724e+01
   1.1080000e+02   7.7068966e+00   7.1917241e+00
   1.1090000e+02  -3.9293103e+01  -2.9928276e+01
   1.1100000e+02  -4.8293103e+01  -1.1568276e+01
   1.1110000e+02  -3.9293103e+01   5.9071724e+01
   1.1120000e+02  -6.9293103e+01   5.3271724e+01
   1.1130000e+02   9.0706897e+01   1.0871724e+01
   1.1140000e+02   1.1706897e+01  -1.1968276e+01
   1.1150000e+02  -2.2293103e+01   2.0391724e+01
   1.1160000e+02  -3.2293103e+01   2.5791724e+01
   1.1170000e+02  -7.2931034e+00  -2.5208276e+01
   1.1180000e+02   2.4706897e+01  -9.4882759e+00
   1.1190000e+02   8.7068966e+00  -2.1848276e+01
   1.1200000e+02  -6.1293103e+01  -3.1048276e+01
   1.1210000e+02   4.0706897e+01  -1.5128276e+01
   1.1220000e+02  -2.9293103e+01   5.3671724e+01
   1.1230000e+02   1.8706897e+01   7.0751724e+01
   1.1240000e+02   8.3706897e+01   8.7151724e+01
   1.1250000e+02  -3.0293103e+01  -2.0288276e+01
   1.1260000e+02   3.7706897e+01  -1.4008276e+01
   1.1270000e+02   2.7068966e+00   4.3917241e+00
   1.1280000e+02  -2.3293103e+01   5.5431724e+01
   1.1290000e+02  -4.3293103e+01  -9.7682759e+00
   1.1300000e+02  -4.2293103e+01  -2.5808276e+01
   1.1310000e+02   4.0706897e+01  -2.6128276e+01
   1.1320000e+02  -8.8293103e+01   4.3031724e+01
   1.1330000e+02  -5.4293103e+01   4.6717241e+00
   1.1340000e+02  -3.2293103e+01  -2.1208276e+01
   1.1350000e+02   6.6706897e+01   1.1831724e+01
   1.1360000e+02  -2.4293103e+01   2.2471724e+01
   1.1370000e+02  -1.4293103e+01  -4.6928276e+01
   1.1380000e+02  -1.6293103e+01  -1.3848276e+01
   1.1390000e+02  -7.3293103e+01  -3.5682759e+00
   1.1400000e+02  -7.5293103e+01  -3.8488276e+01
   1.1410000e+02  -2.4293103e+01  -1.2528276e+01
   1.1420000e+02   1.7706897e+01  -3.7208276e+01
   1.1430000e+02  -5.7293103e+01   4.7791724e+01
   1.1440000e+02  -3.6293103e+01  -6.2048276e+01
   1.1450000e+02  -4.2293103e+01   2.1191724e+01
   1.1460000e+02  -9.3293103e+01   5.0231724e+01
   1.1470000e+02   1.1706897e+01   6.8031724e+01
   1.1480000e+02  -5.4293103e+01  -2.0328276e+01
   1.1490000e+02  -3.4293103e+01  -1.1128276e+01
   1.1500000e+02   8.6706897e+01   1.6031724e+01
   1.1510000e+02   3.9706897e+01   2.6911724e+01
   1.1520000e+02   6.1706897e+01   5.1031724e+01
   1.1530000e+02   7.7068966e+00   2.9191724e+01
   1.1540000e+02  -5.5293103e+01   1.8711724e+01
   1.1550000e+02  -6.2931034e+00   3.6751724e+01
   1.1560000e+02  -3.2293103e+01  -1.2082759e+00
   1.1570000e+02  -6.0293103e+01   2.7911724e+01
   1.1580000e+02   1.8706897e+01   4.8751724e+01
   1.1590000e+02   6.4706897e+01   1.9117241e+00
   1.1600000e+02  -4.3293103e+01  -1.7768276e+01
   1.1610000e+02   1.7706897e+01  -4.0208276e+01
   1.1620000e+02  -7.7293103e+01   5.4591724e+01
   1.1630000e+02   3.2706897e+01   1.9172414e-01
   1.1640000e+02  -4.6293103e+01  -1.6482759e+00
   1.1650000e+02  -1.2293103e+01   9.8991724e+01
   1.1660000e+02  -2.8293103e+01  -1.4368276e+01
   1.1670000e+02   1.1706897e+01  -1.6968276e+01
   1.1680000e+02  -8.5293103e+01   7.9911724e+01
   1.1690000e+02   1.0170690e+02   3.1431724e+01
   1.1700000e+02  -3.9293103e+01   5.1071724e+01
   1.1710000e+02  -5.7293103e+01  -1.0208276e+01
   1.1720000e+02   5.1706897e+01  -1.9568276e+01
   1.1730000e+02  -3.3293103e+01   6.8317241e+00
   1.1740000e+02  -7.6293103e+01   1.7551724e+01
   1.1750000e+02  -6.2931034e+00  -1.2248276e+01
   1.1760000e+02  -2.2931034e+00  -5.4408276e+01
   1.1770000e+02   8.5706897e+01  -3.8928276e+01
   1.1780000e+02  -2.7293103e+01   2.9591724e+01
   1.1790000e+02   5.4706897e+01  -2.7688276e+01
   1.1800000e+02   1.6706897e+01  -6.1682759e+00
   1.1810000e+02  -8.2931034e+00   3.7831724e+01
   1.1820000e+02  -6.6293103e+01  -1.7848276e+01
   1.1830000e+02  -5.6293103e+01   1.3675172e+02
   1.1840000e+02   5.1706897e+01  -2.0568276e+01
   1.1850000e+02  -2.1293103e+01   2.4351724e+01
   1.1860000e+02   3.4706897e+01   4.1117241e+00
   1.1870000e+02  -6.3293103e+01   7.0317241e+00
   1.1880000e+02   1.6706897e+01   1.8317241e+00
   1.1890000e+02  -4.1293103e+01   7.1151724e+01
   1.1900000e+02  -2.6293103e+01   6.1551724e+01
   1.1910000e+02  -4.5293103e+01   2.4311724e+01
   1.1920000e+02   6.9706897e+01  -5.2882759e+00
   1.1930000e+02  -1.8293103e+01   2.5231724e+01
   1.1940000e+02  -1.9293103e+01  -5.2728276e+01
   1.1950000e+02  -6.7293103e+01  -8.0827586e-01
   1.1960000e+02   1.6706897e+01   9.8317241e+00
   1.1970000e+02  -1.3293103e+01  -1.3968276e+01
   1.1980000e+02   4.7068966e+00  -1.2688276e+01
   1.1990000e+02  -4.2931034e+00   1.3671724e+01
   1.2000000e+02  -3.1293103e+01  -1.7248276e+01
   1.2010000e+02   2.0706897e+01  -7.3282759e+00
   1.2020000e+02  -1.3293103e+01   3.1031724e+01
   1.2030000e+02  -1.7293103e+01  -3.8082759e+00
   1.2040000e+02   1.0870690e+02   1.4151724e+01
   1.2050000e+02  -5.4293103e+01   1.2671724e+01
   1.2060000e+02   4.7706897e+01  -2.3408276e+01
   1.2070000e+02   7.7068966e+00  -7.8082759e+00
   1.2080000e+02   1.0170690e+02   2.4431724e+01
   1.2090000e+02  -5.1293103e+01   2.7551724e+01
   1.2100000e+02   4.3706897e+01  -4.9248276e+01
   1.2110000e+02   4.7706897e+01   3.5917241e+00
   1.2120000e+02   1.0170690e+02   3.4317241e+00
   1.2130000e+02  -4.7293103e+01   5.3917241e+00
   1.2140000e+02  -1.0293103e+01  -9.0882759e+00
   1.2150000e+02   5.7068966e+00  -9.7282759e+00
   1.2160000e+02   2.4706897e+01  -3.8488276e+01
   1.2170000e+02  -2.1293103e+01  -3.0648276e+01
   1.2180000e+02  -4.6293103e+01  -2.6648276e+01
   1.2190000e+02  -2.2293103e+01   2.2391724e+01
   1.2200000e+02  -6.2931034e+00  -1.9248276e+01
   1.2210000e+02   1.5706897e+01  -3.7128276e+01
   1.2220000e+02  -8.7293103e+01  -5.3008276e+01
   1.2230000e+02  -3.2931034e+00  -2.3682759e+00
   1.2240000e+02  -5.4293103e+01  -8.3282759e+00
   1.2250000e+02  -1.5293103e+01  -1.4888276e+01
   1.2260000e+02   1.4706897e+01   9.1172414e-01
   1.2270000e+02  -2.1293103e+01  -3.4648276e+01
   1.2280000e+02  -7.6293103e+01   2.7551724e+01
   1.2290000e+02  -7.2931034e+00   1.0791724e+01
   1.2300000e+02   1.9706897e+01  -2.1288276e+01
   1.2310000e+02  -5.3293103e+01   1.8631724e+01
   1.2320000e+02   5.7068966e+00  -1.4728276e+01
   1.2330000e+02   6.3706897e+01  -1.6048276e+01
   1.2340000e+02   7.0689655e-01   6.5471724e+01
   1.2350000e+02   1.8706897e+01  -2.0248276e+01
   1.2360000e+02  -6.2293103e+01   6.7991724e+01
   1.2370000e+02  -7.7293103e+01   2.1591724e+01
   1.2380000e+02   8.0706897e+01  -4.2728276e+01
   1.2390000e+02  -2.1293103e+01   3.5172414e-01
   1.2400000e+02   2.4706897e+01  -1.3488276e+01
   1.2410000e+02   1.3706897e+01   4.1951724e+01
   1.2420000e+02   7.7068966e+00   4.0191724e+01
   1.2430000e+02   4.5706897e+01   2.3671724e+01
   1.2440000e+02  -3.7293103e+01   2.0991724e+01
   1.2450000e+02  -3.6293103e+01  -4.8275862e-02
   1.2460000e+02  -1.2931034e+00  -1.7448276e+01
   1.2470000e+02  -3.2293103e+01  -2.6208276e+01
   1.2480000e+02  -9.2931034e+00  -7.1282759e+00
   1.2490000e+02  -5.1293103e+01   1.1551724e+01
   1.2500000e+02  -9.2931034e+00   3.1871724e+01
   1.2510000e+02   4.7068966e+00  -2.7688276e+01
   1.2520000e+02   7.0689655e-01  -4.1528276e+01
   1.2530000e+02   5.0706897e+01  -1.3528276e+01
   1.2540000e+02  -2.8293103e+01  -1.1368276e+01
   1.2550000e+02   2.6706897e+01  -2.5568276e+01
   1.2560000e+02   1.0770690e+02   3.2191724e+01
   1.2570000e+02  -4.4293103e+01   3.4271724e+01
   1.2580000e+02  -1.5293103e+01  -1.6888276e+01
   1.2590000e+02  -4.2931034e+00  -3.0328276e+01
   1.2600000e+02  -1.2931034e+00   1.5551724e+01
   1.2610000e+02  -4.2293103e+01  -2.8808276e+01
   1.2620000e+02   5.7706897e+01  -3.0808276e+01
   1.2630000e+02   4.7068966e+00  -3.6882759e+00
   1.2640000e+02   1.6706897e+01   7.0831724e+01
   1.2650000e+02   4.5706897e+01  -3.3282759e+00
   1.2660000e+02   6.4706897e+01  -1.6088276e+01
   1.2670000e+02   9.7068966e+00   2.9111724e+01
   1.2680000e+02   1.0706897e+01   9.6071724e+01
   1.2690000e+02  -2.1293103e+01   2.6351724e+01
   1.2700000e+02   8.7068966e+00   1.4151724e+01
   1.2710000e+02   9.7706897e+01   4.8591724e+01
   1.2720000e+02   2.6706897e+01  -1.1568276e+01
   1.2730000e+02  -2.5293103e+01  -1.4488276e+01
   1.2740000e+02   6.4706897e+01   2.8911724e+01
   1.2750000e+02  -7.4293103e+01  -2.5282759e+00
   1.2760000e+02   1.4070690e+02   8.8717241e+00
   1.2770000e+02  -7.2931034e+00  -1.9208276e+01
   1.2780000e+02   5.3706897e+01  -2.1648276e+01
   1.2790000e+02  -1.7293103e+01  -2.5808276e+01
   1.2800000e+02  -3.8293103e+01   1.5031724e+01
   1.2810000e+02   3.5706897e+01  -4.6928276e+01
   1.2820000e+02  -3.6293103e+01  -2.3048276e+01
   1.2830000e+02   3.6706897e+01  -2.1968276e+01
   1.2840000e+02  -2.9310345e-01   1.8511724e+01
   1.2850000e+02  -6.0293103e+01   1.1911724e+01
   1.2860000e+02   2.4706897e+01  -2.8488276e+01
   1.2870000e+02  -1.9293103e+01   9.2717241e+00
   1.2880000e+02  -2.9293103e+01  -8.4328276e+01
   1.2890000e+02  -6.3293103e+01   3.5031724e+01
   1.2900000e+02  -3.0293103e+01   8.7117241e+00
   1.2910000e+02  -1.2931034e+00  -4.3448276e+01
   1.2920000e+02  -2.0293103e+01  -1.1688276e+01
   1.2930000e+02   4.3706897e+01  -3.2248276e+01
   1.2940000e+02  -3.0293103e+01  -1.8288276e+01
   1.2950000e+02  -8.7293103e+01  -3.6008276e+01
   1.2960000e+02   4.9706897e+01  -5.2488276e+01
   1.2970000e+02   6.7068966e+00  -3.3768276e+01
   1.2980000e+02   1.6706897e+01   1.3831724e+01
   1.2990000e+02  -7.3293103e+01  -1.1568276e+01
   1.3000000e+02  -1.2931034e+00  -1.0448276e+01
   1.3010000e+02  -1.9293103e+01  -4.4728276e+01
   1.3020000e+02   1.5706897e+01  -6.1282759e+00
   1.3030000e+02   3.0706897e+01   2.6271724e+01
   1.3040000e+02  -1.0293103e+01   1.5911724e+01
   1.3050000e+02  -1.1293103e+01  -1.2048276e+01
   1.3060000e+02   1.5706897e+01   3.4871724e+01
   1.3070000e+02   1.2470690e+02  -4.4488276e+01
   1.3080000e+02   9.7068966e+00  -2.7888276e+01
   1.3090000e+02  -3.7293103e+01  -8.0082759e+00
   1.3100000e+02   1.6706897e+01  -7.1682759e+00
   1.3110000e+02   2.4706897e+01   5.5117241e+00
   1.3120000e+02   3.7068966e+00  -4.6482759e+00
   1.3130000e+02  -6.6293103e+01  -2.8482759e+00
   1.3140000e+02   5.7068966e+00  -4.9728276e+01
   1.3150000e+02   1.3706897e+01  -1.1048276e+01
   1.3160000e+02   8.7068966e+00  -1.5848276e+01
   1.3170000e+02   2.1706897e+01   2.3631724e+01
   1.3180000e+02   2.7068966e+00   1.2391724e+01
   1.3190000e+02   1.3706897e+01  -1.6048276e+01
   1.3200000e+02  -2.2931034e+00   9.5917241e+00
   1.3210000e+02  -2.9293103e+01   7.8671724e+01
   1.3220000e+02  -1.2293103e+01  -1.0082759e+00
   1.3230000e+02  -7.4293103e+01  -1.4528276e+01
   1.3240000e+02   1.6370690e+02  -5.9048276e+01
   1.3250000e+02  -1.2293103e+01  -1.2008276e+01
   1.3260000e+02   2.2706897e+01   1.9591724e+01
   1.3270000e+02  -8.5293103e+01  -6.0088276e+01
   1.3280000e+02  -7.2293103e+01  -4.4608276e+01
   1.3290000e+02   7.5706897e+01  -4.3528276e+01
   1.3300000e+02  -6.2931034e+00  -1.5248276e+01
   1.3310000e+02   3.8706897e+01  -2.1048276e+01
   1.3320000e+02  -1.1293103e+01  -2.7048276e+01
   1.3330000e+02  -3.9293103e+01   1.0717241e+00
   1.3340000e+02   3.7706897e+01  -4.6008276e+01
   1.3350000e+02  -6.8293103e+01  -1.7682759e+00
   1.3360000e+02  -5.7293103e+01   2.6791724e+01
   1.3370000e+02   6.7068966e+00  -2.4768276e+01
   1.3380000e+02   2.1706897e+01  -4.4368276e+01
   1.3390000e+02  -1.1629310e+02   4.1517241e+00
   1.3400000e+02   2.5706897e+01  -4.1528276e+01
   1.3410000e+02  -1.8293103e+01  -3.7768276e+01
   1.3420000e+02  -1.6293103e+01  -6.0848276e+01
   1.3430000e+02   9.0706897e+01  -3.3128276e+01
   1.3440000e+02  -7.6293103e+01  -3.4448276e+01
   1.3450000e+02  -9.9293103e+01  -4.8528276e+01
   1.3460000e+02   1.7706897e+01   1.4791724e+01
   1.3470000e+02  -2.1293103e+01  -3.7648276e+01
   1.3480000e+02  -2.0293103e+01   1.7311724e+01
   1.3490000e+02   2.2706897e+01  -4.3408276e+01
   1.3500000e+02  -7.5293103e+01  -6.0488276e+01
   1.3510000e+02  -4.8293103e+01   1.4317241e+00
   1.3520000e+02   3.2706897e+01  -1.2808276e+01
   1.3530000e+02  -1.0293103e+01   7.9117241e+00
   1.3540000e+02  -6.6293103e+01  -4.5848276e+01
   1.3550000e+02  -4.7293103e+01   7.3391724e+01
   1.3560000e+02  -1.4293103e+01  -1.2928276e+01
   1.3570000e+02   1.3706897e+01  -6.0482759e+00
   1.3580000e+02  -2.7293103e+01   4.2591724e+01
   1.3590000e+02   5.7068966e+00   3.3271724e+01
   1.3600000e+02  -2.9310345e-01  -1.6488276e+01
   1.3610000e+02  -4.3293103e+01  -2.2768276e+01
   1.3620000e+02   3.9706897e+01  -2.1088276e+01
   1.3630000e+02  -4.5293103e+01  -2.8688276e+01
   1.3640000e+02   5.6706897e+01   3.1231724e+01
   1.3650000e+02  -3.8293103e+01  -1.4968276e+01
   1.3660000e+02  -1.2931034e+00   2.4551724e+01
   1.3670000e+02  -8.0293103e+01   8.2711724e+01
   1.3680000e+02   2.4706897e+01  -1.0488276e+01
   1.3690000e+02  -2.4293103e+01   4.8471724e+01
   1.3700000e+02  -4.6293103e+01  -4.6482759e+00
   1.3710000e+02  -3.9293103e+01  -3.6928276e+01
   1.3720000e+02   1.6706897e+01  -2.1682759e+00
   1.3730000e+02  -1.6293103e+01   2.2151724e+01
   1.3740000e+02  -2.0293103e+01  -4.2688276e+01
   1.3750000e+02  -2.2931034e+00   5.9172414e-01
   1.3760000e+02  -3.8293103e+01   3.1724138e-02
   1.3770000e+02   5.8706897e+01   3.1517241e+00
   1.3780000e+02   2.4706897e+01   3.5117241e+00
   1.3790000e+02   2.2706897e+01   1.5917241e+00
   1.3800000e+02   1.3706897e+01  -4.3048276e+01
   1.3810000e+02  -5.7293103e+01   1.5791724e+01
   1.3820000e+02  -6.2931034e+00   1.0751724e+01
   1.3830000e+02  -3.8293103e+01   3.8031724e+01
   1.3840000e+02  -2.2293103e+01  -3.9608276e+01
   1.3850000e+02   7.0689655e-01  -3.2528276e+01
   1.3860000e+02  -2.1293103e+01  -4.6482759e+00
   1.3870000e+02  -4.6293103e+01  -2.4648276e+01
   1.3880000e+02   7.5706897e+01  -3.7528276e+01
   1.3890000e+02  -1.2029310e+02  -3.5688276e+01
   1.3900000e+02  -2.6293103e+01  -6.7448276e+01
   1.3910000e+02  -9.8293103e+01  -3.7568276e+01
   1.3920000e+02  -2.7293103e+01  -4.5408276e+01
   1.3930000e+02  -6.7293103e+01   3.1917241e+00
   1.3940000e+02   3.5706897e+01  -2.1928276e+01
   1.3950000e+02  -8.0293103e+01  -2.2288276e+01
   1.3960000e+02   8.7068966e+00   1.1517241e+00
   1.3970000e+02  -8.4293103e+01   4.7871724e+01
   1.3980000e+02   7.0689655e-01  -2.5282759e+00
   1.3990000e+02   2.8706897e+01  -5.5648276e+01
   1.4000000e+02  -4.2931034e+00  -1.3328276e+01
   1.4010000e+02   3.0706897e+01  -3.2728276e+01
   1.4020000e+02   3.4706897e+01  -2.4888276e+01
   1.4030000e+02  -5.1293103e+01   8.5517241e+00
   1.4040000e+02  -5.1293103e+01   2.2551724e+01
   1.4050000e+02  -4.6293103e+01  -6.4827586e-01
   1.4060000e+02   6.4706897e+01   2.4911724e+01
   1.4070000e+02  -4.3293103e+01  -3.2768276e+01
   1.4080000e+02   8.7706897e+01  -3.8008276e+01
   1.4090000e+02  -9.2931034e+00  -2.7128276e+01
   1.4100000e+02  -1.3229310e+02  -2.3208276e+01
   1.4110000e+02  -3.0293103e+01   2.7117241e+00
   1.4120000e+02   1.0706897e+01  -1.9282759e+00
   1.4130000e+02  -2.8293103e+01  -4.3368276e+01
   1.4140000e+02  -6.2931034e+00  -2.4248276e+01
   1.4150000e+02  -8.1293103e+01  -1.6248276e+01
   1.4160000e+02  -4.2931034e+00  -1.8328276e+01
   1.4170000e+02  -3.2931034e+00  -5.3682759e+00
   1.4180000e+02  -1.0293103e+01  -1.1088276e+01
   1.4190000e+02   1.2706897e+01  -3.9008276e+01
   1.4200000e+02  -3.1293103e+01  -3.7248276e+01
   1.4210000e+02  -1.0129310e+02  -3.8448276e+01
   1.4220000e+02  -1.0293103e+01  -4.0882759e+00
   1.4230000e+02  -1.4293103e+01  -6.0928276e+01
   1.4240000e+02  -4.2931034e+00   4.0671724e+01
   1.4250000e+02   2.9706897e+01  -7.4688276e+01
   1.4260000e+02  -8.5293103e+01   6.9117241e+00
   1.4270000e+02   4.7068966e+00   1.7311724e+01
   1.4280000e+02  -1.0293103e+01  -3.2088276e+01
   1.4290000e+02  -5.3293103e+01   1.3631724e+01
   1.4300000e+02  -4.1293103e+01   1.4151724e+01
   1.4310000e+02  -1.1029310e+02  -4.4088276e+01
   1.4320000e+02  -1.3929310e+02  -1.9928276e+01
   1.4330000e+02  -2.4293103e+01   2.9471724e+01
   1.4340000e+02   2.4706897e+01  -5.1488276e+01
   1.4350000e+02  -1.0429310e+02   5.3671724e+01
   1.4360000e+02  -6.0293103e+01  -3.0088276e+01
   1.4370000e+02   1.1706897e+01  -1.6968276e+01
   1.4380000e+02  -5.2293103e+01  -6.4082759e+00
   1.4390000e+02  -2.9310345e-01  -6.4882759e+00
   1.4400000e+02  -4.4293103e+01   1.6271724e+01
   1.4410000e+02   2.0706897e+01   1.5671724e+01
   1.4420000e+02  -1.6293103e+01  -3.7848276e+01
   1.4430000e+02   5.8706897e+01   5.4151724e+01
   1.4440000e+02  -1.1729310e+02  -1.5808276e+01
   1.4450000e+02  -8.5293103e+01  -2.6088276e+01
   1.4460000e+02  -7.2931034e+00  -2.6208276e+01
   1.4470000e+02   5.9706897e+01  -1.0888276e+01
   1.4480000e+02  -1.3293103e+01  -8.9682759e+00
   1.4490000e+02  -3.8293103e+01  -1.2968276e+01
   1.4500000e+02   5.7706897e+01  -7.8082759e+00
   1.4510000e+02  -2.8293103e+01   3.9631724e+01
   1.4520000e+02  -5.2931034e+00   5.6711724e+01
   1.4530000e+02   1.7706897e+01  -2.7208276e+01
   1.4540000e+02   4.7068966e+00  -4.1688276e+01
   1.4550000e+02  -2.8293103e+01  -1.6368276e+01
   1.4560000e+02   5.3706897e+01  -3.5648276e+01
   1.4570000e+02  -3.0293103e+01  -7.2882759e+00
   1.4580000e+02   8.7068966e+00  -1.6848276e+01
   1.4590000e+02  -3.2293103e+01  -4.4208276e+01
   1.4600000e+02   4.7068966e+00  -2.6882759e+00
   1.4610000e+02  -3.8293103e+01   7.0317241e+00
   1.4620000e+02   2.4706897e+01  -3.5488276e+01
   1.4630000e+02  -2.2293103e+01  -2.5608276e+01
   1.4640000e+02  -4.7293103e+01  -4.6082759e+00
   1.4650000e+02  -9.2293103e+01  -2.6808276e+01
   1.4660000e+02  -3.2293103e+01  -1.7208276e+01
   1.4670000e+02   4.2706897e+01  -1.6208276e+01
   1.4680000e+02  -9.2931034e+00  -1.5128276e+01
   1.4690000e+02   6.2706897e+01   5.1991724e+01
   1.4700000e+02   4.3706897e+01  -9.2482759e+00
   1.4710000e+02   3.3706897e+01   1.2151724e+01
   1.4720000e+02  -2.1293103e+01  -3.3648276e+01
   1.4730000e+02   1.1970690e+02  -3.5288276e+01
   1.4740000e+02  -2.6293103e+01   5.9551724e+01
   1.4750000e+02  -4.4293103e+01   3.2717241e+00
   1.4760000e+02   3.3706897e+01  -2.1848276e+01
   1.4770000e+02  -1.2293103e+01  -2.4008276e+01
   1.4780000e+02   1.3706897e+01  -2.4048276e+01
   1.4790000e+02   7.7706897e+01  -4.7608276e+01
   1.4800000e+02   4.9706897e+01  -5.4882759e+00
   1.4810000e+02   2.9706897e+01   2.4311724e+01
   1.4820000e+02  -2.5293103e+01   5.5117241e+00
   1.4830000e+02  -1.2931034e+00  -6.4482759e+00
   1.4840000e+02  -7.6293103e+01  -1.3448276e+01
   1.4850000e+02  -9.2931034e+00   3.2871724e+01
   1.4860000e+02   1.6706897e+01   1.2831724e+01
   1.4870000e+02  -2.9293103e+01   6.6717241e+00
   1.4880000e+02  -5.8293103e+01  -2.1168276e+01
   1.4890000e+02   4.7706897e+01  -2.8408276e+01
   1.4900000e+02   5.6706897e+01  -1.4768276e+01
   1.4910000e+02  -3.3293103e+01  -1.0168276e+01
   1.4920000e+02   3.7068966e+00   2.4351724e+01
   1.4930000e+02  -4.3293103e+01   5.6231724e+01
   1.4940000e+02  -4.5293103e+01  -6.6882759e+00
   1.4950000e+02  -7.3293103e+01  -2.7568276e+01
   1.4960000e+02  -1.5293103e+01   5.9111724e+01
   1.4970000e+02  -1.2293103e+01  -3.6008276e+01
   1.4980000e+02   9.7706897e+01   2.7591724e+01
   1.4990000e+02   1.1170690e+02   1.9031724e+01
   1.5000000e+02  -1.2293103e+01   1.4991724e+01
   1.5010000e+02   1.1706897e+01   1.0031724e+01
   1.5020000e+02   1.3706897e+01   5.1951724e+01
   1.5030000e+02   5.6706897e+01  -7.6827586e-01
   1.5040000e+02   3.1706897e+01  -1.6768276e+01
   1.5050000e+02  -1.7293103e+01  -7.6808276e+01
   1.5060000e+02   2.5706897e+01   3.6471724e+01
   1.5070000e+02   1.4706897e+01  -6.0882759e+00
   1.5080000e+02  -3.2931034e+00   8.6317241e+00
   1.5090000e+02  -2.2931034e+00   1.1659172e+02
   1.5100000e+02  -5.7293103e+01  -3.2208276e+01
   1.5110000e+02   1.5706897e+01  -2.3128276e+01
   1.5120000e+02   8.0706897e+01   5.2717241e+00
   1.5130000e+02  -1.5293103e+01   9.1117241e+00
   1.5140000e+02   4.4706897e+01  -2.9288276e+01
   1.5150000e+02   1.6370690e+02  -2.0482759e+00
   1.5160000e+02  -4.2931034e+00   1.0671724e+01
   1.5170000e+02   3.7068966e+00  -1.7648276e+01
   1.5180000e+02   2.6706897e+01   4.1431724e+01
   1.5190000e+02   3.6706897e+01   2.5031724e+01
   1.5200000e+02  -3.5293103e+01   5.5911724e+01
   1.5210000e+02   8.6706897e+01   1.7031724e+01
   1.5220000e+02  -3.8293103e+01   1.4031724e+01
   1.5230000e+02   1.6470690e+02   6.1911724e+01
   1.5240000e+02   1.2706897e+01  -2.0008276e+01
   1.5250000e+02  -4.2293103e+01  -8.8082759e+00
   1.5260000e+02  -5.0293103e+01  -3.7488276e+01
   1.5270000e+02  -3.0293103e+01   3.7711724e+01
   1.5280000e+02  -5.3293103e+01  -2.3368276e+01
   1.5290000e+02  -4.8293103e+01  -3.2568276e+01
   1.5300000e+02  -6.2931034e+00  -1.5248276e+01
   1.5310000e+02  -7.5293103e+01  -2.0488276e+01
   1.5320000e+02  -1.8293103e+01   2.0231724e+01
   1.5330000e+02   1.1070690e+02  -2.5928276e+01
   1.5340000e+02   7.4706897e+01   1.5511724e+01
   1.5350000e+02  -4.6293103e+01  -4.6482759e+00
   1.5360000e+02  -8.8293103e+01   1.5031724e+01
   1.5370000e+02   4.7706897e+01  -3.5408276e+01
   1.5380000e+02  -8.4293103e+01   8.7871724e+01
   1.5390000e+02  -4.4293103e+01   6.0271724e+01
   1.5400000e+02  -7.8293103e+01  -2.1368276e+01
   1.5410000e+02   1.0706897e+01   1.2071724e+01
   1.5420000e+02   6.6706897e+01   2.7831724e+01
   1.5430000e+02  -1.0293103e+01  -1.6088276e+01
   1.5440000e+02   3.6706897e+01   1.1031724e+01
   1.5450000e+02   1.6706897e+01   1.3831724e+01
   1.5460000e+02  -2.2293103e+01   3.8391724e+01
   1.5470000e+02   1.1970690e+02   3.3711724e+01
   1.5480000e+02   1.2270690e+02   2.5591724e+01
   1.5490000e+02   1.2770690e+02   3.4391724e+01
   1.5500000e+02  -5.5293103e+01   1.7117241e+00
   1.5510000e+02   2.7706897e+01  -4.1608276e+01
   1.5520000e+02  -1.6293103e+01   1.1517241e+00
   1.5530000e+02   1.0570690e+02   4.7271724e+01
   1.5540000e+02  -3.9293103e+01   2.0717241e+00
   1.5550000e+02  -2.0293103e+01   3.6311724e+01
   1.5560000e+02  -1.2293103e+01   2.7991724e+01
   1.5570000e+02  -3.5293103e+01  -9.0882759e+00
   1.5580000e+02  -6.3293103e+01  -2.9682759e+00
   1.5590000e+02  -2.7293103e+01   2.5917241e+00
   1.5600000e+02  -1.9293103e+01   2.4271724e+01
   1.5610000e+02  -1.2293103e+01   7.9917241e+00
   1.5620000e+02  -1.1129310e+02  -1.0048276e+01
   1.5630000e+02  -1.9293103e+01  -3.3728276e+01
   1.5640000e+02  -2.4293103e+01  -3.7528276e+01
   1.5650000e+02  -6.8293103e+01  -2.6768276e+01
   1.5660000e+02  -1.2293103e+01  -4.4008276e+01
   1.5670000e+02  -6.1293103e+01  -3.0048276e+01
   1.5680000e+02  -3.3293103e+01   5.8317241e+00
   1.5690000e+02   3.9706897e+01  -2.1088276e+01
   1.5700000e+02  -5.1293103e+01   2.6551724e+01
   1.5710000e+02   1.7706897e+01   2.8791724e+01
   1.5720000e+02   7.0689655e-01   2.4471724e+01
   1.5730000e+02  -1.8293103e+01   3.2317241e+00
   1.5740000e+02  -3.0293103e+01  -2.5288276e+01
   1.5750000e+02   2.1706897e+01   1.6317241e+00
   1.5760000e+02  -1.0229310e+02  -2.5408276e+01
   1.5770000e+02   9.7706897e+01  -3.3408276e+01
   1.5780000e+02   1.3670690e+02   4.0317241e+00
   1.5790000e+02   5.4706897e+01   5.3117241e+00
   1.5800000e+02   2.9706897e+01  -3.9688276e+01
   1.5810000e+02   1.6706897e+01  -7.1682759e+00
   1.5820000e+02  -7.7293103e+01  -9.4082759e+00
   1.5830000e+02   1.0670690e+02   3.7231724e+01
   1.5840000e+02   8.7068966e+00  -1.8482759e+00
   1.5850000e+02   7.0689655e-01  -2.4528276e+01
   1.5860000e+02   9.7706897e+01  -5.4082759e+00
   1.5870000e+02  -2.2293103e+01   5.7391724e+01
   1.5880000e+02   1.0170690e+02   2.0431724e+01
   1.5890000e+02   2.5706897e+01  -1.9528276e+01
   1.5900000e+02   3.2706897e+01   1.0191724e+01
   1.5910000e+02  -3.9293103e+01  -3.4928276e+01
   1.5920000e+02   7.0689655e-01  -3.5282759e+00
   1.5930000e+02   1.0870690e+02   8.1517241e+00
   1.5940000e+02  -3.3293103e+01  -2.8168276e+01
   1.5950000e+02   1.6470690e+02  -1.1088276e+01
   1.5960000e+02  -5.2293103e+01  -2.3408276e+01
   1.5970000e+02  -6.9293103e+01  -7.7282759e+00
   1.5980000e+02  -6.0293103e+01   3.3911724e+01
   1.5990000e+02   1.0870690e+02   8.1517241e+00
   1.6000000e+02  -1.0329310e+02  -1.4368276e+01
   1.6010000e+02   5.7706897e+01  -2.3808276e+01
   1.6020000e+02  -3.1293103e+01   3.1751724e+01
   1.6030000e+02   2.1706897e+01   3.6631724e+01
   1.6040000e+02  -4.7293103e+01  -1.2608276e+01
   1.6050000e+02  -3.5293103e+01  -6.0882759e+00
   1.6060000e+02  -5.7293103e+01   2.7791724e+01
   1.6070000e+02   2.5706897e+01  -1.1528276e+01
   1.6080000e+02  -8.5293103e+01  -3.5088276e+01
   1.6090000e+02  -8.2931034e+00  -3.8168276e+01
   1.6100000e+02  -7.4293103e+01   4.4717241e+00
   1.6110000e+02  -2.2293103e+01   3.6391724e+01
   1.6120000e+02  -5.7293103e+01   4.8791724e+01
   1.6130000e+02  -3.1293103e+01  -1.2482759e+00
   1.6140000e+02  -3.8293103e+01  -4.2968276e+01
   1.6150000e+02  -3.2931034e+00  -3.4368276e+01
   1.6160000e+02  -8.2931034e+00   2.1831724e+01
   1.6170000e+02   8.2706897e+01  -6.5808276e+01
   1.6180000e+02  -8.5293103e+01  -1.0882759e+00
   1.6190000e+02  -7.1293103e+01   3.7351724e+01
   1.6200000e+02  -6.8293103e+01   3.4231724e+01
   1.6210000e+02   3.0706897e+01   3.5271724e+01
   1.6220000e+02  -6.2931034e+00  -1.5248276e+01
   1.6230000e+02  -3.2293103e+01  -7.2082759e+00
   1.6240000e+02   6.4706897e+01  -3.8088276e+01
   1.6250000e+02  -5.8293103e+01  -1.6827586e-01
   1.6260000e+02  -8.5293103e+01   2.2911724e+01
   1.6270000e+02  -5.6293103e+01   2.1751724e+01
   1.6280000e+02  -4.0293103e+01   9.1117241e+00
   1.6290000e+02  -5.2931034e+00   1.8711724e+01
   1.6300000e+02   4.3706897e+01   5.7517241e+00
   1.6310000e+02  -1.3029310e+02   3.5711724e+01
   1.6320000e+02  -3.9293103e+01  -5.2928276e+01
   1.6330000e+02   2.6706897e+01   7.4317241e+00
   1.6340000e+02   5.1706897e+01  -4.3568276e+01
   1.6350000e+02  -5.6293103e+01  -2.0248276e+01
   1.6360000e+02   1.2570690e+02  -5.9528276e+01
   1.6370000e+02  -3.5293103e+01  -2.3088276e+01
   1.6380000e+02   1.7706897e+01  -6.0208276e+01
   1.6390000e+02  -1.7293103e+01  -3.8082759e+00
   1.6400000e+02  -2.2931034e+00   2.7591724e+01
   1.6410000e+02   2.4706897e+01   4.5117241e+00
   1.6420000e+02  -2.3293103e+01  -3.3568276e+01
   1.6430000e+02  -9.2931034e+00  -1.4128276e+01
   1.6440000e+02  -3.2293103e+01  -1.8208276e+01
   1.6450000e+02  -1.6293103e+01  -5.8482759e+00
   1.6460000e+02   7.3706897e+01   2.2551724e+01
   1.6470000e+02   2.7068966e+00   4.3917241e+00
   1.6480000e+02  -2.1293103e+01   1.8351724e+01
   1.6490000e+02   6.4706897e+01   3.6911724e+01
   1.6500000e+02   4.1706897e+01  -3.2168276e+01
   1.6510000e+02   1.0706897e+01  -3.3928276e+01
   1.6520000e+02  -3.7293103e+01   1.5991724e+01
   1.6530000e+02  -5.2931034e+00  -1.3288276e+01
   1.6540000e+02  -2.6293103e+01   8.5517241e+00
   1.6550000e+02   3.7068966e+00  -1.2648276e+01
   1.6560000e+02   6.7068966e+00   2.5231724e+01
   1.6570000e+02  -2.9310345e-01   4.4511724e+01
   1.6580000e+02   4.8706897e+01  -3.6448276e+01
   1.6590000e+02   2.3570690e+02   7.0717241e+00
   1.6600000e+02  -1.8293103e+01  -2.9768276e+01
   1.6610000e+02  -9.6293103e+01  -3.9648276e+01
   1.6620000e+02  -8.5293103e+01  -4.7088276e+01
   1.6630000e+02   2.8706897e+01  -4.9648276e+01
   1.6640000e+02   2.9706897e+01  -6.2688276e+01
   1.6650000e+02   1.7068966e+00   4.5431724e+01
   1.6660000e+02  -4.0293103e+01  -4.8888276e+01
   1.6670000e+02   4.2706897e+01  -2.6208276e+01
   1.6680000e+02  -5.5293103e+01   3.3711724e+01
   1.6690000e+02   7.4706897e+01   6.5117241e+00
   1.6700000e+02   3.2706897e+01  -3.3808276e+01
   1.6710000e+02   8.8706897e+01  -1.7048276e+01
   1.6720000e+02   3.0706897e+01  -3.7282759e+00
   1.6730000e+02  -4.1293103e+01  -2.8848276e+01
   1.6740000e+02   4.0706897e+01  -2.5128276e+01
   1.6750000e+02   9.7068966e+00  -2.1888276e+01
   1.6760000e+02  -1.2931034e+00  -1.1448276e+01
   1.6770000e+02   2.9706897e+01  -3.6882759e+00
   1.6780000e+02  -7.2931034e+00  -5.2082759e+00
   1.6790000e+02   1.5370690e+02   4.3517241e+00
   1.6800000e+02   1.8706897e+01  -4.2482759e+00
   1.6810000e+02   7.7706897e+01  -1.7608276e+01
   1.6820000e+02  -2.4293103e+01  -1.5282759e+00
   1.6830000e+02   2.7068966e+00   3.3917241e+00
   1.6840000e+02   4.7068966e+00  -3.3688276e+01
   1.6850000e+02  -1.2931034e+00  -1.0448276e+01
   1.6860000e+02  -3.4293103e+01   4.8717241e+00
   1.6870000e+02   3.3706897e+01  -2.4848276e+01
   1.6880000e+02   2.4706897e+01  -4.7488276e+01
   1.6890000e+02  -7.0293103e+01  -6.8827586e-01
   1.6900000e+02   5.3706897e+01  -1.2648276e+01
   1.6910000e+02  -8.4293103e+01   1.2871724e+01
   1.6920000e+02  -6.4293103e+01   1.8071724e+01
   1.6930000e+02  -7.1293103e+01   4.4351724e+01
   1.6940000e+02   7.5706897e+01   2.1471724e+01
   1.6950000e+02  -9.6293103e+01  -3.0648276e+01
   1.6960000e+02  -1.0293103e+01   2.6911724e+01
   1.6970000e+02  -1.4293103e+01   2.1071724e+01
   1.6980000e+02   2.6706897e+01  -5.1568276e+01
   1.6990000e+02   1.6706897e+01   4.2831724e+01
   1.7000000e+02   6.1706897e+01  -1.9968276e+01
   1.7010000e+02   2.7068966e+00  -5.6082759e+00
   1.7020000e+02  -5.1293103e+01  -2.7448276e+01
   1.7030000e+02  -6.9293103e+01  -3.1728276e+01
   1.7040000e+02  -3.1293103e+01  -4.7248276e+01
   1.7050000e+02  -3.6293103e+01  -2.8048276e+01
   1.7060000e+02   1.4706897e+01  -2.2088276e+01
   1.7070000e+02   7.9706897e+01   8.4311724e+01
   1.7080000e+02   3.2706897e+01   2.5191724e+01
   1.7090000e+02  -5.3293103e+01   2.7631724e+01
   1.7100000e+02  -2.0293103e+01  -4.6882759e+00
   1.7110000e+02  -6.9293103e+01   2.2717241e+00
   1.7120000e+02   1.2970690e+02  -1.1688276e+01
   1.7130000e+02   1.3706897e+01  -9.0482759e+00
   1.7140000e+02   9.7068966e+00   2.6111724e+01
   1.7150000e+02  -2.9310345e-01   1.3511724e+01
   1.7160000e+02  -1.9293103e+01   2.6271724e+01
   1.7170000e+02  -3.9293103e+01  -1.2928276e+01
   1.7180000e+02  -2.5293103e+01  -1.7488276e+01
   1.7190000e+02  -7.2293103e+01   7.3917241e+00
   1.7200000e+02   5.9706897e+01  -3.7888276e+01
   1.7210000e+02  -3.5293103e+01  -6.0882759e+00
   1.7220000e+02  -2.0293103e+01  -2.6882759e+00
   1.7230000e+02   4.5706897e+01   7.6717241e+00
   1.7240000e+02  -2.5293103e+01   3.4511724e+01
   1.7250000e+02  -8.0293103e+01   7.2711724e+01
   1.7260000e+02  -4.6293103e+01  -1.3648276e+01
   1.7270000e+02  -7.2293103e+01   5.9391724e+01
   1.7280000e+02  -1.3293103e+01  -1.0968276e+01
   1.7290000e+02  -6.2931034e+00   1.9751724e+01
   1.7300000e+02   2.7068966e+00  -3.7608276e+01
   1.7310000e+02  -2.6293103e+01   2.3551724e+01
   1.7320000e+02  -8.3293103e+01   7.8317241e+00
   1.7330000e+02  -6.5293103e+01   2.2111724e+01
   1.7340000e+02  -2.6293103e+01  -9.4482759e+00
   1.7350000e+02   4.7068966e+00   4.2311724e+01
   1.7360000e+02   5.7068966e+00   4.3271724e+01
   1.7370000e+02   2.1706897e+01   1.7631724e+01
   1.7380000e+02   1.0706897e+01   3.0071724e+01
   1.7390000e+02   1.1706897e+01  -3.9682759e+00
   1.7400000e+02  -5.2931034e+00   7.1172414e-01
   1.7410000e+02  -5.2931034e+00  -9.2882759e+00
   1.7420000e+02   7.4706897e+01   7.5117241e+00
   1.7430000e+02  -2.5293103e+01  -1.8488276e+01
   1.7440000e+02   7.0689655e-01   2.9471724e+01
   1.7450000e+02  -4.7293103e+01  -3.1608276e+01
   1.7460000e+02   6.6706897e+01  -4.4168276e+01
   1.7470000e+02   1.7068966e+00  -2.6568276e+01
   1.7480000e+02  -4.4293103e+01  -5.7282759e+00
   1.7490000e+02  -3.2293103e+01  -5.2208276e+01
   1.7500000e+02  -5.2931034e+00  -5.2882759e+00
   1.7510000e+02  -8.2931034e+00  -2.1168276e+01
   1.7520000e+02  -4.4293103e+01   1.1271724e+01
   1.7530000e+02  -9.1293103e+01   1.1015172e+02
   1.7540000e+02   3.4706897e+01   8.1117241e+00
   1.7550000e+02  -1.1293103e+01  -1.5048276e+01
   1.7560000e+02  -1.0729310e+02  -4.2082759e+00
   1.7570000e+02   6.7068966e+00   2.3172414e-01
   1.7580000e+02   7.3706897e+01   4.5517241e+00
   1.7590000e+02  -3.9293103e+01   2.5071724e+01
   1.7600000e+02  -6.3293103e+01   7.9031724e+01
   1.7610000e+02   3.7706897e+01   8.9917241e+00
   1.7620000e+02  -4.2293103e+01  -9.8082759e+00
   1.7630000e+02  -1.5293103e+01  -3.9888276e+01
   1.7640000e+02  -3.1293103e+01  -2.1248276e+01
   1.7650000e+02   1.8706897e+01  -3.4248276e+01
   1.7660000e+02  -8.8293103e+01   5.4031724e+01
   1.7670000e+02   3.1706897e+01   1.2231724e+01
   1.7680000e+02  -1.2293103e+01  -1.9008276e+01
   1.7690000e+02  -5.3293103e+01   4.2631724e+01
   1.7700000e+02  -3.7293103e+01  -2.8008276e+01
   1.7710000e+02  -1.6293103e+01   2.6151724e+01
   1.7720000e+02   1.6706897e+01   3.5831724e+01
   1.7730000e+02   8.5706897e+01   5.0071724e+01
   1.7740000e+02   2.8706897e+01   4.9351724e+01
   1.7750000e+02   3.1706897e+01  -3.4768276e+01
   1.7760000e+02  -3.1293103e+01   3.9751724e+01
   1.7770000e+02  -1.2931034e+00   1.5551724e+01
   1.7780000e+02  -6.0293103e+01  -3.2088276e+01
   1.7790000e+02   2.3706897e+01   1.8551724e+01
   1.7800000e+02   3.3706897e+01  -4.0848276e+01
   1.7810000e+02   8.7706897e+01   5.9991724e+01
   1.7820000e+02  -3.1293103e+01  -4.2482759e+00
   1.7830000e+02  -7.5293103e+01   7.5117241e+00
   1.7840000e+02  -5.2931034e+00   4.3711724e+01
   1.7850000e+02  -3.3293103e+01   2.7831724e+01
   1.7860000e+02   3.7706897e+01  -4.8008276e+01
   1.7870000e+02  -7.2931034e+00  -2.2082759e+00
   1.7880000e+02  -4.6293103e+01  -2.8648276e+01
   1.7890000e+02  -3.4293103e+01   1.7871724e+01
   1.7900000e+02  -6.1293103e+01  -2.8048276e+01
   1.7910000e+02  -5.5293103e+01   3.9711724e+01
   1.7920000e+02  -6.0293103e+01   2.8911724e+01
   1.7930000e+02  -6.7293103e+01  -4.1808276e+01
   1.7940000e+02  -3.0293103e+01   3.7117241e+00
   1.7950000e+02   3.2706897e+01   2.4191724e+01
   1.7960000e+02  -6.5293103e+01  -2.2888276e+01
   1.7970000e+02   5.5706897e+01  -5.7282759e+00
   1.7980000e+02  -6.0293103e+01   3.5911724e+01
   1.7990000e+02  -3.9293103e+01  -9.2827586e-01
   1.8000000e+02  -3.9293103e+01   1.9071724e+01
   1.8010000e+02   8.7068966e+00   1.1615172e+02
   1.8020000e+02  -4.1293103e+01   2.3151724e+01
   1.8030000e+02  -4.6293103e+01   3.5172414e-01
   1.8040000e+02   5.6706897e+01   2.3172414e-01
   1.8050000e+02   5.6706897e+01   3.8231724e+01
   1.8060000e+02  -2.2931034e+00  -2.4408276e+01
   1.8070000e+02   1.7068966e+00  -2.5568276e+01
   1.8080000e+02  -3.0293103e+01   1.2711724e+01
   1.8090000e+02  -3.7293103e+01   3.0991724e+01
   1.8100000e+02  -1.6293103e+01  -5.0848276e+01
   1.8110000e+02  -4.7293103e+01   5.7391724e+01
   1.8120000e+02   7.0689655e-01   9.4717241e+00
   1.8130000e+02  -6.0293103e+01   3.2911724e+01
   1.8140000e+02   3.0706897e+01  -3.7282759e+00
   1.8150000e+02  -9.2931034e+00   1.5871724e+01
   1.8160000e+02  -5.6293103e+01   1.0175172e+02
   1.8170000e+02  -9.9293103e+01   6.6471724e+01
   1.8180000e+02  -6.5293103e+01  -1.5888276e+01
   1.8190000e+02   6.4706897e+01  -3.9088276e+01
   1.8200000e+02  -1.8293103e+01   3.5231724e+01
   1.8210000e+02   4.2706897e+01   4.7917241e+00
   1.8220000e+02   2.3706897e+01  -1.7448276e+01
   1.8230000e+02  -5.2293103e+01  -1.5408276e+01
   1.8240000e+02  -2.7293103e+01  -5.7408276e+01
   1.8250000e+02   8.5706897e+01   4.1071724e+01
   1.8260000e+02   2.2706897e+01  -1.3408276e+01
   1.8270000e+02  -1.0293103e+01   2.9117241e+00
   1.8280000e+02  -7.3293103e+01  -2.3568276e+01
   1.8290000e+02  -6.5293103e+01  -5.5888276e+01
   1.8300000e+02  -3.2931034e+00  -4.3682759e+00
   1.8310000e+02  -7.5293103e+01   1.5117241e+00
   1.8320000e+02  -2.3293103e+01  -3.5682759e+00
   1.8330000e+02  -2.7293103e+01  -2.4082759e+00
   1.8340000e+02   2.0706897e+01  -3.3282759e+00
   1.8350000e+02   3.8706897e+01   6.0951724e+01
   1.8360000e+02  -1.2293103e+01   1.0991724e+01
   1.8370000e+02  -1.0293103e+01   8.9117241e+00
   1.8380000e+02   6.7068966e+00  -4.3768276e+01
   1.8390000e+02  -3.1293103e+01  -1.2248276e+01
   1.8400000e+02   2.0706897e+01   3.2671724e+01
   1.8410000e+02  -4.4293103e+01   1.2271724e+01
   1.8420000e+02  -4.0293103e+01  -1.5888276e+01
   1.8430000e+02   1.9706897e+01  -2.9288276e+01
   1.8440000e+02  -7.2931034e+00  -1.7208276e+01
   1.8450000e+02  -9.2931034e+00  -3.8128276e+01
   1.8460000e+02  -9.5293103e+01   3.1311724e+01
   1.8470000e+02   6.5706897e+01  -2.8128276e+01
   1.8480000e+02   4.3706897e+01  -4.7248276e+01
   1.8490000e+02  -5.8293103e+01  -3.5168276e+01
   1.8500000e+02  -5.3293103e+01  -5.3682759e+00
   1.8510000e+02  -2.9310345e-01  -4.3488276e+01
   1.8520000e+02   1.7068966e+00  -4.4568276e+01
   1.8530000e+02  -8.0293103e+01  -1.4288276e+01
   1.8540000e+02  -6.8293103e+01  -5.2768276e+01
   1.8550000e+02  -2.3293103e+01  -5.2568276e+01
   1.8560000e+02  -9.4293103e+01  -1.4728276e+01
   1.8570000e+02  -4.7293103e+01  -2.2608276e+01
   1.8580000e+02  -3.7293103e+01  -1.0008276e+01
   1.8590000e+02  -3.9293103e+01  -6.0928276e+01
   1.8600000e+02  -4.8293103e+01  -2.8568276e+01
   1.8610000e+02   1.9706897e+01  -6.6288276e+01
   1.8620000e+02  -5.5293103e+01  -2.2882759e+00
   1.8630000e+02   1.7068966e+00  -5.6827586e-01
   1.8640000e+02  -9.0293103e+01   4.3111724e+01
   1.8650000e+02  -5.0293103e+01   3.9511724e+01
   1.8660000e+02  -1.7293103e+01  -3.0808276e+01
   1.8670000e+02   1.1706897e+01   1.4031724e+01
   1.8680000e+02  -1.0229310e+02   3.5591724e+01
   1.8690000e+02  -7.4293103e+01   1.0471724e+01
   1.8700000e+02   2.7068966e+00  -4.4608276e+01
   1.8710000e+02  -9.6293103e+01  -8.6482759e+00
   1.8720000e+02   6.5706897e+01  -4.6128276e+01
   1.8730000e+02   1.3706897e+01   1.9951724e+01
   1.8740000e+02  -7.6293103e+01   2.3551724e+01
   1.8750000e+02  -2.9310345e-01   2.0511724e+01
   1.8760000e+02   2.3706897e+01  -2.5448276e+01
   1.8770000e+02   6.9706897e+01  -1.0288276e+01
   1.8780000e+02  -7.1293103e+01  -2.4648276e+01
   1.8790000e+02   1.0470690e+02  -1.5688276e+01
   1.8800000e+02   2.1706897e+01  -5.3682759e+00
   1.8810000e+02  -4.3293103e+01   8.2317241e+00
   1.8820000e+02  -1.9293103e+01   1.4271724e+01
   1.8830000e+02  -6.0293103e+01  -3.8088276e+01
   1.8840000e+02   7.0689655e-01  -3.5282759e+00
   1.8850000e+02   4.6706897e+01  -2.9368276e+01
   1.8860000e+02  -5.1293103e+01   3.8551724e+01
   1.8870000e+02  -3.2931034e+00  -8.3682759e+00
   1.8880000e+02   1.0706897e+01  -3.3928276e+01
   1.8890000e+02   1.6706897e+01   1.4831724e+01
   1.8900000e+02   5.0706897e+01   2.1471724e+01
   1.8910000e+02  -2.6293103e+01   2.5517241e+00
   1.8920000e+02   1.0706897e+01   2.0071724e+01
   1.8930000e+02  -2.2931034e+00  -4.5408276e+01
   1.8940000e+02  -2.4293103e+01  -1.2528276e+01
   1.8950000e+02   1.1470690e+02  -1.5088276e+01
   1.8960000e+02  -8.1293103e+01   3.2751724e+01
   1.8970000e+02   2.1706897e+01   5.6317241e+00
   1.8980000e+02   9.4706897e+01   1.0711724e+01
   1.8990000e+02  -7.8293103e+01  -3.5368276e+01
   1.9000000e+02   5.7068966e+00   3.9271724e+01
   1.9010000e+02  -8.0293103e+01   8.5711724e+01
   1.9020000e+02  -7.2293103e+01   1.7391724e+01
   1.9030000e+02   9.1706897e+01   3.6831724e+01
   1.9040000e+02  -5.5293103e+01   6.7117241e+00
   1.9050000e+02   4.1706897e+01   8.3172414e-01
   1.9060000e+02  -1.9293103e+01   4.1271724e+01
   1.9070000e+02  -3.2931034e+00  -1.5368276e+01
   1.9080000e+02   7.4706897e+01   1.0511724e+01
   1.9090000e+02   2.1706897e+01   1.1631724e+01
   1.9100000e+02  -6.2931034e+00   4.3751724e+01
   1.9110000e+02  -7.3293103e+01   4.4317241e+00
   1.9120000e+02   1.1270690e+02  -1.0082759e+00
   1.9130000e+02  -1.0293103e+01  -3.0882759e+00
   1.9140000e+02   1.7170690e+02   2.2631724e+01
   1.9150000e+02  -3.3293103e+01   8.3172414e-01
   1.9160000e+02   1.7706897e+01   3.5791724e+01
   1.9170000e+02  -6.4293103e+01   3.4071724e+01
   1.9180000e+02   6.5706897e+01  -2.3128276e+01
   1.9190000e+02   6.8706897e+01  -3.0248276e+01
   1.9200000e+02  -4.1293103e+01  -5.8482759e+00
   1.9210000e+02   1.0470690e+02   1.5131172e+02
   1.9220000e+02   8.7068966e+00  -4.4848276e+01
   1.9230000e+02   1.2706897e+01  -3.4008276e+01
   1.9240000e+02  -8.3293103e+01   5.0831724e+01
   1.9250000e+02  -8.7293103e+01  -1.1008276e+01
   1.9260000e+02   5.7068966e+00  -3.4728276e+01
   1.9270000e+02  -4.4293103e+01  -2.7728276e+01
   1.9280000e+02  -6.7293103e+01  -1.0808276e+01
   1.9290000e+02   1.1370690e+02  -2.2048276e+01
   1.9300000e+02   3.2706897e+01  -2.3808276e+01
   1.9310000e+02  -1.8293103e+01  -4.2768276e+01
   1.9320000e+02  -2.6293103e+01  -3.4482759e+00
   1.9330000e+02   2.0706897e+01  -3.6328276e+01
   1.9340000e+02  -8.2931034e+00  -2.3168276e+01
   1.9350000e+02   9.8706897e+01  -5.3448276e+01
   1.9360000e+02   3.9706897e+01   2.9117241e+00
   1.9370000e+02   1.1706897e+01   2.0317241e+00
   1.9380000e+02  -1.1529310e+02   1.1117241e+00
   1.9390000e+02  -3.0293103e+01  -1.9288276e+01
   1.9400000e+02   2.4706897e+01   4.5117241e+00
   1.9410000e+02   1.4706897e+01  -3.8088276e+01
   1.9420000e+02  -7.0293103e+01   3.4311724e+01
   1.9430000e+02  -1.9293103e+01  -1.7282759e+00
   1.9440000e+02  -1.0029310e+02   2.4511724e+01
   1.9450000e+02   3.6706897e+01   1.4031724e+01
   1.9460000e+02   4.7068966e+00   6.3117241e+00
   1.9470000e+02  -3.3293103e+01   1.5831724e+01
   1.9480000e+02  -3.1293103e+01   5.7517241e+00
   1.9490000e+02  -2.2931034e+00  -4.0827586e-01
   1.9500000e+02  -3.7293103e+01  -3.2008276e+01
   1.9510000e+02  -1.8293103e+01  -1.0768276e+01
   1.9520000e+02  -3.9293103e+01  -1.0928276e+01
   1.9530000e+02  -2.3293103e+01   1.8431724e+01
   1.9540000e+02  -8.3293103e+01   8.3172414e-01
   1.9550000e+02  -9.2931034e+00  -3.2128276e+01
   1.9560000e+02  -2.2293103e+01  -3.0608276e+01
   1.9570000e+02  -9.2293103e+01  -2.6808276e+01
   1.9580000e+02   9.7068966e+00  -3.2888276e+01
   1.9590000e+02  -3.3293103e+01   5.1831724e+01
   1.9600000e+02   4.6706897e+01  -3.0368276e+01
   1.9610000e+02  -1.8293103e+01   1.3231724e+01
   1.9620000e+02  -7.2931034e+00   1.9791724e+01
   1.9630000e+02   1.0706897e+01  -1.8928276e+01
   1.9640000e+02  -4.8293103e+01   1.2431724e+01
   1.9650000e+02  -3.2293103e+01   7.9172414e-01
   1.9660000e+02  -7.6293103e+01  -3.1448276e+01
   1.9670000e+02  -6.2931034e+00   9.7517241e+00
   1.9680000e+02  -1.2931034e+00  -2.1448276e+01
   1.9690000e+02   1.0706897e+01   1.0071724e+01
   1.9700000e+02  -1.0129310e+02   1.6551724e+01
   1.9710000e+02  -2.7293103e+01  -5.4082759e+00
   1.9720000e+02   4.1706897e+01  -1.0168276e+01
   1.9730000e+02   2.5706897e+01   1.0471724e+01
   1.9740000e+02  -3.3293103e+01  -1.5168276e+01
   1.9750000e+02  -5.6293103e+01   2.1751724e+01
   1.9760000e+02   3.8706897e+01   8.8951724e+01
   1.9770000e+02   2.1706897e+01  -1.1368276e+01
   1.9780000e+02  -2.4293103e+01  -1.5528276e+01
   1.9790000e+02   6.6706897e+01  -1.2168276e+01
   1.9800000e+02  -2.9293103e+01  -7.3282759e+00
   1.9810000e+02   2.8706897e+01   5.3517241e+00
   1.9820000e+02   5.5706897e+01   3.2271724e+01
   1.9830000e+02   6.3706897e+01  -3.4048276e+01
   1.9840000e+02   7.7706897e+01   1.3917241e+00
   1.9850000e+02  -4.2293103e+01  -2.3808276e+01
   1.9860000e+02  -2.9293103e+01   1.6717241e+00
   1.9870000e+02   1.0706897e+01  -3.6928276e+01
   1.9880000e+02  -3.3293103e+01   1.4831724e+01
   1.9890000e+02  -4.5293103e+01   6.9311724e+01
   1.9900000e+02   1.7706897e+01   3.7917241e+00
   1.9910000e+02  -5.2293103e+01  -7.4082759e+00
   1.9920000e+02  -4.7293103e+01  -4.6082759e+00
   1.9930000e+02  -1.5293103e+01   3.0111724e+01
   1.9940000e+02   2.2706897e+01   2.1591724e+01
   1.9950000e+02   2.3706897e+01   4.3551724e+01
   1.9960000e+02   3.6706897e+01   3.8031724e+01
   1.9970000e+02   5.4706897e+01   3.8311724e+01
   1.9980000e+02   1.2706897e+01   5.9917241e+00
   1.9990000e+02  -3.8293103e+01  -2.5968276e+01
